0.0003012,0.000304465,0.00030019,0.000289808,0.000295095,0.000281696,0.000272762,0.000264616,0.000260183,0.000248191,0.000239321
0.000285855,0.000288945,0.000288162,0.000275293,0.000277457,0.000266772,0.000259422,0.000251104,0.00024455,0.000233446,0.000225591
0.000269553,0.000272994,0.000269762,0.000261243,0.000264415,0.000252652,0.000246801,0.000235378,0.000229361,0.000216615,0.000209489
0.000256014,0.000260797,0.00025867,0.000248045,0.0002493,0.000238657,0.000233585,0.000223348,0.000216873,0.000204812,0.000196669
0.000244103,0.00024894,0.000246655,0.000236476,0.000237224,0.000226738,0.000222115,0.000212225,0.000205325,0.000193272,0.000185264
0.000233298,0.000238082,0.000237343,0.000225749,0.000226676,0.000215857,0.000211709,0.00020298,0.000194672,0.000183386,0.000175207
0.000223154,0.00022821,0.000225447,0.000216012,0.000216452,0.00020608,0.000202112,0.000192924,0.000185254,0.00017308,0.000165643
0.00021399,0.000218878,0.000215105,0.000207079,0.000207342,0.000197384,0.000193401,0.000184608,0.000176918,0.000164493,0.00015729
0.000205706,0.000210625,0.000207586,0.000198649,0.000198911,0.00018912,0.000185262,0.000176343,0.000168539,0.00015619,0.000149041
0.000197936,0.000202789,0.000199021,0.000190484,0.000190362,0.000182133,0.000177268,0.000169149,0.000161316,0.00014945,0.000141785
0.00019139,0.000195831,0.00019204,0.000183554,0.00018365,0.000174366,0.000170848,0.000161991,0.00015469,0.000142425,0.000135237
0.000184332,0.000188906,0.000185129,0.000177783,0.000176866,0.000167671,0.000165234,0.000154859,0.000147538,0.000135846,0.000128892
0.00017836,0.000182253,0.000179281,0.000171311,0.000169568,0.000162158,0.000158014,0.000148909,0.000142551,0.000129813,0.000122175
0.000172805,0.000176408,0.000172201,0.000165465,0.000163245,0.000156065,0.00015207,0.000143192,0.000136291,0.000124952,0.000116828
0.000167361,0.000170836,0.000166402,0.000159993,0.000157709,0.000151006,0.000146703,0.000137667,0.000130806,0.000119594,0.00011132
0.000162698,0.000165399,0.000160856,0.000154984,0.000152155,0.000145227,0.000140998,0.000132384,0.00012605,0.000114992,0.000106876
0.000157461,0.000161016,0.000155688,0.00015031,0.000147755,0.00014135,0.000136827,0.000127793,0.000121145,0.000110647,0.000102453
0.000152776,0.00015549,0.000150434,0.000145621,0.00014208,0.00013544,0.000131584,0.000123027,0.00011643,0.000106605,9.80349e-05
0.000149148,0.000150608,0.000145418,0.000141454,0.000138474,0.000131937,0.000127691,0.000118225,0.000112372,0.000102809,9.36929e-05
0.000144928,0.000145756,0.000141112,0.000137274,0.000133779,0.000127082,0.000122191,0.00011458,0.000108371,9.8856e-05,9.02297e-05
0.000140866,0.000141849,0.000136583,0.000133359,0.0001302,0.000123606,0.000119301,0.000110225,0.000104358,9.55712e-05,8.66553e-05
0.000136539,0.000137533,0.000132607,0.000129583,0.000125864,0.000119223,0.000114788,0.00010687,0.000100565,9.2128e-05,8.39489e-05
0.000132895,0.000134089,0.000129072,0.000125747,0.000122267,0.000116139,0.000111683,0.00010267,9.69846e-05,8.88721e-05,8.08231e-05
0.000128927,0.000129766,0.000125012,0.000122247,0.000118941,0.000111874,0.000107638,0.000100281,9.36694e-05,8.58175e-05,7.80356e-05
0.000125907,0.000126194,0.00012132,0.000118777,0.000115423,0.000108989,0.000104491,9.6283e-05,9.00489e-05,8.29561e-05,7.45737e-05
0.000122319,0.000122303,0.000117893,0.000115361,0.000112268,0.000105372,0.000100845,9.34798e-05,8.70773e-05,8.02096e-05,7.19865e-05
0.000118825,0.000118714,0.000114323,0.000112036,0.000109061,0.000101996,9.79531e-05,9.03513e-05,8.40863e-05,7.75277e-05,6.94639e-05
0.000115785,0.000115252,0.000111213,0.000108769,0.000106009,9.89243e-05,9.42513e-05,8.77722e-05,8.13665e-05,7.50147e-05,6.6907e-05
0.000112375,0.000111772,0.000108185,0.000105637,0.000102757,9.5773e-05,9.17859e-05,8.46523e-05,7.86116e-05,7.24285e-05,6.43666e-05
0.000109452,0.000108787,0.000105128,0.000102673,9.98096e-05,9.27554e-05,8.8843e-05,8.23031e-05,7.56395e-05,7.02596e-05,6.19242e-05
0.000106225,0.000105286,0.00010196,9.92399e-05,9.67509e-05,8.99374e-05,8.58936e-05,7.91447e-05,7.31739e-05,6.7578e-05,5.98451e-05
0.00010315,0.000102194,9.87836e-05,9.64813e-05,9.38931e-05,8.71904e-05,8.29954e-05,7.67716e-05,7.05224e-05,6.51833e-05,5.76791e-05
0.000100252,9.92175e-05,9.60433e-05,9.34538e-05,9.09264e-05,8.44481e-05,8.04272e-05,7.42587e-05,6.82421e-05,6.30125e-05,5.55205e-05
9.73569e-05,9.61534e-05,9.31307e-05,9.04549e-05,8.80872e-05,8.18119e-05,7.77122e-05,7.16285e-05,6.57987e-05,6.07998e-05,5.3638e-05
9.45749e-05,9.34159e-05,9.04664e-05,8.78077e-05,8.50961e-05,7.92117e-05,7.52264e-05,6.93874e-05,6.3682e-05,5.87385e-05,5.14057e-05
9.17635e-05,9.03404e-05,8.76003e-05,8.51852e-05,8.24455e-05,7.70096e-05,7.30202e-05,6.71128e-05,6.15163e-05,5.6749e-05,4.98197e-05
8.9339e-05,8.79797e-05,8.51451e-05,8.24309e-05,8.0191e-05,7.408e-05,7.04853e-05,6.49523e-05,5.92126e-05,5.47548e-05,4.7749e-05
8.66072e-05,8.52889e-05,8.25398e-05,7.98756e-05,7.74668e-05,7.18455e-05,6.82221e-05,6.26707e-05,5.7081e-05,5.28742e-05,4.59572e-05
8.38078e-05,8.27971e-05,8.00452e-05,7.73949e-05,7.46958e-05,6.97164e-05,6.58908e-05,6.04563e-05,5.50497e-05,5.08542e-05,4.41436e-05
8.15289e-05,8.04258e-05,7.73819e-05,7.5307e-05,7.28043e-05,6.7477e-05,6.38989e-05,5.83083e-05,5.30199e-05,4.90603e-05,4.26523e-05
7.90923e-05,7.76247e-05,7.49487e-05,7.25447e-05,7.00935e-05,6.52523e-05,6.17258e-05,5.62747e-05,5.12569e-05,4.72589e-05,4.09616e-05
7.64759e-05,7.52318e-05,7.25235e-05,7.00929e-05,6.75792e-05,6.31681e-05,5.95058e-05,5.44772e-05,4.93401e-05,4.5415e-05,3.9402e-05
7.43879e-05,7.29361e-05,7.04985e-05,6.82377e-05,6.55857e-05,6.11308e-05,5.77673e-05,5.28119e-05,4.78838e-05,4.40207e-05,3.81095e-05
7.17815e-05,7.0519e-05,6.79267e-05,6.56982e-05,6.30735e-05,5.89077e-05,5.55415e-05,5.05479e-05,4.59185e-05,4.20134e-05,3.64185e-05
7.0277e-05,6.8632e-05,6.56991e-05,6.38481e-05,6.12821e-05,5.72392e-05,5.37953e-05,4.89809e-05,4.46238e-05,4.07673e-05,3.53578e-05
6.72354e-05,6.60618e-05,6.34271e-05,6.13612e-05,5.87817e-05,5.4893e-05,5.16554e-05,4.70584e-05,4.26225e-05,3.89256e-05,3.38458e-05
6.56025e-05,6.43767e-05,6.16193e-05,5.97202e-05,5.70072e-05,5.32695e-05,5.02859e-05,4.56712e-05,4.12414e-05,3.77417e-05,3.27338e-05
6.30375e-05,6.19185e-05,5.91625e-05,5.73558e-05,5.47467e-05,5.11924e-05,4.81099e-05,4.37493e-05,3.96251e-05,3.59018e-05,3.1236e-05
6.09071e-05,5.98434e-05,5.73286e-05,5.5337e-05,5.28422e-05,4.93493e-05,4.65305e-05,4.21655e-05,3.8e-05,3.45466e-05,2.99758e-05
5.89928e-05,5.80715e-05,5.53775e-05,5.35193e-05,5.10134e-05,4.77068e-05,4.49248e-05,4.05035e-05,3.65101e-05,3.3183e-05,2.87757e-05
5.70212e-05,5.59294e-05,5.3539e-05,5.17381e-05,4.91069e-05,4.59254e-05,4.32816e-05,3.91647e-05,3.52133e-05,3.19064e-05,2.76364e-05
5.51739e-05,5.40961e-05,5.1794e-05,5.00792e-05,4.75174e-05,4.45104e-05,4.16772e-05,3.76433e-05,3.38327e-05,3.05643e-05,2.65875e-05
5.32362e-05,5.22313e-05,5.02463e-05,4.8478e-05,4.59276e-05,4.27925e-05,4.0061e-05,3.61754e-05,3.26626e-05,2.93773e-05,2.55557e-05
5.18472e-05,5.07054e-05,4.84734e-05,4.67044e-05,4.42567e-05,4.14311e-05,3.86805e-05,3.48743e-05,3.14125e-05,2.82165e-05,2.43698e-05
5.00853e-05,4.8981e-05,4.68673e-05,4.52129e-05,4.26975e-05,3.99743e-05,3.73114e-05,3.35939e-05,3.02753e-05,2.71318e-05,2.34401e-05
4.84802e-05,4.74552e-05,4.53624e-05,4.37846e-05,4.13076e-05,3.84864e-05,3.60428e-05,3.24136e-05,2.91792e-05,2.61038e-05,2.25326e-05
4.71547e-05,4.58761e-05,4.38794e-05,4.23704e-05,3.98349e-05,3.73176e-05,3.47121e-05,3.11929e-05,2.80912e-05,2.50583e-05,2.1588e-05
4.56176e-05,4.44947e-05,4.25801e-05,4.0956e-05,3.85761e-05,3.59722e-05,3.34597e-05,2.99972e-05,2.69576e-05,2.40534e-05,2.06415e-05
4.4192e-05,4.29948e-05,4.12238e-05,3.96556e-05,3.72608e-05,3.47672e-05,3.23412e-05,2.88977e-05,2.59875e-05,2.31095e-05,1.98343e-05
4.28494e-05,4.16621e-05,3.99637e-05,3.84002e-05,3.60453e-05,3.3619e-05,3.11998e-05,2.78432e-05,2.50661e-05,2.22739e-05,1.90773e-05
4.16529e-05,4.03885e-05,3.87083e-05,3.73797e-05,3.49243e-05,3.25197e-05,3.02025e-05,2.68494e-05,2.41846e-05,2.14307e-05,1.83055e-05
4.04863e-05,3.92423e-05,3.76121e-05,3.61608e-05,3.38317e-05,3.13901e-05,2.91205e-05,2.5953e-05,2.32171e-05,2.05759e-05,1.75678e-05
3.92421e-05,3.79874e-05,3.65172e-05,3.50364e-05,3.27287e-05,3.0448e-05,2.81739e-05,2.50105e-05,2.2426e-05,1.97931e-05,1.68512e-05
3.81159e-05,3.69304e-05,3.54335e-05,3.40321e-05,3.17281e-05,2.94487e-05,2.72577e-05,2.4148e-05,2.16401e-05,1.90823e-05,1.6201e-05
3.70911e-05,3.58197e-05,3.44982e-05,3.30457e-05,3.07172e-05,2.86269e-05,2.63795e-05,2.33525e-05,2.09008e-05,1.83755e-05,1.5594e-05
3.63249e-05,3.49449e-05,3.36423e-05,3.22476e-05,2.99716e-05,2.78397e-05,2.57122e-05,2.2741e-05,2.03028e-05,1.7893e-05,1.50892e-05
3.5168e-05,3.38785e-05,3.26499e-05,3.12099e-05,2.90233e-05,2.68501e-05,2.47274e-05,2.1868e-05,1.95197e-05,1.71079e-05,1.44905e-05
3.42277e-05,3.28841e-05,3.17492e-05,3.03575e-05,2.81722e-05,2.60841e-05,2.39967e-05,2.11009e-05,1.8838e-05,1.64903e-05,1.39039e-05
3.33465e-05,3.20494e-05,3.09392e-05,2.95447e-05,2.73685e-05,2.53652e-05,2.32952e-05,2.04413e-05,1.8224e-05,1.59315e-05,1.34017e-05
3.25251e-05,3.12042e-05,3.00785e-05,2.87746e-05,2.65941e-05,2.46675e-05,2.25735e-05,1.98358e-05,1.76699e-05,1.53868e-05,1.29358e-05
3.16954e-05,3.04349e-05,2.9361e-05,2.80197e-05,2.58594e-05,2.39207e-05,2.19096e-05,1.92897e-05,1.71278e-05,1.49048e-05,1.24783e-05
3.09187e-05,2.96995e-05,2.8656e-05,2.73313e-05,2.51488e-05,2.33486e-05,2.13068e-05,1.86977e-05,1.6571e-05,1.44222e-05,1.20449e-05
3.01822e-05,2.89931e-05,2.79263e-05,2.66104e-05,2.45238e-05,2.26262e-05,2.06914e-05,1.81196e-05,1.60761e-05,1.39251e-05,1.1615e-05
2.94872e-05,2.8255e-05,2.73163e-05,2.59771e-05,2.39237e-05,2.20061e-05,2.01258e-05,1.76302e-05,1.55971e-05,1.35372e-05,1.12794e-05
2.87176e-05,2.75796e-05,2.65866e-05,2.53122e-05,2.32541e-05,2.14539e-05,1.95464e-05,1.71041e-05,1.51633e-05,1.30761e-05,1.08771e-05
2.80289e-05,2.69025e-05,2.59793e-05,2.46983e-05,2.26816e-05,2.08858e-05,1.90345e-05,1.66249e-05,1.46958e-05,1.26952e-05,1.05444e-05
2.74931e-05,2.62782e-05,2.53599e-05,2.41302e-05,2.21138e-05,2.03134e-05,1.85252e-05,1.62007e-05,1.42761e-05,1.23068e-05,1.02261e-05
2.67864e-05,2.56476e-05,2.47588e-05,2.34828e-05,2.15235e-05,1.98181e-05,1.7999e-05,1.57494e-05,1.3866e-05,1.19561e-05,9.88908e-06
2.62281e-05,2.50983e-05,2.42003e-05,2.28878e-05,2.09907e-05,1.93019e-05,1.75458e-05,1.53503e-05,1.34881e-05,1.15957e-05,9.59687e-06
2.56116e-05,2.44844e-05,2.36253e-05,2.24238e-05,2.04904e-05,1.88343e-05,1.70797e-05,1.49061e-05,1.31107e-05,1.1254e-05,9.29704e-06
2.49894e-05,2.39674e-05,2.30747e-05,2.18556e-05,1.99922e-05,1.83264e-05,1.66277e-05,1.45138e-05,1.27464e-05,1.09338e-05,9.00992e-06
2.44414e-05,2.33824e-05,2.25484e-05,2.1332e-05,1.94843e-05,1.79085e-05,1.62111e-05,1.41368e-05,1.23925e-05,1.06106e-05,8.75966e-06
2.39241e-05,2.28134e-05,2.20322e-05,2.08099e-05,1.90571e-05,1.74596e-05,1.57966e-05,1.3786e-05,1.20746e-05,1.03247e-05,8.50326e-06
2.33937e-05,2.23047e-05,2.15062e-05,2.03603e-05,1.85601e-05,1.70231e-05,1.53918e-05,1.34157e-05,1.17402e-05,1.00111e-05,8.26365e-06
2.28112e-05,2.18125e-05,2.09934e-05,1.98227e-05,1.8117e-05,1.65719e-05,1.49856e-05,1.30992e-05,1.14015e-05,9.74192e-06,8.00537e-06
2.228e-05,2.12498e-05,2.0557e-05,1.93581e-05,1.7642e-05,1.61997e-05,1.4614e-05,1.2743e-05,1.11429e-05,9.4556e-06,7.78038e-06
2.17744e-05,2.08039e-05,1.99985e-05,1.88732e-05,1.72135e-05,1.57486e-05,1.42431e-05,1.24306e-05,1.08088e-05,9.17929e-06,7.55919e-06
2.12847e-05,2.0321e-05,1.95541e-05,1.84671e-05,1.6832e-05,1.5383e-05,1.38694e-05,1.21042e-05,1.05395e-05,8.9348e-06,7.34925e-06
2.07558e-05,1.98409e-05,1.91061e-05,1.7981e-05,1.6406e-05,1.5004e-05,1.35002e-05,1.18126e-05,1.02436e-05,8.69448e-06,7.14967e-06
2.03583e-05,1.94391e-05,1.8658e-05,1.75846e-05,1.60721e-05,1.46096e-05,1.319e-05,1.15238e-05,1.00291e-05,8.45876e-06,6.9194e-06
1.97875e-05,1.89113e-05,1.82328e-05,1.71035e-05,1.56231e-05,1.42584e-05,1.28721e-05,1.12281e-05,9.70175e-06,8.23698e-06,6.73743e-06
1.93807e-05,1.85031e-05,1.77927e-05,1.67437e-05,1.52499e-05,1.39071e-05,1.25087e-05,1.09105e-05,9.45434e-06,7.9885e-06,6.55115e-06
1.89169e-05,1.8046e-05,1.7365e-05,1.63087e-05,1.48902e-05,1.35629e-05,1.21804e-05,1.06465e-05,9.22746e-06,7.76313e-06,6.37796e-06
1.84802e-05,1.76171e-05,1.69576e-05,1.59322e-05,1.45092e-05,1.32219e-05,1.18953e-05,1.03718e-05,8.96659e-06,7.55843e-06,6.19408e-06
1.8001e-05,1.72336e-05,1.6532e-05,1.55093e-05,1.41301e-05,1.28982e-05,1.15714e-05,1.01174e-05,8.73135e-06,7.34268e-06,6.00191e-06
1.76327e-05,1.68334e-05,1.6171e-05,1.51992e-05,1.38432e-05,1.26016e-05,1.12796e-05,9.85626e-06,8.50774e-06,7.14038e-06,5.84382e-06
1.7171e-05,1.64373e-05,1.57625e-05,1.47799e-05,1.34948e-05,1.22418e-05,1.1008e-05,9.60146e-06,8.28085e-06,6.96246e-06,5.68318e-06
1.68102e-05,1.60403e-05,1.54081e-05,1.44422e-05,1.31718e-05,1.19662e-05,1.07135e-05,9.35871e-06,8.05436e-06,6.7581e-06,5.52966e-06
1.63971e-05,1.56491e-05,1.50213e-05,1.40718e-05,1.28852e-05,1.16733e-05,1.0427e-05,9.11978e-06,7.85705e-06,6.58353e-06,5.37344e-06
1.60344e-05,1.52724e-05,1.46913e-05,1.37517e-05,1.25493e-05,1.13702e-05,1.01779e-05,8.89637e-06,7.63606e-06,6.38686e-06,5.23567e-06
1.56209e-05,1.49213e-05,1.43206e-05,1.34158e-05,1.22704e-05,1.10829e-05,9.90313e-06,8.67611e-06,7.45944e-06,6.2318e-06,5.0815e-06
1.52983e-05,1.45777e-05,1.39859e-05,1.30869e-05,1.1955e-05,1.08251e-05,9.68291e-06,8.45464e-06,7.24915e-06,6.04114e-06,4.94307e-06
1.4853e-05,1.42588e-05,1.36591e-05,1.27164e-05,1.16786e-05,1.05716e-05,9.43089e-06,8.24766e-06,7.04313e-06,5.89948e-06,4.80057e-06
1.45259e-05,1.39299e-05,1.33149e-05,1.24777e-05,1.1392e-05,1.02807e-05,9.16618e-06,8.01683e-06,6.84761e-06,5.72156e-06,4.66052e-06
1.41884e-05,1.3575e-05,1.29826e-05,1.2116e-05,1.11373e-05,1.00345e-05,8.95298e-06,7.81342e-06,6.68756e-06,5.57791e-06,4.54134e-06
1.38395e-05,1.32224e-05,1.26793e-05,1.17999e-05,1.08521e-05,9.797e-06,8.73312e-06,7.6093e-06,6.53492e-06,5.4156e-06,4.41563e-06
1.35252e-05,1.29403e-05,1.24332e-05,1.15655e-05,1.06477e-05,9.55826e-06,8.49963e-06,7.44585e-06,6.36242e-06,5.29204e-06,4.30502e-06
1.3285e-05,1.26635e-05,1.21426e-05,1.12941e-05,1.0391e-05,9.35555e-06,8.29422e-06,7.29293e-06,6.21547e-06,5.15905e-06,4.19698e-06
1.28881e-05,1.23682e-05,1.18442e-05,1.10265e-05,1.01611e-05,9.09485e-06,8.10075e-06,7.08863e-06,6.02417e-06,5.02326e-06,4.06307e-06
1.25688e-05,1.20593e-05,1.15015e-05,1.07347e-05,9.87368e-06,8.86506e-06,7.87467e-06,6.8748e-06,5.87544e-06,4.86531e-06,3.96462e-06
1.22562e-05,1.1754e-05,1.12332e-05,1.04783e-05,9.64003e-06,8.64159e-06,7.68662e-06,6.70443e-06,5.72265e-06,4.74139e-06,3.8569e-06
1.1997e-05,1.14909e-05,1.09906e-05,1.02185e-05,9.42389e-06,8.44233e-06,7.50194e-06,6.52265e-06,5.55606e-06,4.61055e-06,3.73281e-06
1.17113e-05,1.12112e-05,1.07217e-05,9.97879e-06,9.19214e-06,8.21933e-06,7.28907e-06,6.37958e-06,5.42685e-06,4.49608e-06,3.65376e-06
1.1454e-05,1.09715e-05,1.04722e-05,9.76232e-06,8.9629e-06,8.01772e-06,7.14104e-06,6.23835e-06,5.30199e-06,4.37857e-06,3.55753e-06
1.11288e-05,1.07149e-05,1.02482e-05,9.50646e-06,8.77316e-06,7.81116e-06,6.9425e-06,6.07243e-06,5.15289e-06,4.27417e-06,3.45593e-06
1.08942e-05,1.04393e-05,1.00236e-05,9.28359e-06,8.56036e-06,7.63858e-06,6.77931e-06,5.91581e-06,5.02193e-06,4.14919e-06,3.35877e-06
1.06705e-05,1.02434e-05,9.75508e-06,9.08069e-06,8.35774e-06,7.46508e-06,6.62362e-06,5.75703e-06,4.88056e-06,4.03726e-06,3.26106e-06
1.03991e-05,9.99461e-06,9.55938e-06,8.87409e-06,8.16382e-06,7.28077e-06,6.44344e-06,5.61467e-06,4.76938e-06,3.9429e-06,3.18113e-06
1.01697e-05,9.7697e-06,9.3281e-06,8.66185e-06,7.98189e-06,7.11338e-06,6.2999e-06,5.47831e-06,4.65425e-06,3.83856e-06,3.08644e-06
9.92872e-06,9.5449e-06,9.10892e-06,8.438e-06,7.79753e-06,6.94825e-06,6.14457e-06,5.34162e-06,4.5368e-06,3.73545e-06,3.01715e-06
9.70545e-06,9.35006e-06,8.90521e-06,8.25121e-06,7.62315e-06,6.76113e-06,6.00387e-06,5.22111e-06,4.42054e-06,3.65788e-06,2.93221e-06
9.45519e-06,9.13835e-06,8.68689e-06,8.08793e-06,7.45185e-06,6.62613e-06,5.84769e-06,5.08043e-06,4.29975e-06,3.5486e-06,2.85221e-06
9.25911e-06,8.90661e-06,8.51443e-06,7.88534e-06,7.27926e-06,6.44701e-06,5.69799e-06,4.96955e-06,4.21849e-06,3.46785e-06,2.78809e-06
9.07041e-06,8.72215e-06,8.3367e-06,7.73474e-06,7.09369e-06,6.3077e-06,5.56771e-06,4.83606e-06,4.09026e-06,3.36997e-06,2.71497e-06
8.87922e-06,8.52874e-06,8.15387e-06,7.5503e-06,6.93274e-06,6.14998e-06,5.45245e-06,4.72472e-06,3.99224e-06,3.28643e-06,2.64364e-06
8.66934e-06,8.32645e-06,7.96284e-06,7.36579e-06,6.77971e-06,6.02862e-06,5.31102e-06,4.60508e-06,3.90551e-06,3.20015e-06,2.58018e-06
8.465e-06,8.1635e-06,7.76312e-06,7.2042e-06,6.64621e-06,5.88459e-06,5.19444e-06,4.50524e-06,3.79731e-06,3.12957e-06,2.50329e-06
8.27788e-06,7.94319e-06,7.60857e-06,7.04813e-06,6.49625e-06,5.74979e-06,5.0788e-06,4.3915e-06,3.711e-06,3.03677e-06,2.44752e-06
8.09588e-06,7.80893e-06,7.41529e-06,6.90446e-06,6.34962e-06,5.61308e-06,4.95815e-06,4.29171e-06,3.62148e-06,2.96468e-06,2.38173e-06
7.93561e-06,7.62692e-06,7.2857e-06,6.75255e-06,6.20146e-06,5.50359e-06,4.84022e-06,4.19373e-06,3.53941e-06,2.89603e-06,2.3251e-06
7.7555e-06,7.47156e-06,7.12002e-06,6.62667e-06,6.0867e-06,5.37357e-06,4.71731e-06,4.09371e-06,3.4424e-06,2.8226e-06,2.25995e-06
7.59995e-06,7.32515e-06,6.98435e-06,6.48632e-06,5.93454e-06,5.25121e-06,4.62233e-06,3.97916e-06,3.36168e-06,2.75407e-06,2.19989e-06
7.44565e-06,7.17717e-06,6.8478e-06,6.33063e-06,5.80988e-06,5.13261e-06,4.52364e-06,3.89161e-06,3.29163e-06,2.69328e-06,2.14547e-06
7.30236e-06,7.03039e-06,6.70435e-06,6.19709e-06,5.68954e-06,5.0183e-06,4.4104e-06,3.8179e-06,3.20806e-06,2.63037e-06,2.09797e-06
7.1367e-06,6.88223e-06,6.54328e-06,6.06498e-06,5.56032e-06,4.90406e-06,4.31909e-06,3.72054e-06,3.1342e-06,2.55617e-06,2.03283e-06
6.98758e-06,6.7532e-06,6.41738e-06,5.93588e-06,5.44237e-06,4.79187e-06,4.22132e-06,3.63943e-06,3.05766e-06,2.50308e-06,1.98973e-06
6.83615e-06,6.61067e-06,6.29353e-06,5.80808e-06,5.33319e-06,4.69822e-06,4.14364e-06,3.55143e-06,2.99092e-06,2.44115e-06,1.93657e-06
6.68661e-06,6.47221e-06,6.15382e-06,5.69077e-06,5.22647e-06,4.59167e-06,4.04831e-06,3.47412e-06,2.92285e-06,2.37969e-06,1.89379e-06
6.57181e-06,6.33402e-06,6.03158e-06,5.59835e-06,5.11009e-06,4.49544e-06,3.96302e-06,3.38585e-06,2.85266e-06,2.32213e-06,1.85242e-06
6.447e-06,6.23156e-06,5.89584e-06,5.49097e-06,4.99622e-06,4.39521e-06,3.85939e-06,3.31587e-06,2.77953e-06,2.27116e-06,1.80502e-06
6.32449e-06,6.07993e-06,5.80705e-06,5.37396e-06,4.91012e-06,4.30381e-06,3.79462e-06,3.2475e-06,2.72874e-06,2.21275e-06,1.75842e-06
6.18789e-06,5.97784e-06,5.66494e-06,5.25914e-06,4.78114e-06,4.20719e-06,3.70229e-06,3.16948e-06,2.67061e-06,2.16208e-06,1.72213e-06
6.06965e-06,5.86118e-06,5.57008e-06,5.15839e-06,4.69582e-06,4.11953e-06,3.63064e-06,3.10898e-06,2.60038e-06,2.10985e-06,1.67807e-06
5.94802e-06,5.74684e-06,5.45202e-06,5.05454e-06,4.60886e-06,4.03135e-06,3.55029e-06,3.03312e-06,2.54037e-06,2.06536e-06,1.63172e-06
5.82161e-06,5.64655e-06,5.33929e-06,4.96615e-06,4.51768e-06,3.95856e-06,3.48363e-06,2.97253e-06,2.48841e-06,2.0186e-06,1.59536e-06
5.70684e-06,5.51518e-06,5.24392e-06,4.88123e-06,4.42547e-06,3.8695e-06,3.41223e-06,2.90204e-06,2.43284e-06,1.97308e-06,1.56427e-06
5.61169e-06,5.43355e-06,5.14521e-06,4.77769e-06,4.33594e-06,3.79269e-06,3.35423e-06,2.84599e-06,2.37847e-06,1.93034e-06,1.52074e-06
5.508e-06,5.33465e-06,5.0553e-06,4.68437e-06,4.25132e-06,3.72619e-06,3.27786e-06,2.78534e-06,2.326e-06,1.88153e-06,1.47932e-06
5.41454e-06,5.24183e-06,4.94401e-06,4.59756e-06,4.1656e-06,3.64706e-06,3.19782e-06,2.72485e-06,2.2721e-06,1.84326e-06,1.44757e-06
5.307e-06,5.13179e-06,4.84907e-06,4.5053e-06,4.08777e-06,3.57676e-06,3.14382e-06,2.66543e-06,2.22927e-06,1.79901e-06,1.41212e-06
5.20453e-06,5.04059e-06,4.76311e-06,4.42901e-06,4.00294e-06,3.50873e-06,3.07929e-06,2.61556e-06,2.18061e-06,1.75783e-06,1.38492e-06
5.10306e-06,4.95728e-06,4.66442e-06,4.32991e-06,3.92805e-06,3.43544e-06,3.0213e-06,2.56271e-06,2.13637e-06,1.72416e-06,1.3521e-06
5.01545e-06,4.8733e-06,4.58358e-06,4.25674e-06,3.85613e-06,3.36527e-06,2.96034e-06,2.50915e-06,2.09158e-06,1.68059e-06,1.3153e-06
4.924e-06,4.76542e-06,4.50222e-06,4.19152e-06,3.77379e-06,3.30063e-06,2.90827e-06,2.45695e-06,2.04847e-06,1.6484e-06,1.29149e-06
4.83189e-06,4.68006e-06,4.41882e-06,4.1066e-06,3.70179e-06,3.23716e-06,2.84448e-06,2.40375e-06,2.00449e-06,1.61215e-06,1.26243e-06
4.75429e-06,4.59994e-06,4.34255e-06,4.03233e-06,3.63059e-06,3.1787e-06,2.79262e-06,2.35641e-06,1.96113e-06,1.57502e-06,1.2328e-06
4.67343e-06,4.52418e-06,4.25942e-06,3.95631e-06,3.56891e-06,3.12066e-06,2.73671e-06,2.30832e-06,1.9222e-06,1.5376e-06,1.19918e-06
4.58691e-06,4.43389e-06,4.17732e-06,3.88386e-06,3.49121e-06,3.06987e-06,2.68271e-06,2.26311e-06,1.88198e-06,1.50574e-06,1.17903e-06
4.49442e-06,4.35398e-06,4.09538e-06,3.81645e-06,3.43311e-06,3.00858e-06,2.62973e-06,2.21724e-06,1.84434e-06,1.47304e-06,1.14876e-06
4.41122e-06,4.28584e-06,4.02447e-06,3.74228e-06,3.36639e-06,2.94823e-06,2.57655e-06,2.17644e-06,1.80457e-06,1.44279e-06,1.124e-06
4.33972e-06,4.19989e-06,3.95199e-06,3.68444e-06,3.31653e-06,2.90625e-06,2.53194e-06,2.13319e-06,1.77328e-06,1.4091e-06,1.09569e-06
4.25966e-06,4.12789e-06,3.8823e-06,3.62348e-06,3.24046e-06,2.83451e-06,2.48717e-06,2.08929e-06,1.73434e-06,1.37938e-06,1.07578e-06
4.18367e-06,4.06482e-06,3.81046e-06,3.55215e-06,3.18679e-06,2.78662e-06,2.4342e-06,2.04863e-06,1.69799e-06,1.35256e-06,1.04878e-06
4.1166e-06,3.98926e-06,3.74252e-06,3.48943e-06,3.12376e-06,2.73892e-06,2.39734e-06,2.00685e-06,1.66497e-06,1.32188e-06,1.02561e-06
4.03663e-06,3.91425e-06,3.67473e-06,3.42843e-06,3.06602e-06,2.6834e-06,2.34968e-06,1.96978e-06,1.63273e-06,1.29999e-06,1.00384e-06
3.96744e-06,3.8525e-06,3.61208e-06,3.36741e-06,3.01029e-06,2.63678e-06,2.30427e-06,1.93196e-06,1.60053e-06,1.26956e-06,9.81627e-07
3.89769e-06,3.79243e-06,3.54833e-06,3.30738e-06,2.95557e-06,2.58995e-06,2.26401e-06,1.89571e-06,1.56975e-06,1.24078e-06,9.5835e-07
3.82994e-06,3.72347e-06,3.48359e-06,3.25325e-06,2.90486e-06,2.54303e-06,2.22009e-06,1.85932e-06,1.53699e-06,1.21535e-06,9.38564e-07
3.7679e-06,3.66184e-06,3.42179e-06,3.19416e-06,2.85383e-06,2.49738e-06,2.18185e-06,1.8233e-06,1.5059e-06,1.19168e-06,9.17229e-07
3.70778e-06,3.58218e-06,3.3694e-06,3.14718e-06,2.80128e-06,2.4532e-06,2.13661e-06,1.78826e-06,1.47563e-06,1.16817e-06,8.96143e-07
3.63722e-06,3.52831e-06,3.31149e-06,3.08945e-06,2.75162e-06,2.40886e-06,2.1006e-06,1.75703e-06,1.44871e-06,1.13842e-06,8.7868e-07
3.57725e-06,3.47868e-06,3.25105e-06,3.0371e-06,2.70478e-06,2.36748e-06,2.06372e-06,1.72589e-06,1.42084e-06,1.11621e-06,8.57348e-07
3.51541e-06,3.41648e-06,3.19942e-06,2.98305e-06,2.65459e-06,2.32107e-06,2.02584e-06,1.69284e-06,1.39318e-06,1.09605e-06,8.40011e-07
3.4547e-06,3.35439e-06,3.14337e-06,2.93342e-06,2.61055e-06,2.28743e-06,1.99123e-06,1.65927e-06,1.36788e-06,1.07338e-06,8.23784e-07
3.39711e-06,3.297e-06,3.09019e-06,2.88238e-06,2.56202e-06,2.24443e-06,1.95462e-06,1.62795e-06,1.34029e-06,1.05095e-06,8.03073e-07
3.33901e-06,3.2429e-06,3.03775e-06,2.83685e-06,2.51847e-06,2.20549e-06,1.92298e-06,1.59859e-06,1.31601e-06,1.0291e-06,7.86065e-07
3.28288e-06,3.1944e-06,2.98623e-06,2.78593e-06,2.47645e-06,2.16981e-06,1.88938e-06,1.56891e-06,1.29175e-06,1.0064e-06,7.68878e-07
3.23103e-06,3.13045e-06,2.94012e-06,2.74263e-06,2.43444e-06,2.13051e-06,1.85419e-06,1.53894e-06,1.26703e-06,9.86706e-07,7.5256e-07
3.17446e-06,3.08492e-06,2.89004e-06,2.6954e-06,2.39441e-06,2.09575e-06,1.82239e-06,1.51019e-06,1.24344e-06,9.67429e-07,7.34488e-07
3.12382e-06,3.03388e-06,2.84198e-06,2.64953e-06,2.35222e-06,2.05991e-06,1.79236e-06,1.48454e-06,1.21873e-06,9.50112e-07,7.21301e-07
3.07437e-06,2.98323e-06,2.79778e-06,2.60785e-06,2.31172e-06,2.02244e-06,1.75952e-06,1.45618e-06,1.19561e-06,9.29876e-07,7.06328e-07
3.02421e-06,2.94327e-06,2.75188e-06,2.56323e-06,2.27677e-06,1.99119e-06,1.73231e-06,1.4323e-06,1.17369e-06,9.09656e-07,6.91215e-07
2.97553e-06,2.89064e-06,2.70344e-06,2.52183e-06,2.23679e-06,1.95987e-06,1.70105e-06,1.40692e-06,1.15478e-06,8.92957e-07,6.76415e-07
2.92965e-06,2.84272e-06,2.66365e-06,2.48139e-06,2.20152e-06,1.92624e-06,1.67553e-06,1.38315e-06,1.13088e-06,8.77994e-07,6.62426e-07
2.88106e-06,2.79716e-06,2.61846e-06,2.43952e-06,2.16334e-06,1.8918e-06,1.64643e-06,1.35566e-06,1.11063e-06,8.5824e-07,6.48108e-07
2.83618e-06,2.75344e-06,2.57922e-06,2.40477e-06,2.12789e-06,1.86588e-06,1.61677e-06,1.33516e-06,1.08965e-06,8.42183e-07,6.36378e-07
2.7903e-06,2.70637e-06,2.53467e-06,2.3655e-06,2.09464e-06,1.83552e-06,1.59094e-06,1.31122e-06,1.07e-06,8.24521e-07,6.23518e-07
2.74834e-06,2.67214e-06,2.49856e-06,2.32896e-06,2.05713e-06,1.80365e-06,1.5649e-06,1.28659e-06,1.05391e-06,8.09683e-07,6.10168e-07
2.70615e-06,2.62365e-06,2.45891e-06,2.29214e-06,2.03113e-06,1.77778e-06,1.54146e-06,1.26541e-06,1.03154e-06,7.93932e-07,5.96751e-07
2.66207e-06,2.58158e-06,2.41939e-06,2.25287e-06,1.99441e-06,1.74779e-06,1.51081e-06,1.24073e-06,1.01352e-06,7.77359e-07,5.84753e-07
2.62076e-06,2.54651e-06,2.38583e-06,2.22059e-06,1.96619e-06,1.72033e-06,1.49157e-06,1.2218e-06,9.9586e-07,7.65585e-07,5.71985e-07
2.5799e-06,2.50438e-06,2.34786e-06,2.18741e-06,1.92982e-06,1.68817e-06,1.46265e-06,1.19852e-06,9.75794e-07,7.47688e-07,5.60665e-07
2.54825e-06,2.47308e-06,2.31743e-06,2.15636e-06,1.90305e-06,1.66634e-06,1.44391e-06,1.18033e-06,9.62836e-07,7.35422e-07,5.50376e-07
2.50674e-06,2.4284e-06,2.279e-06,2.11945e-06,1.87425e-06,1.63645e-06,1.42149e-06,1.15925e-06,9.41821e-07,7.20735e-07,5.3724e-07
2.47084e-06,2.3994e-06,2.24457e-06,2.08809e-06,1.8456e-06,1.61671e-06,1.3997e-06,1.14443e-06,9.29825e-07,7.08524e-07,5.27139e-07
2.43428e-06,2.35856e-06,2.2123e-06,2.05491e-06,1.81739e-06,1.59144e-06,1.37503e-06,1.1209e-06,9.11617e-07,6.96684e-07,5.166e-07
2.3991e-06,2.32763e-06,2.18029e-06,2.02939e-06,1.79088e-06,1.56761e-06,1.3554e-06,1.10939e-06,8.98858e-07,6.83617e-07,5.08785e-07
2.36569e-06,2.29929e-06,2.15214e-06,1.99797e-06,1.76512e-06,1.54557e-06,1.33696e-06,1.0868e-06,8.83298e-07,6.72467e-07,4.98601e-07
2.33246e-06,2.25898e-06,2.11737e-06,1.97011e-06,1.74235e-06,1.52458e-06,1.32028e-06,1.06853e-06,8.6739e-07,6.60963e-07,4.89239e-07
2.2971e-06,2.22751e-06,2.08898e-06,1.94143e-06,1.71693e-06,1.50163e-06,1.29453e-06,1.05152e-06,8.53956e-07,6.46579e-07,4.78272e-07
2.26401e-06,2.19629e-06,2.05843e-06,1.91361e-06,1.69261e-06,1.47927e-06,1.27898e-06,1.03475e-06,8.404e-07,6.36128e-07,4.70023e-07
2.23544e-06,2.17126e-06,2.03128e-06,1.89042e-06,1.66761e-06,1.45717e-06,1.25934e-06,1.01812e-06,8.25401e-07,6.25758e-07,4.62736e-07
2.20484e-06,2.13563e-06,2.00502e-06,1.86321e-06,1.64448e-06,1.43601e-06,1.24116e-06,9.99631e-07,8.11781e-07,6.14107e-07,4.53428e-07
2.17157e-06,2.10317e-06,1.97601e-06,1.83337e-06,1.62051e-06,1.41504e-06,1.22801e-06,9.85797e-07,7.9891e-07,6.05206e-07,4.43773e-07
2.14291e-06,2.0754e-06,1.95229e-06,1.80963e-06,1.60186e-06,1.39803e-06,1.20387e-06,9.71927e-07,7.8587e-07,5.9414e-07,4.35733e-07
2.11685e-06,2.04948e-06,1.92651e-06,1.7858e-06,1.57713e-06,1.37521e-06,1.18593e-06,9.61788e-07,7.70542e-07,5.83629e-07,4.27479e-07
2.08864e-06,2.02009e-06,1.90231e-06,1.76036e-06,1.55675e-06,1.35454e-06,1.17873e-06,9.42252e-07,7.63926e-07,5.76136e-07,4.1793e-07
2.06011e-06,1.99749e-06,1.87447e-06,1.73553e-06,1.53396e-06,1.34178e-06,1.1548e-06,9.30442e-07,7.49075e-07,5.6476e-07,4.11442e-07
2.03266e-06,1.97187e-06,1.84537e-06,1.71372e-06,1.51787e-06,1.32899e-06,1.13847e-06,9.16517e-07,7.36433e-07,5.57415e-07,4.06428e-07
2.0051e-06,1.95138e-06,1.82205e-06,1.69302e-06,1.49618e-06,1.30593e-06,1.12198e-06,9.0124e-07,7.25573e-07,5.45797e-07,4.00915e-07
1.98241e-06,1.91918e-06,1.80404e-06,1.66956e-06,1.47279e-06,1.28734e-06,1.10704e-06,8.90071e-07,7.14611e-07,5.36181e-07,3.91867e-07
1.96167e-06,1.89763e-06,1.78229e-06,1.64665e-06,1.45824e-06,1.27443e-06,1.09328e-06,8.76473e-07,7.07731e-07,5.2952e-07,3.85359e-07
1.93223e-06,1.87471e-06,1.75492e-06,1.62512e-06,1.43616e-06,1.25401e-06,1.0792e-06,8.65262e-07,6.9649e-07,5.17829e-07,3.7926e-07
1.90716e-06,1.85019e-06,1.73639e-06,1.60929e-06,1.42008e-06,1.23903e-06,1.06313e-06,8.53251e-07,6.82619e-07,5.10494e-07,3.74608e-07
1.88565e-06,1.82618e-06,1.71554e-06,1.5925e-06,1.40468e-06,1.22491e-06,1.05468e-06,8.41206e-07,6.76472e-07,5.02875e-07,3.67408e-07
1.86448e-06,1.80506e-06,1.69177e-06,1.56824e-06,1.38769e-06,1.2115e-06,1.03467e-06,8.28338e-07,6.67433e-07,4.95493e-07,3.59783e-07
1.83656e-06,1.77972e-06,1.66719e-06,1.54267e-06,1.36389e-06,1.19374e-06,1.02027e-06,8.13817e-07,6.52143e-07,4.88123e-07,3.53445e-07
1.8249e-06,1.76306e-06,1.65134e-06,1.52503e-06,1.35401e-06,1.17788e-06,1.01006e-06,8.08522e-07,6.45613e-07,4.79475e-07,3.46237e-07
1.7996e-06,1.73288e-06,1.63774e-06,1.51189e-06,1.33347e-06,1.16387e-06,9.94597e-07,7.93033e-07,6.32988e-07,4.70758e-07,3.42089e-07
1.77864e-06,1.71507e-06,1.61506e-06,1.49482e-06,1.32171e-06,1.14778e-06,9.87408e-07,7.86325e-07,6.28825e-07,4.69246e-07,3.36617e-07
1.7537e-06,1.69615e-06,1.58258e-06,1.47015e-06,1.30544e-06,1.13529e-06,9.63109e-07,7.72048e-07,6.18385e-07,4.60972e-07,3.31312e-07
1.73871e-06,1.67922e-06,1.57479e-06,1.45529e-06,1.29118e-06,1.12205e-06,9.61197e-07,7.63916e-07,6.07306e-07,4.54387e-07,3.26576e-07
1.71975e-06,1.65825e-06,1.55713e-06,1.43556e-06,1.27561e-06,1.11076e-06,9.51479e-07,7.51291e-07,6.00884e-07,4.4718e-07,3.22062e-07
1.69395e-06,1.64354e-06,1.53926e-06,1.42469e-06,1.25977e-06,1.09687e-06,9.37122e-07,7.44607e-07,5.90908e-07,4.4164e-07,3.17715e-07
1.67771e-06,1.62127e-06,1.52484e-06,1.40876e-06,1.24627e-06,1.08175e-06,9.25956e-07,7.33233e-07,5.86617e-07,4.35687e-07,3.12752e-07
1.66289e-06,1.60713e-06,1.50485e-06,1.38638e-06,1.23135e-06,1.07294e-06,9.13654e-07,7.23803e-07,5.80353e-07,4.29625e-07,3.07363e-07
1.63924e-06,1.58746e-06,1.48623e-06,1.37959e-06,1.21676e-06,1.06006e-06,9.03331e-07,7.13925e-07,5.72238e-07,4.22581e-07,3.03767e-07
1.62683e-06,1.56852e-06,1.47662e-06,1.36596e-06,1.20872e-06,1.04862e-06,8.93269e-07,7.06526e-07,5.60362e-07,4.16361e-07,2.98726e-07
1.60644e-06,1.54723e-06,1.45712e-06,1.34655e-06,1.1942e-06,1.03764e-06,8.83043e-07,6.94859e-07,5.56953e-07,4.12013e-07,2.95724e-07
1.58759e-06,1.53647e-06,1.43795e-06,1.33052e-06,1.17934e-06,1.02156e-06,8.71785e-07,6.90294e-07,5.44353e-07,4.04131e-07,2.8812e-07
1.57289e-06,1.51792e-06,1.42638e-06,1.31367e-06,1.16154e-06,1.01085e-06,8.66872e-07,6.78009e-07,5.42033e-07,4.01524e-07,2.8659e-07
1.55377e-06,1.50339e-06,1.41391e-06,1.30292e-06,1.14949e-06,9.97077e-07,8.52837e-07,6.68707e-07,5.33523e-07,3.96429e-07,2.82182e-07
1.54031e-06,1.48383e-06,1.39348e-06,1.28617e-06,1.14139e-06,9.88717e-07,8.41702e-07,6.6224e-07,5.26228e-07,3.89849e-07,2.78099e-07
1.5304e-06,1.46576e-06,1.38062e-06,1.27439e-06,1.12806e-06,9.82652e-07,8.34343e-07,6.55948e-07,5.2077e-07,3.86385e-07,2.75103e-07
1.50755e-06,1.45558e-06,1.366e-06,1.2582e-06,1.11608e-06,9.7166e-07,8.27591e-07,6.50892e-07,5.16003e-07,3.81846e-07,2.71179e-07
1.49631e-06,1.4357e-06,1.35023e-06,1.24648e-06,1.1061e-06,9.59888e-07,8.19695e-07,6.37398e-07,5.0808e-07,3.77573e-07,2.67003e-07
1.47631e-06,1.42476e-06,1.33765e-06,1.23412e-06,1.09434e-06,9.53557e-07,8.02245e-07,6.33736e-07,4.98524e-07,3.68992e-07,2.62375e-07
1.46173e-06,1.41215e-06,1.3234e-06,1.21971e-06,1.08236e-06,9.39022e-07,7.96673e-07,6.25318e-07,4.92206e-07,3.66809e-07,2.61996e-07
1.44877e-06,1.39386e-06,1.3087e-06,1.20991e-06,1.07161e-06,9.32639e-07,7.876e-07,6.15869e-07,4.88825e-07,3.61766e-07,2.56395e-07
1.43185e-06,1.38242e-06,1.29194e-06,1.19329e-06,1.0581e-06,9.22566e-07,7.80444e-07,6.10045e-07,4.80943e-07,3.5814e-07,2.53118e-07
1.41915e-06,1.36743e-06,1.2834e-06,1.18336e-06,1.04918e-06,9.08472e-07,7.71263e-07,6.01843e-07,4.77641e-07,3.53279e-07,2.49877e-07
1.39938e-06,1.34907e-06,1.27036e-06,1.17191e-06,1.04103e-06,8.96315e-07,7.66088e-07,5.96931e-07,4.70714e-07,3.47059e-07,2.46851e-07
1.38903e-06,1.33856e-06,1.25452e-06,1.15962e-06,1.02739e-06,8.91505e-07,7.56037e-07,5.89958e-07,4.64443e-07,3.43347e-07,2.42795e-07
1.37011e-06,1.32704e-06,1.24127e-06,1.14984e-06,1.01192e-06,8.82254e-07,7.4461e-07,5.81969e-07,4.59473e-07,3.41269e-07,2.40322e-07
1.35937e-06,1.31214e-06,1.23303e-06,1.13441e-06,1.00306e-06,8.72299e-07,7.41756e-07,5.75501e-07,4.59046e-07,3.3636e-07,2.38731e-07
1.34157e-06,1.28983e-06,1.21655e-06,1.12084e-06,9.92821e-07,8.59277e-07,7.27291e-07,5.6809e-07,4.43524e-07,3.31507e-07,2.33381e-07
1.33122e-06,1.2841e-06,1.20347e-06,1.11246e-06,9.85163e-07,8.54664e-07,7.23108e-07,5.60541e-07,4.42227e-07,3.26204e-07,2.30486e-07
1.32169e-06,1.27464e-06,1.19076e-06,1.10018e-06,9.75281e-07,8.49479e-07,7.12579e-07,5.57853e-07,4.37815e-07,3.2348e-07,2.29239e-07
1.30721e-06,1.26187e-06,1.18297e-06,1.09086e-06,9.63164e-07,8.37341e-07,7.05256e-07,5.4919e-07,4.3544e-07,3.19489e-07,2.27078e-07
1.30116e-06,1.25167e-06,1.16608e-06,1.07872e-06,9.59284e-07,8.32732e-07,6.97324e-07,5.4374e-07,4.28027e-07,3.16868e-07,2.22772e-07
1.27656e-06,1.23209e-06,1.15733e-06,1.06696e-06,9.41495e-07,8.19483e-07,6.89571e-07,5.38771e-07,4.21892e-07,3.12479e-07,2.20466e-07
1.26842e-06,1.21617e-06,1.14952e-06,1.05644e-06,9.37949e-07,8.12438e-07,6.91341e-07,5.31239e-07,4.19325e-07,3.09536e-07,2.17167e-07
1.253e-06,1.21292e-06,1.13091e-06,1.04423e-06,9.33039e-07,8.06922e-07,6.74259e-07,5.28607e-07,4.12099e-07,3.06241e-07,2.15317e-07
1.25049e-06,1.19837e-06,1.12407e-06,1.04308e-06,9.22564e-07,7.97951e-07,6.73447e-07,5.21372e-07,4.08867e-07,3.01503e-07,2.12285e-07
1.22855e-06,1.18247e-06,1.11244e-06,1.02852e-06,9.0991e-07,7.89036e-07,6.63333e-07,5.15923e-07,4.04054e-07,2.98366e-07,2.09904e-07
1.21963e-06,1.17574e-06,1.10257e-06,1.01581e-06,8.99743e-07,7.76034e-07,6.5461e-07,5.06072e-07,3.9889e-07,2.94419e-07,2.06337e-07
1.21036e-06,1.1591e-06,1.09302e-06,1.00702e-06,8.9079e-07,7.71634e-07,6.50823e-07,5.0228e-07,3.95106e-07,2.90359e-07,2.04442e-07
1.19975e-06,1.14974e-06,1.08225e-06,9.95373e-07,8.84062e-07,7.67316e-07,6.43052e-07,4.97829e-07,3.90407e-07,2.87679e-07,2.01963e-07
1.18661e-06,1.13649e-06,1.07799e-06,9.89897e-07,8.75525e-07,7.6272e-07,6.33331e-07,4.93712e-07,3.85766e-07,2.83966e-07,2.00614e-07
1.1701e-06,1.12844e-06,1.0592e-06,9.71459e-07,8.66586e-07,7.52284e-07,6.27952e-07,4.86585e-07,3.81087e-07,2.82512e-07,1.978e-07
1.16715e-06,1.11997e-06,1.05353e-06,9.70062e-07,8.56748e-07,7.4438e-07,6.19717e-07,4.81362e-07,3.76571e-07,2.77193e-07,1.95441e-07
1.14729e-06,1.10747e-06,1.04035e-06,9.60135e-07,8.47234e-07,7.36145e-07,6.17503e-07,4.77564e-07,3.73714e-07,2.76585e-07,1.91646e-07
1.1417e-06,1.0947e-06,1.02931e-06,9.49487e-07,8.38706e-07,7.2381e-07,6.09507e-07,4.70268e-07,3.66065e-07,2.71452e-07,1.91676e-07
1.13251e-06,1.08797e-06,1.01717e-06,9.41427e-07,8.263e-07,7.21601e-07,6.05712e-07,4.66516e-07,3.66123e-07,2.68791e-07,1.9055e-07
1.11801e-06,1.07608e-06,1.00808e-06,9.27228e-07,8.21012e-07,7.13192e-07,5.98359e-07,4.59029e-07,3.58396e-07,2.66677e-07,1.86881e-07
1.1078e-06,1.06702e-06,9.96756e-07,9.20564e-07,8.12079e-07,7.03276e-07,5.90834e-07,4.55907e-07,3.55662e-07,2.62719e-07,1.84835e-07
1.09764e-06,1.05337e-06,9.88637e-07,9.1185e-07,8.06239e-07,6.99656e-07,5.82755e-07,4.48918e-07,3.51056e-07,2.59041e-07,1.81251e-07
1.08559e-06,1.04289e-06,9.76576e-07,9.02034e-07,8.01114e-07,6.93485e-07,5.79655e-07,4.4341e-07,3.48917e-07,2.56487e-07,1.79438e-07
1.07584e-06,1.03231e-06,9.71821e-07,8.92291e-07,7.89332e-07,6.85568e-07,5.70167e-07,4.38815e-07,3.43017e-07,2.5307e-07,1.77461e-07
1.06131e-06,1.02247e-06,9.56504e-07,8.87176e-07,7.82289e-07,6.76897e-07,5.65593e-07,4.33269e-07,3.38996e-07,2.50918e-07,1.74497e-07
1.0523e-06,1.01384e-06,9.4993e-07,8.75664e-07,7.73333e-07,6.67959e-07,5.55664e-07,4.30218e-07,3.35122e-07,2.4662e-07,1.73276e-07
1.03988e-06,1.0015e-06,9.42861e-07,8.72789e-07,7.67275e-07,6.64206e-07,5.53198e-07,4.26198e-07,3.34847e-07,2.44167e-07,1.70964e-07
1.03307e-06,9.97264e-07,9.32209e-07,8.56447e-07,7.58439e-07,6.56836e-07,5.45661e-07,4.21094e-07,3.28246e-07,2.41814e-07,1.68727e-07
1.02371e-06,9.81098e-07,9.22232e-07,8.52047e-07,7.5006e-07,6.50168e-07,5.39144e-07,4.15841e-07,3.22516e-07,2.39534e-07,1.66976e-07
1.01343e-06,9.71486e-07,9.16599e-07,8.46031e-07,7.43244e-07,6.43821e-07,5.36033e-07,4.11441e-07,3.19553e-07,2.37009e-07,1.64409e-07
1.00573e-06,9.6037e-07,9.06158e-07,8.322e-07,7.37222e-07,6.37187e-07,5.30908e-07,4.06875e-07,3.14594e-07,2.35102e-07,1.62589e-07
9.92807e-07,9.54744e-07,8.95723e-07,8.23645e-07,7.27461e-07,6.29887e-07,5.23752e-07,4.02801e-07,3.12397e-07,2.31789e-07,1.61705e-07
9.86042e-07,9.50283e-07,8.88451e-07,8.17076e-07,7.18985e-07,6.21969e-07,5.1668e-07,3.94911e-07,3.08592e-07,2.27202e-07,1.5877e-07
9.72854e-07,9.41409e-07,8.7828e-07,8.10264e-07,7.11093e-07,6.16787e-07,5.12615e-07,3.88458e-07,3.06771e-07,2.26217e-07,1.5788e-07
9.72417e-07,9.28685e-07,8.70916e-07,7.98947e-07,7.03201e-07,6.11073e-07,5.06232e-07,3.88706e-07,3.01526e-07,2.2186e-07,1.56612e-07
9.57222e-07,9.17598e-07,8.66447e-07,7.92213e-07,6.94645e-07,6.04498e-07,4.99822e-07,3.83959e-07,2.97382e-07,2.18106e-07,1.54755e-07
9.47983e-07,9.06183e-07,8.52065e-07,7.81715e-07,6.92395e-07,5.97605e-07,4.95194e-07,3.81007e-07,2.95388e-07,2.16214e-07,1.52661e-07
9.32772e-07,8.97464e-07,8.47321e-07,7.8078e-07,6.81578e-07,5.91461e-07,4.89244e-07,3.75905e-07,2.90164e-07,2.15098e-07,1.49567e-07
9.29052e-07,8.87235e-07,8.35648e-07,7.6637e-07,6.75552e-07,5.86164e-07,4.88303e-07,3.70397e-07,2.87936e-07,2.126e-07,1.49634e-07
