-0.00323448,-0.00324583,-0.00325056,-0.00328578,-0.0033732,-0.00348005,-0.00363177,-0.00368776,-0.0037717,-0.00374584,-0.00372472
-0.0032702,-0.00327016,-0.00330397,-0.00333561,-0.0033672,-0.00352631,-0.00352274,-0.00361035,-0.00364025,-0.00361298,-0.00353434
-0.00336426,-0.00335327,-0.00336486,-0.00337331,-0.00340593,-0.00351871,-0.00343826,-0.00346747,-0.00356348,-0.00344351,-0.00342524
-0.00337272,-0.00339353,-0.00336091,-0.0033584,-0.00336481,-0.00344558,-0.0034258,-0.00345234,-0.00342733,-0.00330481,-0.00320246
-0.0033949,-0.00335553,-0.00335941,-0.00333422,-0.00333443,-0.00341779,-0.00335952,-0.00337823,-0.00333264,-0.00322308,-0.00304942
-0.00339493,-0.00336562,-0.00339439,-0.00331836,-0.00332845,-0.00332021,-0.00330017,-0.00324715,-0.00319017,-0.00307179,-0.00292841
-0.00336417,-0.00334981,-0.00332462,-0.0033329,-0.00327365,-0.00331739,-0.0032098,-0.00317986,-0.00310369,-0.00294347,-0.00280992
-0.00334309,-0.00330885,-0.00329205,-0.00328985,-0.0032397,-0.00324362,-0.00318103,-0.0030779,-0.00298463,-0.00289537,-0.0026942
-0.0033269,-0.00328305,-0.00327982,-0.00323044,-0.00321142,-0.00315526,-0.0031292,-0.00299744,-0.00289837,-0.00276016,-0.00260082
-0.00327298,-0.0032629,-0.00323937,-0.0031981,-0.00315796,-0.00308141,-0.00302292,-0.00293076,-0.00280005,-0.00266816,-0.00248866
-0.00325559,-0.00321246,-0.00321092,-0.00313169,-0.00308768,-0.00304542,-0.00295955,-0.00283539,-0.00271765,-0.00258311,-0.00238188
-0.0032118,-0.00316718,-0.0031675,-0.00309918,-0.00305317,-0.00297734,-0.002885,-0.00278751,-0.00263862,-0.00248371,-0.0022953
-0.00314122,-0.00313036,-0.00309997,-0.00305178,-0.00300763,-0.00291214,-0.00282353,-0.00270321,-0.002557,-0.0023892,-0.00220278
-0.00310824,-0.00308677,-0.00306681,-0.00299967,-0.00294363,-0.00286368,-0.00276733,-0.00264472,-0.00248287,-0.00233045,-0.00213232
-0.00304691,-0.00305601,-0.00302409,-0.00293956,-0.00289247,-0.00279914,-0.00269865,-0.00256032,-0.00241044,-0.0022355,-0.00205131
-0.00303261,-0.00299035,-0.00295272,-0.00290551,-0.0028331,-0.00273773,-0.00263951,-0.00250738,-0.00233504,-0.0021626,-0.00197497
-0.0029618,-0.0029709,-0.0029087,-0.00284761,-0.00277944,-0.00268418,-0.00258036,-0.00242702,-0.00227452,-0.00210393,-0.0019078
-0.0029221,-0.00294097,-0.00286807,-0.00279227,-0.00271653,-0.00262969,-0.00251261,-0.00236226,-0.0022115,-0.00203717,-0.00183549
-0.00287632,-0.002885,-0.00281185,-0.00274721,-0.00267631,-0.00256124,-0.00245299,-0.00230098,-0.00216311,-0.00197686,-0.00178407
-0.00283375,-0.00283608,-0.00277431,-0.00269444,-0.00262774,-0.00250881,-0.00239847,-0.00225627,-0.00209451,-0.00191383,-0.00171927
-0.00277952,-0.00279522,-0.00274088,-0.002653,-0.00259015,-0.00247014,-0.0023543,-0.00218862,-0.0020403,-0.00184736,-0.00166331
-0.00274379,-0.00273677,-0.00268662,-0.00260113,-0.00252221,-0.00241483,-0.00229472,-0.00213576,-0.0019841,-0.00179726,-0.00161515
-0.00270245,-0.00269502,-0.00263803,-0.00256498,-0.00247974,-0.00237091,-0.00224037,-0.00208213,-0.00193605,-0.00174024,-0.0015615
-0.00265651,-0.00266027,-0.00259439,-0.00251358,-0.00243183,-0.00232734,-0.00220287,-0.00203321,-0.0018808,-0.00169164,-0.00150675
-0.00261193,-0.0026013,-0.00254769,-0.00247358,-0.00239155,-0.0022707,-0.00214599,-0.00198357,-0.00182541,-0.00164412,-0.00146435
-0.00258233,-0.00256387,-0.00251629,-0.00243588,-0.00233452,-0.00223017,-0.00210041,-0.00193149,-0.00178015,-0.00159568,-0.00141952
-0.00254133,-0.00252958,-0.00246924,-0.00238706,-0.00229138,-0.00218245,-0.00205155,-0.00189381,-0.00173283,-0.00155186,-0.00137254
-0.00249854,-0.00247992,-0.00242385,-0.00234641,-0.00225168,-0.00213277,-0.00201445,-0.00184082,-0.00168352,-0.00150383,-0.00133646
-0.00245395,-0.00243583,-0.0023763,-0.00230522,-0.00220622,-0.00209074,-0.00195039,-0.00179802,-0.00163842,-0.00146435,-0.00128999
-0.00241397,-0.00239201,-0.00234441,-0.00227392,-0.002168,-0.0020462,-0.001908,-0.00175686,-0.00160318,-0.0014218,-0.00124969
-0.00237976,-0.00234884,-0.00231206,-0.00223743,-0.00212738,-0.00200321,-0.00187071,-0.00171639,-0.00155918,-0.00138238,-0.00121512
-0.00233353,-0.00230732,-0.00226352,-0.00219786,-0.00208771,-0.00196172,-0.00182749,-0.00167314,-0.00151877,-0.00134418,-0.00117727
-0.00229836,-0.00226746,-0.00222156,-0.00215255,-0.00205078,-0.00192373,-0.0017859,-0.00163609,-0.0014763,-0.00130725,-0.00114252
-0.00226054,-0.00222964,-0.00218694,-0.00211248,-0.00200791,-0.00188133,-0.00174426,-0.0015968,-0.0014417,-0.0012707,-0.00110687
-0.00222459,-0.00219622,-0.00214402,-0.00207093,-0.00196995,-0.00184504,-0.00170699,-0.00156061,-0.00140737,-0.00123606,-0.0010719
-0.00218622,-0.00215287,-0.00210621,-0.00203557,-0.00192462,-0.00180642,-0.0016704,-0.00152142,-0.00136744,-0.00120181,-0.00104493
-0.00214269,-0.00211407,-0.00206957,-0.00199064,-0.00188761,-0.00176609,-0.00163283,-0.00148666,-0.00133205,-0.00116824,-0.00101541
-0.00210688,-0.00207736,-0.00203046,-0.00195609,-0.0018526,-0.00173004,-0.00159637,-0.00145084,-0.0012987,-0.001138,-0.000983806
-0.00206861,-0.00203946,-0.00199581,-0.00191826,-0.00181297,-0.00169576,-0.0015584,-0.00141684,-0.0012655,-0.00110573,-0.000952987
-0.00203548,-0.002002,-0.00195411,-0.0018763,-0.0017766,-0.00165774,-0.00152618,-0.00138092,-0.00123004,-0.00107619,-0.000925836
-0.00199272,-0.0019651,-0.0019186,-0.00183936,-0.00174129,-0.00162087,-0.00149084,-0.00134616,-0.00120159,-0.00104601,-0.000898145
-0.00195768,-0.00192963,-0.0018815,-0.00179918,-0.0017088,-0.00158689,-0.00145578,-0.00131622,-0.00116903,-0.00101684,-0.000873971
-0.00191623,-0.00189055,-0.00184699,-0.00176599,-0.00167243,-0.00155304,-0.00142527,-0.00128371,-0.00113956,-0.000988948,-0.000846723
-0.00188193,-0.00185582,-0.00181247,-0.00173591,-0.00163819,-0.00151843,-0.00138946,-0.00125032,-0.00110909,-0.000962143,-0.000821413
-0.00184629,-0.00181972,-0.00177309,-0.00169955,-0.0016016,-0.00148698,-0.0013582,-0.0012205,-0.00108214,-0.000935562,-0.000799233
-0.00181184,-0.00178523,-0.00173863,-0.0016639,-0.00156913,-0.00145149,-0.00132667,-0.00119175,-0.00105595,-0.000910035,-0.000775173
-0.00177498,-0.00174874,-0.00170219,-0.00162917,-0.00153789,-0.0014204,-0.0012968,-0.00116141,-0.00102634,-0.000885376,-0.000752276
-0.00173822,-0.00171408,-0.00167115,-0.00159309,-0.00150169,-0.0013888,-0.00126673,-0.00113476,-0.00100107,-0.000861037,-0.000731586
-0.0017157,-0.00168394,-0.00163382,-0.00155986,-0.00147243,-0.00136068,-0.00123973,-0.0011129,-0.000981049,-0.000840441,-0.000708054
-0.00167875,-0.00165183,-0.00159999,-0.00152498,-0.00144057,-0.00132694,-0.00121471,-0.00108212,-0.000955507,-0.000817795,-0.000687546
-0.00164433,-0.0016236,-0.00156671,-0.00149458,-0.00140892,-0.00129829,-0.00118201,-0.00105588,-0.000926372,-0.000797447,-0.000667829
-0.00161216,-0.00158895,-0.00153398,-0.0014631,-0.00137772,-0.00126912,-0.00115527,-0.00102988,-0.000903542,-0.000776842,-0.000650164
-0.00157888,-0.00155538,-0.00150379,-0.00142982,-0.00135001,-0.00123972,-0.00112888,-0.00100199,-0.000881614,-0.000751736,-0.00063013
-0.00154621,-0.00152171,-0.00146907,-0.00140188,-0.00131892,-0.001212,-0.00110093,-0.000977797,-0.000859565,-0.000733463,-0.000611845
-0.00151523,-0.0014891,-0.00144149,-0.00137198,-0.00129227,-0.00118317,-0.00107611,-0.000954575,-0.000836964,-0.000712785,-0.000594038
-0.00148492,-0.00146054,-0.00141044,-0.00134092,-0.00126464,-0.0011573,-0.00104826,-0.000930733,-0.000813232,-0.000692214,-0.000578381
-0.00145274,-0.00142609,-0.00137973,-0.00131105,-0.00123396,-0.00113016,-0.0010236,-0.000907254,-0.000791683,-0.000675587,-0.000562245
-0.00142162,-0.00139838,-0.00135156,-0.00128391,-0.00121048,-0.00110442,-0.0010044,-0.000886034,-0.00077183,-0.000655214,-0.000545567
-0.00139028,-0.00136902,-0.0013249,-0.00125438,-0.00117855,-0.00107836,-0.000975375,-0.000864148,-0.000753355,-0.000635546,-0.000529877
-0.00136137,-0.00133884,-0.00129539,-0.00122842,-0.00115541,-0.00105365,-0.000951442,-0.000840521,-0.000733235,-0.000620724,-0.000513209
-0.00133532,-0.00131216,-0.00126855,-0.00120245,-0.00112827,-0.00102908,-0.000932102,-0.000819097,-0.000713498,-0.000602876,-0.000498848
-0.00130686,-0.00128321,-0.0012409,-0.00117646,-0.00110218,-0.00100604,-0.000906285,-0.000800127,-0.000694762,-0.000585357,-0.000484898
-0.00128157,-0.00125426,-0.00121434,-0.00114902,-0.00107614,-0.000983905,-0.000887281,-0.000779497,-0.00067606,-0.000570406,-0.000471411
-0.00125058,-0.0012281,-0.00118788,-0.00112364,-0.00105289,-0.000959725,-0.000865382,-0.000761502,-0.000659061,-0.000555113,-0.00045798
-0.0012239,-0.00120216,-0.00115976,-0.00109975,-0.00102826,-0.000938344,-0.000846338,-0.000740914,-0.00064224,-0.00053946,-0.000443911
-0.00119989,-0.00117638,-0.00113481,-0.0010755,-0.00100595,-0.000915935,-0.000823478,-0.000722078,-0.000624044,-0.00052616,-0.000431253
-0.0011732,-0.00115084,-0.00111076,-0.00105278,-0.000983873,-0.000894212,-0.000805548,-0.000705117,-0.000608766,-0.000511193,-0.000419609
-0.00114868,-0.00112652,-0.00108745,-0.0010283,-0.000960959,-0.000873866,-0.000784461,-0.000686937,-0.00059244,-0.000497755,-0.000407743
-0.00112424,-0.00110183,-0.00106391,-0.00100608,-0.000938944,-0.000855264,-0.000766256,-0.000670527,-0.000576613,-0.000483854,-0.000396473
-0.00110183,-0.00107653,-0.00103919,-0.000983647,-0.00091715,-0.000833216,-0.000747378,-0.000652903,-0.000561227,-0.000469738,-0.000384175
-0.0010761,-0.00105394,-0.001016,-0.000961304,-0.000896663,-0.000813301,-0.000729191,-0.000637148,-0.000547873,-0.000457231,-0.000373848
-0.00105329,-0.00103013,-0.000996118,-0.000939617,-0.000877275,-0.000794866,-0.000711515,-0.000621754,-0.000533994,-0.000445852,-0.00036273
-0.00102926,-0.00100932,-0.000972158,-0.000919823,-0.000856395,-0.00077632,-0.000694403,-0.000606049,-0.000520071,-0.000433546,-0.000353442
-0.00100617,-0.00098738,-0.0009513,-0.000899876,-0.000836966,-0.000758173,-0.000677923,-0.000591594,-0.000505456,-0.000422258,-0.000343344
-0.000985277,-0.000964083,-0.000931356,-0.000880937,-0.000819164,-0.000743612,-0.00066055,-0.000576698,-0.000492951,-0.000410851,-0.000333696
-0.00096408,-0.000942784,-0.000909431,-0.000861826,-0.000800692,-0.000726751,-0.000645658,-0.000561614,-0.000479312,-0.000399832,-0.00032462
-0.000943668,-0.000922332,-0.00089038,-0.00084353,-0.000781613,-0.000707834,-0.000629695,-0.000547932,-0.000466637,-0.000388415,-0.000315734
-0.000924707,-0.000902296,-0.000870209,-0.000827053,-0.000763132,-0.000692656,-0.000614118,-0.000535393,-0.000454746,-0.000379042,-0.00030611
-0.000902233,-0.000883226,-0.000850855,-0.000807239,-0.000745741,-0.000676671,-0.000600785,-0.00052131,-0.000443229,-0.000368482,-0.000297927
-0.000883074,-0.000863844,-0.000831934,-0.000789549,-0.000729233,-0.000660765,-0.000586039,-0.000507884,-0.000431464,-0.000359039,-0.000289579
-0.000863382,-0.000844698,-0.000813652,-0.000771111,-0.000712145,-0.000645936,-0.000571099,-0.000496376,-0.000420915,-0.000349335,-0.000281696
-0.000845864,-0.000825963,-0.000796589,-0.000754019,-0.000696129,-0.000629695,-0.000558098,-0.000484899,-0.000409771,-0.000339879,-0.000274009
-0.000827973,-0.000808166,-0.000778252,-0.000735196,-0.000680378,-0.000615725,-0.000545045,-0.000472014,-0.000399367,-0.000331193,-0.000266717
-0.00080935,-0.000790599,-0.000760932,-0.000719914,-0.000664924,-0.00060113,-0.000531056,-0.000460827,-0.000389305,-0.000322432,-0.000259145
-0.000792043,-0.000773518,-0.00074478,-0.00070509,-0.000649307,-0.000586701,-0.00051969,-0.000448844,-0.000379931,-0.000313872,-0.00025213
-0.000774218,-0.000756873,-0.000727718,-0.000688104,-0.000635123,-0.000573824,-0.000506738,-0.000438108,-0.000370184,-0.000305392,-0.000245242
-0.000757336,-0.000740856,-0.000711758,-0.000673964,-0.000620381,-0.000560082,-0.000494023,-0.00042792,-0.000360995,-0.000297535,-0.000238219
-0.000741729,-0.000723891,-0.000696529,-0.000657799,-0.000605784,-0.000547326,-0.000483506,-0.000417195,-0.000351552,-0.000290087,-0.000232088
-0.000724207,-0.000708725,-0.000681314,-0.000643719,-0.000592463,-0.00053477,-0.000471392,-0.000407584,-0.00034293,-0.00028196,-0.000225714
-0.000710916,-0.000693073,-0.000666171,-0.00062929,-0.000579582,-0.000522232,-0.000460808,-0.00039718,-0.000334115,-0.000275131,-0.000219301
-0.000696019,-0.000677729,-0.000651643,-0.000615382,-0.000566108,-0.000510309,-0.000449973,-0.000387508,-0.000325742,-0.000267867,-0.000213556
-0.000679151,-0.000663351,-0.000636924,-0.000601729,-0.000552931,-0.000498629,-0.000438887,-0.000378552,-0.000317522,-0.000260735,-0.000207741
-0.000664791,-0.000648718,-0.000623248,-0.000588824,-0.00054108,-0.000486888,-0.000428777,-0.000369269,-0.000309852,-0.000254249,-0.000202239
-0.000650685,-0.000634797,-0.000609577,-0.000575537,-0.000528356,-0.00047587,-0.000418604,-0.000359973,-0.000301991,-0.000247486,-0.000196708
-0.000635702,-0.000621118,-0.000596026,-0.000563343,-0.000516851,-0.000464713,-0.00040923,-0.000351483,-0.000294421,-0.000241076,-0.000191478
-0.000622273,-0.000607641,-0.000583727,-0.000550667,-0.000504963,-0.000454577,-0.000399303,-0.000342935,-0.000287084,-0.000234836,-0.000186305
-0.00060939,-0.000594485,-0.000570608,-0.000538939,-0.000493726,-0.000443781,-0.000390072,-0.000335199,-0.000280095,-0.00022884,-0.000181256
-0.000596326,-0.000582073,-0.000558067,-0.00052645,-0.000482737,-0.000434033,-0.000381012,-0.000327067,-0.000273241,-0.000223367,-0.00017681
-0.000582959,-0.00056897,-0.000545847,-0.00051522,-0.000472139,-0.000424047,-0.000372062,-0.000319388,-0.000266504,-0.000217326,-0.0001718
-0.000571261,-0.000557072,-0.000534485,-0.00050408,-0.000461345,-0.000414802,-0.000363565,-0.000312097,-0.000259915,-0.000211997,-0.000167163
-0.00055886,-0.000544843,-0.000523045,-0.000492261,-0.000451798,-0.000405541,-0.000355207,-0.000304361,-0.000253604,-0.000206489,-0.000162812
-0.000546283,-0.000533235,-0.000511506,-0.000481008,-0.000441364,-0.000395459,-0.00034699,-0.000297084,-0.000247466,-0.000201223,-0.000158609
-0.00053506,-0.000522097,-0.000500243,-0.000471443,-0.000431738,-0.000387115,-0.000339055,-0.000290016,-0.000241297,-0.000196166,-0.000154515
-0.000523622,-0.000510814,-0.000489956,-0.000461231,-0.000422435,-0.000378719,-0.000331255,-0.000283147,-0.000235533,-0.000191214,-0.00015049
-0.000512003,-0.00049973,-0.000478981,-0.000451325,-0.00041239,-0.00036975,-0.000323777,-0.00027661,-0.000229741,-0.000186416,-0.000146249
-0.000500542,-0.00048949,-0.00046866,-0.000441011,-0.000403157,-0.00036181,-0.000316265,-0.000270349,-0.000224413,-0.000181951,-0.000142544
-0.00049101,-0.000478545,-0.000458639,-0.000431296,-0.000394256,-0.00035365,-0.000309031,-0.000263673,-0.000218795,-0.000177424,-0.000139199
-0.000480241,-0.000468598,-0.000449088,-0.000422662,-0.000385743,-0.00034612,-0.0003023,-0.000257685,-0.000213527,-0.000173134,-0.000135378
-0.000469553,-0.000458801,-0.000439428,-0.000413523,-0.000377869,-0.000338049,-0.000295365,-0.000251657,-0.000208473,-0.000168793,-0.000131809
-0.000460727,-0.000448982,-0.000429865,-0.000404113,-0.000369379,-0.000330544,-0.000288645,-0.000246138,-0.000203519,-0.000164507,-0.000128476
-0.000450212,-0.000439957,-0.000420805,-0.000395064,-0.000361344,-0.000323186,-0.000282344,-0.000240162,-0.000198521,-0.00016046,-0.000125157
-0.000440871,-0.00043036,-0.000412085,-0.000387403,-0.000353313,-0.000316092,-0.000275735,-0.000234492,-0.0001939,-0.000156452,-0.000122162
-0.000430855,-0.000423061,-0.000403688,-0.000379525,-0.000345422,-0.000308792,-0.000269182,-0.000229267,-0.000190223,-0.000152946,-0.000119394
-0.000421734,-0.000413803,-0.000394969,-0.000371305,-0.000337917,-0.000301868,-0.000263158,-0.000223745,-0.000185491,-0.000149165,-0.000116183
-0.000413206,-0.000404987,-0.000386952,-0.000363787,-0.0003306,-0.000295234,-0.000257388,-0.000218764,-0.000181649,-0.000145482,-0.000113175
-0.000404685,-0.000396927,-0.000378502,-0.000356036,-0.000323642,-0.000288965,-0.000251509,-0.000213527,-0.000176902,-0.000142027,-0.00011029
-0.000396064,-0.00038854,-0.000370817,-0.000348046,-0.000316546,-0.000282923,-0.000245937,-0.000208751,-0.000172877,-0.000138624,-0.000107241
-0.000388143,-0.000380844,-0.000362794,-0.000340642,-0.000309868,-0.000276808,-0.00024031,-0.000204173,-0.000168995,-0.000135184,-0.00010485
-0.000380187,-0.000372406,-0.000355437,-0.000333264,-0.000303187,-0.000270532,-0.000235343,-0.000199338,-0.000164952,-0.00013179,-0.000102099
-0.000372103,-0.000364199,-0.000348119,-0.000326677,-0.000296629,-0.000264504,-0.000230014,-0.000194765,-0.000160913,-0.000128586,-9.95759e-05
-0.00036463,-0.000357813,-0.000340636,-0.000319765,-0.000290352,-0.000258944,-0.000224899,-0.00019047,-0.000157363,-0.000125802,-9.72152e-05
-0.000357136,-0.000349934,-0.000333652,-0.000312942,-0.000284247,-0.000253537,-0.000220239,-0.000186159,-0.000153907,-0.000122546,-9.47871e-05
-0.000349744,-0.000342158,-0.000326755,-0.000306492,-0.000278106,-0.000247983,-0.000215157,-0.000181833,-0.000150167,-0.00011972,-9.23009e-05
-0.000342732,-0.000335593,-0.000319868,-0.000299976,-0.000272518,-0.000242925,-0.000210414,-0.000177938,-0.000146681,-0.00011685,-9.01642e-05
-0.00033545,-0.000328561,-0.000313616,-0.00029394,-0.000266914,-0.000237396,-0.000205939,-0.00017395,-0.000143224,-0.000114167,-8.77722e-05
-0.000328469,-0.000321756,-0.000307077,-0.000287451,-0.000261179,-0.00023249,-0.000201483,-0.00016992,-0.000139982,-0.000111235,-8.57002e-05
-0.000321655,-0.000315177,-0.000300577,-0.000281312,-0.000255548,-0.00022744,-0.000196992,-0.000166325,-0.000136709,-0.000108687,-8.37246e-05
-0.000315192,-0.000308541,-0.000294351,-0.000275427,-0.000250249,-0.000222629,-0.00019272,-0.000162646,-0.000133476,-0.000106177,-8.15207e-05
-0.000308724,-0.000302675,-0.000288455,-0.0002699,-0.000244935,-0.00021811,-0.000188625,-0.000159002,-0.000130719,-0.000103806,-7.95467e-05
-0.000302637,-0.000296509,-0.000282492,-0.000264787,-0.000239879,-0.000213116,-0.000184432,-0.00015534,-0.000127639,-0.000101353,-7.75535e-05
-0.000296575,-0.000290576,-0.000276931,-0.000258743,-0.000234925,-0.000208747,-0.000180607,-0.000152083,-0.000124939,-9.88423e-05,-7.57412e-05
-0.000290671,-0.000284638,-0.000271268,-0.000253724,-0.000230015,-0.000204424,-0.00017684,-0.000148685,-0.000122028,-9.65851e-05,-7.39145e-05
-0.000284694,-0.000279024,-0.00026569,-0.000248438,-0.000225256,-0.000200091,-0.000173007,-0.000145448,-0.00011912,-9.44556e-05,-7.2077e-05
-0.000278857,-0.000273196,-0.000260318,-0.000243445,-0.000220691,-0.00019606,-0.000169323,-0.000142296,-0.000116699,-9.22101e-05,-7.04675e-05
-0.000273215,-0.000267563,-0.000254928,-0.000238309,-0.000216103,-0.00019163,-0.000165514,-0.000139188,-0.000113877,-9.0064e-05,-6.87194e-05
-0.00026807,-0.000262313,-0.000250017,-0.00023348,-0.000211727,-0.000187867,-0.000162009,-0.000136143,-0.000111461,-8.79301e-05,-6.7172e-05
-0.000262596,-0.000257215,-0.000245005,-0.000228899,-0.000207358,-0.000183841,-0.000158676,-0.000133315,-0.000108891,-8.60513e-05,-6.55457e-05
-0.0002574,-0.000251966,-0.000239977,-0.000224016,-0.000203234,-0.000180028,-0.000155396,-0.00013043,-0.000106444,-8.39865e-05,-6.40054e-05
-0.000252322,-0.000247059,-0.0002353,-0.000219688,-0.000198947,-0.000176327,-0.00015212,-0.000127656,-0.000104075,-8.19752e-05,-6.24477e-05
-0.000247344,-0.000242394,-0.00023066,-0.000215296,-0.000194975,-0.000172722,-0.000149052,-0.000124772,-0.000101692,-8.02495e-05,-6.10102e-05
-0.000242556,-0.00023731,-0.000226097,-0.000211137,-0.000191214,-0.000169146,-0.000145731,-0.000122171,-9.95498e-05,-7.84056e-05,-5.95132e-05
-0.000237707,-0.00023272,-0.000221493,-0.00020677,-0.000187154,-0.00016585,-0.000142671,-0.000119574,-9.74079e-05,-7.67502e-05,-5.81336e-05
-0.00023298,-0.000227955,-0.000217078,-0.000202551,-0.000183363,-0.000162537,-0.000139643,-0.000117,-9.53881e-05,-7.48711e-05,-5.6771e-05
-0.00022846,-0.000223568,-0.000212736,-0.000198778,-0.000179765,-0.000159089,-0.000136902,-0.000114471,-9.31667e-05,-7.32996e-05,-5.55399e-05
-0.000224139,-0.000219316,-0.000208592,-0.000194556,-0.000176154,-0.000155855,-0.000133982,-0.000112037,-9.12009e-05,-7.15794e-05,-5.42285e-05
-0.000219682,-0.000215013,-0.000204659,-0.000190768,-0.000172595,-0.000152788,-0.000131287,-0.000109666,-8.90914e-05,-6.9946e-05,-5.28751e-05
-0.000215352,-0.000211,-0.000200371,-0.000187053,-0.000169126,-0.00014973,-0.000128597,-0.000107393,-8.71367e-05,-6.83241e-05,-5.1722e-05
-0.000211124,-0.000206627,-0.000196766,-0.000183237,-0.00016573,-0.000146553,-0.000125974,-0.000105108,-8.54636e-05,-6.67892e-05,-5.05741e-05
-0.000207252,-0.000202475,-0.000192979,-0.000179637,-0.00016251,-0.000143682,-0.000123471,-0.000102907,-8.35549e-05,-6.54145e-05,-4.93858e-05
-0.000203202,-0.000198625,-0.000189183,-0.00017623,-0.000159366,-0.0001407,-0.000120906,-0.000100724,-8.17405e-05,-6.40327e-05,-4.81922e-05
-0.000199383,-0.000194902,-0.000185541,-0.000172834,-0.000156157,-0.000137976,-0.000118524,-9.88982e-05,-8.00155e-05,-6.25475e-05,-4.71405e-05
-0.000195609,-0.000191229,-0.000181825,-0.000169627,-0.000153025,-0.000135316,-0.000115964,-9.67746e-05,-7.82058e-05,-6.1144e-05,-4.60778e-05
-0.000191771,-0.000187808,-0.000178415,-0.000166089,-0.000150056,-0.000132561,-0.000113619,-9.4694e-05,-7.67326e-05,-5.97257e-05,-4.49855e-05
-0.000188007,-0.000184112,-0.00017502,-0.000162871,-0.000147121,-0.000129862,-0.000111421,-9.27309e-05,-7.50176e-05,-5.84234e-05,-4.39902e-05
-0.00018435,-0.000180474,-0.000171549,-0.000159888,-0.000144237,-0.000127317,-0.000109095,-9.08399e-05,-7.34609e-05,-5.72442e-05,-4.29928e-05
-0.000180991,-0.000176946,-0.000168227,-0.00015657,-0.000141473,-0.000124805,-0.000106867,-8.88905e-05,-7.18084e-05,-5.58826e-05,-4.20311e-05
-0.000177536,-0.000173719,-0.00016514,-0.000153541,-0.000138729,-0.000122345,-0.000104806,-8.69962e-05,-7.03432e-05,-5.4741e-05,-4.10588e-05
-0.000174202,-0.000170431,-0.00016191,-0.000150708,-0.000136101,-0.000120006,-0.000102673,-8.53675e-05,-6.88594e-05,-5.36503e-05,-4.01993e-05
-0.000170863,-0.000167161,-0.000158888,-0.000147796,-0.000133375,-0.000117603,-0.000100581,-8.35077e-05,-6.7467e-05,-5.23722e-05,-3.9243e-05
-0.000167697,-0.000164047,-0.000155922,-0.000144936,-0.000130839,-0.000115306,-9.86317e-05,-8.19623e-05,-6.6004e-05,-5.13008e-05,-3.83824e-05
-0.0001646,-0.000160957,-0.000153029,-0.000142177,-0.000128379,-0.000113094,-9.66843e-05,-8.02875e-05,-6.45726e-05,-5.0145e-05,-3.75482e-05
-0.000161457,-0.000157918,-0.000149949,-0.000139521,-0.000125877,-0.000110846,-9.48176e-05,-7.86293e-05,-6.3299e-05,-4.91071e-05,-3.67256e-05
-0.000158441,-0.00015501,-0.000147231,-0.000136696,-0.000123485,-0.000108725,-9.28758e-05,-7.7005e-05,-6.19987e-05,-4.8061e-05,-3.59214e-05
-0.000155449,-0.000151914,-0.000144501,-0.000134329,-0.000121148,-0.000106691,-9.09606e-05,-7.54334e-05,-6.0715e-05,-4.70305e-05,-3.51233e-05
-0.00015277,-0.000149213,-0.000141785,-0.000131757,-0.000118859,-0.000104482,-8.92658e-05,-7.39883e-05,-5.944e-05,-4.6077e-05,-3.43285e-05
-0.000150235,-0.000146156,-0.000139236,-0.000129311,-0.000116664,-0.000103002,-8.75453e-05,-7.27729e-05,-5.80179e-05,-4.4937e-05,-3.37167e-05
-0.000147553,-0.000143539,-0.000136646,-0.000126952,-0.000114487,-0.000100958,-8.58282e-05,-7.13753e-05,-5.68889e-05,-4.39854e-05,-3.29968e-05
-0.000144838,-0.00014094,-0.000133945,-0.000124454,-0.000112308,-9.89676e-05,-8.42841e-05,-6.98378e-05,-5.57493e-05,-4.3116e-05,-3.22687e-05
-0.000142142,-0.000138247,-0.00013162,-0.000122228,-0.000110138,-9.71896e-05,-8.25403e-05,-6.84172e-05,-5.45862e-05,-4.21685e-05,-3.1561e-05
-0.000139643,-0.00013571,-0.000129268,-0.000119816,-0.000108144,-9.52081e-05,-8.09287e-05,-6.71606e-05,-5.34317e-05,-4.12838e-05,-3.08828e-05
-0.000137035,-0.000133205,-0.000126877,-0.000117671,-0.000106111,-9.34566e-05,-7.94163e-05,-6.58459e-05,-5.23985e-05,-4.0433e-05,-3.01893e-05
-0.000134513,-0.000130856,-0.000124496,-0.000115565,-0.00010414,-9.15856e-05,-7.78181e-05,-6.45167e-05,-5.13545e-05,-3.96218e-05,-2.95737e-05
-0.000132087,-0.000128485,-0.000122153,-0.000113403,-0.00010224,-8.99231e-05,-7.63827e-05,-6.32239e-05,-5.03392e-05,-3.87971e-05,-2.89493e-05
-0.000129653,-0.000126114,-0.000120034,-0.000111344,-0.000100322,-8.82139e-05,-7.49062e-05,-6.19934e-05,-4.93212e-05,-3.79707e-05,-2.83245e-05
-0.000127347,-0.000123888,-0.00011785,-0.000109254,-9.84756e-05,-8.66411e-05,-7.34896e-05,-6.07404e-05,-4.83464e-05,-3.71903e-05,-2.77052e-05
-0.000125033,-0.000121614,-0.000115645,-0.000107275,-9.66433e-05,-8.50078e-05,-7.20512e-05,-5.96793e-05,-4.73604e-05,-3.64455e-05,-2.70743e-05
-0.000122731,-0.00011949,-0.000113528,-0.000105289,-9.48476e-05,-8.34469e-05,-7.07298e-05,-5.84224e-05,-4.639e-05,-3.57166e-05,-2.65188e-05
-0.000120612,-0.000117305,-0.000111569,-0.000103413,-9.30791e-05,-8.18383e-05,-6.93946e-05,-5.72504e-05,-4.54862e-05,-3.49525e-05,-2.60093e-05
-0.000118476,-0.000115181,-0.000109553,-0.000101442,-9.14031e-05,-8.04169e-05,-6.80548e-05,-5.62315e-05,-4.46112e-05,-3.42466e-05,-2.54631e-05
-0.000116365,-0.000113141,-0.000107624,-9.96736e-05,-8.97235e-05,-7.88662e-05,-6.67933e-05,-5.51798e-05,-4.3711e-05,-3.35653e-05,-2.48451e-05
-0.000114186,-0.000111133,-0.000105664,-9.78611e-05,-8.81119e-05,-7.73884e-05,-6.55601e-05,-5.40632e-05,-4.28455e-05,-3.28696e-05,-2.43641e-05
-0.000112298,-0.000109113,-0.000103797,-9.60964e-05,-8.65022e-05,-7.60288e-05,-6.43205e-05,-5.29802e-05,-4.20061e-05,-3.22044e-05,-2.3865e-05
-0.000110177,-0.000107337,-0.000101891,-9.43874e-05,-8.49973e-05,-7.46199e-05,-6.31092e-05,-5.20516e-05,-4.1215e-05,-3.15557e-05,-2.33719e-05
-0.000108189,-0.00010529,-0.000100178,-9.27055e-05,-8.34406e-05,-7.32807e-05,-6.19789e-05,-5.10679e-05,-4.04126e-05,-3.0923e-05,-2.2857e-05
-0.000106496,-0.000103471,-9.83606e-05,-9.10525e-05,-8.19215e-05,-7.19216e-05,-6.07916e-05,-5.01098e-05,-3.96541e-05,-3.03135e-05,-2.23904e-05
-0.000104449,-0.000101666,-9.66417e-05,-8.94596e-05,-8.05409e-05,-7.0691e-05,-5.9704e-05,-4.90905e-05,-3.88539e-05,-2.97111e-05,-2.19401e-05
-0.000102699,-9.98983e-05,-9.49525e-05,-8.78771e-05,-7.90267e-05,-6.92955e-05,-5.85378e-05,-4.82133e-05,-3.81008e-05,-2.91198e-05,-2.14957e-05
-0.000100851,-9.8141e-05,-9.32414e-05,-8.63491e-05,-7.75625e-05,-6.81268e-05,-5.75078e-05,-4.72635e-05,-3.73871e-05,-2.8551e-05,-2.1008e-05
-9.91696e-05,-9.64539e-05,-9.16302e-05,-8.47718e-05,-7.62644e-05,-6.68741e-05,-5.64609e-05,-4.64172e-05,-3.66506e-05,-2.79901e-05,-2.06177e-05
-9.75065e-05,-9.4756e-05,-9.00604e-05,-8.3295e-05,-7.48761e-05,-6.55689e-05,-5.54151e-05,-4.55507e-05,-3.59552e-05,-2.74181e-05,-2.01801e-05
-9.57439e-05,-9.32041e-05,-8.84705e-05,-8.18478e-05,-7.35895e-05,-6.448e-05,-5.43974e-05,-4.47103e-05,-3.52597e-05,-2.68813e-05,-1.97651e-05
-9.39883e-05,-9.15462e-05,-8.69688e-05,-8.04428e-05,-7.2289e-05,-6.32747e-05,-5.34175e-05,-4.38356e-05,-3.45848e-05,-2.63573e-05,-1.93562e-05
-9.242e-05,-8.9968e-05,-8.5462e-05,-7.90208e-05,-7.10179e-05,-6.222e-05,-5.24593e-05,-4.30304e-05,-3.39313e-05,-2.58289e-05,-1.89738e-05
-9.08984e-05,-8.8436e-05,-8.3934e-05,-7.76005e-05,-6.97378e-05,-6.1053e-05,-5.15077e-05,-4.22067e-05,-3.32973e-05,-2.53464e-05,-1.8571e-05
-8.92825e-05,-8.69356e-05,-8.25648e-05,-7.62482e-05,-6.85573e-05,-6.00187e-05,-5.05546e-05,-4.14675e-05,-3.26511e-05,-2.48621e-05,-1.82071e-05
-8.77567e-05,-8.54055e-05,-8.11277e-05,-7.495e-05,-6.73398e-05,-5.89845e-05,-4.9649e-05,-4.07451e-05,-3.20567e-05,-2.43761e-05,-1.78366e-05
-8.63407e-05,-8.39895e-05,-7.97613e-05,-7.36465e-05,-6.62166e-05,-5.79033e-05,-4.87645e-05,-3.99259e-05,-3.1457e-05,-2.38919e-05,-1.74824e-05
-8.48012e-05,-8.25691e-05,-7.83754e-05,-7.23731e-05,-6.50349e-05,-5.68772e-05,-4.78799e-05,-3.91804e-05,-3.08569e-05,-2.34329e-05,-1.7112e-05
-8.3397e-05,-8.11477e-05,-7.70462e-05,-7.11571e-05,-6.39276e-05,-5.58872e-05,-4.70524e-05,-3.85299e-05,-3.02836e-05,-2.2985e-05,-1.67903e-05
-8.20259e-05,-7.97663e-05,-7.57177e-05,-6.99519e-05,-6.28381e-05,-5.48646e-05,-4.62001e-05,-3.78173e-05,-2.97312e-05,-2.25542e-05,-1.64733e-05
-8.05802e-05,-7.84739e-05,-7.44713e-05,-6.87331e-05,-6.17315e-05,-5.39527e-05,-4.53718e-05,-3.7107e-05,-2.91738e-05,-2.21056e-05,-1.61287e-05
-7.92387e-05,-7.71315e-05,-7.31926e-05,-6.7563e-05,-6.06818e-05,-5.3019e-05,-4.45891e-05,-3.64448e-05,-2.86409e-05,-2.16872e-05,-1.58228e-05
-7.78941e-05,-7.58284e-05,-7.19279e-05,-6.64178e-05,-5.96405e-05,-5.21101e-05,-4.37889e-05,-3.57952e-05,-2.81017e-05,-2.12761e-05,-1.55069e-05
-7.66438e-05,-7.46014e-05,-7.0764e-05,-6.53035e-05,-5.86224e-05,-5.11862e-05,-4.30344e-05,-3.51584e-05,-2.75814e-05,-2.08723e-05,-1.52077e-05
-7.53337e-05,-7.33542e-05,-6.95471e-05,-6.42008e-05,-5.76305e-05,-5.02871e-05,-4.22912e-05,-3.4536e-05,-2.70658e-05,-2.0477e-05,-1.49118e-05
-7.40714e-05,-7.21417e-05,-6.84145e-05,-6.31228e-05,-5.66598e-05,-4.94513e-05,-4.15354e-05,-3.38976e-05,-2.65826e-05,-2.0101e-05,-1.45862e-05
-7.28716e-05,-7.09485e-05,-6.72783e-05,-6.21147e-05,-5.57124e-05,-4.85236e-05,-4.08046e-05,-3.32575e-05,-2.60976e-05,-1.97125e-05,-1.43129e-05
-7.16927e-05,-6.97351e-05,-6.6133e-05,-6.10292e-05,-5.47484e-05,-4.77837e-05,-4.01055e-05,-3.27508e-05,-2.56212e-05,-1.93454e-05,-1.40216e-05
-7.05032e-05,-6.86048e-05,-6.50656e-05,-6.00051e-05,-5.38213e-05,-4.69141e-05,-3.94243e-05,-3.21183e-05,-2.51591e-05,-1.8985e-05,-1.37637e-05
-6.9338e-05,-6.75005e-05,-6.39864e-05,-5.90243e-05,-5.29157e-05,-4.6163e-05,-3.87287e-05,-3.15849e-05,-2.47105e-05,-1.86298e-05,-1.35008e-05
-6.81666e-05,-6.63643e-05,-6.29407e-05,-5.80581e-05,-5.20324e-05,-4.53184e-05,-3.80474e-05,-3.10151e-05,-2.42512e-05,-1.82851e-05,-1.32231e-05
-6.70835e-05,-6.52888e-05,-6.18897e-05,-5.7078e-05,-5.11874e-05,-4.45692e-05,-3.73928e-05,-3.04488e-05,-2.3828e-05,-1.79464e-05,-1.29801e-05
-6.59797e-05,-6.42494e-05,-6.0879e-05,-5.61476e-05,-5.0313e-05,-4.38275e-05,-3.67483e-05,-2.99184e-05,-2.33966e-05,-1.76124e-05,-1.27417e-05
-6.48953e-05,-6.32e-05,-5.99195e-05,-5.52163e-05,-4.94947e-05,-4.31226e-05,-3.61291e-05,-2.94064e-05,-2.29701e-05,-1.72852e-05,-1.2484e-05
-6.38596e-05,-6.21563e-05,-5.89076e-05,-5.43228e-05,-4.86597e-05,-4.2423e-05,-3.55013e-05,-2.88944e-05,-2.25559e-05,-1.69755e-05,-1.22375e-05
-6.28376e-05,-6.1169e-05,-5.79704e-05,-5.34136e-05,-4.78569e-05,-4.17026e-05,-3.49115e-05,-2.83854e-05,-2.21573e-05,-1.66552e-05,-1.20215e-05
-6.18127e-05,-6.01525e-05,-5.70243e-05,-5.25789e-05,-4.70651e-05,-4.09432e-05,-3.43171e-05,-2.78931e-05,-2.17613e-05,-1.63517e-05,-1.17848e-05
-6.08333e-05,-5.91818e-05,-5.61284e-05,-5.16991e-05,-4.62884e-05,-4.03011e-05,-3.37322e-05,-2.74065e-05,-2.13843e-05,-1.60526e-05,-1.15494e-05
-5.98858e-05,-5.82321e-05,-5.52143e-05,-5.08733e-05,-4.5549e-05,-3.96176e-05,-3.31528e-05,-2.69142e-05,-2.10073e-05,-1.57554e-05,-1.1362e-05
-5.88837e-05,-5.73129e-05,-5.42984e-05,-5.00568e-05,-4.47981e-05,-3.89918e-05,-3.25963e-05,-2.64545e-05,-2.06414e-05,-1.54648e-05,-1.11106e-05
-5.7968e-05,-5.63713e-05,-5.34543e-05,-4.92212e-05,-4.40518e-05,-3.83316e-05,-3.20707e-05,-2.60122e-05,-2.02677e-05,-1.51922e-05,-1.09078e-05
-5.70185e-05,-5.55189e-05,-5.26355e-05,-4.84566e-05,-4.33625e-05,-3.77091e-05,-3.15263e-05,-2.55728e-05,-1.99187e-05,-1.49238e-05,-1.07202e-05
-5.61138e-05,-5.46533e-05,-5.1762e-05,-4.76695e-05,-4.26472e-05,-3.70814e-05,-3.10112e-05,-2.51429e-05,-1.95691e-05,-1.46475e-05,-1.05002e-05
-5.52408e-05,-5.37438e-05,-5.09276e-05,-4.69142e-05,-4.19604e-05,-3.6466e-05,-3.04854e-05,-2.46985e-05,-1.92368e-05,-1.43834e-05,-1.02973e-05
-5.43632e-05,-5.29093e-05,-5.01099e-05,-4.61468e-05,-4.1279e-05,-3.58597e-05,-2.99749e-05,-2.42905e-05,-1.89012e-05,-1.41223e-05,-1.01185e-05
-5.34948e-05,-5.20693e-05,-4.93367e-05,-4.54277e-05,-4.06286e-05,-3.52873e-05,-2.94813e-05,-2.38824e-05,-1.85676e-05,-1.38736e-05,-9.93666e-06
-5.26825e-05,-5.12547e-05,-4.85526e-05,-4.47031e-05,-3.99656e-05,-3.4719e-05,-2.89899e-05,-2.34717e-05,-1.82477e-05,-1.36237e-05,-9.75166e-06
-5.18402e-05,-5.04629e-05,-4.77855e-05,-4.39831e-05,-3.93348e-05,-3.41328e-05,-2.85115e-05,-2.30714e-05,-1.79377e-05,-1.33855e-05,-9.56339e-06
-5.10396e-05,-4.9683e-05,-4.70596e-05,-4.33002e-05,-3.8701e-05,-3.35729e-05,-2.80482e-05,-2.26906e-05,-1.76163e-05,-1.31453e-05,-9.41771e-06
-5.02416e-05,-4.8898e-05,-4.63097e-05,-4.26088e-05,-3.80831e-05,-3.30647e-05,-2.75838e-05,-2.23071e-05,-1.73201e-05,-1.29144e-05,-9.22918e-06
-4.94626e-05,-4.81458e-05,-4.56015e-05,-4.19436e-05,-3.74794e-05,-3.24964e-05,-2.71484e-05,-2.19217e-05,-1.70223e-05,-1.26862e-05,-9.04121e-06
-4.86957e-05,-4.73908e-05,-4.48764e-05,-4.12828e-05,-3.68825e-05,-3.2004e-05,-2.66907e-05,-2.15708e-05,-1.67404e-05,-1.24611e-05,-8.87517e-06
-4.79296e-05,-4.66756e-05,-4.41967e-05,-4.06408e-05,-3.63149e-05,-3.14932e-05,-2.62495e-05,-2.12014e-05,-1.64459e-05,-1.22403e-05,-8.73291e-06
-4.71969e-05,-4.59419e-05,-4.35005e-05,-4.00207e-05,-3.572e-05,-3.09968e-05,-2.58339e-05,-2.08629e-05,-1.61704e-05,-1.20272e-05,-8.55323e-06
-4.64871e-05,-4.52236e-05,-4.28202e-05,-3.93951e-05,-3.51858e-05,-3.04989e-05,-2.54098e-05,-2.05223e-05,-1.5889e-05,-1.18194e-05,-8.3916e-06
-4.5786e-05,-4.4515e-05,-4.21693e-05,-3.87759e-05,-3.46062e-05,-2.99946e-05,-2.49978e-05,-2.01765e-05,-1.56215e-05,-1.16122e-05,-8.2536e-06
-4.50859e-05,-4.38716e-05,-4.1513e-05,-3.81642e-05,-3.40717e-05,-2.95042e-05,-2.46011e-05,-1.98439e-05,-1.53584e-05,-1.14097e-05,-8.09281e-06
-4.4379e-05,-4.32109e-05,-4.08866e-05,-3.76023e-05,-3.3544e-05,-2.90755e-05,-2.42088e-05,-1.95327e-05,-1.51051e-05,-1.12101e-05,-7.96776e-06
-4.37304e-05,-4.25182e-05,-4.02507e-05,-3.70033e-05,-3.30369e-05,-2.8606e-05,-2.38297e-05,-1.91903e-05,-1.48502e-05,-1.1015e-05,-7.82652e-06
-4.30654e-05,-4.18735e-05,-3.9664e-05,-3.64378e-05,-3.25112e-05,-2.81638e-05,-2.34409e-05,-1.88888e-05,-1.46029e-05,-1.08247e-05,-7.66747e-06
-4.24317e-05,-4.12542e-05,-3.90924e-05,-3.59207e-05,-3.20306e-05,-2.76707e-05,-2.30927e-05,-1.85712e-05,-1.4419e-05,-1.06475e-05,-7.53476e-06
-4.18164e-05,-4.06531e-05,-3.84941e-05,-3.53705e-05,-3.1553e-05,-2.72444e-05,-2.27098e-05,-1.82614e-05,-1.41605e-05,-1.04591e-05,-7.42461e-06
-4.11553e-05,-4.00631e-05,-3.78926e-05,-3.48135e-05,-3.1049e-05,-2.68162e-05,-2.23565e-05,-1.79665e-05,-1.39259e-05,-1.02847e-05,-7.28179e-06
-4.0556e-05,-3.94449e-05,-3.73373e-05,-3.4297e-05,-3.05675e-05,-2.63995e-05,-2.20022e-05,-1.76675e-05,-1.36935e-05,-1.01086e-05,-7.14009e-06
-3.99685e-05,-3.88527e-05,-3.67544e-05,-3.37902e-05,-3.01099e-05,-2.59877e-05,-2.16596e-05,-1.73851e-05,-1.34815e-05,-9.93674e-06,-7.0298e-06
-3.93536e-05,-3.82623e-05,-3.62119e-05,-3.32518e-05,-2.96596e-05,-2.55796e-05,-2.1301e-05,-1.71223e-05,-1.3262e-05,-9.77707e-06,-6.91569e-06
-3.87591e-05,-3.76923e-05,-3.56603e-05,-3.27602e-05,-2.92007e-05,-2.51831e-05,-2.09884e-05,-1.68417e-05,-1.30331e-05,-9.59718e-06,-6.79318e-06
-3.82022e-05,-3.71614e-05,-3.51376e-05,-3.2281e-05,-2.87654e-05,-2.47953e-05,-2.06626e-05,-1.65702e-05,-1.28134e-05,-9.43568e-06,-6.63262e-06
-3.76222e-05,-3.6577e-05,-3.46073e-05,-3.17725e-05,-2.83085e-05,-2.44206e-05,-2.03356e-05,-1.63015e-05,-1.25989e-05,-9.27679e-06,-6.53427e-06
-3.70502e-05,-3.60525e-05,-3.41014e-05,-3.13084e-05,-2.78907e-05,-2.40294e-05,-2.0013e-05,-1.60422e-05,-1.23905e-05,-9.11591e-06,-6.42867e-06
-3.65041e-05,-3.54917e-05,-3.35921e-05,-3.08394e-05,-2.74678e-05,-2.3685e-05,-1.97092e-05,-1.57887e-05,-1.21973e-05,-8.96506e-06,-6.3137e-06
-3.59736e-05,-3.4974e-05,-3.30936e-05,-3.03942e-05,-2.70696e-05,-2.33206e-05,-1.93985e-05,-1.55396e-05,-1.20092e-05,-8.82118e-06,-6.2133e-06
-3.54342e-05,-3.44729e-05,-3.26028e-05,-2.99327e-05,-2.66485e-05,-2.2961e-05,-1.91025e-05,-1.529e-05,-1.17991e-05,-8.67653e-06,-6.10127e-06
-3.49557e-05,-3.39783e-05,-3.21318e-05,-2.94722e-05,-2.62497e-05,-2.26117e-05,-1.88162e-05,-1.50477e-05,-1.16107e-05,-8.52085e-06,-6.00569e-06
-3.44234e-05,-3.34706e-05,-3.16618e-05,-2.9061e-05,-2.58518e-05,-2.22798e-05,-1.852e-05,-1.48152e-05,-1.14205e-05,-8.3837e-06,-5.88223e-06
-3.39259e-05,-3.29947e-05,-3.12053e-05,-2.8629e-05,-2.54661e-05,-2.19372e-05,-1.8236e-05,-1.45867e-05,-1.12485e-05,-8.24736e-06,-5.79003e-06
-3.34258e-05,-3.25121e-05,-3.07408e-05,-2.81865e-05,-2.50959e-05,-2.16009e-05,-1.79473e-05,-1.43596e-05,-1.10622e-05,-8.11679e-06,-5.67317e-06
-3.29435e-05,-3.20301e-05,-3.03018e-05,-2.77954e-05,-2.4728e-05,-2.12838e-05,-1.76783e-05,-1.41226e-05,-1.0882e-05,-7.97075e-06,-5.59483e-06
-3.24381e-05,-3.15562e-05,-2.98551e-05,-2.73756e-05,-2.43498e-05,-2.09597e-05,-1.74062e-05,-1.38986e-05,-1.07074e-05,-7.83806e-06,-5.48817e-06
-3.1981e-05,-3.11038e-05,-2.94212e-05,-2.69915e-05,-2.3995e-05,-2.06494e-05,-1.71444e-05,-1.36895e-05,-1.05467e-05,-7.71143e-06,-5.38723e-06
-3.15537e-05,-3.06495e-05,-2.89896e-05,-2.65863e-05,-2.36355e-05,-2.03407e-05,-1.68754e-05,-1.34779e-05,-1.03671e-05,-7.58153e-06,-5.29733e-06
-3.1085e-05,-3.02225e-05,-2.85437e-05,-2.61978e-05,-2.32913e-05,-2.00259e-05,-1.66165e-05,-1.32766e-05,-1.02061e-05,-7.45149e-06,-5.20675e-06
-3.06173e-05,-2.97636e-05,-2.81541e-05,-2.58197e-05,-2.2946e-05,-1.9737e-05,-1.6375e-05,-1.30667e-05,-1.00453e-05,-7.33449e-06,-5.12303e-06
-3.01852e-05,-2.93668e-05,-2.77514e-05,-2.5462e-05,-2.26085e-05,-1.94406e-05,-1.61293e-05,-1.28634e-05,-9.88351e-06,-7.21577e-06,-5.03976e-06
-2.97389e-05,-2.89161e-05,-2.73557e-05,-2.50609e-05,-2.2281e-05,-1.91603e-05,-1.58857e-05,-1.26793e-05,-9.72258e-06,-7.09349e-06,-4.95351e-06
-2.93396e-05,-2.8504e-05,-2.6961e-05,-2.47265e-05,-2.19581e-05,-1.88678e-05,-1.56459e-05,-1.24765e-05,-9.57453e-06,-6.99071e-06,-4.85988e-06
-2.89332e-05,-2.81055e-05,-2.65784e-05,-2.43557e-05,-2.1654e-05,-1.85929e-05,-1.5412e-05,-1.22842e-05,-9.42869e-06,-6.8655e-06,-4.77357e-06
-2.85077e-05,-2.77257e-05,-2.61969e-05,-2.40071e-05,-2.13298e-05,-1.83222e-05,-1.51804e-05,-1.20919e-05,-9.2672e-06,-6.75526e-06,-4.70249e-06
-2.81019e-05,-2.73213e-05,-2.58202e-05,-2.36647e-05,-2.10159e-05,-1.80454e-05,-1.49492e-05,-1.19127e-05,-9.14034e-06,-6.65189e-06,-4.62709e-06
-2.76985e-05,-2.69373e-05,-2.545e-05,-2.33299e-05,-2.07147e-05,-1.7791e-05,-1.47324e-05,-1.17254e-05,-8.99075e-06,-6.54086e-06,-4.54211e-06
-2.73135e-05,-2.6551e-05,-2.5081e-05,-2.29972e-05,-2.0421e-05,-1.75327e-05,-1.45208e-05,-1.15551e-05,-8.84152e-06,-6.43198e-06,-4.46381e-06
-2.69307e-05,-2.61688e-05,-2.47488e-05,-2.26692e-05,-2.0114e-05,-1.72767e-05,-1.42942e-05,-1.13828e-05,-8.70855e-06,-6.33995e-06,-4.39542e-06
-2.65452e-05,-2.58091e-05,-2.43809e-05,-2.23432e-05,-1.98322e-05,-1.7024e-05,-1.40881e-05,-1.12068e-05,-8.57876e-06,-6.22927e-06,-4.3314e-06
-2.61833e-05,-2.54433e-05,-2.40462e-05,-2.20284e-05,-1.95485e-05,-1.67839e-05,-1.3884e-05,-1.10406e-05,-8.43852e-06,-6.13166e-06,-4.25258e-06
-2.58156e-05,-2.50884e-05,-2.37128e-05,-2.17149e-05,-1.9259e-05,-1.65312e-05,-1.36756e-05,-1.08716e-05,-8.30865e-06,-6.03429e-06,-4.18119e-06
-2.54565e-05,-2.4736e-05,-2.33747e-05,-2.14133e-05,-1.89987e-05,-1.62929e-05,-1.34675e-05,-1.07084e-05,-8.18093e-06,-5.93588e-06,-4.10137e-06
-2.51111e-05,-2.43931e-05,-2.30475e-05,-2.11041e-05,-1.87252e-05,-1.60621e-05,-1.32745e-05,-1.05452e-05,-8.05758e-06,-5.84456e-06,-4.02627e-06
-2.4749e-05,-2.40604e-05,-2.27183e-05,-2.08185e-05,-1.84551e-05,-1.58269e-05,-1.30836e-05,-1.03879e-05,-7.9326e-06,-5.7488e-06,-3.97198e-06
-2.44006e-05,-2.37123e-05,-2.24114e-05,-2.05193e-05,-1.8196e-05,-1.55981e-05,-1.28873e-05,-1.02411e-05,-7.80925e-06,-5.65591e-06,-3.90799e-06
-2.4076e-05,-2.33889e-05,-2.21044e-05,-2.02239e-05,-1.79361e-05,-1.53721e-05,-1.27031e-05,-1.00835e-05,-7.69359e-06,-5.5723e-06,-3.85195e-06
-2.3733e-05,-2.30783e-05,-2.17916e-05,-1.99567e-05,-1.7685e-05,-1.51582e-05,-1.25102e-05,-9.9317e-06,-7.57275e-06,-5.47454e-06,-3.77829e-06
-2.34095e-05,-2.27491e-05,-2.1495e-05,-1.96762e-05,-1.74347e-05,-1.49541e-05,-1.23396e-05,-9.78412e-06,-7.45416e-06,-5.39426e-06,-3.72797e-06
-2.30929e-05,-2.24322e-05,-2.11903e-05,-1.93959e-05,-1.71854e-05,-1.47281e-05,-1.2151e-05,-9.6377e-06,-7.3444e-06,-5.31618e-06,-3.65736e-06
-2.27701e-05,-2.21323e-05,-2.08972e-05,-1.91272e-05,-1.69529e-05,-1.45146e-05,-1.19887e-05,-9.50509e-06,-7.2331e-06,-5.22429e-06,-3.59736e-06
