0.000353454,0.000346534,0.000346473,0.000328162,0.000325616,0.000308434,0.000309435,0.000295927,0.000290363,0.0002789,0.000256251
0.000334588,0.00032846,0.000324842,0.000313874,0.000309974,0.000291358,0.000292859,0.000279232,0.000273388,0.000260713,0.00024027
0.000316256,0.000311709,0.00030985,0.000295253,0.000290995,0.000276702,0.000274264,0.00025964,0.000255529,0.000245314,0.000222113
0.000299761,0.000295075,0.000292442,0.000282016,0.000276501,0.00026192,0.000260671,0.000244482,0.000241512,0.000229523,0.000209525
0.000285364,0.000280962,0.000278497,0.000269138,0.00026273,0.000249061,0.000247103,0.000231534,0.000228556,0.000216426,0.000197831
0.000271419,0.000268477,0.000265499,0.000258056,0.000250036,0.000237146,0.000235418,0.000220891,0.00021696,0.000205417,0.000188108
0.000259982,0.0002568,0.000254134,0.000246546,0.000238221,0.000226668,0.000223344,0.00021029,0.000205643,0.000193598,0.000177751
0.000249205,0.000246185,0.000243612,0.00023585,0.000227548,0.00021693,0.000213158,0.000201293,0.000195685,0.000183816,0.000169141
0.000238828,0.000236484,0.000233448,0.000227111,0.000217296,0.000207758,0.000203366,0.000193177,0.000185853,0.000174756,0.00016111
0.000229306,0.000227539,0.000224141,0.000219438,0.000208309,0.000199215,0.000194982,0.000185577,0.000177004,0.00016682,0.00015416
0.00022081,0.000219243,0.000215505,0.000209995,0.000199857,0.000191386,0.000186534,0.000178534,0.000168895,0.000159207,0.00014731
0.0002125,0.000211293,0.00020765,0.000202212,0.000191841,0.000184455,0.000178696,0.000170906,0.000161789,0.00015283,0.00014147
0.000205997,0.000203944,0.000199929,0.000194578,0.000183839,0.00017761,0.000171643,0.000165012,0.000154584,0.000145577,0.000135223
0.000198763,0.000197244,0.000192262,0.000187445,0.000177293,0.000170597,0.000164203,0.00015972,0.00014801,0.000140102,0.000130116
0.000192377,0.000189956,0.000185572,0.000181003,0.000170708,0.000165031,0.000158156,0.000153482,0.00014221,0.000134226,0.000124654
0.000186696,0.000183772,0.00017944,0.000174566,0.000165424,0.000159144,0.000152326,0.000148066,0.000136924,0.000129203,0.000120003
0.000180844,0.000177771,0.000172825,0.000168769,0.00015858,0.00015448,0.000146674,0.000143697,0.000131861,0.000124707,0.000115259
0.000174549,0.000172703,0.00016743,0.000162815,0.000153765,0.000148855,0.000141306,0.000137855,0.000126854,0.000119442,0.000111316
0.00017011,0.000166736,0.0001618,0.000157266,0.000147898,0.000144476,0.000136724,0.000133448,0.000122247,0.000115002,0.000106907
0.000165207,0.000161614,0.000156507,0.000152185,0.000143387,0.000139276,0.000131701,0.000128828,0.000117936,0.000111345,0.000103141
0.000160062,0.000156421,0.000151785,0.000146972,0.00013835,0.000135428,0.000127764,0.000124322,0.000113804,0.000106731,9.91096e-05
0.000154908,0.000151727,0.000147346,0.000142028,0.00013449,0.000130605,0.000123173,0.000119737,0.000109454,0.000103141,9.55985e-05
0.000150372,0.000146377,0.000142519,0.000137383,0.000129707,0.000126787,0.000119326,0.000115751,0.000105866,9.94649e-05,9.17312e-05
0.000145636,0.000142761,0.000138737,0.000133461,0.000126286,0.000122839,0.000116026,0.000111783,0.000102303,9.60585e-05,8.85826e-05
0.00014185,0.000137975,0.000134905,0.00012932,0.000121808,0.000119155,0.000112451,0.00010783,9.90956e-05,9.24106e-05,8.53111e-05
0.00013727,0.000133819,0.000130655,0.000124837,0.000118247,0.000115386,0.000108856,0.000104154,9.57004e-05,8.90155e-05,8.25146e-05
0.000133389,0.000129838,0.000127003,0.000120637,0.000114156,0.000111919,0.000105538,0.000100332,9.28666e-05,8.59023e-05,7.96216e-05
0.000129244,0.000125798,0.000123164,0.00011724,0.000110994,0.000108461,0.000102148,9.71055e-05,8.9714e-05,8.32584e-05,7.69229e-05
0.000125318,0.00012214,0.000119718,0.00011347,0.000107134,0.000105089,9.93169e-05,9.35224e-05,8.68368e-05,8.00837e-05,7.41548e-05
0.000121509,0.00011899,0.000116449,0.000110272,0.000104343,0.000102057,9.63494e-05,9.07349e-05,8.41895e-05,7.74807e-05,7.1819e-05
0.000118323,0.000115623,0.000112641,0.000106732,0.000100481,9.86981e-05,9.3567e-05,8.77677e-05,8.14812e-05,7.47509e-05,6.91163e-05
0.000114334,0.000111655,0.000109546,0.000103334,9.73968e-05,9.56998e-05,9.04129e-05,8.44292e-05,7.87569e-05,7.2012e-05,6.67334e-05
0.00011084,0.00010839,0.000106166,0.000100252,9.42876e-05,9.25931e-05,8.76106e-05,8.16533e-05,7.61685e-05,6.96292e-05,6.42678e-05
0.000107451,0.000105026,0.000103049,9.71669e-05,9.12897e-05,8.96337e-05,8.48079e-05,7.91003e-05,7.36292e-05,6.71533e-05,6.20329e-05
0.000104122,0.000102109,9.9325e-05,9.43005e-05,8.83699e-05,8.67395e-05,8.2099e-05,7.62728e-05,7.12969e-05,6.5098e-05,5.97788e-05
0.00010092,9.89183e-05,9.65796e-05,9.13332e-05,8.53118e-05,8.40092e-05,7.96505e-05,7.36823e-05,6.89612e-05,6.23071e-05,5.76783e-05
9.74628e-05,9.57854e-05,9.35307e-05,8.82716e-05,8.28242e-05,8.11036e-05,7.67373e-05,7.0981e-05,6.63574e-05,6.03363e-05,5.53674e-05
9.42646e-05,9.27362e-05,9.04147e-05,8.54935e-05,7.99922e-05,7.8328e-05,7.42105e-05,6.83849e-05,6.42064e-05,5.82611e-05,5.33229e-05
9.11559e-05,8.9736e-05,8.68763e-05,8.30405e-05,7.7428e-05,7.56742e-05,7.14949e-05,6.61544e-05,6.1894e-05,5.61385e-05,5.13959e-05
8.80433e-05,8.62727e-05,8.42649e-05,8.0015e-05,7.44663e-05,7.31444e-05,6.89254e-05,6.35411e-05,5.96578e-05,5.37781e-05,4.93559e-05
8.51475e-05,8.36534e-05,8.11707e-05,7.74968e-05,7.1867e-05,7.03184e-05,6.65048e-05,6.14043e-05,5.73974e-05,5.17661e-05,4.73202e-05
8.20043e-05,8.05765e-05,7.82142e-05,7.48311e-05,6.94752e-05,6.76678e-05,6.39881e-05,5.90396e-05,5.52176e-05,4.974e-05,4.54055e-05
7.99695e-05,7.82822e-05,7.58312e-05,7.27426e-05,6.73684e-05,6.56801e-05,6.22395e-05,5.71458e-05,5.36182e-05,4.8055e-05,4.3785e-05
7.64174e-05,7.49331e-05,7.25128e-05,6.9647e-05,6.44487e-05,6.26839e-05,5.91993e-05,5.46651e-05,5.11402e-05,4.5804e-05,4.16757e-05
7.4892e-05,7.26794e-05,7.05047e-05,6.75441e-05,6.26111e-05,6.09249e-05,5.7143e-05,5.33265e-05,4.94975e-05,4.42909e-05,4.02159e-05
7.06959e-05,6.9317e-05,6.6927e-05,6.44667e-05,5.959e-05,5.77746e-05,5.44927e-05,5.05145e-05,4.70274e-05,4.19494e-05,3.8216e-05
6.88073e-05,6.76614e-05,6.48394e-05,6.26544e-05,5.79114e-05,5.61773e-05,5.30034e-05,4.88688e-05,4.55047e-05,4.05306e-05,3.69537e-05
6.54056e-05,6.3922e-05,6.14829e-05,5.95482e-05,5.50131e-05,5.31467e-05,4.99644e-05,4.64286e-05,4.31571e-05,3.84541e-05,3.49055e-05
6.26513e-05,6.13745e-05,5.91592e-05,5.70623e-05,5.27219e-05,5.07481e-05,4.7953e-05,4.45707e-05,4.13932e-05,3.66646e-05,3.33898e-05
6.006e-05,5.90589e-05,5.66552e-05,5.47207e-05,5.05827e-05,4.8609e-05,4.60065e-05,4.25845e-05,3.94989e-05,3.49785e-05,3.19045e-05
5.75307e-05,5.63376e-05,5.41741e-05,5.23907e-05,4.83759e-05,4.63811e-05,4.38021e-05,4.07035e-05,3.77525e-05,3.33632e-05,3.03831e-05
5.49155e-05,5.38537e-05,5.16873e-05,5.01952e-05,4.6366e-05,4.4298e-05,4.17238e-05,3.86899e-05,3.57645e-05,3.17381e-05,2.89424e-05
5.26456e-05,5.13719e-05,4.94394e-05,4.80269e-05,4.43195e-05,4.22741e-05,3.98415e-05,3.68397e-05,3.42263e-05,3.01265e-05,2.75516e-05
5.03118e-05,4.92305e-05,4.71672e-05,4.58099e-05,4.2257e-05,4.03306e-05,3.79212e-05,3.5139e-05,3.25588e-05,2.87202e-05,2.61729e-05
4.80488e-05,4.69638e-05,4.49664e-05,4.36902e-05,4.03102e-05,3.83796e-05,3.61091e-05,3.34325e-05,3.09649e-05,2.72986e-05,2.48548e-05
4.60171e-05,4.46988e-05,4.31252e-05,4.16276e-05,3.84747e-05,3.65192e-05,3.42122e-05,3.20423e-05,2.93797e-05,2.5913e-05,2.36394e-05
4.38851e-05,4.26725e-05,4.08396e-05,3.95453e-05,3.66195e-05,3.47341e-05,3.25999e-05,3.014e-05,2.79833e-05,2.46318e-05,2.23167e-05
4.16189e-05,4.06596e-05,3.88973e-05,3.77037e-05,3.48367e-05,3.30579e-05,3.10182e-05,2.86522e-05,2.65231e-05,2.33185e-05,2.12694e-05
3.96507e-05,3.87242e-05,3.69952e-05,3.58583e-05,3.31528e-05,3.13861e-05,2.94388e-05,2.71717e-05,2.51582e-05,2.2114e-05,2.01478e-05
3.77356e-05,3.68674e-05,3.52354e-05,3.41115e-05,3.15144e-05,2.98223e-05,2.79422e-05,2.57483e-05,2.38539e-05,2.09399e-05,1.90876e-05
3.60433e-05,3.50553e-05,3.33685e-05,3.23834e-05,2.99821e-05,2.83598e-05,2.64684e-05,2.44457e-05,2.26243e-05,1.99243e-05,1.80685e-05
3.42236e-05,3.33609e-05,3.18759e-05,3.07593e-05,2.84907e-05,2.68981e-05,2.51693e-05,2.31541e-05,2.14275e-05,1.88121e-05,1.71296e-05
3.25544e-05,3.17561e-05,3.0287e-05,2.92208e-05,2.70931e-05,2.55224e-05,2.38662e-05,2.1923e-05,2.03108e-05,1.78204e-05,1.61985e-05
3.11014e-05,3.01526e-05,2.89956e-05,2.77509e-05,2.57824e-05,2.4236e-05,2.25466e-05,2.09796e-05,1.92174e-05,1.68528e-05,1.53458e-05
2.9525e-05,2.87891e-05,2.74348e-05,2.64043e-05,2.45106e-05,2.30464e-05,2.15015e-05,1.97116e-05,1.82729e-05,1.60128e-05,1.4527e-05
2.88603e-05,2.81543e-05,2.66474e-05,2.56693e-05,2.37819e-05,2.24907e-05,2.09459e-05,1.90874e-05,1.77269e-05,1.55302e-05,1.411e-05
2.68903e-05,2.61534e-05,2.49751e-05,2.3903e-05,2.21961e-05,2.08642e-05,1.94322e-05,1.77894e-05,1.64502e-05,1.44188e-05,1.3021e-05
2.56777e-05,2.50073e-05,2.38051e-05,2.27904e-05,2.11929e-05,1.9886e-05,1.84864e-05,1.68817e-05,1.56541e-05,1.37032e-05,1.23526e-05
2.46224e-05,2.39403e-05,2.27794e-05,2.17671e-05,2.02448e-05,1.89881e-05,1.76365e-05,1.60823e-05,1.49223e-05,1.30438e-05,1.17304e-05
2.35414e-05,2.28933e-05,2.17681e-05,2.08395e-05,1.93603e-05,1.81244e-05,1.68382e-05,1.53445e-05,1.42022e-05,1.24362e-05,1.11497e-05
2.26067e-05,2.19447e-05,2.09014e-05,1.99516e-05,1.85387e-05,1.7335e-05,1.61124e-05,1.46647e-05,1.35571e-05,1.18721e-05,1.06153e-05
2.17754e-05,2.11601e-05,2.00889e-05,1.91459e-05,1.78279e-05,1.66486e-05,1.54442e-05,1.40329e-05,1.29959e-05,1.13443e-05,1.01486e-05
2.09902e-05,2.03377e-05,1.9388e-05,1.84105e-05,1.71158e-05,1.60026e-05,1.48246e-05,1.34764e-05,1.24334e-05,1.08572e-05,9.68356e-06
2.02528e-05,1.96491e-05,1.869e-05,1.77552e-05,1.65155e-05,1.54174e-05,1.42636e-05,1.29545e-05,1.19339e-05,1.04437e-05,9.28486e-06
1.96224e-05,1.89834e-05,1.80792e-05,1.71527e-05,1.59458e-05,1.48799e-05,1.37406e-05,1.24904e-05,1.14998e-05,1.0045e-05,8.90503e-06
1.90244e-05,1.83853e-05,1.75559e-05,1.6593e-05,1.54355e-05,1.4417e-05,1.33014e-05,1.20594e-05,1.11069e-05,9.68315e-06,8.55842e-06
1.84816e-05,1.78481e-05,1.69927e-05,1.61093e-05,1.4959e-05,1.3968e-05,1.28747e-05,1.168e-05,1.07248e-05,9.35257e-06,8.25093e-06
1.80058e-05,1.73569e-05,1.65414e-05,1.56587e-05,1.45508e-05,1.35752e-05,1.24922e-05,1.13271e-05,1.03983e-05,9.0525e-06,7.96554e-06
1.7566e-05,1.68934e-05,1.6137e-05,1.52751e-05,1.41587e-05,1.3207e-05,1.21404e-05,1.09942e-05,1.00924e-05,8.77488e-06,7.70467e-06
1.71439e-05,1.6497e-05,1.57297e-05,1.48878e-05,1.38086e-05,1.28872e-05,1.18257e-05,1.07263e-05,9.80349e-06,8.5276e-06,7.46491e-06
1.67463e-05,1.61165e-05,1.53805e-05,1.45546e-05,1.34784e-05,1.2605e-05,1.1544e-05,1.04676e-05,9.54819e-06,8.29582e-06,7.26418e-06
1.64299e-05,1.57896e-05,1.50433e-05,1.42302e-05,1.3198e-05,1.23082e-05,1.12722e-05,1.02155e-05,9.31316e-06,8.08018e-06,7.05085e-06
1.60918e-05,1.54265e-05,1.4752e-05,1.3947e-05,1.29261e-05,1.20472e-05,1.1017e-05,9.99681e-06,9.10972e-06,7.88943e-06,6.85385e-06
1.58147e-05,1.51468e-05,1.44549e-05,1.36613e-05,1.26639e-05,1.18195e-05,1.08094e-05,9.78861e-06,8.91002e-06,7.69067e-06,6.67416e-06
1.55004e-05,1.48545e-05,1.41977e-05,1.34005e-05,1.24083e-05,1.15959e-05,1.05764e-05,9.58114e-06,8.70783e-06,7.52127e-06,6.52383e-06
1.52474e-05,1.4592e-05,1.39473e-05,1.32057e-05,1.21878e-05,1.13821e-05,1.03737e-05,9.3986e-06,8.51831e-06,7.33712e-06,6.3665e-06
1.49688e-05,1.43495e-05,1.3681e-05,1.29346e-05,1.19631e-05,1.11643e-05,1.01652e-05,9.20104e-06,8.34534e-06,7.17429e-06,6.21824e-06
1.47306e-05,1.40973e-05,1.34578e-05,1.27169e-05,1.17534e-05,1.0979e-05,1.00069e-05,9.04426e-06,8.18449e-06,7.02054e-06,6.06971e-06
1.44888e-05,1.38562e-05,1.32556e-05,1.24882e-05,1.15437e-05,1.07835e-05,9.81346e-06,8.88655e-06,8.02158e-06,6.87168e-06,5.94921e-06
1.4244e-05,1.36171e-05,1.30031e-05,1.23065e-05,1.13543e-05,1.06128e-05,9.65701e-06,8.73044e-06,7.87882e-06,6.74544e-06,5.80341e-06
1.40539e-05,1.34244e-05,1.27945e-05,1.20891e-05,1.11576e-05,1.04238e-05,9.48047e-06,8.56265e-06,7.72442e-06,6.59133e-06,5.68921e-06
1.38161e-05,1.3182e-05,1.25975e-05,1.18931e-05,1.09805e-05,1.02525e-05,9.31486e-06,8.42493e-06,7.57737e-06,6.46553e-06,5.55928e-06
1.36158e-05,1.29916e-05,1.23865e-05,1.1704e-05,1.08085e-05,1.00974e-05,9.15814e-06,8.27999e-06,7.45122e-06,6.32446e-06,5.43682e-06
1.33943e-05,1.27769e-05,1.21919e-05,1.15094e-05,1.06214e-05,9.92473e-06,9.00754e-06,8.13915e-06,7.30894e-06,6.20003e-06,5.32669e-06
1.32024e-05,1.25691e-05,1.2006e-05,1.13524e-05,1.04396e-05,9.75384e-06,8.8611e-06,7.98913e-06,7.16534e-06,6.07132e-06,5.22439e-06
1.29903e-05,1.23602e-05,1.18239e-05,1.11729e-05,1.0283e-05,9.59804e-06,8.71376e-06,7.88363e-06,7.04393e-06,5.97262e-06,5.11114e-06
1.28076e-05,1.21948e-05,1.1644e-05,1.09918e-05,1.01311e-05,9.47816e-06,8.58599e-06,7.72422e-06,6.93291e-06,5.87339e-06,5.02054e-06
1.25969e-05,1.20099e-05,1.14626e-05,1.08247e-05,9.9544e-06,9.3158e-06,8.43876e-06,7.61937e-06,6.80273e-06,5.72797e-06,4.90926e-06
1.24275e-05,1.18392e-05,1.13069e-05,1.06635e-05,9.8388e-06,9.16265e-06,8.29211e-06,7.47407e-06,6.68027e-06,5.64194e-06,4.80643e-06
1.22642e-05,1.16594e-05,1.11416e-05,1.05046e-05,9.68281e-06,9.03547e-06,8.1593e-06,7.36795e-06,6.57632e-06,5.5211e-06,4.70144e-06
1.20825e-05,1.14967e-05,1.09801e-05,1.03426e-05,9.53529e-06,8.89674e-06,8.02051e-06,7.25059e-06,6.46392e-06,5.42982e-06,4.62191e-06
1.19036e-05,1.13111e-05,1.0805e-05,1.0204e-05,9.36907e-06,8.76455e-06,7.91545e-06,7.13587e-06,6.34234e-06,5.3324e-06,4.53135e-06
1.17503e-05,1.12028e-05,1.06635e-05,1.00314e-05,9.26208e-06,8.64164e-06,7.78013e-06,7.0148e-06,6.25999e-06,5.24211e-06,4.45365e-06
1.15615e-05,1.10299e-05,1.04895e-05,9.91762e-06,9.08251e-06,8.51083e-06,7.66298e-06,6.91505e-06,6.14291e-06,5.13489e-06,4.37611e-06
1.14049e-05,1.08779e-05,1.03643e-05,9.75606e-06,8.98827e-06,8.36162e-06,7.53793e-06,6.79356e-06,6.04417e-06,5.05315e-06,4.27757e-06
1.12359e-05,1.07282e-05,1.02235e-05,9.61529e-06,8.84605e-06,8.25894e-06,7.43233e-06,6.70688e-06,5.9408e-06,4.94735e-06,4.18629e-06
1.1093e-05,1.05238e-05,1.0043e-05,9.4617e-06,8.69787e-06,8.08869e-06,7.28645e-06,6.59572e-06,5.82987e-06,4.85543e-06,4.10607e-06
1.09003e-05,1.03759e-05,9.89242e-06,9.32084e-06,8.57377e-06,8.0117e-06,7.15382e-06,6.47837e-06,5.74499e-06,4.78538e-06,4.01905e-06
1.08065e-05,1.02376e-05,9.74938e-06,9.18872e-06,8.42853e-06,7.89682e-06,7.08171e-06,6.37064e-06,5.65385e-06,4.7113e-06,3.98069e-06
1.06502e-05,1.01643e-05,9.67414e-06,9.09112e-06,8.35922e-06,7.78896e-06,7.00502e-06,6.30721e-06,5.57036e-06,4.62503e-06,3.91688e-06
1.05312e-05,1.0016e-05,9.51453e-06,8.99081e-06,8.23901e-06,7.68207e-06,6.90644e-06,6.21608e-06,5.48756e-06,4.55784e-06,3.82711e-06
1.03927e-05,9.90941e-06,9.39908e-06,8.84946e-06,8.13583e-06,7.5556e-06,6.80152e-06,6.10439e-06,5.38662e-06,4.46747e-06,3.76791e-06
1.02612e-05,9.7598e-06,9.30256e-06,8.74631e-06,8.04763e-06,7.44393e-06,6.68448e-06,6.0418e-06,5.33115e-06,4.38789e-06,3.66271e-06
1.00845e-05,9.62535e-06,9.15422e-06,8.59581e-06,7.91289e-06,7.35845e-06,6.57827e-06,5.94781e-06,5.255e-06,4.32834e-06,3.62393e-06
9.97714e-06,9.46954e-06,9.02214e-06,8.48643e-06,7.81607e-06,7.23786e-06,6.4927e-06,5.84123e-06,5.16856e-06,4.25514e-06,3.5628e-06
9.82512e-06,9.38521e-06,8.87913e-06,8.36384e-06,7.66981e-06,7.13648e-06,6.39825e-06,5.7569e-06,5.06483e-06,4.17114e-06,3.50369e-06
9.72296e-06,9.26968e-06,8.79337e-06,8.2618e-06,7.59495e-06,7.05663e-06,6.30843e-06,5.66985e-06,5.00662e-06,4.11041e-06,3.42805e-06
9.53798e-06,9.14243e-06,8.71684e-06,8.13332e-06,7.46508e-06,6.94115e-06,6.22447e-06,5.62987e-06,4.90006e-06,4.04638e-06,3.39794e-06
9.45909e-06,9.00835e-06,8.55276e-06,8.02316e-06,7.37306e-06,6.86541e-06,6.1262e-06,5.49693e-06,4.841e-06,3.99046e-06,3.30774e-06
9.30721e-06,8.89663e-06,8.41232e-06,7.92154e-06,7.28128e-06,6.72562e-06,6.05179e-06,5.43349e-06,4.7677e-06,3.90278e-06,3.24708e-06
9.21929e-06,8.79849e-06,8.32214e-06,7.81641e-06,7.17509e-06,6.6564e-06,5.95661e-06,5.3311e-06,4.68581e-06,3.85812e-06,3.19915e-06
9.02741e-06,8.6766e-06,8.23622e-06,7.68555e-06,7.0415e-06,6.57513e-06,5.86717e-06,5.25258e-06,4.63878e-06,3.77181e-06,3.14723e-06
8.93865e-06,8.54377e-06,8.09745e-06,7.60297e-06,6.97314e-06,6.43975e-06,5.77059e-06,5.18088e-06,4.55657e-06,3.70899e-06,3.07282e-06
8.81783e-06,8.42455e-06,8.00194e-06,7.51916e-06,6.87586e-06,6.36761e-06,5.71804e-06,5.12677e-06,4.47599e-06,3.66176e-06,3.02903e-06
8.69633e-06,8.32208e-06,7.85326e-06,7.41461e-06,6.77033e-06,6.26294e-06,5.61483e-06,5.0267e-06,4.40464e-06,3.59631e-06,2.95728e-06
8.56738e-06,8.22137e-06,7.77049e-06,7.27585e-06,6.69214e-06,6.19008e-06,5.52265e-06,4.95762e-06,4.35852e-06,3.53124e-06,2.91237e-06
8.45648e-06,8.08736e-06,7.63813e-06,7.17861e-06,6.57641e-06,6.09801e-06,5.44278e-06,4.87144e-06,4.26696e-06,3.48228e-06,2.86193e-06
8.34165e-06,7.99819e-06,7.53223e-06,7.08859e-06,6.49036e-06,5.98531e-06,5.34731e-06,4.80862e-06,4.20304e-06,3.43087e-06,2.8144e-06
8.24317e-06,7.86968e-06,7.41941e-06,6.98302e-06,6.39242e-06,5.91096e-06,5.27616e-06,4.72792e-06,4.13745e-06,3.36773e-06,2.75803e-06
8.08685e-06,7.77407e-06,7.33033e-06,6.88084e-06,6.29882e-06,5.80893e-06,5.16874e-06,4.64618e-06,4.07388e-06,3.28133e-06,2.70199e-06
7.95591e-06,7.65626e-06,7.22157e-06,6.77896e-06,6.20309e-06,5.73379e-06,5.09186e-06,4.57199e-06,4.01699e-06,3.24651e-06,2.65462e-06
7.86542e-06,7.52891e-06,7.10506e-06,6.68388e-06,6.09023e-06,5.62497e-06,5.03746e-06,4.50462e-06,3.91078e-06,3.1809e-06,2.60767e-06
7.78147e-06,7.41668e-06,6.99778e-06,6.57195e-06,6.0062e-06,5.5516e-06,4.96136e-06,4.41646e-06,3.84895e-06,3.13102e-06,2.549e-06
7.61835e-06,7.29372e-06,6.86974e-06,6.46401e-06,5.90987e-06,5.43381e-06,4.85306e-06,4.34931e-06,3.80057e-06,3.06074e-06,2.49403e-06
7.54106e-06,7.20209e-06,6.80325e-06,6.38e-06,5.83406e-06,5.36403e-06,4.80175e-06,4.28444e-06,3.72902e-06,3.02935e-06,2.44575e-06
7.42324e-06,7.11924e-06,6.69482e-06,6.29859e-06,5.75373e-06,5.26826e-06,4.72877e-06,4.20951e-06,3.67093e-06,2.96633e-06,2.39925e-06
7.29486e-06,7.0134e-06,6.57275e-06,6.20247e-06,5.64465e-06,5.20263e-06,4.64413e-06,4.13811e-06,3.60268e-06,2.9121e-06,2.36203e-06
7.17484e-06,6.89994e-06,6.49559e-06,6.09431e-06,5.54847e-06,5.11196e-06,4.5658e-06,4.07695e-06,3.54255e-06,2.85721e-06,2.32335e-06
7.04597e-06,6.78816e-06,6.38528e-06,6.02464e-06,5.48676e-06,5.03111e-06,4.4858e-06,4.01507e-06,3.48897e-06,2.79857e-06,2.26146e-06
6.97397e-06,6.68087e-06,6.28503e-06,5.91032e-06,5.37503e-06,4.94568e-06,4.41915e-06,3.94233e-06,3.4268e-06,2.73972e-06,2.21971e-06
6.88793e-06,6.58856e-06,6.18982e-06,5.80217e-06,5.30313e-06,4.87658e-06,4.33994e-06,3.86416e-06,3.35917e-06,2.70238e-06,2.17053e-06
6.76049e-06,6.45833e-06,6.07103e-06,5.72206e-06,5.2188e-06,4.77345e-06,4.28287e-06,3.80741e-06,3.31422e-06,2.65829e-06,2.13756e-06
6.65424e-06,6.35526e-06,5.99413e-06,5.61902e-06,5.15042e-06,4.70471e-06,4.20229e-06,3.72853e-06,3.25912e-06,2.61489e-06,2.07245e-06
6.5432e-06,6.26626e-06,5.88643e-06,5.54093e-06,5.04651e-06,4.6188e-06,4.13974e-06,3.67307e-06,3.19126e-06,2.55179e-06,2.046e-06
6.44752e-06,6.16251e-06,5.78382e-06,5.4475e-06,4.95498e-06,4.56527e-06,4.06731e-06,3.60168e-06,3.1286e-06,2.53091e-06,2.01721e-06
6.30204e-06,6.04637e-06,5.69729e-06,5.37357e-06,4.88341e-06,4.4736e-06,4.00183e-06,3.55798e-06,3.07356e-06,2.46895e-06,1.96605e-06
6.21086e-06,5.98061e-06,5.61247e-06,5.2929e-06,4.80754e-06,4.38973e-06,3.9287e-06,3.50493e-06,3.02109e-06,2.39997e-06,1.92736e-06
6.13108e-06,5.86717e-06,5.50977e-06,5.17412e-06,4.70545e-06,4.31663e-06,3.86355e-06,3.41663e-06,2.95062e-06,2.373e-06,1.88126e-06
6.01921e-06,5.77762e-06,5.41235e-06,5.08794e-06,4.62729e-06,4.24054e-06,3.7912e-06,3.35503e-06,2.90048e-06,2.313e-06,1.83936e-06
5.92785e-06,5.68655e-06,5.32874e-06,5.01759e-06,4.56373e-06,4.16165e-06,3.72386e-06,3.29517e-06,2.83657e-06,2.27064e-06,1.80261e-06
5.82138e-06,5.57914e-06,5.23733e-06,4.92207e-06,4.47741e-06,4.0934e-06,3.65234e-06,3.23786e-06,2.79506e-06,2.24377e-06,1.76415e-06
5.72052e-06,5.49726e-06,5.14008e-06,4.84221e-06,4.40544e-06,4.01061e-06,3.59613e-06,3.17157e-06,2.74286e-06,2.20513e-06,1.71621e-06
5.63101e-06,5.40772e-06,5.07875e-06,4.75913e-06,4.33698e-06,3.94359e-06,3.54312e-06,3.12345e-06,2.68533e-06,2.15326e-06,1.67994e-06
5.51174e-06,5.29623e-06,4.96849e-06,4.68714e-06,4.2591e-06,3.86815e-06,3.47309e-06,3.06106e-06,2.64398e-06,2.10576e-06,1.64043e-06
5.41481e-06,5.20391e-06,4.87718e-06,4.60514e-06,4.18282e-06,3.80025e-06,3.40368e-06,3.00209e-06,2.59433e-06,2.07011e-06,1.6083e-06
5.33095e-06,5.11657e-06,4.79377e-06,4.50947e-06,4.10279e-06,3.73125e-06,3.34379e-06,2.94068e-06,2.53623e-06,2.02554e-06,1.56645e-06
5.22696e-06,5.03058e-06,4.71643e-06,4.43547e-06,4.01855e-06,3.66487e-06,3.28988e-06,2.89778e-06,2.48158e-06,1.97724e-06,1.55191e-06
5.15008e-06,4.94792e-06,4.6212e-06,4.36175e-06,3.96159e-06,3.59489e-06,3.21708e-06,2.82904e-06,2.43818e-06,1.94229e-06,1.50469e-06
5.05975e-06,4.86108e-06,4.54025e-06,4.29112e-06,3.89001e-06,3.53387e-06,3.16213e-06,2.78602e-06,2.38789e-06,1.9035e-06,1.48426e-06
4.96351e-06,4.76482e-06,4.45632e-06,4.21207e-06,3.82102e-06,3.46457e-06,3.10815e-06,2.73252e-06,2.35119e-06,1.86509e-06,1.44741e-06
4.87839e-06,4.7015e-06,4.38984e-06,4.13543e-06,3.74908e-06,3.40614e-06,3.05385e-06,2.67899e-06,2.29382e-06,1.83193e-06,1.4202e-06
4.78289e-06,4.60115e-06,4.30256e-06,4.0787e-06,3.68569e-06,3.32863e-06,2.99239e-06,2.63056e-06,2.25513e-06,1.78676e-06,1.38212e-06
4.70309e-06,4.51965e-06,4.22699e-06,3.99205e-06,3.61696e-06,3.27614e-06,2.93592e-06,2.57282e-06,2.20955e-06,1.75474e-06,1.35108e-06
4.61874e-06,4.43779e-06,4.14698e-06,3.91635e-06,3.54245e-06,3.21176e-06,2.88722e-06,2.52685e-06,2.15835e-06,1.71684e-06,1.32027e-06
4.54002e-06,4.35206e-06,4.07579e-06,3.8538e-06,3.48484e-06,3.15547e-06,2.82909e-06,2.48551e-06,2.12154e-06,1.68918e-06,1.28934e-06
4.45494e-06,4.27811e-06,4.0021e-06,3.78386e-06,3.42138e-06,3.09292e-06,2.77813e-06,2.43036e-06,2.08066e-06,1.64919e-06,1.26107e-06
4.3747e-06,4.19681e-06,3.9346e-06,3.71326e-06,3.35558e-06,3.03518e-06,2.72687e-06,2.38253e-06,2.03734e-06,1.61714e-06,1.23915e-06
4.29811e-06,4.12435e-06,3.86026e-06,3.65107e-06,3.30066e-06,2.97879e-06,2.67241e-06,2.33249e-06,1.99724e-06,1.58629e-06,1.20443e-06
4.22503e-06,4.04576e-06,3.79296e-06,3.58754e-06,3.23958e-06,2.91811e-06,2.6185e-06,2.28974e-06,1.95515e-06,1.55213e-06,1.17672e-06
4.1376e-06,3.98275e-06,3.72242e-06,3.53062e-06,3.17939e-06,2.86422e-06,2.57243e-06,2.24827e-06,1.91165e-06,1.5154e-06,1.15922e-06
4.06802e-06,3.89751e-06,3.65521e-06,3.45469e-06,3.122e-06,2.80683e-06,2.52468e-06,2.2042e-06,1.88247e-06,1.48908e-06,1.12253e-06
3.99214e-06,3.82685e-06,3.58566e-06,3.38808e-06,3.05215e-06,2.7595e-06,2.48255e-06,2.15672e-06,1.84044e-06,1.45606e-06,1.10139e-06
3.91648e-06,3.75389e-06,3.51988e-06,3.33493e-06,3.00883e-06,2.70454e-06,2.43771e-06,2.12135e-06,1.80854e-06,1.42658e-06,1.07493e-06
3.84002e-06,3.69758e-06,3.45608e-06,3.27124e-06,2.94639e-06,2.65598e-06,2.38397e-06,2.07727e-06,1.76537e-06,1.3973e-06,1.05464e-06
3.77366e-06,3.62269e-06,3.39671e-06,3.21603e-06,2.8963e-06,2.60476e-06,2.34112e-06,2.03865e-06,1.72858e-06,1.36849e-06,1.02946e-06
3.71034e-06,3.55515e-06,3.33727e-06,3.16017e-06,2.84642e-06,2.55794e-06,2.29733e-06,1.99863e-06,1.69847e-06,1.34213e-06,1.00756e-06
3.64003e-06,3.49088e-06,3.27826e-06,3.10485e-06,2.79359e-06,2.51009e-06,2.2606e-06,1.95947e-06,1.65799e-06,1.31158e-06,9.85777e-07
3.56633e-06,3.42714e-06,3.21755e-06,3.04909e-06,2.7421e-06,2.4605e-06,2.21315e-06,1.92035e-06,1.62867e-06,1.28445e-06,9.64351e-07
3.50855e-06,3.3776e-06,3.16443e-06,2.99438e-06,2.69115e-06,2.41922e-06,2.17093e-06,1.88209e-06,1.58767e-06,1.25545e-06,9.45635e-07
3.44011e-06,3.30137e-06,3.10197e-06,2.93712e-06,2.63449e-06,2.36707e-06,2.12898e-06,1.84794e-06,1.55911e-06,1.22999e-06,9.22939e-07
3.37625e-06,3.24665e-06,3.04662e-06,2.88407e-06,2.59267e-06,2.32963e-06,2.08986e-06,1.8117e-06,1.52952e-06,1.20671e-06,9.01619e-07
3.31769e-06,3.19151e-06,2.99509e-06,2.83487e-06,2.54067e-06,2.28162e-06,2.05498e-06,1.77954e-06,1.49659e-06,1.18007e-06,8.81531e-07
3.26065e-06,3.12959e-06,2.93978e-06,2.78328e-06,2.4994e-06,2.24094e-06,2.01427e-06,1.73942e-06,1.46701e-06,1.16138e-06,8.60155e-07
3.19928e-06,3.07306e-06,2.89119e-06,2.7356e-06,2.45467e-06,2.19686e-06,1.97002e-06,1.70739e-06,1.4396e-06,1.13792e-06,8.43095e-07
3.13977e-06,3.01809e-06,2.84235e-06,2.6838e-06,2.41171e-06,2.15838e-06,1.94257e-06,1.67538e-06,1.40694e-06,1.11081e-06,8.20558e-07
3.0768e-06,2.96364e-06,2.7899e-06,2.63625e-06,2.36921e-06,2.11779e-06,1.90474e-06,1.63996e-06,1.38001e-06,1.08957e-06,8.05319e-07
3.02247e-06,2.90651e-06,2.73732e-06,2.59045e-06,2.32253e-06,2.07844e-06,1.86771e-06,1.60943e-06,1.34914e-06,1.06718e-06,7.88721e-07
2.9707e-06,2.8606e-06,2.69124e-06,2.5402e-06,2.2795e-06,2.04375e-06,1.83486e-06,1.58248e-06,1.32338e-06,1.04325e-06,7.73522e-07
2.91896e-06,2.81104e-06,2.64374e-06,2.50149e-06,2.24066e-06,2.00451e-06,1.80361e-06,1.54985e-06,1.29886e-06,1.02252e-06,7.57668e-07
2.86947e-06,2.76372e-06,2.59326e-06,2.45283e-06,2.19782e-06,1.96654e-06,1.76748e-06,1.52095e-06,1.26948e-06,1.00052e-06,7.4428e-07
2.81506e-06,2.70719e-06,2.5518e-06,2.41237e-06,2.16302e-06,1.92915e-06,1.73372e-06,1.49316e-06,1.24418e-06,9.82182e-07,7.2441e-07
2.76084e-06,2.65359e-06,2.50491e-06,2.3704e-06,2.12332e-06,1.89773e-06,1.7005e-06,1.46467e-06,1.22035e-06,9.61984e-07,7.0688e-07
2.71537e-06,2.61363e-06,2.46306e-06,2.32869e-06,2.08569e-06,1.85928e-06,1.67011e-06,1.43867e-06,1.1969e-06,9.40459e-07,6.9347e-07
2.66736e-06,2.56879e-06,2.42386e-06,2.28701e-06,2.04568e-06,1.82807e-06,1.63982e-06,1.40794e-06,1.17063e-06,9.21686e-07,6.78802e-07
2.61964e-06,2.52671e-06,2.38521e-06,2.25156e-06,2.0109e-06,1.79545e-06,1.61434e-06,1.37956e-06,1.14788e-06,9.0206e-07,6.63647e-07
2.57477e-06,2.479e-06,2.34026e-06,2.20707e-06,1.97577e-06,1.76217e-06,1.58064e-06,1.3562e-06,1.12345e-06,8.82802e-07,6.4976e-07
2.52877e-06,2.44132e-06,2.30655e-06,2.17235e-06,1.94499e-06,1.73443e-06,1.55627e-06,1.3317e-06,1.102e-06,8.66832e-07,6.3966e-07
2.48962e-06,2.40646e-06,2.26006e-06,2.13269e-06,1.90928e-06,1.7028e-06,1.52618e-06,1.30431e-06,1.08257e-06,8.47421e-07,6.22974e-07
2.44565e-06,2.35681e-06,2.22573e-06,2.09424e-06,1.87682e-06,1.66646e-06,1.49865e-06,1.28147e-06,1.06151e-06,8.31245e-07,6.12216e-07
2.407e-06,2.32052e-06,2.18773e-06,2.06024e-06,1.84431e-06,1.64132e-06,1.47205e-06,1.25809e-06,1.03789e-06,8.14462e-07,5.97319e-07
2.36609e-06,2.27984e-06,2.15178e-06,2.02468e-06,1.81401e-06,1.61244e-06,1.45002e-06,1.23646e-06,1.01691e-06,7.98045e-07,5.87629e-07
2.31787e-06,2.24471e-06,2.11666e-06,1.9913e-06,1.78735e-06,1.58837e-06,1.42518e-06,1.21715e-06,9.97001e-07,7.83129e-07,5.71792e-07
2.28145e-06,2.20096e-06,2.08006e-06,1.96031e-06,1.75374e-06,1.56248e-06,1.39875e-06,1.19538e-06,9.7847e-07,7.66637e-07,5.63038e-07
2.24893e-06,2.16584e-06,2.04917e-06,1.92467e-06,1.72204e-06,1.53162e-06,1.36701e-06,1.17273e-06,9.61312e-07,7.50338e-07,5.51458e-07
2.20737e-06,2.13078e-06,2.01494e-06,1.89654e-06,1.69588e-06,1.50566e-06,1.34559e-06,1.14856e-06,9.39982e-07,7.37613e-07,5.40266e-07
2.17246e-06,2.10187e-06,1.98783e-06,1.86762e-06,1.66875e-06,1.48059e-06,1.32263e-06,1.12651e-06,9.23258e-07,7.23194e-07,5.2974e-07
2.13814e-06,2.06631e-06,1.9622e-06,1.83329e-06,1.63879e-06,1.45497e-06,1.30021e-06,1.10953e-06,9.04698e-07,7.10164e-07,5.17003e-07
2.1076e-06,2.03001e-06,1.92213e-06,1.80883e-06,1.60932e-06,1.43252e-06,1.27885e-06,1.08574e-06,8.84674e-07,6.95431e-07,5.08459e-07
2.06261e-06,1.99818e-06,1.89666e-06,1.77277e-06,1.58487e-06,1.40869e-06,1.25892e-06,1.06713e-06,8.66206e-07,6.82251e-07,4.97934e-07
2.03863e-06,1.96564e-06,1.86471e-06,1.74795e-06,1.56128e-06,1.38236e-06,1.23611e-06,1.05356e-06,8.53194e-07,6.65592e-07,4.87269e-07
2.00458e-06,1.93653e-06,1.83078e-06,1.71932e-06,1.53625e-06,1.36109e-06,1.2153e-06,1.02968e-06,8.36794e-07,6.56574e-07,4.79689e-07
1.97118e-06,1.90536e-06,1.80568e-06,1.68747e-06,1.51431e-06,1.33711e-06,1.19719e-06,1.01452e-06,8.19631e-07,6.44134e-07,4.65869e-07
1.93751e-06,1.87688e-06,1.77869e-06,1.66888e-06,1.49037e-06,1.31433e-06,1.17862e-06,9.96254e-07,8.04489e-07,6.29602e-07,4.58623e-07
1.9073e-06,1.84761e-06,1.7524e-06,1.63674e-06,1.46655e-06,1.3017e-06,1.15696e-06,9.79196e-07,7.86354e-07,6.18187e-07,4.52253e-07
1.8799e-06,1.81891e-06,1.72094e-06,1.61716e-06,1.44781e-06,1.27458e-06,1.13973e-06,9.61648e-07,7.72421e-07,6.04993e-07,4.41354e-07
1.85524e-06,1.79333e-06,1.70424e-06,1.58798e-06,1.42168e-06,1.25313e-06,1.12084e-06,9.49304e-07,7.63256e-07,5.97182e-07,4.31192e-07
1.81831e-06,1.75789e-06,1.67467e-06,1.56076e-06,1.40174e-06,1.23176e-06,1.10207e-06,9.30315e-07,7.47016e-07,5.82179e-07,4.2178e-07
1.79764e-06,1.73622e-06,1.65414e-06,1.53981e-06,1.38495e-06,1.21496e-06,1.0833e-06,9.12015e-07,7.35362e-07,5.73372e-07,4.15069e-07
1.76749e-06,1.70925e-06,1.62372e-06,1.52011e-06,1.35571e-06,1.19705e-06,1.06582e-06,8.97348e-07,7.20209e-07,5.61835e-07,4.09348e-07
1.74946e-06,1.69076e-06,1.60216e-06,1.4929e-06,1.33611e-06,1.17866e-06,1.05074e-06,8.85591e-07,7.11645e-07,5.5286e-07,3.99718e-07
1.7059e-06,1.65702e-06,1.5749e-06,1.47098e-06,1.32016e-06,1.1576e-06,1.03702e-06,8.67241e-07,6.8893e-07,5.39727e-07,3.89758e-07
1.69444e-06,1.63859e-06,1.5592e-06,1.45319e-06,1.30082e-06,1.14409e-06,1.02141e-06,8.56979e-07,6.81671e-07,5.30246e-07,3.85858e-07
1.66141e-06,1.61459e-06,1.53167e-06,1.43155e-06,1.28191e-06,1.1267e-06,1.00494e-06,8.4015e-07,6.71856e-07,5.2206e-07,3.77903e-07
1.64507e-06,1.59197e-06,1.51653e-06,1.41358e-06,1.26442e-06,1.10859e-06,9.90273e-07,8.2575e-07,6.58181e-07,5.11812e-07,3.71196e-07
1.62254e-06,1.57355e-06,1.49308e-06,1.38744e-06,1.24865e-06,1.09574e-06,9.73928e-07,8.15835e-07,6.47924e-07,5.04344e-07,3.65193e-07
1.59497e-06,1.55161e-06,1.47514e-06,1.36682e-06,1.22698e-06,1.07993e-06,9.59619e-07,8.04613e-07,6.36667e-07,4.92893e-07,3.5701e-07
1.57537e-06,1.53188e-06,1.45141e-06,1.35003e-06,1.21337e-06,1.06181e-06,9.52535e-07,7.89991e-07,6.25807e-07,4.84211e-07,3.50402e-07
1.55801e-06,1.51103e-06,1.42815e-06,1.3327e-06,1.20233e-06,1.04397e-06,9.32031e-07,7.75438e-07,6.13297e-07,4.76858e-07,3.45479e-07
1.53709e-06,1.49097e-06,1.41438e-06,1.31617e-06,1.18232e-06,1.03531e-06,9.18969e-07,7.65752e-07,6.05964e-07,4.67368e-07,3.3741e-07
1.51271e-06,1.46507e-06,1.39478e-06,1.29935e-06,1.16239e-06,1.01912e-06,9.07476e-07,7.50447e-07,5.93507e-07,4.59915e-07,3.30917e-07
1.48562e-06,1.44718e-06,1.37606e-06,1.27664e-06,1.14775e-06,1.00675e-06,8.95059e-07,7.43213e-07,5.83286e-07,4.52585e-07,3.26454e-07
1.47261e-06,1.42817e-06,1.35947e-06,1.26074e-06,1.13359e-06,9.90391e-07,8.79813e-07,7.31237e-07,5.77488e-07,4.43945e-07,3.21179e-07
1.45048e-06,1.41201e-06,1.34044e-06,1.24869e-06,1.11972e-06,9.74934e-07,8.68579e-07,7.17942e-07,5.65678e-07,4.36327e-07,3.16447e-07
1.43471e-06,1.39208e-06,1.31707e-06,1.22503e-06,1.1072e-06,9.63727e-07,8.56529e-07,7.1012e-07,5.59773e-07,4.30152e-07,3.09906e-07
1.41921e-06,1.37221e-06,1.30151e-06,1.2103e-06,1.08948e-06,9.51743e-07,8.42738e-07,6.97331e-07,5.50377e-07,4.22527e-07,3.02639e-07
1.39756e-06,1.35342e-06,1.28683e-06,1.19766e-06,1.0747e-06,9.39237e-07,8.30524e-07,6.88357e-07,5.40166e-07,4.14959e-07,2.98513e-07
1.38384e-06,1.34266e-06,1.2742e-06,1.17878e-06,1.06354e-06,9.24431e-07,8.206e-07,6.77913e-07,5.31581e-07,4.09151e-07,2.94509e-07
1.36523e-06,1.32546e-06,1.26238e-06,1.16031e-06,1.05356e-06,9.12956e-07,8.09135e-07,6.69806e-07,5.24059e-07,3.99516e-07,2.86894e-07
1.34433e-06,1.30489e-06,1.2442e-06,1.15156e-06,1.03677e-06,9.0175e-07,7.97585e-07,6.57868e-07,5.15237e-07,3.94596e-07,2.85286e-07
1.32391e-06,1.28705e-06,1.23077e-06,1.13491e-06,1.02387e-06,8.91286e-07,7.87224e-07,6.47957e-07,5.10326e-07,3.89879e-07,2.7837e-07
1.3099e-06,1.27887e-06,1.20981e-06,1.12444e-06,1.01375e-06,8.80703e-07,7.77533e-07,6.4108e-07,5.00181e-07,3.83744e-07,2.73732e-07
1.30559e-06,1.26526e-06,1.19859e-06,1.11137e-06,1.004e-06,8.63738e-07,7.68797e-07,6.3196e-07,4.87988e-07,3.74672e-07,2.7089e-07
1.2755e-06,1.24284e-06,1.18085e-06,1.09656e-06,9.87892e-07,8.61643e-07,7.59452e-07,6.23589e-07,4.87215e-07,3.71138e-07,2.65146e-07
1.26315e-06,1.22701e-06,1.1696e-06,1.07659e-06,9.74851e-07,8.48787e-07,7.45296e-07,6.13779e-07,4.76752e-07,3.63158e-07,2.59864e-07
1.24467e-06,1.21675e-06,1.15623e-06,1.06795e-06,9.61752e-07,8.38721e-07,7.36768e-07,6.07576e-07,4.70653e-07,3.58662e-07,2.55936e-07
1.2322e-06,1.19157e-06,1.14073e-06,1.05595e-06,9.51245e-07,8.22482e-07,7.26614e-07,5.97846e-07,4.62661e-07,3.50967e-07,2.50046e-07
1.2236e-06,1.18808e-06,1.13062e-06,1.04744e-06,9.4e-07,8.11225e-07,7.22183e-07,5.89107e-07,4.57647e-07,3.4667e-07,2.49094e-07
1.20459e-06,1.17571e-06,1.11659e-06,1.03194e-06,9.28983e-07,8.03042e-07,7.11827e-07,5.82036e-07,4.5245e-07,3.42093e-07,2.42659e-07
1.19171e-06,1.16525e-06,1.10376e-06,1.01778e-06,9.21029e-07,7.93883e-07,7.0064e-07,5.75112e-07,4.44871e-07,3.36537e-07,2.41382e-07
1.17517e-06,1.14395e-06,1.08711e-06,1.00609e-06,9.08597e-07,7.87293e-07,6.89996e-07,5.66786e-07,4.38107e-07,3.29721e-07,2.36407e-07
1.16333e-06,1.12923e-06,1.08029e-06,1.00049e-06,8.94072e-07,7.75021e-07,6.84787e-07,5.58341e-07,4.33595e-07,3.2754e-07,2.32154e-07
1.15366e-06,1.1221e-06,1.06172e-06,9.82102e-07,8.8682e-07,7.6546e-07,6.7765e-07,5.52712e-07,4.26362e-07,3.21118e-07,2.29741e-07
1.13661e-06,1.10361e-06,1.05315e-06,9.68931e-07,8.80591e-07,7.57104e-07,6.65436e-07,5.44354e-07,4.22168e-07,3.17583e-07,2.22546e-07
1.13083e-06,1.09076e-06,1.04205e-06,9.5863e-07,8.66508e-07,7.4838e-07,6.59284e-07,5.37004e-07,4.16609e-07,3.13401e-07,2.23257e-07
1.11149e-06,1.0789e-06,1.02746e-06,9.46775e-07,8.58673e-07,7.39478e-07,6.51622e-07,5.31321e-07,4.10119e-07,3.08287e-07,2.18195e-07
1.09783e-06,1.07354e-06,1.02362e-06,9.41718e-07,8.50093e-07,7.29821e-07,6.43642e-07,5.22866e-07,4.01929e-07,3.02683e-07,2.15792e-07
1.08636e-06,1.0651e-06,1.00755e-06,9.25419e-07,8.41441e-07,7.22653e-07,6.40116e-07,5.16835e-07,3.97764e-07,2.97923e-07,2.12138e-07
1.07338e-06,1.05047e-06,9.97075e-07,9.18049e-07,8.275e-07,7.13484e-07,6.24996e-07,5.12789e-07,3.92101e-07,2.95851e-07,2.07602e-07
1.06441e-06,1.03401e-06,9.82788e-07,9.12719e-07,8.20048e-07,7.07147e-07,6.16494e-07,5.03774e-07,3.87001e-07,2.89704e-07,2.08541e-07
1.05046e-06,1.02126e-06,9.73681e-07,9.02973e-07,8.11814e-07,6.94732e-07,6.08558e-07,4.97217e-07,3.80638e-07,2.86603e-07,2.01956e-07
1.04167e-06,1.01474e-06,9.64475e-07,8.89022e-07,7.99128e-07,6.87789e-07,6.01765e-07,4.90347e-07,3.74389e-07,2.81454e-07,2.0026e-07
1.02622e-06,1.00669e-06,9.52041e-07,8.78612e-07,7.8874e-07,6.82681e-07,5.92798e-07,4.84502e-07,3.7085e-07,2.76694e-07,1.96947e-07
1.01394e-06,9.8685e-07,9.43035e-07,8.7155e-07,7.82199e-07,6.74144e-07,5.88419e-07,4.77621e-07,3.67745e-07,2.74287e-07,1.92987e-07
1.00318e-06,9.76871e-07,9.29375e-07,8.48517e-07,7.76539e-07,6.66517e-07,5.83132e-07,4.7262e-07,3.6256e-07,2.70744e-07,1.88975e-07
9.94821e-07,9.64878e-07,9.20197e-07,8.44403e-07,7.62439e-07,6.59776e-07,5.74031e-07,4.65871e-07,3.56453e-07,2.66511e-07,1.86436e-07
9.81762e-07,9.55753e-07,9.09386e-07,8.37422e-07,7.55971e-07,6.49108e-07,5.66574e-07,4.60686e-07,3.52829e-07,2.62472e-07,1.83563e-07
9.69581e-07,9.43049e-07,8.98937e-07,8.32128e-07,7.47656e-07,6.43646e-07,5.60934e-07,4.52795e-07,3.47494e-07,2.59616e-07,1.81905e-07
9.54046e-07,9.32854e-07,8.88175e-07,8.20597e-07,7.38738e-07,6.3562e-07,5.55443e-07,4.51334e-07,3.42934e-07,2.54477e-07,1.7939e-07
9.51935e-07,9.28844e-07,8.82031e-07,8.1052e-07,7.30339e-07,6.2634e-07,5.48876e-07,4.42711e-07,3.39989e-07,2.51323e-07,1.75818e-07
9.36419e-07,9.12698e-07,8.7059e-07,8.00816e-07,7.23697e-07,6.21052e-07,5.41698e-07,4.37641e-07,3.34855e-07,2.49083e-07,1.73212e-07
9.22356e-07,9.00269e-07,8.61594e-07,7.88723e-07,7.11822e-07,6.14404e-07,5.36784e-07,4.33103e-07,3.29826e-07,2.4486e-07,1.70849e-07
9.18078e-07,8.96228e-07,8.51908e-07,7.84855e-07,7.11876e-07,6.07019e-07,5.31632e-07,4.27292e-07,3.2513e-07,2.41485e-07,1.69954e-07
9.03524e-07,8.84709e-07,8.42047e-07,7.74332e-07,6.98339e-07,6.00708e-07,5.22068e-07,4.2106e-07,3.2126e-07,2.38125e-07,1.66099e-07
8.96622e-07,8.75554e-07,8.3288e-07,7.64283e-07,6.91524e-07,5.92832e-07,5.15365e-07,4.15569e-07,3.17419e-07,2.35098e-07,1.63722e-07
8.89003e-07,8.66451e-07,8.25244e-07,7.56581e-07,6.84835e-07,5.8485e-07,5.10051e-07,4.12437e-07,3.13553e-07,2.30622e-07,1.62603e-07
8.71316e-07,8.53851e-07,8.14706e-07,7.51577e-07,6.73607e-07,5.79814e-07,5.04854e-07,4.05027e-07,3.10467e-07,2.29396e-07,1.58564e-07
8.62257e-07,8.45358e-07,8.05723e-07,7.40817e-07,6.67849e-07,5.74103e-07,4.96215e-07,4.00844e-07,3.0474e-07,2.24922e-07,1.57916e-07
8.60074e-07,8.33668e-07,7.96784e-07,7.36295e-07,6.61273e-07,5.63461e-07,4.93241e-07,3.95107e-07,3.00332e-07,2.23699e-07,1.54743e-07
8.45066e-07,8.26812e-07,7.89886e-07,7.23151e-07,6.53965e-07,5.59043e-07,4.88066e-07,3.92324e-07,2.99143e-07,2.19007e-07,1.51007e-07
8.37148e-07,8.1652e-07,7.79422e-07,7.16398e-07,6.44807e-07,5.53887e-07,4.7802e-07,3.85001e-07,2.91366e-07,2.15529e-07,1.50089e-07
8.24798e-07,8.06531e-07,7.67297e-07,7.12989e-07,6.37642e-07,5.47667e-07,4.73255e-07,3.80137e-07,2.88918e-07,2.12463e-07,1.48615e-07
8.19234e-07,7.98235e-07,7.60371e-07,6.98806e-07,6.29993e-07,5.41305e-07,4.66127e-07,3.77474e-07,2.86646e-07,2.10863e-07,1.44096e-07
8.07522e-07,7.91717e-07,7.54415e-07,6.896e-07,6.22869e-07,5.30939e-07,4.64761e-07,3.71108e-07,2.82923e-07,2.07512e-07,1.44023e-07
7.99962e-07,7.81098e-07,7.50535e-07,6.79954e-07,6.14485e-07,5.28476e-07,4.57149e-07,3.66948e-07,2.78922e-07,2.03977e-07,1.42814e-07
