# xi4
# underflow	 -655.90499    	 0.52566974E-01
# overflow	  3.2723674    	 0.65287160E-02
# sum	 -265.13719    	 0.90473864E-01
# xmin	xmax	cross	numerror
  0.0000000    	  1.0000000    	  1.3944508    	 0.74724556E-02
  1.0000000    	  2.0000000    	  1.3846664    	 0.68030605E-02
  2.0000000    	  3.0000000    	  1.3781751    	 0.63679190E-02
  3.0000000    	  4.0000000    	  1.3501352    	 0.60319001E-02
  4.0000000    	  5.0000000    	  1.3055370    	 0.57319059E-02
  5.0000000    	  6.0000000    	  1.2575172    	 0.56163743E-02
  6.0000000    	  7.0000000    	  1.1676685    	 0.54254426E-02
  7.0000000    	  8.0000000    	  1.0668786    	 0.49982980E-02
  8.0000000    	  9.0000000    	 0.95900572    	 0.50520560E-02
  9.0000000    	  10.000000    	 0.83009706    	 0.50538781E-02
  10.000000    	  11.000000    	 0.73193256    	 0.50632455E-02
  11.000000    	  12.000000    	  1.3133444    	 0.69741410E-02
  12.000000    	  13.000000    	  1.3093543    	 0.66510640E-02
  13.000000    	  14.000000    	  1.2993532    	 0.59898007E-02
  14.000000    	  15.000000    	  1.2705305    	 0.55097127E-02
  15.000000    	  16.000000    	  1.2327592    	 0.52792691E-02
  16.000000    	  17.000000    	  1.1672057    	 0.48948215E-02
  17.000000    	  18.000000    	  1.0916879    	 0.46986405E-02
  18.000000    	  19.000000    	 0.98843160    	 0.46375259E-02
  19.000000    	  20.000000    	 0.90118368    	 0.48709715E-02
  20.000000    	  21.000000    	 0.80338291    	 0.49586406E-02
  21.000000    	  22.000000    	 0.69969448    	 0.50068383E-02
  22.000000    	  23.000000    	  1.2438377    	 0.66239564E-02
  23.000000    	  24.000000    	  1.2422344    	 0.62490670E-02
  24.000000    	  25.000000    	  1.2243958    	 0.56091223E-02
  25.000000    	  26.000000    	  1.1994426    	 0.53654261E-02
  26.000000    	  27.000000    	  1.1671961    	 0.50139447E-02
  27.000000    	  28.000000    	  1.1011770    	 0.46163704E-02
  28.000000    	  29.000000    	  1.0435912    	 0.45578653E-02
  29.000000    	  30.000000    	 0.95658739    	 0.43093079E-02
  30.000000    	  31.000000    	 0.86456797    	 0.41801441E-02
  31.000000    	  32.000000    	 0.76554348    	 0.43655159E-02
  32.000000    	  33.000000    	 0.65429441    	 0.41334976E-02
  33.000000    	  34.000000    	  1.1722431    	 0.62466075E-02
  34.000000    	  35.000000    	  1.1715791    	 0.58375664E-02
  35.000000    	  36.000000    	  1.1517539    	 0.51998898E-02
  36.000000    	  37.000000    	  1.1233044    	 0.48578382E-02
  37.000000    	  38.000000    	  1.0964703    	 0.45951489E-02
  38.000000    	  39.000000    	  1.0493203    	 0.44272862E-02
  39.000000    	  40.000000    	 0.98440509    	 0.41984715E-02
  40.000000    	  41.000000    	 0.91654886    	 0.42926196E-02
  41.000000    	  42.000000    	 0.82947708    	 0.40497327E-02
  42.000000    	  43.000000    	 0.73619568    	 0.40546103E-02
  43.000000    	  44.000000    	 0.63914395    	 0.41303839E-02
  44.000000    	  45.000000    	  1.1112769    	 0.60115063E-02
  45.000000    	  46.000000    	  1.1067068    	 0.54740334E-02
  46.000000    	  47.000000    	  1.0886038    	 0.50111678E-02
  47.000000    	  48.000000    	  1.0808502    	 0.46986837E-02
  48.000000    	  49.000000    	  1.0419400    	 0.44175140E-02
  49.000000    	  50.000000    	 0.99827137    	 0.40392549E-02
  50.000000    	  51.000000    	 0.93944251    	 0.37766596E-02
  51.000000    	  52.000000    	 0.86762093    	 0.36984668E-02
  52.000000    	  53.000000    	 0.79009341    	 0.37613410E-02
  53.000000    	  54.000000    	 0.70683326    	 0.36996206E-02
  54.000000    	  55.000000    	 0.61383772    	 0.37320505E-02
  55.000000    	  56.000000    	  1.0610543    	 0.56353387E-02
  56.000000    	  57.000000    	  1.0565049    	 0.52859905E-02
  57.000000    	  58.000000    	  1.0362881    	 0.46488870E-02
  58.000000    	  59.000000    	  1.0171375    	 0.44336109E-02
  59.000000    	  60.000000    	 0.98885653    	 0.40801115E-02
  60.000000    	  61.000000    	 0.94993208    	 0.38787172E-02
  61.000000    	  62.000000    	 0.89615677    	 0.36506466E-02
  62.000000    	  63.000000    	 0.83056486    	 0.36961299E-02
  63.000000    	  64.000000    	 0.75628837    	 0.35548716E-02
  64.000000    	  65.000000    	 0.67890320    	 0.36375466E-02
  65.000000    	  66.000000    	 0.59042961    	 0.35172567E-02
  66.000000    	  67.000000    	  1.0016093    	 0.53615689E-02
  67.000000    	  68.000000    	 0.99248779    	 0.48831219E-02
  68.000000    	  69.000000    	 0.98546753    	 0.45201705E-02
  69.000000    	  70.000000    	 0.96806981    	 0.42078681E-02
  70.000000    	  71.000000    	 0.94277960    	 0.43033474E-02
  71.000000    	  72.000000    	 0.90362067    	 0.35832350E-02
  72.000000    	  73.000000    	 0.85730512    	 0.35629334E-02
  73.000000    	  74.000000    	 0.79973260    	 0.33997361E-02
  74.000000    	  75.000000    	 0.72682115    	 0.32176484E-02
  75.000000    	  76.000000    	 0.65330564    	 0.33530646E-02
  76.000000    	  77.000000    	 0.56675256    	 0.32032404E-02
  77.000000    	  78.000000    	 0.96011711    	 0.51973786E-02
  78.000000    	  79.000000    	 0.95578301    	 0.46872350E-02
  79.000000    	  80.000000    	 0.94889222    	 0.44430823E-02
  80.000000    	  81.000000    	 0.92102485    	 0.38784074E-02
  81.000000    	  82.000000    	 0.90115878    	 0.36699986E-02
  82.000000    	  83.000000    	 0.86482614    	 0.34523514E-02
  83.000000    	  84.000000    	 0.81697787    	 0.32570129E-02
  84.000000    	  85.000000    	 0.76375093    	 0.31371410E-02
  85.000000    	  86.000000    	 0.69648092    	 0.33019703E-02
  86.000000    	  87.000000    	 0.62163793    	 0.30296206E-02
  87.000000    	  88.000000    	 0.55591774    	 0.31158449E-02
  88.000000    	  89.000000    	 0.91386595    	 0.48733738E-02
  89.000000    	  90.000000    	 0.91054389    	 0.44224687E-02
  90.000000    	  91.000000    	 0.90375817    	 0.41169569E-02
  91.000000    	  92.000000    	 0.87934135    	 0.37705835E-02
  92.000000    	  93.000000    	 0.85615868    	 0.34719301E-02
  93.000000    	  94.000000    	 0.82669014    	 0.32613393E-02
  94.000000    	  95.000000    	 0.78904498    	 0.31993556E-02
  95.000000    	  96.000000    	 0.73493103    	 0.29519545E-02
  96.000000    	  97.000000    	 0.67804952    	 0.30526740E-02
  97.000000    	  98.000000    	 0.60791565    	 0.28916621E-02
  98.000000    	  99.000000    	 0.53976006    	 0.29081838E-02
  99.000000    	  100.00000    	 0.86888199    	 0.46356927E-02
  100.00000    	  101.00000    	 0.86917085    	 0.43335727E-02
  101.00000    	  102.00000    	 0.85881215    	 0.41282641E-02
  102.00000    	  103.00000    	 0.84948219    	 0.36810067E-02
  103.00000    	  104.00000    	 0.82289479    	 0.33368416E-02
  104.00000    	  105.00000    	 0.79003766    	 0.31229284E-02
  105.00000    	  106.00000    	 0.74696297    	 0.29795215E-02
  106.00000    	  107.00000    	 0.70281630    	 0.29170566E-02
  107.00000    	  108.00000    	 0.64769284    	 0.28217251E-02
  108.00000    	  109.00000    	 0.59225330    	 0.28879206E-02
  109.00000    	  110.00000    	 0.52768872    	 0.27611551E-02
  110.00000    	  111.00000    	 0.83757456    	 0.45567914E-02
  111.00000    	  112.00000    	 0.83242656    	 0.40177226E-02
  112.00000    	  113.00000    	 0.82544372    	 0.37446251E-02
  113.00000    	  114.00000    	 0.80721415    	 0.35281182E-02
  114.00000    	  115.00000    	 0.78440867    	 0.31568031E-02
  115.00000    	  116.00000    	 0.76330246    	 0.29208344E-02
  116.00000    	  117.00000    	 0.72560051    	 0.28285484E-02
  117.00000    	  118.00000    	 0.68213818    	 0.27590436E-02
  118.00000    	  119.00000    	 0.63421055    	 0.28517789E-02
  119.00000    	  120.00000    	 0.57283497    	 0.26519196E-02
  120.00000    	  121.00000    	 0.51309502    	 0.26745565E-02
  121.00000    	  122.00000    	 0.80618230    	 0.43681962E-02
  122.00000    	  123.00000    	 0.79394609    	 0.39280998E-02
  123.00000    	  124.00000    	 0.78764245    	 0.35869940E-02
  124.00000    	  125.00000    	 0.77710268    	 0.33644024E-02
  125.00000    	  126.00000    	 0.75681261    	 0.31051393E-02
  126.00000    	  127.00000    	 0.73015174    	 0.29326101E-02
  127.00000    	  128.00000    	 0.69868557    	 0.29155470E-02
  128.00000    	  129.00000    	 0.65852008    	 0.26542989E-02
  129.00000    	  130.00000    	 0.60771363    	 0.25166678E-02
  130.00000    	  131.00000    	 0.55558827    	 0.25970222E-02
  131.00000    	  132.00000    	 0.49891912    	 0.24828399E-02
  132.00000    	  133.00000    	 0.76590295    	 0.41149922E-02
  133.00000    	  134.00000    	 0.76727011    	 0.37374008E-02
  134.00000    	  135.00000    	 0.75579062    	 0.34831485E-02
  135.00000    	  136.00000    	 0.74189811    	 0.32195939E-02
  136.00000    	  137.00000    	 0.72777660    	 0.30016862E-02
  137.00000    	  138.00000    	 0.70030249    	 0.28762380E-02
  138.00000    	  139.00000    	 0.66575262    	 0.25667966E-02
  139.00000    	  140.00000    	 0.63322134    	 0.25060766E-02
  140.00000    	  141.00000    	 0.58941980    	 0.24673391E-02
  141.00000    	  142.00000    	 0.54295485    	 0.24533874E-02
  142.00000    	  143.00000    	 0.48634857    	 0.23962148E-02
  143.00000    	  144.00000    	 0.74253555    	 0.41117717E-02
  144.00000    	  145.00000    	 0.73936630    	 0.38248719E-02
  145.00000    	  146.00000    	 0.72789919    	 0.33801752E-02
  146.00000    	  147.00000    	 0.71646958    	 0.31129660E-02
  147.00000    	  148.00000    	 0.69867932    	 0.28808192E-02
  148.00000    	  149.00000    	 0.67683496    	 0.27333379E-02
  149.00000    	  150.00000    	 0.64723566    	 0.25883259E-02
  150.00000    	  151.00000    	 0.61370447    	 0.25034044E-02
  151.00000    	  152.00000    	 0.57498099    	 0.24239402E-02
  152.00000    	  153.00000    	 0.52763037    	 0.23706444E-02
  153.00000    	  154.00000    	 0.47536696    	 0.22413709E-02
  154.00000    	  155.00000    	 0.71287882    	 0.39240576E-02
  155.00000    	  156.00000    	 0.70910928    	 0.35776114E-02
  156.00000    	  157.00000    	 0.69873374    	 0.32279355E-02
  157.00000    	  158.00000    	 0.69306164    	 0.29957258E-02
  158.00000    	  159.00000    	 0.67327178    	 0.27988386E-02
  159.00000    	  160.00000    	 0.65249319    	 0.25798351E-02
  160.00000    	  161.00000    	 0.62739616    	 0.24486546E-02
  161.00000    	  162.00000    	 0.59078198    	 0.23557783E-02
  162.00000    	  163.00000    	 0.55801399    	 0.24660092E-02
  163.00000    	  164.00000    	 0.51496524    	 0.22834479E-02
  164.00000    	  165.00000    	 0.46666240    	 0.22957909E-02
  165.00000    	  166.00000    	 0.68387514    	 0.37929881E-02
  166.00000    	  167.00000    	 0.67965444    	 0.33928884E-02
  167.00000    	  168.00000    	 0.67492807    	 0.31389626E-02
  168.00000    	  169.00000    	 0.66120746    	 0.28211061E-02
  169.00000    	  170.00000    	 0.64981969    	 0.26854086E-02
  170.00000    	  171.00000    	 0.63096257    	 0.25506314E-02
  171.00000    	  172.00000    	 0.60520742    	 0.24223226E-02
  172.00000    	  173.00000    	 0.57843255    	 0.23384980E-02
  173.00000    	  174.00000    	 0.54409890    	 0.23137193E-02
  174.00000    	  175.00000    	 0.50075773    	 0.22850304E-02
  175.00000    	  176.00000    	 0.45797641    	 0.21779626E-02
  176.00000    	  177.00000    	 0.66092760    	 0.36246842E-02
  177.00000    	  178.00000    	 0.65542918    	 0.33154008E-02
  178.00000    	  179.00000    	 0.65175651    	 0.29849671E-02
  179.00000    	  180.00000    	 0.64241540    	 0.28245119E-02
  180.00000    	  181.00000    	 0.62945628    	 0.26446049E-02
  181.00000    	  182.00000    	 0.61172803    	 0.25170690E-02
  182.00000    	  183.00000    	 0.58738833    	 0.24080186E-02
  183.00000    	  184.00000    	 0.56012350    	 0.22838351E-02
  184.00000    	  185.00000    	 0.52811844    	 0.22120264E-02
  185.00000    	  186.00000    	 0.49297602    	 0.22821970E-02
  186.00000    	  187.00000    	 0.44817726    	 0.21527518E-02
  187.00000    	  188.00000    	 0.63890112    	 0.34986464E-02
  188.00000    	  189.00000    	 0.63597345    	 0.31997032E-02
  189.00000    	  190.00000    	 0.62810230    	 0.29395823E-02
  190.00000    	  191.00000    	 0.61734495    	 0.26747766E-02
  191.00000    	  192.00000    	 0.61019160    	 0.26521755E-02
  192.00000    	  193.00000    	 0.58878013    	 0.23915501E-02
  193.00000    	  194.00000    	 0.56857445    	 0.22869451E-02
  194.00000    	  195.00000    	 0.54586897    	 0.22270802E-02
  195.00000    	  196.00000    	 0.51460178    	 0.22009906E-02
  196.00000    	  197.00000    	 0.47946929    	 0.21249627E-02
  197.00000    	  198.00000    	 0.43831783    	 0.20878901E-02
  198.00000    	  199.00000    	 0.61670635    	 0.34213146E-02
  199.00000    	  200.00000    	 0.61464375    	 0.30709887E-02
  200.00000    	  201.00000    	 0.61066442    	 0.29329338E-02
  201.00000    	  202.00000    	 0.59955601    	 0.26310782E-02
  202.00000    	  203.00000    	 0.58737323    	 0.24627608E-02
  203.00000    	  204.00000    	 0.57007798    	 0.23194137E-02
  204.00000    	  205.00000    	 0.55330447    	 0.22494875E-02
  205.00000    	  206.00000    	 0.53345199    	 0.22578850E-02
  206.00000    	  207.00000    	 0.49890979    	 0.21179425E-02
  207.00000    	  208.00000    	 0.46447940    	 0.21003498E-02
  208.00000    	  209.00000    	 0.42994096    	 0.20912657E-02
  209.00000    	  210.00000    	 0.59053628    	 0.33375954E-02
  210.00000    	  211.00000    	 0.59021631    	 0.29904668E-02
  211.00000    	  212.00000    	 0.58575984    	 0.27211009E-02
  212.00000    	  213.00000    	 0.58179085    	 0.27753085E-02
  213.00000    	  214.00000    	 0.56568806    	 0.23933157E-02
  214.00000    	  215.00000    	 0.55376087    	 0.22616747E-02
  215.00000    	  216.00000    	 0.53640881    	 0.21907907E-02
  216.00000    	  217.00000    	 0.51291842    	 0.22336395E-02
  217.00000    	  218.00000    	 0.48671844    	 0.21054810E-02
  218.00000    	  219.00000    	 0.45523122    	 0.20921381E-02
  219.00000    	  220.00000    	 0.42274905    	 0.22053494E-02
  220.00000    	  221.00000    	 0.58363195    	 0.32953640E-02
  221.00000    	  222.00000    	 0.57318239    	 0.29691722E-02
  222.00000    	  223.00000    	 0.56998726    	 0.28060456E-02
  223.00000    	  224.00000    	 0.56099995    	 0.25685680E-02
  224.00000    	  225.00000    	 0.55171807    	 0.23968990E-02
  225.00000    	  226.00000    	 0.53465181    	 0.22180142E-02
  226.00000    	  227.00000    	 0.52098570    	 0.21467004E-02
  227.00000    	  228.00000    	 0.49762379    	 0.20719139E-02
  228.00000    	  229.00000    	 0.47628277    	 0.19737416E-02
  229.00000    	  230.00000    	 0.44982492    	 0.21559745E-02
  230.00000    	  231.00000    	 0.41292178    	 0.19012526E-02
  231.00000    	  232.00000    	 0.55843791    	 0.31502841E-02
  232.00000    	  233.00000    	 0.55570375    	 0.28256072E-02
  233.00000    	  234.00000    	 0.55225329    	 0.26102778E-02
  234.00000    	  235.00000    	 0.54344087    	 0.24573304E-02
  235.00000    	  236.00000    	 0.53431629    	 0.22550140E-02
  236.00000    	  237.00000    	 0.52486153    	 0.21661216E-02
  237.00000    	  238.00000    	 0.50274347    	 0.20566154E-02
  238.00000    	  239.00000    	 0.48925088    	 0.20265909E-02
  239.00000    	  240.00000    	 0.46473161    	 0.19876681E-02
  240.00000    	  241.00000    	 0.44049567    	 0.19790594E-02
  241.00000    	  242.00000    	 0.40427343    	 0.18901226E-02
  242.00000    	  243.00000    	 0.54293681    	 0.31383167E-02
  243.00000    	  244.00000    	 0.53842680    	 0.27811197E-02
  244.00000    	  245.00000    	 0.52859543    	 0.25135397E-02
  245.00000    	  246.00000    	 0.52713249    	 0.23993515E-02
  246.00000    	  247.00000    	 0.51686031    	 0.22065984E-02
  247.00000    	  248.00000    	 0.50669623    	 0.21364972E-02
  248.00000    	  249.00000    	 0.49682997    	 0.20751381E-02
  249.00000    	  250.00000    	 0.47504855    	 0.19856450E-02
  250.00000    	  251.00000    	 0.46076437    	 0.19823983E-02
  251.00000    	  252.00000    	 0.43063008    	 0.19288980E-02
  252.00000    	  253.00000    	 0.39684453    	 0.19279806E-02
  253.00000    	  254.00000    	 0.51873044    	 0.29693038E-02
  254.00000    	  255.00000    	 0.52237738    	 0.27123683E-02
  255.00000    	  256.00000    	 0.51951646    	 0.25519213E-02
  256.00000    	  257.00000    	 0.51242394    	 0.23757760E-02
  257.00000    	  258.00000    	 0.49885064    	 0.21582196E-02
  258.00000    	  259.00000    	 0.49000081    	 0.20412232E-02
  259.00000    	  260.00000    	 0.47812700    	 0.19967159E-02
  260.00000    	  261.00000    	 0.46472142    	 0.20655406E-02
  261.00000    	  262.00000    	 0.44537412    	 0.19245028E-02
  262.00000    	  263.00000    	 0.41900219    	 0.18638967E-02
  263.00000    	  264.00000    	 0.39173469    	 0.18680838E-02
  264.00000    	  265.00000    	 0.49915432    	 0.31515840E-02
  265.00000    	  266.00000    	 0.50614505    	 0.26356649E-02
  266.00000    	  267.00000    	 0.50664193    	 0.24979485E-02
  267.00000    	  268.00000    	 0.49294147    	 0.22309012E-02
  268.00000    	  269.00000    	 0.48888727    	 0.21316584E-02
  269.00000    	  270.00000    	 0.48102742    	 0.21275703E-02
  270.00000    	  271.00000    	 0.46883017    	 0.19819368E-02
  271.00000    	  272.00000    	 0.45559472    	 0.19465128E-02
  272.00000    	  273.00000    	 0.43598748    	 0.19134794E-02
  273.00000    	  274.00000    	 0.41126676    	 0.19154977E-02
  274.00000    	  275.00000    	 0.38550781    	 0.18433923E-02
  275.00000    	  276.00000    	 0.49132073    	 0.28709614E-02
  276.00000    	  277.00000    	 0.48783066    	 0.25922019E-02
  277.00000    	  278.00000    	 0.48686505    	 0.23296324E-02
  278.00000    	  279.00000    	 0.48244633    	 0.22052259E-02
  279.00000    	  280.00000    	 0.47565918    	 0.20745314E-02
  280.00000    	  281.00000    	 0.46391023    	 0.19893744E-02
  281.00000    	  282.00000    	 0.45761299    	 0.19416592E-02
  282.00000    	  283.00000    	 0.44328554    	 0.18758083E-02
  283.00000    	  284.00000    	 0.42572988    	 0.18657316E-02
  284.00000    	  285.00000    	 0.40313776    	 0.18495956E-02
  285.00000    	  286.00000    	 0.37925491    	 0.19035690E-02
  286.00000    	  287.00000    	 0.47974775    	 0.28083848E-02
  287.00000    	  288.00000    	 0.48021857    	 0.25915158E-02
  288.00000    	  289.00000    	 0.47767277    	 0.24989042E-02
  289.00000    	  290.00000    	 0.46906469    	 0.21858187E-02
  290.00000    	  291.00000    	 0.46414959    	 0.20699873E-02
  291.00000    	  292.00000    	 0.45216648    	 0.19338371E-02
  292.00000    	  293.00000    	 0.44285597    	 0.18593226E-02
  293.00000    	  294.00000    	 0.42882045    	 0.18411262E-02
  294.00000    	  295.00000    	 0.41722592    	 0.19423484E-02
  295.00000    	  296.00000    	 0.39475884    	 0.18172078E-02
  296.00000    	  297.00000    	 0.35167113    	 0.17125412E-02
  297.00000    	  298.00000    	 0.46244785    	 0.27696632E-02
  298.00000    	  299.00000    	 0.46365367    	 0.24726241E-02
  299.00000    	  300.00000    	 0.46095580    	 0.22630659E-02
  300.00000    	  301.00000    	 0.45645611    	 0.21386057E-02
  301.00000    	  302.00000    	 0.45096536    	 0.19827971E-02
  302.00000    	  303.00000    	 0.43285939    	 0.18891129E-02
  303.00000    	  304.00000    	 0.43621636    	 0.19161371E-02
  304.00000    	  305.00000    	 0.42348069    	 0.19018211E-02
  305.00000    	  306.00000    	 0.40746136    	 0.18708454E-02
  306.00000    	  307.00000    	 0.39156494    	 0.19299666E-02
  307.00000    	  308.00000    	 0.34927579    	 0.18207414E-02
  308.00000    	  309.00000    	 0.45274194    	 0.26593042E-02
  309.00000    	  310.00000    	 0.44981116    	 0.24788783E-02
  310.00000    	  311.00000    	 0.44910792    	 0.22305370E-02
  311.00000    	  312.00000    	 0.44664327    	 0.21874047E-02
  312.00000    	  313.00000    	 0.43892477    	 0.19921709E-02
  313.00000    	  314.00000    	 0.42062368    	 0.18704116E-02
  314.00000    	  315.00000    	 0.42142311    	 0.18354947E-02
  315.00000    	  316.00000    	 0.41271824    	 0.18418812E-02
  316.00000    	  317.00000    	 0.39817606    	 0.17696107E-02
  317.00000    	  318.00000    	 0.37897567    	 0.17716750E-02
  318.00000    	  319.00000    	 0.35760657    	 0.18333872E-02
  319.00000    	  320.00000    	 0.43938735    	 0.26126028E-02
  320.00000    	  321.00000    	 0.43689093    	 0.24036966E-02
  321.00000    	  322.00000    	 0.43325928    	 0.22227658E-02
  322.00000    	  323.00000    	 0.43161727    	 0.20454411E-02
  323.00000    	  324.00000    	 0.42325708    	 0.19133980E-02
  324.00000    	  325.00000    	 0.42016141    	 0.18499503E-02
  325.00000    	  326.00000    	 0.41249175    	 0.18152847E-02
  326.00000    	  327.00000    	 0.40391326    	 0.18181438E-02
  327.00000    	  328.00000    	 0.39033974    	 0.17599882E-02
  328.00000    	  329.00000    	 0.37273603    	 0.17593597E-02
  329.00000    	  330.00000    	 0.34984101    	 0.17872565E-02
  330.00000    	  331.00000    	 0.42482361    	 0.25265333E-02
  331.00000    	  332.00000    	 0.42818585    	 0.24126041E-02
  332.00000    	  333.00000    	 0.42661968    	 0.22172590E-02
  333.00000    	  334.00000    	 0.41903067    	 0.20541470E-02
  334.00000    	  335.00000    	 0.41822823    	 0.19158198E-02
  335.00000    	  336.00000    	 0.40716211    	 0.18542926E-02
  336.00000    	  337.00000    	 0.40297695    	 0.18179015E-02
  337.00000    	  338.00000    	 0.39328714    	 0.17588197E-02
  338.00000    	  339.00000    	 0.37779556    	 0.17562229E-02
  339.00000    	  340.00000    	 0.36641884    	 0.17656510E-02
  340.00000    	  341.00000    	 0.34601551    	 0.18176535E-02
  341.00000    	  342.00000    	 0.61651489E-01	 0.98103191E-03
  342.00000    	  343.00000    	 0.41593997    	 0.23585315E-02
  343.00000    	  344.00000    	 0.41122216    	 0.21195657E-02
  344.00000    	  345.00000    	 0.41163907    	 0.20052556E-02
  345.00000    	  346.00000    	 0.40688270    	 0.19043039E-02
  346.00000    	  347.00000    	 0.40102591    	 0.18270415E-02
  347.00000    	  348.00000    	 0.39442003    	 0.17570316E-02
  348.00000    	  349.00000    	 0.38508055    	 0.17096711E-02
  349.00000    	  350.00000    	 0.37291750    	 0.17039550E-02
  350.00000    	  351.00000    	 0.35729053    	 0.17242412E-02
  351.00000    	  352.00000    	 0.33971213    	 0.17701483E-02
  352.00000    	  353.00000    	 0.40388038    	 0.24365128E-02
  353.00000    	  354.00000    	 0.40130957    	 0.22149964E-02
  354.00000    	  355.00000    	 0.40000532    	 0.20227684E-02
  355.00000    	  356.00000    	 0.40090683    	 0.19722659E-02
  356.00000    	  357.00000    	 0.39416882    	 0.18295376E-02
  357.00000    	  358.00000    	 0.38965058    	 0.17784221E-02
  358.00000    	  359.00000    	 0.38482062    	 0.17387899E-02
  359.00000    	  360.00000    	 0.37746552    	 0.17157145E-02
  360.00000    	  361.00000    	 0.36586004    	 0.17042301E-02
  361.00000    	  362.00000    	 0.34082316    	 0.17400559E-02
  362.00000    	  363.00000    	 0.33187556    	 0.17191435E-02
  363.00000    	  364.00000    	 0.39476729    	 0.24745630E-02
  364.00000    	  365.00000    	 0.39560582    	 0.22018109E-02
  365.00000    	  366.00000    	 0.39188061    	 0.20388264E-02
  366.00000    	  367.00000    	 0.38917790    	 0.18805158E-02
  367.00000    	  368.00000    	 0.38625671    	 0.18333007E-02
  368.00000    	  369.00000    	 0.38168586    	 0.18608448E-02
  369.00000    	  370.00000    	 0.37774132    	 0.17627623E-02
  370.00000    	  371.00000    	 0.36981325    	 0.17286960E-02
  371.00000    	  372.00000    	 0.36050599    	 0.16836899E-02
  372.00000    	  373.00000    	 0.34522046    	 0.17155033E-02
  373.00000    	  374.00000    	 0.32569557    	 0.17262696E-02
  374.00000    	  375.00000    	 0.38001005    	 0.23807792E-02
  375.00000    	  376.00000    	 0.38520033    	 0.23091753E-02
  376.00000    	  377.00000    	 0.38489200    	 0.21092563E-02
  377.00000    	  378.00000    	 0.37823319    	 0.18566805E-02
  378.00000    	  379.00000    	 0.37727634    	 0.17989780E-02
  379.00000    	  380.00000    	 0.37321083    	 0.17197214E-02
  380.00000    	  381.00000    	 0.36926543    	 0.16941653E-02
  381.00000    	  382.00000    	 0.36409675    	 0.16843659E-02
  382.00000    	  383.00000    	 0.35197127    	 0.16816488E-02
  383.00000    	  384.00000    	 0.33865972    	 0.17398148E-02
  384.00000    	  385.00000    	 0.31766327    	 0.17305103E-02
  385.00000    	  386.00000    	 0.37851556    	 0.24527944E-02
  386.00000    	  387.00000    	 0.37525530    	 0.21373639E-02
  387.00000    	  388.00000    	 0.37275907    	 0.19365952E-02
  388.00000    	  389.00000    	 0.37280031    	 0.18707246E-02
  389.00000    	  390.00000    	 0.36162882    	 0.17755445E-02
  390.00000    	  391.00000    	 0.36791660    	 0.17176269E-02
  391.00000    	  392.00000    	 0.36189550    	 0.16668284E-02
  392.00000    	  393.00000    	 0.35516100    	 0.16697248E-02
  393.00000    	  394.00000    	 0.34798672    	 0.16634434E-02
  394.00000    	  395.00000    	 0.33490678    	 0.17197590E-02
  395.00000    	  396.00000    	 0.31610125    	 0.17301358E-02
  396.00000    	  397.00000    	 0.36621235    	 0.23285076E-02
  397.00000    	  398.00000    	 0.36333032    	 0.21257952E-02
  398.00000    	  399.00000    	 0.36516363    	 0.19257303E-02
  399.00000    	  400.00000    	 0.36408214    	 0.18788971E-02
  400.00000    	  401.00000    	 0.35975465    	 0.17248594E-02
  401.00000    	  402.00000    	 0.35242177    	 0.16914798E-02
  402.00000    	  403.00000    	 0.35396705    	 0.16721402E-02
  403.00000    	  404.00000    	 0.35042842    	 0.16393837E-02
  404.00000    	  405.00000    	 0.32755749    	 0.16609301E-02
  405.00000    	  406.00000    	 0.32924712    	 0.16708007E-02
  406.00000    	  407.00000    	 0.30981737    	 0.17044682E-02
  407.00000    	  408.00000    	 0.31857671    	 0.21204605E-02
  408.00000    	  409.00000    	 0.35714194    	 0.21299431E-02
  409.00000    	  410.00000    	 0.35766882    	 0.19035612E-02
  410.00000    	  411.00000    	 0.35147809    	 0.17659645E-02
  411.00000    	  412.00000    	 0.35189742    	 0.17362693E-02
  412.00000    	  413.00000    	 0.35210678    	 0.17164946E-02
  413.00000    	  414.00000    	 0.34817177    	 0.16749484E-02
  414.00000    	  415.00000    	 0.34201838    	 0.16978643E-02
  415.00000    	  416.00000    	 0.33619085    	 0.16595552E-02
  416.00000    	  417.00000    	 0.32151209    	 0.16407295E-02
  417.00000    	  418.00000    	 0.30456722    	 0.16864267E-02
  418.00000    	  419.00000    	 0.34327139    	 0.22141586E-02
  419.00000    	  420.00000    	 0.34912890    	 0.21063634E-02
  420.00000    	  421.00000    	 0.34754871    	 0.18958131E-02
  421.00000    	  422.00000    	 0.14512207    	 0.11541968E-02
  422.00000    	  423.00000    	 0.34547308    	 0.17215255E-02
  423.00000    	  424.00000    	 0.34364084    	 0.16383340E-02
  424.00000    	  425.00000    	 0.34141393    	 0.16589075E-02
  425.00000    	  426.00000    	 0.33757387    	 0.16114441E-02
  426.00000    	  427.00000    	 0.32955573    	 0.16400559E-02
  427.00000    	  428.00000    	 0.31809977    	 0.16695116E-02
  428.00000    	  429.00000    	 0.29862425    	 0.16547027E-02
  429.00000    	  430.00000    	 0.32219222    	 0.21865324E-02
  430.00000    	  431.00000    	 0.33079048    	 0.19516631E-02
  431.00000    	  432.00000    	 0.34115194    	 0.19433821E-02
  432.00000    	  433.00000    	 0.34137755    	 0.17740450E-02
  433.00000    	  434.00000    	 0.34131251    	 0.17284036E-02
  434.00000    	  435.00000    	 0.33827051    	 0.16438833E-02
  435.00000    	  436.00000    	 0.33662588    	 0.16284496E-02
  436.00000    	  437.00000    	 0.32920196    	 0.15780084E-02
  437.00000    	  438.00000    	 0.32491109    	 0.17073068E-02
  438.00000    	  439.00000    	 0.31158381    	 0.16434950E-02
  439.00000    	  440.00000    	 0.29139306    	 0.16714009E-02
  440.00000    	  441.00000    	 0.33503326    	 0.21858008E-02
  441.00000    	  442.00000    	 0.33344727    	 0.20263834E-02
  442.00000    	  443.00000    	 0.32050412    	 0.18145060E-02
  443.00000    	  444.00000    	 0.33190450    	 0.17180317E-02
  444.00000    	  445.00000    	 0.33144580    	 0.16523778E-02
  445.00000    	  446.00000    	 0.33123460    	 0.16345291E-02
  446.00000    	  447.00000    	 0.32987387    	 0.15912164E-02
  447.00000    	  448.00000    	 0.32536293    	 0.16093297E-02
  448.00000    	  449.00000    	 0.31783673    	 0.15845731E-02
  449.00000    	  450.00000    	 0.27359772    	 0.14957255E-02
  450.00000    	  451.00000    	 0.29571793    	 0.16839329E-02
  451.00000    	  452.00000    	 0.32394645    	 0.21357576E-02
  452.00000    	  453.00000    	 0.32863432    	 0.19880302E-02
  453.00000    	  454.00000    	 0.32778173    	 0.18429336E-02
  454.00000    	  455.00000    	 0.32893934    	 0.17363817E-02
  455.00000    	  456.00000    	 0.32678873    	 0.16612074E-02
  456.00000    	  457.00000    	 0.32769975    	 0.16214376E-02
  457.00000    	  458.00000    	 0.32263275    	 0.16022078E-02
  458.00000    	  459.00000    	 0.32014076    	 0.15764003E-02
  459.00000    	  460.00000    	 0.31448325    	 0.16722666E-02
  460.00000    	  461.00000    	 0.30039590    	 0.16432465E-02
  461.00000    	  462.00000    	 0.28799865    	 0.16654242E-02
  462.00000    	  463.00000    	 0.32182351    	 0.21385873E-02
  463.00000    	  464.00000    	 0.29868447    	 0.18980762E-02
  464.00000    	  465.00000    	 0.31860188    	 0.17860741E-02
  465.00000    	  466.00000    	 0.31958629    	 0.17539718E-02
  466.00000    	  467.00000    	 0.31990994    	 0.16104192E-02
  467.00000    	  468.00000    	 0.31968977    	 0.15747512E-02
  468.00000    	  469.00000    	 0.31848484    	 0.15702202E-02
  469.00000    	  470.00000    	 0.31545941    	 0.16070116E-02
  470.00000    	  471.00000    	 0.31063055    	 0.16278652E-02
  471.00000    	  472.00000    	 0.29989529    	 0.16363035E-02
  472.00000    	  473.00000    	 0.28485254    	 0.16616497E-02
  473.00000    	  474.00000    	 0.31166093    	 0.20986223E-02
  474.00000    	  475.00000    	 0.44596374E-01	 0.73145809E-03
  475.00000    	  476.00000    	 0.31590946    	 0.18014609E-02
  476.00000    	  477.00000    	 0.31715532    	 0.17058687E-02
  477.00000    	  478.00000    	 0.20700982    	 0.13076342E-02
  478.00000    	  479.00000    	 0.31351464    	 0.16132734E-02
  479.00000    	  480.00000    	 0.31280399    	 0.15864835E-02
  480.00000    	  481.00000    	 0.30711246    	 0.15346261E-02
  481.00000    	  482.00000    	 0.30677383    	 0.16212501E-02
  482.00000    	  483.00000    	 0.29701195    	 0.16494415E-02
  483.00000    	  484.00000    	 0.28016875    	 0.16544317E-02
  484.00000    	  485.00000    	 0.54694711E-03	 0.80486846E-04
  485.00000    	  486.00000    	 0.30837840    	 0.19311202E-02
  486.00000    	  487.00000    	 0.29447753    	 0.17566064E-02
  487.00000    	  488.00000    	 0.30443589    	 0.16417215E-02
  488.00000    	  489.00000    	 0.30790236    	 0.16198987E-02
  489.00000    	  490.00000    	 0.31018055    	 0.15543822E-02
  490.00000    	  491.00000    	 0.38574198E-01	 0.53620669E-03
  491.00000    	  492.00000    	 0.30557993    	 0.16244972E-02
  492.00000    	  493.00000    	 0.30116787    	 0.15838960E-02
  493.00000    	  494.00000    	 0.28962978    	 0.15807812E-02
  494.00000    	  495.00000    	 0.27894245    	 0.16782682E-02
  495.00000    	  496.00000    	 0.29954355    	 0.20353397E-02
  496.00000    	  497.00000    	 0.30221722    	 0.18624826E-02
  497.00000    	  498.00000    	 0.30322336    	 0.17529517E-02
  498.00000    	  499.00000    	 0.30404747    	 0.16812195E-02
  499.00000    	  500.00000    	 0.30132924    	 0.16000364E-02
  500.00000    	  501.00000    	 0.30205223    	 0.15571270E-02
  501.00000    	  502.00000    	 0.30334586    	 0.15260610E-02
  502.00000    	  503.00000    	 0.30197371    	 0.15581387E-02
  503.00000    	  504.00000    	 0.29819812    	 0.15821253E-02
  504.00000    	  505.00000    	 0.28621823    	 0.16146414E-02
  505.00000    	  506.00000    	 0.27472714    	 0.16411730E-02
  506.00000    	  507.00000    	 0.29638101    	 0.20427246E-02
  507.00000    	  508.00000    	 0.29664087    	 0.18703833E-02
  508.00000    	  509.00000    	 0.29686638    	 0.17534312E-02
  509.00000    	  510.00000    	 0.30076355    	 0.16534355E-02
  510.00000    	  511.00000    	 0.29937115    	 0.16422082E-02
  511.00000    	  512.00000    	 0.29818938    	 0.15231807E-02
  512.00000    	  513.00000    	 0.29274527    	 0.15072626E-02
  513.00000    	  514.00000    	 0.29502906    	 0.15239045E-02
  514.00000    	  515.00000    	 0.29253165    	 0.15619667E-02
  515.00000    	  516.00000    	 0.28648985    	 0.16174934E-02
  516.00000    	  517.00000    	 0.27264733    	 0.16379539E-02
  517.00000    	  518.00000    	 0.28057070    	 0.20991915E-02
  518.00000    	  519.00000    	 0.24600573    	 0.17039484E-02
  519.00000    	  520.00000    	 0.28583074    	 0.16924386E-02
  520.00000    	  521.00000    	 0.28911417    	 0.16258226E-02
  521.00000    	  522.00000    	 0.29475761    	 0.15913017E-02
  522.00000    	  523.00000    	 0.29362461    	 0.15274925E-02
  523.00000    	  524.00000    	 0.25075653    	 0.13987855E-02
  524.00000    	  525.00000    	 0.29254701    	 0.15729858E-02
  525.00000    	  526.00000    	 0.28868602    	 0.15323997E-02
  526.00000    	  527.00000    	 0.28090551    	 0.15914768E-02
  527.00000    	  528.00000    	 0.26649982    	 0.15950145E-02
  528.00000    	  529.00000    	 0.28010291    	 0.19658105E-02
  529.00000    	  530.00000    	 0.28134374    	 0.18413510E-02
  530.00000    	  531.00000    	 0.28615716    	 0.17326035E-02
  531.00000    	  532.00000    	 0.28978699    	 0.16225522E-02
  532.00000    	  533.00000    	 0.28971942    	 0.15576306E-02
  533.00000    	  534.00000    	 0.29028289    	 0.15506104E-02
  534.00000    	  535.00000    	 0.29132166    	 0.15094478E-02
  535.00000    	  536.00000    	 0.28806935    	 0.15328296E-02
  536.00000    	  537.00000    	 0.28473505    	 0.15505884E-02
  537.00000    	  538.00000    	 0.27658534    	 0.15821378E-02
  538.00000    	  539.00000    	 0.26220667    	 0.16128638E-02
  539.00000    	  540.00000    	 0.27192174    	 0.18952789E-02
  540.00000    	  541.00000    	 0.27980210    	 0.17826388E-02
  541.00000    	  542.00000    	 0.27836578    	 0.16807573E-02
  542.00000    	  543.00000    	 0.28071465    	 0.18052238E-02
  543.00000    	  544.00000    	 0.27908309    	 0.15184815E-02
  544.00000    	  545.00000    	 0.28568390    	 0.15173249E-02
  545.00000    	  546.00000    	 0.28423028    	 0.14764318E-02
  546.00000    	  547.00000    	 0.28701940    	 0.15517697E-02
  547.00000    	  548.00000    	 0.27878205    	 0.15300157E-02
  548.00000    	  549.00000    	 0.27315590    	 0.15836514E-02
  549.00000    	  550.00000    	 0.26064692    	 0.16135036E-02
  550.00000    	  551.00000    	 0.27324733    	 0.20727315E-02
  551.00000    	  552.00000    	 0.27384215    	 0.17834334E-02
  552.00000    	  553.00000    	 0.27379603    	 0.16619046E-02
  553.00000    	  554.00000    	 0.27594234    	 0.16541996E-02
  554.00000    	  555.00000    	 0.24871949    	 0.14361245E-02
  555.00000    	  556.00000    	 0.28318185    	 0.15252666E-02
  556.00000    	  557.00000    	 0.28428176    	 0.15325972E-02
  557.00000    	  558.00000    	 0.27933835    	 0.14841377E-02
  558.00000    	  559.00000    	 0.27691268    	 0.15443063E-02
  559.00000    	  560.00000    	 0.26890204    	 0.15731271E-02
  560.00000    	  561.00000    	 0.25959937    	 0.16109657E-02
  561.00000    	  562.00000    	 0.26003276    	 0.19237576E-02
  562.00000    	  563.00000    	 0.26924282    	 0.18172163E-02
  563.00000    	  564.00000    	 0.27020488    	 0.17178092E-02
  564.00000    	  565.00000    	 0.27252121    	 0.15897741E-02
  565.00000    	  566.00000    	 0.27603344    	 0.15611066E-02
  566.00000    	  567.00000    	 0.27603321    	 0.14867852E-02
  567.00000    	  568.00000    	 0.27266787    	 0.14483765E-02
  568.00000    	  569.00000    	 0.27884560    	 0.15459958E-02
  569.00000    	  570.00000    	 0.27543644    	 0.15507409E-02
  570.00000    	  571.00000    	 0.26609705    	 0.15474548E-02
  571.00000    	  572.00000    	 0.24826421    	 0.15949352E-02
  572.00000    	  573.00000    	 0.26594981    	 0.19003459E-02
  573.00000    	  574.00000    	 0.26338505    	 0.17975446E-02
  574.00000    	  575.00000    	 0.26692906    	 0.16701276E-02
  575.00000    	  576.00000    	 0.26726629    	 0.15995725E-02
  576.00000    	  577.00000    	 0.27103493    	 0.14985041E-02
  577.00000    	  578.00000    	 0.27374208    	 0.15100693E-02
  578.00000    	  579.00000    	 0.27323619    	 0.14659605E-02
  579.00000    	  580.00000    	 0.27286477    	 0.14663014E-02
  580.00000    	  581.00000    	 0.26704224    	 0.14710731E-02
  581.00000    	  582.00000    	 0.26276926    	 0.15484715E-02
  582.00000    	  583.00000    	 0.25336006    	 0.16053028E-02
  583.00000    	  584.00000    	 0.25642345    	 0.18620539E-02
  584.00000    	  585.00000    	 0.25748280    	 0.17216888E-02
  585.00000    	  586.00000    	 0.25718848    	 0.16197331E-02
  586.00000    	  587.00000    	 0.26305871    	 0.15721353E-02
  587.00000    	  588.00000    	 0.26681813    	 0.15205227E-02
  588.00000    	  589.00000    	 0.26628222    	 0.14345698E-02
  589.00000    	  590.00000    	 0.27208721    	 0.15395006E-02
  590.00000    	  591.00000    	 0.27109388    	 0.14873908E-02
  591.00000    	  592.00000    	 0.26744731    	 0.15366354E-02
  592.00000    	  593.00000    	 0.26314202    	 0.15667399E-02
  593.00000    	  594.00000    	 0.24685008    	 0.15663962E-02
  594.00000    	  595.00000    	 0.21324995    	 0.17407748E-02
  595.00000    	  596.00000    	 0.10984492    	 0.11404579E-02
  596.00000    	  597.00000    	 0.25540501    	 0.16059615E-02
  597.00000    	  598.00000    	 0.26005362    	 0.15630320E-02
  598.00000    	  599.00000    	 0.26197079    	 0.15007353E-02
  599.00000    	  600.00000    	 0.26422278    	 0.14524117E-02
  600.00000    	  601.00000    	 0.26587859    	 0.14771590E-02
  601.00000    	  602.00000    	 0.26497710    	 0.14688777E-02
  602.00000    	  603.00000    	 0.26441718    	 0.14818212E-02
  603.00000    	  604.00000    	 0.25681353    	 0.15592643E-02
  604.00000    	  605.00000    	 0.24839193    	 0.16220925E-02
  605.00000    	  606.00000    	 0.24976833    	 0.18945588E-02
  606.00000    	  607.00000    	 0.24745685    	 0.17612238E-02
  607.00000    	  608.00000    	 0.24805986    	 0.15831433E-02
  608.00000    	  609.00000    	 0.25056087    	 0.14988503E-02
  609.00000    	  610.00000    	 0.25498561    	 0.14737733E-02
  610.00000    	  611.00000    	 0.25966319    	 0.14755396E-02
  611.00000    	  612.00000    	 0.26387758    	 0.14468253E-02
  612.00000    	  613.00000    	 0.26493481    	 0.14462956E-02
  613.00000    	  614.00000    	 0.26092226    	 0.14754591E-02
  614.00000    	  615.00000    	 0.25151094    	 0.15218486E-02
  615.00000    	  616.00000    	 0.24056553    	 0.15621860E-02
  616.00000    	  617.00000    	 0.24182766    	 0.18277528E-02
  617.00000    	  618.00000    	 0.23951328    	 0.17072448E-02
  618.00000    	  619.00000    	 0.24304922    	 0.15955106E-02
  619.00000    	  620.00000    	 0.25156371    	 0.15246258E-02
  620.00000    	  621.00000    	 0.25210147    	 0.14607828E-02
  621.00000    	  622.00000    	 0.25700082    	 0.14819157E-02
  622.00000    	  623.00000    	 0.25864434    	 0.14248950E-02
  623.00000    	  624.00000    	 0.26059368    	 0.14419939E-02
  624.00000    	  625.00000    	 0.25952254    	 0.15315895E-02
  625.00000    	  626.00000    	 0.24950603    	 0.15512543E-02
  626.00000    	  627.00000    	 0.23903891    	 0.15741714E-02
  627.00000    	  628.00000    	 0.23157620    	 0.18301110E-02
  628.00000    	  629.00000    	 0.22127789    	 0.16009773E-02
  629.00000    	  630.00000    	 0.24354598    	 0.15906057E-02
  630.00000    	  631.00000    	 0.86521625E-01	 0.90710514E-03
  631.00000    	  632.00000    	 0.17972942    	 0.12474256E-02
  632.00000    	  633.00000    	 0.25543956    	 0.14669138E-02
  633.00000    	  634.00000    	 0.25688744    	 0.14360511E-02
  634.00000    	  635.00000    	 0.25404507    	 0.15179111E-02
  635.00000    	  636.00000    	 0.25240496    	 0.14939650E-02
  636.00000    	  637.00000    	 0.24997137    	 0.15475987E-02
  637.00000    	  638.00000    	 0.23488756    	 0.15430507E-02
  638.00000    	  639.00000    	 0.23235989    	 0.17811914E-02
  639.00000    	  640.00000    	 0.23836095    	 0.16756040E-02
  640.00000    	  641.00000    	 0.24099726    	 0.15808189E-02
  641.00000    	  642.00000    	 0.12161277E-01	 0.33444503E-03
  642.00000    	  643.00000    	 0.24635037    	 0.14485076E-02
  643.00000    	  644.00000    	 0.24756640    	 0.14694960E-02
  644.00000    	  645.00000    	 0.25306080    	 0.14395197E-02
  645.00000    	  646.00000    	 0.25126066    	 0.14402631E-02
  646.00000    	  647.00000    	 0.25117668    	 0.14751048E-02
  647.00000    	  648.00000    	 0.24617317    	 0.15295192E-02
  648.00000    	  649.00000    	 0.23200270    	 0.15625053E-02
  649.00000    	  650.00000    	 0.23021376    	 0.18213727E-02
  650.00000    	  651.00000    	 0.23304898    	 0.16367538E-02
  651.00000    	  652.00000    	 0.23639374    	 0.15837891E-02
  652.00000    	  653.00000    	 0.23911850    	 0.15069052E-02
  653.00000    	  654.00000    	 0.24145440    	 0.14711617E-02
  654.00000    	  655.00000    	 0.24544688    	 0.14495682E-02
  655.00000    	  656.00000    	 0.25082611    	 0.14271040E-02
  656.00000    	  657.00000    	 0.71160678E-01	 0.77177410E-03
  657.00000    	  658.00000    	 0.24372308    	 0.14634120E-02
  658.00000    	  659.00000    	 0.24175748    	 0.15165553E-02
  659.00000    	  660.00000    	 0.23181726    	 0.15981196E-02
  660.00000    	  661.00000    	 0.74059585E-02	 0.33888534E-03
  661.00000    	  662.00000    	 0.22768105    	 0.16623660E-02
  662.00000    	  663.00000    	 0.23085925    	 0.15569976E-02
  663.00000    	  664.00000    	 0.23577373    	 0.14915860E-02
  664.00000    	  665.00000    	 0.16870010    	 0.12075389E-02
  665.00000    	  666.00000    	 0.21718959    	 0.13350561E-02
  666.00000    	  667.00000    	 0.24665191    	 0.14471261E-02
  667.00000    	  668.00000    	 0.24474506    	 0.14065263E-02
  668.00000    	  669.00000    	 0.24620870    	 0.14841937E-02
  669.00000    	  670.00000    	 0.23293299    	 0.14634138E-02
  670.00000    	  671.00000    	 0.22979288    	 0.15885420E-02
  671.00000    	  672.00000    	 0.22107423    	 0.17838489E-02
  672.00000    	  673.00000    	 0.48913620E-01	 0.76253521E-03
  673.00000    	  674.00000    	 0.22842229    	 0.15947935E-02
  674.00000    	  675.00000    	 0.99152197E-01	 0.96324749E-03
  675.00000    	  676.00000    	 0.22478887    	 0.14084306E-02
  676.00000    	  677.00000    	 0.23114155    	 0.14106394E-02
  677.00000    	  678.00000    	 0.24343267    	 0.14099423E-02
  678.00000    	  679.00000    	 0.24651886    	 0.14313757E-02
  679.00000    	  680.00000    	 0.24170828    	 0.14755928E-02
  680.00000    	  681.00000    	 0.23750694    	 0.15446456E-02
  681.00000    	  682.00000    	 0.22407209    	 0.15479406E-02
  682.00000    	  683.00000    	 0.20757542    	 0.16978062E-02
  683.00000    	  684.00000    	 0.22140531    	 0.16636652E-02
  684.00000    	  685.00000    	 0.22418845    	 0.15403019E-02
  685.00000    	  686.00000    	 0.19865531    	 0.13759507E-02
  686.00000    	  687.00000    	 0.23021570    	 0.14070480E-02
  687.00000    	  688.00000    	 0.23606492    	 0.13980916E-02
  688.00000    	  689.00000    	 0.23767192    	 0.13794648E-02
  689.00000    	  690.00000    	 0.23825530    	 0.14329915E-02
  690.00000    	  691.00000    	 0.23307296    	 0.14449657E-02
  691.00000    	  692.00000    	 0.23333495    	 0.15049759E-02
  692.00000    	  693.00000    	 0.22391804    	 0.15722877E-02
  693.00000    	  694.00000    	 0.21469310    	 0.17205880E-02
  694.00000    	  695.00000    	 0.21591744    	 0.16298519E-02
  695.00000    	  696.00000    	 0.21820046    	 0.14909223E-02
  696.00000    	  697.00000    	 0.22343522    	 0.14561297E-02
  697.00000    	  698.00000    	 0.22659710    	 0.14324640E-02
  698.00000    	  699.00000    	 0.23280919    	 0.13970753E-02
  699.00000    	  700.00000    	 0.23333269    	 0.13843465E-02
  700.00000    	  701.00000    	 0.24026317    	 0.14581660E-02
  701.00000    	  702.00000    	 0.20834366    	 0.13723209E-02
  702.00000    	  703.00000    	 0.23057271    	 0.15101691E-02
  703.00000    	  704.00000    	 0.21643583    	 0.15341167E-02
  704.00000    	  705.00000    	 0.21163311    	 0.17107933E-02
  705.00000    	  706.00000    	 0.21340351    	 0.15881339E-02
  706.00000    	  707.00000    	 0.21422450    	 0.15193601E-02
  707.00000    	  708.00000    	 0.22208175    	 0.14554778E-02
  708.00000    	  709.00000    	 0.19597142    	 0.13360956E-02
  709.00000    	  710.00000    	 0.22963228    	 0.14304946E-02
  710.00000    	  711.00000    	 0.34063412E-01	 0.53050182E-03
  711.00000    	  712.00000    	 0.23812076    	 0.14709845E-02
  712.00000    	  713.00000    	 0.23232049    	 0.14226189E-02
  713.00000    	  714.00000    	 0.22761336    	 0.15143382E-02
  714.00000    	  715.00000    	 0.21485062    	 0.15223365E-02
  715.00000    	  716.00000    	 0.20441652    	 0.17381276E-02
  716.00000    	  717.00000    	 0.20908016    	 0.15680080E-02
  717.00000    	  718.00000    	 0.20895218    	 0.15417581E-02
  718.00000    	  719.00000    	 0.21720921    	 0.14521597E-02
  719.00000    	  720.00000    	 0.22219143    	 0.14995617E-02
  720.00000    	  721.00000    	 0.22663132    	 0.13892700E-02
  721.00000    	  722.00000    	 0.23146521    	 0.14020794E-02
  722.00000    	  723.00000    	 0.23386038    	 0.13968466E-02
  723.00000    	  724.00000    	 0.21987496    	 0.14148842E-02
  724.00000    	  725.00000    	 0.22568408    	 0.14876347E-02
  725.00000    	  726.00000    	 0.21598620    	 0.15504041E-02
  726.00000    	  727.00000    	 0.19962717    	 0.17021224E-02
  727.00000    	  728.00000    	 0.19401817    	 0.15344594E-02
  728.00000    	  729.00000    	 0.19888228    	 0.14720812E-02
  729.00000    	  730.00000    	 0.13497894    	 0.11464674E-02
  730.00000    	  731.00000    	 0.21821332    	 0.13943678E-02
  731.00000    	  732.00000    	 0.22589455    	 0.14167897E-02
  732.00000    	  733.00000    	 0.22900834    	 0.13965363E-02
  733.00000    	  734.00000    	 0.23083147    	 0.14227159E-02
  734.00000    	  735.00000    	 0.22970431    	 0.14667418E-02
  735.00000    	  736.00000    	 0.22407349    	 0.14893663E-02
  736.00000    	  737.00000    	 0.21095969    	 0.15179128E-02
  737.00000    	  738.00000    	 0.19538473    	 0.17286232E-02
  738.00000    	  739.00000    	 0.15043902    	 0.13773711E-02
  739.00000    	  740.00000    	 0.20828608    	 0.14996833E-02
  740.00000    	  741.00000    	 0.17748501    	 0.13191962E-02
  741.00000    	  742.00000    	 0.21663163    	 0.14304555E-02
  742.00000    	  743.00000    	 0.14645444    	 0.11448384E-02
  743.00000    	  744.00000    	 0.22472995    	 0.13615459E-02
  744.00000    	  745.00000    	 0.22816755    	 0.14303494E-02
  745.00000    	  746.00000    	 0.22703792    	 0.14326835E-02
  746.00000    	  747.00000    	 0.21849203    	 0.14729041E-02
  747.00000    	  748.00000    	 0.20670202    	 0.15137918E-02
  748.00000    	  749.00000    	 0.16484369    	 0.15352964E-02
  749.00000    	  750.00000    	 0.13539446    	 0.13075598E-02
  750.00000    	  751.00000    	 0.19617688    	 0.14645541E-02
  751.00000    	  752.00000    	 0.20757626    	 0.14220821E-02
  752.00000    	  753.00000    	 0.21136959    	 0.14350508E-02
  753.00000    	  754.00000    	 0.21606611    	 0.13708668E-02
  754.00000    	  755.00000    	 0.22289334    	 0.13557947E-02
  755.00000    	  756.00000    	 0.22302792    	 0.14125765E-02
  756.00000    	  757.00000    	 0.22442569    	 0.14479485E-02
  757.00000    	  758.00000    	 0.21582762    	 0.14685422E-02
  758.00000    	  759.00000    	 0.15154078    	 0.13134936E-02
  759.00000    	  760.00000    	 0.19263180    	 0.16586237E-02
  760.00000    	  761.00000    	 0.19670524    	 0.15753175E-02
  761.00000    	  762.00000    	 0.19961043    	 0.14807901E-02
  762.00000    	  763.00000    	 0.20510443    	 0.14208147E-02
  763.00000    	  764.00000    	 0.20791280    	 0.13588289E-02
  764.00000    	  765.00000    	 0.21495934    	 0.13424780E-02
  765.00000    	  766.00000    	 0.21874192    	 0.13787622E-02
  766.00000    	  767.00000    	 0.22313259    	 0.13935738E-02
  767.00000    	  768.00000    	 0.22132683    	 0.14386409E-02
  768.00000    	  769.00000    	 0.21429330    	 0.14602236E-02
  769.00000    	  770.00000    	 0.20422336    	 0.15056918E-02
  770.00000    	  771.00000    	 0.14079884    	 0.14487964E-02
  771.00000    	  772.00000    	 0.19313528    	 0.15387619E-02
  772.00000    	  773.00000    	 0.19732809    	 0.14855766E-02
  773.00000    	  774.00000    	 0.30565337E-01	 0.56143318E-03
  774.00000    	  775.00000    	 0.18964182    	 0.13334701E-02
  775.00000    	  776.00000    	 0.20644795    	 0.13502660E-02
  776.00000    	  777.00000    	 0.21640828    	 0.14358544E-02
  777.00000    	  778.00000    	 0.16251946    	 0.11927452E-02
  778.00000    	  779.00000    	 0.21823412    	 0.14633875E-02
  779.00000    	  780.00000    	 0.21060008    	 0.14465025E-02
  780.00000    	  781.00000    	 0.19391119    	 0.14939568E-02
  781.00000    	  782.00000    	 0.15646462    	 0.15151718E-02
  782.00000    	  783.00000    	 0.19000966    	 0.15589671E-02
  783.00000    	  784.00000    	 0.19206262    	 0.14954860E-02
  784.00000    	  785.00000    	 0.19802326    	 0.14674033E-02
  785.00000    	  786.00000    	 0.20337139    	 0.13831574E-02
  786.00000    	  787.00000    	 0.21120637    	 0.13433910E-02
  787.00000    	  788.00000    	 0.21479511    	 0.13929985E-02
  788.00000    	  789.00000    	 0.21558961    	 0.13681842E-02
  789.00000    	  790.00000    	 0.20020132    	 0.13687752E-02
  790.00000    	  791.00000    	 0.21027299    	 0.14746053E-02
  791.00000    	  792.00000    	 0.19887923    	 0.15395999E-02
  792.00000    	  793.00000    	 0.17105505    	 0.15795183E-02
  793.00000    	  794.00000    	 0.13758382    	 0.13088842E-02
  794.00000    	  795.00000    	 0.18631901    	 0.14510225E-02
  795.00000    	  796.00000    	 0.19495156    	 0.13961546E-02
  796.00000    	  797.00000    	 0.20220028    	 0.13807582E-02
  797.00000    	  798.00000    	 0.15016351    	 0.11582125E-02
  798.00000    	  799.00000    	 0.21046110    	 0.13506859E-02
  799.00000    	  800.00000    	 0.21316627    	 0.13882569E-02
  800.00000    	  801.00000    	 0.21170831    	 0.14106003E-02
  801.00000    	  802.00000    	 0.20658597    	 0.14678049E-02
  802.00000    	  803.00000    	 0.19664251    	 0.15424233E-02
  803.00000    	  804.00000    	 0.14321212    	 0.14510303E-02
  804.00000    	  805.00000    	 0.18629837    	 0.15275806E-02
  805.00000    	  806.00000    	 0.18823184    	 0.14825666E-02
  806.00000    	  807.00000    	 0.19262415    	 0.14005408E-02
  807.00000    	  808.00000    	 0.17195312    	 0.12716972E-02
  808.00000    	  809.00000    	 0.20330053    	 0.13664625E-02
  809.00000    	  810.00000    	 0.20926238    	 0.13857304E-02
  810.00000    	  811.00000    	 0.21208124    	 0.14109717E-02
  811.00000    	  812.00000    	 0.20899623    	 0.14118574E-02
  812.00000    	  813.00000    	 0.20402673    	 0.14492211E-02
  813.00000    	  814.00000    	 0.18808046    	 0.14766657E-02
  814.00000    	  815.00000    	 0.17970915    	 0.15879147E-02
  815.00000    	  816.00000    	 0.12203586    	 0.13276310E-02
  816.00000    	  817.00000    	 0.17332151    	 0.14202566E-02
  817.00000    	  818.00000    	 0.19031732    	 0.14019318E-02
  818.00000    	  819.00000    	 0.19631451    	 0.13529539E-02
  819.00000    	  820.00000    	 0.20239392    	 0.13339959E-02
  820.00000    	  821.00000    	 0.20263047    	 0.13332580E-02
  821.00000    	  822.00000    	 0.19889492    	 0.13437356E-02
  822.00000    	  823.00000    	 0.20901198    	 0.14396732E-02
  823.00000    	  824.00000    	 0.20180683    	 0.14538227E-02
  824.00000    	  825.00000    	 0.18967873    	 0.15035314E-02
  825.00000    	  826.00000    	 0.17796951    	 0.16112097E-02
  826.00000    	  827.00000    	 0.17795479    	 0.15162072E-02
  827.00000    	  828.00000    	 0.18227667    	 0.14723036E-02
  828.00000    	  829.00000    	 0.17506298    	 0.13560583E-02
  829.00000    	  830.00000    	 0.19063537    	 0.13274787E-02
  830.00000    	  831.00000    	 0.19664266    	 0.13790487E-02
  831.00000    	  832.00000    	 0.19820934    	 0.13469244E-02
  832.00000    	  833.00000    	 0.20442905    	 0.13995517E-02
  833.00000    	  834.00000    	 0.20540143    	 0.14205349E-02
  834.00000    	  835.00000    	 0.20000165    	 0.14692123E-02
  835.00000    	  836.00000    	 0.18813659    	 0.14931482E-02
  836.00000    	  837.00000    	 0.17281114    	 0.15869056E-02
  837.00000    	  838.00000    	 0.16436249    	 0.15237320E-02
  838.00000    	  839.00000    	 0.17080253    	 0.14001473E-02
  839.00000    	  840.00000    	 0.18572151    	 0.14099835E-02
  840.00000    	  841.00000    	 0.18876867    	 0.13722921E-02
  841.00000    	  842.00000    	 0.19267132    	 0.13096899E-02
  842.00000    	  843.00000    	 0.19855246    	 0.13665962E-02
  843.00000    	  844.00000    	 0.20346832    	 0.13738613E-02
  844.00000    	  845.00000    	 0.20219255    	 0.14074129E-02
  845.00000    	  846.00000    	 0.19716005    	 0.14264077E-02
  846.00000    	  847.00000    	 0.18184437    	 0.15086645E-02
  847.00000    	  848.00000    	 0.16365880    	 0.15994896E-02
  848.00000    	  849.00000    	 0.95856861E-01	 0.11065650E-02
  849.00000    	  850.00000    	 0.17308221    	 0.14904058E-02
  850.00000    	  851.00000    	 0.18073788    	 0.13684712E-02
  851.00000    	  852.00000    	 0.18794579    	 0.13537509E-02
  852.00000    	  853.00000    	 0.19665357    	 0.13745550E-02
  853.00000    	  854.00000    	 0.19256753    	 0.13212215E-02
  854.00000    	  855.00000    	 0.90704537E-01	 0.90835193E-03
  855.00000    	  856.00000    	 0.20110290    	 0.14181014E-02
  856.00000    	  857.00000    	 0.18006626    	 0.13694744E-02
  857.00000    	  858.00000    	 0.18215832    	 0.14655031E-02
  858.00000    	  859.00000    	 0.16756976    	 0.15713643E-02
  859.00000    	  860.00000    	 0.17141758    	 0.15015246E-02
  860.00000    	  861.00000    	 0.17495536    	 0.14486591E-02
  861.00000    	  862.00000    	 0.17129641    	 0.13547591E-02
  862.00000    	  863.00000    	 0.18291168    	 0.13345858E-02
  863.00000    	  864.00000    	 0.18547838    	 0.13168082E-02
  864.00000    	  865.00000    	 0.19436072    	 0.13355192E-02
  865.00000    	  866.00000    	 0.19447881    	 0.13495572E-02
  866.00000    	  867.00000    	 0.19588591    	 0.13874782E-02
  867.00000    	  868.00000    	 0.19233160    	 0.14506303E-02
  868.00000    	  869.00000    	 0.18227962    	 0.14737207E-02
  869.00000    	  870.00000    	 0.38532065E-01	 0.75878028E-03
  870.00000    	  871.00000    	 0.13405751    	 0.13396982E-02
  871.00000    	  872.00000    	 0.14397604    	 0.13148600E-02
  872.00000    	  873.00000    	 0.17853023    	 0.13962727E-02
  873.00000    	  874.00000    	 0.17817072    	 0.13236727E-02
  874.00000    	  875.00000    	 0.18306487    	 0.12970653E-02
  875.00000    	  876.00000    	 0.19468266    	 0.13738259E-02
  876.00000    	  877.00000    	 0.19527837    	 0.13634918E-02
  877.00000    	  878.00000    	 0.19423584    	 0.13512678E-02
  878.00000    	  879.00000    	 0.19052129    	 0.14266960E-02
  879.00000    	  880.00000    	 0.17807972    	 0.14897806E-02
  880.00000    	  881.00000    	 0.15780038    	 0.15321777E-02
  881.00000    	  882.00000    	 0.13534816    	 0.13139782E-02
  882.00000    	  883.00000    	 0.12424046    	 0.13133543E-02
  883.00000    	  884.00000    	 0.16795319    	 0.13979003E-02
  884.00000    	  885.00000    	 0.75935463E-01	 0.90472207E-03
  885.00000    	  886.00000    	 0.18511972    	 0.13249217E-02
  886.00000    	  887.00000    	 0.19008442    	 0.13375247E-02
  887.00000    	  888.00000    	 0.19399693    	 0.13627446E-02
  888.00000    	  889.00000    	 0.19274375    	 0.13881868E-02
  889.00000    	  890.00000    	 0.18717320    	 0.14303027E-02
  890.00000    	  891.00000    	 0.17636612    	 0.14684648E-02
  891.00000    	  892.00000    	 0.16332061    	 0.15955432E-02
  892.00000    	  893.00000    	 0.16024653    	 0.14810502E-02
  893.00000    	  894.00000    	 0.36364689E-02	 0.20941307E-03
  894.00000    	  895.00000    	 0.15219993    	 0.13168726E-02
  895.00000    	  896.00000    	 0.17563477    	 0.13467199E-02
  896.00000    	  897.00000    	 0.18060624    	 0.13303024E-02
  897.00000    	  898.00000    	 0.18817571    	 0.13493724E-02
  898.00000    	  899.00000    	 0.18930797    	 0.13314110E-02
  899.00000    	  900.00000    	 0.19122356    	 0.13748991E-02
  900.00000    	  901.00000    	 0.17465395    	 0.13712409E-02
  901.00000    	  902.00000    	 0.17671462    	 0.15060632E-02
  902.00000    	  903.00000    	 0.15655436    	 0.15573111E-02
  903.00000    	  904.00000    	 0.96796314E-01	 0.11637981E-02
  904.00000    	  905.00000    	 0.16573017    	 0.14235122E-02
  905.00000    	  906.00000    	 0.16947876    	 0.13630795E-02
  906.00000    	  907.00000    	 0.17737717    	 0.13678017E-02
  907.00000    	  908.00000    	 0.18122694    	 0.13567715E-02
  908.00000    	  909.00000    	 0.18319313    	 0.13029584E-02
  909.00000    	  910.00000    	 0.18764483    	 0.13422044E-02
  910.00000    	  911.00000    	 0.18812673    	 0.13840365E-02
  911.00000    	  912.00000    	 0.18485637    	 0.14517319E-02
  912.00000    	  913.00000    	 0.16938580    	 0.14644286E-02
  913.00000    	  914.00000    	 0.23065334E-01	 0.61181693E-03
  914.00000    	  915.00000    	 0.13862282    	 0.13708592E-02
  915.00000    	  916.00000    	 0.16000387    	 0.13947814E-02
  916.00000    	  917.00000    	 0.16545414    	 0.13482198E-02
  917.00000    	  918.00000    	 0.17092270    	 0.13404092E-02
  918.00000    	  919.00000    	 0.17234251    	 0.12882092E-02
  919.00000    	  920.00000    	 0.18284869    	 0.13446472E-02
  920.00000    	  921.00000    	 0.17947728    	 0.13041782E-02
  921.00000    	  922.00000    	 0.16911012    	 0.13003889E-02
  922.00000    	  923.00000    	 0.17162603    	 0.13599918E-02
  923.00000    	  924.00000    	 0.17033565    	 0.15046622E-02
  924.00000    	  925.00000    	 0.12541149    	 0.13961082E-02
  925.00000    	  926.00000    	 0.14606735    	 0.14179524E-02
  926.00000    	  927.00000    	 0.11509428    	 0.11917850E-02
  927.00000    	  928.00000    	 0.16059200    	 0.14201456E-02
  928.00000    	  929.00000    	 0.17325943    	 0.13806643E-02
  929.00000    	  930.00000    	 0.17746405    	 0.13342857E-02
  930.00000    	  931.00000    	 0.17998703    	 0.13264793E-02
  931.00000    	  932.00000    	 0.17748142    	 0.13091014E-02
  932.00000    	  933.00000    	 0.18286192    	 0.13852067E-02
  933.00000    	  934.00000    	 0.17759902    	 0.14135077E-02
  934.00000    	  935.00000    	 0.16655900    	 0.14500476E-02
  935.00000    	  936.00000    	 0.13535760    	 0.14608586E-02
  936.00000    	  937.00000    	 0.15340775    	 0.14735608E-02
  937.00000    	  938.00000    	 0.15690184    	 0.13815009E-02
  938.00000    	  939.00000    	 0.16050507    	 0.13410146E-02
  939.00000    	  940.00000    	 0.15514838    	 0.12803521E-02
  940.00000    	  941.00000    	 0.17070484    	 0.13124705E-02
  941.00000    	  942.00000    	 0.13583368    	 0.11706092E-02
  942.00000    	  943.00000    	 0.18204058    	 0.13523270E-02
  943.00000    	  944.00000    	 0.17950920    	 0.13610401E-02
  944.00000    	  945.00000    	 0.17237644    	 0.13869299E-02
  945.00000    	  946.00000    	 0.16607403    	 0.14873297E-02
  946.00000    	  947.00000    	 0.14345050    	 0.15178880E-02
  947.00000    	  948.00000    	 0.13189152    	 0.13862169E-02
  948.00000    	  949.00000    	 0.15345721    	 0.14799640E-02
  949.00000    	  950.00000    	 0.15644740    	 0.13253658E-02
  950.00000    	  951.00000    	 0.15185636    	 0.12979526E-02
  951.00000    	  952.00000    	 0.16501446    	 0.12984681E-02
  952.00000    	  953.00000    	 0.17593136    	 0.13076874E-02
  953.00000    	  954.00000    	 0.17595409    	 0.13185575E-02
  954.00000    	  955.00000    	 0.17828487    	 0.13897823E-02
  955.00000    	  956.00000    	 0.23819356E-01	 0.52113918E-03
  956.00000    	  957.00000    	 0.15712699    	 0.14428141E-02
  957.00000    	  958.00000    	 0.14486215    	 0.15267312E-02
  958.00000    	  959.00000    	 0.14798187    	 0.14477072E-02
  959.00000    	  960.00000    	 0.14583066    	 0.13518839E-02
  960.00000    	  961.00000    	 0.15693969    	 0.13788871E-02
  961.00000    	  962.00000    	 0.11186099    	 0.11148026E-02
  962.00000    	  963.00000    	 0.16241472    	 0.12574801E-02
  963.00000    	  964.00000    	 0.16558680    	 0.12665061E-02
  964.00000    	  965.00000    	 0.17030486    	 0.12972585E-02
  965.00000    	  966.00000    	 0.17087335    	 0.13302274E-02
  966.00000    	  967.00000    	 0.17175835    	 0.14111233E-02
  967.00000    	  968.00000    	 0.16097282    	 0.14564879E-02
  968.00000    	  969.00000    	 0.14550820    	 0.15250548E-02
  969.00000    	  970.00000    	 0.97396132E-01	 0.11720679E-02
  970.00000    	  971.00000    	 0.15012093    	 0.14108495E-02
  971.00000    	  972.00000    	 0.13875963    	 0.12630959E-02
  972.00000    	  973.00000    	 0.96707359E-01	 0.10686798E-02
  973.00000    	  974.00000    	 0.16978794    	 0.13378487E-02
  974.00000    	  975.00000    	 0.17226783    	 0.13061280E-02
  975.00000    	  976.00000    	 0.17005260    	 0.12917013E-02
  976.00000    	  977.00000    	 0.17379766    	 0.13616282E-02
  977.00000    	  978.00000    	 0.16798897    	 0.13837505E-02
  978.00000    	  979.00000    	 0.20099041E-01	 0.50786772E-03
  979.00000    	  980.00000    	 0.11084824    	 0.13607519E-02
  980.00000    	  981.00000    	 0.12410604    	 0.13284508E-02
  981.00000    	  982.00000    	 0.15043627    	 0.13993213E-02
  982.00000    	  983.00000    	 0.15188068    	 0.13742208E-02
  983.00000    	  984.00000    	 0.15655270    	 0.12973706E-02
  984.00000    	  985.00000    	 0.16417774    	 0.12943267E-02
  985.00000    	  986.00000    	 0.16999857    	 0.13396924E-02
  986.00000    	  987.00000    	 0.16993869    	 0.13364530E-02
  987.00000    	  988.00000    	 0.17322965    	 0.13765614E-02
  988.00000    	  989.00000    	 0.16527229    	 0.13780487E-02
  989.00000    	  990.00000    	 0.14224339    	 0.13825045E-02
  990.00000    	  991.00000    	 0.13750483    	 0.15031402E-02
  991.00000    	  992.00000    	 0.95137134E-01	 0.11753308E-02
  992.00000    	  993.00000    	 0.14133073    	 0.13400754E-02
  993.00000    	  994.00000    	 0.15199586    	 0.13409560E-02
  994.00000    	  995.00000    	 0.15466424    	 0.13077142E-02
  995.00000    	  996.00000    	 0.16261444    	 0.13055877E-02
  996.00000    	  997.00000    	 0.17013714    	 0.13307643E-02
  997.00000    	  998.00000    	 0.17097129    	 0.13742273E-02
  998.00000    	  999.00000    	 0.16072103    	 0.12938320E-02
  999.00000    	  1000.0000    	 0.16432464    	 0.14072404E-02
  1000.0000    	  1001.0000    	 0.14507633    	 0.14301286E-02
  1001.0000    	  1002.0000    	 0.11803283    	 0.14013576E-02
  1002.0000    	  1003.0000    	 0.13656488    	 0.13991811E-02
  1003.0000    	  1004.0000    	 0.14222972    	 0.13615868E-02
  1004.0000    	  1005.0000    	 0.14651226    	 0.13021474E-02
  1005.0000    	  1006.0000    	 0.15470501    	 0.13108941E-02
  1006.0000    	  1007.0000    	 0.15881027    	 0.12792158E-02
  1007.0000    	  1008.0000    	 0.16325173    	 0.12935340E-02
  1008.0000    	  1009.0000    	 0.10109833    	 0.10165789E-02
  1009.0000    	  1010.0000    	 0.16712948    	 0.13527423E-02
  1010.0000    	  1011.0000    	 0.16066480    	 0.14085339E-02
  1011.0000    	  1012.0000    	 0.15243047    	 0.14658390E-02
  1012.0000    	  1013.0000    	 0.13604784    	 0.15281754E-02
  1013.0000    	  1014.0000    	 0.11456306    	 0.13002671E-02
  1014.0000    	  1015.0000    	 0.13510581    	 0.13235522E-02
  1015.0000    	  1016.0000    	 0.76964077E-01	 0.94589069E-03
  1016.0000    	  1017.0000    	 0.15421845    	 0.13284246E-02
  1017.0000    	  1018.0000    	 0.15871196    	 0.13304580E-02
  1018.0000    	  1019.0000    	 0.16214708    	 0.13386099E-02
  1019.0000    	  1020.0000    	 0.16533473    	 0.13731449E-02
  1020.0000    	  1021.0000    	 0.16156840    	 0.13138529E-02
  1021.0000    	  1022.0000    	 0.13746664    	 0.12776820E-02
  1022.0000    	  1023.0000    	 0.15030825    	 0.14559139E-02
  1023.0000    	  1024.0000    	 0.12501111    	 0.15452314E-02
  1024.0000    	  1025.0000    	 0.72954880E-01	 0.10461813E-02
  1025.0000    	  1026.0000    	 0.13903270    	 0.13387247E-02
  1026.0000    	  1027.0000    	 0.13788963    	 0.12653449E-02
  1027.0000    	  1028.0000    	 0.14208439    	 0.12548590E-02
  1028.0000    	  1029.0000    	 0.10233960    	 0.10566977E-02
  1029.0000    	  1030.0000    	 0.13200964    	 0.11817043E-02
  1030.0000    	  1031.0000    	 0.16285476    	 0.13269196E-02
  1031.0000    	  1032.0000    	 0.16139983    	 0.13276286E-02
  1032.0000    	  1033.0000    	 0.15714401    	 0.13945699E-02
  1033.0000    	  1034.0000    	 0.14893138    	 0.14852978E-02
