# xi3
# underflow	 -1920.3618    	 0.12995909    
# overflow	 0.76326888    	 0.33056595E-02
# sum	 -2027.1897    	 0.13515576    
# xmin	xmax	cross	numerror
  0.0000000    	  1.0000000    	-0.58153684    	 0.28793156E-02
  1.0000000    	  2.0000000    	-0.57442821    	 0.27033288E-02
  2.0000000    	  3.0000000    	-0.56151162    	 0.25126576E-02
  3.0000000    	  4.0000000    	-0.54440420    	 0.24218782E-02
  4.0000000    	  5.0000000    	-0.52125301    	 0.22874782E-02
  5.0000000    	  6.0000000    	-0.50385982    	 0.21998038E-02
  6.0000000    	  7.0000000    	-0.48327626    	 0.21454474E-02
  7.0000000    	  8.0000000    	-0.46189794    	 0.21381611E-02
  8.0000000    	  9.0000000    	-0.43700809    	 0.21315938E-02
  9.0000000    	  10.000000    	-0.40699965    	 0.21776415E-02
  10.000000    	  11.000000    	-0.36913074    	 0.21947055E-02
  11.000000    	  12.000000    	-0.57465293    	 0.27445717E-02
  12.000000    	  13.000000    	-0.56186486    	 0.25565107E-02
  13.000000    	  14.000000    	-0.54855402    	 0.24821490E-02
  14.000000    	  15.000000    	-0.52718955    	 0.22828187E-02
  15.000000    	  16.000000    	-0.50372093    	 0.21333688E-02
  16.000000    	  17.000000    	-0.48233395    	 0.20736686E-02
  17.000000    	  18.000000    	-0.45935236    	 0.20727654E-02
  18.000000    	  19.000000    	-0.43284729    	 0.21495362E-02
  19.000000    	  20.000000    	-0.40277975    	 0.21470847E-02
  20.000000    	  21.000000    	-0.36739345    	 0.20523646E-02
  21.000000    	  22.000000    	-0.32592501    	 0.20378903E-02
  22.000000    	  23.000000    	-0.56265085    	 0.25742068E-02
  23.000000    	  24.000000    	-0.55407396    	 0.24014978E-02
  24.000000    	  25.000000    	-0.53524179    	 0.22578740E-02
  25.000000    	  26.000000    	-0.51082124    	 0.21446513E-02
  26.000000    	  27.000000    	-0.48740141    	 0.20834530E-02
  27.000000    	  28.000000    	-0.45953810    	 0.20217711E-02
  28.000000    	  29.000000    	-0.43442766    	 0.18857635E-02
  29.000000    	  30.000000    	-0.40200861    	 0.19121976E-02
  30.000000    	  31.000000    	-0.37228979    	 0.19239236E-02
  31.000000    	  32.000000    	-0.33217000    	 0.19292761E-02
  32.000000    	  33.000000    	-0.28860894    	 0.20193721E-02
  33.000000    	  34.000000    	-0.54886831    	 0.25249632E-02
  34.000000    	  35.000000    	-0.54091408    	 0.23070132E-02
  35.000000    	  36.000000    	-0.51992652    	 0.21878930E-02
  36.000000    	  37.000000    	-0.49917499    	 0.20571775E-02
  37.000000    	  38.000000    	-0.47049745    	 0.19663397E-02
  38.000000    	  39.000000    	-0.44030447    	 0.18585428E-02
  39.000000    	  40.000000    	-0.40921568    	 0.18331811E-02
  40.000000    	  41.000000    	-0.37984590    	 0.18110956E-02
  41.000000    	  42.000000    	-0.34234453    	 0.18386862E-02
  42.000000    	  43.000000    	-0.30192037    	 0.18342213E-02
  43.000000    	  44.000000    	-0.25387910    	 0.18822563E-02
  44.000000    	  45.000000    	-0.53656894    	 0.24732925E-02
  45.000000    	  46.000000    	-0.52612543    	 0.22778305E-02
  46.000000    	  47.000000    	-0.50628364    	 0.21142319E-02
  47.000000    	  48.000000    	-0.48617348    	 0.20005866E-02
  48.000000    	  49.000000    	-0.45334538    	 0.19064741E-02
  49.000000    	  50.000000    	-0.42246875    	 0.18154887E-02
  50.000000    	  51.000000    	-0.38919593    	 0.17854696E-02
  51.000000    	  52.000000    	-0.35489951    	 0.17465044E-02
  52.000000    	  53.000000    	-0.31428278    	 0.17870463E-02
  53.000000    	  54.000000    	-0.27392121    	 0.17185903E-02
  54.000000    	  55.000000    	-0.22645372    	 0.18167278E-02
  55.000000    	  56.000000    	-0.52326340    	 0.22944142E-02
  56.000000    	  57.000000    	-0.51528016    	 0.21180135E-02
  57.000000    	  58.000000    	-0.49240296    	 0.19884935E-02
  58.000000    	  59.000000    	-0.46939316    	 0.19354467E-02
  59.000000    	  60.000000    	-0.43733803    	 0.18810195E-02
  60.000000    	  61.000000    	-0.40747182    	 0.17343466E-02
  61.000000    	  62.000000    	-0.36841379    	 0.16773264E-02
  62.000000    	  63.000000    	-0.33221567    	 0.16459862E-02
  63.000000    	  64.000000    	-0.29009335    	 0.16336896E-02
  64.000000    	  65.000000    	-0.24552882    	 0.16900869E-02
  65.000000    	  66.000000    	-0.19872489    	 0.17398110E-02
  66.000000    	  67.000000    	-0.50970903    	 0.21830917E-02
  67.000000    	  68.000000    	-0.49996488    	 0.20213926E-02
  68.000000    	  69.000000    	-0.48299280    	 0.18984082E-02
  69.000000    	  70.000000    	-0.45333789    	 0.17973862E-02
  70.000000    	  71.000000    	-0.42365194    	 0.17513387E-02
  71.000000    	  72.000000    	-0.38936244    	 0.16808822E-02
  72.000000    	  73.000000    	-0.35238422    	 0.16339857E-02
  73.000000    	  74.000000    	-0.31256055    	 0.16099593E-02
  74.000000    	  75.000000    	-0.26691393    	 0.15786158E-02
  75.000000    	  76.000000    	-0.22320851    	 0.17192780E-02
  76.000000    	  77.000000    	-0.17224638    	 0.16688562E-02
  77.000000    	  78.000000    	-0.49679242    	 0.21198983E-02
  78.000000    	  79.000000    	-0.48784795    	 0.19832847E-02
  79.000000    	  80.000000    	-0.46979910    	 0.18489067E-02
  80.000000    	  81.000000    	-0.44218159    	 0.17636901E-02
  81.000000    	  82.000000    	-0.41056788    	 0.16891274E-02
  82.000000    	  83.000000    	-0.37242777    	 0.16425588E-02
  83.000000    	  84.000000    	-0.33329105    	 0.15635326E-02
  84.000000    	  85.000000    	-0.29141472    	 0.15307521E-02
  85.000000    	  86.000000    	-0.24641260    	 0.15233847E-02
  86.000000    	  87.000000    	-0.19991908    	 0.16111588E-02
  87.000000    	  88.000000    	-0.14914908    	 0.15941784E-02
  88.000000    	  89.000000    	-0.48604739    	 0.21746493E-02
  89.000000    	  90.000000    	-0.47538176    	 0.18955995E-02
  90.000000    	  91.000000    	-0.45846086    	 0.18010784E-02
  91.000000    	  92.000000    	-0.42833648    	 0.17250712E-02
  92.000000    	  93.000000    	-0.39625671    	 0.16222258E-02
  93.000000    	  94.000000    	-0.36072929    	 0.15754056E-02
  94.000000    	  95.000000    	-0.31774821    	 0.15427710E-02
  95.000000    	  96.000000    	-0.27327619    	 0.14961611E-02
  96.000000    	  97.000000    	-0.22368675    	 0.15202047E-02
  97.000000    	  98.000000    	-0.17974547    	 0.15357769E-02
  98.000000    	  99.000000    	-0.12720199    	 0.15995175E-02
  99.000000    	  100.00000    	-0.47250919    	 0.19905195E-02
  100.00000    	  101.00000    	-0.46359059    	 0.18569713E-02
  101.00000    	  102.00000    	-0.44537637    	 0.17612395E-02
  102.00000    	  103.00000    	-0.41643538    	 0.16788233E-02
  103.00000    	  104.00000    	-0.38241928    	 0.15944377E-02
  104.00000    	  105.00000    	-0.34207815    	 0.15393007E-02
  105.00000    	  106.00000    	-0.30047217    	 0.14897454E-02
  106.00000    	  107.00000    	-0.25527848    	 0.14875512E-02
  107.00000    	  108.00000    	-0.20929209    	 0.14215957E-02
  108.00000    	  109.00000    	-0.15804029    	 0.14451507E-02
  109.00000    	  110.00000    	-0.10959412    	 0.14887183E-02
  110.00000    	  111.00000    	-0.46267163    	 0.19685221E-02
  111.00000    	  112.00000    	-0.45195948    	 0.17889154E-02
  112.00000    	  113.00000    	-0.43129833    	 0.16998111E-02
  113.00000    	  114.00000    	-0.40422206    	 0.16302720E-02
  114.00000    	  115.00000    	-0.36871757    	 0.15543127E-02
  115.00000    	  116.00000    	-0.33054748    	 0.15677764E-02
  116.00000    	  117.00000    	-0.28512343    	 0.14640558E-02
  117.00000    	  118.00000    	-0.23929819    	 0.14279176E-02
  118.00000    	  119.00000    	-0.19094758    	 0.14814890E-02
  119.00000    	  120.00000    	-0.13925177    	 0.14247131E-02
  120.00000    	  121.00000    	-0.91877002E-01	 0.14097718E-02
  121.00000    	  122.00000    	-0.44948144    	 0.18895016E-02
  122.00000    	  123.00000    	-0.43928821    	 0.17673910E-02
  123.00000    	  124.00000    	-0.42216474    	 0.16785556E-02
  124.00000    	  125.00000    	-0.39106506    	 0.15964471E-02
  125.00000    	  126.00000    	-0.35972691    	 0.15244822E-02
  126.00000    	  127.00000    	-0.31919962    	 0.14592081E-02
  127.00000    	  128.00000    	-0.27358249    	 0.13939869E-02
  128.00000    	  129.00000    	-0.22353692    	 0.14173523E-02
  129.00000    	  130.00000    	-0.17248931    	 0.14328562E-02
  130.00000    	  131.00000    	-0.12387826    	 0.14039161E-02
  131.00000    	  132.00000    	-0.74498517E-01	 0.13910965E-02
  132.00000    	  133.00000    	-0.44071862    	 0.18104926E-02
  133.00000    	  134.00000    	-0.43013459    	 0.17372839E-02
  134.00000    	  135.00000    	-0.40738815    	 0.16622284E-02
  135.00000    	  136.00000    	-0.37926619    	 0.15482897E-02
  136.00000    	  137.00000    	-0.34686400    	 0.14798716E-02
  137.00000    	  138.00000    	-0.30532529    	 0.14360029E-02
  138.00000    	  139.00000    	-0.25720129    	 0.14075096E-02
  139.00000    	  140.00000    	-0.20784189    	 0.13793003E-02
  140.00000    	  141.00000    	-0.15958871    	 0.13378692E-02
  141.00000    	  142.00000    	-0.10859282    	 0.13490098E-02
  142.00000    	  143.00000    	-0.60666493E-01	 0.13556423E-02
  143.00000    	  144.00000    	-0.42872028    	 0.17761221E-02
  144.00000    	  145.00000    	-0.41777782    	 0.17220853E-02
  145.00000    	  146.00000    	-0.39760396    	 0.15833323E-02
  146.00000    	  147.00000    	-0.36975628    	 0.15048276E-02
  147.00000    	  148.00000    	-0.33417554    	 0.14575412E-02
  148.00000    	  149.00000    	-0.29151239    	 0.14000924E-02
  149.00000    	  150.00000    	-0.24629560    	 0.13443567E-02
  150.00000    	  151.00000    	-0.19711447    	 0.13208419E-02
  151.00000    	  152.00000    	-0.14562803    	 0.13097074E-02
  152.00000    	  153.00000    	-0.95181032E-01	 0.13148530E-02
  153.00000    	  154.00000    	-0.43968411E-01	 0.13422505E-02
  154.00000    	  155.00000    	-0.41910010    	 0.17255902E-02
  155.00000    	  156.00000    	-0.40778989    	 0.16162797E-02
  156.00000    	  157.00000    	-0.38636718    	 0.15678865E-02
  157.00000    	  158.00000    	-0.36020808    	 0.14855399E-02
  158.00000    	  159.00000    	-0.32489297    	 0.14050572E-02
  159.00000    	  160.00000    	-0.28052859    	 0.13580119E-02
  160.00000    	  161.00000    	-0.23459183    	 0.13184655E-02
  161.00000    	  162.00000    	-0.18339090    	 0.13040842E-02
  162.00000    	  163.00000    	-0.13065509    	 0.13081324E-02
  163.00000    	  164.00000    	-0.81073365E-01	 0.12775240E-02
  164.00000    	  165.00000    	-0.33316795E-01	 0.13450596E-02
  165.00000    	  166.00000    	-0.40674670    	 0.16950506E-02
  166.00000    	  167.00000    	-0.39626250    	 0.16124486E-02
  167.00000    	  168.00000    	-0.37910594    	 0.15261059E-02
  168.00000    	  169.00000    	-0.35019466    	 0.14326785E-02
  169.00000    	  170.00000    	-0.31140870    	 0.13924550E-02
  170.00000    	  171.00000    	-0.27178466    	 0.13483439E-02
  171.00000    	  172.00000    	-0.22224853    	 0.13421022E-02
  172.00000    	  173.00000    	-0.16998483    	 0.13290772E-02
  173.00000    	  174.00000    	-0.11880846    	 0.12556596E-02
  174.00000    	  175.00000    	-0.67810865E-01	 0.12548147E-02
  175.00000    	  176.00000    	-0.21595867E-01	 0.12661670E-02
  176.00000    	  177.00000    	-0.39885652    	 0.16918449E-02
  177.00000    	  178.00000    	-0.38835149    	 0.15536483E-02
  178.00000    	  179.00000    	-0.36833967    	 0.14981715E-02
  179.00000    	  180.00000    	-0.34241288    	 0.14185553E-02
  180.00000    	  181.00000    	-0.30338652    	 0.14081648E-02
  181.00000    	  182.00000    	-0.25948685    	 0.12995558E-02
  182.00000    	  183.00000    	-0.21007724    	 0.12706010E-02
  183.00000    	  184.00000    	-0.15878945    	 0.12520462E-02
  184.00000    	  185.00000    	-0.10694738    	 0.12300827E-02
  185.00000    	  186.00000    	-0.57487351E-01	 0.12273820E-02
  186.00000    	  187.00000    	-0.95253821E-02	 0.12361823E-02
  187.00000    	  188.00000    	-0.39012117    	 0.16286520E-02
  188.00000    	  189.00000    	-0.37847449    	 0.15901662E-02
  189.00000    	  190.00000    	-0.36062991    	 0.14711041E-02
  190.00000    	  191.00000    	-0.33276859    	 0.13883296E-02
  191.00000    	  192.00000    	-0.29312683    	 0.14376386E-02
  192.00000    	  193.00000    	-0.24937927    	 0.13183054E-02
  193.00000    	  194.00000    	-0.20175861    	 0.12630214E-02
  194.00000    	  195.00000    	-0.14918638    	 0.12457450E-02
  195.00000    	  196.00000    	-0.97154946E-01	 0.12007421E-02
  196.00000    	  197.00000    	-0.46993637E-01	 0.11909632E-02
  197.00000    	  198.00000    	 0.62553236E-03	 0.12024878E-02
  198.00000    	  199.00000    	-0.37622959    	 0.15998220E-02
  199.00000    	  200.00000    	-0.36932686    	 0.15485412E-02
  200.00000    	  201.00000    	-0.34963043    	 0.14269360E-02
  201.00000    	  202.00000    	-0.31858995    	 0.13637207E-02
  202.00000    	  203.00000    	-0.28498773    	 0.12997249E-02
  203.00000    	  204.00000    	-0.23842750    	 0.12698626E-02
  204.00000    	  205.00000    	-0.19108903    	 0.12615975E-02
  205.00000    	  206.00000    	-0.13874441    	 0.11984418E-02
  206.00000    	  207.00000    	-0.86246688E-01	 0.12001325E-02
  207.00000    	  208.00000    	-0.34220875E-01	 0.11843767E-02
  208.00000    	  209.00000    	 0.10177384E-01	 0.12014966E-02
  209.00000    	  210.00000    	-0.37140302    	 0.15736308E-02
  210.00000    	  211.00000    	-0.36168470    	 0.15259131E-02
  211.00000    	  212.00000    	-0.34107546    	 0.14173529E-02
  212.00000    	  213.00000    	-0.31203719    	 0.13691657E-02
  213.00000    	  214.00000    	-0.27492145    	 0.12794670E-02
  214.00000    	  215.00000    	-0.23026489    	 0.13099869E-02
  215.00000    	  216.00000    	-0.18104691    	 0.12028205E-02
  216.00000    	  217.00000    	-0.12911477    	 0.11982108E-02
  217.00000    	  218.00000    	-0.76739404E-01	 0.11581274E-02
  218.00000    	  219.00000    	-0.27752941E-01	 0.12129190E-02
  219.00000    	  220.00000    	 0.19690014E-01	 0.12321386E-02
  220.00000    	  221.00000    	-0.36213419    	 0.15674462E-02
  221.00000    	  222.00000    	-0.35195463    	 0.14493356E-02
  222.00000    	  223.00000    	-0.33213730    	 0.14357570E-02
  223.00000    	  224.00000    	-0.30298412    	 0.13236224E-02
  224.00000    	  225.00000    	-0.26539883    	 0.12771389E-02
  225.00000    	  226.00000    	-0.22235241    	 0.12136467E-02
  226.00000    	  227.00000    	-0.17182845    	 0.11949268E-02
  227.00000    	  228.00000    	-0.11934928    	 0.11743550E-02
  228.00000    	  229.00000    	-0.66686304E-01	 0.11590846E-02
  229.00000    	  230.00000    	-0.18257076E-01	 0.11390655E-02
  230.00000    	  231.00000    	 0.28188273E-01	 0.11672173E-02
  231.00000    	  232.00000    	-0.35452191    	 0.15492000E-02
  232.00000    	  233.00000    	-0.34260322    	 0.14408110E-02
  233.00000    	  234.00000    	-0.32349431    	 0.14011038E-02
  234.00000    	  235.00000    	-0.29491399    	 0.13047063E-02
  235.00000    	  236.00000    	-0.25922147    	 0.12461062E-02
  236.00000    	  237.00000    	-0.21204785    	 0.12053329E-02
  237.00000    	  238.00000    	-0.16113075    	 0.11996741E-02
  238.00000    	  239.00000    	-0.11119297    	 0.11494470E-02
  239.00000    	  240.00000    	-0.59003443E-01	 0.11431395E-02
  240.00000    	  241.00000    	-0.99121444E-02	 0.11195865E-02
  241.00000    	  242.00000    	 0.36626283E-01	 0.12073228E-02
  242.00000    	  243.00000    	-0.34508475    	 0.14907034E-02
  243.00000    	  244.00000    	-0.33466674    	 0.14109357E-02
  244.00000    	  245.00000    	-0.31724257    	 0.13667121E-02
  245.00000    	  246.00000    	-0.28728585    	 0.12946465E-02
  246.00000    	  247.00000    	-0.24824777    	 0.12283766E-02
  247.00000    	  248.00000    	-0.20510903    	 0.11883809E-02
  248.00000    	  249.00000    	-0.15323777    	 0.11869908E-02
  249.00000    	  250.00000    	-0.10168572    	 0.11370740E-02
  250.00000    	  251.00000    	-0.50151259E-01	 0.11387123E-02
  251.00000    	  252.00000    	-0.12425214E-02	 0.11319829E-02
  252.00000    	  253.00000    	 0.42986474E-01	 0.11342239E-02
  253.00000    	  254.00000    	-0.33534869    	 0.15215548E-02
  254.00000    	  255.00000    	-0.32773519    	 0.13871676E-02
  255.00000    	  256.00000    	-0.30790078    	 0.13400017E-02
  256.00000    	  257.00000    	-0.27852418    	 0.12887621E-02
  257.00000    	  258.00000    	-0.24049745    	 0.12126964E-02
  258.00000    	  259.00000    	-0.19447503    	 0.11635161E-02
  259.00000    	  260.00000    	-0.14659865    	 0.11314642E-02
  260.00000    	  261.00000    	-0.93640550E-01	 0.11232234E-02
  261.00000    	  262.00000    	-0.43847997E-01	 0.11004878E-02
  262.00000    	  263.00000    	 0.61890592E-02	 0.10973396E-02
  263.00000    	  264.00000    	 0.49274900E-01	 0.11117306E-02
  264.00000    	  265.00000    	-0.33305830    	 0.14532978E-02
  265.00000    	  266.00000    	-0.31787244    	 0.14436637E-02
  266.00000    	  267.00000    	-0.29912050    	 0.13143645E-02
  267.00000    	  268.00000    	-0.27171977    	 0.12481315E-02
  268.00000    	  269.00000    	-0.23373123    	 0.12212140E-02
  269.00000    	  270.00000    	-0.18829145    	 0.11513043E-02
  270.00000    	  271.00000    	-0.13833910    	 0.11610642E-02
  271.00000    	  272.00000    	-0.85961056E-01	 0.11977907E-02
  272.00000    	  273.00000    	-0.34973432E-01	 0.10877888E-02
  273.00000    	  274.00000    	 0.12975788E-01	 0.10898401E-02
  274.00000    	  275.00000    	 0.55069007E-01	 0.11466803E-02
  275.00000    	  276.00000    	-0.32298746    	 0.14384115E-02
  276.00000    	  277.00000    	-0.31441930    	 0.13603678E-02
  277.00000    	  278.00000    	-0.29320361    	 0.13032369E-02
  278.00000    	  279.00000    	-0.26211413    	 0.12296497E-02
  279.00000    	  280.00000    	-0.22591078    	 0.11838138E-02
  280.00000    	  281.00000    	-0.18090126    	 0.11566626E-02
  281.00000    	  282.00000    	-0.13106172    	 0.11085529E-02
  282.00000    	  283.00000    	-0.80804378E-01	 0.11000944E-02
  283.00000    	  284.00000    	-0.28028468E-01	 0.10776419E-02
  284.00000    	  285.00000    	 0.20446927E-01	 0.10980661E-02
  285.00000    	  286.00000    	 0.60800698E-01	 0.10752115E-02
  286.00000    	  287.00000    	-0.31360477    	 0.14205476E-02
  287.00000    	  288.00000    	-0.30370870    	 0.14310692E-02
  288.00000    	  289.00000    	-0.28602782    	 0.13124432E-02
  289.00000    	  290.00000    	-0.25606789    	 0.12183606E-02
  290.00000    	  291.00000    	-0.21622257    	 0.11768371E-02
  291.00000    	  292.00000    	-0.17399925    	 0.11464451E-02
  292.00000    	  293.00000    	-0.12385026    	 0.11021784E-02
  293.00000    	  294.00000    	-0.72335558E-01	 0.10731714E-02
  294.00000    	  295.00000    	-0.23008837E-01	 0.10630417E-02
  295.00000    	  296.00000    	 0.25909562E-01	 0.10875497E-02
  296.00000    	  297.00000    	 0.66750041E-01	 0.10731278E-02
  297.00000    	  298.00000    	-0.30911134    	 0.13972611E-02
  298.00000    	  299.00000    	-0.29863086    	 0.13424893E-02
  299.00000    	  300.00000    	-0.27779979    	 0.12705588E-02
  300.00000    	  301.00000    	-0.24864388    	 0.12140649E-02
  301.00000    	  302.00000    	-0.21058083    	 0.11748926E-02
  302.00000    	  303.00000    	-0.16683549    	 0.11230712E-02
  303.00000    	  304.00000    	-0.11591227    	 0.10886997E-02
  304.00000    	  305.00000    	-0.66297867E-01	 0.10810064E-02
  305.00000    	  306.00000    	-0.14850999E-01	 0.10509632E-02
  306.00000    	  307.00000    	 0.30528499E-01	 0.10411606E-02
  307.00000    	  308.00000    	 0.71018878E-01	 0.10928004E-02
  308.00000    	  309.00000    	-0.30027012    	 0.13751080E-02
  309.00000    	  310.00000    	-0.29169245    	 0.13038260E-02
  310.00000    	  311.00000    	-0.27024296    	 0.12513595E-02
  311.00000    	  312.00000    	-0.24182318    	 0.12162901E-02
  312.00000    	  313.00000    	-0.20425697    	 0.11563588E-02
  313.00000    	  314.00000    	-0.15961701    	 0.10974407E-02
  314.00000    	  315.00000    	-0.11121060    	 0.10922856E-02
  315.00000    	  316.00000    	-0.59103356E-01	 0.10737402E-02
  316.00000    	  317.00000    	-0.10329328E-01	 0.10411330E-02
  317.00000    	  318.00000    	 0.35156868E-01	 0.10472814E-02
  318.00000    	  319.00000    	 0.75862531E-01	 0.10709255E-02
  319.00000    	  320.00000    	-0.29384142    	 0.13588149E-02
  320.00000    	  321.00000    	-0.28533035    	 0.13472371E-02
  321.00000    	  322.00000    	-0.26635810    	 0.13125902E-02
  322.00000    	  323.00000    	-0.23524713    	 0.11765754E-02
  323.00000    	  324.00000    	-0.19798662    	 0.11398747E-02
  324.00000    	  325.00000    	-0.15342816    	 0.11009074E-02
  325.00000    	  326.00000    	-0.10386417    	 0.10624835E-02
  326.00000    	  327.00000    	-0.54883929E-01	 0.10435547E-02
  327.00000    	  328.00000    	-0.55072151E-02	 0.10300708E-02
  328.00000    	  329.00000    	 0.40719182E-01	 0.10398123E-02
  329.00000    	  330.00000    	 0.80274903E-01	 0.10516093E-02
  330.00000    	  331.00000    	-0.28848169    	 0.14269147E-02
  331.00000    	  332.00000    	-0.27707289    	 0.13119969E-02
  332.00000    	  333.00000    	-0.25736988    	 0.12203337E-02
  333.00000    	  334.00000    	-0.22999440    	 0.11886123E-02
  334.00000    	  335.00000    	-0.19009376    	 0.11329017E-02
  335.00000    	  336.00000    	-0.14637584    	 0.10878548E-02
  336.00000    	  337.00000    	-0.99313556E-01	 0.10668768E-02
  337.00000    	  338.00000    	-0.47650291E-01	 0.10300786E-02
  338.00000    	  339.00000    	 0.39706041E-03	 0.10232911E-02
  339.00000    	  340.00000    	 0.45053806E-01	 0.10119852E-02
  340.00000    	  341.00000    	 0.83955517E-01	 0.10524296E-02
  341.00000    	  342.00000    	-0.28061022    	 0.13865111E-02
  342.00000    	  343.00000    	-0.27138306    	 0.12834864E-02
  343.00000    	  344.00000    	-0.25162371    	 0.12493200E-02
  344.00000    	  345.00000    	-0.22294388    	 0.11443880E-02
  345.00000    	  346.00000    	-0.18532892    	 0.10960697E-02
  346.00000    	  347.00000    	-0.13990606    	 0.10855605E-02
  347.00000    	  348.00000    	-0.92395321E-01	 0.10660961E-02
  348.00000    	  349.00000    	-0.41469793E-01	 0.11118409E-02
  349.00000    	  350.00000    	 0.40462798E-02	 0.99939168E-03
  350.00000    	  351.00000    	 0.49319846E-01	 0.10543480E-02
  351.00000    	  352.00000    	 0.85633204E-01	 0.10431135E-02
  352.00000    	  353.00000    	-0.27460138    	 0.13226868E-02
  353.00000    	  354.00000    	-0.26614278    	 0.12763561E-02
  354.00000    	  355.00000    	-0.24504610    	 0.11849108E-02
  355.00000    	  356.00000    	-0.21553340    	 0.11356210E-02
  356.00000    	  357.00000    	-0.17908416    	 0.11028120E-02
  357.00000    	  358.00000    	-0.13713582    	 0.10726754E-02
  358.00000    	  359.00000    	-0.87004732E-01	 0.10414743E-02
  359.00000    	  360.00000    	-0.38759532E-01	 0.10225178E-02
  360.00000    	  361.00000    	 0.89051161E-02	 0.10026756E-02
  361.00000    	  362.00000    	 0.52223884E-01	 0.10070743E-02
  362.00000    	  363.00000    	 0.90658130E-01	 0.10483107E-02
  363.00000    	  364.00000    	-0.27000424    	 0.13077717E-02
  364.00000    	  365.00000    	-0.26064759    	 0.12341319E-02
  365.00000    	  366.00000    	-0.23928646    	 0.11712034E-02
  366.00000    	  367.00000    	-0.21018435    	 0.11378191E-02
  367.00000    	  368.00000    	-0.17195153    	 0.10761865E-02
  368.00000    	  369.00000    	-0.12808294    	 0.10398228E-02
  369.00000    	  370.00000    	-0.81885307E-01	 0.10209222E-02
  370.00000    	  371.00000    	-0.34345896E-01	 0.10211966E-02
  371.00000    	  372.00000    	 0.14058738E-01	 0.10732712E-02
  372.00000    	  373.00000    	 0.56057801E-01	 0.99454751E-03
  373.00000    	  374.00000    	 0.94132413E-01	 0.10200275E-02
  374.00000    	  375.00000    	-0.26325256    	 0.13086485E-02
  375.00000    	  376.00000    	-0.25280948    	 0.12301134E-02
  376.00000    	  377.00000    	-0.23551225    	 0.11765796E-02
  377.00000    	  378.00000    	-0.20321986    	 0.11380081E-02
  378.00000    	  379.00000    	-0.16665734    	 0.10669413E-02
  379.00000    	  380.00000    	-0.12388908    	 0.11152405E-02
  380.00000    	  381.00000    	-0.76963174E-01	 0.10082494E-02
  381.00000    	  382.00000    	-0.28220987E-01	 0.99248931E-03
  382.00000    	  383.00000    	 0.17901438E-01	 0.98029843E-03
  383.00000    	  384.00000    	 0.61275154E-01	 0.10386469E-02
  384.00000    	  385.00000    	 0.94560187E-01	 0.10202677E-02
  385.00000    	  386.00000    	-0.25663059    	 0.13287902E-02
  386.00000    	  387.00000    	-0.24490893    	 0.12315998E-02
  387.00000    	  388.00000    	-0.22589847    	 0.12310723E-02
  388.00000    	  389.00000    	-0.19913743    	 0.11047575E-02
  389.00000    	  390.00000    	-0.16293885    	 0.10581304E-02
  390.00000    	  391.00000    	-0.12000915    	 0.10277587E-02
  391.00000    	  392.00000    	-0.73506535E-01	 0.10064987E-02
  392.00000    	  393.00000    	-0.24941728E-01	 0.10359170E-02
  393.00000    	  394.00000    	 0.21231790E-01	 0.96305728E-03
  394.00000    	  395.00000    	 0.61493938E-01	 0.98156463E-03
  395.00000    	  396.00000    	 0.97799498E-01	 0.10286592E-02
  396.00000    	  397.00000    	-0.25154301    	 0.13021937E-02
  397.00000    	  398.00000    	-0.24285446    	 0.11998426E-02
  398.00000    	  399.00000    	-0.22149423    	 0.11420105E-02
  399.00000    	  400.00000    	-0.19277650    	 0.11017464E-02
  400.00000    	  401.00000    	-0.15736538    	 0.10516910E-02
  401.00000    	  402.00000    	-0.11190166    	 0.10322346E-02
  402.00000    	  403.00000    	-0.68231208E-01	 0.10009740E-02
  403.00000    	  404.00000    	-0.20390111E-01	 0.97464634E-03
  404.00000    	  405.00000    	 0.25023001E-01	 0.94874872E-03
  405.00000    	  406.00000    	 0.65605376E-01	 0.98649864E-03
  406.00000    	  407.00000    	 0.10155003    	 0.10113007E-02
  407.00000    	  408.00000    	-0.24727392    	 0.12577347E-02
  408.00000    	  409.00000    	-0.23777171    	 0.11850226E-02
  409.00000    	  410.00000    	-0.21651307    	 0.11383714E-02
  410.00000    	  411.00000    	-0.18812078    	 0.11159895E-02
  411.00000    	  412.00000    	-0.15035389    	 0.10764723E-02
  412.00000    	  413.00000    	-0.10921646    	 0.10370698E-02
  413.00000    	  414.00000    	-0.62413888E-01	 0.99665646E-03
  414.00000    	  415.00000    	-0.14719857E-01	 0.95620471E-03
  415.00000    	  416.00000    	 0.30196956E-01	 0.96015420E-03
  416.00000    	  417.00000    	 0.68872488E-01	 0.96617853E-03
  417.00000    	  418.00000    	 0.10357537    	 0.10544260E-02
  418.00000    	  419.00000    	-0.24014072    	 0.12873824E-02
  419.00000    	  420.00000    	-0.22966976    	 0.11910438E-02
  420.00000    	  421.00000    	-0.21076068    	 0.11728199E-02
  421.00000    	  422.00000    	-0.18465399    	 0.10856031E-02
  422.00000    	  423.00000    	-0.14528741    	 0.11136242E-02
  423.00000    	  424.00000    	-0.10370755    	 0.10074969E-02
  424.00000    	  425.00000    	-0.58122617E-01	 0.97984911E-03
  425.00000    	  426.00000    	-0.11512926E-01	 0.10316285E-02
  426.00000    	  427.00000    	 0.33070503E-01	 0.93406734E-03
  427.00000    	  428.00000    	 0.73114299E-01	 0.94684168E-03
  428.00000    	  429.00000    	 0.10670476    	 0.10532239E-02
  429.00000    	  430.00000    	-0.23494426    	 0.12251530E-02
  430.00000    	  431.00000    	-0.22554289    	 0.11673776E-02
  431.00000    	  432.00000    	-0.20512689    	 0.11097903E-02
  432.00000    	  433.00000    	-0.17511321    	 0.10585511E-02
  433.00000    	  434.00000    	-0.14085481    	 0.10735385E-02
  434.00000    	  435.00000    	-0.10061246    	 0.98869832E-03
  435.00000    	  436.00000    	-0.54472549E-01	 0.95662066E-03
  436.00000    	  437.00000    	-0.72520082E-02	 0.93384144E-03
  437.00000    	  438.00000    	 0.36159386E-01	 0.93353604E-03
  438.00000    	  439.00000    	 0.74365008E-01	 0.95946674E-03
  439.00000    	  440.00000    	 0.10806940    	 0.10046172E-02
  440.00000    	  441.00000    	-0.22916207    	 0.12202734E-02
  441.00000    	  442.00000    	-0.22126271    	 0.11702966E-02
  442.00000    	  443.00000    	-0.19928809    	 0.10931056E-02
  443.00000    	  444.00000    	-0.17077260    	 0.10442045E-02
  444.00000    	  445.00000    	-0.13664251    	 0.10108959E-02
  445.00000    	  446.00000    	-0.95025995E-01	 0.10035824E-02
  446.00000    	  447.00000    	-0.48682606E-01	 0.95577615E-03
  447.00000    	  448.00000    	-0.47329604E-02	 0.93120264E-03
  448.00000    	  449.00000    	 0.38526481E-01	 0.91711750E-03
  449.00000    	  450.00000    	 0.77818172E-01	 0.94423974E-03
  450.00000    	  451.00000    	 0.10890888    	 0.10049922E-02
  451.00000    	  452.00000    	-0.22521137    	 0.12115002E-02
  452.00000    	  453.00000    	-0.21297339    	 0.11410903E-02
  453.00000    	  454.00000    	-0.19509901    	 0.11308823E-02
  454.00000    	  455.00000    	-0.16793381    	 0.10399947E-02
  455.00000    	  456.00000    	-0.13011174    	 0.10080041E-02
  456.00000    	  457.00000    	-0.90429700E-01	 0.97517061E-03
  457.00000    	  458.00000    	-0.45833419E-01	 0.94347990E-03
  458.00000    	  459.00000    	-0.13639967E-02	 0.92776437E-03
  459.00000    	  460.00000    	 0.42681052E-01	 0.96663668E-03
  460.00000    	  461.00000    	 0.79494545E-01	 0.93795405E-03
  461.00000    	  462.00000    	 0.11299010    	 0.98787825E-03
  462.00000    	  463.00000    	-0.21987004    	 0.11934316E-02
  463.00000    	  464.00000    	-0.21138298    	 0.11326132E-02
  464.00000    	  465.00000    	-0.18988488    	 0.10894675E-02
  465.00000    	  466.00000    	-0.16297841    	 0.10312950E-02
  466.00000    	  467.00000    	-0.12743035    	 0.99823183E-03
  467.00000    	  468.00000    	-0.84019934E-01	 0.95341880E-03
  468.00000    	  469.00000    	-0.41979809E-01	 0.94158318E-03
  469.00000    	  470.00000    	 0.30550584E-02	 0.93893681E-03
  470.00000    	  471.00000    	 0.45003119E-01	 0.90904632E-03
  471.00000    	  472.00000    	 0.82884498E-01	 0.95695116E-03
  472.00000    	  473.00000    	 0.11309835    	 0.10129814E-02
  473.00000    	  474.00000    	-0.21358269    	 0.11810698E-02
  474.00000    	  475.00000    	-0.20420111    	 0.11252741E-02
  475.00000    	  476.00000    	-0.18521178    	 0.10655888E-02
  476.00000    	  477.00000    	-0.15779429    	 0.10255611E-02
  477.00000    	  478.00000    	-0.12202556    	 0.98197471E-03
  478.00000    	  479.00000    	-0.82431558E-01	 0.96327878E-03
  479.00000    	  480.00000    	-0.37678141E-01	 0.93705985E-03
  480.00000    	  481.00000    	 0.61352742E-02	 0.90698749E-03
  481.00000    	  482.00000    	 0.47702943E-01	 0.94248593E-03
  482.00000    	  483.00000    	 0.85824153E-01	 0.92831502E-03
  483.00000    	  484.00000    	 0.11566642    	 0.98577362E-03
  484.00000    	  485.00000    	-0.20936478    	 0.11717665E-02
  485.00000    	  486.00000    	-0.20038121    	 0.11186010E-02
  486.00000    	  487.00000    	-0.18083784    	 0.10702286E-02
  487.00000    	  488.00000    	-0.15076833    	 0.10247375E-02
  488.00000    	  489.00000    	-0.11798234    	 0.99334011E-03
  489.00000    	  490.00000    	-0.76465904E-01	 0.95766260E-03
  490.00000    	  491.00000    	-0.34647950E-01	 0.92687323E-03
  491.00000    	  492.00000    	 0.96704822E-02	 0.89469118E-03
  492.00000    	  493.00000    	 0.50423080E-01	 0.89070588E-03
  493.00000    	  494.00000    	 0.87923389E-01	 0.97084654E-03
  494.00000    	  495.00000    	 0.11705840    	 0.99366147E-03
  495.00000    	  496.00000    	-0.20430400    	 0.11608560E-02
  496.00000    	  497.00000    	-0.19511614    	 0.11017586E-02
  497.00000    	  498.00000    	-0.17422275    	 0.10433962E-02
  498.00000    	  499.00000    	-0.14746998    	 0.10076513E-02
  499.00000    	  500.00000    	-0.11333552    	 0.10049167E-02
  500.00000    	  501.00000    	-0.74612890E-01	 0.94262800E-03
  501.00000    	  502.00000    	-0.29889739E-01	 0.92704093E-03
  502.00000    	  503.00000    	 0.13849968E-01	 0.91829417E-03
  503.00000    	  504.00000    	 0.52369654E-01	 0.92238173E-03
  504.00000    	  505.00000    	 0.89004330E-01	 0.92235988E-03
  505.00000    	  506.00000    	 0.11817269    	 0.96972098E-03
  506.00000    	  507.00000    	-0.20051634    	 0.11474902E-02
  507.00000    	  508.00000    	-0.18913508    	 0.10895126E-02
  508.00000    	  509.00000    	-0.16980065    	 0.10922523E-02
  509.00000    	  510.00000    	-0.14283956    	 0.10015755E-02
  510.00000    	  511.00000    	-0.10650351    	 0.94572378E-03
  511.00000    	  512.00000    	-0.69148845E-01	 0.93311062E-03
  512.00000    	  513.00000    	-0.26586562E-01	 0.90593016E-03
  513.00000    	  514.00000    	 0.14809818E-01	 0.88260808E-03
  514.00000    	  515.00000    	 0.56404041E-01	 0.89026642E-03
  515.00000    	  516.00000    	 0.81331155E-01	 0.89871661E-03
  516.00000    	  517.00000    	 0.12036587    	 0.99144107E-03
  517.00000    	  518.00000    	-0.19501345    	 0.11470814E-02
  518.00000    	  519.00000    	-0.18430721    	 0.10775391E-02
  519.00000    	  520.00000    	-0.16730922    	 0.10321112E-02
  520.00000    	  521.00000    	-0.13917165    	 0.99833600E-03
  521.00000    	  522.00000    	-0.10375658    	 0.99434964E-03
  522.00000    	  523.00000    	-0.65948466E-01	 0.94593527E-03
  523.00000    	  524.00000    	-0.23286104E-01	 0.88544871E-03
  524.00000    	  525.00000    	 0.19732512E-01	 0.92314177E-03
  525.00000    	  526.00000    	 0.57118040E-01	 0.89037353E-03
  526.00000    	  527.00000    	 0.92756804E-01	 0.96066856E-03
  527.00000    	  528.00000    	 0.11423481    	 0.95015206E-03
  528.00000    	  529.00000    	-0.18938019    	 0.11224022E-02
  529.00000    	  530.00000    	-0.18130928    	 0.10683086E-02
  530.00000    	  531.00000    	-0.16195760    	 0.10173822E-02
  531.00000    	  532.00000    	-0.13460765    	 0.97330813E-03
  532.00000    	  533.00000    	-0.10034521    	 0.94270589E-03
  533.00000    	  534.00000    	-0.61932233E-01	 0.90718831E-03
  534.00000    	  535.00000    	-0.20704331E-01	 0.89908459E-03
  535.00000    	  536.00000    	 0.20821152E-01	 0.87182288E-03
  536.00000    	  537.00000    	 0.62084495E-01	 0.87381587E-03
  537.00000    	  538.00000    	 0.93371990E-01	 0.90484676E-03
  538.00000    	  539.00000    	 0.11934382    	 0.96812570E-03
  539.00000    	  540.00000    	-0.18656573    	 0.11307969E-02
  540.00000    	  541.00000    	-0.17715496    	 0.10778596E-02
  541.00000    	  542.00000    	-0.15850817    	 0.10048988E-02
  542.00000    	  543.00000    	-0.12953583    	 0.97863987E-03
  543.00000    	  544.00000    	-0.98538351E-01	 0.95133697E-03
  544.00000    	  545.00000    	-0.58391056E-01	 0.90808459E-03
  545.00000    	  546.00000    	-0.16068601E-01	 0.86552731E-03
  546.00000    	  547.00000    	 0.22965188E-01	 0.86708972E-03
  547.00000    	  548.00000    	 0.61920687E-01	 0.87010457E-03
  548.00000    	  549.00000    	 0.96612288E-01	 0.90732506E-03
  549.00000    	  550.00000    	 0.12417157    	 0.97432448E-03
  550.00000    	  551.00000    	-0.18012990    	 0.10940332E-02
  551.00000    	  552.00000    	-0.17161993    	 0.10488980E-02
  552.00000    	  553.00000    	-0.15251673    	 0.99964990E-03
  553.00000    	  554.00000    	-0.12502147    	 0.95526468E-03
  554.00000    	  555.00000    	-0.92343971E-01	 0.92934443E-03
  555.00000    	  556.00000    	-0.54276510E-01	 0.88889006E-03
  556.00000    	  557.00000    	-0.14606853E-01	 0.85898515E-03
  557.00000    	  558.00000    	 0.27238608E-01	 0.85534618E-03
  558.00000    	  559.00000    	 0.63954391E-01	 0.84463234E-03
  559.00000    	  560.00000    	 0.99021515E-01	 0.91160912E-03
  560.00000    	  561.00000    	 0.12456601    	 0.97313885E-03
  561.00000    	  562.00000    	-0.17726187    	 0.11110364E-02
  562.00000    	  563.00000    	-0.16726376    	 0.10404411E-02
  563.00000    	  564.00000    	-0.14911011    	 0.10463696E-02
  564.00000    	  565.00000    	-0.12382944    	 0.95370150E-03
  565.00000    	  566.00000    	-0.88963379E-01	 0.93349998E-03
  566.00000    	  567.00000    	-0.52443059E-01	 0.88630152E-03
  567.00000    	  568.00000    	-0.11646227E-01	 0.87526471E-03
  568.00000    	  569.00000    	 0.28715103E-01	 0.84840696E-03
  569.00000    	  570.00000    	 0.66897752E-01	 0.87858867E-03
  570.00000    	  571.00000    	 0.98768496E-01	 0.90323269E-03
  571.00000    	  572.00000    	 0.12460446    	 0.10056847E-02
  572.00000    	  573.00000    	-0.17226929    	 0.11189801E-02
  573.00000    	  574.00000    	-0.16276781    	 0.10220810E-02
  574.00000    	  575.00000    	-0.14407184    	 0.98234940E-03
  575.00000    	  576.00000    	-0.11984168    	 0.94390638E-03
  576.00000    	  577.00000    	-0.86627759E-01	 0.91878649E-03
  577.00000    	  578.00000    	-0.47479122E-01	 0.92307896E-03
  578.00000    	  579.00000    	-0.82526138E-02	 0.84486865E-03
  579.00000    	  580.00000    	 0.31919087E-01	 0.82972709E-03
  580.00000    	  581.00000    	 0.68346573E-01	 0.85732672E-03
  581.00000    	  582.00000    	 0.10065662    	 0.90449568E-03
  582.00000    	  583.00000    	 0.12671948    	 0.99451588E-03
  583.00000    	  584.00000    	-0.16719080    	 0.10705130E-02
  584.00000    	  585.00000    	-0.15816915    	 0.10119951E-02
  585.00000    	  586.00000    	-0.14066397    	 0.98095652E-03
  586.00000    	  587.00000    	-0.11453723    	 0.93343845E-03
  587.00000    	  588.00000    	-0.80588534E-01	 0.90127190E-03
  588.00000    	  589.00000    	-0.44356864E-01	 0.87551871E-03
  589.00000    	  590.00000    	-0.54659978E-02	 0.85458751E-03
  590.00000    	  591.00000    	 0.33809733E-01	 0.84143348E-03
  591.00000    	  592.00000    	 0.71336918E-01	 0.85921748E-03
  592.00000    	  593.00000    	 0.10219211    	 0.88833494E-03
  593.00000    	  594.00000    	 0.12718887    	 0.96918267E-03
  594.00000    	  595.00000    	-0.16390859    	 0.10484215E-02
  595.00000    	  596.00000    	-0.15397840    	 0.10131244E-02
  596.00000    	  597.00000    	-0.13643043    	 0.96335296E-03
  597.00000    	  598.00000    	-0.11038683    	 0.10209299E-02
  598.00000    	  599.00000    	-0.78113211E-01	 0.89229083E-03
  599.00000    	  600.00000    	-0.42943105E-01	 0.86008357E-03
  600.00000    	  601.00000    	-0.30532105E-02	 0.83844596E-03
  601.00000    	  602.00000    	 0.36991349E-01	 0.81668415E-03
  602.00000    	  603.00000    	 0.72884378E-01	 0.85091998E-03
  603.00000    	  604.00000    	 0.10275667    	 0.88126435E-03
  604.00000    	  605.00000    	 0.12663111    	 0.98424473E-03
  605.00000    	  606.00000    	-0.15962456    	 0.10436693E-02
  606.00000    	  607.00000    	-0.14884494    	 0.99594476E-03
  607.00000    	  608.00000    	-0.13420366    	 0.95722723E-03
  608.00000    	  609.00000    	-0.10762569    	 0.92403932E-03
  609.00000    	  610.00000    	-0.75760257E-01	 0.88955504E-03
  610.00000    	  611.00000    	-0.37006368E-01	 0.84104415E-03
  611.00000    	  612.00000    	-0.45331008E-04	 0.85182940E-03
  612.00000    	  613.00000    	 0.37974257E-01	 0.82060919E-03
  613.00000    	  614.00000    	 0.73170452E-01	 0.83120031E-03
  614.00000    	  615.00000    	 0.10230106    	 0.86862829E-03
  615.00000    	  616.00000    	 0.12891764    	 0.97517213E-03
  616.00000    	  617.00000    	-0.15472265    	 0.10310613E-02
  617.00000    	  618.00000    	-0.14708740    	 0.10184072E-02
  618.00000    	  619.00000    	-0.12942811    	 0.94904725E-03
  619.00000    	  620.00000    	-0.10120220    	 0.92059458E-03
  620.00000    	  621.00000    	-0.70180395E-01	 0.86918483E-03
  621.00000    	  622.00000    	-0.94704066E-02	 0.44681446E-03
  622.00000    	  623.00000    	 0.40754524E-02	 0.81985486E-03
  623.00000    	  624.00000    	 0.40219619E-01	 0.80610490E-03
  624.00000    	  625.00000    	 0.74844856E-01	 0.82261553E-03
  625.00000    	  626.00000    	 0.10561008    	 0.86358092E-03
  626.00000    	  627.00000    	 0.12880310    	 0.96626553E-03
  627.00000    	  628.00000    	-0.15220610    	 0.10154687E-02
  628.00000    	  629.00000    	-0.14125336    	 0.97947307E-03
  629.00000    	  630.00000    	-0.12448780    	 0.93815144E-03
  630.00000    	  631.00000    	-0.99754402E-01	 0.91961506E-03
  631.00000    	  632.00000    	-0.68969380E-01	 0.87939583E-03
  632.00000    	  633.00000    	-0.33048297E-01	 0.83532236E-03
  633.00000    	  634.00000    	 0.57132623E-02	 0.81083513E-03
  634.00000    	  635.00000    	 0.40844183E-01	 0.79797985E-03
  635.00000    	  636.00000    	 0.76076588E-01	 0.80949877E-03
  636.00000    	  637.00000    	 0.10470986    	 0.87159089E-03
  637.00000    	  638.00000    	 0.12870109    	 0.96016865E-03
  638.00000    	  639.00000    	-0.14688381    	 0.10129304E-02
  639.00000    	  640.00000    	-0.13936252    	 0.97020110E-03
  640.00000    	  641.00000    	-0.12105438    	 0.93005169E-03
  641.00000    	  642.00000    	-0.95981538E-01	 0.88853977E-03
  642.00000    	  643.00000    	-0.64914160E-01	 0.85259402E-03
  643.00000    	  644.00000    	-0.29406883E-01	 0.85701090E-03
  644.00000    	  645.00000    	 0.74447061E-02	 0.80327450E-03
  645.00000    	  646.00000    	 0.45703218E-01	 0.79591439E-03
  646.00000    	  647.00000    	 0.77763265E-01	 0.84549307E-03
  647.00000    	  648.00000    	 0.10677643    	 0.86210163E-03
  648.00000    	  649.00000    	 0.13055372    	 0.94955658E-03
  649.00000    	  650.00000    	-0.14349092    	 0.10021061E-02
  650.00000    	  651.00000    	-0.13501449    	 0.96860227E-03
  651.00000    	  652.00000    	-0.11707256    	 0.91483796E-03
  652.00000    	  653.00000    	-0.92735482E-01	 0.88472103E-03
  653.00000    	  654.00000    	-0.60810964E-01	 0.84163005E-03
  654.00000    	  655.00000    	-0.26674452E-01	 0.83003711E-03
  655.00000    	  656.00000    	 0.10688577E-01	 0.81481407E-03
  656.00000    	  657.00000    	 0.46603317E-01	 0.80752219E-03
  657.00000    	  658.00000    	 0.80234567E-01	 0.80693500E-03
  658.00000    	  659.00000    	 0.10906035    	 0.88201538E-03
  659.00000    	  660.00000    	 0.12777913    	 0.95395986E-03
  660.00000    	  661.00000    	-0.13774633    	 0.98905601E-03
  661.00000    	  662.00000    	-0.12967293    	 0.94178400E-03
  662.00000    	  663.00000    	-0.11347011    	 0.94082783E-03
  663.00000    	  664.00000    	-0.89266334E-01	 0.90937468E-03
  664.00000    	  665.00000    	-0.58340649E-01	 0.85380457E-03
  665.00000    	  666.00000    	-0.24066376E-01	 0.80459032E-03
  666.00000    	  667.00000    	 0.10999975E-01	 0.79823797E-03
  667.00000    	  668.00000    	 0.47440416E-01	 0.78428638E-03
  668.00000    	  669.00000    	 0.80005587E-01	 0.81588876E-03
  669.00000    	  670.00000    	 0.10966295    	 0.86572232E-03
  670.00000    	  671.00000    	 0.13074862    	 0.95403915E-03
  671.00000    	  672.00000    	-0.13509089    	 0.98266224E-03
  672.00000    	  673.00000    	-0.12858245    	 0.93911651E-03
  673.00000    	  674.00000    	-0.11067498    	 0.91297289E-03
  674.00000    	  675.00000    	-0.85980111E-01	 0.86793634E-03
  675.00000    	  676.00000    	-0.56046900E-01	 0.83403387E-03
  676.00000    	  677.00000    	-0.21399508E-01	 0.79661520E-03
  677.00000    	  678.00000    	 0.13973318E-01	 0.80443212E-03
  678.00000    	  679.00000    	 0.48702675E-01	 0.78359478E-03
  679.00000    	  680.00000    	 0.81276423E-01	 0.81990525E-03
  680.00000    	  681.00000    	 0.10929703    	 0.86162511E-03
  681.00000    	  682.00000    	 0.13116264    	 0.95246069E-03
  682.00000    	  683.00000    	-0.13244718    	 0.96785800E-03
  683.00000    	  684.00000    	-0.12223386    	 0.93124546E-03
  684.00000    	  685.00000    	-0.10707112    	 0.90491082E-03
  685.00000    	  686.00000    	-0.82705580E-01	 0.87074709E-03
  686.00000    	  687.00000    	-0.52237034E-01	 0.83679375E-03
  687.00000    	  688.00000    	-0.18439527E-01	 0.79286009E-03
  688.00000    	  689.00000    	 0.16329134E-01	 0.76709322E-03
  689.00000    	  690.00000    	 0.51840667E-01	 0.77739946E-03
  690.00000    	  691.00000    	 0.83774867E-01	 0.81393455E-03
  691.00000    	  692.00000    	 0.10730900    	 0.85894224E-03
  692.00000    	  693.00000    	 0.12963502    	 0.93751650E-03
  693.00000    	  694.00000    	-0.12822394    	 0.95618796E-03
  694.00000    	  695.00000    	-0.12064643    	 0.92433637E-03
  695.00000    	  696.00000    	-0.10212195    	 0.90048328E-03
  696.00000    	  697.00000    	-0.78574191E-01	 0.85249217E-03
  697.00000    	  698.00000    	-0.50085749E-01	 0.81465714E-03
  698.00000    	  699.00000    	-0.15764674E-01	 0.77858271E-03
  699.00000    	  700.00000    	 0.18518927E-01	 0.76019440E-03
  700.00000    	  701.00000    	 0.52922121E-01	 0.76216240E-03
  701.00000    	  702.00000    	 0.82853748E-01	 0.80903229E-03
  702.00000    	  703.00000    	 0.10995781    	 0.84806900E-03
  703.00000    	  704.00000    	 0.13198838    	 0.92797083E-03
  704.00000    	  705.00000    	-0.12419343    	 0.96528506E-03
  705.00000    	  706.00000    	-0.11615013    	 0.90789409E-03
  706.00000    	  707.00000    	-0.10004666    	 0.87541449E-03
  707.00000    	  708.00000    	-0.76522836E-01	 0.83618176E-03
  708.00000    	  709.00000    	-0.47937806E-01	 0.81413520E-03
  709.00000    	  710.00000    	-0.13696576E-01	 0.79691814E-03
  710.00000    	  711.00000    	 0.20328694E-01	 0.75581690E-03
  711.00000    	  712.00000    	 0.53226582E-01	 0.78103795E-03
  712.00000    	  713.00000    	 0.86395257E-01	 0.80050585E-03
  713.00000    	  714.00000    	 0.11056084    	 0.85458822E-03
  714.00000    	  715.00000    	 0.13257446    	 0.96167590E-03
  715.00000    	  716.00000    	-0.12097699    	 0.92813063E-03
  716.00000    	  717.00000    	-0.11278933    	 0.89526068E-03
  717.00000    	  718.00000    	-0.97234202E-01	 0.87925953E-03
  718.00000    	  719.00000    	-0.72558334E-01	 0.85562657E-03
  719.00000    	  720.00000    	-0.44805709E-01	 0.80123029E-03
  720.00000    	  721.00000    	-0.12795197E-01	 0.77162785E-03
  721.00000    	  722.00000    	 0.21304803E-01	 0.75387234E-03
  722.00000    	  723.00000    	 0.55316425E-01	 0.76352271E-03
  723.00000    	  724.00000    	 0.86586244E-01	 0.78077619E-03
  724.00000    	  725.00000    	 0.11055410    	 0.83637863E-03
  725.00000    	  726.00000    	 0.13116665    	 0.95357673E-03
  726.00000    	  727.00000    	-0.11842971    	 0.92720840E-03
  727.00000    	  728.00000    	-0.10878138    	 0.89072787E-03
  728.00000    	  729.00000    	-0.93645017E-01	 0.88080887E-03
  729.00000    	  730.00000    	-0.70569933E-01	 0.82611525E-03
  730.00000    	  731.00000    	-0.42220294E-01	 0.79194331E-03
  731.00000    	  732.00000    	-0.89965440E-02	 0.74848546E-03
  732.00000    	  733.00000    	 0.24533540E-01	 0.73895809E-03
  733.00000    	  734.00000    	 0.58006679E-01	 0.78115783E-03
  734.00000    	  735.00000    	 0.76938515E-01	 0.75177162E-03
  735.00000    	  736.00000    	 0.11321223    	 0.85672471E-03
  736.00000    	  737.00000    	 0.13279943    	 0.94929629E-03
  737.00000    	  738.00000    	-0.11530383    	 0.91790895E-03
  738.00000    	  739.00000    	-0.10523201    	 0.87395516E-03
  739.00000    	  740.00000    	-0.89623312E-01	 0.85311656E-03
  740.00000    	  741.00000    	-0.66127208E-01	 0.81852854E-03
  741.00000    	  742.00000    	-0.38544353E-01	 0.78731690E-03
  742.00000    	  743.00000    	-0.67146344E-02	 0.75041917E-03
  743.00000    	  744.00000    	 0.26000083E-01	 0.73960782E-03
  744.00000    	  745.00000    	 0.58891551E-01	 0.74368461E-03
  745.00000    	  746.00000    	 0.88075463E-01	 0.79563882E-03
  746.00000    	  747.00000    	 0.10127562    	 0.79186713E-03
  747.00000    	  748.00000    	 0.13118359    	 0.94519026E-03
  748.00000    	  749.00000    	-0.11040982    	 0.98583160E-03
  749.00000    	  750.00000    	-0.10213377    	 0.87760940E-03
  750.00000    	  751.00000    	-0.86856505E-01	 0.84852264E-03
  751.00000    	  752.00000    	-0.65171698E-01	 0.81744327E-03
  752.00000    	  753.00000    	-0.36843127E-01	 0.77550492E-03
  753.00000    	  754.00000    	-0.47398735E-02	 0.74677649E-03
  754.00000    	  755.00000    	 0.27915027E-01	 0.74901085E-03
  755.00000    	  756.00000    	 0.59080442E-01	 0.75653769E-03
  756.00000    	  757.00000    	 0.88374547E-01	 0.78412123E-03
  757.00000    	  758.00000    	 0.11366107    	 0.83080976E-03
  758.00000    	  759.00000    	 0.13002438    	 0.93898787E-03
  759.00000    	  760.00000    	-0.10679358    	 0.89701544E-03
  760.00000    	  761.00000    	-0.98503359E-01	 0.86522661E-03
  761.00000    	  762.00000    	-0.83459468E-01	 0.83745997E-03
  762.00000    	  763.00000    	-0.60901653E-01	 0.81855390E-03
  763.00000    	  764.00000    	-0.35198298E-01	 0.77744062E-03
  764.00000    	  765.00000    	-0.39875152E-02	 0.74776784E-03
  765.00000    	  766.00000    	 0.28711865E-01	 0.72571226E-03
  766.00000    	  767.00000    	 0.60165144E-01	 0.72581004E-03
  767.00000    	  768.00000    	 0.88349710E-01	 0.78302666E-03
  768.00000    	  769.00000    	 0.11361976    	 0.83578745E-03
  769.00000    	  770.00000    	 0.13003090    	 0.92014330E-03
  770.00000    	  771.00000    	-0.10140314    	 0.87518933E-03
  771.00000    	  772.00000    	-0.96017594E-01	 0.85902102E-03
  772.00000    	  773.00000    	-0.80575799E-01	 0.81805515E-03
  773.00000    	  774.00000    	-0.58409308E-01	 0.79527548E-03
  774.00000    	  775.00000    	-0.31170748E-01	 0.78731077E-03
  775.00000    	  776.00000    	-0.11998606E-02	 0.73088652E-03
  776.00000    	  777.00000    	 0.31326890E-01	 0.73059942E-03
  777.00000    	  778.00000    	 0.62785617E-01	 0.72740517E-03
  778.00000    	  779.00000    	 0.90393620E-01	 0.78192644E-03
  779.00000    	  780.00000    	 0.11432515    	 0.83371453E-03
  780.00000    	  781.00000    	 0.12958321    	 0.93284892E-03
  781.00000    	  782.00000    	-0.99875736E-01	 0.88142164E-03
  782.00000    	  783.00000    	-0.92925367E-01	 0.84048142E-03
  783.00000    	  784.00000    	-0.77984387E-01	 0.81749856E-03
  784.00000    	  785.00000    	-0.55440920E-01	 0.78479271E-03
  785.00000    	  786.00000    	-0.29856453E-01	 0.74530138E-03
  786.00000    	  787.00000    	-0.10208173E-03	 0.73116218E-03
  787.00000    	  788.00000    	 0.31789871E-01	 0.72167864E-03
  788.00000    	  789.00000    	 0.61969932E-01	 0.72195323E-03
  789.00000    	  790.00000    	 0.89993996E-01	 0.76678583E-03
  790.00000    	  791.00000    	 0.11317716    	 0.81695939E-03
  791.00000    	  792.00000    	 0.12622813    	 0.93010668E-03
  792.00000    	  793.00000    	-0.94035864E-01	 0.90772122E-03
  793.00000    	  794.00000    	-0.89786477E-01	 0.83293116E-03
  794.00000    	  795.00000    	-0.74931341E-01	 0.80852971E-03
  795.00000    	  796.00000    	-0.52309828E-01	 0.84399597E-03
  796.00000    	  797.00000    	-0.27482429E-01	 0.75825568E-03
  797.00000    	  798.00000    	 0.31171708E-02	 0.73691868E-03
  798.00000    	  799.00000    	 0.33370518E-01	 0.73517570E-03
  799.00000    	  800.00000    	 0.64618071E-01	 0.72418055E-03
  800.00000    	  801.00000    	 0.91778709E-01	 0.75891149E-03
  801.00000    	  802.00000    	 0.11398647    	 0.83021543E-03
  802.00000    	  803.00000    	 0.12865071    	 0.91450346E-03
  803.00000    	  804.00000    	-0.96282765E-01	 0.86725731E-03
  804.00000    	  805.00000    	-0.86959243E-01	 0.82629102E-03
  805.00000    	  806.00000    	-0.72060608E-01	 0.80058939E-03
  806.00000    	  807.00000    	-0.51919641E-01	 0.80783057E-03
  807.00000    	  808.00000    	-0.24345174E-01	 0.74364248E-03
  808.00000    	  809.00000    	 0.50282611E-02	 0.71319524E-03
  809.00000    	  810.00000    	 0.33472687E-01	 0.68350520E-03
  810.00000    	  811.00000    	 0.64730377E-01	 0.71992988E-03
  811.00000    	  812.00000    	 0.92562838E-01	 0.75531383E-03
  812.00000    	  813.00000    	 0.11277876    	 0.79579492E-03
  813.00000    	  814.00000    	 0.12829677    	 0.91835618E-03
  814.00000    	  815.00000    	-0.92550578E-01	 0.86235473E-03
  815.00000    	  816.00000    	-0.83123218E-01	 0.85033519E-03
  816.00000    	  817.00000    	-0.68756849E-01	 0.78479687E-03
  817.00000    	  818.00000    	-0.49824340E-01	 0.77574291E-03
  818.00000    	  819.00000    	-0.24066972E-01	 0.72588468E-03
  819.00000    	  820.00000    	 0.66958961E-02	 0.70644449E-03
  820.00000    	  821.00000    	 0.34893862E-01	 0.68780044E-03
  821.00000    	  822.00000    	 0.56366933E-01	 0.66577119E-03
  822.00000    	  823.00000    	 0.90693398E-01	 0.75765432E-03
  823.00000    	  824.00000    	 0.11483282    	 0.84038689E-03
  824.00000    	  825.00000    	 0.12715233    	 0.90755207E-03
  825.00000    	  826.00000    	-0.88292116E-01	 0.84780777E-03
  826.00000    	  827.00000    	-0.80599262E-01	 0.81652361E-03
  827.00000    	  828.00000    	-0.66352568E-01	 0.77971161E-03
  828.00000    	  829.00000    	-0.46703532E-01	 0.75443999E-03
  829.00000    	  830.00000    	-0.15561073E-01	 0.64382677E-03
  830.00000    	  831.00000    	 0.80710505E-02	 0.70358449E-03
  831.00000    	  832.00000    	 0.37426538E-01	 0.69355229E-03
  832.00000    	  833.00000    	 0.67752072E-01	 0.71707797E-03
  833.00000    	  834.00000    	 0.93669215E-01	 0.76452554E-03
  834.00000    	  835.00000    	 0.11313495    	 0.82609083E-03
  835.00000    	  836.00000    	 0.12836045    	 0.90965291E-03
  836.00000    	  837.00000    	-0.86485949E-01	 0.84322205E-03
  837.00000    	  838.00000    	-0.79120803E-01	 0.80649607E-03
  838.00000    	  839.00000    	-0.64210814E-01	 0.78123510E-03
  839.00000    	  840.00000    	-0.43677305E-01	 0.73806593E-03
  840.00000    	  841.00000    	-0.18136743E-01	 0.71758327E-03
  841.00000    	  842.00000    	 0.96554082E-02	 0.69233628E-03
  842.00000    	  843.00000    	 0.39725118E-01	 0.69662758E-03
  843.00000    	  844.00000    	 0.67230313E-01	 0.69292781E-03
  844.00000    	  845.00000    	 0.92043989E-01	 0.74039361E-03
  845.00000    	  846.00000    	 0.11264124    	 0.82135724E-03
  846.00000    	  847.00000    	 0.11522051    	 0.89302409E-03
  847.00000    	  848.00000    	-0.82851976E-01	 0.83180218E-03
  848.00000    	  849.00000    	-0.75387954E-01	 0.79588123E-03
  849.00000    	  850.00000    	-0.62167935E-01	 0.77238131E-03
  850.00000    	  851.00000    	-0.40796760E-01	 0.73107754E-03
  851.00000    	  852.00000    	-0.16487475E-01	 0.70064943E-03
  852.00000    	  853.00000    	 0.99152359E-02	 0.69331534E-03
  853.00000    	  854.00000    	 0.40894593E-01	 0.67930276E-03
  854.00000    	  855.00000    	 0.66933819E-01	 0.69330187E-03
  855.00000    	  856.00000    	 0.91535806E-01	 0.73334576E-03
  856.00000    	  857.00000    	 0.11119855    	 0.79506754E-03
  857.00000    	  858.00000    	 0.12781963    	 0.90338760E-03
  858.00000    	  859.00000    	-0.80050583E-01	 0.82202772E-03
  859.00000    	  860.00000    	-0.73656602E-01	 0.78281219E-03
  860.00000    	  861.00000    	-0.58209942E-01	 0.75382183E-03
  861.00000    	  862.00000    	-0.37554455E-01	 0.70765985E-03
  862.00000    	  863.00000    	-0.15468231E-01	 0.69672473E-03
  863.00000    	  864.00000    	 0.12460485E-01	 0.67822700E-03
  864.00000    	  865.00000    	 0.40529021E-01	 0.68435803E-03
  865.00000    	  866.00000    	 0.69246425E-01	 0.70374185E-03
  866.00000    	  867.00000    	 0.93558346E-01	 0.76229575E-03
  867.00000    	  868.00000    	 0.83085430E-01	 0.70573421E-03
  868.00000    	  869.00000    	 0.12761206    	 0.90974085E-03
  869.00000    	  870.00000    	-0.78107599E-01	 0.89038156E-03
  870.00000    	  871.00000    	-0.70453975E-01	 0.77275263E-03
  871.00000    	  872.00000    	-0.55686786E-01	 0.74496037E-03
  872.00000    	  873.00000    	-0.38034681E-01	 0.74376414E-03
  873.00000    	  874.00000    	-0.12442152E-01	 0.69587088E-03
  874.00000    	  875.00000    	 0.15280548E-01	 0.68197854E-03
  875.00000    	  876.00000    	 0.42707687E-01	 0.68672303E-03
  876.00000    	  877.00000    	 0.69780763E-01	 0.67622915E-03
  877.00000    	  878.00000    	 0.94230955E-01	 0.74058376E-03
  878.00000    	  879.00000    	 0.11220084    	 0.79794118E-03
  879.00000    	  880.00000    	 0.63018871E-01	 0.63874642E-03
  880.00000    	  881.00000    	-0.74389369E-01	 0.80272059E-03
  881.00000    	  882.00000    	-0.65298585E-01	 0.75915222E-03
  882.00000    	  883.00000    	-0.52751208E-01	 0.73206717E-03
  883.00000    	  884.00000    	-0.34844080E-01	 0.70712801E-03
  884.00000    	  885.00000    	-0.99284137E-02	 0.67998321E-03
  885.00000    	  886.00000    	 0.15735402E-01	 0.66773034E-03
  886.00000    	  887.00000    	 0.44410565E-01	 0.67617736E-03
  887.00000    	  888.00000    	 0.67846617E-01	 0.67651189E-03
  888.00000    	  889.00000    	 0.94743067E-01	 0.72741387E-03
  889.00000    	  890.00000    	 0.86674261E-01	 0.71625231E-03
  890.00000    	  891.00000    	 0.12590048    	 0.89920617E-03
  891.00000    	  892.00000    	-0.72437738E-01	 0.79666020E-03
  892.00000    	  893.00000    	-0.64793550E-01	 0.75963024E-03
  893.00000    	  894.00000    	-0.52258926E-01	 0.72746786E-03
  894.00000    	  895.00000    	-0.34387031E-01	 0.71913958E-03
  895.00000    	  896.00000    	-0.72580052E-02	 0.59601776E-03
  896.00000    	  897.00000    	 0.17434484E-01	 0.66329537E-03
  897.00000    	  898.00000    	 0.44393381E-01	 0.66440495E-03
  898.00000    	  899.00000    	 0.71165833E-01	 0.69344601E-03
  899.00000    	  900.00000    	 0.93818161E-01	 0.73090849E-03
  900.00000    	  901.00000    	 0.11011963    	 0.78920007E-03
  901.00000    	  902.00000    	 0.12614754    	 0.93387076E-03
  902.00000    	  903.00000    	-0.20636747E-01	 0.42131428E-03
  903.00000    	  904.00000    	-0.58806319E-01	 0.73524720E-03
  904.00000    	  905.00000    	-0.49616067E-01	 0.72961169E-03
  905.00000    	  906.00000    	-0.30330271E-01	 0.69164579E-03
  906.00000    	  907.00000    	-0.75340297E-02	 0.66631411E-03
  907.00000    	  908.00000    	 0.18549055E-01	 0.67763244E-03
  908.00000    	  909.00000    	 0.45741740E-01	 0.66595560E-03
  909.00000    	  910.00000    	 0.71445234E-01	 0.67692751E-03
  910.00000    	  911.00000    	 0.94293457E-01	 0.71898860E-03
  911.00000    	  912.00000    	 0.11245948    	 0.79192248E-03
  912.00000    	  913.00000    	 0.12561520    	 0.88640040E-03
  913.00000    	  914.00000    	-0.67282455E-01	 0.78853906E-03
  914.00000    	  915.00000    	-0.60794658E-01	 0.74224083E-03
  915.00000    	  916.00000    	-0.46954267E-01	 0.71001576E-03
  916.00000    	  917.00000    	-0.27835690E-01	 0.69755815E-03
  917.00000    	  918.00000    	-0.57029337E-02	 0.65899974E-03
  918.00000    	  919.00000    	 0.20237132E-01	 0.65350080E-03
  919.00000    	  920.00000    	 0.45978739E-01	 0.65017015E-03
  920.00000    	  921.00000    	 0.72303962E-01	 0.67517785E-03
  921.00000    	  922.00000    	 0.94517865E-01	 0.74375777E-03
  922.00000    	  923.00000    	 0.11315179    	 0.79370355E-03
  923.00000    	  924.00000    	 0.12374883    	 0.88884158E-03
  924.00000    	  925.00000    	-0.23033898E-01	 0.46851322E-03
  925.00000    	  926.00000    	-0.57451399E-01	 0.76878519E-03
  926.00000    	  927.00000    	-0.44742675E-01	 0.71575640E-03
  927.00000    	  928.00000    	-0.26860818E-01	 0.68298885E-03
  928.00000    	  929.00000    	-0.37901558E-02	 0.65591598E-03
  929.00000    	  930.00000    	 0.21028074E-01	 0.64684516E-03
  930.00000    	  931.00000    	 0.47373420E-01	 0.65331372E-03
  931.00000    	  932.00000    	 0.22461416E-01	 0.37723700E-03
  932.00000    	  933.00000    	 0.92116666E-01	 0.71837998E-03
  933.00000    	  934.00000    	 0.11228960    	 0.79318938E-03
  934.00000    	  935.00000    	 0.12210935    	 0.90280296E-03
  935.00000    	  936.00000    	-0.59278437E-01	 0.73853568E-03
  936.00000    	  937.00000    	-0.55249985E-01	 0.72256061E-03
  937.00000    	  938.00000    	-0.40800504E-01	 0.69063966E-03
  938.00000    	  939.00000    	-0.24978481E-01	 0.67267988E-03
  939.00000    	  940.00000    	-0.29256832E-02	 0.64579488E-03
  940.00000    	  941.00000    	 0.21471533E-01	 0.62946598E-03
  941.00000    	  942.00000    	 0.47747513E-01	 0.64576931E-03
  942.00000    	  943.00000    	 0.71891991E-01	 0.68239043E-03
  943.00000    	  944.00000    	 0.94748777E-01	 0.70697701E-03
  944.00000    	  945.00000    	 0.11106356    	 0.79652572E-03
  945.00000    	  946.00000    	 0.12368728    	 0.90142015E-03
  946.00000    	  947.00000    	-0.60580775E-01	 0.75650699E-03
  947.00000    	  948.00000    	-0.53522740E-01	 0.72610601E-03
  948.00000    	  949.00000    	-0.40789120E-01	 0.69622863E-03
  949.00000    	  950.00000    	-0.22828449E-01	 0.66758270E-03
  950.00000    	  951.00000    	-0.16157148E-02	 0.70326189E-03
  951.00000    	  952.00000    	 0.23224209E-01	 0.63148620E-03
  952.00000    	  953.00000    	 0.49865053E-01	 0.63612683E-03
  953.00000    	  954.00000    	 0.73161928E-01	 0.66435865E-03
  954.00000    	  955.00000    	 0.94885844E-01	 0.73533451E-03
  955.00000    	  956.00000    	 0.11126314    	 0.78034101E-03
  956.00000    	  957.00000    	 0.12158458    	 0.90087586E-03
  957.00000    	  958.00000    	-0.56714950E-01	 0.73709307E-03
  958.00000    	  959.00000    	-0.50317427E-01	 0.73322841E-03
  959.00000    	  960.00000    	-0.39091815E-01	 0.67883080E-03
  960.00000    	  961.00000    	-0.20972805E-01	 0.66648341E-03
  961.00000    	  962.00000    	-0.20007480E-03	 0.63804626E-03
  962.00000    	  963.00000    	 0.25069458E-01	 0.62353408E-03
  963.00000    	  964.00000    	 0.49611257E-01	 0.63720644E-03
  964.00000    	  965.00000    	 0.74470699E-01	 0.67506975E-03
  965.00000    	  966.00000    	 0.94406452E-01	 0.72312839E-03
  966.00000    	  967.00000    	 0.11042858    	 0.77875275E-03
  967.00000    	  968.00000    	 0.11759904    	 0.88858520E-03
  968.00000    	  969.00000    	-0.55784827E-01	 0.76360959E-03
  969.00000    	  970.00000    	-0.48794574E-01	 0.70971090E-03
  970.00000    	  971.00000    	-0.35979310E-01	 0.67148841E-03
  971.00000    	  972.00000    	-0.16717667E-01	 0.63604905E-03
  972.00000    	  973.00000    	 0.23688524E-02	 0.60911572E-03
  973.00000    	  974.00000    	 0.25605566E-01	 0.63178079E-03
  974.00000    	  975.00000    	 0.41690714E-01	 0.57968045E-03
  975.00000    	  976.00000    	 0.73449442E-01	 0.66268625E-03
  976.00000    	  977.00000    	 0.94901217E-01	 0.72346127E-03
  977.00000    	  978.00000    	 0.97066707E-01	 0.73025507E-03
  978.00000    	  979.00000    	 0.11905297    	 0.87473103E-03
  979.00000    	  980.00000    	 0.84006032E-06	 0.92761249E-06
  980.00000    	  981.00000    	-0.47127207E-01	 0.69624645E-03
  981.00000    	  982.00000    	-0.35110265E-01	 0.67832703E-03
  982.00000    	  983.00000    	-0.17516119E-01	 0.65081246E-03
  983.00000    	  984.00000    	 0.25186536E-02	 0.62519036E-03
  984.00000    	  985.00000    	 0.26404502E-01	 0.62624609E-03
  985.00000    	  986.00000    	 0.51564174E-01	 0.63369367E-03
  986.00000    	  987.00000    	 0.73465375E-01	 0.65992211E-03
  987.00000    	  988.00000    	 0.94778958E-01	 0.71483622E-03
  988.00000    	  989.00000    	 0.10628788    	 0.77669644E-03
  989.00000    	  990.00000    	 0.12026366    	 0.90780043E-03
  990.00000    	  991.00000    	-0.51265018E-01	 0.71931092E-03
  991.00000    	  992.00000    	-0.44928401E-01	 0.68960081E-03
  992.00000    	  993.00000    	-0.32613584E-01	 0.66249158E-03
  993.00000    	  994.00000    	-0.16576155E-01	 0.63597447E-03
  994.00000    	  995.00000    	 0.48235370E-02	 0.62914072E-03
  995.00000    	  996.00000    	 0.27759668E-01	 0.62110789E-03
  996.00000    	  997.00000    	 0.51124453E-01	 0.62662580E-03
  997.00000    	  998.00000    	 0.52974679E-02	 0.17207073E-03
  998.00000    	  999.00000    	 0.92296025E-01	 0.70622616E-03
  999.00000    	  1000.0000    	 0.10680639    	 0.77995464E-03
  1000.0000    	  1001.0000    	 0.10923880    	 0.85252168E-03
  1001.0000    	  1002.0000    	-0.22297672E-02	 0.14860280E-03
  1002.0000    	  1003.0000    	-0.41619728E-01	 0.71200336E-03
  1003.0000    	  1004.0000    	-0.30992130E-01	 0.65523598E-03
  1004.0000    	  1005.0000    	-0.14292992E-01	 0.63135017E-03
  1005.0000    	  1006.0000    	 0.56154273E-02	 0.61039205E-03
  1006.0000    	  1007.0000    	 0.30087621E-01	 0.60463179E-03
  1007.0000    	  1008.0000    	 0.47256130E-01	 0.59646164E-03
  1008.0000    	  1009.0000    	 0.73037821E-01	 0.64969028E-03
  1009.0000    	  1010.0000    	 0.92324650E-01	 0.71878793E-03
  1010.0000    	  1011.0000    	 0.10882192    	 0.77584470E-03
  1011.0000    	  1012.0000    	 0.11767050    	 0.89288908E-03
  1012.0000    	  1013.0000    	-0.46161413E-01	 0.73104303E-03
  1013.0000    	  1014.0000    	-0.20012134E-01	 0.47997489E-03
  1014.0000    	  1015.0000    	-0.22820032E-01	 0.56995467E-03
  1015.0000    	  1016.0000    	-0.12338893E-01	 0.62846669E-03
  1016.0000    	  1017.0000    	 0.71330767E-02	 0.60465468E-03
  1017.0000    	  1018.0000    	 0.27905286E-01	 0.59670063E-03
  1018.0000    	  1019.0000    	 0.52744323E-01	 0.61407738E-03
  1019.0000    	  1020.0000    	 0.75572902E-01	 0.65531040E-03
  1020.0000    	  1021.0000    	 0.94500826E-01	 0.70012745E-03
  1021.0000    	  1022.0000    	 0.10817551    	 0.78443476E-03
  1022.0000    	  1023.0000    	 0.11699029    	 0.87707876E-03
  1023.0000    	  1024.0000    	-0.41655025E-01	 0.67006008E-03
  1024.0000    	  1025.0000    	-0.39452010E-01	 0.66492493E-03
  1025.0000    	  1026.0000    	-0.27276693E-01	 0.67370868E-03
  1026.0000    	  1027.0000    	-0.11442978E-01	 0.61176335E-03
  1027.0000    	  1028.0000    	 0.87094870E-02	 0.61011960E-03
  1028.0000    	  1029.0000    	 0.29068493E-01	 0.59590689E-03
  1029.0000    	  1030.0000    	 0.53398314E-01	 0.65229080E-03
  1030.0000    	  1031.0000    	 0.74206106E-01	 0.65417626E-03
  1031.0000    	  1032.0000    	 0.65706224E-01	 0.59178745E-03
  1032.0000    	  1033.0000    	 0.10926418    	 0.78942268E-03
  1033.0000    	  1034.0000    	 0.11614960    	 0.89717029E-03
