-0.00398944,-0.00393948,-0.00384089,-0.00370387,-0.00353762,-0.00334243,-0.00313751,-0.00292789,-0.00272937,-0.0025394,-0.00236901
-0.00389872,-0.00385683,-0.00376217,-0.00363471,-0.00347547,-0.0032898,-0.00308918,-0.00288055,-0.0026792,-0.00248598,-0.00230857
-0.00378749,-0.00374824,-0.00366253,-0.00354545,-0.00339954,-0.00321436,-0.00302004,-0.00281391,-0.00261175,-0.00241715,-0.00224085
-0.00363993,-0.00360791,-0.00352951,-0.00341825,-0.00327998,-0.00310744,-0.00291875,-0.0027168,-0.00251827,-0.00232479,-0.00214896
-0.00354016,-0.00351225,-0.00343775,-0.00333266,-0.00320032,-0.00303312,-0.00284935,-0.00265019,-0.00245406,-0.00226084,-0.00208527
-0.00345921,-0.00343435,-0.00336109,-0.00326167,-0.00313404,-0.00296951,-0.00279109,-0.00259511,-0.00239876,-0.0022075,-0.00203195
-0.00334964,-0.00332655,-0.00325883,-0.00316232,-0.00303946,-0.00288151,-0.00270697,-0.002515,-0.00232418,-0.00213457,-0.00196199
-0.00325929,-0.00323781,-0.00317199,-0.00307903,-0.00295988,-0.00280592,-0.00263547,-0.00244752,-0.00226018,-0.0020728,-0.00190215
-0.00317344,-0.00315296,-0.00308894,-0.00299875,-0.00288213,-0.0027319,-0.00256564,-0.00238166,-0.00219698,-0.0020135,-0.00184525
-0.00309564,-0.00307543,-0.00301214,-0.0029243,-0.0028101,-0.00266301,-0.00250039,-0.00232003,-0.00213856,-0.00195838,-0.00179251
-0.00301226,-0.00299272,-0.00293136,-0.00284528,-0.0027323,-0.00258836,-0.00242878,-0.00225453,-0.00207624,-0.00189971,-0.00173605
-0.00293963,-0.00292001,-0.00285944,-0.00277578,-0.00266349,-0.00252291,-0.00236679,-0.00219444,-0.00202081,-0.00184866,-0.00168681
-0.00286246,-0.00284262,-0.00278081,-0.00269927,-0.00258841,-0.00245107,-0.00229741,-0.00213029,-0.00196031,-0.0017916,-0.00163323
-0.00279116,-0.00277215,-0.00271134,-0.00262988,-0.00252076,-0.00238585,-0.0022354,-0.00207194,-0.00190568,-0.00174099,-0.00158476
-0.00271899,-0.0027002,-0.00263969,-0.00255957,-0.00245146,-0.00231926,-0.00217182,-0.00201221,-0.00184981,-0.00168839,-0.00153589
-0.00265849,-0.00263928,-0.00257926,-0.00249956,-0.0023924,-0.00226237,-0.00211823,-0.00196189,-0.00180224,-0.00164498,-0.00149387
-0.00259591,-0.0025773,-0.00251714,-0.00243826,-0.00233251,-0.00220509,-0.00206343,-0.00190972,-0.00175363,-0.00159937,-0.001452
-0.00253005,-0.00251044,-0.00245168,-0.00237365,-0.00226864,-0.00214398,-0.00200511,-0.00185495,-0.00170333,-0.00155323,-0.001408
-0.00246958,-0.00244847,-0.00239111,-0.00231344,-0.00221108,-0.00208769,-0.00195123,-0.00180543,-0.00165672,-0.00150984,-0.00136839
-0.0024149,-0.00239314,-0.0023375,-0.00225965,-0.00215851,-0.00203807,-0.00190429,-0.00176027,-0.00161534,-0.00147161,-0.00133211
-0.00235621,-0.00233375,-0.00227897,-0.00220219,-0.00210324,-0.00198426,-0.00185318,-0.00171362,-0.00157137,-0.0014303,-0.00129508
-0.00230334,-0.00228148,-0.0022271,-0.00215068,-0.00205293,-0.00193712,-0.0018093,-0.00167122,-0.00153343,-0.0013959,-0.00126101
-0.00225147,-0.00222787,-0.00217456,-0.00209913,-0.00200419,-0.00188976,-0.00176327,-0.0016307,-0.00149458,-0.00135903,-0.00122886
-0.00219943,-0.00217693,-0.00212445,-0.0020512,-0.00195546,-0.00184462,-0.00172214,-0.00159009,-0.00145838,-0.00132608,-0.00119631
-0.00214953,-0.00212448,-0.00207552,-0.00200146,-0.00190985,-0.00180027,-0.00168011,-0.00155293,-0.00142176,-0.00129239,-0.00116767
-0.00209267,-0.00206734,-0.00201989,-0.00194784,-0.00185755,-0.00175158,-0.00163405,-0.0015091,-0.00138283,-0.00125674,-0.00113284
-0.00204929,-0.00202298,-0.00197776,-0.00190644,-0.00181808,-0.00171457,-0.00159936,-0.00147714,-0.00135323,-0.00122915,-0.00110839
-0.0020007,-0.00197535,-0.00193056,-0.00186039,-0.00177371,-0.00167352,-0.00156048,-0.00144085,-0.00131981,-0.00119915,-0.00107933
-0.00195423,-0.00192628,-0.00188517,-0.00181681,-0.00173217,-0.00163358,-0.00152367,-0.00140767,-0.0012883,-0.00117006,-0.00105428
-0.00191222,-0.00188416,-0.00184423,-0.00177801,-0.00169474,-0.00159876,-0.00149151,-0.0013772,-0.00126069,-0.00114526,-0.00102959
-0.00186616,-0.00183168,-0.0017995,-0.00173422,-0.00165347,-0.00155985,-0.00145503,-0.00134453,-0.00123006,-0.00111684,-0.00100519
-0.00182056,-0.00179025,-0.00175525,-0.00169146,-0.00161297,-0.00152228,-0.00141984,-0.00131212,-0.0012006,-0.00109023,-0.000979095
-0.00177801,-0.00174744,-0.00171452,-0.00165247,-0.00157588,-0.00148753,-0.00138763,-0.00128256,-0.00117334,-0.00106538,-0.000956202
-0.00173671,-0.00170549,-0.00167476,-0.00161421,-0.00153959,-0.0014537,-0.00135606,-0.00125371,-0.00114703,-0.00104116,-0.000934086
-0.00169789,-0.00166578,-0.00163755,-0.0015785,-0.00150562,-0.00142248,-0.00132737,-0.0012271,-0.00112237,-0.00101863,-0.000913244
-0.00165728,-0.0016253,-0.00159858,-0.0015412,-0.00147026,-0.00138855,-0.00129645,-0.00119919,-0.00109656,-0.000995056,-0.000891412
-0.00161751,-0.00158565,-0.00156015,-0.00150477,-0.00143632,-0.00135736,-0.00126718,-0.00117193,-0.00107169,-0.000972661,-0.000870891
-0.00157943,-0.0015469,-0.00152312,-0.00146934,-0.00140286,-0.0013263,-0.00123854,-0.00114559,-0.00104749,-0.000950643,-0.000850628
-0.00154233,-0.00150979,-0.00148774,-0.00143575,-0.00137094,-0.00129624,-0.0012107,-0.00112047,-0.0010245,-0.000929678,-0.00083127
-0.00150748,-0.00147484,-0.00145413,-0.00140279,-0.00134011,-0.00126786,-0.00118372,-0.0010968,-0.00100217,-0.000909754,-0.000812531
-0.00146811,-0.00143637,-0.00141759,-0.00136843,-0.00130749,-0.0012372,-0.00115576,-0.00107064,-0.000978709,-0.000888284,-0.000792892
-0.00143346,-0.00140132,-0.00138366,-0.00133631,-0.00127697,-0.0012088,-0.00112961,-0.00104679,-0.000956767,-0.00086801,-0.00077463
-0.00139904,-0.00136768,-0.0013509,-0.0013051,-0.00124751,-0.0011815,-0.00110423,-0.00102329,-0.000935487,-0.000848579,-0.000756985
-0.00136462,-0.00133379,-0.00131809,-0.00127379,-0.001218,-0.00115383,-0.0010788,-0.00100016,-0.00091418,-0.000829135,-0.000739053
-0.00133323,-0.001303,-0.00128831,-0.00124534,-0.00119113,-0.00112893,-0.0010554,-0.000978769,-0.000895176,-0.000810712,-0.000722908
-0.00129873,-0.00126919,-0.00125498,-0.00121388,-0.00116156,-0.00110103,-0.00103015,-0.000955532,-0.000873547,-0.000791919,-0.000705026
-0.00126736,-0.00123911,-0.001225,-0.0011856,-0.00113482,-0.00107609,-0.00100718,-0.000934177,-0.000854403,-0.000774885,-0.000688988
-0.00123592,-0.00120854,-0.00119523,-0.00115679,-0.00110795,-0.00105078,-0.000983821,-0.000912927,-0.000834907,-0.000756345,-0.000672621
-0.0012052,-0.00117864,-0.0011658,-0.00112894,-0.00108157,-0.00102637,-0.000961167,-0.000892443,-0.000815947,-0.000739262,-0.000656749
-0.00117615,-0.00115093,-0.00113804,-0.00110269,-0.00105684,-0.00100313,-0.000939912,-0.000872479,-0.000798068,-0.000723421,-0.000641908
-0.00114617,-0.00112206,-0.00110967,-0.00107553,-0.00103127,-0.000979197,-0.000917796,-0.000852496,-0.000779571,-0.000705954,-0.000626425
-0.00111845,-0.00109495,-0.00108273,-0.00104984,-0.00100699,-0.000956478,-0.000896636,-0.000833491,-0.00076204,-0.000689722,-0.000611999
-0.00109183,-0.00107009,-0.00105726,-0.00102552,-0.000984194,-0.000935199,-0.000877015,-0.000814521,-0.000745406,-0.000674756,-0.00059857
-0.00106258,-0.00104217,-0.00102978,-0.000999308,-0.000959528,-0.000911885,-0.00085567,-0.00079525,-0.000727514,-0.000658132,-0.000583349
-0.00103542,-0.0010162,-0.0010038,-0.000974577,-0.000936202,-0.000890029,-0.00083546,-0.000776519,-0.000710524,-0.000642832,-0.000569304
-0.00101082,-0.000993013,-0.000980194,-0.000952363,-0.000915075,-0.000870346,-0.000817249,-0.000759791,-0.000695092,-0.000628897,-0.000556725
-0.000985211,-0.000968013,-0.000955765,-0.000928814,-0.000892947,-0.000849429,-0.000797947,-0.000742123,-0.00067891,-0.000614102,-0.000543159
-0.000959599,-0.000944074,-0.000931409,-0.0009055,-0.000870989,-0.000828835,-0.000779035,-0.000724536,-0.000663025,-0.000599545,-0.00053008
-0.000934896,-0.000920735,-0.000907877,-0.000882998,-0.000849821,-0.000808938,-0.000760627,-0.000707536,-0.000647525,-0.000585378,-0.000517351
-0.000912135,-0.000899274,-0.00088631,-0.000862339,-0.000830366,-0.000790625,-0.000743825,-0.000691954,-0.000633258,-0.000572439,-0.000505631
-0.000890402,-0.000878848,-0.000865691,-0.000842238,-0.000811418,-0.000772934,-0.000727352,-0.000676736,-0.000619511,-0.000559524,-0.000494077
-0.000866372,-0.000855566,-0.000842383,-0.000820456,-0.0007906,-0.000753381,-0.000709344,-0.000660108,-0.000604287,-0.000545897,-0.000481771
-0.000843931,-0.000834084,-0.00082098,-0.000799831,-0.000771215,-0.000735162,-0.000692426,-0.0006446,-0.000590025,-0.000532593,-0.000470119
-0.000822986,-0.000814203,-0.000800799,-0.000780776,-0.000753028,-0.00071823,-0.00067669,-0.000630055,-0.000576629,-0.000520665,-0.000459289
-0.000801832,-0.000793797,-0.000780611,-0.000761289,-0.000734725,-0.000700916,-0.000660706,-0.000615218,-0.000563265,-0.000508398,-0.000448162
-0.000782264,-0.000775251,-0.0007622,-0.000743416,-0.000717969,-0.000685242,-0.000646176,-0.000601654,-0.000550943,-0.00049722,-0.000437756
-0.000762738,-0.000756037,-0.000743303,-0.000725419,-0.00070055,-0.000668839,-0.000631008,-0.000587745,-0.00053809,-0.000485496,-0.000427742
-0.000742809,-0.000736746,-0.000724404,-0.000707001,-0.000683328,-0.00065263,-0.000615959,-0.000573871,-0.000525397,-0.000473864,-0.000417274
-0.000725141,-0.000719334,-0.000707529,-0.000690592,-0.000667801,-0.000638008,-0.000602368,-0.00056142,-0.000513964,-0.000463411,-0.000407856
-0.000705901,-0.000700406,-0.000688976,-0.000672943,-0.000651023,-0.00062228,-0.000587687,-0.00054771,-0.000501556,-0.000452052,-0.000397783
-0.000688047,-0.000682794,-0.000671877,-0.000656571,-0.000635421,-0.000607581,-0.00057413,-0.000535054,-0.000490015,-0.000441556,-0.000388311
-0.00067144,-0.000666503,-0.000655886,-0.000641031,-0.000620844,-0.000593884,-0.00056133,-0.000523264,-0.000479194,-0.000431586,-0.000379488
-0.000653841,-0.000649044,-0.000639161,-0.000624951,-0.000605289,-0.000579278,-0.000547857,-0.000510739,-0.000467812,-0.000421261,-0.000370159
-0.000636759,-0.000632266,-0.00062278,-0.000609136,-0.000590309,-0.000565188,-0.000534645,-0.000498512,-0.000456598,-0.000411022,-0.000361093
-0.00062063,-0.000616358,-0.000607264,-0.000594174,-0.000576057,-0.000551766,-0.000522147,-0.00048696,-0.000446013,-0.000401362,-0.000352487
-0.000605559,-0.000601575,-0.000592937,-0.000580368,-0.000562893,-0.000539341,-0.000510653,-0.000476212,-0.000436268,-0.000392416,-0.000344549
-0.000589681,-0.0005858,-0.000577597,-0.000565498,-0.00054874,-0.000526061,-0.000498141,-0.000464698,-0.000425654,-0.000382778,-0.000335927
-0.000574654,-0.000571055,-0.000563262,-0.000551651,-0.000535517,-0.000513603,-0.000486507,-0.000453923,-0.000415785,-0.000373784,-0.000327909
-0.000560312,-0.000556872,-0.000549438,-0.000538294,-0.000522797,-0.000501602,-0.000475285,-0.000443519,-0.000406244,-0.000365113,-0.000320178
-0.000546041,-0.0005428,-0.00053577,-0.000525068,-0.00051015,-0.000489668,-0.000464116,-0.00043318,-0.000396816,-0.00035647,-0.000312479
-0.000532712,-0.000529398,-0.000522834,-0.000512606,-0.000498156,-0.000478401,-0.000453566,-0.000423373,-0.000387878,-0.000348306,-0.000305343
-0.000519122,-0.000516185,-0.00050993,-0.00050002,-0.000486233,-0.000467074,-0.000442971,-0.000413574,-0.00037888,-0.000340071,-0.000297891
-0.000506122,-0.000503302,-0.000497306,-0.000487843,-0.000474606,-0.000456108,-0.000432671,-0.000404022,-0.000370161,-0.000332141,-0.000290808
-0.000493434,-0.000491056,-0.000485387,-0.000476284,-0.000463541,-0.000445648,-0.000422889,-0.000394986,-0.000361815,-0.000324537,-0.000284016
-0.000481261,-0.000478829,-0.000473489,-0.000464753,-0.00045244,-0.000435178,-0.000413068,-0.000385825,-0.000353479,-0.000316917,-0.000277265
-0.000469209,-0.000466931,-0.000461811,-0.000453478,-0.00044176,-0.000425055,-0.000403525,-0.000376984,-0.000345366,-0.000309543,-0.000270728
-0.000457118,-0.000455043,-0.000450281,-0.000442274,-0.000431001,-0.000414834,-0.000393953,-0.000368097,-0.000337212,-0.000302092,-0.000264082
-0.00044542,-0.000443586,-0.000439032,-0.000431415,-0.000420597,-0.00040498,-0.000384761,-0.000359466,-0.000329326,-0.000295023,-0.000257711
-0.000434688,-0.000432839,-0.000428598,-0.000421302,-0.000410865,-0.000395755,-0.00037608,-0.000351423,-0.000322091,-0.000288186,-0.000251722
-0.000423384,-0.00042214,-0.000417985,-0.000411063,-0.00040104,-0.000386439,-0.000367337,-0.000343351,-0.000314422,-0.00028131,-0.000246113
-0.00041299,-0.000411621,-0.000407771,-0.000401128,-0.000391513,-0.000377412,-0.000358826,-0.000335439,-0.000307227,-0.000274804,-0.000239821
-0.000402675,-0.000401462,-0.000397858,-0.000391466,-0.000382269,-0.000368616,-0.000350573,-0.000327747,-0.000300206,-0.000268376,-0.000234125
-0.00039317,-0.000391641,-0.00038823,-0.00038219,-0.000373284,-0.000360093,-0.000342603,-0.000320192,-0.000293355,-0.000262365,-0.000228559
-0.000382907,-0.000381961,-0.000378749,-0.000372937,-0.000364453,-0.000351681,-0.000334643,-0.000312902,-0.000286579,-0.000255969,-0.000223115
-0.000373328,-0.000372561,-0.000369483,-0.000364005,-0.000355899,-0.000343499,-0.00032692,-0.000305733,-0.000279955,-0.00024973,-0.000217821
-0.000364241,-0.000363486,-0.000360631,-0.000355358,-0.00034756,-0.000335579,-0.000319506,-0.000298782,-0.000273662,-0.00024416,-0.000212671
-0.000354546,-0.000354611,-0.000351867,-0.000346883,-0.000339414,-0.000327828,-0.000312176,-0.00029196,-0.000267335,-0.000238209,-0.000207605
-0.000346278,-0.000345873,-0.000343335,-0.000338559,-0.000331391,-0.000320182,-0.000305038,-0.000285224,-0.000261184,-0.000232585,-0.000202675
-0.000337732,-0.000337467,-0.0003351,-0.000330539,-0.00032368,-0.000312841,-0.00029805,-0.000278778,-0.000255284,-0.000227501,-0.000197859
-0.00032951,-0.000329321,-0.000327098,-0.000322751,-0.0003162,-0.00030568,-0.000291311,-0.000272518,-0.000249538,-0.000222266,-0.000193229
-0.000322101,-0.00032128,-0.000319219,-0.000315078,-0.000308782,-0.000298631,-0.000284654,-0.000266298,-0.000243801,-0.000217062,-0.00018862
-0.000313503,-0.000313527,-0.000311556,-0.000307673,-0.000301565,-0.000291793,-0.000278214,-0.000260307,-0.000238304,-0.000212056,-0.000184188
-0.000305938,-0.000306063,-0.000304227,-0.000300513,-0.000294725,-0.000285198,-0.000272002,-0.000254448,-0.000232948,-0.000206832,-0.000179871
-0.00029852,-0.000298634,-0.000296916,-0.000293421,-0.000287871,-0.000278668,-0.000265796,-0.000248725,-0.000227701,-0.000202392,-0.000176316
-0.000291046,-0.000291376,-0.000289791,-0.000286457,-0.000281138,-0.000272239,-0.000259719,-0.000243013,-0.000222445,-0.000197645,-0.000171467
-0.000284044,-0.000284476,-0.000282968,-0.000279827,-0.000274693,-0.000266115,-0.000253922,-0.000237591,-0.000217465,-0.000193106,-0.000167486
-0.000277063,-0.000277616,-0.000276249,-0.000273267,-0.000268364,-0.000260034,-0.000248143,-0.000232431,-0.000212566,-0.000188651,-0.000163562
-0.000271328,-0.000271084,-0.000269825,-0.000266977,-0.000262297,-0.000254197,-0.000242716,-0.000227289,-0.000207891,-0.000184376,-0.000159802
-0.000263878,-0.000264659,-0.000263475,-0.000260806,-0.000256355,-0.000248509,-0.000237235,-0.000222286,-0.000203199,-0.000179759,-0.000156081
-0.000257633,-0.000258282,-0.000257242,-0.000254698,-0.000250419,-0.000242862,-0.000231914,-0.000217047,-0.000198592,-0.000176008,-0.000152401
-0.000251375,-0.000252134,-0.00025114,-0.000248778,-0.000244645,-0.000237364,-0.000226703,-0.000212159,-0.000194116,-0.000171946,-0.000148832
-0.000245499,-0.000246215,-0.000245353,-0.000243116,-0.000239182,-0.000232127,-0.000221733,-0.000207316,-0.000189894,-0.000168619,-0.000145404
-0.000239622,-0.000240449,-0.000239636,-0.000237536,-0.000233738,-0.000226902,-0.000216848,-0.000202902,-0.000185637,-0.000164233,-0.000142074
-0.000232978,-0.000234779,-0.000234093,-0.00023209,-0.000228468,-0.000221834,-0.000212031,-0.000198399,-0.000181501,-0.000161024,-0.000138765
-0.000228249,-0.000229282,-0.000228629,-0.000226765,-0.000223297,-0.000216899,-0.000207305,-0.000193989,-0.000177449,-0.000157375,-0.000135555
-0.000222798,-0.000223846,-0.000223264,-0.000221526,-0.000218212,-0.000212014,-0.000202675,-0.000189665,-0.000173501,-0.000153281,-0.000132435
-0.000217607,-0.000218664,-0.000218158,-0.000216535,-0.000213335,-0.000207387,-0.000198244,-0.000185304,-0.000169736,-0.000150444,-0.000129397
-0.000212462,-0.000213542,-0.000213184,-0.000211646,-0.000208615,-0.000202775,-0.000193992,-0.000181447,-0.000165968,-0.00014648,-0.000126477
-0.000207371,-0.000208498,-0.000208142,-0.000206728,-0.000203826,-0.000198191,-0.000189567,-0.00017741,-0.000162225,-0.000143086,-0.000123524
-0.000202604,-0.000203735,-0.000203454,-0.000202136,-0.000199327,-0.0001939,-0.000185501,-0.000173605,-0.000158779,-0.000139939,-0.000120756
-0.000196819,-0.000199067,-0.000198785,-0.000197555,-0.000194897,-0.000189644,-0.000181427,-0.000169801,-0.00015523,-0.000136796,-0.000118006
-0.000193463,-0.000194598,-0.000194418,-0.000193286,-0.000190762,-0.000185662,-0.000177626,-0.000166077,-0.000151913,-0.000133312,-0.000115429
-0.000189723,-0.000189964,-0.00018983,-0.000188762,-0.00018633,-0.00018139,-0.000173662,-0.000162462,-0.000148397,-0.000130118,-0.00011274
-0.000184314,-0.000185606,-0.000185541,-0.000184579,-0.000182202,-0.000177474,-0.000169849,-0.000158911,-0.000145309,-0.000127826,-0.000110188
-0.000180068,-0.000181335,-0.000181318,-0.000180424,-0.00017818,-0.000173572,-0.000166163,-0.000155442,-0.000142119,-0.000124946,-0.000107692
-0.000175941,-0.00017721,-0.000177277,-0.000176442,-0.000174269,-0.000169832,-0.000162597,-0.000152163,-0.000139035,-0.000122212,-0.000105282
-0.000171795,-0.000173122,-0.000173163,-0.000172443,-0.000170378,-0.000166075,-0.000159016,-0.000148806,-0.000135974,-0.000119464,-0.00010288
-0.000167984,-0.000169205,-0.000169324,-0.000168687,-0.000166671,-0.000162523,-0.000155704,-0.000145698,-0.000133089,-0.000116328,-0.00010061
-0.000164011,-0.000165276,-0.00016542,-0.000164858,-0.000162934,-0.000158924,-0.00015222,-0.000142448,-0.000130135,-0.000114228,-9.8299e-05
-0.000160367,-0.000161621,-0.000161859,-0.000161307,-0.000159498,-0.000155593,-0.000149082,-0.000139494,-0.000127405,-0.000111802,-9.6186e-05
-0.000156643,-0.000157989,-0.000158196,-0.000157765,-0.000156049,-0.000152235,-0.000145866,-0.000136496,-0.000124673,-0.000109338,-9.40332e-05
-0.000153048,-0.000154388,-0.000154629,-0.000154241,-0.000152575,-0.000148925,-0.000142711,-0.000133528,-0.000121936,-0.000106909,-9.19043e-05
-0.000149755,-0.000150949,-0.000151246,-0.00015094,-0.000149331,-0.000145787,-0.00013977,-0.000130712,-0.000119389,-0.000104609,-8.99172e-05
-0.000146184,-0.000147506,-0.000147867,-0.000147577,-0.000146047,-0.000142616,-0.000136692,-0.000128152,-0.000116805,-0.000102321,-8.79186e-05
-0.000142918,-0.000144185,-0.000144571,-0.000144352,-0.000142869,-0.000139583,-0.000133806,-0.000125185,-0.000114318,-0.000100068,-8.59407e-05
-0.000139801,-0.000141018,-0.000141439,-0.000141267,-0.000139862,-0.000136666,-0.000131048,-0.000122591,-0.000111898,-9.79484e-05,-8.41037e-05
-0.00013664,-0.000137841,-0.000138297,-0.000138183,-0.000136825,-0.000133738,-0.000128253,-0.00011998,-0.000109489,-9.5807e-05,-8.22385e-05
-0.000133608,-0.000134785,-0.000135279,-0.000135201,-0.000133914,-0.000130926,-0.000125574,-0.000117464,-0.000107185,-9.37681e-05,-8.04552e-05
-0.000130582,-0.00013183,-0.000132326,-0.000132316,-0.000131065,-0.000128185,-0.000122946,-0.000115006,-0.000104922,-9.17551e-05,-7.87229e-05
-0.00012778,-0.000128901,-0.000129436,-0.000129452,-0.000128266,-0.000125474,-0.000120345,-0.000112564,-0.000102712,-8.9786e-05,-7.6998e-05
-0.000124932,-0.000126077,-0.000126628,-0.000126681,-0.000125534,-0.000122835,-0.000117845,-0.000110234,-0.000100537,-8.78644e-05,-7.53313e-05
-0.00012216,-0.000123264,-0.00012387,-0.000123955,-0.000122842,-0.000120262,-0.000115389,-0.000107944,-9.84192e-05,-8.5987e-05,-7.36815e-05
-0.000119395,-0.000120564,-0.000121116,-0.000121279,-0.000120201,-0.000117707,-0.00011294,-0.000105634,-9.63739e-05,-8.41178e-05,-7.20713e-05
-0.00011681,-0.000117918,-0.000118521,-0.000118707,-0.000117678,-0.000115271,-0.000110612,-0.00010345,-9.43189e-05,-8.23619e-05,-7.05222e-05
-0.000114305,-0.000115376,-0.000116026,-0.00011624,-0.000115224,-0.000112909,-0.000108357,-0.000101351,-9.23834e-05,-8.06476e-05,-6.90299e-05
-0.000111781,-0.000112909,-0.000113541,-0.000113807,-0.00011283,-0.000110601,-0.000106158,-9.92838e-05,-9.04755e-05,-7.89867e-05,-6.75782e-05
-0.000109441,-0.000110485,-0.000111165,-0.000111435,-0.000110509,-0.000108336,-0.000104009,-9.72618e-05,-8.86198e-05,-7.7347e-05,-6.61532e-05
-0.000106975,-0.000107981,-0.00010866,-0.000108992,-0.000108102,-0.000106003,-0.000101776,-9.51658e-05,-8.66947e-05,-7.56416e-05,-6.46731e-05
-0.000104699,-0.000105672,-0.000106347,-0.000106705,-0.000105879,-0.000103831,-9.96895e-05,-9.32226e-05,-8.49215e-05,-7.40829e-05,-6.33092e-05
-0.000102384,-0.000103343,-0.000104062,-0.000104436,-0.000103614,-0.000101665,-9.76249e-05,-9.12778e-05,-8.31309e-05,-7.25117e-05,-6.19408e-05
-0.000100209,-0.000101153,-0.000101872,-0.000102282,-0.000101476,-9.96047e-05,-9.56471e-05,-8.94235e-05,-8.14296e-05,-7.1013e-05,-6.06425e-05
-9.80946e-05,-9.90044e-05,-9.97441e-05,-0.00010017,-9.94023e-05,-9.75927e-05,-9.373e-05,-8.76272e-05,-7.96804e-05,-6.95704e-05,-5.93794e-05
-9.60017e-05,-9.69134e-05,-9.76418e-05,-9.81038e-05,-9.73681e-05,-9.56269e-05,-9.18485e-05,-8.58597e-05,-7.81476e-05,-6.81465e-05,-5.81326e-05
-9.39411e-05,-9.48625e-05,-9.5599e-05,-9.60835e-05,-9.53617e-05,-9.36851e-05,-8.99911e-05,-8.40718e-05,-7.65483e-05,-6.67553e-05,-5.69243e-05
-9.19613e-05,-9.28194e-05,-9.35636e-05,-9.40775e-05,-9.33858e-05,-9.17657e-05,-8.8151e-05,-8.23993e-05,-7.49735e-05,-6.53724e-05,-5.57117e-05
-9.00145e-05,-9.08401e-05,-9.15828e-05,-9.21195e-05,-9.14436e-05,-8.98962e-05,-8.63626e-05,-8.07133e-05,-7.34219e-05,-6.40153e-05,-5.45299e-05
-8.8144e-05,-8.89494e-05,-8.97392e-05,-9.02861e-05,-8.96386e-05,-8.81293e-05,-8.46752e-05,-7.91412e-05,-7.19827e-05,-6.27423e-05,-5.34178e-05
-8.63136e-05,-8.70643e-05,-8.78585e-05,-8.84254e-05,-8.77861e-05,-8.63555e-05,-8.29749e-05,-7.75333e-05,-7.05037e-05,-6.14618e-05,-5.23157e-05
-8.44114e-05,-8.51682e-05,-8.59789e-05,-8.65755e-05,-8.59532e-05,-8.45702e-05,-8.12628e-05,-7.59395e-05,-6.90364e-05,-6.01829e-05,-5.11896e-05
-8.26635e-05,-8.34201e-05,-8.42343e-05,-8.48417e-05,-8.42397e-05,-8.29058e-05,-7.96697e-05,-7.44501e-05,-6.76754e-05,-5.89918e-05,-5.01429e-05
-8.09545e-05,-8.17107e-05,-8.25319e-05,-8.31493e-05,-8.25731e-05,-8.1283e-05,-7.81146e-05,-7.2994e-05,-6.63234e-05,-5.78213e-05,-4.91267e-05
-7.9283e-05,-7.99524e-05,-8.07986e-05,-8.14364e-05,-8.08675e-05,-7.96398e-05,-7.65441e-05,-7.15136e-05,-6.49569e-05,-5.66474e-05,-4.80836e-05
-7.75963e-05,-7.82725e-05,-7.90993e-05,-7.97572e-05,-7.92122e-05,-7.80282e-05,-7.49943e-05,-7.00617e-05,-6.36276e-05,-5.54836e-05,-4.70718e-05
-7.60235e-05,-7.66818e-05,-7.75196e-05,-7.81794e-05,-7.76508e-05,-7.65122e-05,-7.35513e-05,-6.87049e-05,-6.23809e-05,-5.44026e-05,-4.61202e-05
-7.44437e-05,-7.50751e-05,-7.5906e-05,-7.65964e-05,-7.6084e-05,-7.4985e-05,-7.20792e-05,-6.73309e-05,-6.11146e-05,-5.33001e-05,-4.51651e-05
-7.28539e-05,-7.35027e-05,-7.43287e-05,-7.50307e-05,-7.45248e-05,-7.34804e-05,-7.06376e-05,-6.59745e-05,-5.98694e-05,-5.2217e-05,-4.42128e-05
-7.14039e-05,-7.20329e-05,-7.28573e-05,-7.3579e-05,-7.30876e-05,-7.2082e-05,-6.92994e-05,-6.47147e-05,-5.87147e-05,-5.12124e-05,-4.3327e-05
-6.99088e-05,-7.05127e-05,-7.13575e-05,-7.20777e-05,-7.16007e-05,-7.06379e-05,-6.79107e-05,-6.34175e-05,-5.75213e-05,-5.0182e-05,-4.24266e-05
-6.84585e-05,-6.90608e-05,-6.99246e-05,-7.06467e-05,-7.01845e-05,-6.92586e-05,-6.65889e-05,-6.21797e-05,-5.63799e-05,-4.9193e-05,-4.15599e-05
-6.71318e-05,-6.76824e-05,-6.85324e-05,-6.92743e-05,-6.88265e-05,-6.793e-05,-6.53231e-05,-6.09927e-05,-5.52788e-05,-4.82467e-05,-4.07235e-05
-6.56984e-05,-6.63097e-05,-6.71655e-05,-6.79186e-05,-6.74684e-05,-6.66301e-05,-6.40647e-05,-5.98106e-05,-5.4198e-05,-4.73011e-05,-3.98919e-05
-6.44281e-05,-6.49869e-05,-6.57957e-05,-6.65817e-05,-6.61404e-05,-6.53355e-05,-6.2815e-05,-5.86455e-05,-5.31242e-05,-4.63733e-05,-3.90762e-05
-6.30586e-05,-6.36333e-05,-6.44735e-05,-6.52489e-05,-6.48226e-05,-6.40455e-05,-6.15856e-05,-5.74907e-05,-5.20652e-05,-4.54534e-05,-3.82654e-05
-6.17631e-05,-6.23357e-05,-6.31876e-05,-6.3959e-05,-6.35468e-05,-6.28003e-05,-6.03896e-05,-5.63629e-05,-5.10315e-05,-4.45579e-05,-3.7481e-05
-6.05586e-05,-6.10759e-05,-6.19168e-05,-6.27048e-05,-6.23039e-05,-6.15884e-05,-5.92297e-05,-5.5272e-05,-5.00302e-05,-4.36907e-05,-3.67194e-05
-5.92648e-05,-5.98864e-05,-6.071e-05,-6.1507e-05,-6.11024e-05,-6.04304e-05,-5.8109e-05,-5.42243e-05,-4.90626e-05,-4.28551e-05,-3.59839e-05
-5.81698e-05,-5.86611e-05,-5.95055e-05,-6.03137e-05,-5.99211e-05,-5.92756e-05,-5.69982e-05,-5.31769e-05,-4.81111e-05,-4.20206e-05,-3.52562e-05
-5.70055e-05,-5.74983e-05,-5.83342e-05,-5.91334e-05,-5.87511e-05,-5.81281e-05,-5.59043e-05,-5.21563e-05,-4.7162e-05,-4.12068e-05,-3.45405e-05
-5.58867e-05,-5.63572e-05,-5.71909e-05,-5.79912e-05,-5.76243e-05,-5.70245e-05,-5.48453e-05,-5.11588e-05,-4.62528e-05,-4.04105e-05,-3.3849e-05
-5.47369e-05,-5.52292e-05,-5.60625e-05,-5.68704e-05,-5.65101e-05,-5.59365e-05,-5.38006e-05,-5.01761e-05,-4.53491e-05,-3.96277e-05,-3.31654e-05
-5.35864e-05,-5.41232e-05,-5.49516e-05,-5.5769e-05,-5.5414e-05,-5.48692e-05,-5.27674e-05,-4.9208e-05,-4.44635e-05,-3.88526e-05,-3.24962e-05
-5.25446e-05,-5.30719e-05,-5.3883e-05,-5.47093e-05,-5.43631e-05,-5.38453e-05,-5.17859e-05,-4.82785e-05,-4.36109e-05,-3.81105e-05,-3.18495e-05
-5.1466e-05,-5.20194e-05,-5.28437e-05,-5.36611e-05,-5.33412e-05,-5.28248e-05,-5.08012e-05,-4.73637e-05,-4.27699e-05,-3.73773e-05,-3.12155e-05
-5.04186e-05,-5.10001e-05,-5.18156e-05,-5.26415e-05,-5.23112e-05,-5.18328e-05,-4.98504e-05,-4.64671e-05,-4.19486e-05,-3.66584e-05,-3.05933e-05
-4.9472e-05,-5.00209e-05,-5.08198e-05,-5.16416e-05,-5.13239e-05,-5.08666e-05,-4.89272e-05,-4.55893e-05,-4.11388e-05,-3.59569e-05,-2.99899e-05
-4.8469e-05,-4.90444e-05,-4.98354e-05,-5.06656e-05,-5.03464e-05,-4.99161e-05,-4.80078e-05,-4.47266e-05,-4.03505e-05,-3.52658e-05,-2.93954e-05
-4.74677e-05,-4.80753e-05,-4.88663e-05,-4.96941e-05,-4.93842e-05,-4.89703e-05,-4.71008e-05,-4.38724e-05,-3.95707e-05,-3.4573e-05,-2.88047e-05
-4.65516e-05,-4.71292e-05,-4.79274e-05,-4.87589e-05,-4.84452e-05,-4.80523e-05,-4.62165e-05,-4.30433e-05,-3.88052e-05,-3.39047e-05,-2.82275e-05
-4.55923e-05,-4.62151e-05,-4.70082e-05,-4.78416e-05,-4.75337e-05,-4.7165e-05,-4.53499e-05,-4.22374e-05,-3.80801e-05,-3.32482e-05,-2.76751e-05
-4.47429e-05,-4.53343e-05,-4.61244e-05,-4.69579e-05,-4.66561e-05,-4.62985e-05,-4.45369e-05,-4.1455e-05,-3.73597e-05,-3.26158e-05,-2.71367e-05
-4.38227e-05,-4.44512e-05,-4.52397e-05,-4.60626e-05,-4.57692e-05,-4.5429e-05,-4.36878e-05,-4.06694e-05,-3.66461e-05,-3.19751e-05,-2.65857e-05
-4.2961e-05,-4.36179e-05,-4.43838e-05,-4.52141e-05,-4.49229e-05,-4.46032e-05,-4.29075e-05,-3.99177e-05,-3.59345e-05,-3.13656e-05,-2.6073e-05
-4.21538e-05,-4.27542e-05,-4.35219e-05,-4.43544e-05,-4.40766e-05,-4.37657e-05,-4.20882e-05,-3.91553e-05,-3.52446e-05,-3.07546e-05,-2.55544e-05
-4.13365e-05,-4.19543e-05,-4.27373e-05,-4.35425e-05,-4.32655e-05,-4.29715e-05,-4.13231e-05,-3.84442e-05,-3.46228e-05,-3.01734e-05,-2.50605e-05
-4.05827e-05,-4.11642e-05,-4.19269e-05,-4.27358e-05,-4.24388e-05,-4.21861e-05,-4.05648e-05,-3.77298e-05,-3.39438e-05,-2.9598e-05,-2.45716e-05
-3.9761e-05,-4.03804e-05,-4.1122e-05,-4.19514e-05,-4.16869e-05,-4.14155e-05,-3.98451e-05,-3.70364e-05,-3.33089e-05,-2.90337e-05,-2.40936e-05
-3.90038e-05,-3.9612e-05,-4.0367e-05,-4.11785e-05,-4.09243e-05,-4.06657e-05,-3.91e-05,-3.63518e-05,-3.27055e-05,-2.84881e-05,-2.36291e-05
-3.82603e-05,-3.8868e-05,-3.96001e-05,-4.04224e-05,-4.01747e-05,-3.99235e-05,-3.83857e-05,-3.56835e-05,-3.20691e-05,-2.79422e-05,-2.31686e-05
-3.74999e-05,-3.81409e-05,-3.88565e-05,-3.96849e-05,-3.94305e-05,-3.92041e-05,-3.76728e-05,-3.50361e-05,-3.14705e-05,-2.7418e-05,-2.27252e-05
-3.67747e-05,-3.74204e-05,-3.81101e-05,-3.89494e-05,-3.8705e-05,-3.8485e-05,-3.70016e-05,-3.43823e-05,-3.08775e-05,-2.68894e-05,-2.2279e-05
-3.60281e-05,-3.67108e-05,-3.74205e-05,-3.82413e-05,-3.8001e-05,-3.77911e-05,-3.63318e-05,-3.37562e-05,-3.03061e-05,-2.63854e-05,-2.18507e-05
-3.53838e-05,-3.60371e-05,-3.67404e-05,-3.75558e-05,-3.7316e-05,-3.71204e-05,-3.5686e-05,-3.31478e-05,-2.97086e-05,-2.58852e-05,-2.14333e-05
-3.47124e-05,-3.53534e-05,-3.60882e-05,-3.68702e-05,-3.66372e-05,-3.64484e-05,-3.5036e-05,-3.25382e-05,-2.91929e-05,-2.54035e-05,-2.10186e-05
-3.40872e-05,-3.47077e-05,-3.54173e-05,-3.62138e-05,-3.59721e-05,-3.58029e-05,-3.43899e-05,-3.19582e-05,-2.86751e-05,-2.49337e-05,-2.06242e-05
-3.3419e-05,-3.40809e-05,-3.47659e-05,-3.55474e-05,-3.53412e-05,-3.51569e-05,-3.37926e-05,-3.13722e-05,-2.81239e-05,-2.44598e-05,-2.02238e-05
-3.27868e-05,-3.34586e-05,-3.41241e-05,-3.49148e-05,-3.46957e-05,-3.4536e-05,-3.31934e-05,-3.0793e-05,-2.76091e-05,-2.40056e-05,-1.98405e-05
-3.22458e-05,-3.28509e-05,-3.35168e-05,-3.42923e-05,-3.40774e-05,-3.39225e-05,-3.26034e-05,-3.02532e-05,-2.70865e-05,-2.35582e-05,-1.94642e-05
-3.14885e-05,-3.22412e-05,-3.29028e-05,-3.36717e-05,-3.3466e-05,-3.33172e-05,-3.20205e-05,-2.96926e-05,-2.66324e-05,-2.31333e-05,-1.9092e-05
-3.09642e-05,-3.16611e-05,-3.23161e-05,-3.30752e-05,-3.28581e-05,-3.27478e-05,-3.14264e-05,-2.91904e-05,-2.60898e-05,-2.27251e-05,-1.87339e-05
-3.03998e-05,-3.10932e-05,-3.17073e-05,-3.24859e-05,-3.22932e-05,-3.21575e-05,-3.08991e-05,-2.86408e-05,-2.56474e-05,-2.2301e-05,-1.83784e-05
-2.98036e-05,-3.05136e-05,-3.1156e-05,-3.19061e-05,-3.17154e-05,-3.15851e-05,-3.03483e-05,-2.81246e-05,-2.52082e-05,-2.1886e-05,-1.80295e-05
-2.9256e-05,-2.99981e-05,-3.06097e-05,-3.13506e-05,-3.1181e-05,-3.10342e-05,-2.9822e-05,-2.76258e-05,-2.46991e-05,-2.14728e-05,-1.7689e-05
-2.87061e-05,-2.94327e-05,-3.00539e-05,-3.07868e-05,-3.06063e-05,-3.04861e-05,-2.92883e-05,-2.71304e-05,-2.42726e-05,-2.10889e-05,-1.73526e-05
-2.81655e-05,-2.89083e-05,-2.95189e-05,-3.02516e-05,-3.00715e-05,-2.9976e-05,-2.87449e-05,-2.66861e-05,-2.38401e-05,-2.07121e-05,-1.70316e-05
-2.7473e-05,-2.83937e-05,-2.90008e-05,-2.97165e-05,-2.95504e-05,-2.94385e-05,-2.82782e-05,-2.61585e-05,-2.34082e-05,-2.02983e-05,-1.67118e-05
-2.71565e-05,-2.78876e-05,-2.84785e-05,-2.91984e-05,-2.90306e-05,-2.8924e-05,-2.77777e-05,-2.57203e-05,-2.29515e-05,-1.99442e-05,-1.63996e-05
-2.66519e-05,-2.73922e-05,-2.7972e-05,-2.86878e-05,-2.8502e-05,-2.84225e-05,-2.73407e-05,-2.52661e-05,-2.25811e-05,-1.95777e-05,-1.60941e-05
-2.62342e-05,-2.69217e-05,-2.74787e-05,-2.81924e-05,-2.80355e-05,-2.79342e-05,-2.68226e-05,-2.48237e-05,-2.21716e-05,-1.92256e-05,-1.5792e-05
-2.56729e-05,-2.6437e-05,-2.70019e-05,-2.76961e-05,-2.75484e-05,-2.74728e-05,-2.63611e-05,-2.4403e-05,-2.17834e-05,-1.8884e-05,-1.55007e-05
-2.52444e-05,-2.59733e-05,-2.65078e-05,-2.72198e-05,-2.70989e-05,-2.69785e-05,-2.59006e-05,-2.39633e-05,-2.13894e-05,-1.85358e-05,-1.52147e-05
-2.47581e-05,-2.55098e-05,-2.60831e-05,-2.67545e-05,-2.6609e-05,-2.65167e-05,-2.55052e-05,-2.35486e-05,-2.09852e-05,-1.81986e-05,-1.49336e-05
-2.43199e-05,-2.50749e-05,-2.56073e-05,-2.62856e-05,-2.61206e-05,-2.60594e-05,-2.5021e-05,-2.31314e-05,-2.06344e-05,-1.78576e-05,-1.46541e-05
-2.38801e-05,-2.46328e-05,-2.51645e-05,-2.58338e-05,-2.57001e-05,-2.56144e-05,-2.45878e-05,-2.27272e-05,-2.02289e-05,-1.75464e-05,-1.43839e-05
-2.34531e-05,-2.42103e-05,-2.47297e-05,-2.53955e-05,-2.52656e-05,-2.52018e-05,-2.41214e-05,-2.23784e-05,-1.9914e-05,-1.72406e-05,-1.41222e-05
-2.30223e-05,-2.37847e-05,-2.43109e-05,-2.49567e-05,-2.48322e-05,-2.47484e-05,-2.37542e-05,-2.19495e-05,-1.9607e-05,-1.69168e-05,-1.38609e-05
-2.26259e-05,-2.33862e-05,-2.38804e-05,-2.45303e-05,-2.44107e-05,-2.43287e-05,-2.33474e-05,-2.15694e-05,-1.91854e-05,-1.66127e-05,-1.36051e-05
-2.2243e-05,-2.29837e-05,-2.34644e-05,-2.41135e-05,-2.4037e-05,-2.39222e-05,-2.29525e-05,-2.12002e-05,-1.88857e-05,-1.63179e-05,-1.33583e-05
-2.16969e-05,-2.25719e-05,-2.30746e-05,-2.37034e-05,-2.35962e-05,-2.3517e-05,-2.25679e-05,-2.08094e-05,-1.86017e-05,-1.60351e-05,-1.3115e-05
-2.14336e-05,-2.22021e-05,-2.26947e-05,-2.33068e-05,-2.32e-05,-2.31444e-05,-2.21317e-05,-2.0526e-05,-1.82347e-05,-1.57569e-05,-1.28771e-05
-2.10447e-05,-2.18287e-05,-2.22975e-05,-2.29107e-05,-2.2811e-05,-2.27315e-05,-2.18065e-05,-2.01307e-05,-1.79113e-05,-1.54631e-05,-1.26393e-05
-2.07315e-05,-2.14557e-05,-2.19267e-05,-2.25253e-05,-2.24289e-05,-2.23509e-05,-2.14384e-05,-1.97855e-05,-1.75685e-05,-1.5188e-05,-1.24116e-05
-2.03198e-05,-2.10936e-05,-2.15438e-05,-2.21462e-05,-2.20511e-05,-2.19757e-05,-2.10811e-05,-1.94503e-05,-1.72986e-05,-1.49134e-05,-1.21824e-05
-1.99657e-05,-2.07329e-05,-2.11907e-05,-2.17761e-05,-2.16869e-05,-2.16128e-05,-2.07256e-05,-1.91225e-05,-1.70019e-05,-1.46654e-05,-1.19641e-05
-1.96153e-05,-2.03922e-05,-2.08497e-05,-2.14174e-05,-2.13649e-05,-2.12769e-05,-2.03228e-05,-1.88428e-05,-1.67114e-05,-1.44054e-05,-1.17478e-05
-1.92915e-05,-2.00368e-05,-2.04848e-05,-2.10582e-05,-2.09419e-05,-2.09016e-05,-2.00353e-05,-1.84904e-05,-1.64269e-05,-1.41596e-05,-1.154e-05
-1.89484e-05,-1.97102e-05,-2.0133e-05,-2.07032e-05,-2.0626e-05,-2.05499e-05,-1.97012e-05,-1.81666e-05,-1.61365e-05,-1.38976e-05,-1.13263e-05
-1.86027e-05,-1.93939e-05,-1.97914e-05,-2.03525e-05,-2.02945e-05,-2.01902e-05,-1.93728e-05,-1.77845e-05,-1.59047e-05,-1.36401e-05,-1.11217e-05
-1.83101e-05,-1.90738e-05,-1.9474e-05,-2.00255e-05,-1.99554e-05,-1.98788e-05,-1.90553e-05,-1.7563e-05,-1.55982e-05,-1.34248e-05,-1.09259e-05
-1.79783e-05,-1.87412e-05,-1.91602e-05,-1.96944e-05,-1.96302e-05,-1.95805e-05,-1.86805e-05,-1.73221e-05,-1.53301e-05,-1.31985e-05,-1.07313e-05
-1.76796e-05,-1.84298e-05,-1.88311e-05,-1.93667e-05,-1.92672e-05,-1.92308e-05,-1.84296e-05,-1.69832e-05,-1.50161e-05,-1.29531e-05,-1.05373e-05
-1.74018e-05,-1.81543e-05,-1.85643e-05,-1.9054e-05,-1.89956e-05,-1.89208e-05,-1.81291e-05,-1.67059e-05,-1.48179e-05,-1.27312e-05,-1.0354e-05
-1.70085e-05,-1.78275e-05,-1.82223e-05,-1.8742e-05,-1.87363e-05,-1.85839e-05,-1.78381e-05,-1.63767e-05,-1.46559e-05,-1.24824e-05,-1.01688e-05
-1.6783e-05,-1.75429e-05,-1.79514e-05,-1.84352e-05,-1.83896e-05,-1.83041e-05,-1.75336e-05,-1.61518e-05,-1.43206e-05,-1.22979e-05,-9.98665e-06
-1.6519e-05,-1.7254e-05,-1.76156e-05,-1.8133e-05,-1.80913e-05,-1.80348e-05,-1.72486e-05,-1.594e-05,-1.40892e-05,-1.20994e-05,-9.81266e-06
-1.62048e-05,-1.69758e-05,-1.7351e-05,-1.7834e-05,-1.77983e-05,-1.77133e-05,-1.69653e-05,-1.56224e-05,-1.38e-05,-1.18672e-05,-9.63396e-06
-1.59467e-05,-1.67133e-05,-1.70458e-05,-1.75437e-05,-1.7511e-05,-1.74261e-05,-1.67513e-05,-1.53693e-05,-1.36168e-05,-1.16693e-05,-9.46562e-06
-1.56843e-05,-1.64263e-05,-1.67779e-05,-1.72601e-05,-1.72349e-05,-1.71189e-05,-1.64191e-05,-1.50639e-05,-1.33688e-05,-1.14805e-05,-9.29565e-06
-1.54253e-05,-1.61542e-05,-1.65045e-05,-1.69804e-05,-1.69562e-05,-1.68674e-05,-1.61511e-05,-1.48627e-05,-1.31633e-05,-1.13094e-05,-9.13204e-06
-1.51404e-05,-1.5889e-05,-1.62427e-05,-1.67079e-05,-1.67321e-05,-1.66271e-05,-1.58271e-05,-1.46783e-05,-1.29453e-05,-1.11268e-05,-8.97504e-06
-1.48855e-05,-1.56548e-05,-1.59798e-05,-1.64328e-05,-1.64219e-05,-1.63319e-05,-1.56325e-05,-1.4345e-05,-1.26832e-05,-1.08853e-05,-8.81777e-06
-1.46588e-05,-1.54065e-05,-1.57312e-05,-1.61778e-05,-1.61625e-05,-1.60701e-05,-1.5378e-05,-1.41508e-05,-1.25179e-05,-1.07012e-05,-8.66479e-06
-1.44373e-05,-1.51611e-05,-1.54922e-05,-1.59191e-05,-1.59076e-05,-1.57834e-05,-1.51369e-05,-1.38639e-05,-1.23516e-05,-1.04918e-05,-8.50686e-06
-1.41777e-05,-1.49024e-05,-1.5223e-05,-1.56615e-05,-1.56087e-05,-1.55601e-05,-1.48915e-05,-1.36989e-05,-1.21081e-05,-1.03488e-05,-8.35949e-06
-1.39557e-05,-1.46697e-05,-1.49623e-05,-1.54119e-05,-1.54123e-05,-1.53465e-05,-1.45819e-05,-1.35376e-05,-1.19145e-05,-1.01954e-05,-8.22063e-06
-1.3724e-05,-1.44205e-05,-1.47445e-05,-1.51651e-05,-1.51633e-05,-1.50698e-05,-1.44162e-05,-1.32578e-05,-1.17141e-05,-9.99217e-06,-8.07393e-06
-1.3533e-05,-1.41939e-05,-1.45114e-05,-1.49248e-05,-1.49271e-05,-1.48311e-05,-1.41856e-05,-1.30396e-05,-1.15227e-05,-9.81217e-06,-7.92623e-06
-1.32945e-05,-1.3985e-05,-1.42869e-05,-1.46883e-05,-1.47437e-05,-1.45692e-05,-1.39627e-05,-1.27816e-05,-1.13781e-05,-9.64306e-06,-7.79195e-06
-1.30474e-05,-1.37574e-05,-1.40572e-05,-1.44578e-05,-1.44634e-05,-1.43663e-05,-1.37385e-05,-1.26277e-05,-1.11544e-05,-9.4976e-06,-7.65834e-06
-1.27905e-05,-1.3543e-05,-1.38372e-05,-1.42232e-05,-1.42435e-05,-1.41743e-05,-1.34606e-05,-1.24403e-05,-1.10244e-05,-9.3527e-06,-7.52979e-06
-1.26565e-05,-1.33326e-05,-1.36176e-05,-1.40067e-05,-1.40212e-05,-1.39227e-05,-1.33093e-05,-1.22327e-05,-1.07885e-05,-9.18804e-06,-7.399e-06
-1.2423e-05,-1.31258e-05,-1.34067e-05,-1.37874e-05,-1.38035e-05,-1.37017e-05,-1.30991e-05,-1.20366e-05,-1.06135e-05,-9.03703e-06,-7.2691e-06
-1.2278e-05,-1.29192e-05,-1.32079e-05,-1.35687e-05,-1.35905e-05,-1.34595e-05,-1.2894e-05,-1.17908e-05,-1.0485e-05,-8.86477e-06,-7.13911e-06
-1.20505e-05,-1.26855e-05,-1.29983e-05,-1.33578e-05,-1.33774e-05,-1.32761e-05,-1.26864e-05,-1.16564e-05,-1.02794e-05,-8.72075e-06,-7.01257e-06
-1.18038e-05,-1.24998e-05,-1.27815e-05,-1.31551e-05,-1.32225e-05,-1.31014e-05,-1.24231e-05,-1.15282e-05,-1.00729e-05,-8.59068e-06,-6.89913e-06
-1.16574e-05,-1.23013e-05,-1.25818e-05,-1.29452e-05,-1.29665e-05,-1.28664e-05,-1.22917e-05,-1.12921e-05,-9.95209e-06,-8.43347e-06,-6.77645e-06
-1.14541e-05,-1.21437e-05,-1.23939e-05,-1.27459e-05,-1.27687e-05,-1.26652e-05,-1.20993e-05,-1.11128e-05,-9.79245e-06,-8.29046e-06,-6.66364e-06
-1.12822e-05,-1.19357e-05,-1.22045e-05,-1.25435e-05,-1.25715e-05,-1.24703e-05,-1.1911e-05,-1.09391e-05,-9.63503e-06,-8.15814e-06,-6.54792e-06
-1.11218e-05,-1.17387e-05,-1.20134e-05,-1.2351e-05,-1.23813e-05,-1.22779e-05,-1.17251e-05,-1.07649e-05,-9.48272e-06,-8.02374e-06,-6.43845e-06
-1.09317e-05,-1.15769e-05,-1.18292e-05,-1.21639e-05,-1.21916e-05,-1.212e-05,-1.14781e-05,-1.06525e-05,-9.33972e-06,-7.90983e-06,-6.33166e-06
-1.07616e-05,-1.13735e-05,-1.16452e-05,-1.19708e-05,-1.20036e-05,-1.1901e-05,-1.1363e-05,-1.04329e-05,-9.18221e-06,-7.76071e-06,-6.2183e-06
-1.05991e-05,-1.12218e-05,-1.14508e-05,-1.17914e-05,-1.17745e-05,-1.17232e-05,-1.12516e-05,-1.02832e-05,-9.04952e-06,-7.6526e-06,-6.11841e-06
-1.03805e-05,-1.1025e-05,-1.13053e-05,-1.16005e-05,-1.16433e-05,-1.15427e-05,-1.10179e-05,-1.00717e-05,-8.89614e-06,-7.50906e-06,-6.01186e-06
-1.02438e-05,-1.08468e-05,-1.11273e-05,-1.14268e-05,-1.14623e-05,-1.13623e-05,-1.08435e-05,-9.9529e-06,-8.75405e-06,-7.3838e-06,-5.90892e-06
-1.01187e-05,-1.06777e-05,-1.09501e-05,-1.12594e-05,-1.129e-05,-1.122e-05,-1.06141e-05,-9.85464e-06,-8.62066e-06,-7.28121e-06,-5.80842e-06
-9.91556e-06,-1.05116e-05,-1.07749e-05,-1.10877e-05,-1.11228e-05,-1.1021e-05,-1.05214e-05,-9.64918e-06,-8.48324e-06,-7.13681e-06,-5.70677e-06
-9.79782e-06,-1.038e-05,-1.06113e-05,-1.09169e-05,-1.09512e-05,-1.08544e-05,-1.03559e-05,-9.50068e-06,-8.35162e-06,-7.03228e-06,-5.6107e-06
-9.61536e-06,-1.01904e-05,-1.04594e-05,-1.075e-05,-1.07812e-05,-1.06882e-05,-1.01953e-05,-9.35275e-06,-8.21872e-06,-6.91272e-06,-5.51419e-06
-9.46694e-06,-1.00433e-05,-1.02978e-05,-1.05912e-05,-1.06245e-05,-1.05305e-05,-1.00417e-05,-9.20651e-06,-8.03767e-06,-6.79474e-06,-5.41754e-06
-9.31492e-06,-9.8646e-06,-1.01407e-05,-1.04324e-05,-1.05104e-05,-1.03994e-05,-9.82701e-06,-9.1207e-06,-7.97258e-06,-6.70922e-06,-5.33178e-06
-9.2021e-06,-9.70654e-06,-9.98676e-06,-1.02711e-05,-1.02994e-05,-1.02116e-05,-9.73577e-06,-8.9286e-06,-7.83935e-06,-6.58722e-06,-5.24325e-06
-8.97259e-06,-9.57165e-06,-9.83544e-06,-1.01072e-05,-1.01453e-05,-1.00587e-05,-9.5892e-06,-8.74871e-06,-7.71521e-06,-6.4776e-06,-5.15398e-06
-8.90075e-06,-9.42631e-06,-9.69798e-06,-9.96383e-06,-9.99476e-06,-9.90776e-06,-9.44501e-06,-8.65805e-06,-7.59746e-06,-6.37669e-06,-5.06839e-06
-8.75092e-06,-9.29318e-06,-9.55687e-06,-9.81218e-06,-9.84204e-06,-9.75801e-06,-9.30081e-06,-8.52353e-06,-7.47888e-06,-6.27018e-06,-4.98333e-06
-8.61506e-06,-9.14934e-06,-9.40229e-06,-9.66731e-06,-9.69695e-06,-9.6417e-06,-9.10301e-06,-8.44597e-06,-7.36754e-06,-6.22406e-06,-4.90315e-06
