0.0004128,0.000412153,0.000392639,0.000384426,0.000374366,0.000350895,0.000342641,0.000329106,0.000307728,0.000284564,0.000266076
0.000381722,0.00038421,0.000368256,0.000358328,0.000348972,0.000329107,0.000324236,0.000303408,0.000283892,0.000263741,0.000251121
0.00035966,0.000363375,0.000340053,0.000333366,0.000328202,0.000305772,0.000301985,0.00028414,0.000268182,0.000248494,0.000232763
0.000337766,0.000340454,0.00032024,0.000317174,0.000306646,0.00028826,0.000283759,0.000262909,0.000249541,0.000231341,0.000220604
0.000319212,0.000320315,0.000301731,0.000299491,0.000289369,0.000271781,0.000268009,0.000246617,0.000235043,0.000218002,0.000208164
0.000301903,0.000301127,0.000285297,0.000282869,0.000273863,0.000257915,0.000254689,0.000231976,0.000221439,0.000206281,0.000197915
0.000287122,0.000285163,0.000270507,0.000269215,0.000260042,0.000242677,0.000240095,0.000220145,0.00021024,0.000195416,0.000185913
0.000273449,0.000269169,0.000257522,0.000255677,0.000248139,0.000229933,0.00022766,0.00020943,0.000199455,0.000185733,0.000175854
0.000259809,0.000255839,0.000245004,0.000243836,0.000235448,0.000217735,0.000216155,0.000199631,0.000189685,0.000176873,0.000166984
0.000246812,0.000242868,0.000234326,0.000233351,0.000224736,0.000206281,0.00020588,0.000191222,0.000181476,0.000169117,0.000158937
0.000235948,0.000231556,0.000223667,0.000221931,0.000212991,0.000196523,0.000196609,0.000183283,0.000172582,0.000162124,0.00015123
0.000225057,0.000221532,0.000213531,0.000211883,0.000204045,0.000188487,0.000185605,0.000175114,0.000165301,0.000155253,0.000144177
0.000215027,0.00021148,0.000206297,0.000203187,0.000195282,0.000179344,0.000178586,0.000167921,0.000157261,0.000147901,0.000138072
0.000205164,0.000203991,0.000197398,0.000193406,0.000186358,0.000171698,0.000171177,0.000161328,0.000150904,0.000142007,0.000132405
0.000196665,0.000194965,0.000189337,0.000185483,0.000177951,0.00016516,0.000163139,0.000154802,0.000144303,0.000136245,0.000126907
0.000188825,0.000186535,0.000181443,0.000178288,0.000168953,0.000158393,0.000157231,0.000149577,0.000138836,0.000132384,0.000121662
0.00018086,0.000181475,0.000176215,0.000170665,0.000163662,0.000152488,0.000150357,0.000143413,0.000132803,0.000125541,0.00011758
0.000173319,0.000173529,0.000168143,0.000163108,0.000157587,0.000147412,0.000144732,0.000138354,0.000128459,0.000121801,0.000112914
0.000165448,0.000166709,0.000161311,0.000156341,0.0001513,0.000142266,0.000138556,0.000132832,0.00012373,0.000116668,0.000109184
0.000159655,0.000160952,0.000155134,0.000149932,0.000145475,0.000137408,0.000133214,0.000128468,0.00011946,0.000113269,0.000105164
0.000153166,0.000154412,0.000149704,0.000144319,0.000140033,0.000132618,0.000128125,0.000123558,0.000115012,0.000108574,0.000101354
0.000148186,0.000149486,0.000144848,0.000138406,0.000134574,0.000127901,0.000123993,0.000119504,0.000111043,0.000105347,9.70126e-05
0.000143069,0.000143308,0.000140805,0.000133712,0.000128806,0.000123919,0.00011858,0.00011481,0.000106905,0.000101318,9.38261e-05
0.000138213,0.000138576,0.000135086,0.000128786,0.000125154,0.000119654,0.000114981,0.000112107,0.000103196,9.84901e-05,9.00871e-05
0.000133515,0.000132464,0.000130477,0.000124282,0.000120487,0.000115611,0.000110328,0.000106765,9.93666e-05,9.4189e-05,8.74619e-05
0.000128564,0.000128722,0.000125257,0.000119502,0.000116385,0.000111993,0.000106829,0.000104042,9.62881e-05,9.18363e-05,8.41905e-05
0.000123861,0.000123338,0.000121193,0.000115391,0.000112369,0.000107993,0.000103073,0.000100588,9.34416e-05,8.873e-05,8.13467e-05
0.00011974,0.000119877,0.000116729,0.000110727,0.000108813,0.000104791,9.95061e-05,9.74829e-05,8.99989e-05,8.59851e-05,7.89104e-05
0.000115711,0.000114652,0.000113001,0.000107156,0.000104803,0.000100869,9.66269e-05,9.40535e-05,8.73282e-05,8.2924e-05,7.61544e-05
0.000111969,0.000111232,0.000108625,0.000103567,0.000102369,9.84721e-05,9.36053e-05,9.14086e-05,8.44719e-05,8.06904e-05,7.38542e-05
0.000107345,0.000106725,0.00010558,0.000100052,9.83796e-05,9.45802e-05,9.03393e-05,8.82072e-05,8.1869e-05,7.78691e-05,7.16071e-05
0.000103653,0.000103679,0.000101205,9.64034e-05,9.51701e-05,9.11776e-05,8.73973e-05,8.51685e-05,7.88461e-05,7.52943e-05,6.91552e-05
0.000100352,9.96651e-05,9.78717e-05,9.28829e-05,9.20867e-05,8.83372e-05,8.47454e-05,8.24436e-05,7.63784e-05,7.29209e-05,6.70539e-05
9.6561e-05,9.60329e-05,9.46303e-05,8.96574e-05,8.94135e-05,8.5806e-05,8.20885e-05,7.96284e-05,7.3903e-05,7.05985e-05,6.52512e-05
9.34407e-05,9.27877e-05,9.13082e-05,8.65173e-05,8.64387e-05,8.24694e-05,7.93469e-05,7.71086e-05,7.15813e-05,6.824e-05,6.3029e-05
9.03859e-05,8.90858e-05,8.81975e-05,8.34775e-05,8.32603e-05,7.95398e-05,7.70763e-05,7.43009e-05,6.93744e-05,6.59606e-05,6.10227e-05
8.71918e-05,8.66164e-05,8.45717e-05,8.0407e-05,8.07036e-05,7.69978e-05,7.43818e-05,7.20207e-05,6.68764e-05,6.37629e-05,5.92858e-05
8.40511e-05,8.33278e-05,8.16842e-05,7.75376e-05,7.80107e-05,7.44927e-05,7.1928e-05,6.93863e-05,6.47143e-05,6.16178e-05,5.73704e-05
8.08138e-05,7.99869e-05,7.89634e-05,7.5024e-05,7.59179e-05,7.17209e-05,6.96609e-05,6.72318e-05,6.25179e-05,5.94398e-05,5.56242e-05
7.77197e-05,7.76339e-05,7.58772e-05,7.28829e-05,7.35515e-05,6.89958e-05,6.72744e-05,6.51302e-05,6.05232e-05,5.74839e-05,5.37324e-05
7.56058e-05,7.44132e-05,7.31409e-05,6.97631e-05,7.07056e-05,6.68987e-05,6.49439e-05,6.259e-05,5.88814e-05,5.54128e-05,5.20156e-05
7.27366e-05,7.14917e-05,7.05032e-05,6.72513e-05,6.81966e-05,6.45568e-05,6.275e-05,6.03383e-05,5.67201e-05,5.35857e-05,5.05034e-05
7.05945e-05,6.90814e-05,6.79307e-05,6.52071e-05,6.59637e-05,6.27393e-05,6.06156e-05,5.84242e-05,5.5406e-05,5.17824e-05,4.89517e-05
6.77611e-05,6.62505e-05,6.52327e-05,6.26416e-05,6.35696e-05,6.00368e-05,5.82225e-05,5.60899e-05,5.30404e-05,4.98248e-05,4.71287e-05
6.53177e-05,6.4386e-05,6.34891e-05,6.05176e-05,6.1965e-05,5.87121e-05,5.60871e-05,5.41829e-05,5.17374e-05,4.83784e-05,4.61307e-05
6.26902e-05,6.13312e-05,6.04886e-05,5.82761e-05,5.9139e-05,5.56992e-05,5.41275e-05,5.22151e-05,4.95472e-05,4.64045e-05,4.40121e-05
6.08202e-05,5.9263e-05,5.82402e-05,5.6227e-05,5.71764e-05,5.40117e-05,5.2583e-05,5.04391e-05,4.83199e-05,4.51169e-05,4.26187e-05
5.78976e-05,5.68966e-05,5.57365e-05,5.40268e-05,5.52102e-05,5.16671e-05,5.0249e-05,4.85463e-05,4.61798e-05,4.3264e-05,4.09768e-05
5.58051e-05,5.41538e-05,5.3941e-05,5.22217e-05,5.26747e-05,4.96869e-05,4.81487e-05,4.67448e-05,4.46505e-05,4.15252e-05,3.95283e-05
5.36562e-05,5.20665e-05,5.16154e-05,5.01776e-05,5.06159e-05,4.78169e-05,4.65052e-05,4.48594e-05,4.31799e-05,4.02041e-05,3.81014e-05
5.14741e-05,4.99849e-05,4.9732e-05,4.82589e-05,4.88544e-05,4.60114e-05,4.46521e-05,4.33024e-05,4.15452e-05,3.86116e-05,3.6708e-05
4.93127e-05,4.79949e-05,4.7567e-05,4.61362e-05,4.70192e-05,4.43407e-05,4.33321e-05,4.15285e-05,4.00754e-05,3.7271e-05,3.55283e-05
4.73723e-05,4.59695e-05,4.55404e-05,4.46973e-05,4.53041e-05,4.26923e-05,4.15201e-05,4.0048e-05,3.8639e-05,3.5845e-05,3.41359e-05
4.5492e-05,4.42355e-05,4.38722e-05,4.26318e-05,4.33791e-05,4.0866e-05,3.99109e-05,3.84325e-05,3.71517e-05,3.47058e-05,3.28299e-05
4.35397e-05,4.24303e-05,4.20243e-05,4.0943e-05,4.17431e-05,3.92293e-05,3.82941e-05,3.69902e-05,3.5876e-05,3.33051e-05,3.14619e-05
4.18412e-05,4.07948e-05,4.04316e-05,3.9341e-05,4.01622e-05,3.77763e-05,3.67471e-05,3.55515e-05,3.48014e-05,3.21679e-05,3.02248e-05
4.01251e-05,3.92338e-05,3.88042e-05,3.77459e-05,3.82597e-05,3.61165e-05,3.52047e-05,3.40178e-05,3.3292e-05,3.09404e-05,2.9266e-05
3.84019e-05,3.73324e-05,3.72009e-05,3.61233e-05,3.67476e-05,3.46745e-05,3.39959e-05,3.27388e-05,3.19968e-05,2.98283e-05,2.81106e-05
3.67108e-05,3.58551e-05,3.55928e-05,3.46422e-05,3.5331e-05,3.33083e-05,3.26427e-05,3.14658e-05,3.08801e-05,2.86519e-05,2.70078e-05
3.51345e-05,3.45211e-05,3.41943e-05,3.32945e-05,3.39147e-05,3.1973e-05,3.14159e-05,3.02423e-05,2.97882e-05,2.76294e-05,2.59798e-05
3.35668e-05,3.33243e-05,3.26373e-05,3.17681e-05,3.28628e-05,3.07066e-05,3.02395e-05,2.91547e-05,2.87452e-05,2.6591e-05,2.50913e-05
3.23273e-05,3.16058e-05,3.15059e-05,3.05018e-05,3.11065e-05,2.94092e-05,2.9032e-05,2.78365e-05,2.75774e-05,2.56362e-05,2.40555e-05
3.08926e-05,3.03172e-05,3.02111e-05,2.92552e-05,2.98326e-05,2.82495e-05,2.78611e-05,2.68451e-05,2.65901e-05,2.46642e-05,2.31798e-05
2.96209e-05,2.91621e-05,2.9117e-05,2.80509e-05,2.86546e-05,2.72017e-05,2.68128e-05,2.57971e-05,2.57173e-05,2.38037e-05,2.22843e-05
2.8354e-05,2.79315e-05,2.78384e-05,2.69081e-05,2.74332e-05,2.60476e-05,2.57816e-05,2.48366e-05,2.46898e-05,2.29688e-05,2.15242e-05
2.74907e-05,2.71445e-05,2.6944e-05,2.58635e-05,2.66572e-05,2.53698e-05,2.50995e-05,2.42243e-05,2.42154e-05,2.23138e-05,2.08896e-05
2.61957e-05,2.57351e-05,2.59248e-05,2.48803e-05,2.52032e-05,2.40565e-05,2.38625e-05,2.30109e-05,2.30043e-05,2.1294e-05,2.00178e-05
2.50435e-05,2.48039e-05,2.4807e-05,2.38138e-05,2.42891e-05,2.32154e-05,2.30454e-05,2.21646e-05,2.22417e-05,2.05413e-05,1.94186e-05
2.40802e-05,2.37469e-05,2.38704e-05,2.29614e-05,2.32555e-05,2.23147e-05,2.22298e-05,2.14276e-05,2.14721e-05,1.98792e-05,1.87957e-05
2.30764e-05,2.28768e-05,2.30295e-05,2.20058e-05,2.24034e-05,2.15074e-05,2.14642e-05,2.07518e-05,2.0727e-05,1.91774e-05,1.80933e-05
2.21971e-05,2.20358e-05,2.21183e-05,2.11006e-05,2.16412e-05,2.07162e-05,2.07121e-05,2.01148e-05,2.00769e-05,1.85781e-05,1.74338e-05
2.12077e-05,2.1335e-05,2.13539e-05,2.03335e-05,2.08018e-05,1.99672e-05,1.99989e-05,1.93609e-05,1.9318e-05,1.79821e-05,1.69072e-05
2.06299e-05,2.0383e-05,2.06305e-05,1.96212e-05,1.99137e-05,1.92954e-05,1.93233e-05,1.86612e-05,1.86845e-05,1.74334e-05,1.64138e-05
1.98009e-05,1.97413e-05,1.98746e-05,1.8994e-05,1.93402e-05,1.85942e-05,1.87002e-05,1.81996e-05,1.81965e-05,1.6861e-05,1.59364e-05
1.90638e-05,1.9057e-05,1.90845e-05,1.82053e-05,1.86471e-05,1.80296e-05,1.8044e-05,1.75664e-05,1.76068e-05,1.63405e-05,1.54287e-05
1.8407e-05,1.85166e-05,1.8473e-05,1.76649e-05,1.8079e-05,1.74391e-05,1.75242e-05,1.69589e-05,1.70761e-05,1.57625e-05,1.49616e-05
1.78176e-05,1.76827e-05,1.78611e-05,1.70462e-05,1.73842e-05,1.68747e-05,1.69638e-05,1.65835e-05,1.6572e-05,1.53904e-05,1.45669e-05
1.7189e-05,1.7146e-05,1.72691e-05,1.64834e-05,1.68469e-05,1.63598e-05,1.64514e-05,1.60696e-05,1.60724e-05,1.48137e-05,1.41114e-05
1.65813e-05,1.66236e-05,1.66583e-05,1.59535e-05,1.63481e-05,1.58934e-05,1.59939e-05,1.56174e-05,1.55853e-05,1.44676e-05,1.37465e-05
1.60283e-05,1.605e-05,1.61527e-05,1.54593e-05,1.58088e-05,1.54096e-05,1.55431e-05,1.51812e-05,1.51335e-05,1.40187e-05,1.33308e-05
1.55607e-05,1.55094e-05,1.56198e-05,1.4978e-05,1.52963e-05,1.49821e-05,1.50723e-05,1.47686e-05,1.47395e-05,1.36556e-05,1.30127e-05
1.50076e-05,1.50547e-05,1.5125e-05,1.45486e-05,1.48671e-05,1.4542e-05,1.46671e-05,1.43803e-05,1.43369e-05,1.32502e-05,1.26247e-05
1.46043e-05,1.4573e-05,1.46789e-05,1.40108e-05,1.44682e-05,1.41609e-05,1.42748e-05,1.39709e-05,1.39303e-05,1.29271e-05,1.22247e-05
1.40885e-05,1.41843e-05,1.41904e-05,1.36902e-05,1.40487e-05,1.37804e-05,1.38936e-05,1.35925e-05,1.35267e-05,1.25785e-05,1.18954e-05
1.37345e-05,1.37193e-05,1.38025e-05,1.32478e-05,1.36116e-05,1.34071e-05,1.3492e-05,1.3246e-05,1.31525e-05,1.22226e-05,1.16404e-05
1.31758e-05,1.3275e-05,1.33401e-05,1.28557e-05,1.32591e-05,1.30448e-05,1.31571e-05,1.28973e-05,1.28113e-05,1.18455e-05,1.12848e-05
1.2896e-05,1.29138e-05,1.29444e-05,1.25241e-05,1.28684e-05,1.26953e-05,1.28311e-05,1.25953e-05,1.23984e-05,1.15527e-05,1.10335e-05
1.24388e-05,1.24988e-05,1.25382e-05,1.22008e-05,1.25064e-05,1.23604e-05,1.24682e-05,1.22236e-05,1.20729e-05,1.11876e-05,1.06457e-05
1.21055e-05,1.21699e-05,1.22663e-05,1.18503e-05,1.21566e-05,1.20078e-05,1.21427e-05,1.18988e-05,1.17309e-05,1.08629e-05,1.03289e-05
1.17109e-05,1.17524e-05,1.17996e-05,1.1566e-05,1.18337e-05,1.17354e-05,1.18252e-05,1.1603e-05,1.14455e-05,1.0617e-05,1.00762e-05
1.13175e-05,1.14857e-05,1.15262e-05,1.12209e-05,1.1531e-05,1.13879e-05,1.15269e-05,1.12801e-05,1.11467e-05,1.03295e-05,9.80332e-06
1.09966e-05,1.1099e-05,1.11236e-05,1.09096e-05,1.11824e-05,1.11077e-05,1.12327e-05,1.09881e-05,1.08066e-05,1.0055e-05,9.50979e-06
1.06895e-05,1.07596e-05,1.07869e-05,1.06223e-05,1.08672e-05,1.08364e-05,1.09061e-05,1.06818e-05,1.04827e-05,9.79742e-06,9.23675e-06
1.03604e-05,1.04405e-05,1.04756e-05,1.03328e-05,1.05715e-05,1.05259e-05,1.06379e-05,1.04152e-05,1.02206e-05,9.52441e-06,8.98942e-06
1.00902e-05,1.01694e-05,1.01681e-05,1.00501e-05,1.03061e-05,1.02247e-05,1.03393e-05,1.0146e-05,9.94377e-06,9.30917e-06,8.76986e-06
9.74902e-06,9.81239e-06,9.87542e-06,9.7585e-06,1.00098e-05,9.9729e-06,1.01091e-05,9.87468e-06,9.62274e-06,9.06115e-06,8.45382e-06
9.47236e-06,9.57218e-06,9.65772e-06,9.54794e-06,9.74447e-06,9.72374e-06,9.84237e-06,9.62379e-06,9.40195e-06,8.77798e-06,8.23551e-06
9.16778e-06,9.25639e-06,9.3114e-06,9.25344e-06,9.43854e-06,9.47364e-06,9.60107e-06,9.3658e-06,9.10697e-06,8.55697e-06,7.99992e-06
8.92018e-06,8.99365e-06,9.0201e-06,9.02203e-06,9.20444e-06,9.22711e-06,9.3403e-06,9.08901e-06,8.85091e-06,8.27408e-06,7.74588e-06
8.658e-06,8.67431e-06,8.79946e-06,8.74674e-06,8.93753e-06,8.97368e-06,9.11555e-06,8.85747e-06,8.59514e-06,8.0802e-06,7.50023e-06
8.39947e-06,8.46444e-06,8.51538e-06,8.54841e-06,8.69865e-06,8.74998e-06,8.85839e-06,8.61658e-06,8.322e-06,7.87683e-06,7.31823e-06
8.10274e-06,8.19269e-06,8.27103e-06,8.30685e-06,8.48289e-06,8.51559e-06,8.63955e-06,8.39823e-06,8.12922e-06,7.69554e-06,7.10094e-06
7.90703e-06,8.04522e-06,8.09822e-06,8.06971e-06,8.26424e-06,8.30654e-06,8.40746e-06,8.17238e-06,7.94638e-06,7.484e-06,6.92255e-06
7.64515e-06,7.70577e-06,7.81329e-06,7.91312e-06,7.99929e-06,8.09368e-06,8.18208e-06,7.95746e-06,7.67094e-06,7.28471e-06,6.71135e-06
7.44837e-06,7.53018e-06,7.60279e-06,7.6839e-06,7.80658e-06,7.86897e-06,7.97857e-06,7.73523e-06,7.46665e-06,7.06903e-06,6.50406e-06
7.22949e-06,7.32696e-06,7.40727e-06,7.4741e-06,7.61399e-06,7.63257e-06,7.78137e-06,7.53673e-06,7.24874e-06,6.90183e-06,6.33171e-06
7.02711e-06,7.11167e-06,7.16324e-06,7.29073e-06,7.40478e-06,7.47315e-06,7.55018e-06,7.33025e-06,7.05087e-06,6.72113e-06,6.14298e-06
6.78184e-06,6.88417e-06,6.92963e-06,7.11557e-06,7.22251e-06,7.28151e-06,7.37158e-06,7.15105e-06,6.85534e-06,6.55272e-06,5.96135e-06
6.59896e-06,6.72536e-06,6.81221e-06,6.92721e-06,7.02297e-06,7.09685e-06,7.17956e-06,6.95507e-06,6.69193e-06,6.34888e-06,5.79385e-06
6.45286e-06,6.54426e-06,6.5894e-06,6.71845e-06,6.82873e-06,6.91075e-06,7.00518e-06,6.75072e-06,6.47088e-06,6.1497e-06,5.59749e-06
6.25401e-06,6.35503e-06,6.41274e-06,6.5552e-06,6.65445e-06,6.7296e-06,6.79643e-06,6.57265e-06,6.28373e-06,6.02643e-06,5.46296e-06
6.05584e-06,6.17884e-06,6.21358e-06,6.35374e-06,6.46011e-06,6.53046e-06,6.67299e-06,6.3768e-06,6.1387e-06,5.84733e-06,5.29866e-06
5.90146e-06,5.97701e-06,6.04883e-06,6.212e-06,6.31499e-06,6.37668e-06,6.44309e-06,6.23086e-06,5.94686e-06,5.72088e-06,5.15409e-06
5.71848e-06,5.82188e-06,5.91292e-06,6.05695e-06,6.16053e-06,6.19455e-06,6.29991e-06,6.08108e-06,5.77715e-06,5.56848e-06,4.95348e-06
5.56925e-06,5.67902e-06,5.75496e-06,5.90436e-06,5.98213e-06,6.05741e-06,6.14165e-06,5.90395e-06,5.65368e-06,5.39427e-06,4.85563e-06
5.44495e-06,5.53057e-06,5.57928e-06,5.7395e-06,5.82471e-06,5.88393e-06,5.96993e-06,5.74837e-06,5.46926e-06,5.26295e-06,4.70964e-06
5.26381e-06,5.36487e-06,5.40771e-06,5.58947e-06,5.66691e-06,5.72775e-06,5.8261e-06,5.56194e-06,5.31952e-06,5.10416e-06,4.5702e-06
5.13887e-06,5.25462e-06,5.29765e-06,5.44841e-06,5.50581e-06,5.59685e-06,5.6998e-06,5.45656e-06,5.17792e-06,4.98374e-06,4.43381e-06
4.97478e-06,5.07635e-06,5.13886e-06,5.3211e-06,5.38226e-06,5.43234e-06,5.53555e-06,5.29219e-06,5.02042e-06,4.84296e-06,4.29438e-06
4.83922e-06,4.92528e-06,4.99435e-06,5.16015e-06,5.26817e-06,5.30575e-06,5.38358e-06,5.15551e-06,4.91401e-06,4.72985e-06,4.17858e-06
4.72342e-06,4.80057e-06,4.95029e-06,5.05679e-06,5.11686e-06,5.20275e-06,5.26119e-06,5.04324e-06,4.8012e-06,4.56507e-06,4.065e-06
4.57426e-06,4.67017e-06,4.75752e-06,4.88769e-06,4.98153e-06,5.03331e-06,5.12911e-06,4.88136e-06,4.64257e-06,4.46142e-06,3.96262e-06
4.46709e-06,4.53428e-06,4.60902e-06,4.80482e-06,4.84407e-06,4.93153e-06,4.99754e-06,4.77309e-06,4.51638e-06,4.34243e-06,3.86694e-06
4.36958e-06,4.43698e-06,4.49022e-06,4.64866e-06,4.72762e-06,4.77493e-06,4.8623e-06,4.62712e-06,4.39355e-06,4.22958e-06,3.72471e-06
4.24205e-06,4.3192e-06,4.39818e-06,4.55788e-06,4.62746e-06,4.64934e-06,4.72807e-06,4.50638e-06,4.27261e-06,4.12255e-06,3.6125e-06
4.12171e-06,4.18984e-06,4.26885e-06,4.40032e-06,4.51008e-06,4.52992e-06,4.62004e-06,4.39572e-06,4.1731e-06,4.01355e-06,3.518e-06
4.0005e-06,4.08948e-06,4.18177e-06,4.30736e-06,4.40265e-06,4.41955e-06,4.49755e-06,4.2828e-06,4.06618e-06,3.89594e-06,3.42266e-06
3.89629e-06,3.9827e-06,4.06361e-06,4.20195e-06,4.3135e-06,4.32083e-06,4.35642e-06,4.18333e-06,3.9617e-06,3.80768e-06,3.33051e-06
3.79681e-06,3.86958e-06,3.93806e-06,4.08259e-06,4.18146e-06,4.19923e-06,4.2553e-06,4.05722e-06,3.83667e-06,3.70665e-06,3.22772e-06
3.71401e-06,3.79035e-06,3.85614e-06,3.97019e-06,4.07799e-06,4.07436e-06,4.16869e-06,3.96098e-06,3.75067e-06,3.62351e-06,3.14704e-06
3.60988e-06,3.65008e-06,3.76721e-06,3.88469e-06,3.97447e-06,3.98592e-06,4.04992e-06,3.8545e-06,3.64741e-06,3.51787e-06,3.05915e-06
3.53823e-06,3.6087e-06,3.66508e-06,3.80061e-06,3.88463e-06,3.85371e-06,3.9547e-06,3.75469e-06,3.56749e-06,3.41977e-06,2.96555e-06
3.43766e-06,3.48171e-06,3.57021e-06,3.67766e-06,3.79193e-06,3.77904e-06,3.85765e-06,3.66269e-06,3.47318e-06,3.33834e-06,2.89447e-06
3.34264e-06,3.39789e-06,3.47219e-06,3.58643e-06,3.69956e-06,3.67742e-06,3.76362e-06,3.58178e-06,3.39049e-06,3.26107e-06,2.81884e-06
3.26328e-06,3.29429e-06,3.38939e-06,3.50938e-06,3.60832e-06,3.57319e-06,3.65891e-06,3.47439e-06,3.29264e-06,3.16853e-06,2.73617e-06
3.18446e-06,3.2089e-06,3.30726e-06,3.41123e-06,3.51423e-06,3.48025e-06,3.57611e-06,3.38922e-06,3.22573e-06,3.10625e-06,2.67143e-06
3.11435e-06,3.11979e-06,3.22538e-06,3.31917e-06,3.41155e-06,3.40052e-06,3.481e-06,3.31495e-06,3.13337e-06,3.03287e-06,2.61506e-06
3.01416e-06,3.05501e-06,3.15981e-06,3.24574e-06,3.33209e-06,3.32868e-06,3.40183e-06,3.23668e-06,3.06033e-06,2.93931e-06,2.53207e-06
2.96715e-06,2.98189e-06,3.06219e-06,3.15915e-06,3.25256e-06,3.23256e-06,3.30595e-06,3.1434e-06,2.99402e-06,2.85883e-06,2.46344e-06
2.86103e-06,2.89765e-06,3.00473e-06,3.07798e-06,3.20132e-06,3.14519e-06,3.21927e-06,3.06986e-06,2.89758e-06,2.79486e-06,2.4079e-06
2.80759e-06,2.84369e-06,2.9422e-06,2.99585e-06,3.1122e-06,3.07859e-06,3.14531e-06,2.98572e-06,2.85169e-06,2.7112e-06,2.33967e-06
2.72382e-06,2.76341e-06,2.85449e-06,2.92457e-06,3.03065e-06,2.99953e-06,3.07609e-06,2.9239e-06,2.77153e-06,2.66014e-06,2.27725e-06
2.64853e-06,2.69056e-06,2.7715e-06,2.84334e-06,2.96536e-06,2.92166e-06,2.98684e-06,2.84039e-06,2.70608e-06,2.59058e-06,2.2079e-06
2.59028e-06,2.59973e-06,2.71712e-06,2.77698e-06,2.8877e-06,2.84968e-06,2.92114e-06,2.7782e-06,2.65178e-06,2.52403e-06,2.16322e-06
2.52878e-06,2.53298e-06,2.63471e-06,2.71029e-06,2.80956e-06,2.78817e-06,2.85776e-06,2.70868e-06,2.58131e-06,2.46022e-06,2.09649e-06
2.48632e-06,2.50111e-06,2.58255e-06,2.64672e-06,2.7348e-06,2.71919e-06,2.78578e-06,2.63738e-06,2.52555e-06,2.41107e-06,2.07585e-06
2.41482e-06,2.42591e-06,2.52078e-06,2.5669e-06,2.66851e-06,2.65915e-06,2.73765e-06,2.57635e-06,2.46902e-06,2.34982e-06,2.03093e-06
2.34538e-06,2.37061e-06,2.4552e-06,2.51678e-06,2.61448e-06,2.57438e-06,2.65941e-06,2.51932e-06,2.40953e-06,2.28765e-06,1.95278e-06
2.29047e-06,2.28941e-06,2.40594e-06,2.45036e-06,2.56008e-06,2.52463e-06,2.58823e-06,2.46181e-06,2.34762e-06,2.23478e-06,1.92194e-06
2.25175e-06,2.23563e-06,2.34029e-06,2.38481e-06,2.49018e-06,2.46989e-06,2.52279e-06,2.39833e-06,2.31557e-06,2.17461e-06,1.86859e-06
2.18857e-06,2.18358e-06,2.27983e-06,2.3312e-06,2.43455e-06,2.41151e-06,2.45661e-06,2.35166e-06,2.2418e-06,2.1303e-06,1.80862e-06
2.13221e-06,2.10669e-06,2.23028e-06,2.28209e-06,2.35946e-06,2.35419e-06,2.40598e-06,2.29961e-06,2.19361e-06,2.08411e-06,1.78129e-06
2.07755e-06,2.06936e-06,2.17854e-06,2.20851e-06,2.29423e-06,2.2968e-06,2.3526e-06,2.23725e-06,2.15368e-06,2.02391e-06,1.72958e-06
2.02913e-06,2.02262e-06,2.13372e-06,2.16526e-06,2.25049e-06,2.24345e-06,2.29607e-06,2.1854e-06,2.10352e-06,1.98541e-06,1.70919e-06
1.97694e-06,1.96954e-06,2.06982e-06,2.10785e-06,2.19585e-06,2.20005e-06,2.2425e-06,2.1448e-06,2.05454e-06,1.92915e-06,1.66166e-06
1.93387e-06,1.92829e-06,2.03643e-06,2.05663e-06,2.15266e-06,2.14434e-06,2.18674e-06,2.09219e-06,2.01314e-06,1.88951e-06,1.61806e-06
1.89043e-06,1.86571e-06,1.99108e-06,2.01641e-06,2.11565e-06,2.09025e-06,2.13095e-06,2.05098e-06,1.95638e-06,1.84365e-06,1.57083e-06
1.82923e-06,1.83849e-06,1.92713e-06,1.95116e-06,2.07711e-06,2.03605e-06,2.08266e-06,1.99912e-06,1.92203e-06,1.82044e-06,1.53624e-06
1.79046e-06,1.78249e-06,1.87471e-06,1.91035e-06,2.0171e-06,1.99443e-06,2.03047e-06,1.94957e-06,1.87572e-06,1.7676e-06,1.50218e-06
1.7349e-06,1.73086e-06,1.82875e-06,1.86518e-06,1.97027e-06,1.95035e-06,1.99236e-06,1.90906e-06,1.82694e-06,1.72598e-06,1.471e-06
1.70685e-06,1.69295e-06,1.79651e-06,1.82207e-06,1.92508e-06,1.90313e-06,1.9363e-06,1.8688e-06,1.79546e-06,1.68311e-06,1.43154e-06
1.66187e-06,1.65943e-06,1.7523e-06,1.77723e-06,1.87182e-06,1.8686e-06,1.89674e-06,1.82387e-06,1.75748e-06,1.64253e-06,1.41226e-06
1.61295e-06,1.60431e-06,1.70709e-06,1.73185e-06,1.82746e-06,1.82056e-06,1.85234e-06,1.78446e-06,1.71248e-06,1.6072e-06,1.36918e-06
1.58523e-06,1.57921e-06,1.68153e-06,1.69551e-06,1.79081e-06,1.77628e-06,1.81731e-06,1.74687e-06,1.67873e-06,1.56213e-06,1.33733e-06
1.53491e-06,1.53563e-06,1.62109e-06,1.64165e-06,1.74279e-06,1.736e-06,1.77298e-06,1.70572e-06,1.64099e-06,1.52523e-06,1.3107e-06
1.5015e-06,1.49364e-06,1.58813e-06,1.60693e-06,1.70297e-06,1.69923e-06,1.73022e-06,1.66802e-06,1.60395e-06,1.49571e-06,1.27469e-06
1.46168e-06,1.46167e-06,1.53839e-06,1.57453e-06,1.66042e-06,1.66135e-06,1.69471e-06,1.63951e-06,1.56072e-06,1.46844e-06,1.23937e-06
1.43239e-06,1.41399e-06,1.51671e-06,1.53666e-06,1.62395e-06,1.62263e-06,1.6515e-06,1.59638e-06,1.53387e-06,1.42908e-06,1.21651e-06
1.3935e-06,1.37791e-06,1.48154e-06,1.49738e-06,1.58687e-06,1.58702e-06,1.61449e-06,1.56184e-06,1.50093e-06,1.3968e-06,1.1879e-06
1.37324e-06,1.35503e-06,1.43843e-06,1.45777e-06,1.55462e-06,1.55197e-06,1.58204e-06,1.52673e-06,1.47976e-06,1.35823e-06,1.17498e-06
1.31804e-06,1.32639e-06,1.41849e-06,1.42154e-06,1.5239e-06,1.51955e-06,1.5387e-06,1.49879e-06,1.4327e-06,1.33538e-06,1.13094e-06
1.28514e-06,1.29209e-06,1.37929e-06,1.392e-06,1.48226e-06,1.48123e-06,1.51041e-06,1.46653e-06,1.39228e-06,1.30135e-06,1.10333e-06
1.25116e-06,1.25187e-06,1.34321e-06,1.35319e-06,1.44927e-06,1.44684e-06,1.48021e-06,1.43024e-06,1.36586e-06,1.27445e-06,1.08291e-06
1.22977e-06,1.2271e-06,1.31304e-06,1.326e-06,1.4117e-06,1.42342e-06,1.43883e-06,1.39986e-06,1.34156e-06,1.23947e-06,1.05697e-06
1.19848e-06,1.19254e-06,1.27858e-06,1.29126e-06,1.38003e-06,1.38795e-06,1.40839e-06,1.36908e-06,1.31626e-06,1.21179e-06,1.03796e-06
1.17937e-06,1.16543e-06,1.24636e-06,1.26274e-06,1.34027e-06,1.35604e-06,1.3773e-06,1.33387e-06,1.28684e-06,1.18885e-06,1.00799e-06
1.13581e-06,1.14774e-06,1.21457e-06,1.23186e-06,1.31957e-06,1.32805e-06,1.34513e-06,1.3104e-06,1.25361e-06,1.15367e-06,9.79534e-07
1.11807e-06,1.10959e-06,1.19141e-06,1.20416e-06,1.28721e-06,1.30117e-06,1.3182e-06,1.2821e-06,1.23299e-06,1.12991e-06,9.69653e-07
1.09765e-06,1.08099e-06,1.16332e-06,1.17396e-06,1.25977e-06,1.27285e-06,1.28673e-06,1.25181e-06,1.21251e-06,1.1003e-06,9.43729e-07
1.06423e-06,1.05643e-06,1.14298e-06,1.15241e-06,1.2282e-06,1.24283e-06,1.2584e-06,1.22772e-06,1.17741e-06,1.07638e-06,9.26141e-07
1.03181e-06,1.02549e-06,1.11137e-06,1.12158e-06,1.20258e-06,1.21507e-06,1.22817e-06,1.19924e-06,1.14835e-06,1.05495e-06,8.98148e-07
1.00351e-06,1.00921e-06,1.08271e-06,1.09384e-06,1.17595e-06,1.18994e-06,1.20248e-06,1.17171e-06,1.12803e-06,1.0254e-06,8.7503e-07
9.84076e-07,9.72908e-07,1.0592e-06,1.07196e-06,1.14706e-06,1.16115e-06,1.176e-06,1.14549e-06,1.09825e-06,1.00444e-06,8.56673e-07
9.59954e-07,9.53158e-07,1.03948e-06,1.05233e-06,1.12007e-06,1.13701e-06,1.14526e-06,1.12351e-06,1.07335e-06,9.82871e-07,8.35974e-07
9.35807e-07,9.28902e-07,1.01477e-06,1.02069e-06,1.09026e-06,1.11508e-06,1.12516e-06,1.09919e-06,1.0568e-06,9.57555e-07,8.22885e-07
9.16399e-07,9.09867e-07,9.90489e-07,9.99757e-07,1.07001e-06,1.08906e-06,1.10131e-06,1.07428e-06,1.0322e-06,9.36105e-07,8.02951e-07
8.89816e-07,8.86462e-07,9.67061e-07,9.80028e-07,1.04079e-06,1.06609e-06,1.07491e-06,1.05234e-06,1.00565e-06,9.17388e-07,7.81461e-07
8.75832e-07,8.68015e-07,9.46747e-07,9.59011e-07,1.02303e-06,1.04187e-06,1.05037e-06,1.02756e-06,9.8367e-07,8.91935e-07,7.64344e-07
8.43875e-07,8.46919e-07,9.18897e-07,9.36011e-07,1.00645e-06,1.01926e-06,1.02531e-06,1.00474e-06,9.57923e-07,8.77796e-07,7.44531e-07
8.28432e-07,8.25793e-07,8.95992e-07,9.15283e-07,9.79988e-07,9.95264e-07,1.00274e-06,9.82226e-07,9.38422e-07,8.55721e-07,7.27151e-07
8.08133e-07,8.05959e-07,8.81648e-07,8.9476e-07,9.5495e-07,9.75194e-07,9.82425e-07,9.61911e-07,9.19042e-07,8.34694e-07,7.1072e-07
7.8983e-07,7.84297e-07,8.59754e-07,8.73592e-07,9.36789e-07,9.53082e-07,9.58779e-07,9.40957e-07,8.96735e-07,8.15834e-07,6.91914e-07
7.69904e-07,7.69195e-07,8.39974e-07,8.57185e-07,9.13355e-07,9.33481e-07,9.39994e-07,9.20339e-07,8.78825e-07,7.96666e-07,6.78677e-07
7.49905e-07,7.51882e-07,8.2244e-07,8.3837e-07,8.94614e-07,9.14002e-07,9.18389e-07,9.00766e-07,8.56886e-07,7.77635e-07,6.62832e-07
7.33321e-07,7.3456e-07,8.04262e-07,8.22536e-07,8.70956e-07,8.94894e-07,8.98876e-07,8.83194e-07,8.38317e-07,7.60927e-07,6.46623e-07
7.1771e-07,7.15784e-07,7.90211e-07,8.05399e-07,8.53847e-07,8.75416e-07,8.80135e-07,8.61912e-07,8.19733e-07,7.4187e-07,6.33231e-07
7.0051e-07,7.04221e-07,7.70503e-07,7.89052e-07,8.38112e-07,8.55866e-07,8.61305e-07,8.43639e-07,8.01749e-07,7.2586e-07,6.18753e-07
6.82215e-07,6.85177e-07,7.54541e-07,7.72103e-07,8.18044e-07,8.38596e-07,8.40914e-07,8.24947e-07,7.8278e-07,7.09724e-07,6.03544e-07
6.68811e-07,6.69415e-07,7.38723e-07,7.5724e-07,8.00454e-07,8.20588e-07,8.24866e-07,8.0853e-07,7.67469e-07,6.94333e-07,5.89201e-07
6.51925e-07,6.53692e-07,7.22046e-07,7.40263e-07,7.80482e-07,8.04108e-07,8.06178e-07,7.9047e-07,7.50466e-07,6.7743e-07,5.75948e-07
6.35437e-07,6.41064e-07,7.06489e-07,7.25189e-07,7.66141e-07,7.86198e-07,7.90064e-07,7.74051e-07,7.32695e-07,6.62623e-07,5.62933e-07
6.22661e-07,6.24783e-07,6.91081e-07,7.11109e-07,7.50763e-07,7.70866e-07,7.75237e-07,7.58799e-07,7.16167e-07,6.47503e-07,5.49291e-07
6.07237e-07,6.1212e-07,6.76966e-07,6.95907e-07,7.34136e-07,7.54343e-07,7.57418e-07,7.42942e-07,7.00993e-07,6.33399e-07,5.37179e-07
5.9588e-07,6.01871e-07,6.64829e-07,6.86015e-07,7.18917e-07,7.40885e-07,7.40935e-07,7.27285e-07,6.87153e-07,6.17906e-07,5.25193e-07
5.8127e-07,5.87009e-07,6.52473e-07,6.71913e-07,7.02674e-07,7.23977e-07,7.24199e-07,7.10695e-07,6.7026e-07,6.03894e-07,5.12808e-07
5.69692e-07,5.73405e-07,6.33495e-07,6.57609e-07,6.89817e-07,7.08794e-07,7.0979e-07,6.97357e-07,6.56769e-07,5.90545e-07,5.0102e-07
5.58507e-07,5.60595e-07,6.20267e-07,6.47366e-07,6.72882e-07,6.95471e-07,6.95552e-07,6.83813e-07,6.42032e-07,5.78108e-07,4.9145e-07
5.42949e-07,5.50357e-07,6.10124e-07,6.31679e-07,6.60615e-07,6.81094e-07,6.8013e-07,6.66615e-07,6.29024e-07,5.65351e-07,4.80144e-07
5.33635e-07,5.38959e-07,5.99996e-07,6.19336e-07,6.47658e-07,6.66366e-07,6.68666e-07,6.54148e-07,6.15922e-07,5.51887e-07,4.69293e-07
5.21679e-07,5.25599e-07,5.88174e-07,6.0818e-07,6.36319e-07,6.53365e-07,6.55331e-07,6.39748e-07,6.01401e-07,5.39099e-07,4.57953e-07
5.09508e-07,5.17766e-07,5.75984e-07,5.97788e-07,6.19633e-07,6.3968e-07,6.41161e-07,6.29141e-07,5.88106e-07,5.27579e-07,4.46916e-07
5.01574e-07,5.06027e-07,5.65555e-07,5.87757e-07,6.08792e-07,6.25839e-07,6.27677e-07,6.15657e-07,5.74703e-07,5.15339e-07,4.39104e-07
4.89907e-07,4.9637e-07,5.53171e-07,5.75868e-07,5.95778e-07,6.13718e-07,6.16247e-07,6.0236e-07,5.64593e-07,5.05144e-07,4.27434e-07
4.80588e-07,4.87363e-07,5.45442e-07,5.6589e-07,5.86522e-07,6.00757e-07,6.03558e-07,5.88575e-07,5.5245e-07,4.93912e-07,4.17896e-07
4.73199e-07,4.77243e-07,5.31226e-07,5.54807e-07,5.73283e-07,5.89995e-07,5.93198e-07,5.7496e-07,5.41343e-07,4.82717e-07,4.08753e-07
4.60689e-07,4.65824e-07,5.22123e-07,5.45421e-07,5.60095e-07,5.79304e-07,5.80786e-07,5.67629e-07,5.28992e-07,4.74457e-07,4.00306e-07
4.50433e-07,4.53743e-07,5.12679e-07,5.33703e-07,5.50529e-07,5.68582e-07,5.69539e-07,5.55483e-07,5.1723e-07,4.62983e-07,3.90269e-07
4.44497e-07,4.5032e-07,5.02498e-07,5.27886e-07,5.38129e-07,5.56973e-07,5.59036e-07,5.45934e-07,5.08386e-07,4.52496e-07,3.82095e-07
4.31914e-07,4.38062e-07,4.9171e-07,5.15281e-07,5.3037e-07,5.44992e-07,5.48445e-07,5.33545e-07,4.9629e-07,4.4301e-07,3.74691e-07
4.25668e-07,4.31872e-07,4.8703e-07,5.11106e-07,5.21454e-07,5.36885e-07,5.37917e-07,5.24189e-07,4.86424e-07,4.34595e-07,3.6701e-07
4.17557e-07,4.21342e-07,4.77304e-07,4.97284e-07,5.10844e-07,5.2613e-07,5.2773e-07,5.13623e-07,4.74762e-07,4.23986e-07,3.58576e-07
4.1118e-07,4.17247e-07,4.693e-07,4.92629e-07,5.03006e-07,5.19708e-07,5.20239e-07,5.05476e-07,4.67405e-07,4.1708e-07,3.49626e-07
4.04177e-07,4.11823e-07,4.60206e-07,4.84853e-07,4.92336e-07,5.08367e-07,5.10949e-07,4.95647e-07,4.57442e-07,4.08768e-07,3.4316e-07
3.97175e-07,4.04245e-07,4.54554e-07,4.76492e-07,4.85017e-07,5.00201e-07,4.99864e-07,4.85082e-07,4.49388e-07,3.9971e-07,3.36351e-07
3.90557e-07,3.97486e-07,4.456e-07,4.69688e-07,4.76406e-07,4.90987e-07,4.92532e-07,4.7778e-07,4.40624e-07,3.91011e-07,3.27843e-07
3.84828e-07,3.89075e-07,4.3861e-07,4.6209e-07,4.69449e-07,4.83935e-07,4.83767e-07,4.68161e-07,4.32038e-07,3.83146e-07,3.22063e-07
3.76399e-07,3.8121e-07,4.32299e-07,4.55246e-07,4.59418e-07,4.72776e-07,4.76075e-07,4.61732e-07,4.23023e-07,3.75962e-07,3.14152e-07
3.70078e-07,3.76673e-07,4.24172e-07,4.44633e-07,4.51204e-07,4.66415e-07,4.6839e-07,4.51792e-07,4.15769e-07,3.68892e-07,3.08609e-07
3.65062e-07,3.71664e-07,4.17427e-07,4.40085e-07,4.44287e-07,4.57173e-07,4.59524e-07,4.43649e-07,4.08516e-07,3.61518e-07,3.02076e-07
3.60529e-07,3.64748e-07,4.11863e-07,4.33617e-07,4.38519e-07,4.51015e-07,4.5168e-07,4.36219e-07,4.01036e-07,3.54284e-07,2.95665e-07
3.55514e-07,3.59931e-07,4.03334e-07,4.27148e-07,4.30085e-07,4.44669e-07,4.446e-07,4.296e-07,3.93227e-07,3.46869e-07,2.90093e-07
3.49128e-07,3.51178e-07,3.97089e-07,4.19993e-07,4.22521e-07,4.36321e-07,4.38763e-07,4.2303e-07,3.8575e-07,3.41041e-07,2.83645e-07
3.43683e-07,3.50246e-07,3.88687e-07,4.14183e-07,4.15714e-07,4.28478e-07,4.29976e-07,4.15098e-07,3.7821e-07,3.34209e-07,2.78901e-07
3.37678e-07,3.45486e-07,3.91119e-07,4.08226e-07,4.10684e-07,4.2288e-07,4.23444e-07,4.08234e-07,3.71522e-07,3.27917e-07,2.72949e-07
3.31579e-07,3.3768e-07,3.78883e-07,4.01727e-07,4.04008e-07,4.1531e-07,4.20538e-07,4.05369e-07,3.63602e-07,3.21591e-07,2.66694e-07
3.28467e-07,3.33721e-07,3.75111e-07,3.9606e-07,3.99357e-07,4.09475e-07,4.10781e-07,3.95707e-07,3.59179e-07,3.15678e-07,2.6233e-07
3.24043e-07,3.27148e-07,3.68727e-07,3.93671e-07,3.91568e-07,4.03213e-07,4.05676e-07,3.89083e-07,3.53666e-07,3.10237e-07,2.56654e-07
3.18966e-07,3.2272e-07,3.64495e-07,3.8784e-07,3.8395e-07,3.96861e-07,3.97523e-07,3.84127e-07,3.47023e-07,3.06653e-07,2.51543e-07
3.16014e-07,3.22401e-07,3.60098e-07,3.80003e-07,3.78794e-07,3.9257e-07,3.92554e-07,3.77073e-07,3.41687e-07,3.00277e-07,2.47089e-07
3.10774e-07,3.16423e-07,3.55933e-07,3.75808e-07,3.72497e-07,3.87337e-07,3.87354e-07,3.7177e-07,3.3537e-07,2.94508e-07,2.43199e-07
3.0572e-07,3.1264e-07,3.47744e-07,3.70957e-07,3.68683e-07,3.81341e-07,3.83696e-07,3.6521e-07,3.28884e-07,2.89837e-07,2.39919e-07
3.01936e-07,3.05588e-07,3.44439e-07,3.64174e-07,3.6629e-07,3.77039e-07,3.78216e-07,3.58245e-07,3.25628e-07,2.84546e-07,2.34073e-07
2.98111e-07,3.04261e-07,3.40779e-07,3.62448e-07,3.56883e-07,3.70898e-07,3.70488e-07,3.57457e-07,3.18819e-07,2.79884e-07,2.30273e-07
2.91352e-07,2.97182e-07,3.35208e-07,3.55594e-07,3.50954e-07,3.63481e-07,3.6461e-07,3.47455e-07,3.13478e-07,2.74219e-07,2.2461e-07
2.94028e-07,2.95737e-07,3.28872e-07,3.50612e-07,3.4853e-07,3.59301e-07,3.60544e-07,3.44514e-07,3.09728e-07,2.69164e-07,2.23293e-07
2.84767e-07,2.86881e-07,3.27035e-07,3.44304e-07,3.43048e-07,3.52915e-07,3.54251e-07,3.3794e-07,3.03293e-07,2.65374e-07,2.17781e-07
2.84025e-07,2.89433e-07,3.2525e-07,3.43101e-07,3.40147e-07,3.50399e-07,3.50007e-07,3.35363e-07,2.99845e-07,2.62245e-07,2.1488e-07
2.79184e-07,2.85434e-07,3.20648e-07,3.38117e-07,3.34769e-07,3.44806e-07,3.45251e-07,3.32265e-07,2.96203e-07,2.57849e-07,2.10586e-07
2.74508e-07,2.82797e-07,3.16525e-07,3.34319e-07,3.30865e-07,3.37958e-07,3.41683e-07,3.25475e-07,2.90915e-07,2.52968e-07,2.07695e-07
2.76468e-07,2.76481e-07,3.14835e-07,3.28026e-07,3.26826e-07,3.36851e-07,3.37182e-07,3.21565e-07,2.88291e-07,2.49026e-07,2.05523e-07
2.69997e-07,2.77086e-07,3.07395e-07,3.26579e-07,3.19826e-07,3.31186e-07,3.32913e-07,3.18871e-07,2.83133e-07,2.45692e-07,2.00814e-07
2.67034e-07,2.70575e-07,3.00515e-07,3.20207e-07,3.19963e-07,3.30732e-07,3.29333e-07,3.14739e-07,2.77999e-07,2.42712e-07,1.97267e-07
2.64766e-07,2.68452e-07,3.00194e-07,3.18881e-07,3.1323e-07,3.24402e-07,3.23769e-07,3.10492e-07,2.75618e-07,2.37155e-07,1.94192e-07
2.6139e-07,2.67325e-07,2.97864e-07,3.14766e-07,3.09846e-07,3.2057e-07,3.21262e-07,3.03555e-07,2.70564e-07,2.35729e-07,1.91553e-07
2.60462e-07,2.62753e-07,2.9617e-07,3.08899e-07,3.07072e-07,3.15957e-07,3.16228e-07,3.0129e-07,2.66054e-07,2.31422e-07,1.89654e-07
2.56999e-07,2.58783e-07,2.87819e-07,3.08703e-07,3.01439e-07,3.12862e-07,3.12952e-07,2.9535e-07,2.63231e-07,2.27265e-07,1.86119e-07
2.5364e-07,2.57894e-07,2.90621e-07,3.0259e-07,2.96179e-07,3.0759e-07,3.08808e-07,2.92967e-07,2.58346e-07,2.2544e-07,1.81667e-07
2.53386e-07,2.53947e-07,2.8212e-07,2.999e-07,2.92754e-07,3.05194e-07,3.04292e-07,2.89475e-07,2.5685e-07,2.21847e-07,1.79874e-07
2.48982e-07,2.54577e-07,2.83814e-07,2.95822e-07,2.90788e-07,3.02474e-07,2.98395e-07,2.85601e-07,2.53012e-07,2.17759e-07,1.77175e-07
2.46582e-07,2.50935e-07,2.7589e-07,2.90908e-07,2.88838e-07,2.9791e-07,2.95818e-07,2.84167e-07,2.48183e-07,2.14912e-07,1.76147e-07
2.4298e-07,2.45966e-07,2.75399e-07,2.89719e-07,2.83051e-07,2.95463e-07,2.91695e-07,2.80347e-07,2.46697e-07,2.1217e-07,1.7149e-07
2.38586e-07,2.4428e-07,2.69661e-07,2.84527e-07,2.83202e-07,2.90483e-07,2.89486e-07,2.77271e-07,2.41964e-07,2.08776e-07,1.70183e-07
2.38973e-07,2.42582e-07,2.68068e-07,2.83392e-07,2.78785e-07,2.88533e-07,2.88113e-07,2.71359e-07,2.38747e-07,2.06204e-07,1.67666e-07
2.37044e-07,2.42793e-07,2.68969e-07,2.7838e-07,2.74265e-07,2.82836e-07,2.82305e-07,2.68692e-07,2.36773e-07,2.02541e-07,1.65986e-07
2.34238e-07,2.37554e-07,2.6201e-07,2.77271e-07,2.72793e-07,2.8169e-07,2.80649e-07,2.64233e-07,2.32931e-07,2.0051e-07,1.63875e-07
2.30862e-07,2.35466e-07,2.60435e-07,2.75791e-07,2.68776e-07,2.77721e-07,2.77613e-07,2.62955e-07,2.31853e-07,1.96236e-07,1.60884e-07
2.2721e-07,2.32259e-07,2.56553e-07,2.69573e-07,2.6537e-07,2.73841e-07,2.74071e-07,2.58365e-07,2.27295e-07,1.95601e-07,1.59141e-07
2.27638e-07,2.27782e-07,2.5607e-07,2.65991e-07,2.61512e-07,2.71314e-07,2.71656e-07,2.55142e-07,2.23751e-07,1.93722e-07,1.57079e-07
2.23819e-07,2.27784e-07,2.53142e-07,2.6535e-07,2.60061e-07,2.69799e-07,2.68404e-07,2.53966e-07,2.22534e-07,1.91486e-07,1.53313e-07
2.21154e-07,2.24861e-07,2.48117e-07,2.63249e-07,2.57337e-07,2.65006e-07,2.6381e-07,2.4952e-07,2.18315e-07,1.88157e-07,1.52642e-07
2.18238e-07,2.18979e-07,2.43474e-07,2.58789e-07,2.52676e-07,2.62184e-07,2.61368e-07,2.44393e-07,2.14222e-07,1.84575e-07,1.4971e-07
2.17402e-07,2.204e-07,2.45766e-07,2.56338e-07,2.49803e-07,2.59929e-07,2.58693e-07,2.42894e-07,2.1249e-07,1.84412e-07,1.48924e-07
2.15283e-07,2.18301e-07,2.39792e-07,2.53546e-07,2.47655e-07,2.56766e-07,2.55252e-07,2.40633e-07,2.09931e-07,1.81097e-07,1.46632e-07
2.13821e-07,2.17424e-07,2.39343e-07,2.5096e-07,2.43574e-07,2.52954e-07,2.53889e-07,2.36876e-07,2.08772e-07,1.7879e-07,1.44726e-07
2.10473e-07,2.12845e-07,2.3507e-07,2.48094e-07,2.42566e-07,2.51696e-07,2.51235e-07,2.36227e-07,2.05501e-07,1.7663e-07,1.42321e-07
2.08065e-07,2.12583e-07,2.33319e-07,2.47651e-07,2.38864e-07,2.49224e-07,2.47047e-07,2.33625e-07,2.02414e-07,1.73413e-07,1.41418e-07
2.06269e-07,2.09841e-07,2.32198e-07,2.42213e-07,2.36472e-07,2.44953e-07,2.43905e-07,2.30836e-07,1.98829e-07,1.71825e-07,1.3988e-07
2.04649e-07,2.08066e-07,2.24621e-07,2.41801e-07,2.37017e-07,2.41827e-07,2.40771e-07,2.26966e-07,1.98626e-07,1.69275e-07,1.37813e-07
2.03268e-07,2.06258e-07,2.29689e-07,2.35792e-07,2.34089e-07,2.39911e-07,2.38703e-07,2.23652e-07,1.95096e-07,1.68441e-07,1.35873e-07
1.99294e-07,2.02444e-07,2.2178e-07,2.34745e-07,2.29919e-07,2.36436e-07,2.38086e-07,2.21272e-07,1.92456e-07,1.65447e-07,1.33882e-07
1.9956e-07,2.02732e-07,2.20782e-07,2.31107e-07,2.27454e-07,2.34357e-07,2.33679e-07,2.18481e-07,1.90369e-07,1.63328e-07,1.32861e-07
1.97397e-07,1.99262e-07,2.16075e-07,2.30699e-07,2.25211e-07,2.3197e-07,2.31924e-07,2.17631e-07,1.88958e-07,1.61365e-07,1.30802e-07
1.93516e-07,1.97567e-07,2.18168e-07,2.26645e-07,2.23257e-07,2.28028e-07,2.28897e-07,2.14658e-07,1.86132e-07,1.59788e-07,1.29211e-07
1.91906e-07,1.97445e-07,2.13401e-07,2.25289e-07,2.1898e-07,2.25224e-07,2.25634e-07,2.11667e-07,1.82749e-07,1.56804e-07,1.28673e-07
