0.0732706,0.0725369,0.0711378,0.0683877,0.0668195,0.0633639,0.0600793,0.0561582,0.0525006,0.0482575,0.0434231
0.0689813,0.0683532,0.0670634,0.0646851,0.062017,0.0596942,0.0562559,0.0525851,0.0488803,0.044814,0.0399399
0.0648474,0.0641154,0.0632197,0.0605886,0.0588355,0.0555692,0.0522757,0.0489351,0.0455557,0.0411856,0.0367521
0.0611979,0.0605965,0.0593826,0.0571269,0.0548974,0.0521933,0.0488759,0.0454982,0.042073,0.0381437,0.0340079
0.0578496,0.0572837,0.0561321,0.0538824,0.0516422,0.0489942,0.0458635,0.042575,0.0393068,0.0355211,0.0315582
0.0547045,0.0541764,0.0533122,0.0510033,0.048582,0.0461757,0.0430109,0.0401976,0.0370391,0.0332304,0.0293555
0.0519599,0.0514176,0.0503056,0.0481631,0.046021,0.0434816,0.0405731,0.0374972,0.0344914,0.0309875,0.0274016
0.0492636,0.048802,0.0478207,0.0457299,0.0435859,0.0411746,0.038254,0.0353016,0.0324802,0.0290178,0.0257154
0.0468963,0.0463804,0.0452903,0.0432946,0.0412539,0.0388282,0.0361352,0.0332296,0.0304599,0.0272214,0.0239992
0.0447478,0.0442966,0.0430928,0.0412909,0.0392788,0.0368159,0.0341717,0.0313507,0.0287269,0.0255631,0.0224829
0.0424824,0.041968,0.041121,0.0391741,0.0373097,0.0349292,0.0324483,0.0296754,0.0271082,0.0241177,0.0212056
0.0406882,0.0400078,0.0388353,0.03709,0.0353771,0.0331907,0.030751,0.0282673,0.0256412,0.0225743,0.019775
0.0386635,0.0381653,0.0372226,0.0354702,0.0336013,0.0315125,0.0291379,0.0264812,0.024204,0.0213843,0.0186906
0.0368988,0.036366,0.0355202,0.0338783,0.0321246,0.029958,0.0276553,0.0252776,0.0228246,0.0202263,0.0175978
0.0352743,0.0347209,0.0338745,0.0322484,0.0305554,0.0285512,0.0262461,0.0239262,0.0216381,0.0190527,0.0166279
0.0337484,0.0332916,0.0325166,0.0308661,0.0291809,0.0272201,0.0250866,0.0227366,0.0205798,0.0181121,0.0157178
0.0323631,0.0319069,0.0310336,0.0295055,0.0280296,0.026062,0.0237929,0.0217832,0.0193779,0.0170174,0.0149305
0.0310125,0.0306449,0.0295954,0.0281547,0.0266357,0.024905,0.022623,0.0206736,0.0184976,0.016215,0.0139702
0.0296299,0.0292725,0.0284641,0.0271459,0.025472,0.0237954,0.0217421,0.0196056,0.0175607,0.0153981,0.0133059
0.0283955,0.0280726,0.0272127,0.0260459,0.0243247,0.0226269,0.0207648,0.018698,0.0167698,0.0147724,0.0125487
0.0272494,0.026985,0.0261478,0.0249296,0.0233581,0.0218005,0.0198328,0.0178475,0.0159129,0.0139212,0.0119671
0.0262631,0.0258337,0.0250551,0.0238598,0.0224157,0.0207971,0.0189517,0.0171685,0.0152246,0.0133073,0.0113189
0.0251936,0.024902,0.0241465,0.0230042,0.0214924,0.0200508,0.0182908,0.0163787,0.0145455,0.0125626,0.0109527
0.0243085,0.0239306,0.0230864,0.0219361,0.0207033,0.0191825,0.0173145,0.0156975,0.0138332,0.0120447,0.0102752
0.0232768,0.0231045,0.0222765,0.0211758,0.0198217,0.0183999,0.0167302,0.0149838,0.0131645,0.0114336,0.00984065
0.0223842,0.0221594,0.0213781,0.0202419,0.0190758,0.01769,0.0159886,0.014355,0.0126319,0.0108975,0.00928843
0.0215975,0.0213877,0.0205968,0.0194806,0.0183588,0.0169949,0.0153345,0.0138145,0.0121362,0.0103713,0.00885294
0.0207587,0.0205848,0.0198265,0.0187881,0.017583,0.0163042,0.0147716,0.0131711,0.0116233,0.00999561,0.00841978
0.0199682,0.0199171,0.0190574,0.0180588,0.0169657,0.0157249,0.0141392,0.0126648,0.0110958,0.00948415,0.00800354
0.0193227,0.0191963,0.0183923,0.017358,0.0163556,0.0151537,0.013534,0.0121477,0.0106291,0.00905645,0.00765559
0.0185195,0.0185267,0.017718,0.0168341,0.0157727,0.0145375,0.0130296,0.0116342,0.0101477,0.0087068,0.00736469
0.0178984,0.0178302,0.0171131,0.0162573,0.0151316,0.0139541,0.0125256,0.0111693,0.00975745,0.00833134,0.00710445
0.017296,0.0172204,0.0164523,0.0156087,0.0145956,0.0134349,0.0120469,0.0107363,0.00936764,0.00796606,0.00670667
0.016647,0.0166285,0.0158581,0.0150827,0.0140827,0.0129624,0.0116349,0.0103602,0.00900945,0.00763747,0.00643769
0.0161337,0.0160538,0.0153871,0.0146071,0.0135798,0.0124477,0.0111447,0.00988382,0.00867483,0.00731332,0.00612433
0.0155526,0.0155457,0.0147779,0.0140688,0.0131188,0.0120393,0.010735,0.00957388,0.00831615,0.00699479,0.00589545
0.0151073,0.0150866,0.0143469,0.0135545,0.0126563,0.0115969,0.0104306,0.0091614,0.007964,0.00675084,0.00564895
0.014578,0.0145813,0.0139028,0.0131306,0.0122552,0.0112187,0.0100599,0.00884285,0.0076601,0.0064423,0.00539181
0.0141183,0.0140839,0.0135029,0.0127391,0.011817,0.0108136,0.00965992,0.00850196,0.00739101,0.00621425,0.00514741
0.0135968,0.0135963,0.0131048,0.0123628,0.0114526,0.0105203,0.00935419,0.00824063,0.00711457,0.00595065,0.00499986
0.0131764,0.0131699,0.0126029,0.0118683,0.0110684,0.0101058,0.00899897,0.00790275,0.00685845,0.00571181,0.00474913
0.0127431,0.0127383,0.0121832,0.0114641,0.010659,0.0097699,0.00867752,0.00762056,0.00660759,0.00551582,0.00455766
0.0123771,0.0123751,0.0117789,0.0111325,0.0103158,0.009405,0.00841501,0.00737279,0.00634942,0.00527967,0.00438712
0.0118992,0.0119837,0.0113987,0.0107884,0.00996372,0.00913129,0.00814487,0.00710527,0.00612653,0.00508387,0.00420065
0.0114802,0.0115732,0.01093,0.0103406,0.00970623,0.00886179,0.0079333,0.00693758,0.00587003,0.00490391,0.00406525
0.0111643,0.0112072,0.0106888,0.0100899,0.00934046,0.00851507,0.0075649,0.00658569,0.00570684,0.00471881,0.00388765
0.0107564,0.0109222,0.0103248,0.00981642,0.00899595,0.00824802,0.00740905,0.00639687,0.0055124,0.00450531,0.00376951
0.0104654,0.0105369,0.0100066,0.00940714,0.00876181,0.00798585,0.00704929,0.00616335,0.00531566,0.00437382,0.00358754
0.0102536,0.0101824,0.00974772,0.00912631,0.00849609,0.00770999,0.00678849,0.00594139,0.00511237,0.00423561,0.00346024
0.00987595,0.00991101,0.0094502,0.00888917,0.00821017,0.00748948,0.00659662,0.00571438,0.00495277,0.00407958,0.00333963
0.00960948,0.00958877,0.00915508,0.00862529,0.00796341,0.00722765,0.00636455,0.00555327,0.00477771,0.00392915,0.00321483
0.00932043,0.00921116,0.00889559,0.00832084,0.0076853,0.00702882,0.00620047,0.00535957,0.00463286,0.00377334,0.0030846
0.0090773,0.00906074,0.0086203,0.00816591,0.0074215,0.00676334,0.00604009,0.00521436,0.00446138,0.00366507,0.00297276
0.00878947,0.00875758,0.00835118,0.00781733,0.00724679,0.00656854,0.0057535,0.00502928,0.00432243,0.00352658,0.00286291
0.00848098,0.00848137,0.00811833,0.00760531,0.00703451,0.00636164,0.00560925,0.00484176,0.00415597,0.00340501,0.00277584
0.00826236,0.00824329,0.00786256,0.00740075,0.00679191,0.00617108,0.00546996,0.0047285,0.00401888,0.00330382,0.00269034
0.00797339,0.00798855,0.00759737,0.00715394,0.00662178,0.00599012,0.00526992,0.00453241,0.00388025,0.00317593,0.00258637
0.00778043,0.00777351,0.00741654,0.00693577,0.00640854,0.00578069,0.00509161,0.0043982,0.00376519,0.00307147,0.00248572
0.0075594,0.00753546,0.00718881,0.00674309,0.00621923,0.00560697,0.00492678,0.00425244,0.00363788,0.00296089,0.00240555
0.00736085,0.00733672,0.00696737,0.00656286,0.00603821,0.00545215,0.0047925,0.00411538,0.00352667,0.00286094,0.00232772
0.00709418,0.00709988,0.00675284,0.00633562,0.00586974,0.00532087,0.00465934,0.00399405,0.00340231,0.00276262,0.0022453
0.00690277,0.0069201,0.00659661,0.00618426,0.00568833,0.00512667,0.00449338,0.00386192,0.00328904,0.00267248,0.00215855
0.00674405,0.00670856,0.00639843,0.00600264,0.00552415,0.00496399,0.00435054,0.0037436,0.00318709,0.00259261,0.00209851
0.00656259,0.00650951,0.00621864,0.00583398,0.00534358,0.00481899,0.00424399,0.00365424,0.00309057,0.0025075,0.00203077
0.00639245,0.00632237,0.00605224,0.00567193,0.00519043,0.00467625,0.00410107,0.003518,0.00298231,0.00243059,0.00197251
0.00620036,0.00614851,0.00586228,0.0055249,0.00506205,0.00456934,0.00398778,0.0034098,0.00288779,0.00233932,0.00190574
0.00603628,0.00598916,0.00570689,0.00534581,0.00491841,0.00439966,0.00386032,0.00331222,0.0028026,0.00227407,0.00183495
0.00590018,0.00582656,0.00552771,0.0052155,0.00476857,0.00428037,0.00373817,0.0032169,0.00272434,0.00220109,0.00177688
0.00576011,0.00569351,0.00537813,0.00506663,0.00463223,0.00414851,0.00363292,0.00312929,0.00264811,0.00214088,0.00171988
0.00556933,0.00551134,0.005262,0.00492952,0.00450871,0.0040294,0.00350764,0.00302196,0.00255647,0.00207315,0.00165941
0.00538947,0.00535248,0.00510151,0.00481119,0.00438446,0.00393304,0.00343231,0.00292582,0.00247789,0.0020029,0.00161701
0.00527122,0.00520298,0.00497512,0.00464834,0.0042723,0.00381262,0.00329663,0.00283366,0.00240034,0.00194804,0.00156176
0.00512236,0.00509801,0.00482715,0.00455601,0.00413937,0.0036999,0.00324195,0.00276086,0.00233979,0.00189094,0.00150888
0.00499865,0.00496162,0.00470565,0.00441068,0.00401358,0.00360322,0.0031192,0.00268283,0.00225803,0.00183192,0.00146295
0.00485417,0.00481097,0.00457191,0.0043035,0.00391184,0.00348879,0.00305261,0.00259,0.00218899,0.0017737,0.0014143
0.00471706,0.00470048,0.00443777,0.00420123,0.00377814,0.00338563,0.00298455,0.00252872,0.00212704,0.00171223,0.00137156
0.00461248,0.00456764,0.00431113,0.00406857,0.00371441,0.00331495,0.00287492,0.00244895,0.0020708,0.00166772,0.00132452
0.0044781,0.00443187,0.00420604,0.00395968,0.00359804,0.00320455,0.00279678,0.00238189,0.00199429,0.00161537,0.0012824
0.00438169,0.00434087,0.00411478,0.00386797,0.00351709,0.00312536,0.00270366,0.00230667,0.00194679,0.00156841,0.00124448
0.00425442,0.00420446,0.00400139,0.00375721,0.0034068,0.00303749,0.00263943,0.00224761,0.0018835,0.00152122,0.0012057
0.00415042,0.00411184,0.00389253,0.00365873,0.0033194,0.00295866,0.00255241,0.00218042,0.00182285,0.00147834,0.00115846
0.00405266,0.00401013,0.00378779,0.00355612,0.00322899,0.00287018,0.00248915,0.0021163,0.00177367,0.00143963,0.00113038
0.00393633,0.00388291,0.00368127,0.00346804,0.00314075,0.00280886,0.00243174,0.00206744,0.00173024,0.00138779,0.00109372
0.00384128,0.00381739,0.00357878,0.00338238,0.00306549,0.00272349,0.00238332,0.00200434,0.00168923,0.00135014,0.00106808
0.00375836,0.00370505,0.00349863,0.00329706,0.00297839,0.00264846,0.00229452,0.00195728,0.00163122,0.00131301,0.00102735
0.00364533,0.00359265,0.00342606,0.00319731,0.0029101,0.00257554,0.00223651,0.00188946,0.00158704,0.00127118,0.000991814
0.00356788,0.00351471,0.00332582,0.00313905,0.00282803,0.00252327,0.00218054,0.00184083,0.00153623,0.0012362,0.000967973
0.00347408,0.00342183,0.00323891,0.00304526,0.00275291,0.00243973,0.00211874,0.00179619,0.00149219,0.00119855,0.000936136
0.00337265,0.00334241,0.00316615,0.00295701,0.00266853,0.00238197,0.00206819,0.00174772,0.00143919,0.00116834,0.000906408
0.00331372,0.00327247,0.00307404,0.0028972,0.00262088,0.00231098,0.00199563,0.00169778,0.00139701,0.0011312,0.000867337
0.00323279,0.00317373,0.00302092,0.00281284,0.00253266,0.00225672,0.00194428,0.00165547,0.00136164,0.00109968,0.000852741
0.00313528,0.00310663,0.00293204,0.00275113,0.00247624,0.00219815,0.00190689,0.00160712,0.00133171,0.00106628,0.000829827
0.00305655,0.00302122,0.00286889,0.00268326,0.00241611,0.00213524,0.00185087,0.00155437,0.00129949,0.00103675,0.000805916
0.0029884,0.00295339,0.00278541,0.00260349,0.00236004,0.00208526,0.00180333,0.00152159,0.00126151,0.00100707,0.00077953
0.00292565,0.00287033,0.00271442,0.00254523,0.00230016,0.00203581,0.00175893,0.00148208,0.00121524,0.000975684,0.000754815
0.00283539,0.00280723,0.00265767,0.00248768,0.00224304,0.00198754,0.00170563,0.0014383,0.00118209,0.000953775,0.000738076
0.00278872,0.00273426,0.00258844,0.00240891,0.00217704,0.00192767,0.00167476,0.00140951,0.00114686,0.000925406,0.000708464
0.0027044,0.00267586,0.00252812,0.0023656,0.00213332,0.00188312,0.00162805,0.00136359,0.00112511,0.000897671,0.000692265
0.00264476,0.00260695,0.00246215,0.00230435,0.0020818,0.00183509,0.00158047,0.00133451,0.00109458,0.000874714,0.000670721
0.00257774,0.00253504,0.00239795,0.00226097,0.00203134,0.00179186,0.00153857,0.00130695,0.00105878,0.000848829,0.000651911
0.00251917,0.00247562,0.00235066,0.00219778,0.00197572,0.00174503,0.0015,0.00126069,0.00104129,0.000826129,0.000637321
0.00245281,0.00242941,0.002284,0.00214168,0.00193337,0.00169925,0.00146507,0.00122991,0.00101074,0.000804622,0.000617036
0.00240641,0.00237438,0.00223444,0.00208151,0.00187764,0.00165751,0.00142872,0.00120345,0.000982451,0.000784984,0.000600912
0.00235129,0.00231312,0.00218319,0.00203356,0.00183845,0.0016215,0.00139299,0.00116461,0.000948892,0.00075752,0.000581665
0.00228831,0.00226088,0.00213658,0.00198409,0.00178671,0.00157587,0.0013545,0.00113704,0.000933533,0.000740648,0.000565921
0.00223919,0.00221114,0.00207008,0.00193189,0.00175308,0.00153871,0.00132697,0.00111382,0.000902629,0.000723558,0.000544382
0.0021858,0.00215238,0.00203517,0.00189886,0.00170846,0.00150006,0.00128607,0.00108335,0.000881602,0.000701829,0.000531878
0.00213399,0.00210986,0.00197332,0.00185988,0.00168214,0.00146737,0.00125186,0.00105968,0.000865724,0.000683383,0.000523335
0.00210072,0.00204734,0.00193247,0.0018114,0.0016284,0.00142704,0.00123298,0.00103395,0.000835736,0.00066872,0.000506638
0.00204328,0.0020132,0.00188457,0.00176177,0.0015895,0.00140577,0.00120134,0.00100801,0.000818354,0.000647897,0.000492667
0.00200056,0.00196182,0.00185083,0.0017217,0.00155753,0.00136314,0.00116917,0.000973591,0.000794924,0.000631309,0.000478848
0.00193988,0.00191417,0.0018181,0.00168399,0.00151467,0.00133086,0.00113787,0.000950109,0.000778023,0.000612884,0.000466278
0.00191296,0.00186805,0.00175931,0.0016453,0.00147314,0.00129936,0.00110836,0.000930571,0.000753004,0.000601752,0.000454487
0.00186104,0.00184781,0.00171518,0.00159805,0.00144547,0.00127382,0.00108512,0.000917242,0.000741741,0.000582614,0.000442313
0.00182459,0.00179595,0.00169197,0.00156839,0.00140894,0.00123916,0.00106492,0.000894032,0.000717826,0.000570429,0.000430966
0.00177583,0.00175861,0.00165694,0.00154548,0.00138625,0.00121053,0.00103609,0.000867735,0.000700333,0.000550769,0.000415927
0.00174253,0.00171454,0.00161167,0.00149688,0.00135126,0.00118506,0.00100558,0.000849301,0.000689483,0.00053545,0.000407204
0.0017028,0.00168939,0.00157928,0.00145519,0.00131755,0.00115599,0.000991213,0.000826425,0.000676226,0.000524795,0.000399833
0.00167081,0.00163881,0.00153317,0.00142363,0.00129727,0.00112383,0.000963482,0.000806582,0.000650375,0.000513406,0.000386202
0.00162433,0.00161327,0.00150107,0.00139132,0.00126107,0.00110273,0.000941496,0.000781296,0.000637013,0.000503228,0.000379596
0.00160282,0.00156905,0.00147187,0.00136847,0.00122179,0.00107342,0.000923031,0.000767084,0.000619113,0.000490694,0.000366299
0.00155945,0.00154027,0.00143456,0.00132529,0.00120848,0.00105743,0.000896494,0.000745407,0.000610684,0.000476188,0.000360929
0.00151426,0.00150597,0.00141321,0.00130774,0.00117842,0.0010265,0.000874733,0.000725827,0.000593745,0.000463194,0.000351654
0.00149931,0.00147479,0.00137721,0.00127203,0.00115286,0.00100408,0.000857449,0.000706792,0.000575353,0.000452346,0.000339661
0.00146508,0.00143209,0.00134682,0.00125312,0.0011291,0.000979873,0.000836603,0.000692359,0.0005608,0.000437624,0.000333729
0.00143296,0.00141337,0.00131345,0.00121565,0.00110131,0.000965721,0.000819385,0.000678683,0.000551206,0.000431808,0.000323327
0.00140905,0.00136638,0.00129219,0.0011985,0.00107175,0.000934586,0.000798302,0.000664104,0.000533064,0.000422499,0.000315784
0.00137054,0.00134353,0.00126594,0.00117005,0.00105135,0.000913843,0.000779694,0.000645949,0.000525055,0.000411794,0.000309678
0.00134572,0.00130979,0.00123574,0.00114536,0.00102916,0.000892233,0.000759909,0.000631447,0.000511099,0.000399766,0.000299982
0.00130528,0.00129533,0.00121382,0.00111848,0.0010108,0.000877682,0.000744346,0.0006199,0.000501871,0.000389934,0.000291509
0.00128094,0.00126453,0.00118786,0.00109236,0.0009837,0.00085691,0.000721253,0.000603736,0.000489656,0.000379737,0.000287743
0.00125674,0.00124038,0.00115511,0.00107107,0.00096794,0.000840546,0.000712497,0.00058995,0.000475247,0.000371019,0.000280571
0.00123797,0.00120032,0.00112918,0.00104928,0.000944253,0.000814256,0.000696449,0.000575803,0.000463208,0.000362962,0.000272871
0.00120227,0.00118593,0.00110793,0.0010273,0.000923938,0.000802356,0.000681149,0.000564488,0.000457437,0.000354601,0.000268009
0.00118071,0.00115779,0.00107953,0.00100335,0.000902768,0.000779968,0.000663781,0.000548965,0.000439839,0.000349278,0.000259133
0.00115458,0.00113489,0.00106278,0.000983325,0.000879776,0.000767286,0.00064925,0.000537849,0.000432108,0.000338604,0.000256354
0.00112961,0.00111318,0.00104091,0.000963442,0.000867191,0.00074881,0.000634982,0.000524358,0.000420918,0.000330825,0.000249235
0.00110622,0.00109344,0.00102075,0.000937807,0.000852436,0.000730439,0.000620876,0.000514096,0.000417451,0.000321321,0.000244419
0.0010825,0.00106732,0.00100279,0.000917647,0.000826434,0.000717465,0.000606183,0.000502392,0.000402637,0.000313768,0.000236428
0.00106729,0.00104439,0.000966262,0.000900234,0.000811415,0.000704741,0.000593718,0.000492581,0.000397097,0.000307069,0.000234603
0.00104521,0.00102066,0.000955131,0.000888907,0.000792366,0.000685578,0.0005776,0.000482646,0.000388486,0.000299778,0.000225379
0.00101684,0.000998896,0.000932682,0.000863676,0.000776924,0.000672886,0.000573737,0.000469532,0.000379679,0.000293715,0.000222256
0.00100533,0.000973902,0.000915115,0.00084955,0.000755522,0.000656527,0.000554053,0.000458655,0.000369129,0.000287395,0.000216373
0.000978386,0.000958352,0.000899357,0.000829034,0.00074108,0.00064206,0.000543987,0.000448063,0.000360691,0.000280935,0.000212343
0.000961958,0.000937302,0.000881183,0.000819396,0.000731813,0.000625416,0.000533003,0.000437902,0.000352028,0.000274169,0.000205461
0.000931588,0.000922389,0.000869691,0.000795196,0.000712516,0.000617028,0.000518136,0.000427377,0.000343391,0.000266754,0.000202492
0.000917595,0.00090545,0.000846443,0.000774214,0.000693994,0.000602331,0.000509033,0.000419876,0.000337366,0.00026133,0.000198759
0.00090768,0.000881462,0.000823768,0.000763244,0.000685937,0.000585787,0.000497123,0.00041007,0.000329031,0.000254822,0.000192936
0.00088447,0.000864326,0.000805767,0.000747994,0.000668766,0.000578062,0.000484011,0.000402146,0.000324251,0.000248288,0.000190004
0.000865782,0.000847215,0.00079528,0.000733563,0.000656455,0.000564117,0.000474784,0.000392239,0.000315082,0.000244379,0.00018338
0.000854649,0.00082921,0.000778064,0.000718898,0.000642699,0.000551769,0.00046513,0.000384799,0.000307521,0.000238742,0.000179225
0.000830411,0.000816512,0.000759557,0.00070418,0.000628634,0.000541543,0.000456104,0.000376183,0.000302117,0.000233962,0.000177452
0.000820878,0.000798777,0.000744197,0.000688919,0.000614038,0.000528682,0.000444982,0.000367548,0.00029622,0.0002287,0.000171808
0.000797153,0.000788227,0.000732653,0.000673106,0.000601747,0.000519171,0.000437085,0.000359797,0.000288513,0.000223665,0.000169687
0.000782754,0.000767841,0.000718171,0.000660901,0.000588509,0.000509263,0.000428465,0.000352024,0.00028412,0.000218425,0.000165316
0.000771824,0.000751019,0.000699602,0.000649651,0.000576885,0.000498021,0.000418287,0.00034399,0.000277615,0.000213034,0.000161145
0.000756482,0.000734456,0.000686801,0.000638856,0.000565047,0.000485624,0.000407944,0.000337431,0.000270437,0.000209096,0.000156851
0.000740583,0.000719838,0.000673822,0.00062554,0.000553304,0.000478496,0.000402247,0.000329455,0.000262835,0.000205322,0.000153357
0.000725083,0.000706326,0.000663813,0.000611417,0.000544408,0.000467757,0.000391135,0.000322767,0.00025844,0.000199702,0.000149928
0.000709614,0.000692323,0.000649993,0.000601656,0.000532847,0.000456217,0.000382811,0.000314433,0.000254318,0.000195221,0.000147247
0.000699976,0.000684015,0.000637657,0.000587579,0.000523947,0.000448798,0.000371923,0.000309375,0.000247444,0.000191774,0.000143219
0.000681016,0.000669105,0.000627233,0.000573523,0.000510352,0.000439914,0.000368912,0.000301979,0.000241636,0.000186208,0.000141145
0.000669024,0.000653435,0.000611791,0.000561959,0.000501202,0.000431184,0.000361008,0.000296739,0.000237458,0.000182647,0.000137746
0.000657454,0.000641218,0.000600023,0.000553255,0.000492281,0.000420926,0.000352613,0.000288944,0.000231701,0.000179002,0.000134268
0.00064351,0.000626236,0.000589364,0.00054217,0.000481279,0.000413173,0.000346418,0.000283453,0.000226349,0.000176034,0.0001314
0.000632295,0.000616417,0.000577182,0.00053028,0.000469831,0.000404544,0.000339364,0.000277854,0.000222712,0.000171379,0.000128868
0.000621891,0.000604205,0.0005654,0.000518766,0.000464125,0.000395203,0.000332319,0.000272227,0.000217567,0.000166901,0.000125608
0.000608174,0.000593004,0.00055518,0.000510469,0.000454009,0.000390214,0.000323684,0.000266221,0.000213396,0.000164675,0.000123018
0.000594403,0.000582507,0.000545684,0.00050161,0.000443512,0.000381581,0.000317699,0.000260449,0.000208982,0.000160983,0.000120286
0.000583778,0.000570599,0.000536661,0.000490557,0.000436616,0.000374893,0.000311202,0.0002552,0.000202376,0.000156975,0.00011734
0.000575928,0.000558378,0.000523455,0.000482088,0.000426082,0.000365192,0.000304104,0.000248911,0.000200854,0.000154369,0.000114884
0.000563985,0.000545979,0.000511615,0.000471817,0.000419336,0.000357106,0.00029859,0.00024397,0.000196713,0.000149326,0.000112303
0.000552891,0.000537928,0.000503743,0.000463542,0.000407707,0.000350678,0.000293213,0.00023938,0.000192339,0.000147269,0.000110811
0.000543571,0.000528957,0.000493637,0.000452742,0.00040166,0.000344089,0.000286433,0.000234518,0.000187329,0.00014463,0.000107741
0.000532007,0.000516566,0.000485407,0.000445352,0.000394318,0.000337408,0.000281092,0.000229264,0.000183511,0.000141035,0.000105252
0.000521744,0.000508983,0.000477322,0.000437872,0.000385536,0.00033074,0.000276282,0.000225223,0.000179508,0.000137529,0.000102211
0.000515085,0.000498308,0.000464321,0.000428073,0.000380084,0.000324603,0.000270217,0.000219428,0.000176716,0.000134576,0.000100623
0.000501436,0.000490879,0.000460925,0.000421051,0.000372592,0.000318385,0.000264373,0.000215447,0.00017191,0.000131481,9.80572e-05
0.000493055,0.000479475,0.000449892,0.00041261,0.000366088,0.000313501,0.000258192,0.000211357,0.00016882,0.000128706,9.53344e-05
0.00048437,0.000470642,0.000441253,0.000404704,0.000357327,0.000304783,0.000254781,0.000206559,0.000165582,0.000126125,9.38894e-05
0.00047489,0.00046247,0.000433962,0.000396627,0.000351512,0.000299453,0.000248504,0.000202269,0.000162188,0.000123385,9.21464e-05
0.00046598,0.000453051,0.000422783,0.000389707,0.000344385,0.000293658,0.00024482,0.000198262,0.000158291,0.000121159,8.96005e-05
0.000456273,0.000445478,0.000416719,0.000382407,0.000338124,0.000289079,0.000239343,0.000193897,0.000154594,0.000118917,8.75457e-05
0.000450503,0.000438679,0.0004098,0.000375949,0.000331379,0.000282858,0.000234463,0.000190909,0.000152642,0.000116986,8.5787e-05
0.0004381,0.000427925,0.000400927,0.000368453,0.000324603,0.000276868,0.00023065,0.000185293,0.000149541,0.00011365,8.4345e-05
0.000432293,0.000422378,0.000394878,0.000359942,0.000318745,0.000272498,0.000225824,0.000182192,0.00014527,0.000111552,8.24684e-05
0.000423021,0.000411856,0.000387533,0.000354089,0.000313634,0.000266376,0.000219933,0.000178368,0.00014249,0.000109235,8.08434e-05
0.000418089,0.000405595,0.000380577,0.000348104,0.000305839,0.00026158,0.000216298,0.000175056,0.000140895,0.000106181,7.861e-05
0.000408975,0.000397107,0.000373012,0.000343005,0.000299628,0.000256771,0.000212854,0.000171004,0.000137178,0.000104503,7.70691e-05
0.000401618,0.000389451,0.000366362,0.000336542,0.000294202,0.000252136,0.000207455,0.000168119,0.000134985,0.000102307,7.4616e-05
0.000393695,0.000384534,0.000361337,0.000328649,0.000290199,0.000247072,0.000203593,0.00016489,0.000131517,0.000100647,7.35487e-05
0.000388877,0.000376374,0.000354472,0.000322767,0.000284231,0.000241341,0.000200763,0.000160887,0.000128349,9.80422e-05,7.17237e-05
0.000380046,0.00037044,0.000347347,0.000317338,0.00027872,0.000237912,0.000196062,0.000157323,0.000126995,9.60484e-05,7.05324e-05
0.000372253,0.0003651,0.000341453,0.000310191,0.00027343,0.000233002,0.000191016,0.000154288,0.000123234,9.42907e-05,6.88717e-05
0.000366156,0.000355612,0.000334633,0.00030594,0.000268863,0.000228207,0.000188349,0.000151674,0.000122017,9.27379e-05,6.69311e-05
0.000360976,0.00035256,0.000328495,0.000298543,0.000261961,0.000224002,0.000185394,0.000148627,0.000119294,9.00687e-05,6.60505e-05
0.000352247,0.000342483,0.000323045,0.000293584,0.000259214,0.000220627,0.00017973,0.000147172,0.000116881,8.85635e-05,6.49835e-05
0.000346694,0.00033828,0.000315714,0.000289387,0.000252695,0.000214877,0.000178621,0.000143296,0.000114456,8.68637e-05,6.33206e-05
0.000340152,0.000332786,0.000312381,0.000284319,0.000249391,0.000213155,0.000173096,0.000140879,0.000111928,8.58184e-05,6.17915e-05
0.000335996,0.000326324,0.000305074,0.000277293,0.000244084,0.000209367,0.000171073,0.000136824,0.00010954,8.33773e-05,6.0788e-05
0.000328509,0.000320689,0.000299381,0.0002737,0.000240485,0.000204647,0.000166781,0.000134281,0.000108707,8.16732e-05,5.95254e-05
0.000323917,0.000315033,0.000294758,0.000268352,0.000235069,0.0002019,0.000164903,0.00013106,0.000105407,8.02141e-05,5.86418e-05
0.000316957,0.000309139,0.000289888,0.000263626,0.000231721,0.000197041,0.000161536,0.000129135,0.000103813,7.81544e-05,5.71812e-05
0.000312123,0.000303208,0.000284726,0.000258153,0.000225939,0.000192081,0.00015834,0.000126237,0.000102182,7.66568e-05,5.60059e-05
0.000305522,0.000298038,0.000280074,0.000254638,0.000222585,0.000189527,0.000155401,0.000124599,9.95567e-05,7.53822e-05,5.44942e-05
0.000301193,0.000290827,0.000275615,0.000249196,0.000218278,0.0001858,0.000151962,0.000121541,9.74758e-05,7.35433e-05,5.33261e-05
0.000295036,0.000287866,0.000268788,0.000245413,0.00021651,0.000181584,0.000149089,0.000119125,9.56138e-05,7.30465e-05,5.23237e-05
0.000288893,0.000281851,0.00026523,0.000241021,0.00021027,0.000179017,0.000146625,0.000116555,9.38208e-05,7.09391e-05,5.13424e-05
0.00028536,0.000278101,0.000260582,0.000235122,0.000207446,0.000177322,0.000143033,0.000115473,9.08903e-05,7.0179e-05,5.06122e-05
0.000279795,0.000272433,0.000256901,0.000233415,0.000202148,0.000172548,0.000141271,0.000113124,9.05789e-05,6.83523e-05,4.93367e-05
0.000273291,0.000267637,0.00025155,0.000229126,0.000199101,0.000169676,0.000138154,0.000110831,8.87754e-05,6.7291e-05,4.80544e-05
0.000271988,0.000263024,0.00024726,0.000224534,0.000195513,0.000166812,0.000135842,0.000108419,8.65468e-05,6.58151e-05,4.7236e-05
0.000266476,0.00025779,0.000243626,0.000222523,0.000192268,0.00016324,0.000134668,0.000106663,8.51255e-05,6.4466e-05,4.66421e-05
0.000263848,0.00025647,0.000239289,0.00021478,0.00019046,0.000160854,0.000130487,0.000105223,8.32046e-05,6.29228e-05,4.5936e-05
0.000256633,0.000249054,0.000235577,0.000213077,0.000185585,0.000157737,0.000128515,0.000102403,8.17316e-05,6.23471e-05,4.49019e-05
0.000252311,0.000246231,0.000230831,0.000209342,0.000183854,0.000154496,0.000126571,0.000100715,8.12922e-05,6.11354e-05,4.36284e-05
0.000247904,0.000244313,0.000227437,0.000206087,0.000178432,0.000151605,0.000124291,9.84252e-05,7.84962e-05,5.97501e-05,4.28143e-05
0.000243412,0.000236907,0.000224304,0.000202725,0.000176434,0.000148862,0.000121987,9.64726e-05,7.75233e-05,5.82143e-05,4.1716e-05
0.000239865,0.00023338,0.000218882,0.000199005,0.00017287,0.000146415,0.000119864,9.50937e-05,7.55297e-05,5.78266e-05,4.1039e-05
0.000235717,0.000229117,0.000213751,0.000195442,0.000169157,0.000142669,0.000117525,9.30158e-05,7.54701e-05,5.64487e-05,4.07245e-05
0.000230933,0.000226414,0.000210412,0.000191254,0.000166463,0.000142239,0.000114239,9.18876e-05,7.25429e-05,5.53882e-05,3.97046e-05
0.000229999,0.000220365,0.000208008,0.000187902,0.000163066,0.000139419,0.000112284,8.93509e-05,7.14444e-05,5.44168e-05,3.87886e-05
0.000225466,0.00021542,0.000205264,0.000185306,0.000160534,0.000136245,0.000111277,8.76388e-05,7.0853e-05,5.31829e-05,3.80023e-05
0.000220497,0.000214525,0.000200885,0.000180945,0.00015812,0.000134645,0.000109307,8.63792e-05,6.86719e-05,5.23661e-05,3.76648e-05
0.000216353,0.000210105,0.000198127,0.000178967,0.000155141,0.000130792,0.000106702,8.45892e-05,6.78003e-05,5.15481e-05,3.69383e-05
0.000213406,0.000206905,0.000194647,0.000176182,0.000151905,0.000129103,0.000105129,8.29061e-05,6.67817e-05,5.0188e-05,3.59579e-05
0.000209382,0.000203251,0.000190989,0.000173579,0.00014961,0.000126872,0.000103862,8.19425e-05,6.56467e-05,4.9608e-05,3.54678e-05
0.000204026,0.000200267,0.000188096,0.000170282,0.000148028,0.00012413,0.000101096,7.98845e-05,6.39051e-05,4.7998e-05,3.48539e-05
0.000202316,0.000196988,0.000184907,0.000166856,0.000144978,0.000122196,0.000100279,7.87339e-05,6.31212e-05,4.79697e-05,3.44817e-05
0.000198574,0.000193139,0.000182397,0.000164411,0.000142147,0.000120694,9.76634e-05,7.67211e-05,6.14941e-05,4.64624e-05,3.31996e-05
0.00019625,0.000190722,0.000179702,0.00016212,0.000139431,0.000118649,9.57061e-05,7.5665e-05,6.10436e-05,4.63248e-05,3.27216e-05
0.000193391,0.000187204,0.000175326,0.000159177,0.000136037,0.000115346,9.38451e-05,7.447e-05,5.94808e-05,4.52458e-05,3.24588e-05
0.000189177,0.000183092,0.000174504,0.000157106,0.000134549,0.000113923,9.29918e-05,7.28095e-05,5.8401e-05,4.4415e-05,3.17894e-05
0.000186169,0.000181408,0.000171019,0.000153346,0.000131509,0.00011229,9.07596e-05,7.14223e-05,5.73482e-05,4.32131e-05,3.10966e-05
0.000183933,0.000177941,0.000167105,0.000150644,0.000130212,0.000111036,8.92229e-05,7.11634e-05,5.68793e-05,4.29892e-05,3.05145e-05
0.000181113,0.00017449,0.000165274,0.00014758,0.00012689,0.000108229,8.75999e-05,6.98802e-05,5.52537e-05,4.20459e-05,2.99518e-05
0.000177271,0.00017371,0.000162929,0.000147561,0.000124717,0.000105323,8.69348e-05,6.75886e-05,5.49887e-05,4.08027e-05,2.96164e-05
0.000174721,0.000170053,0.000160715,0.000142374,0.000123374,0.000104113,8.50355e-05,6.60357e-05,5.38056e-05,4.00848e-05,2.90619e-05
0.00017055,0.000166043,0.000156432,0.000140403,0.000121981,0.000102978,8.2687e-05,6.5299e-05,5.2382e-05,3.98577e-05,2.86355e-05
0.000169493,0.000163766,0.000154272,0.000137887,0.000117444,0.000101238,8.12545e-05,6.37068e-05,5.14393e-05,3.89761e-05,2.79876e-05
0.000165391,0.000159948,0.000151461,0.000137927,0.000118123,9.83212e-05,8.06222e-05,6.28365e-05,5.04247e-05,3.84077e-05,2.79026e-05
0.000161851,0.000156451,0.000150502,0.000134424,0.000115904,9.64008e-05,7.88764e-05,6.21989e-05,4.93007e-05,3.72386e-05,2.74389e-05
0.000158781,0.000156134,0.000146656,0.000132714,0.000114158,9.55474e-05,7.7621e-05,5.98796e-05,4.9129e-05,3.6983e-05,2.63848e-05
0.000158397,0.000155299,0.000143995,0.000128434,0.000112219,9.45272e-05,7.50104e-05,6.0032e-05,4.81003e-05,3.66377e-05,2.61745e-05
0.000155965,0.000150699,0.000141979,0.000127337,0.000109193,9.18317e-05,7.49331e-05,5.79852e-05,4.74141e-05,3.5876e-05,2.59312e-05
0.000153981,0.000147515,0.000140142,0.000124355,0.000106488,9.02072e-05,7.35944e-05,5.79374e-05,4.62786e-05,3.49829e-05,2.52179e-05
0.000150506,0.000143722,0.000138345,0.000124479,0.000105211,8.87999e-05,7.23473e-05,5.66383e-05,4.54978e-05,3.45325e-05,2.48927e-05
0.000148054,0.000143038,0.000135237,0.000122393,0.00010316,8.72039e-05,7.14892e-05,5.49469e-05,4.48916e-05,3.37067e-05,2.45762e-05
0.000144592,0.000140711,0.000132038,0.000121329,0.000101779,8.45428e-05,7.07724e-05,5.46017e-05,4.45708e-05,3.32492e-05,2.43331e-05
0.000143888,0.000139141,0.000131297,0.000117696,0.000100981,8.43564e-05,6.89081e-05,5.36782e-05,4.29117e-05,3.27459e-05,2.35226e-05
0.000141096,0.00013541,0.000130361,0.000116042,9.78804e-05,8.32692e-05,6.81975e-05,5.26898e-05,4.29421e-05,3.22988e-05,2.30676e-05
0.000139348,0.000134209,0.000128336,0.000113388,9.68859e-05,8.11032e-05,6.62377e-05,5.15041e-05,4.17353e-05,3.19115e-05,2.2796e-05
0.000136652,0.000132799,0.000125183,0.000110963,9.5779e-05,8.10992e-05,6.51526e-05,5.10436e-05,4.06236e-05,3.11133e-05,2.25972e-05
0.000133952,0.000130735,0.000121851,0.000108975,9.46675e-05,7.86611e-05,6.41335e-05,4.96588e-05,4.04735e-05,3.06154e-05,2.22506e-05
0.000131905,0.000126782,0.000121042,0.000107098,9.22936e-05,7.76431e-05,6.25107e-05,4.93308e-05,3.93747e-05,3.01573e-05,2.20461e-05
0.000129693,0.000126748,0.000118669,0.000106694,8.98699e-05,7.55614e-05,6.17168e-05,4.78962e-05,3.921e-05,2.97961e-05,2.16873e-05
0.000128122,0.00012277,0.000117542,0.000103872,8.95739e-05,7.51534e-05,6.06115e-05,4.727e-05,3.90428e-05,2.90899e-05,2.11178e-05
0.000127497,0.000122091,0.000115012,0.000102629,8.80344e-05,7.36329e-05,5.98622e-05,4.60791e-05,3.77963e-05,2.90024e-05,2.08848e-05
0.000124033,0.000118946,0.000112951,0.000100338,8.61548e-05,7.2631e-05,5.87477e-05,4.58091e-05,3.71803e-05,2.80262e-05,2.0718e-05
0.000123736,0.000116188,0.000112435,9.94488e-05,8.47193e-05,7.11399e-05,5.86047e-05,4.55221e-05,3.62854e-05,2.77615e-05,2.03528e-05
0.000120884,0.000115684,0.000109195,9.79643e-05,8.33706e-05,6.99846e-05,5.69091e-05,4.39222e-05,3.60017e-05,2.74962e-05,1.99703e-05
0.000119262,0.000113468,0.000107707,9.6675e-05,8.25593e-05,6.75675e-05,5.60946e-05,4.38086e-05,3.51168e-05,2.6688e-05,1.9837e-05
0.000115123,0.000114103,0.000106535,9.46506e-05,8.01312e-05,6.68279e-05,5.4415e-05,4.23092e-05,3.46109e-05,2.65508e-05,1.93977e-05
0.000114144,0.000111595,0.000105655,9.33422e-05,7.96415e-05,6.71208e-05,5.39386e-05,4.23627e-05,3.4283e-05,2.61476e-05,1.88532e-05
0.000114332,0.000108713,0.000104495,9.07969e-05,7.86318e-05,6.51626e-05,5.26172e-05,4.14704e-05,3.30816e-05,2.59763e-05,1.87329e-05
0.000111863,0.000107721,0.000102082,9.0752e-05,7.69948e-05,6.35994e-05,5.20671e-05,4.07322e-05,3.26622e-05,2.53956e-05,1.85179e-05
0.000109719,0.000105348,0.000100734,8.80009e-05,7.56849e-05,6.24697e-05,5.13865e-05,3.99521e-05,3.22316e-05,2.4788e-05,1.82723e-05
0.00010808,0.000103049,9.72068e-05,8.63863e-05,7.33594e-05,6.17962e-05,5.04029e-05,3.96607e-05,3.21589e-05,2.45879e-05,1.79422e-05
0.000107303,0.000102584,9.80157e-05,8.6727e-05,7.34457e-05,6.04927e-05,4.98513e-05,3.81466e-05,3.13107e-05,2.40852e-05,1.76644e-05
0.000104431,0.000100914,9.5941e-05,8.3777e-05,7.09573e-05,6.00168e-05,4.89005e-05,3.78977e-05,3.08819e-05,2.37147e-05,1.73924e-05
0.000103052,0.000100965,9.36935e-05,8.3556e-05,7.03639e-05,5.93297e-05,4.74237e-05,3.73209e-05,3.06728e-05,2.35704e-05,1.70999e-05
0.000100478,9.76827e-05,9.27186e-05,8.17622e-05,6.96589e-05,5.76754e-05,4.70846e-05,3.69169e-05,3.00288e-05,2.30762e-05,1.69294e-05
9.94356e-05,9.64751e-05,9.07049e-05,8.01265e-05,6.80398e-05,5.68448e-05,4.58849e-05,3.61114e-05,2.94509e-05,2.26891e-05,1.6628e-05
9.89284e-05,9.42622e-05,8.92558e-05,7.84206e-05,6.66066e-05,5.6154e-05,4.54733e-05,3.5379e-05,2.88763e-05,2.21732e-05,1.65427e-05
9.69456e-05,9.26618e-05,8.84656e-05,7.75171e-05,6.65612e-05,5.46701e-05,4.46492e-05,3.44607e-05,2.81214e-05,2.21741e-05,1.62307e-05
9.50332e-05,9.18459e-05,8.64988e-05,7.70477e-05,6.49471e-05,5.41785e-05,4.36569e-05,3.3988e-05,2.78367e-05,2.16888e-05,1.60118e-05
9.23877e-05,9.11949e-05,8.57297e-05,7.57717e-05,6.45472e-05,5.31248e-05,4.31119e-05,3.36902e-05,2.76725e-05,2.13748e-05,1.56849e-05
9.52901e-05,8.89016e-05,8.59883e-05,7.53319e-05,6.15644e-05,5.18338e-05,4.32468e-05,3.2978e-05,2.73148e-05,2.11704e-05,1.54947e-05
9.03279e-05,8.90549e-05,8.3819e-05,7.50815e-05,6.22481e-05,5.13605e-05,4.21399e-05,3.31273e-05,2.68948e-05,2.08628e-05,1.5358e-05
8.86878e-05,8.72392e-05,8.08384e-05,7.21254e-05,6.0875e-05,5.00943e-05,4.15709e-05,3.21185e-05,2.64302e-05,2.03523e-05,1.52014e-05
8.83795e-05,8.4739e-05,8.11438e-05,7.24305e-05,5.98502e-05,4.99377e-05,4.08528e-05,3.16907e-05,2.58148e-05,2.01199e-05,1.48074e-05
8.76369e-05,8.49652e-05,7.96514e-05,6.97482e-05,5.90263e-05,4.84141e-05,4.02156e-05,3.12469e-05,2.56473e-05,1.98764e-05,1.47967e-05
8.49967e-05,8.2351e-05,7.83698e-05,6.97359e-05,5.74195e-05,4.74393e-05,3.93395e-05,3.01994e-05,2.48345e-05,1.92593e-05,1.4583e-05
8.4128e-05,8.12242e-05,7.64588e-05,6.72476e-05,5.74661e-05,4.77978e-05,3.86055e-05,2.99564e-05,2.48336e-05,1.92646e-05,1.44199e-05
