0.000358254,0.000346104,0.000344564,0.000326977,0.000325989,0.000316021,0.000303848,0.000296287,0.000279395,0.000270021,0.000258059
0.000339733,0.000330167,0.000326164,0.000311311,0.00030477,0.000300979,0.000288971,0.000274247,0.000261832,0.000250953,0.000240963
0.000323366,0.000310679,0.000308345,0.000293702,0.000288854,0.000283924,0.000268068,0.000261847,0.000245093,0.000235667,0.000224428
0.000306352,0.000295836,0.000290735,0.000280661,0.000271356,0.000268794,0.000255173,0.000243719,0.000231358,0.000220852,0.000210355
0.000292365,0.000281712,0.000276339,0.000268673,0.000257818,0.000255219,0.000241354,0.000229665,0.000219415,0.000208187,0.000198741
0.00027951,0.000268731,0.000263561,0.000257999,0.000246163,0.000243769,0.000229632,0.000218058,0.000209343,0.000196936,0.000188831
0.000267789,0.000257434,0.000251656,0.000247126,0.000234139,0.000231413,0.000217444,0.000205261,0.000198272,0.000186339,0.00017902
0.000256898,0.000247107,0.000241023,0.00023764,0.000223194,0.00022076,0.000206763,0.000195243,0.000189102,0.000176926,0.000170581
0.000246525,0.00023699,0.000231157,0.000227607,0.000213739,0.000211059,0.000197936,0.000185721,0.000180077,0.000168457,0.000162553
0.00023677,0.000228974,0.000222109,0.000218869,0.000205559,0.000201881,0.000190024,0.000177238,0.000171825,0.000161227,0.000156135
0.000227928,0.000219305,0.000213666,0.000210379,0.000196386,0.000193508,0.000182075,0.000169348,0.0001648,0.000153713,0.000148125
0.000218997,0.000211065,0.000206755,0.000202088,0.000189155,0.000186412,0.000174669,0.000162611,0.000157661,0.000147455,0.000141469
0.000210891,0.000203258,0.000198105,0.000194357,0.000182226,0.00017847,0.000168766,0.000156631,0.00015143,0.000141294,0.000135093
0.000202669,0.0001959,0.000190914,0.000187871,0.000175782,0.000171247,0.000163427,0.000149871,0.000145239,0.000135725,0.000129547
0.000196058,0.00018924,0.000184722,0.000180354,0.000169742,0.000165436,0.000157054,0.000144891,0.000139961,0.000130046,0.00012355
0.000189877,0.000183236,0.000179011,0.0001745,0.000164237,0.000159529,0.000151265,0.000139768,0.000135085,0.00012501,0.000118366
0.000182626,0.000176905,0.000172903,0.00016798,0.000159456,0.000154518,0.000147623,0.000135406,0.000129383,0.000120653,0.000113979
0.000177347,0.000171504,0.00016723,0.000162925,0.000154414,0.000149244,0.00014214,0.000130591,0.000125328,0.000115854,0.000109175
0.00017232,0.000165996,0.000161688,0.000157086,0.000149521,0.000144248,0.000137216,0.000127038,0.000120703,0.000111474,0.00010476
0.000166598,0.000160885,0.000157021,0.00015219,0.000144801,0.000139151,0.000133159,0.000122703,0.000117054,0.000107455,0.000100663
0.000162122,0.000155994,0.0001519,0.000147135,0.000140891,0.000135091,0.000128564,0.000119256,0.000112731,0.000103651,9.72239e-05
0.000156234,0.000151259,0.000147453,0.000143201,0.000137214,0.000130004,0.000125137,0.000114478,0.000109154,0.000100484,9.40586e-05
0.000152655,0.000146567,0.000143584,0.000138296,0.000133453,0.000126642,0.000120491,0.00011234,0.000105743,9.67816e-05,9.06434e-05
0.000147804,0.000143471,0.000139752,0.000133744,0.000129423,0.000122967,0.00011734,0.000107639,0.000102338,9.38099e-05,8.72716e-05
0.000143718,0.000138425,0.000134841,0.000129453,0.000126124,0.000118405,0.000112942,0.000105288,9.9042e-05,9.06757e-05,8.49473e-05
0.000139364,0.000134604,0.000130938,0.000125415,0.000121714,0.000115188,0.000109581,0.000101484,9.65427e-05,8.77584e-05,8.17264e-05
0.000135673,0.00013047,0.000126863,0.000121944,0.000118582,0.000111889,0.000106293,9.87552e-05,9.26779e-05,8.51624e-05,7.97094e-05
0.000131443,0.000127176,0.000123669,0.000118037,0.000114655,0.000108584,0.000103076,9.5356e-05,9.08148e-05,8.24225e-05,7.65569e-05
0.000128164,0.000123709,0.000119711,0.000114981,0.000111929,0.000105436,9.97336e-05,9.27243e-05,8.71968e-05,7.99247e-05,7.46412e-05
0.000124626,0.00012034,0.00011653,0.00011118,0.000108264,0.000103176,9.67214e-05,8.97867e-05,8.53115e-05,7.76454e-05,7.19791e-05
0.000121836,0.000116669,0.000113121,0.000108293,0.000105531,9.97294e-05,9.39042e-05,8.75462e-05,8.18724e-05,7.56241e-05,7.01713e-05
0.00011803,0.000114055,0.000110215,0.000104848,0.00010224,9.66437e-05,9.11719e-05,8.47927e-05,7.98815e-05,7.2978e-05,6.75159e-05
0.000114878,0.000110838,0.000106947,0.000101915,9.92831e-05,9.40506e-05,8.84395e-05,8.23437e-05,7.74765e-05,7.08915e-05,6.54069e-05
0.000112034,0.000107737,0.000104065,9.9039e-05,9.63658e-05,9.1445e-05,8.58312e-05,8.00407e-05,7.5177e-05,6.88975e-05,6.33898e-05
0.000108989,0.000104757,0.000101146,9.65013e-05,9.3637e-05,8.91173e-05,8.33304e-05,7.7769e-05,7.26665e-05,6.69079e-05,6.14628e-05
0.000105894,0.00010258,9.853e-05,9.35754e-05,9.09404e-05,8.65769e-05,8.09649e-05,7.55605e-05,7.06439e-05,6.47519e-05,5.96376e-05
0.000103465,9.96424e-05,9.57075e-05,9.11568e-05,8.82819e-05,8.42795e-05,7.8354e-05,7.361e-05,6.85146e-05,6.28266e-05,5.78735e-05
0.00010073,9.68564e-05,9.31039e-05,8.8637e-05,8.5804e-05,8.19154e-05,7.59643e-05,7.15131e-05,6.63997e-05,6.09164e-05,5.60401e-05
9.81458e-05,9.38198e-05,9.03877e-05,8.63389e-05,8.33766e-05,7.96189e-05,7.38647e-05,6.93086e-05,6.4175e-05,5.9347e-05,5.43728e-05
9.5326e-05,9.18217e-05,8.80487e-05,8.34616e-05,8.09726e-05,7.72288e-05,7.17272e-05,6.78812e-05,6.25286e-05,5.74346e-05,5.23635e-05
9.28392e-05,8.90061e-05,8.55256e-05,8.13856e-05,7.855e-05,7.50967e-05,6.93702e-05,6.56918e-05,6.05397e-05,5.56237e-05,5.08639e-05
9.02799e-05,8.64103e-05,8.30796e-05,7.92491e-05,7.62863e-05,7.303e-05,6.73766e-05,6.37119e-05,5.86905e-05,5.38862e-05,4.93426e-05
8.7974e-05,8.41042e-05,8.0914e-05,7.7403e-05,7.42959e-05,7.11362e-05,6.5347e-05,6.22226e-05,5.69715e-05,5.22659e-05,4.78783e-05
8.51588e-05,8.14636e-05,7.83942e-05,7.47815e-05,7.18551e-05,6.87761e-05,6.33161e-05,6.0198e-05,5.50683e-05,5.06144e-05,4.62189e-05
8.30641e-05,7.9043e-05,7.64244e-05,7.28407e-05,6.98462e-05,6.70972e-05,6.17753e-05,5.87792e-05,5.37417e-05,4.93231e-05,4.46908e-05
8.0345e-05,7.69279e-05,7.38841e-05,7.06707e-05,6.7676e-05,6.47953e-05,5.96118e-05,5.66154e-05,5.16169e-05,4.74586e-05,4.31887e-05
7.81368e-05,7.4738e-05,7.21141e-05,6.90396e-05,6.59503e-05,6.30224e-05,5.80613e-05,5.52743e-05,5.02125e-05,4.60649e-05,4.19294e-05
7.56499e-05,7.24663e-05,6.96703e-05,6.64842e-05,6.36491e-05,6.08735e-05,5.60137e-05,5.32416e-05,4.83821e-05,4.43766e-05,4.02646e-05
7.32399e-05,7.00605e-05,6.72662e-05,6.45517e-05,6.19612e-05,5.91666e-05,5.41723e-05,5.15785e-05,4.66607e-05,4.30537e-05,3.90822e-05
7.10356e-05,6.78032e-05,6.53519e-05,6.27941e-05,6.0034e-05,5.72125e-05,5.2572e-05,5.00614e-05,4.51225e-05,4.16153e-05,3.78081e-05
6.89697e-05,6.58414e-05,6.30939e-05,6.07136e-05,5.81789e-05,5.54099e-05,5.07676e-05,4.82823e-05,4.35869e-05,4.02653e-05,3.64514e-05
6.69245e-05,6.36965e-05,6.14765e-05,5.8854e-05,5.61761e-05,5.33433e-05,4.92849e-05,4.64954e-05,4.22018e-05,3.88103e-05,3.5046e-05
6.46669e-05,6.17824e-05,5.94929e-05,5.70269e-05,5.44947e-05,5.14694e-05,4.75204e-05,4.50011e-05,4.06166e-05,3.73967e-05,3.38726e-05
6.2565e-05,5.9685e-05,5.74937e-05,5.51938e-05,5.26535e-05,4.98444e-05,4.59606e-05,4.35179e-05,3.93483e-05,3.61337e-05,3.25815e-05
6.04095e-05,5.77211e-05,5.56206e-05,5.33648e-05,5.08992e-05,4.81252e-05,4.4474e-05,4.20368e-05,3.79305e-05,3.48848e-05,3.13647e-05
5.84838e-05,5.58468e-05,5.36465e-05,5.15992e-05,4.93959e-05,4.66816e-05,4.3101e-05,4.05737e-05,3.66131e-05,3.36932e-05,3.02898e-05
5.6393e-05,5.39404e-05,5.1948e-05,4.99202e-05,4.7572e-05,4.49213e-05,4.15957e-05,3.92391e-05,3.53777e-05,3.24837e-05,2.90472e-05
5.4759e-05,5.20548e-05,5.02517e-05,4.82651e-05,4.60251e-05,4.33477e-05,4.00639e-05,3.76758e-05,3.40756e-05,3.12841e-05,2.8064e-05
5.29168e-05,5.03794e-05,4.85514e-05,4.6629e-05,4.44268e-05,4.18418e-05,3.8703e-05,3.63377e-05,3.28625e-05,3.01417e-05,2.70184e-05
5.12028e-05,4.88544e-05,4.6919e-05,4.51243e-05,4.29382e-05,4.03783e-05,3.74069e-05,3.50309e-05,3.16771e-05,2.90667e-05,2.6037e-05
4.98873e-05,4.70822e-05,4.54488e-05,4.35467e-05,4.13551e-05,3.90766e-05,3.62522e-05,3.38246e-05,3.05917e-05,2.80142e-05,2.49996e-05
4.78425e-05,4.53937e-05,4.38342e-05,4.20246e-05,4.0047e-05,3.75847e-05,3.48294e-05,3.24802e-05,2.95061e-05,2.70581e-05,2.41426e-05
4.62359e-05,4.39141e-05,4.22761e-05,4.05905e-05,3.86325e-05,3.62968e-05,3.36021e-05,3.1282e-05,2.84388e-05,2.60002e-05,2.32281e-05
4.47371e-05,4.2456e-05,4.06849e-05,3.91972e-05,3.73469e-05,3.51262e-05,3.25236e-05,3.01204e-05,2.74416e-05,2.51348e-05,2.24144e-05
4.32378e-05,4.10376e-05,3.94468e-05,3.78701e-05,3.60242e-05,3.38263e-05,3.13371e-05,2.90381e-05,2.64847e-05,2.4174e-05,2.15356e-05
4.22671e-05,3.99813e-05,3.85555e-05,3.70686e-05,3.51156e-05,3.30874e-05,3.056e-05,2.82796e-05,2.58605e-05,2.34789e-05,2.09452e-05
4.03607e-05,3.83988e-05,3.69971e-05,3.53246e-05,3.37189e-05,3.15409e-05,2.92654e-05,2.7037e-05,2.4695e-05,2.25838e-05,1.99777e-05
3.92928e-05,3.72279e-05,3.56664e-05,3.41793e-05,3.25599e-05,3.048e-05,2.82926e-05,2.60501e-05,2.38578e-05,2.17067e-05,1.92833e-05
3.81581e-05,3.59881e-05,3.45542e-05,3.30563e-05,3.15612e-05,2.94916e-05,2.73543e-05,2.51492e-05,2.30435e-05,2.09467e-05,1.86032e-05
3.67084e-05,3.48937e-05,3.34749e-05,3.19791e-05,3.04703e-05,2.85106e-05,2.64573e-05,2.42749e-05,2.23203e-05,2.02687e-05,1.79521e-05
3.56699e-05,3.38218e-05,3.24252e-05,3.09978e-05,2.95557e-05,2.75892e-05,2.5657e-05,2.35003e-05,2.15805e-05,1.96421e-05,1.73397e-05
3.46986e-05,3.29478e-05,3.14775e-05,3.00396e-05,2.86162e-05,2.66909e-05,2.4811e-05,2.27432e-05,2.09253e-05,1.9013e-05,1.67765e-05
3.34689e-05,3.18496e-05,3.06125e-05,2.90128e-05,2.78688e-05,2.59158e-05,2.40305e-05,2.20363e-05,2.02787e-05,1.83893e-05,1.62192e-05
3.26586e-05,3.09222e-05,2.96511e-05,2.82737e-05,2.70278e-05,2.51069e-05,2.33426e-05,2.13691e-05,1.9656e-05,1.78409e-05,1.56796e-05
3.16444e-05,3.00467e-05,2.88691e-05,2.74048e-05,2.62963e-05,2.43955e-05,2.26892e-05,2.07704e-05,1.90922e-05,1.73244e-05,1.51698e-05
3.08179e-05,2.93576e-05,2.80532e-05,2.65817e-05,2.56674e-05,2.36775e-05,2.2087e-05,2.01761e-05,1.85324e-05,1.67904e-05,1.47407e-05
2.99869e-05,2.84618e-05,2.72941e-05,2.58686e-05,2.48752e-05,2.30452e-05,2.14405e-05,1.96165e-05,1.8023e-05,1.63255e-05,1.42852e-05
2.91443e-05,2.77049e-05,2.6603e-05,2.51731e-05,2.42558e-05,2.24234e-05,2.08689e-05,1.90811e-05,1.75418e-05,1.58585e-05,1.38544e-05
2.83658e-05,2.70131e-05,2.59791e-05,2.45189e-05,2.36878e-05,2.18424e-05,2.03037e-05,1.85755e-05,1.70472e-05,1.54188e-05,1.34868e-05
2.76868e-05,2.63305e-05,2.52963e-05,2.39031e-05,2.30533e-05,2.12911e-05,1.97924e-05,1.81238e-05,1.66078e-05,1.5e-05,1.31108e-05
2.7084e-05,2.56072e-05,2.47072e-05,2.32828e-05,2.2529e-05,2.07699e-05,1.92875e-05,1.7646e-05,1.61852e-05,1.46397e-05,1.27831e-05
2.63676e-05,2.5052e-05,2.4103e-05,2.27503e-05,2.19877e-05,2.02808e-05,1.88204e-05,1.72519e-05,1.5765e-05,1.42138e-05,1.24161e-05
2.5721e-05,2.44662e-05,2.35104e-05,2.2186e-05,2.14886e-05,1.97823e-05,1.83787e-05,1.68394e-05,1.53822e-05,1.38977e-05,1.21293e-05
2.51168e-05,2.38739e-05,2.29704e-05,2.17158e-05,2.09902e-05,1.93518e-05,1.79712e-05,1.65025e-05,1.4975e-05,1.35395e-05,1.17795e-05
2.45314e-05,2.32888e-05,2.2488e-05,2.12055e-05,2.05044e-05,1.89155e-05,1.75128e-05,1.60682e-05,1.46516e-05,1.32086e-05,1.15105e-05
2.38797e-05,2.27832e-05,2.19601e-05,2.0718e-05,1.99934e-05,1.84915e-05,1.71146e-05,1.57007e-05,1.42888e-05,1.28499e-05,1.12213e-05
2.335e-05,2.22311e-05,2.15422e-05,2.02503e-05,1.95835e-05,1.80656e-05,1.67052e-05,1.53747e-05,1.39413e-05,1.25547e-05,1.0955e-05
2.28063e-05,2.17333e-05,2.10006e-05,1.97913e-05,1.91196e-05,1.76691e-05,1.63243e-05,1.50225e-05,1.36162e-05,1.22252e-05,1.06658e-05
2.22995e-05,2.11964e-05,2.05533e-05,1.93368e-05,1.87398e-05,1.7264e-05,1.5949e-05,1.46656e-05,1.33116e-05,1.19347e-05,1.04349e-05
2.17534e-05,2.07345e-05,2.00951e-05,1.89315e-05,1.82789e-05,1.6896e-05,1.55539e-05,1.43825e-05,1.29837e-05,1.16206e-05,1.01647e-05
2.1319e-05,2.03115e-05,1.96184e-05,1.8515e-05,1.78961e-05,1.65481e-05,1.52282e-05,1.40802e-05,1.26638e-05,1.13594e-05,9.89812e-06
2.07765e-05,1.98277e-05,1.91696e-05,1.80901e-05,1.74562e-05,1.61579e-05,1.48815e-05,1.37473e-05,1.23545e-05,1.10693e-05,9.65736e-06
2.03096e-05,1.93813e-05,1.87665e-05,1.77035e-05,1.70788e-05,1.5829e-05,1.45433e-05,1.34452e-05,1.20597e-05,1.08054e-05,9.42016e-06
1.9834e-05,1.89361e-05,1.83235e-05,1.73e-05,1.66747e-05,1.54688e-05,1.42024e-05,1.31269e-05,1.17893e-05,1.05357e-05,9.19438e-06
1.93206e-05,1.8497e-05,1.79363e-05,1.69142e-05,1.6302e-05,1.51334e-05,1.38683e-05,1.2853e-05,1.14946e-05,1.02549e-05,8.97501e-06
1.88822e-05,1.80905e-05,1.75257e-05,1.65486e-05,1.59146e-05,1.47891e-05,1.35302e-05,1.25662e-05,1.12254e-05,1.00018e-05,8.76849e-06
1.84687e-05,1.77009e-05,1.71374e-05,1.61806e-05,1.55547e-05,1.44696e-05,1.32514e-05,1.22759e-05,1.09661e-05,9.77281e-06,8.54261e-06
1.80311e-05,1.72822e-05,1.67148e-05,1.58236e-05,1.5179e-05,1.41367e-05,1.29318e-05,1.19843e-05,1.06889e-05,9.52591e-06,8.31921e-06
1.76151e-05,1.69056e-05,1.63495e-05,1.5465e-05,1.48459e-05,1.38312e-05,1.26391e-05,1.17078e-05,1.04442e-05,9.28205e-06,8.1279e-06
1.71973e-05,1.65236e-05,1.59673e-05,1.50994e-05,1.44906e-05,1.34946e-05,1.23481e-05,1.14329e-05,1.01832e-05,9.06113e-06,7.90967e-06
1.68117e-05,1.6174e-05,1.56007e-05,1.47662e-05,1.4142e-05,1.32109e-05,1.2055e-05,1.11936e-05,9.93604e-06,8.80715e-06,7.72918e-06
1.64127e-05,1.57478e-05,1.52312e-05,1.44454e-05,1.38136e-05,1.29106e-05,1.17616e-05,1.09213e-05,9.69502e-06,8.60603e-06,7.52396e-06
1.60265e-05,1.54584e-05,1.48837e-05,1.41081e-05,1.35237e-05,1.26297e-05,1.15243e-05,1.0709e-05,9.45866e-06,8.41116e-06,7.33019e-06
1.57042e-05,1.50559e-05,1.45461e-05,1.37613e-05,1.31509e-05,1.23243e-05,1.1221e-05,1.04196e-05,9.23625e-06,8.19925e-06,7.15565e-06
1.53045e-05,1.47257e-05,1.41926e-05,1.3467e-05,1.28751e-05,1.20397e-05,1.09589e-05,1.01904e-05,9.0172e-06,7.97811e-06,6.9795e-06
1.4953e-05,1.44027e-05,1.3897e-05,1.31479e-05,1.25593e-05,1.17674e-05,1.06886e-05,9.96263e-06,8.78932e-06,7.77006e-06,6.80398e-06
1.46129e-05,1.40795e-05,1.35286e-05,1.28782e-05,1.22904e-05,1.15195e-05,1.04667e-05,9.72447e-06,8.59398e-06,7.58681e-06,6.63561e-06
1.42906e-05,1.37463e-05,1.32094e-05,1.25908e-05,1.19944e-05,1.12407e-05,1.0233e-05,9.49457e-06,8.35658e-06,7.39163e-06,6.48084e-06
1.39748e-05,1.34985e-05,1.28973e-05,1.2308e-05,1.17046e-05,1.09997e-05,1.0012e-05,9.27417e-06,8.18279e-06,7.21411e-06,6.30474e-06
1.3613e-05,1.31475e-05,1.26221e-05,1.19954e-05,1.14319e-05,1.07249e-05,9.73328e-06,9.04231e-06,7.97387e-06,7.0198e-06,6.16473e-06
1.32766e-05,1.28323e-05,1.22912e-05,1.17132e-05,1.1139e-05,1.04693e-05,9.49116e-06,8.83122e-06,7.77568e-06,6.84135e-06,5.98822e-06
1.29904e-05,1.25668e-05,1.20244e-05,1.14407e-05,1.08892e-05,1.02177e-05,9.25877e-06,8.62686e-06,7.58966e-06,6.68557e-06,5.83038e-06
1.26687e-05,1.22694e-05,1.17365e-05,1.1176e-05,1.06228e-05,9.97799e-06,9.04438e-06,8.40997e-06,7.4092e-06,6.51117e-06,5.69554e-06
1.24181e-05,1.19449e-05,1.14672e-05,1.0903e-05,1.03667e-05,9.73423e-06,8.81461e-06,8.21456e-06,7.22361e-06,6.3495e-06,5.57924e-06
1.21399e-05,1.1722e-05,1.11758e-05,1.06429e-05,1.01157e-05,9.52507e-06,8.62966e-06,8.01234e-06,7.0471e-06,6.19481e-06,5.41341e-06
1.18628e-05,1.14317e-05,1.09017e-05,1.0394e-05,9.86947e-06,9.29014e-06,8.39924e-06,7.81924e-06,6.87652e-06,6.03206e-06,5.275e-06
1.15616e-05,1.11859e-05,1.06689e-05,1.01516e-05,9.63559e-06,9.06949e-06,8.20032e-06,7.6274e-06,6.71732e-06,5.89119e-06,5.14865e-06
1.1328e-05,1.09101e-05,1.03776e-05,9.91723e-06,9.40719e-06,8.84977e-06,8.02662e-06,7.43525e-06,6.55026e-06,5.72916e-06,5.03015e-06
1.10258e-05,1.06715e-05,1.01405e-05,9.69324e-06,9.16348e-06,8.63205e-06,7.82343e-06,7.26498e-06,6.38288e-06,5.59723e-06,4.89571e-06
1.0812e-05,1.04084e-05,9.9121e-06,9.47368e-06,8.94475e-06,8.44535e-06,7.61963e-06,7.08105e-06,6.23106e-06,5.43588e-06,4.78038e-06
1.05857e-05,1.02264e-05,9.66992e-06,9.25655e-06,8.739e-06,8.22921e-06,7.47635e-06,6.90461e-06,6.10177e-06,5.31367e-06,4.65732e-06
1.03257e-05,9.97516e-06,9.4679e-06,9.0193e-06,8.5219e-06,8.03144e-06,7.28198e-06,6.74249e-06,5.94704e-06,5.17571e-06,4.53845e-06
1.00938e-05,9.72751e-06,9.2088e-06,8.81852e-06,8.31434e-06,7.84052e-06,7.12126e-06,6.57412e-06,5.77279e-06,5.05209e-06,4.41787e-06
9.82777e-06,9.49384e-06,8.9846e-06,8.62275e-06,8.12058e-06,7.66644e-06,6.93814e-06,6.3988e-06,5.67643e-06,4.92551e-06,4.32591e-06
9.61399e-06,9.28688e-06,8.76438e-06,8.41364e-06,7.91878e-06,7.46208e-06,6.7663e-06,6.25445e-06,5.52218e-06,4.81073e-06,4.21122e-06
9.4292e-06,9.08342e-06,8.58711e-06,8.20009e-06,7.73345e-06,7.29021e-06,6.59736e-06,6.10097e-06,5.4e-06,4.68802e-06,4.1138e-06
9.20772e-06,8.89325e-06,8.35948e-06,8.00379e-06,7.54557e-06,7.12406e-06,6.47446e-06,5.95748e-06,5.25856e-06,4.57759e-06,4.0033e-06
8.99358e-06,8.68902e-06,8.18456e-06,7.83221e-06,7.37961e-06,6.9574e-06,6.30669e-06,5.80952e-06,5.14336e-06,4.47228e-06,3.89416e-06
8.76477e-06,8.46716e-06,7.9945e-06,7.64572e-06,7.19931e-06,6.78783e-06,6.16253e-06,5.67452e-06,5.00816e-06,4.36132e-06,3.80554e-06
8.60439e-06,8.27079e-06,7.81273e-06,7.45247e-06,7.02723e-06,6.61744e-06,6.02159e-06,5.53271e-06,4.89336e-06,4.25117e-06,3.70627e-06
8.39146e-06,8.05737e-06,7.64767e-06,7.28917e-06,6.87023e-06,6.4608e-06,5.88659e-06,5.4029e-06,4.77995e-06,4.15619e-06,3.63236e-06
8.21087e-06,7.9103e-06,7.47038e-06,7.13342e-06,6.69391e-06,6.32619e-06,5.7444e-06,5.26125e-06,4.67357e-06,4.05409e-06,3.53402e-06
8.03766e-06,7.75285e-06,7.28474e-06,6.96039e-06,6.55557e-06,6.19444e-06,5.61771e-06,5.14921e-06,4.56525e-06,3.97273e-06,3.46368e-06
7.89282e-06,7.57421e-06,7.12577e-06,6.82986e-06,6.41371e-06,6.04673e-06,5.51068e-06,5.02557e-06,4.46433e-06,3.86619e-06,3.36788e-06
7.6819e-06,7.38609e-06,6.98069e-06,6.64409e-06,6.25666e-06,5.89455e-06,5.36223e-06,4.9029e-06,4.3543e-06,3.78343e-06,3.29215e-06
7.51948e-06,7.21795e-06,6.80995e-06,6.49677e-06,6.11028e-06,5.76011e-06,5.25e-06,4.77032e-06,4.24553e-06,3.68905e-06,3.19748e-06
7.36334e-06,7.04646e-06,6.66503e-06,6.33706e-06,5.97921e-06,5.6246e-06,5.12702e-06,4.68304e-06,4.14726e-06,3.60315e-06,3.12955e-06
7.20961e-06,6.90077e-06,6.5194e-06,6.21161e-06,5.83971e-06,5.50802e-06,5.0251e-06,4.56215e-06,4.06489e-06,3.51536e-06,3.05623e-06
7.02902e-06,6.74546e-06,6.39308e-06,6.05086e-06,5.71834e-06,5.37072e-06,4.90531e-06,4.45893e-06,3.97028e-06,3.43282e-06,2.97854e-06
6.87373e-06,6.60719e-06,6.26489e-06,5.95323e-06,5.57334e-06,5.27227e-06,4.81222e-06,4.35589e-06,3.88753e-06,3.37019e-06,2.92579e-06
6.73998e-06,6.45425e-06,6.11409e-06,5.81453e-06,5.46335e-06,5.14315e-06,4.69592e-06,4.25287e-06,3.78614e-06,3.30253e-06,2.84856e-06
6.60713e-06,6.33891e-06,5.99541e-06,5.6981e-06,5.35225e-06,5.05624e-06,4.60356e-06,4.15482e-06,3.70768e-06,3.21832e-06,2.78092e-06
6.45398e-06,6.18063e-06,5.85133e-06,5.55818e-06,5.2326e-06,4.92063e-06,4.49064e-06,4.05888e-06,3.62809e-06,3.1512e-06,2.71912e-06
6.32774e-06,6.05175e-06,5.74651e-06,5.44503e-06,5.12334e-06,4.83018e-06,4.40638e-06,3.96753e-06,3.55082e-06,3.0826e-06,2.65331e-06
6.19918e-06,5.92633e-06,5.63376e-06,5.34323e-06,5.02736e-06,4.72357e-06,4.32422e-06,3.88916e-06,3.47217e-06,3.01384e-06,2.59219e-06
6.04717e-06,5.77005e-06,5.51438e-06,5.21604e-06,4.92105e-06,4.63705e-06,4.22902e-06,3.79404e-06,3.39603e-06,2.93196e-06,2.53497e-06
5.92232e-06,5.65595e-06,5.40131e-06,5.09885e-06,4.81955e-06,4.52491e-06,4.15224e-06,3.72133e-06,3.31813e-06,2.87297e-06,2.471e-06
5.81358e-06,5.55804e-06,5.29169e-06,5.0069e-06,4.71286e-06,4.42689e-06,4.05356e-06,3.64146e-06,3.24998e-06,2.82442e-06,2.4267e-06
5.68179e-06,5.43057e-06,5.19242e-06,4.91277e-06,4.61995e-06,4.34133e-06,3.9817e-06,3.56069e-06,3.1803e-06,2.7624e-06,2.37074e-06
5.57422e-06,5.31923e-06,5.07891e-06,4.80536e-06,4.53288e-06,4.2556e-06,3.89533e-06,3.48239e-06,3.1149e-06,2.70005e-06,2.31233e-06
5.4658e-06,5.21211e-06,4.9702e-06,4.70681e-06,4.44901e-06,4.1741e-06,3.8196e-06,3.41543e-06,3.05752e-06,2.6466e-06,2.27465e-06
5.36647e-06,5.1013e-06,4.88528e-06,4.61253e-06,4.35616e-06,4.08575e-06,3.74639e-06,3.34952e-06,2.98961e-06,2.58593e-06,2.21933e-06
5.24813e-06,5.00121e-06,4.77504e-06,4.51547e-06,4.26524e-06,4.01536e-06,3.67469e-06,3.27442e-06,2.92633e-06,2.5345e-06,2.17399e-06
5.13324e-06,4.90096e-06,4.70234e-06,4.43163e-06,4.18683e-06,3.93479e-06,3.60476e-06,3.21308e-06,2.87125e-06,2.47302e-06,2.12445e-06
5.02583e-06,4.79683e-06,4.60548e-06,4.34347e-06,4.12663e-06,3.85655e-06,3.53387e-06,3.14311e-06,2.81437e-06,2.42453e-06,2.07576e-06
4.93844e-06,4.71409e-06,4.51648e-06,4.26519e-06,4.03722e-06,3.7812e-06,3.45781e-06,3.07885e-06,2.76168e-06,2.38077e-06,2.03803e-06
4.84365e-06,4.63309e-06,4.4277e-06,4.17846e-06,3.96148e-06,3.71211e-06,3.39684e-06,3.02066e-06,2.70725e-06,2.33627e-06,2.00051e-06
4.74499e-06,4.53981e-06,4.33829e-06,4.09961e-06,3.89382e-06,3.6481e-06,3.32508e-06,2.96398e-06,2.65414e-06,2.29194e-06,1.95068e-06
4.64942e-06,4.44518e-06,4.26727e-06,4.03462e-06,3.81708e-06,3.56978e-06,3.27225e-06,2.9012e-06,2.59177e-06,2.23894e-06,1.90165e-06
4.561e-06,4.36189e-06,4.18506e-06,3.95971e-06,3.74477e-06,3.49733e-06,3.21295e-06,2.84631e-06,2.53872e-06,2.18867e-06,1.85921e-06
4.47574e-06,4.28107e-06,4.09755e-06,3.88579e-06,3.66906e-06,3.44212e-06,3.15212e-06,2.78918e-06,2.49382e-06,2.14884e-06,1.83236e-06
4.36959e-06,4.19092e-06,4.04316e-06,3.80598e-06,3.62713e-06,3.38003e-06,3.10197e-06,2.74804e-06,2.44742e-06,2.10227e-06,1.77893e-06
4.29867e-06,4.11359e-06,3.9653e-06,3.74207e-06,3.54742e-06,3.31154e-06,3.03867e-06,2.68683e-06,2.39753e-06,2.06238e-06,1.74961e-06
4.22263e-06,4.05979e-06,3.8919e-06,3.66875e-06,3.47553e-06,3.25449e-06,2.98536e-06,2.63621e-06,2.3497e-06,2.0197e-06,1.71448e-06
4.13792e-06,3.97171e-06,3.81951e-06,3.6017e-06,3.42426e-06,3.19544e-06,2.93362e-06,2.5877e-06,2.30201e-06,1.98005e-06,1.6791e-06
4.05759e-06,3.89341e-06,3.74898e-06,3.54016e-06,3.36253e-06,3.13662e-06,2.87634e-06,2.53841e-06,2.26043e-06,1.93917e-06,1.64224e-06
3.97783e-06,3.82537e-06,3.67624e-06,3.4843e-06,3.30478e-06,3.08231e-06,2.83004e-06,2.49881e-06,2.22355e-06,1.90602e-06,1.61223e-06
3.91154e-06,3.7517e-06,3.61544e-06,3.41621e-06,3.24454e-06,3.02479e-06,2.77296e-06,2.44299e-06,2.17408e-06,1.86052e-06,1.57464e-06
3.83689e-06,3.68491e-06,3.55363e-06,3.35708e-06,3.18685e-06,2.97318e-06,2.72246e-06,2.39868e-06,2.132e-06,1.82406e-06,1.542e-06
3.76051e-06,3.61689e-06,3.49191e-06,3.29983e-06,3.14423e-06,2.91581e-06,2.68003e-06,2.35895e-06,2.09382e-06,1.79213e-06,1.50635e-06
3.69855e-06,3.56229e-06,3.4276e-06,3.23914e-06,3.07589e-06,2.86511e-06,2.62542e-06,2.31162e-06,2.05351e-06,1.75458e-06,1.48249e-06
3.62392e-06,3.49755e-06,3.37487e-06,3.18384e-06,3.01859e-06,2.81048e-06,2.58015e-06,2.27157e-06,2.01699e-06,1.72709e-06,1.45406e-06
3.55752e-06,3.43545e-06,3.30691e-06,3.12799e-06,2.9679e-06,2.76162e-06,2.53757e-06,2.227e-06,1.97053e-06,1.68407e-06,1.41537e-06
3.4899e-06,3.36331e-06,3.2462e-06,3.07138e-06,2.92216e-06,2.71264e-06,2.489e-06,2.18722e-06,1.93998e-06,1.65173e-06,1.39429e-06
3.42776e-06,3.31059e-06,3.19159e-06,3.01435e-06,2.87479e-06,2.6626e-06,2.44482e-06,2.14834e-06,1.90057e-06,1.62173e-06,1.36416e-06
3.36359e-06,3.24536e-06,3.1393e-06,2.96819e-06,2.82251e-06,2.62188e-06,2.40096e-06,2.1041e-06,1.86669e-06,1.59127e-06,1.33674e-06
3.29281e-06,3.19443e-06,3.07875e-06,2.91791e-06,2.77235e-06,2.57449e-06,2.35696e-06,2.0736e-06,1.83243e-06,1.55808e-06,1.31057e-06
3.23624e-06,3.1301e-06,3.03154e-06,2.86306e-06,2.73273e-06,2.52424e-06,2.31545e-06,2.03345e-06,1.79724e-06,1.52593e-06,1.278e-06
3.18605e-06,3.08185e-06,2.97802e-06,2.81555e-06,2.67863e-06,2.47807e-06,2.27225e-06,1.99391e-06,1.76052e-06,1.49604e-06,1.25201e-06
3.12752e-06,3.03112e-06,2.92781e-06,2.76163e-06,2.63475e-06,2.43425e-06,2.23147e-06,1.9582e-06,1.73011e-06,1.4714e-06,1.23337e-06
3.07001e-06,2.97132e-06,2.87769e-06,2.716e-06,2.58601e-06,2.38978e-06,2.19083e-06,1.92196e-06,1.69605e-06,1.43908e-06,1.20548e-06
3.01185e-06,2.92435e-06,2.82352e-06,2.66799e-06,2.53828e-06,2.34893e-06,2.15047e-06,1.88801e-06,1.66439e-06,1.41024e-06,1.17979e-06
2.96363e-06,2.86947e-06,2.77875e-06,2.6196e-06,2.49541e-06,2.30748e-06,2.11128e-06,1.85117e-06,1.62994e-06,1.37983e-06,1.15582e-06
2.91155e-06,2.81835e-06,2.72838e-06,2.57486e-06,2.45244e-06,2.26608e-06,2.07467e-06,1.81813e-06,1.60225e-06,1.35277e-06,1.13356e-06
2.85904e-06,2.77709e-06,2.6821e-06,2.52765e-06,2.41471e-06,2.2222e-06,2.03833e-06,1.78747e-06,1.57101e-06,1.32889e-06,1.11183e-06
2.80321e-06,2.71862e-06,2.63731e-06,2.48534e-06,2.37467e-06,2.18437e-06,1.99992e-06,1.75573e-06,1.54526e-06,1.30146e-06,1.08766e-06
2.75637e-06,2.67896e-06,2.59163e-06,2.44459e-06,2.32927e-06,2.14356e-06,1.96403e-06,1.72229e-06,1.51317e-06,1.27541e-06,1.06629e-06
2.71015e-06,2.63291e-06,2.55085e-06,2.3999e-06,2.28959e-06,2.10492e-06,1.92651e-06,1.69121e-06,1.48508e-06,1.25376e-06,1.04537e-06
2.65833e-06,2.58811e-06,2.50736e-06,2.36106e-06,2.25221e-06,2.06783e-06,1.89271e-06,1.66032e-06,1.4556e-06,1.22999e-06,1.02289e-06
2.61234e-06,2.54192e-06,2.46222e-06,2.32274e-06,2.2136e-06,2.02726e-06,1.85795e-06,1.62964e-06,1.42809e-06,1.20548e-06,9.99626e-07
2.56876e-06,2.49854e-06,2.42246e-06,2.28109e-06,2.17294e-06,1.99509e-06,1.82407e-06,1.59988e-06,1.40128e-06,1.18e-06,9.79989e-07
2.52447e-06,2.45731e-06,2.38195e-06,2.24197e-06,2.13722e-06,1.96156e-06,1.79437e-06,1.57184e-06,1.37661e-06,1.15825e-06,9.61872e-07
2.48113e-06,2.41804e-06,2.34082e-06,2.2014e-06,2.10138e-06,1.92369e-06,1.75951e-06,1.54298e-06,1.35008e-06,1.13402e-06,9.4006e-07
2.4378e-06,2.37451e-06,2.30227e-06,2.16596e-06,2.06409e-06,1.88776e-06,1.72825e-06,1.51708e-06,1.32353e-06,1.11239e-06,9.22144e-07
2.39974e-06,2.33557e-06,2.26383e-06,2.12799e-06,2.03108e-06,1.85564e-06,1.69395e-06,1.48983e-06,1.29928e-06,1.09109e-06,9.03223e-07
2.35449e-06,2.29764e-06,2.22878e-06,2.09174e-06,1.99628e-06,1.82147e-06,1.66668e-06,1.4621e-06,1.27546e-06,1.0716e-06,8.85619e-07
2.31774e-06,2.26038e-06,2.19068e-06,2.05962e-06,1.96197e-06,1.79031e-06,1.63743e-06,1.4385e-06,1.25035e-06,1.04857e-06,8.66084e-07
2.2776e-06,2.22181e-06,2.15461e-06,2.02182e-06,1.92986e-06,1.75999e-06,1.60803e-06,1.41278e-06,1.22925e-06,1.03014e-06,8.49478e-07
2.24237e-06,2.18665e-06,2.11983e-06,1.99043e-06,1.89668e-06,1.73219e-06,1.58026e-06,1.38635e-06,1.20579e-06,1.00929e-06,8.29827e-07
2.20239e-06,2.15046e-06,2.0869e-06,1.95558e-06,1.86557e-06,1.69755e-06,1.55204e-06,1.36271e-06,1.18415e-06,9.90559e-07,8.15252e-07
2.16706e-06,2.11622e-06,2.05031e-06,1.92541e-06,1.83621e-06,1.66787e-06,1.52433e-06,1.33936e-06,1.16168e-06,9.71027e-07,7.98657e-07
2.12799e-06,2.08348e-06,2.02149e-06,1.89323e-06,1.80429e-06,1.64045e-06,1.49889e-06,1.31631e-06,1.13984e-06,9.52708e-07,7.82184e-07
2.09388e-06,2.05108e-06,1.98601e-06,1.86303e-06,1.77389e-06,1.61134e-06,1.47223e-06,1.29269e-06,1.11963e-06,9.34989e-07,7.66899e-07
2.06128e-06,2.01664e-06,1.95336e-06,1.83132e-06,1.74647e-06,1.58264e-06,1.44373e-06,1.26966e-06,1.10144e-06,9.18839e-07,7.51583e-07
2.02844e-06,1.98291e-06,1.92333e-06,1.80326e-06,1.71754e-06,1.55602e-06,1.41859e-06,1.24885e-06,1.08046e-06,8.99534e-07,7.37279e-07
1.99623e-06,1.95122e-06,1.89113e-06,1.77086e-06,1.68786e-06,1.52876e-06,1.39406e-06,1.22863e-06,1.06039e-06,8.83254e-07,7.22043e-07
1.96297e-06,1.92215e-06,1.8583e-06,1.74491e-06,1.66512e-06,1.50222e-06,1.36871e-06,1.20456e-06,1.04234e-06,8.65647e-07,7.0778e-07
1.93183e-06,1.89009e-06,1.83462e-06,1.71945e-06,1.63598e-06,1.47708e-06,1.34678e-06,1.18794e-06,1.02266e-06,8.51117e-07,6.93165e-07
1.90127e-06,1.85735e-06,1.80622e-06,1.69371e-06,1.61136e-06,1.45577e-06,1.32573e-06,1.1662e-06,1.00436e-06,8.34077e-07,6.79162e-07
1.87531e-06,1.83306e-06,1.77251e-06,1.66328e-06,1.58543e-06,1.42744e-06,1.30085e-06,1.14548e-06,9.88001e-07,8.19643e-07,6.68295e-07
1.84453e-06,1.80368e-06,1.74784e-06,1.63944e-06,1.55847e-06,1.40392e-06,1.27771e-06,1.12643e-06,9.7013e-07,8.03897e-07,6.54242e-07
1.81567e-06,1.77985e-06,1.72482e-06,1.61508e-06,1.534e-06,1.38123e-06,1.26039e-06,1.1053e-06,9.52994e-07,7.89455e-07,6.41128e-07
1.78681e-06,1.75162e-06,1.69585e-06,1.59214e-06,1.512e-06,1.35961e-06,1.23679e-06,1.08887e-06,9.37013e-07,7.75513e-07,6.29175e-07
1.76319e-06,1.72106e-06,1.67353e-06,1.57053e-06,1.48813e-06,1.33934e-06,1.21852e-06,1.07055e-06,9.2086e-07,7.5997e-07,6.17034e-07
1.7339e-06,1.69634e-06,1.64914e-06,1.5458e-06,1.46707e-06,1.31324e-06,1.19756e-06,1.05247e-06,9.03976e-07,7.47892e-07,6.04646e-07
1.70706e-06,1.67303e-06,1.62208e-06,1.51859e-06,1.44249e-06,1.29508e-06,1.17771e-06,1.03702e-06,8.89535e-07,7.33594e-07,5.93617e-07
1.67591e-06,1.64658e-06,1.59353e-06,1.49613e-06,1.42108e-06,1.27178e-06,1.15551e-06,1.01767e-06,8.73737e-07,7.20918e-07,5.82257e-07
1.65759e-06,1.62326e-06,1.5738e-06,1.47494e-06,1.4002e-06,1.25173e-06,1.13835e-06,1.00181e-06,8.59777e-07,7.07012e-07,5.72105e-07
1.63185e-06,1.59784e-06,1.5514e-06,1.4539e-06,1.38118e-06,1.23459e-06,1.1192e-06,9.86721e-07,8.44321e-07,6.92872e-07,5.6098e-07
1.6069e-06,1.57993e-06,1.5256e-06,1.43276e-06,1.35724e-06,1.21465e-06,1.10331e-06,9.70813e-07,8.3251e-07,6.82106e-07,5.50926e-07
1.58308e-06,1.55143e-06,1.50855e-06,1.41459e-06,1.34122e-06,1.19327e-06,1.08478e-06,9.51672e-07,8.15226e-07,6.71019e-07,5.41345e-07
1.56391e-06,1.53183e-06,1.48887e-06,1.39357e-06,1.32118e-06,1.18013e-06,1.07009e-06,9.40025e-07,8.03191e-07,6.60001e-07,5.3111e-07
1.5397e-06,1.50915e-06,1.46482e-06,1.37139e-06,1.30084e-06,1.163e-06,1.05157e-06,9.26609e-07,7.90631e-07,6.47847e-07,5.21599e-07
1.51861e-06,1.48734e-06,1.44447e-06,1.35258e-06,1.28514e-06,1.14227e-06,1.03617e-06,9.1254e-07,7.79309e-07,6.38138e-07,5.11716e-07
1.4992e-06,1.47035e-06,1.42823e-06,1.33536e-06,1.26503e-06,1.1254e-06,1.01772e-06,8.98118e-07,7.66112e-07,6.27044e-07,5.04009e-07
1.47938e-06,1.45233e-06,1.40546e-06,1.31806e-06,1.24686e-06,1.10987e-06,1.00336e-06,8.83831e-07,7.54294e-07,6.16426e-07,4.94919e-07
1.45783e-06,1.43303e-06,1.3856e-06,1.30135e-06,1.22992e-06,1.09333e-06,9.88924e-07,8.71115e-07,7.41438e-07,6.06212e-07,4.86695e-07
1.44118e-06,1.41183e-06,1.36702e-06,1.28556e-06,1.21486e-06,1.07771e-06,9.7337e-07,8.5456e-07,7.30822e-07,5.97216e-07,4.78332e-07
1.42095e-06,1.39155e-06,1.354e-06,1.26798e-06,1.19925e-06,1.06623e-06,9.58921e-07,8.45669e-07,7.19547e-07,5.86936e-07,4.69807e-07
1.3994e-06,1.37257e-06,1.33148e-06,1.25235e-06,1.17941e-06,1.04757e-06,9.44595e-07,8.35349e-07,7.08807e-07,5.77522e-07,4.6156e-07
1.38078e-06,1.35763e-06,1.31333e-06,1.2317e-06,1.16581e-06,1.03668e-06,9.3112e-07,8.21049e-07,6.97914e-07,5.66727e-07,4.53962e-07
1.36504e-06,1.34013e-06,1.29969e-06,1.21919e-06,1.14966e-06,1.02e-06,9.19515e-07,8.08928e-07,6.86397e-07,5.58933e-07,4.46183e-07
1.34454e-06,1.3211e-06,1.28447e-06,1.20307e-06,1.13845e-06,1.00467e-06,9.07342e-07,7.98257e-07,6.78326e-07,5.50545e-07,4.39676e-07
1.3328e-06,1.30769e-06,1.26841e-06,1.18885e-06,1.12278e-06,9.93999e-07,8.95805e-07,7.86646e-07,6.63998e-07,5.42204e-07,4.32518e-07
1.30918e-06,1.29213e-06,1.24614e-06,1.17061e-06,1.1086e-06,9.803e-07,8.81062e-07,7.74624e-07,6.57675e-07,5.34268e-07,4.24633e-07
1.294e-06,1.27488e-06,1.23504e-06,1.1602e-06,1.09454e-06,9.65664e-07,8.70613e-07,7.63425e-07,6.46959e-07,5.26094e-07,4.18014e-07
1.28232e-06,1.26157e-06,1.21896e-06,1.14266e-06,1.08127e-06,9.51898e-07,8.57724e-07,7.54272e-07,6.40683e-07,5.22128e-07,4.13266e-07
1.26462e-06,1.24186e-06,1.20303e-06,1.12823e-06,1.06586e-06,9.41733e-07,8.45681e-07,7.43073e-07,6.31276e-07,5.11035e-07,4.0519e-07
1.2517e-06,1.22448e-06,1.19034e-06,1.11697e-06,1.05227e-06,9.30682e-07,8.35515e-07,7.3411e-07,6.19898e-07,5.03001e-07,3.98573e-07
1.22852e-06,1.21077e-06,1.17208e-06,1.10251e-06,1.03946e-06,9.19702e-07,8.24275e-07,7.25237e-07,6.11969e-07,4.9732e-07,3.92836e-07
1.22476e-06,1.19764e-06,1.16237e-06,1.09346e-06,1.02536e-06,9.07364e-07,8.13417e-07,7.12443e-07,6.03496e-07,4.90765e-07,3.87561e-07
1.21158e-06,1.19001e-06,1.14919e-06,1.0844e-06,1.01686e-06,8.97816e-07,8.05096e-07,7.03676e-07,5.96899e-07,4.84782e-07,3.82529e-07
1.1917e-06,1.17332e-06,1.12854e-06,1.06495e-06,9.9999e-07,8.86788e-07,7.91157e-07,6.96855e-07,5.8853e-07,4.75878e-07,3.752e-07
1.17914e-06,1.15338e-06,1.11946e-06,1.0522e-06,9.90471e-07,8.71013e-07,7.83122e-07,6.83123e-07,5.78483e-07,4.67807e-07,3.69138e-07
1.16437e-06,1.14667e-06,1.11296e-06,1.04107e-06,9.81701e-07,8.65168e-07,7.70145e-07,6.81336e-07,5.73439e-07,4.61392e-07,3.66049e-07
1.14968e-06,1.12849e-06,1.09336e-06,1.02909e-06,9.665e-07,8.53573e-07,7.60853e-07,6.6718e-07,5.65157e-07,4.55529e-07,3.60206e-07
1.14143e-06,1.12291e-06,1.08474e-06,1.02018e-06,9.56925e-07,8.46431e-07,7.54577e-07,6.62502e-07,5.58299e-07,4.52437e-07,3.56215e-07
1.12511e-06,1.11041e-06,1.07085e-06,1.0085e-06,9.45919e-07,8.36258e-07,7.47011e-07,6.53348e-07,5.52094e-07,4.46523e-07,3.50959e-07
1.11854e-06,1.09939e-06,1.06493e-06,9.98057e-07,9.39756e-07,8.27305e-07,7.37683e-07,6.46218e-07,5.44138e-07,4.3841e-07,3.45932e-07
1.10518e-06,1.0855e-06,1.04785e-06,9.85958e-07,9.31432e-07,8.16991e-07,7.2601e-07,6.37419e-07,5.38353e-07,4.33736e-07,3.41943e-07
1.09012e-06,1.07533e-06,1.03803e-06,9.76766e-07,9.16813e-07,8.07947e-07,7.19444e-07,6.31062e-07,5.33063e-07,4.30497e-07,3.36979e-07
1.08301e-06,1.0675e-06,1.02703e-06,9.70361e-07,9.06174e-07,8.02794e-07,7.12699e-07,6.23415e-07,5.24558e-07,4.25986e-07,3.3118e-07
1.06634e-06,1.05134e-06,1.00999e-06,9.55519e-07,8.99916e-07,7.90484e-07,7.01589e-07,6.14911e-07,5.20771e-07,4.19865e-07,3.26892e-07
1.0584e-06,1.04335e-06,9.99758e-07,9.43419e-07,8.86378e-07,7.8184e-07,6.95805e-07,6.08074e-07,5.12922e-07,4.10824e-07,3.22779e-07
1.04615e-06,1.02745e-06,9.91181e-07,9.38068e-07,8.76878e-07,7.72959e-07,6.86731e-07,6.02357e-07,5.07439e-07,4.0923e-07,3.19699e-07
1.03863e-06,1.01723e-06,9.80721e-07,9.24423e-07,8.69102e-07,7.65301e-07,6.81116e-07,5.94043e-07,5.00672e-07,4.05319e-07,3.15009e-07
1.03271e-06,1.01226e-06,9.71803e-07,9.14285e-07,8.55575e-07,7.59894e-07,6.72787e-07,5.90729e-07,4.93709e-07,3.99564e-07,3.13319e-07
1.01858e-06,9.94364e-07,9.6555e-07,9.07514e-07,8.49511e-07,7.53469e-07,6.66803e-07,5.83081e-07,4.89883e-07,3.93392e-07,3.06822e-07
1.01019e-06,9.85039e-07,9.53399e-07,8.95282e-07,8.43999e-07,7.42905e-07,6.58079e-07,5.75218e-07,4.83261e-07,3.89738e-07,3.03877e-07
9.97358e-07,9.75089e-07,9.42064e-07,8.86272e-07,8.38197e-07,7.34157e-07,6.484e-07,5.67182e-07,4.81027e-07,3.8722e-07,3.00179e-07
9.89169e-07,9.69599e-07,9.31103e-07,8.78678e-07,8.24417e-07,7.26684e-07,6.43767e-07,5.62875e-07,4.7316e-07,3.79371e-07,2.95307e-07
9.78005e-07,9.65512e-07,9.26889e-07,8.69225e-07,8.16082e-07,7.19471e-07,6.36729e-07,5.57338e-07,4.68007e-07,3.78901e-07,2.93639e-07
9.61797e-07,9.49736e-07,9.09122e-07,8.61858e-07,8.0925e-07,7.12926e-07,6.30372e-07,5.50997e-07,4.62969e-07,3.73648e-07,2.88562e-07
9.59378e-07,9.42993e-07,9.04994e-07,8.54785e-07,8.02494e-07,7.04971e-07,6.23221e-07,5.45458e-07,4.56676e-07,3.65307e-07,2.85119e-07
9.50696e-07,9.30741e-07,8.93358e-07,8.47823e-07,7.94593e-07,6.99178e-07,6.17113e-07,5.40555e-07,4.52906e-07,3.64602e-07,2.81736e-07
9.38471e-07,9.23227e-07,8.85033e-07,8.41732e-07,7.87564e-07,6.89809e-07,6.09652e-07,5.34044e-07,4.46961e-07,3.61392e-07,2.78903e-07
9.30145e-07,9.14752e-07,8.8029e-07,8.30264e-07,7.77074e-07,6.85299e-07,6.05401e-07,5.28538e-07,4.4315e-07,3.56986e-07,2.77023e-07
9.22715e-07,9.07102e-07,8.72089e-07,8.18983e-07,7.68222e-07,6.79765e-07,5.99599e-07,5.22143e-07,4.3888e-07,3.52951e-07,2.72815e-07
9.14225e-07,8.95667e-07,8.60316e-07,8.13988e-07,7.64022e-07,6.73138e-07,5.8973e-07,5.19053e-07,4.3391e-07,3.4951e-07,2.69757e-07
9.06483e-07,8.89991e-07,8.54845e-07,8.03405e-07,7.5186e-07,6.65623e-07,5.86339e-07,5.11975e-07,4.29933e-07,3.44598e-07,2.66685e-07
8.94795e-07,8.7461e-07,8.42516e-07,7.95073e-07,7.37789e-07,6.5515e-07,5.80406e-07,5.04476e-07,4.25176e-07,3.40676e-07,2.62721e-07
8.94086e-07,8.67734e-07,8.41122e-07,7.90888e-07,7.3581e-07,6.53795e-07,5.74885e-07,5.00941e-07,4.20229e-07,3.37786e-07,2.6107e-07
8.81875e-07,8.65444e-07,8.30071e-07,7.81495e-07,7.32519e-07,6.45685e-07,5.68782e-07,4.9681e-07,4.16702e-07,3.35103e-07,2.57926e-07
8.76702e-07,8.52085e-07,8.22587e-07,7.75274e-07,7.27302e-07,6.42878e-07,5.64901e-07,4.91815e-07,4.11364e-07,3.29703e-07,2.54804e-07
8.67691e-07,8.49713e-07,8.14751e-07,7.71582e-07,7.2139e-07,6.36052e-07,5.59491e-07,4.85874e-07,4.06951e-07,3.25328e-07,2.51722e-07
8.55549e-07,8.39655e-07,8.03502e-07,7.62483e-07,7.09532e-07,6.28114e-07,5.51635e-07,4.80078e-07,4.04825e-07,3.23921e-07,2.49218e-07
8.47881e-07,8.31806e-07,7.98253e-07,7.51767e-07,7.05175e-07,6.21535e-07,5.48728e-07,4.75864e-07,3.9995e-07,3.20879e-07,2.47572e-07
8.3944e-07,8.28395e-07,7.93181e-07,7.46544e-07,7.02309e-07,6.15419e-07,5.40965e-07,4.72976e-07,3.94805e-07,3.17516e-07,2.43057e-07
8.34639e-07,8.2019e-07,7.84953e-07,7.32972e-07,6.91937e-07,6.12048e-07,5.3552e-07,4.68962e-07,3.8932e-07,3.13292e-07,2.42064e-07
8.26529e-07,8.1044e-07,7.77487e-07,7.32903e-07,6.84245e-07,6.05405e-07,5.3213e-07,4.62545e-07,3.86267e-07,3.09529e-07,2.39059e-07
8.17991e-07,8.01833e-07,7.67791e-07,7.25653e-07,6.77528e-07,6.00729e-07,5.27627e-07,4.5775e-07,3.84352e-07,3.07365e-07,2.36241e-07
8.09523e-07,7.96671e-07,7.66979e-07,7.18677e-07,6.72235e-07,5.95214e-07,5.19775e-07,4.55545e-07,3.79635e-07,3.05001e-07,2.33702e-07
8.02768e-07,7.89447e-07,7.54914e-07,7.13234e-07,6.64699e-07,5.86088e-07,5.16103e-07,4.49875e-07,3.75349e-07,3.02244e-07,2.31886e-07
7.97765e-07,7.80984e-07,7.46001e-07,7.057e-07,6.59775e-07,5.81765e-07,5.10475e-07,4.47271e-07,3.70952e-07,2.94708e-07,2.29116e-07
