0.000338149,0.000329323,0.000324108,0.000314532,0.000297352,0.000298794,0.000288646,0.000278823,0.000265403,0.000254313,0.000246874
0.000321796,0.000314129,0.000306346,0.000297219,0.000282709,0.000283953,0.000272735,0.000263599,0.000250276,0.000236929,0.000231333
0.00030326,0.000295064,0.000289973,0.000280939,0.000265902,0.00026517,0.00025966,0.000247364,0.000234867,0.000223786,0.000213791
0.000286708,0.000280904,0.000275356,0.000266758,0.000253319,0.000250923,0.00024549,0.000231839,0.000222185,0.000210084,0.000201697
0.000272319,0.000267189,0.000262253,0.000254127,0.00024169,0.000237821,0.000233547,0.00021909,0.000210869,0.000198893,0.000190582
0.000260235,0.000255062,0.000250483,0.000243274,0.000231339,0.000227214,0.000222788,0.000208266,0.000200508,0.000188906,0.000180676
0.000247489,0.000243294,0.000239079,0.000232134,0.000221238,0.000215921,0.000212141,0.000197462,0.000191158,0.000180001,0.000171086
0.000236785,0.000233297,0.000229133,0.000222664,0.000212603,0.000206654,0.000202543,0.000188365,0.000182353,0.0001721,0.000162626
0.000226959,0.000223841,0.000219348,0.000213461,0.000203733,0.000197987,0.000193464,0.000179839,0.00017418,0.000164103,0.00015446
0.00021803,0.000215613,0.000210706,0.000204871,0.000195693,0.000190266,0.00018516,0.000172151,0.000167144,0.000158117,0.000146999
0.000209387,0.000208388,0.000203125,0.00019762,0.000189183,0.000183331,0.000177164,0.000165075,0.000159689,0.000150446,0.000141128
0.000202652,0.000201062,0.000195322,0.000190627,0.00018122,0.000175759,0.000170241,0.000158312,0.00015223,0.000143126,0.00013319
0.000195323,0.000193634,0.000187907,0.000182969,0.000175209,0.000169553,0.000163324,0.000153059,0.000146288,0.000138159,0.000127988
0.000188701,0.000188517,0.000182803,0.000177167,0.000168964,0.000163555,0.000156377,0.000146559,0.000140111,0.000132733,0.000122572
0.000182596,0.000182253,0.000175334,0.000170605,0.000162772,0.000157829,0.000150408,0.000141171,0.000134695,0.000126775,0.000117183
0.000175809,0.000176883,0.000170359,0.000164268,0.000157602,0.000152726,0.000144768,0.000136293,0.000129722,0.000121739,0.000112845
0.000171589,0.000171231,0.000164029,0.000159048,0.000151976,0.000147664,0.000139803,0.000130515,0.000124347,0.000117673,0.000107915
0.000165956,0.000165991,0.000159724,0.000153988,0.000147013,0.000143118,0.000134795,0.000126713,0.000119887,0.000112764,0.000103409
0.000161643,0.000160963,0.000153512,0.000148972,0.000142817,0.000138127,0.00012973,0.000122005,0.000115565,0.000108127,9.96745e-05
0.00015625,0.000155837,0.000149488,0.000144373,0.000138122,0.000133828,0.000125476,0.000118088,0.000111515,0.000104154,9.55526e-05
0.000152265,0.000151222,0.000144227,0.000139629,0.000134019,0.000129368,0.000121082,0.000113847,0.000107348,0.000100271,9.2123e-05
0.000147412,0.000146866,0.000140715,0.000135588,0.000129592,0.00012517,0.000117278,0.000110219,0.000103357,9.67968e-05,8.81305e-05
0.000143325,0.000142265,0.000135915,0.000130996,0.000125826,0.000120573,0.000113039,0.000106541,9.98081e-05,9.31519e-05,8.5277e-05
0.000139034,0.000137917,0.000132094,0.000127091,0.000121584,0.000117742,0.000109897,0.000102982,9.60747e-05,9.02981e-05,8.13931e-05
0.000135349,0.000133556,0.000127907,0.000122949,0.000118094,0.000113251,0.000106088,9.96144e-05,9.2776e-05,8.6596e-05,7.8823e-05
0.000131251,0.000129339,0.00012409,0.000119343,0.000114667,0.00011003,0.000102642,9.63313e-05,8.97572e-05,8.37114e-05,7.57943e-05
0.000127517,0.000125298,0.000120594,0.00011564,0.000111144,0.000106451,9.93355e-05,9.30989e-05,8.65293e-05,8.06166e-05,7.30471e-05
0.000123721,0.000121257,0.000117204,0.000112374,0.000107977,0.000103096,9.63857e-05,9.0371e-05,8.38434e-05,7.79182e-05,7.0256e-05
0.000120104,0.000117858,0.000113551,0.000108648,0.000104395,9.97208e-05,9.33017e-05,8.73631e-05,8.0692e-05,7.51537e-05,6.77921e-05
0.000116902,0.000114192,0.000110421,0.000105288,0.000101107,9.70389e-05,9.03632e-05,8.43754e-05,7.82215e-05,7.25539e-05,6.50419e-05
0.000113982,0.000110891,0.000107506,0.000102165,9.81909e-05,9.3653e-05,8.71501e-05,8.19152e-05,7.57097e-05,6.96947e-05,6.27559e-05
0.000109946,0.000107159,0.000103645,9.91068e-05,9.4997e-05,9.08221e-05,8.48002e-05,7.9188e-05,7.29014e-05,6.72501e-05,6.04105e-05
0.000106792,0.000103971,0.000100864,9.60441e-05,9.21093e-05,8.77033e-05,8.20574e-05,7.67384e-05,7.04487e-05,6.4829e-05,5.81054e-05
0.00010376,0.000100919,9.79048e-05,9.3017e-05,8.95239e-05,8.49529e-05,7.94066e-05,7.43e-05,6.81684e-05,6.24185e-05,5.59444e-05
0.000100748,9.75492e-05,9.51906e-05,9.03236e-05,8.62673e-05,8.20039e-05,7.67342e-05,7.18518e-05,6.58245e-05,6.01495e-05,5.38555e-05
9.74819e-05,9.44707e-05,9.18119e-05,8.76545e-05,8.37127e-05,7.92185e-05,7.448e-05,6.9672e-05,6.34662e-05,5.78945e-05,5.1954e-05
9.42024e-05,9.16243e-05,8.927e-05,8.46902e-05,8.11845e-05,7.70989e-05,7.19305e-05,6.72947e-05,6.1547e-05,5.586e-05,5.00413e-05
9.15147e-05,8.88032e-05,8.65675e-05,8.20386e-05,7.84573e-05,7.45593e-05,6.96059e-05,6.49396e-05,5.9408e-05,5.36448e-05,4.81268e-05
8.90978e-05,8.60665e-05,8.36188e-05,7.97491e-05,7.57519e-05,7.16888e-05,6.72242e-05,6.27407e-05,5.73282e-05,5.17069e-05,4.62136e-05
8.59034e-05,8.32582e-05,8.08669e-05,7.71817e-05,7.35533e-05,6.94761e-05,6.5531e-05,6.01107e-05,5.5186e-05,4.98082e-05,4.4425e-05
8.31077e-05,8.05278e-05,7.86731e-05,7.43915e-05,7.10907e-05,6.71559e-05,6.28584e-05,5.84033e-05,5.32067e-05,4.77899e-05,4.27312e-05
8.04175e-05,7.79457e-05,7.585e-05,7.2059e-05,6.86493e-05,6.47966e-05,6.07787e-05,5.66092e-05,5.14652e-05,4.60224e-05,4.112e-05
7.81639e-05,7.58168e-05,7.41163e-05,6.98459e-05,6.69408e-05,6.30491e-05,5.87541e-05,5.49716e-05,5.02224e-05,4.44653e-05,3.98684e-05
7.52958e-05,7.28842e-05,7.12182e-05,6.7237e-05,6.41788e-05,6.03549e-05,5.65814e-05,5.26187e-05,4.78533e-05,4.24644e-05,3.79684e-05
7.32713e-05,7.10331e-05,6.96045e-05,6.50982e-05,6.26498e-05,5.86686e-05,5.49544e-05,5.12963e-05,4.63801e-05,4.10281e-05,3.67474e-05
7.01695e-05,6.80481e-05,6.64638e-05,6.28621e-05,5.99513e-05,5.62112e-05,5.26485e-05,4.89602e-05,4.43781e-05,3.94138e-05,3.52434e-05
6.81233e-05,6.62351e-05,6.49901e-05,6.11184e-05,5.85102e-05,5.46543e-05,5.10329e-05,4.75705e-05,4.3117e-05,3.80511e-05,3.4077e-05
6.55701e-05,6.36694e-05,6.21716e-05,5.85485e-05,5.57565e-05,5.22407e-05,4.90151e-05,4.53753e-05,4.11144e-05,3.63913e-05,3.25313e-05
6.33611e-05,6.14774e-05,6.00132e-05,5.66037e-05,5.38962e-05,5.02615e-05,4.73246e-05,4.3966e-05,3.96516e-05,3.50478e-05,3.13429e-05
6.11576e-05,5.93922e-05,5.81139e-05,5.47707e-05,5.21452e-05,4.85614e-05,4.5452e-05,4.23292e-05,3.81612e-05,3.36706e-05,3.00984e-05
5.90312e-05,5.7378e-05,5.60071e-05,5.28068e-05,5.03091e-05,4.67567e-05,4.39391e-05,4.06967e-05,3.67541e-05,3.24306e-05,2.90036e-05
5.71032e-05,5.55237e-05,5.3963e-05,5.0926e-05,4.8419e-05,4.50711e-05,4.23185e-05,3.90162e-05,3.53026e-05,3.11085e-05,2.77468e-05
5.53526e-05,5.37679e-05,5.20686e-05,4.92263e-05,4.67376e-05,4.35445e-05,4.07156e-05,3.74712e-05,3.42951e-05,2.99319e-05,2.67434e-05
5.32633e-05,5.17675e-05,5.03626e-05,4.75318e-05,4.50823e-05,4.19274e-05,3.92769e-05,3.61797e-05,3.26878e-05,2.87552e-05,2.56316e-05
5.1446e-05,5.00926e-05,4.87402e-05,4.58336e-05,4.35102e-05,4.04441e-05,3.79327e-05,3.47125e-05,3.1398e-05,2.76635e-05,2.46505e-05
4.97226e-05,4.85236e-05,4.7182e-05,4.42951e-05,4.19996e-05,3.91139e-05,3.64962e-05,3.34867e-05,3.02923e-05,2.67133e-05,2.37589e-05
4.81246e-05,4.67936e-05,4.55851e-05,4.27004e-05,4.05768e-05,3.77763e-05,3.52951e-05,3.21259e-05,2.90935e-05,2.55681e-05,2.27665e-05
4.65373e-05,4.52641e-05,4.39267e-05,4.13732e-05,3.92184e-05,3.63287e-05,3.39073e-05,3.09472e-05,2.80214e-05,2.46547e-05,2.19123e-05
4.50208e-05,4.38178e-05,4.24894e-05,3.99375e-05,3.78177e-05,3.5104e-05,3.27353e-05,2.97841e-05,2.69502e-05,2.37119e-05,2.10846e-05
4.36451e-05,4.246e-05,4.10149e-05,3.86349e-05,3.65558e-05,3.39225e-05,3.16348e-05,2.87151e-05,2.59588e-05,2.28583e-05,2.0268e-05
4.23054e-05,4.11127e-05,3.97952e-05,3.73469e-05,3.54536e-05,3.27682e-05,3.05235e-05,2.76228e-05,2.49598e-05,2.20085e-05,1.95476e-05
4.09114e-05,3.98414e-05,3.84819e-05,3.61599e-05,3.43062e-05,3.18094e-05,2.94309e-05,2.66452e-05,2.41141e-05,2.12184e-05,1.87919e-05
3.97142e-05,3.86354e-05,3.72612e-05,3.50199e-05,3.30989e-05,3.07142e-05,2.84956e-05,2.57011e-05,2.32516e-05,2.045e-05,1.81049e-05
3.85169e-05,3.75233e-05,3.61102e-05,3.39535e-05,3.20772e-05,2.97793e-05,2.75264e-05,2.48491e-05,2.24371e-05,1.97489e-05,1.74559e-05
3.74474e-05,3.64115e-05,3.49909e-05,3.29336e-05,3.10729e-05,2.88118e-05,2.67118e-05,2.39471e-05,2.16726e-05,1.90447e-05,1.68182e-05
3.64677e-05,3.55037e-05,3.41283e-05,3.20525e-05,3.03645e-05,2.8113e-05,2.59792e-05,2.32805e-05,2.10462e-05,1.852e-05,1.63299e-05
3.5353e-05,3.43158e-05,3.29325e-05,3.09818e-05,2.92435e-05,2.71971e-05,2.50217e-05,2.24392e-05,2.0215e-05,1.77685e-05,1.56313e-05
3.4421e-05,3.34362e-05,3.19416e-05,3.00761e-05,2.83544e-05,2.63102e-05,2.42435e-05,2.17404e-05,1.95737e-05,1.71908e-05,1.5102e-05
3.35594e-05,3.25103e-05,3.10693e-05,2.92481e-05,2.75745e-05,2.5578e-05,2.35501e-05,2.10345e-05,1.89648e-05,1.66156e-05,1.4574e-05
3.25861e-05,3.16506e-05,3.0183e-05,2.84169e-05,2.67475e-05,2.48623e-05,2.29054e-05,2.03666e-05,1.8312e-05,1.60922e-05,1.40929e-05
3.16904e-05,3.08061e-05,2.93519e-05,2.76638e-05,2.60452e-05,2.41651e-05,2.22063e-05,1.97162e-05,1.775e-05,1.56251e-05,1.36261e-05
3.09439e-05,3.00437e-05,2.85552e-05,2.6948e-05,2.53148e-05,2.35593e-05,2.15466e-05,1.91399e-05,1.72096e-05,1.51179e-05,1.31748e-05
3.01109e-05,2.92677e-05,2.77793e-05,2.6191e-05,2.46402e-05,2.2847e-05,2.08475e-05,1.85503e-05,1.67443e-05,1.46688e-05,1.27227e-05
2.93346e-05,2.85487e-05,2.70764e-05,2.55141e-05,2.39899e-05,2.23019e-05,2.03333e-05,1.80574e-05,1.62011e-05,1.41711e-05,1.23251e-05
2.85962e-05,2.77814e-05,2.63958e-05,2.48842e-05,2.33421e-05,2.17082e-05,1.97775e-05,1.75285e-05,1.57516e-05,1.3789e-05,1.19216e-05
2.79851e-05,2.71648e-05,2.56923e-05,2.42198e-05,2.27802e-05,2.11184e-05,1.92214e-05,1.70784e-05,1.53064e-05,1.33895e-05,1.15485e-05
2.72061e-05,2.6442e-05,2.5043e-05,2.36021e-05,2.213e-05,2.05572e-05,1.8715e-05,1.65827e-05,1.48615e-05,1.29818e-05,1.11799e-05
2.65798e-05,2.58307e-05,2.4383e-05,2.30046e-05,2.16062e-05,2.00323e-05,1.821e-05,1.61742e-05,1.44267e-05,1.26434e-05,1.08501e-05
2.59214e-05,2.51652e-05,2.37846e-05,2.24724e-05,2.10314e-05,1.95188e-05,1.77426e-05,1.5718e-05,1.39949e-05,1.22796e-05,1.05353e-05
2.53015e-05,2.45634e-05,2.31948e-05,2.19184e-05,2.05291e-05,1.90565e-05,1.72826e-05,1.52786e-05,1.36173e-05,1.19351e-05,1.01876e-05
2.47092e-05,2.39745e-05,2.25978e-05,2.14184e-05,2.00181e-05,1.85617e-05,1.68118e-05,1.48906e-05,1.32592e-05,1.1612e-05,9.91437e-06
2.40912e-05,2.33762e-05,2.20689e-05,2.08591e-05,1.9506e-05,1.80985e-05,1.64035e-05,1.44917e-05,1.28885e-05,1.12718e-05,9.60436e-06
2.35282e-05,2.28512e-05,2.14728e-05,2.03666e-05,1.89892e-05,1.75923e-05,1.59891e-05,1.41458e-05,1.25929e-05,1.10093e-05,9.28655e-06
2.29563e-05,2.23025e-05,2.10034e-05,1.9894e-05,1.85414e-05,1.71913e-05,1.55944e-05,1.37496e-05,1.21933e-05,1.06538e-05,9.00389e-06
2.238e-05,2.172e-05,2.04589e-05,1.93978e-05,1.80688e-05,1.67106e-05,1.5142e-05,1.3418e-05,1.1864e-05,1.03755e-05,8.77699e-06
2.18849e-05,2.12429e-05,1.99785e-05,1.89745e-05,1.76894e-05,1.63804e-05,1.48206e-05,1.30684e-05,1.15568e-05,1.01183e-05,8.50818e-06
2.13136e-05,2.06659e-05,1.94435e-05,1.84832e-05,1.71598e-05,1.58811e-05,1.43987e-05,1.2714e-05,1.11833e-05,9.77744e-06,8.29944e-06
2.08166e-05,2.02111e-05,1.898e-05,1.80265e-05,1.67839e-05,1.55083e-05,1.40574e-05,1.23974e-05,1.09202e-05,9.54876e-06,8.02246e-06
2.02931e-05,1.96785e-05,1.84928e-05,1.75856e-05,1.63849e-05,1.51034e-05,1.37227e-05,1.21196e-05,1.06738e-05,9.27762e-06,7.80381e-06
1.98267e-05,1.92442e-05,1.80851e-05,1.71586e-05,1.59828e-05,1.47565e-05,1.33778e-05,1.1759e-05,1.03607e-05,9.0738e-06,7.58184e-06
1.93064e-05,1.87845e-05,1.76145e-05,1.67658e-05,1.55652e-05,1.43475e-05,1.30316e-05,1.14848e-05,1.00452e-05,8.77716e-06,7.36335e-06
1.88453e-05,1.83004e-05,1.71683e-05,1.6344e-05,1.51724e-05,1.40099e-05,1.26851e-05,1.11757e-05,9.78821e-06,8.56408e-06,7.15133e-06
1.83414e-05,1.78785e-05,1.67499e-05,1.59817e-05,1.4786e-05,1.36454e-05,1.23918e-05,1.08751e-05,9.53546e-06,8.29823e-06,6.92071e-06
1.79239e-05,1.74119e-05,1.6307e-05,1.55535e-05,1.44189e-05,1.33018e-05,1.20533e-05,1.06078e-05,9.26339e-06,8.10425e-06,6.74667e-06
1.7503e-05,1.70207e-05,1.5895e-05,1.51976e-05,1.40446e-05,1.29861e-05,1.17496e-05,1.03357e-05,9.00683e-06,7.85185e-06,6.58542e-06
1.70379e-05,1.65592e-05,1.55477e-05,1.48327e-05,1.37256e-05,1.26776e-05,1.14609e-05,1.00593e-05,8.82189e-06,7.67711e-06,6.38212e-06
1.66401e-05,1.61865e-05,1.51343e-05,1.44581e-05,1.33735e-05,1.23485e-05,1.116e-05,9.79234e-06,8.56481e-06,7.46706e-06,6.21602e-06
1.62093e-05,1.57435e-05,1.47581e-05,1.40987e-05,1.30434e-05,1.20167e-05,1.08645e-05,9.55849e-06,8.32303e-06,7.27224e-06,6.02869e-06
1.58234e-05,1.53907e-05,1.43898e-05,1.3783e-05,1.27117e-05,1.17059e-05,1.06283e-05,9.3203e-06,8.09541e-06,7.06111e-06,5.85691e-06
1.54285e-05,1.50038e-05,1.39952e-05,1.34362e-05,1.24109e-05,1.13984e-05,1.03475e-05,9.08695e-06,7.90557e-06,6.90656e-06,5.69323e-06
1.50404e-05,1.4639e-05,1.36709e-05,1.31272e-05,1.20895e-05,1.11416e-05,1.00823e-05,8.81902e-06,7.69478e-06,6.68087e-06,5.51605e-06
1.47029e-05,1.42493e-05,1.3343e-05,1.27782e-05,1.17873e-05,1.08329e-05,9.81265e-06,8.61536e-06,7.48085e-06,6.52149e-06,5.38583e-06
1.43387e-05,1.38853e-05,1.30147e-05,1.25169e-05,1.15027e-05,1.05708e-05,9.5549e-06,8.36554e-06,7.2935e-06,6.32553e-06,5.2426e-06
1.39985e-05,1.35562e-05,1.26702e-05,1.21784e-05,1.1213e-05,1.03335e-05,9.32495e-06,8.13992e-06,7.08997e-06,6.19409e-06,5.09605e-06
1.36231e-05,1.32251e-05,1.23591e-05,1.18803e-05,1.09092e-05,1.00544e-05,9.11276e-06,7.95266e-06,6.9016e-06,6.00128e-06,4.95892e-06
1.33281e-05,1.29033e-05,1.20324e-05,1.16129e-05,1.06597e-05,9.79396e-06,8.87816e-06,7.77054e-06,6.71934e-06,5.84208e-06,4.83277e-06
1.29885e-05,1.26108e-05,1.17831e-05,1.13352e-05,1.04204e-05,9.55354e-06,8.67e-06,7.56857e-06,6.56277e-06,5.68805e-06,4.70022e-06
1.26818e-05,1.2334e-05,1.14895e-05,1.11005e-05,1.01609e-05,9.32507e-06,8.45405e-06,7.39459e-06,6.40219e-06,5.52833e-06,4.57081e-06
1.23582e-05,1.20278e-05,1.12212e-05,1.08219e-05,9.91674e-06,9.06959e-06,8.20463e-06,7.18522e-06,6.22412e-06,5.40127e-06,4.46116e-06
1.208e-05,1.16778e-05,1.09188e-05,1.05253e-05,9.65084e-06,8.83601e-06,8.00829e-06,7.00478e-06,6.05355e-06,5.23313e-06,4.32674e-06
1.1779e-05,1.13974e-05,1.06205e-05,1.02601e-05,9.40998e-06,8.62903e-06,7.81896e-06,6.80564e-06,5.89702e-06,5.09006e-06,4.20464e-06
1.14926e-05,1.11238e-05,1.03792e-05,1.00141e-05,9.16325e-06,8.40428e-06,7.6351e-06,6.63417e-06,5.75914e-06,4.95944e-06,4.09009e-06
1.11847e-05,1.08522e-05,1.01014e-05,9.75987e-06,8.95456e-06,8.23282e-06,7.441e-06,6.46482e-06,5.61381e-06,4.83232e-06,3.98632e-06
1.0981e-05,1.05698e-05,9.87086e-06,9.5172e-06,8.73736e-06,8.02313e-06,7.25635e-06,6.29214e-06,5.46823e-06,4.71829e-06,3.88274e-06
1.06881e-05,1.03198e-05,9.64364e-06,9.30537e-06,8.52811e-06,7.80649e-06,7.06149e-06,6.12625e-06,5.32257e-06,4.59012e-06,3.77253e-06
1.04332e-05,1.00735e-05,9.40777e-06,9.07939e-06,8.30039e-06,7.59352e-06,6.88871e-06,5.97374e-06,5.18465e-06,4.45484e-06,3.66608e-06
1.01831e-05,9.83475e-06,9.15599e-06,8.87134e-06,8.11732e-06,7.43112e-06,6.73399e-06,5.82854e-06,5.04543e-06,4.34574e-06,3.56366e-06
9.97793e-06,9.60836e-06,8.97786e-06,8.62796e-06,7.91487e-06,7.27308e-06,6.55221e-06,5.70195e-06,4.95103e-06,4.22774e-06,3.48639e-06
9.69444e-06,9.37603e-06,8.75513e-06,8.47607e-06,7.73491e-06,7.07588e-06,6.39495e-06,5.55259e-06,4.80878e-06,4.12578e-06,3.39113e-06
9.51414e-06,9.14901e-06,8.55956e-06,8.25921e-06,7.53651e-06,6.91112e-06,6.23178e-06,5.40878e-06,4.69446e-06,4.01935e-06,3.30392e-06
9.27114e-06,8.93933e-06,8.3696e-06,8.05757e-06,7.36785e-06,6.73964e-06,6.09052e-06,5.28184e-06,4.57747e-06,3.92331e-06,3.22237e-06
9.07724e-06,8.70498e-06,8.1676e-06,7.87988e-06,7.19177e-06,6.57819e-06,5.91907e-06,5.14191e-06,4.45805e-06,3.81656e-06,3.13936e-06
8.8312e-06,8.51799e-06,7.98301e-06,7.69755e-06,7.01705e-06,6.42633e-06,5.79438e-06,5.01496e-06,4.3621e-06,3.70515e-06,3.04618e-06
8.64822e-06,8.32852e-06,7.78527e-06,7.47695e-06,6.85538e-06,6.27904e-06,5.62776e-06,4.90569e-06,4.24673e-06,3.60823e-06,2.96629e-06
8.44011e-06,8.13618e-06,7.61638e-06,7.33693e-06,6.69949e-06,6.13357e-06,5.50834e-06,4.77925e-06,4.13696e-06,3.5357e-06,2.88791e-06
8.30814e-06,7.94903e-06,7.43645e-06,7.15443e-06,6.56931e-06,5.97727e-06,5.37669e-06,4.67918e-06,4.03777e-06,3.42672e-06,2.82506e-06
8.0832e-06,7.77153e-06,7.27943e-06,7.00575e-06,6.4053e-06,5.84401e-06,5.25068e-06,4.55619e-06,3.94119e-06,3.34649e-06,2.76185e-06
7.93461e-06,7.61509e-06,7.12032e-06,6.8528e-06,6.25349e-06,5.71214e-06,5.13159e-06,4.43886e-06,3.86016e-06,3.25194e-06,2.68637e-06
7.73984e-06,7.43026e-06,6.94374e-06,6.68844e-06,6.11624e-06,5.59222e-06,5.01731e-06,4.33874e-06,3.76157e-06,3.17249e-06,2.61883e-06
7.56095e-06,7.24354e-06,6.81158e-06,6.52529e-06,5.96174e-06,5.4434e-06,4.89856e-06,4.24393e-06,3.6817e-06,3.09684e-06,2.56083e-06
7.38678e-06,7.07989e-06,6.64344e-06,6.3862e-06,5.82952e-06,5.33873e-06,4.79769e-06,4.14014e-06,3.59277e-06,3.0228e-06,2.48983e-06
7.2441e-06,6.95064e-06,6.49365e-06,6.25464e-06,5.69144e-06,5.19178e-06,4.67019e-06,4.05613e-06,3.5054e-06,2.95083e-06,2.4239e-06
7.08811e-06,6.79622e-06,6.36755e-06,6.11688e-06,5.57711e-06,5.09063e-06,4.56869e-06,3.96963e-06,3.41084e-06,2.87151e-06,2.372e-06
6.94624e-06,6.65785e-06,6.24595e-06,5.97466e-06,5.46427e-06,4.97128e-06,4.47019e-06,3.90007e-06,3.34781e-06,2.80254e-06,2.30882e-06
6.77885e-06,6.50147e-06,6.09471e-06,5.85524e-06,5.33559e-06,4.86647e-06,4.37612e-06,3.78608e-06,3.26886e-06,2.74059e-06,2.24767e-06
6.65551e-06,6.36923e-06,5.96837e-06,5.69255e-06,5.21515e-06,4.76867e-06,4.27545e-06,3.70543e-06,3.21001e-06,2.67154e-06,2.19678e-06
6.51901e-06,6.22547e-06,5.84844e-06,5.59816e-06,5.10332e-06,4.64876e-06,4.17257e-06,3.61457e-06,3.13397e-06,2.60731e-06,2.14104e-06
6.3937e-06,6.09411e-06,5.73331e-06,5.47199e-06,4.99459e-06,4.55156e-06,4.08774e-06,3.53349e-06,3.05951e-06,2.54455e-06,2.09319e-06
6.22696e-06,5.96422e-06,5.60379e-06,5.35893e-06,4.88893e-06,4.45624e-06,3.98984e-06,3.46359e-06,2.98156e-06,2.49336e-06,2.03707e-06
6.09798e-06,5.84705e-06,5.474e-06,5.24722e-06,4.77779e-06,4.36349e-06,3.89384e-06,3.38747e-06,2.91169e-06,2.42768e-06,1.9914e-06
5.97768e-06,5.72367e-06,5.37821e-06,5.15147e-06,4.6885e-06,4.26304e-06,3.81554e-06,3.31428e-06,2.85624e-06,2.37292e-06,1.9394e-06
5.88133e-06,5.60335e-06,5.27081e-06,5.02951e-06,4.59633e-06,4.17268e-06,3.73889e-06,3.25319e-06,2.78165e-06,2.31108e-06,1.89358e-06
5.74501e-06,5.48433e-06,5.15946e-06,4.91732e-06,4.5028e-06,4.1013e-06,3.65946e-06,3.1786e-06,2.72404e-06,2.25781e-06,1.84428e-06
5.63747e-06,5.38909e-06,5.0593e-06,4.81708e-06,4.40028e-06,4.00518e-06,3.58286e-06,3.10753e-06,2.67087e-06,2.20665e-06,1.80623e-06
5.52446e-06,5.28228e-06,4.96488e-06,4.71428e-06,4.31759e-06,3.92421e-06,3.50346e-06,3.04311e-06,2.60449e-06,2.15583e-06,1.77007e-06
5.41815e-06,5.16543e-06,4.85612e-06,4.6168e-06,4.23145e-06,3.84631e-06,3.42974e-06,2.976e-06,2.55176e-06,2.10941e-06,1.71748e-06
5.28068e-06,5.08134e-06,4.77048e-06,4.52854e-06,4.1432e-06,3.77705e-06,3.35713e-06,2.91786e-06,2.50753e-06,2.07346e-06,1.6762e-06
5.2049e-06,4.96691e-06,4.66532e-06,4.44215e-06,4.0587e-06,3.69476e-06,3.28841e-06,2.85736e-06,2.44396e-06,2.01673e-06,1.63972e-06
5.08202e-06,4.86894e-06,4.57873e-06,4.35585e-06,3.97089e-06,3.61699e-06,3.22095e-06,2.80315e-06,2.3942e-06,1.96786e-06,1.5969e-06
4.99665e-06,4.78866e-06,4.49621e-06,4.27413e-06,3.90069e-06,3.53608e-06,3.16247e-06,2.74249e-06,2.34283e-06,1.92691e-06,1.56456e-06
4.91158e-06,4.68716e-06,4.41242e-06,4.17685e-06,3.83474e-06,3.47166e-06,3.09809e-06,2.68901e-06,2.28893e-06,1.88398e-06,1.52754e-06
4.81093e-06,4.59266e-06,4.33131e-06,4.10396e-06,3.74966e-06,3.40883e-06,3.03244e-06,2.6274e-06,2.24672e-06,1.849e-06,1.49082e-06
4.72251e-06,4.51301e-06,4.24359e-06,4.02471e-06,3.68224e-06,3.34554e-06,2.97074e-06,2.57928e-06,2.20426e-06,1.80573e-06,1.45616e-06
4.61559e-06,4.42158e-06,4.1625e-06,3.94488e-06,3.60441e-06,3.27532e-06,2.90755e-06,2.5226e-06,2.15029e-06,1.77007e-06,1.42075e-06
4.52808e-06,4.33478e-06,4.09062e-06,3.87006e-06,3.53678e-06,3.20769e-06,2.85457e-06,2.4776e-06,2.10184e-06,1.72736e-06,1.38397e-06
4.4455e-06,4.25177e-06,4.01399e-06,3.8003e-06,3.46483e-06,3.14614e-06,2.79334e-06,2.42559e-06,2.06178e-06,1.68968e-06,1.35438e-06
4.37022e-06,4.18228e-06,3.94735e-06,3.73317e-06,3.40043e-06,3.08418e-06,2.74472e-06,2.3828e-06,2.02087e-06,1.65474e-06,1.32653e-06
4.29378e-06,4.10501e-06,3.86604e-06,3.65331e-06,3.34286e-06,3.02188e-06,2.69663e-06,2.32953e-06,1.97905e-06,1.61107e-06,1.30209e-06
4.21096e-06,4.0303e-06,3.79192e-06,3.58206e-06,3.27989e-06,2.96561e-06,2.64394e-06,2.28645e-06,1.93901e-06,1.57904e-06,1.27226e-06
4.12881e-06,3.9534e-06,3.72563e-06,3.50883e-06,3.21621e-06,2.9137e-06,2.59486e-06,2.24248e-06,1.89897e-06,1.54312e-06,1.24076e-06
4.06781e-06,3.88573e-06,3.65445e-06,3.44789e-06,3.15894e-06,2.8548e-06,2.54587e-06,2.19865e-06,1.86287e-06,1.51113e-06,1.21695e-06
3.97655e-06,3.81149e-06,3.58963e-06,3.38398e-06,3.09433e-06,2.80429e-06,2.49139e-06,2.15174e-06,1.82184e-06,1.48193e-06,1.18673e-06
3.90528e-06,3.73613e-06,3.5194e-06,3.32014e-06,3.03967e-06,2.75239e-06,2.44874e-06,2.11242e-06,1.78462e-06,1.44777e-06,1.16002e-06
3.83925e-06,3.67572e-06,3.46003e-06,3.26594e-06,2.97893e-06,2.69988e-06,2.39821e-06,2.07321e-06,1.74471e-06,1.42067e-06,1.13567e-06
3.77088e-06,3.61199e-06,3.39581e-06,3.19972e-06,2.93092e-06,2.65119e-06,2.35461e-06,2.03425e-06,1.71247e-06,1.38659e-06,1.11209e-06
3.70112e-06,3.54299e-06,3.33738e-06,3.14006e-06,2.87444e-06,2.59914e-06,2.31224e-06,1.99537e-06,1.67861e-06,1.36067e-06,1.0847e-06
3.63966e-06,3.48365e-06,3.27843e-06,3.08403e-06,2.82319e-06,2.55291e-06,2.26942e-06,1.95656e-06,1.64535e-06,1.3322e-06,1.06116e-06
3.57021e-06,3.42465e-06,3.22107e-06,3.02765e-06,2.77463e-06,2.50461e-06,2.22811e-06,1.91966e-06,1.61318e-06,1.30593e-06,1.03659e-06
3.50911e-06,3.35868e-06,3.16326e-06,2.97159e-06,2.72395e-06,2.45902e-06,2.18616e-06,1.88567e-06,1.58051e-06,1.27873e-06,1.01505e-06
3.44828e-06,3.30055e-06,3.10615e-06,2.91775e-06,2.67516e-06,2.41343e-06,2.14563e-06,1.85002e-06,1.54951e-06,1.24925e-06,9.92311e-07
3.3898e-06,3.23816e-06,3.05478e-06,2.86477e-06,2.6258e-06,2.37292e-06,2.10754e-06,1.81495e-06,1.51907e-06,1.22651e-06,9.70377e-07
3.32688e-06,3.18207e-06,3.00277e-06,2.82055e-06,2.57692e-06,2.33049e-06,2.06646e-06,1.7774e-06,1.49048e-06,1.19878e-06,9.51347e-07
3.26813e-06,3.1287e-06,2.95179e-06,2.76288e-06,2.53301e-06,2.28745e-06,2.02967e-06,1.74785e-06,1.45963e-06,1.17384e-06,9.29024e-07
3.21623e-06,3.07659e-06,2.90099e-06,2.71267e-06,2.48749e-06,2.246e-06,1.99415e-06,1.71088e-06,1.43111e-06,1.15201e-06,9.08282e-07
3.15654e-06,3.02553e-06,2.84808e-06,2.6681e-06,2.44425e-06,2.20618e-06,1.95592e-06,1.6817e-06,1.40228e-06,1.12732e-06,8.89342e-07
3.10235e-06,2.97414e-06,2.79805e-06,2.61863e-06,2.40355e-06,2.16545e-06,1.92029e-06,1.64928e-06,1.37667e-06,1.10472e-06,8.69942e-07
3.05459e-06,2.92432e-06,2.75073e-06,2.57826e-06,2.35905e-06,2.12905e-06,1.8856e-06,1.62184e-06,1.34766e-06,1.08583e-06,8.52415e-07
2.99817e-06,2.87586e-06,2.70601e-06,2.53257e-06,2.31733e-06,2.08934e-06,1.8518e-06,1.58992e-06,1.32367e-06,1.06127e-06,8.33267e-07
2.95049e-06,2.8333e-06,2.6568e-06,2.49402e-06,2.27923e-06,2.05005e-06,1.82178e-06,1.56149e-06,1.29847e-06,1.04244e-06,8.16167e-07
2.89634e-06,2.77602e-06,2.61676e-06,2.44488e-06,2.23504e-06,2.01898e-06,1.78589e-06,1.53357e-06,1.27335e-06,1.02004e-06,7.97689e-07
2.85237e-06,2.73154e-06,2.57272e-06,2.40291e-06,2.19861e-06,1.98471e-06,1.75503e-06,1.50612e-06,1.24814e-06,1.00138e-06,7.81685e-07
2.80572e-06,2.69071e-06,2.53285e-06,2.36848e-06,2.16371e-06,1.94876e-06,1.72771e-06,1.47797e-06,1.22465e-06,9.81351e-07,7.66213e-07
2.75894e-06,2.64572e-06,2.48985e-06,2.32664e-06,2.12549e-06,1.91676e-06,1.69581e-06,1.45126e-06,1.20329e-06,9.63026e-07,7.52259e-07
2.71369e-06,2.59922e-06,2.44983e-06,2.28332e-06,2.08957e-06,1.88662e-06,1.66694e-06,1.42501e-06,1.18049e-06,9.4551e-07,7.33692e-07
2.66958e-06,2.55914e-06,2.41036e-06,2.2479e-06,2.05502e-06,1.85134e-06,1.63589e-06,1.39913e-06,1.15639e-06,9.25518e-07,7.1786e-07
2.62425e-06,2.51531e-06,2.37132e-06,2.21002e-06,2.02072e-06,1.81993e-06,1.6081e-06,1.37255e-06,1.136e-06,9.08722e-07,7.03359e-07
2.58705e-06,2.47624e-06,2.33687e-06,2.17436e-06,1.98628e-06,1.78975e-06,1.58085e-06,1.34998e-06,1.1156e-06,8.90002e-07,6.88043e-07
2.54429e-06,2.43852e-06,2.29499e-06,2.14379e-06,1.95175e-06,1.76136e-06,1.55442e-06,1.32728e-06,1.09721e-06,8.74245e-07,6.75631e-07
2.50819e-06,2.40058e-06,2.26078e-06,2.10309e-06,1.92267e-06,1.7325e-06,1.52972e-06,1.30376e-06,1.07636e-06,8.58989e-07,6.62938e-07
2.46001e-06,2.36837e-06,2.22758e-06,2.06722e-06,1.89262e-06,1.70138e-06,1.49948e-06,1.27883e-06,1.05657e-06,8.40653e-07,6.46819e-07
2.42774e-06,2.32706e-06,2.19397e-06,2.03823e-06,1.86072e-06,1.67682e-06,1.47688e-06,1.26034e-06,1.0382e-06,8.25938e-07,6.36145e-07
2.38608e-06,2.29344e-06,2.15343e-06,2.0051e-06,1.83091e-06,1.64614e-06,1.45278e-06,1.23713e-06,1.0185e-06,8.11999e-07,6.22161e-07
2.35173e-06,2.25695e-06,2.12927e-06,1.97765e-06,1.80344e-06,1.62178e-06,1.42996e-06,1.21631e-06,1.00183e-06,7.94643e-07,6.1021e-07
2.31576e-06,2.2258e-06,2.09383e-06,1.93961e-06,1.77141e-06,1.59402e-06,1.40444e-06,1.19518e-06,9.83185e-07,7.80861e-07,5.99161e-07
2.28849e-06,2.19302e-06,2.06794e-06,1.91312e-06,1.74599e-06,1.56967e-06,1.38416e-06,1.1768e-06,9.67535e-07,7.6757e-07,5.88857e-07
2.24345e-06,2.15856e-06,2.03275e-06,1.88548e-06,1.7172e-06,1.54599e-06,1.36042e-06,1.15578e-06,9.51782e-07,7.55304e-07,5.75188e-07
2.21657e-06,2.13166e-06,2.00484e-06,1.85951e-06,1.68859e-06,1.52198e-06,1.34073e-06,1.14028e-06,9.35031e-07,7.40383e-07,5.65733e-07
2.18189e-06,2.09561e-06,1.97529e-06,1.82798e-06,1.66457e-06,1.4978e-06,1.31908e-06,1.11828e-06,9.19776e-07,7.27723e-07,5.5514e-07
2.15094e-06,2.07138e-06,1.94319e-06,1.80331e-06,1.63937e-06,1.47768e-06,1.30083e-06,1.10073e-06,9.05152e-07,7.16428e-07,5.45742e-07
2.12067e-06,2.04235e-06,1.91563e-06,1.77708e-06,1.61854e-06,1.45365e-06,1.27691e-06,1.08159e-06,8.91392e-07,7.03616e-07,5.32488e-07
2.09225e-06,2.01338e-06,1.88723e-06,1.75034e-06,1.59101e-06,1.43154e-06,1.26001e-06,1.06774e-06,8.76047e-07,6.90186e-07,5.24567e-07
2.0595e-06,1.98357e-06,1.86128e-06,1.73044e-06,1.57106e-06,1.40933e-06,1.23915e-06,1.04794e-06,8.59291e-07,6.79291e-07,5.14423e-07
2.03206e-06,1.95511e-06,1.83965e-06,1.70281e-06,1.54478e-06,1.39076e-06,1.21888e-06,1.03312e-06,8.42246e-07,6.687e-07,5.06313e-07
2.00663e-06,1.93372e-06,1.81359e-06,1.67963e-06,1.52718e-06,1.37018e-06,1.20121e-06,1.01683e-06,8.33041e-07,6.55252e-07,4.95498e-07
1.97679e-06,1.90212e-06,1.79353e-06,1.6531e-06,1.49873e-06,1.34957e-06,1.18119e-06,1.00064e-06,8.19578e-07,6.45584e-07,4.88512e-07
1.95256e-06,1.88027e-06,1.76632e-06,1.63336e-06,1.48249e-06,1.33056e-06,1.16652e-06,9.85436e-07,8.03422e-07,6.34468e-07,4.79156e-07
1.92981e-06,1.84971e-06,1.747e-06,1.61253e-06,1.46386e-06,1.31259e-06,1.14575e-06,9.72937e-07,7.93027e-07,6.23814e-07,4.70158e-07
1.90042e-06,1.83159e-06,1.72658e-06,1.58701e-06,1.44389e-06,1.29167e-06,1.12745e-06,9.5399e-07,7.7981e-07,6.14535e-07,4.62712e-07
1.8716e-06,1.80433e-06,1.7021e-06,1.56752e-06,1.42392e-06,1.27605e-06,1.11339e-06,9.38451e-07,7.67234e-07,6.0674e-07,4.5627e-07
1.84657e-06,1.77913e-06,1.68154e-06,1.54693e-06,1.40073e-06,1.25592e-06,1.09931e-06,9.29568e-07,7.54558e-07,5.95958e-07,4.50766e-07
1.8261e-06,1.75922e-06,1.66218e-06,1.52393e-06,1.38578e-06,1.23969e-06,1.0781e-06,9.16216e-07,7.44967e-07,5.8541e-07,4.40504e-07
1.79662e-06,1.73134e-06,1.63456e-06,1.5088e-06,1.36928e-06,1.22459e-06,1.06552e-06,8.99114e-07,7.356e-07,5.81293e-07,4.31035e-07
1.7763e-06,1.71123e-06,1.61628e-06,1.48672e-06,1.34618e-06,1.20697e-06,1.05255e-06,8.91773e-07,7.21636e-07,5.66332e-07,4.28413e-07
1.75235e-06,1.68887e-06,1.58958e-06,1.46622e-06,1.32872e-06,1.19436e-06,1.03407e-06,8.77827e-07,7.11081e-07,5.62062e-07,4.17918e-07
1.73292e-06,1.67326e-06,1.57179e-06,1.44815e-06,1.31378e-06,1.17634e-06,1.02514e-06,8.60345e-07,7.00956e-07,5.51324e-07,4.12114e-07
1.71261e-06,1.65264e-06,1.55153e-06,1.42969e-06,1.29599e-06,1.16102e-06,1.01253e-06,8.54344e-07,6.89487e-07,5.44437e-07,4.04248e-07
1.6868e-06,1.63501e-06,1.53885e-06,1.41352e-06,1.27804e-06,1.1432e-06,9.98381e-07,8.38832e-07,6.80717e-07,5.35936e-07,3.99875e-07
1.66803e-06,1.61131e-06,1.519e-06,1.3958e-06,1.26071e-06,1.13094e-06,9.85051e-07,8.26377e-07,6.68551e-07,5.26612e-07,3.95431e-07
1.64489e-06,1.59218e-06,1.50461e-06,1.37812e-06,1.24787e-06,1.11298e-06,9.71267e-07,8.15437e-07,6.57196e-07,5.17105e-07,3.85356e-07
1.62903e-06,1.57395e-06,1.48449e-06,1.36948e-06,1.2291e-06,1.10105e-06,9.64108e-07,8.11025e-07,6.53257e-07,5.10778e-07,3.80447e-07
1.60985e-06,1.56138e-06,1.47503e-06,1.34661e-06,1.20961e-06,1.08585e-06,9.4345e-07,7.9287e-07,6.44718e-07,5.07912e-07,3.75536e-07
1.59204e-06,1.54613e-06,1.44795e-06,1.33279e-06,1.20589e-06,1.07478e-06,9.33563e-07,7.80817e-07,6.33024e-07,4.99849e-07,3.69526e-07
1.57326e-06,1.52239e-06,1.432e-06,1.31632e-06,1.19209e-06,1.06054e-06,9.23757e-07,7.7261e-07,6.24907e-07,4.88973e-07,3.6418e-07
1.55512e-06,1.50522e-06,1.41851e-06,1.29848e-06,1.17773e-06,1.04925e-06,9.11778e-07,7.60734e-07,6.17274e-07,4.83818e-07,3.58902e-07
1.54165e-06,1.49001e-06,1.40261e-06,1.2863e-06,1.16143e-06,1.03623e-06,8.97683e-07,7.54259e-07,6.1025e-07,4.76752e-07,3.5408e-07
1.52062e-06,1.47004e-06,1.38673e-06,1.27266e-06,1.14652e-06,1.0222e-06,8.86747e-07,7.45285e-07,5.98685e-07,4.71103e-07,3.48413e-07
1.50478e-06,1.45737e-06,1.37221e-06,1.25566e-06,1.13331e-06,1.01204e-06,8.7872e-07,7.37437e-07,5.93102e-07,4.66766e-07,3.43874e-07
1.48894e-06,1.44333e-06,1.36364e-06,1.24249e-06,1.11962e-06,9.97375e-07,8.68656e-07,7.23228e-07,5.8199e-07,4.59098e-07,3.38704e-07
1.47247e-06,1.42098e-06,1.34007e-06,1.22714e-06,1.10478e-06,9.88991e-07,8.53648e-07,7.17586e-07,5.75068e-07,4.52175e-07,3.3412e-07
1.45524e-06,1.4105e-06,1.32862e-06,1.21283e-06,1.09682e-06,9.75676e-07,8.45807e-07,7.10294e-07,5.70708e-07,4.48644e-07,3.30319e-07
1.44196e-06,1.39399e-06,1.31256e-06,1.20438e-06,1.08457e-06,9.65931e-07,8.33672e-07,7.00462e-07,5.61983e-07,4.39507e-07,3.2463e-07
1.42307e-06,1.38323e-06,1.29468e-06,1.18613e-06,1.06539e-06,9.56073e-07,8.2665e-07,6.90457e-07,5.54257e-07,4.36152e-07,3.19419e-07
1.41412e-06,1.36614e-06,1.28825e-06,1.17601e-06,1.06007e-06,9.40914e-07,8.1406e-07,6.81422e-07,5.45395e-07,4.2721e-07,3.16476e-07
1.3907e-06,1.35084e-06,1.26975e-06,1.16466e-06,1.04163e-06,9.34278e-07,8.07636e-07,6.73884e-07,5.38959e-07,4.26766e-07,3.12371e-07
1.38571e-06,1.34202e-06,1.26251e-06,1.15315e-06,1.03597e-06,9.25946e-07,7.95412e-07,6.66267e-07,5.33057e-07,4.17947e-07,3.11877e-07
1.36454e-06,1.32923e-06,1.24759e-06,1.14014e-06,1.02513e-06,9.10896e-07,7.88373e-07,6.56516e-07,5.25311e-07,4.13777e-07,3.02507e-07
1.35735e-06,1.31438e-06,1.2277e-06,1.12679e-06,1.00853e-06,9.02688e-07,7.79683e-07,6.53813e-07,5.22384e-07,4.10361e-07,3.02503e-07
1.33391e-06,1.29584e-06,1.22241e-06,1.11532e-06,1.00421e-06,8.92695e-07,7.69141e-07,6.44108e-07,5.12597e-07,4.04416e-07,2.94167e-07
1.32167e-06,1.27939e-06,1.20605e-06,1.10391e-06,9.90587e-07,8.83124e-07,7.62609e-07,6.32705e-07,5.05879e-07,3.99102e-07,2.93485e-07
1.30997e-06,1.27143e-06,1.19246e-06,1.09571e-06,9.82022e-07,8.75176e-07,7.51392e-07,6.27334e-07,5.03259e-07,3.91608e-07,2.89567e-07
1.29899e-06,1.26148e-06,1.1836e-06,1.0798e-06,9.73675e-07,8.63494e-07,7.40934e-07,6.20695e-07,4.95997e-07,3.86449e-07,2.84998e-07
1.28456e-06,1.24379e-06,1.17348e-06,1.06481e-06,9.60746e-07,8.54263e-07,7.35452e-07,6.14011e-07,4.92847e-07,3.8704e-07,2.83031e-07
1.27259e-06,1.23117e-06,1.16719e-06,1.05797e-06,9.51392e-07,8.42194e-07,7.25856e-07,6.06678e-07,4.84528e-07,3.78946e-07,2.75538e-07
1.25137e-06,1.21758e-06,1.14319e-06,1.04676e-06,9.39141e-07,8.33943e-07,7.1938e-07,5.99152e-07,4.77426e-07,3.73426e-07,2.73251e-07
1.24506e-06,1.2053e-06,1.13852e-06,1.04033e-06,9.29248e-07,8.26267e-07,7.09526e-07,5.94596e-07,4.71873e-07,3.69163e-07,2.7104e-07
1.22783e-06,1.19838e-06,1.12911e-06,1.02773e-06,9.2168e-07,8.14919e-07,7.03283e-07,5.88038e-07,4.6414e-07,3.67089e-07,2.66036e-07
1.22575e-06,1.182e-06,1.10976e-06,1.01935e-06,9.13053e-07,8.07809e-07,6.97609e-07,5.84009e-07,4.62326e-07,3.61941e-07,2.64269e-07
1.20943e-06,1.17159e-06,1.10662e-06,1.0087e-06,9.02567e-07,8.01642e-07,6.89495e-07,5.76781e-07,4.56145e-07,3.57175e-07,2.61372e-07
1.19362e-06,1.15208e-06,1.08928e-06,9.96569e-07,8.92723e-07,7.93374e-07,6.78311e-07,5.6841e-07,4.52546e-07,3.524e-07,2.56477e-07
1.18418e-06,1.14948e-06,1.087e-06,9.9548e-07,8.84185e-07,7.82182e-07,6.77945e-07,5.62535e-07,4.43345e-07,3.46941e-07,2.55422e-07
1.17563e-06,1.13927e-06,1.07219e-06,9.81101e-07,8.76873e-07,7.76182e-07,6.67182e-07,5.5525e-07,4.40838e-07,3.43725e-07,2.50677e-07
1.16408e-06,1.12684e-06,1.06103e-06,9.69548e-07,8.69744e-07,7.65234e-07,6.60615e-07,5.4821e-07,4.36095e-07,3.42711e-07,2.48044e-07
1.15227e-06,1.11853e-06,1.06006e-06,9.6065e-07,8.5568e-07,7.60632e-07,6.52992e-07,5.41533e-07,4.32013e-07,3.36367e-07,2.47962e-07
1.13677e-06,1.10272e-06,1.03932e-06,9.5251e-07,8.49525e-07,7.53524e-07,6.45015e-07,5.39939e-07,4.24352e-07,3.31289e-07,2.43881e-07
1.12779e-06,1.09716e-06,1.03257e-06,9.41803e-07,8.39998e-07,7.42581e-07,6.40091e-07,5.34057e-07,4.21293e-07,3.28864e-07,2.40221e-07
1.1202e-06,1.08271e-06,1.01874e-06,9.31019e-07,8.32343e-07,7.40808e-07,6.27939e-07,5.25466e-07,4.16543e-07,3.24928e-07,2.37967e-07
1.10383e-06,1.0658e-06,1.00506e-06,9.21028e-07,8.27903e-07,7.27277e-07,6.25673e-07,5.19181e-07,4.12468e-07,3.23906e-07,2.3442e-07
1.09375e-06,1.06085e-06,9.99027e-07,9.13926e-07,8.14381e-07,7.21701e-07,6.20781e-07,5.15908e-07,4.06958e-07,3.199e-07,2.31562e-07
1.08196e-06,1.05192e-06,9.94474e-07,9.04807e-07,8.06989e-07,7.13347e-07,6.14901e-07,5.08704e-07,4.00347e-07,3.13451e-07,2.29335e-07
1.07292e-06,1.04652e-06,9.8753e-07,9.00005e-07,8.03603e-07,7.05601e-07,6.08841e-07,5.04861e-07,3.96278e-07,3.10878e-07,2.27277e-07
1.06454e-06,1.03532e-06,9.73764e-07,8.88926e-07,7.93264e-07,7.00237e-07,5.99087e-07,4.99092e-07,3.92687e-07,3.08005e-07,2.24012e-07
1.04698e-06,1.02212e-06,9.64683e-07,8.79896e-07,7.86129e-07,6.94787e-07,5.9309e-07,4.92514e-07,3.88005e-07,3.04458e-07,2.20952e-07
1.04525e-06,1.01347e-06,9.54956e-07,8.67379e-07,7.78451e-07,6.86679e-07,5.82408e-07,4.88273e-07,3.87324e-07,2.99708e-07,2.17481e-07
1.02965e-06,9.9827e-07,9.47967e-07,8.63714e-07,7.68305e-07,6.76611e-07,5.799e-07,4.81591e-07,3.79967e-07,2.96589e-07,2.14588e-07
1.02565e-06,9.91453e-07,9.35508e-07,8.5061e-07,7.63265e-07,6.72134e-07,5.70848e-07,4.78055e-07,3.76565e-07,2.91755e-07,2.13572e-07
1.01158e-06,9.83103e-07,9.31656e-07,8.4384e-07,7.47834e-07,6.6571e-07,5.68064e-07,4.70341e-07,3.73821e-07,2.88595e-07,2.10673e-07
1.00065e-06,9.70265e-07,9.19293e-07,8.36305e-07,7.43245e-07,6.55857e-07,5.61778e-07,4.6698e-07,3.67076e-07,2.85605e-07,2.08698e-07
9.89564e-07,9.58747e-07,9.09001e-07,8.25397e-07,7.38901e-07,6.51151e-07,5.56218e-07,4.61745e-07,3.62419e-07,2.81831e-07,2.05588e-07
9.8115e-07,9.55585e-07,9.01468e-07,8.16526e-07,7.30642e-07,6.46506e-07,5.50056e-07,4.58484e-07,3.59346e-07,2.78577e-07,2.04269e-07
9.71694e-07,9.44226e-07,8.93432e-07,8.09428e-07,7.23649e-07,6.37903e-07,5.42376e-07,4.50058e-07,3.55437e-07,2.75793e-07,2.00646e-07
9.64919e-07,9.3575e-07,8.79919e-07,8.01508e-07,7.15128e-07,6.30927e-07,5.38041e-07,4.4881e-07,3.51344e-07,2.70792e-07,1.99217e-07
9.5748e-07,9.24899e-07,8.7442e-07,7.92399e-07,7.08215e-07,6.22427e-07,5.32969e-07,4.42479e-07,3.45473e-07,2.69738e-07,1.94742e-07
9.42143e-07,9.15745e-07,8.64292e-07,7.86391e-07,7.01713e-07,6.14719e-07,5.28276e-07,4.37821e-07,3.43475e-07,2.66414e-07,1.94084e-07
9.33192e-07,9.06337e-07,8.56744e-07,7.79019e-07,6.9132e-07,6.12557e-07,5.20529e-07,4.30909e-07,3.38392e-07,2.61882e-07,1.92226e-07
9.23919e-07,8.93624e-07,8.47434e-07,7.72963e-07,6.87152e-07,6.04089e-07,5.13092e-07,4.27127e-07,3.35489e-07,2.61166e-07,1.88436e-07
9.16339e-07,8.9394e-07,8.47616e-07,7.60857e-07,6.78916e-07,5.99508e-07,5.12439e-07,4.23603e-07,3.34315e-07,2.57253e-07,1.86739e-07
9.05206e-07,8.79775e-07,8.32021e-07,7.58373e-07,6.73156e-07,5.91935e-07,5.04008e-07,4.20357e-07,3.28368e-07,2.54455e-07,1.83674e-07
9.00076e-07,8.74852e-07,8.19058e-07,7.47676e-07,6.70296e-07,5.89459e-07,4.95599e-07,4.13711e-07,3.23485e-07,2.51132e-07,1.83893e-07
8.88723e-07,8.6061e-07,8.1328e-07,7.40147e-07,6.58605e-07,5.83906e-07,4.95338e-07,4.08561e-07,3.22734e-07,2.48732e-07,1.79808e-07
8.78567e-07,8.52828e-07,8.03616e-07,7.27893e-07,6.53312e-07,5.78463e-07,4.87154e-07,4.04195e-07,3.16926e-07,2.43979e-07,1.78286e-07
8.74688e-07,8.47051e-07,7.9918e-07,7.22244e-07,6.4782e-07,5.68947e-07,4.83937e-07,4.02058e-07,3.12606e-07,2.41125e-07,1.75591e-07
8.65487e-07,8.38863e-07,7.90182e-07,7.14568e-07,6.40067e-07,5.63791e-07,4.76755e-07,3.95414e-07,3.11284e-07,2.38129e-07,1.74908e-07
8.51727e-07,8.30429e-07,7.83463e-07,7.12419e-07,6.32199e-07,5.53922e-07,4.74028e-07,3.90426e-07,3.07708e-07,2.36845e-07,1.71504e-07
8.43521e-07,8.15827e-07,7.74971e-07,7.00716e-07,6.29002e-07,5.51647e-07,4.68095e-07,3.86928e-07,3.01213e-07,2.323e-07,1.69072e-07
