# xi3
# underflow	  4.7465361    	 0.19336652E-03
# overflow	 0.61558433E-02	 0.69139969E-05
# sum	  5.3548754    	 0.20688010E-03
# xmin	xmax	cross	numerror
  3124.0000    	  3125.0000    	 0.12643340E-02	 0.45737911E-05
  3125.0000    	  3126.0000    	 0.12589087E-02	 0.42114852E-05
  3126.0000    	  3127.0000    	 0.12369546E-02	 0.38803427E-05
  3127.0000    	  3128.0000    	 0.12020711E-02	 0.36120811E-05
  3128.0000    	  3129.0000    	 0.11472040E-02	 0.34328436E-05
  3129.0000    	  3130.0000    	 0.10673382E-02	 0.37661525E-05
  3130.0000    	  3131.0000    	 0.94949319E-03	 0.33447843E-05
  3131.0000    	  3132.0000    	 0.28228283E-03	 0.21672038E-05
  3132.0000    	  3133.0000    	 0.66899716E-03	 0.31971293E-05
  3133.0000    	  3134.0000    	 0.55389631E-03	 0.27383941E-05
  3134.0000    	  3135.0000    	 0.42677669E-03	 0.21830760E-05
  3135.0000    	  3136.0000    	 0.12251907E-02	 0.44950771E-05
  3136.0000    	  3137.0000    	 0.12373670E-02	 0.41595653E-05
  3137.0000    	  3138.0000    	 0.12156181E-02	 0.38323827E-05
  3138.0000    	  3139.0000    	 0.11856796E-02	 0.35492574E-05
  3139.0000    	  3140.0000    	 0.11288610E-02	 0.33517820E-05
  3140.0000    	  3141.0000    	 0.10488816E-02	 0.31665392E-05
  3141.0000    	  3142.0000    	 0.94445516E-03	 0.30913465E-05
  3142.0000    	  3143.0000    	 0.66679909E-03	 0.26908013E-05
  3143.0000    	  3144.0000    	 0.67676527E-03	 0.30269678E-05
  3144.0000    	  3145.0000    	 0.54498313E-03	 0.24229775E-05
  3145.0000    	  3146.0000    	 0.42137447E-03	 0.21611210E-05
  3146.0000    	  3147.0000    	 0.12291501E-02	 0.45035908E-05
  3147.0000    	  3148.0000    	 0.12239070E-02	 0.41329146E-05
  3148.0000    	  3149.0000    	 0.12059719E-02	 0.38201516E-05
  3149.0000    	  3150.0000    	 0.11730004E-02	 0.35211875E-05
  3150.0000    	  3151.0000    	 0.11141118E-02	 0.32532228E-05
  3151.0000    	  3152.0000    	 0.10298029E-02	 0.30355231E-05
  3152.0000    	  3153.0000    	 0.93517916E-03	 0.29082050E-05
  3153.0000    	  3154.0000    	 0.77804687E-03	 0.26913993E-05
  3154.0000    	  3155.0000    	 0.65940009E-03	 0.26821039E-05
  3155.0000    	  3156.0000    	 0.54417211E-03	 0.22925981E-05
  3156.0000    	  3157.0000    	 0.41689353E-03	 0.18183473E-05
  3157.0000    	  3158.0000    	 0.12106371E-02	 0.44740372E-05
  3158.0000    	  3159.0000    	 0.12076190E-02	 0.41057527E-05
  3159.0000    	  3160.0000    	 0.11889408E-02	 0.37643779E-05
  3160.0000    	  3161.0000    	 0.11554066E-02	 0.34865335E-05
  3161.0000    	  3162.0000    	 0.11052001E-02	 0.32158232E-05
  3162.0000    	  3163.0000    	 0.10209003E-02	 0.29562694E-05
  3163.0000    	  3164.0000    	 0.92507488E-03	 0.27897180E-05
  3164.0000    	  3165.0000    	 0.80045916E-03	 0.25190499E-05
  3165.0000    	  3166.0000    	 0.67146661E-03	 0.22812962E-05
  3166.0000    	  3167.0000    	 0.54079394E-03	 0.20142692E-05
  3167.0000    	  3168.0000    	 0.41425782E-03	 0.17847738E-05
  3168.0000    	  3169.0000    	 0.11993977E-02	 0.44508100E-05
  3169.0000    	  3170.0000    	 0.11927925E-02	 0.40726668E-05
  3170.0000    	  3171.0000    	 0.11645767E-02	 0.37194859E-05
  3171.0000    	  3172.0000    	 0.11358129E-02	 0.34370697E-05
  3172.0000    	  3173.0000    	 0.10882618E-02	 0.31707753E-05
  3173.0000    	  3174.0000    	 0.10063056E-02	 0.28880966E-05
  3174.0000    	  3175.0000    	 0.91310520E-03	 0.26557440E-05
  3175.0000    	  3176.0000    	 0.79450057E-03	 0.24001147E-05
  3176.0000    	  3177.0000    	 0.65918245E-03	 0.20623763E-05
  3177.0000    	  3178.0000    	 0.53825852E-03	 0.19713970E-05
  3178.0000    	  3179.0000    	 0.41063118E-03	 0.17689573E-05
  3179.0000    	  3180.0000    	 0.11821332E-02	 0.44177291E-05
  3180.0000    	  3181.0000    	 0.11708806E-02	 0.40349473E-05
  3181.0000    	  3182.0000    	 0.11541705E-02	 0.36905767E-05
  3182.0000    	  3183.0000    	 0.11263045E-02	 0.33867284E-05
  3183.0000    	  3184.0000    	 0.10712354E-02	 0.31131498E-05
  3184.0000    	  3185.0000    	 0.99814550E-03	 0.28619277E-05
  3185.0000    	  3186.0000    	 0.89416471E-03	 0.25615216E-05
  3186.0000    	  3187.0000    	 0.78766233E-03	 0.23584031E-05
  3187.0000    	  3188.0000    	 0.65689289E-03	 0.21010949E-05
  3188.0000    	  3189.0000    	 0.52826208E-03	 0.17833014E-05
  3189.0000    	  3190.0000    	 0.40456119E-03	 0.16549900E-05
  3190.0000    	  3191.0000    	 0.11675816E-02	 0.43971338E-05
  3191.0000    	  3192.0000    	 0.11562366E-02	 0.39996237E-05
  3192.0000    	  3193.0000    	 0.11437603E-02	 0.36665541E-05
  3193.0000    	  3194.0000    	 0.11104561E-02	 0.33714874E-05
  3194.0000    	  3195.0000    	 0.10601809E-02	 0.31071425E-05
  3195.0000    	  3196.0000    	 0.98558729E-03	 0.28443097E-05
  3196.0000    	  3197.0000    	 0.88923217E-03	 0.25367881E-05
  3197.0000    	  3198.0000    	 0.77688438E-03	 0.23206611E-05
  3198.0000    	  3199.0000    	 0.64960691E-03	 0.19374236E-05
  3199.0000    	  3200.0000    	 0.52415515E-03	 0.18430256E-05
  3200.0000    	  3201.0000    	 0.40066967E-03	 0.16311762E-05
  3201.0000    	  3202.0000    	 0.11563080E-02	 0.43698361E-05
  3202.0000    	  3203.0000    	 0.11464671E-02	 0.39715521E-05
  3203.0000    	  3204.0000    	 0.11217781E-02	 0.36249116E-05
  3204.0000    	  3205.0000    	 0.10933908E-02	 0.33218322E-05
  3205.0000    	  3206.0000    	 0.10436064E-02	 0.30476065E-05
  3206.0000    	  3207.0000    	 0.97228153E-03	 0.27731790E-05
  3207.0000    	  3208.0000    	 0.88124982E-03	 0.26273167E-05
  3208.0000    	  3209.0000    	 0.76515986E-03	 0.22170279E-05
  3209.0000    	  3210.0000    	 0.64281896E-03	 0.19270170E-05
  3210.0000    	  3211.0000    	 0.51486031E-03	 0.17392378E-05
  3211.0000    	  3212.0000    	 0.39592901E-03	 0.16935806E-05
  3212.0000    	  3213.0000    	 0.11343090E-02	 0.43319607E-05
  3213.0000    	  3214.0000    	 0.11201872E-02	 0.39217908E-05
  3214.0000    	  3215.0000    	 0.11074753E-02	 0.35990546E-05
  3215.0000    	  3216.0000    	 0.10795534E-02	 0.33096470E-05
  3216.0000    	  3217.0000    	 0.10263648E-02	 0.30275486E-05
  3217.0000    	  3218.0000    	 0.96272302E-03	 0.27560217E-05
  3218.0000    	  3219.0000    	 0.87026626E-03	 0.24809943E-05
  3219.0000    	  3220.0000    	 0.75681538E-03	 0.21497560E-05
  3220.0000    	  3221.0000    	 0.63555108E-03	 0.19783109E-05
  3221.0000    	  3222.0000    	 0.50773610E-03	 0.17168043E-05
  3222.0000    	  3223.0000    	 0.39025753E-03	 0.15921316E-05
  3223.0000    	  3224.0000    	 0.11228454E-02	 0.42924300E-05
  3224.0000    	  3225.0000    	 0.11124896E-02	 0.38983851E-05
  3225.0000    	  3226.0000    	 0.10934144E-02	 0.35745812E-05
  3226.0000    	  3227.0000    	 0.10619800E-02	 0.32516004E-05
  3227.0000    	  3228.0000    	 0.10168701E-02	 0.29870968E-05
  3228.0000    	  3229.0000    	 0.94609396E-03	 0.27092708E-05
  3229.0000    	  3230.0000    	 0.85574082E-03	 0.24038408E-05
  3230.0000    	  3231.0000    	 0.74363863E-03	 0.20981753E-05
  3231.0000    	  3232.0000    	 0.62720580E-03	 0.18464356E-05
  3232.0000    	  3233.0000    	 0.50243238E-03	 0.16753418E-05
  3233.0000    	  3234.0000    	 0.38454929E-03	 0.15486882E-05
  3234.0000    	  3235.0000    	 0.11026847E-02	 0.42655409E-05
  3235.0000    	  3236.0000    	 0.10975370E-02	 0.39142810E-05
  3236.0000    	  3237.0000    	 0.10772095E-02	 0.35500871E-05
  3237.0000    	  3238.0000    	 0.10469996E-02	 0.32303479E-05
  3238.0000    	  3239.0000    	 0.10071002E-02	 0.29789682E-05
  3239.0000    	  3240.0000    	 0.93650414E-03	 0.26864917E-05
  3240.0000    	  3241.0000    	 0.84458882E-03	 0.23736695E-05
  3241.0000    	  3242.0000    	 0.73731983E-03	 0.20858247E-05
  3242.0000    	  3243.0000    	 0.61567797E-03	 0.17777465E-05
  3243.0000    	  3244.0000    	 0.49722806E-03	 0.16574797E-05
  3244.0000    	  3245.0000    	 0.38097873E-03	 0.15818406E-05
  3245.0000    	  3246.0000    	 0.10803611E-02	 0.42146982E-05
  3246.0000    	  3247.0000    	 0.10826447E-02	 0.38452275E-05
  3247.0000    	  3248.0000    	 0.10639550E-02	 0.35047404E-05
  3248.0000    	  3249.0000    	 0.10406689E-02	 0.32083687E-05
  3249.0000    	  3250.0000    	 0.99059692E-03	 0.29108904E-05
  3250.0000    	  3251.0000    	 0.92554735E-03	 0.26714524E-05
  3251.0000    	  3252.0000    	 0.83766249E-03	 0.23520271E-05
  3252.0000    	  3253.0000    	 0.72756760E-03	 0.20618275E-05
  3253.0000    	  3254.0000    	 0.60891167E-03	 0.17546282E-05
  3254.0000    	  3255.0000    	 0.49061741E-03	 0.16242451E-05
  3255.0000    	  3256.0000    	 0.37582948E-03	 0.15206392E-05
  3256.0000    	  3257.0000    	 0.10691710E-02	 0.42288024E-05
  3257.0000    	  3258.0000    	 0.10664451E-02	 0.38034743E-05
  3258.0000    	  3259.0000    	 0.10495767E-02	 0.34642213E-05
  3259.0000    	  3260.0000    	 0.10258742E-02	 0.31960742E-05
  3260.0000    	  3261.0000    	 0.98294350E-03	 0.29207023E-05
  3261.0000    	  3262.0000    	 0.91114363E-03	 0.26425747E-05
  3262.0000    	  3263.0000    	 0.82246339E-03	 0.23170640E-05
  3263.0000    	  3264.0000    	 0.71810019E-03	 0.19951229E-05
  3264.0000    	  3265.0000    	 0.60282151E-03	 0.17385457E-05
  3265.0000    	  3266.0000    	 0.48250468E-03	 0.16239094E-05
  3266.0000    	  3267.0000    	 0.37120566E-03	 0.14850435E-05
  3267.0000    	  3268.0000    	 0.10594738E-02	 0.41588999E-05
  3268.0000    	  3269.0000    	 0.10539441E-02	 0.37780009E-05
  3269.0000    	  3270.0000    	 0.10343514E-02	 0.34273202E-05
  3270.0000    	  3271.0000    	 0.10096537E-02	 0.31413416E-05
  3271.0000    	  3272.0000    	 0.96508436E-03	 0.28611756E-05
  3272.0000    	  3273.0000    	 0.90278756E-03	 0.26051616E-05
  3273.0000    	  3274.0000    	 0.80998186E-03	 0.22740739E-05
  3274.0000    	  3275.0000    	 0.70880164E-03	 0.19843647E-05
  3275.0000    	  3276.0000    	 0.59285456E-03	 0.17442914E-05
  3276.0000    	  3277.0000    	 0.47921134E-03	 0.16170654E-05
  3277.0000    	  3278.0000    	 0.36437334E-03	 0.14991422E-05
  3278.0000    	  3279.0000    	 0.10102611E-02	 0.40788677E-05
  3279.0000    	  3280.0000    	 0.10415112E-02	 0.37741663E-05
  3280.0000    	  3281.0000    	 0.10271389E-02	 0.34220001E-05
  3281.0000    	  3282.0000    	 0.98442542E-03	 0.31003644E-05
  3282.0000    	  3283.0000    	 0.95344639E-03	 0.28327623E-05
  3283.0000    	  3284.0000    	 0.88735501E-03	 0.25665810E-05
  3284.0000    	  3285.0000    	 0.80323997E-03	 0.22690742E-05
  3285.0000    	  3286.0000    	 0.70265322E-03	 0.19924043E-05
  3286.0000    	  3287.0000    	 0.58810324E-03	 0.17589641E-05
  3287.0000    	  3288.0000    	 0.47061190E-03	 0.15519708E-05
  3288.0000    	  3289.0000    	 0.36110997E-03	 0.14436605E-05
  3289.0000    	  3290.0000    	 0.10292330E-02	 0.41008437E-05
  3290.0000    	  3291.0000    	 0.10258920E-02	 0.37317967E-05
  3291.0000    	  3292.0000    	 0.10093231E-02	 0.33929030E-05
  3292.0000    	  3293.0000    	 0.98514985E-03	 0.30740819E-05
  3293.0000    	  3294.0000    	 0.94069764E-03	 0.28308518E-05
  3294.0000    	  3295.0000    	 0.87265075E-03	 0.25146123E-05
  3295.0000    	  3296.0000    	 0.79182414E-03	 0.22421078E-05
  3296.0000    	  3297.0000    	 0.68907241E-03	 0.19181443E-05
  3297.0000    	  3298.0000    	 0.57931239E-03	 0.16669012E-05
  3298.0000    	  3299.0000    	 0.46432401E-03	 0.15079200E-05
  3299.0000    	  3300.0000    	 0.35671079E-03	 0.14682341E-05
  3300.0000    	  3301.0000    	 0.10183536E-02	 0.40834890E-05
  3301.0000    	  3302.0000    	 0.10160219E-02	 0.37158889E-05
  3302.0000    	  3303.0000    	 0.99839538E-03	 0.33641724E-05
  3303.0000    	  3304.0000    	 0.97101822E-03	 0.30557646E-05
  3304.0000    	  3305.0000    	 0.92452212E-03	 0.27752135E-05
  3305.0000    	  3306.0000    	 0.86426723E-03	 0.25368070E-05
  3306.0000    	  3307.0000    	 0.78413613E-03	 0.22158875E-05
  3307.0000    	  3308.0000    	 0.68363857E-03	 0.19412711E-05
  3308.0000    	  3309.0000    	 0.57418261E-03	 0.16981423E-05
  3309.0000    	  3310.0000    	 0.45899451E-03	 0.15454431E-05
  3310.0000    	  3311.0000    	 0.35007336E-03	 0.13488390E-05
  3311.0000    	  3312.0000    	 0.10055532E-02	 0.40507096E-05
  3312.0000    	  3313.0000    	 0.99733177E-03	 0.36762179E-05
  3313.0000    	  3314.0000    	 0.98425078E-03	 0.33325185E-05
  3314.0000    	  3315.0000    	 0.96113378E-03	 0.30393581E-05
  3315.0000    	  3316.0000    	 0.92050997E-03	 0.27749617E-05
  3316.0000    	  3317.0000    	 0.85631454E-03	 0.24879688E-05
  3317.0000    	  3318.0000    	 0.77229673E-03	 0.21831918E-05
  3318.0000    	  3319.0000    	 0.67502714E-03	 0.18940976E-05
  3319.0000    	  3320.0000    	 0.56467266E-03	 0.15966801E-05
  3320.0000    	  3321.0000    	 0.45456384E-03	 0.15464291E-05
  3321.0000    	  3322.0000    	 0.34899947E-03	 0.14193018E-05
  3322.0000    	  3323.0000    	 0.99140060E-03	 0.40326308E-05
  3323.0000    	  3324.0000    	 0.98140578E-03	 0.37197524E-05
  3324.0000    	  3325.0000    	 0.97576029E-03	 0.33190618E-05
  3325.0000    	  3326.0000    	 0.94377943E-03	 0.30229086E-05
  3326.0000    	  3327.0000    	 0.89820892E-03	 0.27115045E-05
  3327.0000    	  3328.0000    	 0.84747858E-03	 0.24726216E-05
  3328.0000    	  3329.0000    	 0.76279369E-03	 0.21732953E-05
  3329.0000    	  3330.0000    	 0.66685357E-03	 0.18938197E-05
  3330.0000    	  3331.0000    	 0.55691613E-03	 0.16073372E-05
  3331.0000    	  3332.0000    	 0.45016200E-03	 0.15286497E-05
  3332.0000    	  3333.0000    	 0.34287881E-03	 0.14262093E-05
  3333.0000    	  3334.0000    	 0.97388460E-03	 0.39835030E-05
  3334.0000    	  3335.0000    	 0.97232731E-03	 0.36243691E-05
  3335.0000    	  3336.0000    	 0.95467552E-03	 0.32675140E-05
  3336.0000    	  3337.0000    	 0.93310954E-03	 0.29656865E-05
  3337.0000    	  3338.0000    	 0.89453478E-03	 0.27054294E-05
  3338.0000    	  3339.0000    	 0.83348361E-03	 0.24498759E-05
  3339.0000    	  3340.0000    	 0.75453371E-03	 0.21704539E-05
  3340.0000    	  3341.0000    	 0.65555956E-03	 0.18528153E-05
  3341.0000    	  3342.0000    	 0.55390128E-03	 0.16553439E-05
  3342.0000    	  3343.0000    	 0.44251395E-03	 0.14604940E-05
  3343.0000    	  3344.0000    	 0.33811642E-03	 0.13579521E-05
  3344.0000    	  3345.0000    	 0.96204413E-03	 0.39657403E-05
  3345.0000    	  3346.0000    	 0.95923297E-03	 0.36027064E-05
  3346.0000    	  3347.0000    	 0.93790728E-03	 0.32505682E-05
  3347.0000    	  3348.0000    	 0.92319558E-03	 0.29540166E-05
  3348.0000    	  3349.0000    	 0.88096661E-03	 0.26788094E-05
  3349.0000    	  3350.0000    	 0.82137300E-03	 0.24271279E-05
  3350.0000    	  3351.0000    	 0.74494894E-03	 0.21271254E-05
  3351.0000    	  3352.0000    	 0.64969105E-03	 0.18290588E-05
  3352.0000    	  3353.0000    	 0.54291207E-03	 0.15840388E-05
  3353.0000    	  3354.0000    	 0.43700955E-03	 0.14303394E-05
  3354.0000    	  3355.0000    	 0.33354162E-03	 0.13770252E-05
  3355.0000    	  3356.0000    	 0.95483900E-03	 0.39595163E-05
  3356.0000    	  3357.0000    	 0.94575233E-03	 0.35589686E-05
  3357.0000    	  3358.0000    	 0.93499880E-03	 0.32293571E-05
  3358.0000    	  3359.0000    	 0.90950331E-03	 0.29229092E-05
  3359.0000    	  3360.0000    	 0.87140209E-03	 0.26620325E-05
  3360.0000    	  3361.0000    	 0.81468238E-03	 0.23975327E-05
  3361.0000    	  3362.0000    	 0.73044838E-03	 0.20879476E-05
  3362.0000    	  3363.0000    	 0.63863550E-03	 0.17822863E-05
  3363.0000    	  3364.0000    	 0.53814629E-03	 0.16093477E-05
  3364.0000    	  3365.0000    	 0.43138727E-03	 0.14258943E-05
  3365.0000    	  3366.0000    	 0.32970204E-03	 0.13115119E-05
  3366.0000    	  3367.0000    	 0.93768683E-03	 0.39127894E-05
  3367.0000    	  3368.0000    	 0.93356708E-03	 0.35757949E-05
  3368.0000    	  3369.0000    	 0.92324985E-03	 0.32129623E-05
  3369.0000    	  3370.0000    	 0.89588886E-03	 0.28932454E-05
  3370.0000    	  3371.0000    	 0.85986417E-03	 0.26310703E-05
  3371.0000    	  3372.0000    	 0.80352968E-03	 0.23625995E-05
  3372.0000    	  3373.0000    	 0.72414147E-03	 0.20719655E-05
  3373.0000    	  3374.0000    	 0.63157519E-03	 0.17732755E-05
  3374.0000    	  3375.0000    	 0.53281727E-03	 0.16147994E-05
  3375.0000    	  3376.0000    	 0.42235592E-03	 0.13622830E-05
  3376.0000    	  3377.0000    	 0.32442279E-03	 0.13333896E-05
  3377.0000    	  3378.0000    	 0.92526453E-03	 0.38765196E-05
  3378.0000    	  3379.0000    	 0.91743820E-03	 0.34981590E-05
  3379.0000    	  3380.0000    	 0.91075049E-03	 0.31728843E-05
  3380.0000    	  3381.0000    	 0.88317050E-03	 0.28677039E-05
  3381.0000    	  3382.0000    	 0.84891725E-03	 0.26011776E-05
  3382.0000    	  3383.0000    	 0.78998730E-03	 0.23223304E-05
  3383.0000    	  3384.0000    	 0.71879465E-03	 0.20990160E-05
  3384.0000    	  3385.0000    	 0.62499828E-03	 0.18041418E-05
  3385.0000    	  3386.0000    	 0.52292244E-03	 0.15296946E-05
  3386.0000    	  3387.0000    	 0.42085616E-03	 0.14704079E-05
  3387.0000    	  3388.0000    	 0.31872952E-03	 0.12778307E-05
  3388.0000    	  3389.0000    	 0.91217903E-03	 0.38492510E-05
  3389.0000    	  3390.0000    	 0.91349083E-03	 0.34882429E-05
  3390.0000    	  3391.0000    	 0.89214346E-03	 0.31307452E-05
  3391.0000    	  3392.0000    	 0.87387334E-03	 0.28431861E-05
  3392.0000    	  3393.0000    	 0.83663266E-03	 0.25774125E-05
  3393.0000    	  3394.0000    	 0.77969140E-03	 0.23043799E-05
  3394.0000    	  3395.0000    	 0.70692597E-03	 0.20341134E-05
  3395.0000    	  3396.0000    	 0.61747694E-03	 0.17625210E-05
  3396.0000    	  3397.0000    	 0.51391875E-03	 0.14831422E-05
  3397.0000    	  3398.0000    	 0.41421173E-03	 0.13712405E-05
  3398.0000    	  3399.0000    	 0.31598349E-03	 0.12753427E-05
  3399.0000    	  3400.0000    	 0.89898638E-03	 0.38162569E-05
  3400.0000    	  3401.0000    	 0.89700824E-03	 0.34510728E-05
  3401.0000    	  3402.0000    	 0.88495280E-03	 0.31221962E-05
  3402.0000    	  3403.0000    	 0.86645412E-03	 0.28341440E-05
  3403.0000    	  3404.0000    	 0.82891410E-03	 0.25781073E-05
  3404.0000    	  3405.0000    	 0.76971619E-03	 0.22903618E-05
  3405.0000    	  3406.0000    	 0.69700627E-03	 0.20204153E-05
  3406.0000    	  3407.0000    	 0.61018014E-03	 0.18243999E-05
  3407.0000    	  3408.0000    	 0.51099388E-03	 0.15039687E-05
  3408.0000    	  3409.0000    	 0.40936817E-03	 0.13961169E-05
  3409.0000    	  3410.0000    	 0.31433978E-03	 0.13320663E-05
  3410.0000    	  3411.0000    	 0.89128241E-03	 0.38080564E-05
  3411.0000    	  3412.0000    	 0.88595068E-03	 0.34542392E-05
  3412.0000    	  3413.0000    	 0.87209628E-03	 0.30962109E-05
  3413.0000    	  3414.0000    	 0.85499392E-03	 0.28175889E-05
  3414.0000    	  3415.0000    	 0.81604522E-03	 0.25490359E-05
  3415.0000    	  3416.0000    	 0.76138928E-03	 0.22782432E-05
  3416.0000    	  3417.0000    	 0.68942592E-03	 0.19939803E-05
  3417.0000    	  3418.0000    	 0.60476217E-03	 0.17231183E-05
  3418.0000    	  3419.0000    	 0.50336901E-03	 0.14655876E-05
  3419.0000    	  3420.0000    	 0.40318936E-03	 0.13383262E-05
  3420.0000    	  3421.0000    	 0.31035350E-03	 0.12712185E-05
  3421.0000    	  3422.0000    	 0.87570383E-03	 0.37619719E-05
  3422.0000    	  3423.0000    	 0.87054504E-03	 0.34056160E-05
  3423.0000    	  3424.0000    	 0.87015531E-03	 0.30896934E-05
  3424.0000    	  3425.0000    	 0.83733273E-03	 0.27647592E-05
  3425.0000    	  3426.0000    	 0.80332557E-03	 0.25001961E-05
  3426.0000    	  3427.0000    	 0.75236369E-03	 0.22479857E-05
  3427.0000    	  3428.0000    	 0.68153902E-03	 0.19789562E-05
  3428.0000    	  3429.0000    	 0.59364186E-03	 0.17194861E-05
  3429.0000    	  3430.0000    	 0.49928582E-03	 0.14890914E-05
  3430.0000    	  3431.0000    	 0.39981751E-03	 0.13687265E-05
  3431.0000    	  3432.0000    	 0.30518172E-03	 0.13166255E-05
  3432.0000    	  3433.0000    	 0.86883382E-03	 0.37615935E-05
  3433.0000    	  3434.0000    	 0.85209809E-03	 0.33480414E-05
  3434.0000    	  3435.0000    	 0.84773744E-03	 0.30291308E-05
  3435.0000    	  3436.0000    	 0.82919814E-03	 0.27499280E-05
  3436.0000    	  3437.0000    	 0.79619283E-03	 0.24931488E-05
  3437.0000    	  3438.0000    	 0.74322209E-03	 0.22253875E-05
  3438.0000    	  3439.0000    	 0.67251231E-03	 0.19662770E-05
  3439.0000    	  3440.0000    	 0.58764428E-03	 0.17021694E-05
  3440.0000    	  3441.0000    	 0.49086108E-03	 0.14455728E-05
  3441.0000    	  3442.0000    	 0.39698862E-03	 0.13587633E-05
  3442.0000    	  3443.0000    	 0.30040999E-03	 0.12429322E-05
  3443.0000    	  3444.0000    	 0.85617583E-03	 0.37228121E-05
  3444.0000    	  3445.0000    	 0.85643797E-03	 0.33736366E-05
  3445.0000    	  3446.0000    	 0.84319818E-03	 0.30228603E-05
  3446.0000    	  3447.0000    	 0.81969642E-03	 0.27297460E-05
  3447.0000    	  3448.0000    	 0.78621564E-03	 0.24653971E-05
  3448.0000    	  3449.0000    	 0.73096488E-03	 0.22052927E-05
  3449.0000    	  3450.0000    	 0.66564307E-03	 0.19555323E-05
  3450.0000    	  3451.0000    	 0.58040515E-03	 0.16920348E-05
  3451.0000    	  3452.0000    	 0.48894740E-03	 0.15140141E-05
  3452.0000    	  3453.0000    	 0.38810156E-03	 0.12861428E-05
  3453.0000    	  3454.0000    	 0.29838596E-03	 0.12355382E-05
  3454.0000    	  3455.0000    	 0.84043642E-03	 0.37038232E-05
  3455.0000    	  3456.0000    	 0.83923552E-03	 0.33262840E-05
  3456.0000    	  3457.0000    	 0.82881195E-03	 0.29965944E-05
  3457.0000    	  3458.0000    	 0.81095246E-03	 0.27097553E-05
  3458.0000    	  3459.0000    	 0.77564646E-03	 0.24583209E-05
  3459.0000    	  3460.0000    	 0.72444829E-03	 0.21852422E-05
  3460.0000    	  3461.0000    	 0.65417318E-03	 0.18929140E-05
  3461.0000    	  3462.0000    	 0.57288446E-03	 0.16361439E-05
  3462.0000    	  3463.0000    	 0.48053977E-03	 0.14639563E-05
  3463.0000    	  3464.0000    	 0.38039551E-03	 0.12712629E-05
  3464.0000    	  3465.0000    	 0.29307856E-03	 0.11945853E-05
  3465.0000    	  3466.0000    	 0.79059887E-03	 0.35786393E-05
  3466.0000    	  3467.0000    	 0.82704424E-03	 0.33040656E-05
  3467.0000    	  3468.0000    	 0.81834905E-03	 0.29705117E-05
  3468.0000    	  3469.0000    	 0.80102867E-03	 0.26946451E-05
  3469.0000    	  3470.0000    	 0.76772513E-03	 0.24393473E-05
  3470.0000    	  3471.0000    	 0.71546348E-03	 0.21719233E-05
  3471.0000    	  3472.0000    	 0.64759305E-03	 0.19082290E-05
  3472.0000    	  3473.0000    	 0.56381269E-03	 0.16429042E-05
  3473.0000    	  3474.0000    	 0.47191864E-03	 0.14224774E-05
  3474.0000    	  3475.0000    	 0.38038468E-03	 0.12783749E-05
  3475.0000    	  3476.0000    	 0.28857754E-03	 0.12233067E-05
  3476.0000    	  3477.0000    	 0.82367719E-03	 0.36488335E-05
  3477.0000    	  3478.0000    	 0.81646413E-03	 0.32892407E-05
  3478.0000    	  3479.0000    	 0.81123456E-03	 0.29637581E-05
  3479.0000    	  3480.0000    	 0.78812552E-03	 0.26583173E-05
  3480.0000    	  3481.0000    	 0.75723395E-03	 0.24010457E-05
  3481.0000    	  3482.0000    	 0.70833576E-03	 0.21547134E-05
  3482.0000    	  3483.0000    	 0.63896698E-03	 0.18852025E-05
  3483.0000    	  3484.0000    	 0.55701515E-03	 0.16294936E-05
  3484.0000    	  3485.0000    	 0.46900231E-03	 0.14629186E-05
  3485.0000    	  3486.0000    	 0.37591617E-03	 0.13070307E-05
  3486.0000    	  3487.0000    	 0.28756161E-03	 0.12121526E-05
  3487.0000    	  3488.0000    	 0.81403026E-03	 0.36843500E-05
  3488.0000    	  3489.0000    	 0.64422581E-03	 0.29087062E-05
  3489.0000    	  3490.0000    	 0.80143240E-03	 0.29537814E-05
  3490.0000    	  3491.0000    	 0.77861343E-03	 0.26424351E-05
  3491.0000    	  3492.0000    	 0.75033506E-03	 0.23762717E-05
  3492.0000    	  3493.0000    	 0.69806599E-03	 0.21311902E-05
  3493.0000    	  3494.0000    	 0.63478340E-03	 0.19123902E-05
  3494.0000    	  3495.0000    	 0.55005980E-03	 0.15813499E-05
  3495.0000    	  3496.0000    	 0.46161053E-03	 0.13752966E-05
  3496.0000    	  3497.0000    	 0.36911357E-03	 0.12405803E-05
  3497.0000    	  3498.0000    	 0.28258923E-03	 0.12380696E-05
  3498.0000    	  3499.0000    	 0.79745884E-03	 0.35902830E-05
  3499.0000    	  3500.0000    	 0.79181271E-03	 0.32273386E-05
  3500.0000    	  3501.0000    	 0.78482937E-03	 0.28972633E-05
  3501.0000    	  3502.0000    	 0.76843918E-03	 0.26040484E-05
  3502.0000    	  3503.0000    	 0.73481786E-03	 0.23493702E-05
  3503.0000    	  3504.0000    	 0.68705305E-03	 0.21130494E-05
  3504.0000    	  3505.0000    	 0.62340093E-03	 0.18576537E-05
  3505.0000    	  3506.0000    	 0.54445269E-03	 0.15923988E-05
  3506.0000    	  3507.0000    	 0.45431940E-03	 0.13419438E-05
  3507.0000    	  3508.0000    	 0.36321299E-03	 0.12229730E-05
  3508.0000    	  3509.0000    	 0.27638659E-03	 0.11069286E-05
  3509.0000    	  3510.0000    	 0.66427153E-03	 0.32794063E-05
  3510.0000    	  3511.0000    	 0.79132816E-03	 0.32308831E-05
  3511.0000    	  3512.0000    	 0.77603800E-03	 0.28798819E-05
  3512.0000    	  3513.0000    	 0.76245701E-03	 0.26112091E-05
  3513.0000    	  3514.0000    	 0.72784608E-03	 0.23524743E-05
  3514.0000    	  3515.0000    	 0.68078433E-03	 0.21058676E-05
  3515.0000    	  3516.0000    	 0.61703908E-03	 0.18424110E-05
  3516.0000    	  3517.0000    	 0.53740644E-03	 0.15629399E-05
  3517.0000    	  3518.0000    	 0.44726627E-03	 0.13438515E-05
  3518.0000    	  3519.0000    	 0.36183259E-03	 0.12406748E-05
  3519.0000    	  3520.0000    	 0.27492345E-03	 0.11888283E-05
  3520.0000    	  3521.0000    	 0.77982320E-03	 0.35438743E-05
  3521.0000    	  3522.0000    	 0.77295415E-03	 0.31758805E-05
  3522.0000    	  3523.0000    	 0.76944086E-03	 0.28851107E-05
  3523.0000    	  3524.0000    	 0.74828904E-03	 0.25798171E-05
  3524.0000    	  3525.0000    	 0.71908622E-03	 0.23250636E-05
  3525.0000    	  3526.0000    	 0.67361680E-03	 0.20649007E-05
  3526.0000    	  3527.0000    	 0.60777600E-03	 0.18381916E-05
  3527.0000    	  3528.0000    	 0.53422572E-03	 0.16128871E-05
  3528.0000    	  3529.0000    	 0.44428592E-03	 0.13541198E-05
  3529.0000    	  3530.0000    	 0.35556248E-03	 0.12165750E-05
  3530.0000    	  3531.0000    	 0.27270922E-03	 0.12250450E-05
  3531.0000    	  3532.0000    	 0.76867454E-03	 0.35201829E-05
  3532.0000    	  3533.0000    	 0.74766830E-03	 0.31261142E-05
  3533.0000    	  3534.0000    	 0.76182905E-03	 0.28606537E-05
  3534.0000    	  3535.0000    	 0.74400083E-03	 0.25588082E-05
  3535.0000    	  3536.0000    	 0.70977040E-03	 0.23019897E-05
  3536.0000    	  3537.0000    	 0.66567075E-03	 0.20676767E-05
  3537.0000    	  3538.0000    	 0.60141144E-03	 0.18039348E-05
  3538.0000    	  3539.0000    	 0.52292313E-03	 0.15340559E-05
  3539.0000    	  3540.0000    	 0.44018704E-03	 0.13421936E-05
  3540.0000    	  3541.0000    	 0.35299102E-03	 0.12334420E-05
  3541.0000    	  3542.0000    	 0.26887499E-03	 0.11480580E-05
  3542.0000    	  3543.0000    	 0.76120776E-03	 0.35152598E-05
  3543.0000    	  3544.0000    	 0.75461547E-03	 0.31452041E-05
  3544.0000    	  3545.0000    	 0.74726008E-03	 0.28186654E-05
  3545.0000    	  3546.0000    	 0.72936614E-03	 0.25245289E-05
  3546.0000    	  3547.0000    	 0.70081329E-03	 0.22856449E-05
  3547.0000    	  3548.0000    	 0.65545637E-03	 0.20521125E-05
  3548.0000    	  3549.0000    	 0.59317890E-03	 0.17945796E-05
  3549.0000    	  3550.0000    	 0.52077272E-03	 0.15627838E-05
  3550.0000    	  3551.0000    	 0.43313465E-03	 0.13435038E-05
  3551.0000    	  3552.0000    	 0.34802828E-03	 0.12492713E-05
  3552.0000    	  3553.0000    	 0.26357285E-03	 0.11406657E-05
  3553.0000    	  3554.0000    	 0.75050886E-03	 0.34707585E-05
  3554.0000    	  3555.0000    	 0.74743423E-03	 0.31218877E-05
  3555.0000    	  3556.0000    	 0.73918094E-03	 0.28230036E-05
  3556.0000    	  3557.0000    	 0.72308329E-03	 0.25195608E-05
  3557.0000    	  3558.0000    	 0.69365916E-03	 0.22714744E-05
  3558.0000    	  3559.0000    	 0.64585785E-03	 0.20082243E-05
  3559.0000    	  3560.0000    	 0.58626881E-03	 0.17642476E-05
  3560.0000    	  3561.0000    	 0.51263491E-03	 0.15322435E-05
  3561.0000    	  3562.0000    	 0.43030403E-03	 0.13558612E-05
  3562.0000    	  3563.0000    	 0.34304986E-03	 0.11820262E-05
  3563.0000    	  3564.0000    	 0.26246304E-03	 0.11415002E-05
  3564.0000    	  3565.0000    	 0.73854896E-03	 0.34368860E-05
  3565.0000    	  3566.0000    	 0.73785287E-03	 0.31494531E-05
  3566.0000    	  3567.0000    	 0.72947602E-03	 0.27789291E-05
  3567.0000    	  3568.0000    	 0.71277093E-03	 0.25071101E-05
  3568.0000    	  3569.0000    	 0.68250925E-03	 0.22401957E-05
  3569.0000    	  3570.0000    	 0.63876294E-03	 0.20074816E-05
  3570.0000    	  3571.0000    	 0.57885009E-03	 0.17625134E-05
  3571.0000    	  3572.0000    	 0.50373508E-03	 0.15254406E-05
  3572.0000    	  3573.0000    	 0.42394060E-03	 0.13274213E-05
  3573.0000    	  3574.0000    	 0.33912186E-03	 0.11838447E-05
  3574.0000    	  3575.0000    	 0.25965098E-03	 0.11234581E-05
  3575.0000    	  3576.0000    	 0.73215912E-03	 0.34284069E-05
  3576.0000    	  3577.0000    	 0.72946798E-03	 0.31063196E-05
  3577.0000    	  3578.0000    	 0.71987642E-03	 0.27644746E-05
  3578.0000    	  3579.0000    	 0.70900183E-03	 0.24890649E-05
  3579.0000    	  3580.0000    	 0.67481030E-03	 0.22460323E-05
  3580.0000    	  3581.0000    	 0.63040320E-03	 0.19770179E-05
  3581.0000    	  3582.0000    	 0.57263361E-03	 0.17617138E-05
  3582.0000    	  3583.0000    	 0.50072223E-03	 0.15004143E-05
  3583.0000    	  3584.0000    	 0.41711645E-03	 0.12956267E-05
  3584.0000    	  3585.0000    	 0.33559260E-03	 0.11748588E-05
  3585.0000    	  3586.0000    	 0.25442536E-03	 0.11363595E-05
  3586.0000    	  3587.0000    	 0.58308841E-03	 0.30549750E-05
  3587.0000    	  3588.0000    	 0.71894784E-03	 0.30609982E-05
  3588.0000    	  3589.0000    	 0.71323510E-03	 0.27655098E-05
  3589.0000    	  3590.0000    	 0.69446099E-03	 0.24433505E-05
  3590.0000    	  3591.0000    	 0.66832322E-03	 0.22170112E-05
  3591.0000    	  3592.0000    	 0.62498632E-03	 0.19983622E-05
  3592.0000    	  3593.0000    	 0.56594277E-03	 0.17401995E-05
  3593.0000    	  3594.0000    	 0.49423669E-03	 0.14958470E-05
  3594.0000    	  3595.0000    	 0.41246505E-03	 0.12845333E-05
  3595.0000    	  3596.0000    	 0.32889701E-03	 0.11318382E-05
  3596.0000    	  3597.0000    	 0.25046084E-03	 0.10684578E-05
  3597.0000    	  3598.0000    	 0.71244101E-03	 0.33704121E-05
  3598.0000    	  3599.0000    	 0.71081801E-03	 0.30465891E-05
  3599.0000    	  3600.0000    	 0.70385695E-03	 0.27238283E-05
  3600.0000    	  3601.0000    	 0.68494462E-03	 0.24444249E-05
  3601.0000    	  3602.0000    	 0.65813320E-03	 0.21889685E-05
  3602.0000    	  3603.0000    	 0.61494034E-03	 0.19514078E-05
  3603.0000    	  3604.0000    	 0.55722938E-03	 0.17086193E-05
  3604.0000    	  3605.0000    	 0.48892807E-03	 0.14935191E-05
  3605.0000    	  3606.0000    	 0.40994374E-03	 0.12837723E-05
  3606.0000    	  3607.0000    	 0.32720277E-03	 0.11667453E-05
  3607.0000    	  3608.0000    	 0.25023379E-03	 0.10922798E-05
  3608.0000    	  3609.0000    	 0.70055247E-03	 0.33513511E-05
  3609.0000    	  3610.0000    	 0.69883875E-03	 0.30125861E-05
  3610.0000    	  3611.0000    	 0.69108105E-03	 0.26946439E-05
  3611.0000    	  3612.0000    	 0.67468401E-03	 0.24008042E-05
  3612.0000    	  3613.0000    	 0.64890478E-03	 0.21711000E-05
  3613.0000    	  3614.0000    	 0.60837463E-03	 0.19364582E-05
  3614.0000    	  3615.0000    	 0.55174388E-03	 0.17096683E-05
  3615.0000    	  3616.0000    	 0.48056250E-03	 0.14570052E-05
  3616.0000    	  3617.0000    	 0.40378643E-03	 0.12713961E-05
  3617.0000    	  3618.0000    	 0.32237273E-03	 0.11333323E-05
  3618.0000    	  3619.0000    	 0.24386903E-03	 0.10235182E-05
  3619.0000    	  3620.0000    	 0.69212419E-03	 0.33213909E-05
  3620.0000    	  3621.0000    	 0.69256512E-03	 0.29904637E-05
  3621.0000    	  3622.0000    	 0.68585033E-03	 0.26727648E-05
  3622.0000    	  3623.0000    	 0.67279600E-03	 0.24120892E-05
  3623.0000    	  3624.0000    	 0.64311179E-03	 0.21446058E-05
  3624.0000    	  3625.0000    	 0.60109763E-03	 0.19227280E-05
  3625.0000    	  3626.0000    	 0.54689645E-03	 0.16971725E-05
  3626.0000    	  3627.0000    	 0.47577318E-03	 0.14578094E-05
  3627.0000    	  3628.0000    	 0.39712000E-03	 0.12631009E-05
  3628.0000    	  3629.0000    	 0.31918973E-03	 0.11394118E-05
  3629.0000    	  3630.0000    	 0.24234285E-03	 0.10685802E-05
  3630.0000    	  3631.0000    	 0.68506604E-03	 0.33262130E-05
  3631.0000    	  3632.0000    	 0.68369330E-03	 0.29817001E-05
  3632.0000    	  3633.0000    	 0.67565873E-03	 0.26576585E-05
  3633.0000    	  3634.0000    	 0.66108312E-03	 0.23819187E-05
  3634.0000    	  3635.0000    	 0.63407225E-03	 0.21518439E-05
  3635.0000    	  3636.0000    	 0.59283596E-03	 0.18997687E-05
  3636.0000    	  3637.0000    	 0.53518649E-03	 0.16392040E-05
  3637.0000    	  3638.0000    	 0.46798384E-03	 0.14469515E-05
  3638.0000    	  3639.0000    	 0.39336782E-03	 0.12478260E-05
  3639.0000    	  3640.0000    	 0.31460563E-03	 0.11027682E-05
  3640.0000    	  3641.0000    	 0.21901606E-03	 0.10026237E-05
  3641.0000    	  3642.0000    	 0.68107384E-03	 0.33356691E-05
  3642.0000    	  3643.0000    	 0.66954679E-03	 0.29405521E-05
  3643.0000    	  3644.0000    	 0.67046123E-03	 0.26841393E-05
  3644.0000    	  3645.0000    	 0.65303900E-03	 0.23665395E-05
  3645.0000    	  3646.0000    	 0.62785051E-03	 0.21405434E-05
  3646.0000    	  3647.0000    	 0.58564388E-03	 0.18897554E-05
  3647.0000    	  3648.0000    	 0.53226508E-03	 0.16656181E-05
  3648.0000    	  3649.0000    	 0.46348196E-03	 0.14060748E-05
  3649.0000    	  3650.0000    	 0.38729050E-03	 0.12198922E-05
  3650.0000    	  3651.0000    	 0.31044199E-03	 0.11374520E-05
  3651.0000    	  3652.0000    	 0.23586889E-03	 0.10397895E-05
  3652.0000    	  3653.0000    	 0.66568298E-03	 0.32481318E-05
  3653.0000    	  3654.0000    	 0.67134632E-03	 0.29657866E-05
  3654.0000    	  3655.0000    	 0.66057926E-03	 0.26279557E-05
  3655.0000    	  3656.0000    	 0.65081391E-03	 0.23593402E-05
  3656.0000    	  3657.0000    	 0.61912940E-03	 0.20924789E-05
  3657.0000    	  3658.0000    	 0.57957244E-03	 0.18910325E-05
  3658.0000    	  3659.0000    	 0.52660036E-03	 0.16403675E-05
  3659.0000    	  3660.0000    	 0.45854163E-03	 0.14209448E-05
  3660.0000    	  3661.0000    	 0.38554148E-03	 0.12474141E-05
  3661.0000    	  3662.0000    	 0.30733515E-03	 0.10776754E-05
  3662.0000    	  3663.0000    	 0.23204176E-03	 0.98625959E-06
  3663.0000    	  3664.0000    	 0.65901418E-03	 0.32313311E-05
  3664.0000    	  3665.0000    	 0.65746995E-03	 0.29095269E-05
  3665.0000    	  3666.0000    	 0.64117353E-03	 0.25837541E-05
  3666.0000    	  3667.0000    	 0.63660549E-03	 0.23287777E-05
  3667.0000    	  3668.0000    	 0.60862440E-03	 0.20679463E-05
  3668.0000    	  3669.0000    	 0.57223732E-03	 0.19016592E-05
  3669.0000    	  3670.0000    	 0.51561264E-03	 0.16049776E-05
  3670.0000    	  3671.0000    	 0.45382175E-03	 0.14154055E-05
  3671.0000    	  3672.0000    	 0.37893675E-03	 0.12018694E-05
  3672.0000    	  3673.0000    	 0.30270097E-03	 0.10926619E-05
  3673.0000    	  3674.0000    	 0.23156589E-03	 0.10513900E-05
  3674.0000    	  3675.0000    	 0.65429831E-03	 0.32336106E-05
  3675.0000    	  3676.0000    	 0.64747548E-03	 0.29051255E-05
  3676.0000    	  3677.0000    	 0.64165474E-03	 0.25985422E-05
  3677.0000    	  3678.0000    	 0.62701726E-03	 0.22994778E-05
  3678.0000    	  3679.0000    	 0.60806913E-03	 0.20936223E-05
  3679.0000    	  3680.0000    	 0.56512928E-03	 0.18356649E-05
  3680.0000    	  3681.0000    	 0.51217287E-03	 0.16286971E-05
  3681.0000    	  3682.0000    	 0.44615617E-03	 0.13717001E-05
  3682.0000    	  3683.0000    	 0.37466478E-03	 0.12088876E-05
  3683.0000    	  3684.0000    	 0.29856075E-03	 0.10979878E-05
  3684.0000    	  3685.0000    	 0.22644024E-03	 0.10288128E-05
  3685.0000    	  3686.0000    	 0.64231211E-03	 0.31807673E-05
  3686.0000    	  3687.0000    	 0.64095256E-03	 0.28672952E-05
  3687.0000    	  3688.0000    	 0.63215724E-03	 0.25572742E-05
  3688.0000    	  3689.0000    	 0.62263693E-03	 0.22969192E-05
  3689.0000    	  3690.0000    	 0.59542175E-03	 0.20580039E-05
  3690.0000    	  3691.0000    	 0.55762953E-03	 0.18192597E-05
  3691.0000    	  3692.0000    	 0.50747996E-03	 0.16041771E-05
  3692.0000    	  3693.0000    	 0.44378504E-03	 0.14011670E-05
  3693.0000    	  3694.0000    	 0.36927291E-03	 0.11671939E-05
  3694.0000    	  3695.0000    	 0.29512705E-03	 0.10643780E-05
  3695.0000    	  3696.0000    	 0.22543277E-03	 0.10745260E-05
  3696.0000    	  3697.0000    	 0.60646561E-03	 0.31032092E-05
  3697.0000    	  3698.0000    	 0.63146156E-03	 0.28527228E-05
  3698.0000    	  3699.0000    	 0.62984626E-03	 0.25580635E-05
  3699.0000    	  3700.0000    	 0.61177476E-03	 0.22613071E-05
  3700.0000    	  3701.0000    	 0.59006766E-03	 0.20280518E-05
  3701.0000    	  3702.0000    	 0.55183739E-03	 0.18127215E-05
  3702.0000    	  3703.0000    	 0.50152172E-03	 0.16264614E-05
  3703.0000    	  3704.0000    	 0.43609095E-03	 0.13585751E-05
  3704.0000    	  3705.0000    	 0.36645778E-03	 0.11903858E-05
  3705.0000    	  3706.0000    	 0.29302253E-03	 0.10576264E-05
  3706.0000    	  3707.0000    	 0.22022042E-03	 0.94648278E-06
  3707.0000    	  3708.0000    	 0.62730203E-03	 0.31634709E-05
  3708.0000    	  3709.0000    	 0.62454732E-03	 0.28308756E-05
  3709.0000    	  3710.0000    	 0.61847807E-03	 0.25297453E-05
  3710.0000    	  3711.0000    	 0.60700735E-03	 0.22628458E-05
  3711.0000    	  3712.0000    	 0.57862208E-03	 0.20222296E-05
  3712.0000    	  3713.0000    	 0.54573491E-03	 0.18107703E-05
  3713.0000    	  3714.0000    	 0.49321718E-03	 0.15842237E-05
  3714.0000    	  3715.0000    	 0.43247512E-03	 0.13581525E-05
  3715.0000    	  3716.0000    	 0.36148837E-03	 0.11716974E-05
  3716.0000    	  3717.0000    	 0.28818584E-03	 0.10375599E-05
  3717.0000    	  3718.0000    	 0.21847995E-03	 0.10058301E-05
  3718.0000    	  3719.0000    	 0.62153089E-03	 0.31415597E-05
  3719.0000    	  3720.0000    	 0.62244108E-03	 0.28429450E-05
  3720.0000    	  3721.0000    	 0.61267126E-03	 0.25277459E-05
  3721.0000    	  3722.0000    	 0.59705612E-03	 0.22345351E-05
  3722.0000    	  3723.0000    	 0.57559772E-03	 0.20103894E-05
  3723.0000    	  3724.0000    	 0.53992225E-03	 0.18150600E-05
  3724.0000    	  3725.0000    	 0.48796349E-03	 0.15575400E-05
  3725.0000    	  3726.0000    	 0.42487621E-03	 0.13276679E-05
  3726.0000    	  3727.0000    	 0.35652905E-03	 0.11842174E-05
  3727.0000    	  3728.0000    	 0.28296110E-03	 0.10015186E-05
  3728.0000    	  3729.0000    	 0.21554366E-03	 0.96465155E-06
  3729.0000    	  3730.0000    	 0.60510163E-03	 0.30995020E-05
  3730.0000    	  3731.0000    	 0.60766466E-03	 0.27834769E-05
  3731.0000    	  3732.0000    	 0.60710259E-03	 0.25190504E-05
  3732.0000    	  3733.0000    	 0.59190152E-03	 0.22343933E-05
  3733.0000    	  3734.0000    	 0.57026034E-03	 0.20235938E-05
  3734.0000    	  3735.0000    	 0.53026304E-03	 0.17633756E-05
  3735.0000    	  3736.0000    	 0.48197986E-03	 0.15542305E-05
  3736.0000    	  3737.0000    	 0.42002612E-03	 0.13259402E-05
  3737.0000    	  3738.0000    	 0.35072731E-03	 0.11255942E-05
  3738.0000    	  3739.0000    	 0.28204735E-03	 0.10079723E-05
  3739.0000    	  3740.0000    	 0.21289147E-03	 0.94877490E-06
  3740.0000    	  3741.0000    	 0.60267057E-03	 0.30948010E-05
  3741.0000    	  3742.0000    	 0.60388060E-03	 0.27761181E-05
  3742.0000    	  3743.0000    	 0.59866809E-03	 0.24899221E-05
  3743.0000    	  3744.0000    	 0.58420523E-03	 0.22150187E-05
  3744.0000    	  3745.0000    	 0.55907734E-03	 0.20123965E-05
  3745.0000    	  3746.0000    	 0.52878277E-03	 0.17782047E-05
  3746.0000    	  3747.0000    	 0.47739865E-03	 0.15343743E-05
  3747.0000    	  3748.0000    	 0.41742945E-03	 0.13322481E-05
  3748.0000    	  3749.0000    	 0.34859024E-03	 0.11486352E-05
  3749.0000    	  3750.0000    	 0.27872594E-03	 0.10479174E-05
  3750.0000    	  3751.0000    	 0.21176645E-03	 0.10115998E-05
  3751.0000    	  3752.0000    	 0.59401284E-03	 0.30583627E-05
  3752.0000    	  3753.0000    	 0.43988078E-03	 0.23661059E-05
  3753.0000    	  3754.0000    	 0.58943762E-03	 0.24670804E-05
  3754.0000    	  3755.0000    	 0.57870960E-03	 0.22035101E-05
  3755.0000    	  3756.0000    	 0.55324196E-03	 0.19552977E-05
  3756.0000    	  3757.0000    	 0.52066990E-03	 0.17448902E-05
  3757.0000    	  3758.0000    	 0.46863255E-03	 0.15162781E-05
  3758.0000    	  3759.0000    	 0.41207576E-03	 0.13202496E-05
  3759.0000    	  3760.0000    	 0.34539216E-03	 0.11438751E-05
  3760.0000    	  3761.0000    	 0.27385500E-03	 0.10002005E-05
  3761.0000    	  3762.0000    	 0.20791794E-03	 0.93754156E-06
  3762.0000    	  3763.0000    	 0.58605144E-03	 0.30392015E-05
  3763.0000    	  3764.0000    	 0.58922602E-03	 0.28113668E-05
  3764.0000    	  3765.0000    	 0.58665357E-03	 0.24647019E-05
  3765.0000    	  3766.0000    	 0.57233562E-03	 0.21841951E-05
  3766.0000    	  3767.0000    	 0.54675608E-03	 0.19380397E-05
  3767.0000    	  3768.0000    	 0.51177957E-03	 0.17365105E-05
  3768.0000    	  3769.0000    	 0.46602023E-03	 0.15199748E-05
  3769.0000    	  3770.0000    	 0.40661834E-03	 0.13345117E-05
  3770.0000    	  3771.0000    	 0.33821036E-03	 0.10973439E-05
  3771.0000    	  3772.0000    	 0.27061355E-03	 0.97860653E-06
  3772.0000    	  3773.0000    	 0.20547620E-03	 0.95939620E-06
  3773.0000    	  3774.0000    	 0.57302814E-03	 0.29997539E-05
  3774.0000    	  3775.0000    	 0.24634328E-03	 0.17624878E-05
  3775.0000    	  3776.0000    	 0.57483917E-03	 0.24437172E-05
  3776.0000    	  3777.0000    	 0.56338770E-03	 0.21714689E-05
  3777.0000    	  3778.0000    	 0.54188848E-03	 0.19297984E-05
  3778.0000    	  3779.0000    	 0.50586471E-03	 0.17271208E-05
  3779.0000    	  3780.0000    	 0.46007701E-03	 0.15034714E-05
  3780.0000    	  3781.0000    	 0.39967365E-03	 0.12852540E-05
  3781.0000    	  3782.0000    	 0.33250725E-03	 0.10817588E-05
  3782.0000    	  3783.0000    	 0.26656590E-03	 0.97551298E-06
  3783.0000    	  3784.0000    	 0.20272895E-03	 0.10024404E-05
  3784.0000    	  3785.0000    	 0.57257128E-03	 0.30165823E-05
  3785.0000    	  3786.0000    	 0.57432624E-03	 0.27042914E-05
  3786.0000    	  3787.0000    	 0.56996721E-03	 0.24219892E-05
  3787.0000    	  3788.0000    	 0.54021507E-03	 0.21260952E-05
  3788.0000    	  3789.0000    	 0.53475016E-03	 0.19219096E-05
  3789.0000    	  3790.0000    	 0.50114037E-03	 0.16891469E-05
  3790.0000    	  3791.0000    	 0.45576944E-03	 0.15339617E-05
  3791.0000    	  3792.0000    	 0.39496372E-03	 0.12672146E-05
  3792.0000    	  3793.0000    	 0.33220760E-03	 0.11086765E-05
  3793.0000    	  3794.0000    	 0.26231581E-03	 0.97548226E-06
  3794.0000    	  3795.0000    	 0.20024281E-03	 0.94060896E-06
  3795.0000    	  3796.0000    	 0.56108980E-03	 0.29581863E-05
  3796.0000    	  3797.0000    	 0.55650803E-03	 0.26602806E-05
  3797.0000    	  3798.0000    	 0.55785603E-03	 0.23878221E-05
  3798.0000    	  3799.0000    	 0.54722891E-03	 0.21336929E-05
  3799.0000    	  3800.0000    	 0.52753218E-03	 0.19009187E-05
  3800.0000    	  3801.0000    	 0.49536151E-03	 0.17008384E-05
  3801.0000    	  3802.0000    	 0.44875491E-03	 0.14798344E-05
  3802.0000    	  3803.0000    	 0.39190082E-03	 0.12671467E-05
  3803.0000    	  3804.0000    	 0.32661310E-03	 0.10846813E-05
  3804.0000    	  3805.0000    	 0.26217516E-03	 0.98807626E-06
  3805.0000    	  3806.0000    	 0.19739760E-03	 0.95875170E-06
  3806.0000    	  3807.0000    	 0.56287636E-03	 0.29760706E-05
  3807.0000    	  3808.0000    	 0.56343140E-03	 0.26858725E-05
  3808.0000    	  3809.0000    	 0.55528126E-03	 0.23848522E-05
  3809.0000    	  3810.0000    	 0.54347697E-03	 0.21217106E-05
  3810.0000    	  3811.0000    	 0.52097129E-03	 0.18796540E-05
  3811.0000    	  3812.0000    	 0.48835675E-03	 0.16873109E-05
  3812.0000    	  3813.0000    	 0.44317899E-03	 0.14720315E-05
  3813.0000    	  3814.0000    	 0.38800575E-03	 0.12689211E-05
  3814.0000    	  3815.0000    	 0.32441525E-03	 0.10744570E-05
  3815.0000    	  3816.0000    	 0.25754705E-03	 0.98052440E-06
  3816.0000    	  3817.0000    	 0.19517546E-03	 0.91925209E-06
  3817.0000    	  3818.0000    	 0.54484038E-03	 0.29310126E-05
  3818.0000    	  3819.0000    	 0.54547543E-03	 0.26309945E-05
  3819.0000    	  3820.0000    	 0.54614539E-03	 0.23596437E-05
  3820.0000    	  3821.0000    	 0.53718951E-03	 0.21070706E-05
  3821.0000    	  3822.0000    	 0.51404001E-03	 0.18653699E-05
  3822.0000    	  3823.0000    	 0.48310877E-03	 0.16529369E-05
  3823.0000    	  3824.0000    	 0.43871317E-03	 0.14671625E-05
  3824.0000    	  3825.0000    	 0.38249705E-03	 0.12340515E-05
  3825.0000    	  3826.0000    	 0.32011332E-03	 0.10970093E-05
  3826.0000    	  3827.0000    	 0.25585797E-03	 0.96791267E-06
  3827.0000    	  3828.0000    	 0.19402086E-03	 0.89580633E-06
  3828.0000    	  3829.0000    	 0.54482530E-03	 0.29187936E-05
  3829.0000    	  3830.0000    	 0.54444821E-03	 0.26419777E-05
  3830.0000    	  3831.0000    	 0.53799509E-03	 0.23389130E-05
  3831.0000    	  3832.0000    	 0.52760074E-03	 0.20833171E-05
  3832.0000    	  3833.0000    	 0.50907996E-03	 0.18561067E-05
  3833.0000    	  3834.0000    	 0.47805327E-03	 0.17016173E-05
  3834.0000    	  3835.0000    	 0.43220165E-03	 0.14639777E-05
  3835.0000    	  3836.0000    	 0.37733109E-03	 0.12287907E-05
  3836.0000    	  3837.0000    	 0.31613761E-03	 0.10541739E-05
  3837.0000    	  3838.0000    	 0.25239650E-03	 0.10034709E-05
  3838.0000    	  3839.0000    	 0.19077577E-03	 0.90896411E-06
  3839.0000    	  3840.0000    	 0.54480271E-03	 0.29325987E-05
  3840.0000    	  3841.0000    	 0.54061306E-03	 0.26156737E-05
  3841.0000    	  3842.0000    	 0.53397476E-03	 0.23322843E-05
  3842.0000    	  3843.0000    	 0.52237038E-03	 0.20730451E-05
  3843.0000    	  3844.0000    	 0.50591703E-03	 0.18828105E-05
  3844.0000    	  3845.0000    	 0.47144302E-03	 0.16434627E-05
  3845.0000    	  3846.0000    	 0.42931670E-03	 0.14456134E-05
  3846.0000    	  3847.0000    	 0.37285443E-03	 0.12207582E-05
  3847.0000    	  3848.0000    	 0.31282165E-03	 0.10569002E-05
  3848.0000    	  3849.0000    	 0.24793112E-03	 0.10295696E-05
  3849.0000    	  3850.0000    	 0.18794869E-03	 0.94145636E-06
  3850.0000    	  3851.0000    	 0.53325238E-03	 0.28757857E-05
  3851.0000    	  3852.0000    	 0.53288857E-03	 0.25870695E-05
  3852.0000    	  3853.0000    	 0.52629444E-03	 0.23123106E-05
  3853.0000    	  3854.0000    	 0.51761130E-03	 0.20561290E-05
  3854.0000    	  3855.0000    	 0.49679379E-03	 0.18236416E-05
  3855.0000    	  3856.0000    	 0.46753966E-03	 0.16323438E-05
  3856.0000    	  3857.0000    	 0.42282900E-03	 0.14195308E-05
  3857.0000    	  3858.0000    	 0.36996160E-03	 0.12016965E-05
  3858.0000    	  3859.0000    	 0.30729208E-03	 0.10256161E-05
  3859.0000    	  3860.0000    	 0.24511908E-03	 0.91031401E-06
  3860.0000    	  3861.0000    	 0.18581904E-03	 0.10273640E-05
  3861.0000    	  3862.0000    	 0.52493713E-03	 0.28539846E-05
  3862.0000    	  3863.0000    	 0.52467927E-03	 0.25715064E-05
  3863.0000    	  3864.0000    	 0.52252324E-03	 0.23134928E-05
  3864.0000    	  3865.0000    	 0.51017795E-03	 0.20534005E-05
  3865.0000    	  3866.0000    	 0.47910472E-03	 0.18034668E-05
  3866.0000    	  3867.0000    	 0.46066034E-03	 0.16290119E-05
  3867.0000    	  3868.0000    	 0.41604528E-03	 0.14153215E-05
  3868.0000    	  3869.0000    	 0.36350687E-03	 0.11934507E-05
  3869.0000    	  3870.0000    	 0.30671534E-03	 0.10789444E-05
  3870.0000    	  3871.0000    	 0.24394675E-03	 0.91464959E-06
  3871.0000    	  3872.0000    	 0.18299177E-03	 0.89966399E-06
  3872.0000    	  3873.0000    	 0.51570765E-03	 0.28257345E-05
  3873.0000    	  3874.0000    	 0.51276246E-03	 0.25311260E-05
  3874.0000    	  3875.0000    	 0.50921461E-03	 0.22715949E-05
  3875.0000    	  3876.0000    	 0.50517431E-03	 0.20575442E-05
  3876.0000    	  3877.0000    	 0.48586779E-03	 0.18258720E-05
  3877.0000    	  3878.0000    	 0.45305525E-03	 0.15815704E-05
  3878.0000    	  3879.0000    	 0.41328301E-03	 0.14027683E-05
  3879.0000    	  3880.0000    	 0.36068473E-03	 0.12256691E-05
  3880.0000    	  3881.0000    	 0.30173170E-03	 0.10437124E-05
  3881.0000    	  3882.0000    	 0.23949629E-03	 0.95522200E-06
  3882.0000    	  3883.0000    	 0.17426398E-03	 0.87538589E-06
  3883.0000    	  3884.0000    	 0.52259010E-03	 0.28605336E-05
  3884.0000    	  3885.0000    	 0.51531432E-03	 0.25583012E-05
  3885.0000    	  3886.0000    	 0.50733726E-03	 0.22598427E-05
  3886.0000    	  3887.0000    	 0.50026932E-03	 0.20218337E-05
  3887.0000    	  3888.0000    	 0.47741176E-03	 0.17754338E-05
  3888.0000    	  3889.0000    	 0.44870489E-03	 0.15812241E-05
  3889.0000    	  3890.0000    	 0.40681459E-03	 0.13705965E-05
  3890.0000    	  3891.0000    	 0.35501245E-03	 0.11940576E-05
  3891.0000    	  3892.0000    	 0.29691774E-03	 0.99939484E-06
  3892.0000    	  3893.0000    	 0.23786734E-03	 0.92688885E-06
  3893.0000    	  3894.0000    	 0.17798300E-03	 0.82108041E-06
  3894.0000    	  3895.0000    	 0.50307829E-03	 0.28038631E-05
  3895.0000    	  3896.0000    	 0.50811854E-03	 0.25248177E-05
  3896.0000    	  3897.0000    	 0.50187703E-03	 0.22651864E-05
  3897.0000    	  3898.0000    	 0.49230205E-03	 0.21176128E-05
  3898.0000    	  3899.0000    	 0.47221472E-03	 0.17778317E-05
  3899.0000    	  3900.0000    	 0.44351810E-03	 0.15652273E-05
  3900.0000    	  3901.0000    	 0.40470141E-03	 0.14267733E-05
  3901.0000    	  3902.0000    	 0.35023541E-03	 0.11561560E-05
  3902.0000    	  3903.0000    	 0.29532059E-03	 0.10147180E-05
  3903.0000    	  3904.0000    	 0.23334670E-03	 0.89442926E-06
  3904.0000    	  3905.0000    	 0.17742035E-03	 0.90072429E-06
  3905.0000    	  3906.0000    	 0.50566348E-03	 0.28051476E-05
  3906.0000    	  3907.0000    	 0.50020497E-03	 0.26857923E-05
  3907.0000    	  3908.0000    	 0.49937428E-03	 0.22542515E-05
  3908.0000    	  3909.0000    	 0.48554098E-03	 0.19906387E-05
  3909.0000    	  3910.0000    	 0.46881506E-03	 0.17764744E-05
  3910.0000    	  3911.0000    	 0.44020980E-03	 0.15809968E-05
  3911.0000    	  3912.0000    	 0.39706933E-03	 0.13569027E-05
  3912.0000    	  3913.0000    	 0.34724929E-03	 0.11581572E-05
  3913.0000    	  3914.0000    	 0.28904523E-03	 0.97903087E-06
  3914.0000    	  3915.0000    	 0.23251450E-03	 0.92853340E-06
  3915.0000    	  3916.0000    	 0.17531551E-03	 0.90732963E-06
  3916.0000    	  3917.0000    	 0.47660305E-03	 0.27095128E-05
  3917.0000    	  3918.0000    	 0.49455071E-03	 0.24811495E-05
  3918.0000    	  3919.0000    	 0.49207174E-03	 0.22360764E-05
  3919.0000    	  3920.0000    	 0.48026258E-03	 0.19824984E-05
  3920.0000    	  3921.0000    	 0.46177610E-03	 0.17565901E-05
  3921.0000    	  3922.0000    	 0.43366806E-03	 0.15580713E-05
  3922.0000    	  3923.0000    	 0.39287566E-03	 0.13432890E-05
  3923.0000    	  3924.0000    	 0.34471315E-03	 0.11777084E-05
  3924.0000    	  3925.0000    	 0.28801862E-03	 0.99745705E-06
  3925.0000    	  3926.0000    	 0.22877467E-03	 0.93073953E-06
  3926.0000    	  3927.0000    	 0.17315436E-03	 0.89502018E-06
  3927.0000    	  3928.0000    	 0.36272958E-03	 0.23652506E-05
  3928.0000    	  3929.0000    	 0.48862060E-03	 0.24740855E-05
  3929.0000    	  3930.0000    	 0.48197382E-03	 0.21950659E-05
  3930.0000    	  3931.0000    	 0.46542829E-03	 0.19426976E-05
  3931.0000    	  3932.0000    	 0.45677974E-03	 0.17449257E-05
  3932.0000    	  3933.0000    	 0.42886195E-03	 0.15655858E-05
  3933.0000    	  3934.0000    	 0.38710286E-03	 0.13646045E-05
  3934.0000    	  3935.0000    	 0.33930789E-03	 0.11490991E-05
  3935.0000    	  3936.0000    	 0.28328093E-03	 0.98091730E-06
  3936.0000    	  3937.0000    	 0.22508358E-03	 0.88781603E-06
  3937.0000    	  3938.0000    	 0.14152184E-03	 0.71684252E-06
  3938.0000    	  3939.0000    	 0.48585807E-03	 0.27345299E-05
  3939.0000    	  3940.0000    	 0.48403888E-03	 0.24661967E-05
  3940.0000    	  3941.0000    	 0.48035087E-03	 0.22025218E-05
  3941.0000    	  3942.0000    	 0.46831905E-03	 0.19531269E-05
  3942.0000    	  3943.0000    	 0.45169838E-03	 0.17474530E-05
  3943.0000    	  3944.0000    	 0.42529491E-03	 0.15349230E-05
  3944.0000    	  3945.0000    	 0.38534637E-03	 0.13743298E-05
  3945.0000    	  3946.0000    	 0.33544489E-03	 0.11505030E-05
  3946.0000    	  3947.0000    	 0.28266982E-03	 0.10089982E-05
  3947.0000    	  3948.0000    	 0.22162662E-03	 0.83493209E-06
  3948.0000    	  3949.0000    	 0.16770115E-03	 0.85855343E-06
  3949.0000    	  3950.0000    	 0.47591480E-03	 0.27066836E-05
  3950.0000    	  3951.0000    	 0.47599295E-03	 0.24372317E-05
  3951.0000    	  3952.0000    	 0.47464433E-03	 0.22074989E-05
  3952.0000    	  3953.0000    	 0.46306389E-03	 0.19468960E-05
  3953.0000    	  3954.0000    	 0.44699555E-03	 0.17267701E-05
  3954.0000    	  3955.0000    	 0.41816123E-03	 0.15118255E-05
  3955.0000    	  3956.0000    	 0.37983413E-03	 0.13228916E-05
  3956.0000    	  3957.0000    	 0.33215759E-03	 0.11557678E-05
  3957.0000    	  3958.0000    	 0.27710137E-03	 0.98185230E-06
  3958.0000    	  3959.0000    	 0.22133719E-03	 0.86633132E-06
  3959.0000    	  3960.0000    	 0.16558360E-03	 0.84232806E-06
  3960.0000    	  3961.0000    	 0.47405871E-03	 0.27094278E-05
  3961.0000    	  3962.0000    	 0.47255879E-03	 0.24292870E-05
  3962.0000    	  3963.0000    	 0.46698148E-03	 0.21775377E-05
  3963.0000    	  3964.0000    	 0.46021791E-03	 0.19366015E-05
  3964.0000    	  3965.0000    	 0.44351567E-03	 0.17248372E-05
  3965.0000    	  3966.0000    	 0.41210336E-03	 0.15190915E-05
  3966.0000    	  3967.0000    	 0.37602585E-03	 0.13384797E-05
  3967.0000    	  3968.0000    	 0.32830865E-03	 0.11211521E-05
  3968.0000    	  3969.0000    	 0.27388722E-03	 0.98859187E-06
  3969.0000    	  3970.0000    	 0.21762072E-03	 0.87894562E-06
  3970.0000    	  3971.0000    	 0.16406329E-03	 0.84698084E-06
  3971.0000    	  3972.0000    	 0.27744824E-03	 0.20716658E-05
  3972.0000    	  3973.0000    	 0.46410076E-03	 0.23926664E-05
  3973.0000    	  3974.0000    	 0.46142072E-03	 0.21531701E-05
  3974.0000    	  3975.0000    	 0.45372737E-03	 0.19136378E-05
  3975.0000    	  3976.0000    	 0.43649398E-03	 0.17131979E-05
  3976.0000    	  3977.0000    	 0.40731740E-03	 0.15007968E-05
  3977.0000    	  3978.0000    	 0.36951350E-03	 0.13314009E-05
  3978.0000    	  3979.0000    	 0.32306736E-03	 0.10927963E-05
  3979.0000    	  3980.0000    	 0.27185386E-03	 0.96612756E-06
  3980.0000    	  3981.0000    	 0.21442446E-03	 0.85948207E-06
  3981.0000    	  3982.0000    	 0.16180585E-03	 0.77220015E-06
  3982.0000    	  3983.0000    	 0.45601010E-03	 0.26478600E-05
  3983.0000    	  3984.0000    	 0.45640843E-03	 0.23846585E-05
  3984.0000    	  3985.0000    	 0.45787640E-03	 0.21426194E-05
  3985.0000    	  3986.0000    	 0.44583782E-03	 0.18992308E-05
  3986.0000    	  3987.0000    	 0.43416867E-03	 0.17045865E-05
  3987.0000    	  3988.0000    	 0.40287654E-03	 0.14861657E-05
  3988.0000    	  3989.0000    	 0.36756381E-03	 0.13191951E-05
  3989.0000    	  3990.0000    	 0.32137982E-03	 0.11148892E-05
  3990.0000    	  3991.0000    	 0.26839600E-03	 0.96139275E-06
  3991.0000    	  3992.0000    	 0.21328524E-03	 0.94370565E-06
  3992.0000    	  3993.0000    	 0.15740596E-03	 0.86876005E-06
  3993.0000    	  3994.0000    	 0.45625676E-03	 0.26353922E-05
  3994.0000    	  3995.0000    	 0.45191403E-03	 0.23689814E-05
  3995.0000    	  3996.0000    	 0.45030201E-03	 0.21313073E-05
  3996.0000    	  3997.0000    	 0.44165412E-03	 0.18926791E-05
  3997.0000    	  3998.0000    	 0.42409640E-03	 0.18299879E-05
  3998.0000    	  3999.0000    	 0.39862980E-03	 0.14884562E-05
  3999.0000    	  4000.0000    	 0.36244783E-03	 0.12988736E-05
  4000.0000    	  4001.0000    	 0.31647686E-03	 0.11020533E-05
  4001.0000    	  4002.0000    	 0.26486586E-03	 0.95685810E-06
  4002.0000    	  4003.0000    	 0.21067136E-03	 0.87410639E-06
  4003.0000    	  4004.0000    	 0.15759277E-03	 0.79166653E-06
  4004.0000    	  4005.0000    	 0.44695988E-03	 0.26160340E-05
  4005.0000    	  4006.0000    	 0.43176047E-03	 0.23105219E-05
  4006.0000    	  4007.0000    	 0.44305048E-03	 0.21002787E-05
  4007.0000    	  4008.0000    	 0.43791166E-03	 0.18893188E-05
  4008.0000    	  4009.0000    	 0.41920474E-03	 0.16717614E-05
  4009.0000    	  4010.0000    	 0.39704320E-03	 0.15018403E-05
  4010.0000    	  4011.0000    	 0.35780470E-03	 0.12894918E-05
  4011.0000    	  4012.0000    	 0.31272960E-03	 0.11171155E-05
  4012.0000    	  4013.0000    	 0.26094819E-03	 0.93650912E-06
  4013.0000    	  4014.0000    	 0.20769320E-03	 0.84142042E-06
  4014.0000    	  4015.0000    	 0.15695213E-03	 0.89703459E-06
  4015.0000    	  4016.0000    	 0.44470049E-03	 0.26146687E-05
  4016.0000    	  4017.0000    	 0.44095223E-03	 0.23191265E-05
  4017.0000    	  4018.0000    	 0.44168570E-03	 0.20977046E-05
  4018.0000    	  4019.0000    	 0.43336894E-03	 0.18708152E-05
  4019.0000    	  4020.0000    	 0.41571991E-03	 0.16623746E-05
  4020.0000    	  4021.0000    	 0.38966068E-03	 0.14542667E-05
  4021.0000    	  4022.0000    	 0.35430185E-03	 0.12715607E-05
  4022.0000    	  4023.0000    	 0.30988077E-03	 0.10667210E-05
  4023.0000    	  4024.0000    	 0.25795522E-03	 0.92971997E-06
  4024.0000    	  4025.0000    	 0.20556133E-03	 0.89305970E-06
  4025.0000    	  4026.0000    	 0.15404205E-03	 0.87380721E-06
  4026.0000    	  4027.0000    	 0.43970522E-03	 0.25928566E-05
  4027.0000    	  4028.0000    	 0.43444595E-03	 0.23206590E-05
  4028.0000    	  4029.0000    	 0.43402884E-03	 0.20860650E-05
  4029.0000    	  4030.0000    	 0.42849189E-03	 0.18653855E-05
  4030.0000    	  4031.0000    	 0.41083093E-03	 0.16405474E-05
  4031.0000    	  4032.0000    	 0.38542607E-03	 0.14525256E-05
  4032.0000    	  4033.0000    	 0.34947996E-03	 0.12451485E-05
  4033.0000    	  4034.0000    	 0.30568250E-03	 0.10653300E-05
  4034.0000    	  4035.0000    	 0.25583661E-03	 0.94341787E-06
  4035.0000    	  4036.0000    	 0.20331954E-03	 0.85454859E-06
  4036.0000    	  4037.0000    	 0.15316530E-03	 0.88263769E-06
  4037.0000    	  4038.0000    	 0.43293762E-03	 0.25686449E-05
  4038.0000    	  4039.0000    	 0.43446024E-03	 0.23232806E-05
  4039.0000    	  4040.0000    	 0.43121504E-03	 0.20749071E-05
  4040.0000    	  4041.0000    	 0.42207427E-03	 0.18506146E-05
  4041.0000    	  4042.0000    	 0.40602671E-03	 0.16272353E-05
  4042.0000    	  4043.0000    	 0.38067639E-03	 0.14339413E-05
  4043.0000    	  4044.0000    	 0.34701349E-03	 0.12490932E-05
  4044.0000    	  4045.0000    	 0.30191751E-03	 0.10920421E-05
  4045.0000    	  4046.0000    	 0.25088007E-03	 0.93974394E-06
  4046.0000    	  4047.0000    	 0.19940015E-03	 0.76373223E-06
  4047.0000    	  4048.0000    	 0.14443046E-03	 0.79305585E-06
  4048.0000    	  4049.0000    	 0.42666333E-03	 0.25456689E-05
  4049.0000    	  4050.0000    	 0.42010640E-03	 0.22673020E-05
  4050.0000    	  4051.0000    	 0.42261772E-03	 0.20508013E-05
  4051.0000    	  4052.0000    	 0.41725085E-03	 0.18379277E-05
  4052.0000    	  4053.0000    	 0.40292136E-03	 0.16345759E-05
  4053.0000    	  4054.0000    	 0.37600393E-03	 0.14335064E-05
  4054.0000    	  4055.0000    	 0.34296063E-03	 0.12523066E-05
  4055.0000    	  4056.0000    	 0.29857631E-03	 0.10967188E-05
  4056.0000    	  4057.0000    	 0.24896503E-03	 0.88288298E-06
  4057.0000    	  4058.0000    	 0.19816877E-03	 0.81288157E-06
  4058.0000    	  4059.0000    	 0.14883522E-03	 0.74902992E-06
  4059.0000    	  4060.0000    	 0.40009054E-03	 0.24630770E-05
  4060.0000    	  4061.0000    	 0.44665281E-04	 0.73466409E-06
  4061.0000    	  4062.0000    	 0.42059888E-03	 0.20521598E-05
  4062.0000    	  4063.0000    	 0.41263038E-03	 0.18186318E-05
  4063.0000    	  4064.0000    	 0.39885352E-03	 0.17543705E-05
  4064.0000    	  4065.0000    	 0.37342365E-03	 0.14380998E-05
  4065.0000    	  4066.0000    	 0.33813273E-03	 0.12393189E-05
  4066.0000    	  4067.0000    	 0.29495967E-03	 0.10525104E-05
  4067.0000    	  4068.0000    	 0.24559853E-03	 0.89807220E-06
  4068.0000    	  4069.0000    	 0.19532504E-03	 0.76065150E-06
  4069.0000    	  4070.0000    	 0.14619428E-03	 0.78729993E-06
  4070.0000    	  4071.0000    	 0.41819825E-03	 0.25097804E-05
  4071.0000    	  4072.0000    	 0.30505718E-03	 0.19783729E-05
  4072.0000    	  4073.0000    	 0.41075108E-03	 0.20144201E-05
  4073.0000    	  4074.0000    	 0.40641683E-03	 0.18045171E-05
  4074.0000    	  4075.0000    	 0.38923104E-03	 0.15931102E-05
  4075.0000    	  4076.0000    	 0.36799474E-03	 0.14132996E-05
  4076.0000    	  4077.0000    	 0.33201682E-03	 0.12097884E-05
  4077.0000    	  4078.0000    	 0.29290711E-03	 0.10599459E-05
  4078.0000    	  4079.0000    	 0.24343720E-03	 0.87771420E-06
  4079.0000    	  4080.0000    	 0.19242911E-03	 0.78597266E-06
  4080.0000    	  4081.0000    	 0.14547797E-03	 0.78960210E-06
  4081.0000    	  4082.0000    	 0.39855645E-03	 0.24457409E-05
  4082.0000    	  4083.0000    	 0.40726040E-03	 0.22334427E-05
  4083.0000    	  4084.0000    	 0.40691055E-03	 0.21438810E-05
  4084.0000    	  4085.0000    	 0.40341683E-03	 0.17995203E-05
  4085.0000    	  4086.0000    	 0.38896187E-03	 0.16123499E-05
  4086.0000    	  4087.0000    	 0.36454190E-03	 0.14140899E-05
  4087.0000    	  4088.0000    	 0.32982543E-03	 0.12164339E-05
  4088.0000    	  4089.0000    	 0.28902948E-03	 0.10516115E-05
  4089.0000    	  4090.0000    	 0.24131111E-03	 0.86803530E-06
  4090.0000    	  4091.0000    	 0.19068943E-03	 0.79353566E-06
  4091.0000    	  4092.0000    	 0.14231480E-03	 0.79317800E-06
  4092.0000    	  4093.0000    	 0.40879938E-03	 0.24975026E-05
  4093.0000    	  4094.0000    	 0.40531205E-03	 0.22248723E-05
  4094.0000    	  4095.0000    	 0.40693458E-03	 0.20079981E-05
  4095.0000    	  4096.0000    	 0.39761684E-03	 0.17902499E-05
  4096.0000    	  4097.0000    	 0.38317144E-03	 0.15941756E-05
  4097.0000    	  4098.0000    	 0.35921884E-03	 0.13889761E-05
  4098.0000    	  4099.0000    	 0.32679905E-03	 0.12367505E-05
  4099.0000    	  4100.0000    	 0.28435783E-03	 0.10311141E-05
  4100.0000    	  4101.0000    	 0.23763706E-03	 0.87637251E-06
  4101.0000    	  4102.0000    	 0.18784543E-03	 0.73301878E-06
  4102.0000    	  4103.0000    	 0.14097700E-03	 0.75794618E-06
  4103.0000    	  4104.0000    	 0.40215782E-03	 0.24544128E-05
  4104.0000    	  4105.0000    	 0.40322326E-03	 0.22169674E-05
  4105.0000    	  4106.0000    	 0.40033015E-03	 0.20036008E-05
  4106.0000    	  4107.0000    	 0.39340884E-03	 0.17835767E-05
  4107.0000    	  4108.0000    	 0.37998321E-03	 0.15790708E-05
  4108.0000    	  4109.0000    	 0.35634862E-03	 0.13881104E-05
  4109.0000    	  4110.0000    	 0.32375146E-03	 0.12019428E-05
  4110.0000    	  4111.0000    	 0.28205102E-03	 0.10213017E-05
  4111.0000    	  4112.0000    	 0.23451910E-03	 0.87072072E-06
  4112.0000    	  4113.0000    	 0.18721697E-03	 0.78317803E-06
  4113.0000    	  4114.0000    	 0.13980480E-03	 0.78842051E-06
  4114.0000    	  4115.0000    	 0.33042103E-03	 0.22284435E-05
  4115.0000    	  4116.0000    	 0.39588811E-03	 0.22187171E-05
  4116.0000    	  4117.0000    	 0.39536160E-03	 0.19735249E-05
  4117.0000    	  4118.0000    	 0.38721213E-03	 0.17546857E-05
  4118.0000    	  4119.0000    	 0.37255900E-03	 0.15716673E-05
  4119.0000    	  4120.0000    	 0.34520841E-03	 0.13708237E-05
  4120.0000    	  4121.0000    	 0.31941475E-03	 0.11971599E-05
  4121.0000    	  4122.0000    	 0.27774400E-03	 0.10458137E-05
  4122.0000    	  4123.0000    	 0.23254615E-03	 0.85564837E-06
  4123.0000    	  4124.0000    	 0.18517064E-03	 0.79144858E-06
  4124.0000    	  4125.0000    	 0.13610902E-03	 0.72312135E-06
  4125.0000    	  4126.0000    	 0.39417812E-03	 0.24367771E-05
  4126.0000    	  4127.0000    	 0.27449188E-03	 0.18341024E-05
  4127.0000    	  4128.0000    	 0.39105739E-03	 0.19712091E-05
  4128.0000    	  4129.0000    	 0.38382695E-03	 0.17538271E-05
  4129.0000    	  4130.0000    	 0.37077052E-03	 0.15573686E-05
  4130.0000    	  4131.0000    	 0.34865749E-03	 0.13763348E-05
  4131.0000    	  4132.0000    	 0.31505496E-03	 0.11887469E-05
  4132.0000    	  4133.0000    	 0.27517109E-03	 0.99917944E-06
  4133.0000    	  4134.0000    	 0.22963540E-03	 0.84899845E-06
  4134.0000    	  4135.0000    	 0.18330522E-03	 0.80455453E-06
  4135.0000    	  4136.0000    	 0.13725640E-03	 0.82554303E-06
  4136.0000    	  4137.0000    	 0.38936692E-03	 0.24188306E-05
  4137.0000    	  4138.0000    	 0.38530970E-03	 0.21665862E-05
  4138.0000    	  4139.0000    	 0.38574406E-03	 0.19461509E-05
  4139.0000    	  4140.0000    	 0.37995175E-03	 0.17533010E-05
  4140.0000    	  4141.0000    	 0.36708031E-03	 0.15481354E-05
  4141.0000    	  4142.0000    	 0.34227457E-03	 0.13557654E-05
  4142.0000    	  4143.0000    	 0.31333510E-03	 0.12165018E-05
  4143.0000    	  4144.0000    	 0.27157929E-03	 0.99400281E-06
  4144.0000    	  4145.0000    	 0.22633762E-03	 0.83008041E-06
  4145.0000    	  4146.0000    	 0.18085545E-03	 0.75403556E-06
  4146.0000    	  4147.0000    	 0.13277989E-03	 0.77959143E-06
  4147.0000    	  4148.0000    	 0.38330297E-03	 0.23928304E-05
  4148.0000    	  4149.0000    	 0.38593099E-03	 0.21586115E-05
  4149.0000    	  4150.0000    	 0.38110274E-03	 0.19224096E-05
  4150.0000    	  4151.0000    	 0.37511081E-03	 0.17208982E-05
  4151.0000    	  4152.0000    	 0.36055133E-03	 0.15231290E-05
  4152.0000    	  4153.0000    	 0.33895127E-03	 0.13586594E-05
  4153.0000    	  4154.0000    	 0.30847806E-03	 0.12085933E-05
  4154.0000    	  4155.0000    	 0.26900270E-03	 0.10173546E-05
  4155.0000    	  4156.0000    	 0.22438976E-03	 0.87603762E-06
  4156.0000    	  4157.0000    	 0.17686199E-03	 0.75952148E-06
  4157.0000    	  4158.0000    	 0.13283332E-03	 0.75713422E-06
  4158.0000    	  4159.0000    	 0.38093463E-03	 0.23812690E-05
  4159.0000    	  4160.0000    	 0.38036239E-03	 0.21498811E-05
  4160.0000    	  4161.0000    	 0.38202736E-03	 0.19390897E-05
  4161.0000    	  4162.0000    	 0.37085383E-03	 0.17262384E-05
  4162.0000    	  4163.0000    	 0.35798498E-03	 0.15326813E-05
  4163.0000    	  4164.0000    	 0.33364241E-03	 0.13258287E-05
  4164.0000    	  4165.0000    	 0.30537372E-03	 0.11654101E-05
  4165.0000    	  4166.0000    	 0.26642342E-03	 0.10005943E-05
  4166.0000    	  4167.0000    	 0.22232328E-03	 0.82710918E-06
  4167.0000    	  4168.0000    	 0.17577997E-03	 0.73784357E-06
  4168.0000    	  4169.0000    	 0.13132521E-03	 0.82437058E-06
  4169.0000    	  4170.0000    	 0.37650645E-03	 0.23840409E-05
  4170.0000    	  4171.0000    	 0.37858455E-03	 0.21401444E-05
  4171.0000    	  4172.0000    	 0.37197286E-03	 0.19263312E-05
  4172.0000    	  4173.0000    	 0.36692837E-03	 0.17236626E-05
  4173.0000    	  4174.0000    	 0.35423471E-03	 0.15229677E-05
  4174.0000    	  4175.0000    	 0.33291156E-03	 0.13413108E-05
  4175.0000    	  4176.0000    	 0.30238829E-03	 0.11655760E-05
  4176.0000    	  4177.0000    	 0.26208740E-03	 0.97405646E-06
  4177.0000    	  4178.0000    	 0.21826913E-03	 0.79895072E-06
  4178.0000    	  4179.0000    	 0.17294767E-03	 0.76649255E-06
  4179.0000    	  4180.0000    	 0.13078721E-03	 0.81198411E-06
  4180.0000    	  4181.0000    	 0.36149993E-03	 0.23326881E-05
  4181.0000    	  4182.0000    	 0.36767573E-03	 0.21066897E-05
  4182.0000    	  4183.0000    	 0.36938161E-03	 0.18994361E-05
  4183.0000    	  4184.0000    	 0.36256854E-03	 0.16910983E-05
  4184.0000    	  4185.0000    	 0.34922170E-03	 0.15194236E-05
  4185.0000    	  4186.0000    	 0.32761791E-03	 0.13520999E-05
  4186.0000    	  4187.0000    	 0.29795780E-03	 0.11606855E-05
  4187.0000    	  4188.0000    	 0.25928531E-03	 0.95630582E-06
  4188.0000    	  4189.0000    	 0.21671029E-03	 0.83983787E-06
  4189.0000    	  4190.0000    	 0.16977495E-03	 0.73785042E-06
  4190.0000    	  4191.0000    	 0.12825061E-03	 0.76764555E-06
  4191.0000    	  4192.0000    	 0.36718799E-03	 0.23396786E-05
  4192.0000    	  4193.0000    	 0.36276418E-03	 0.20901144E-05
  4193.0000    	  4194.0000    	 0.36256426E-03	 0.18809599E-05
  4194.0000    	  4195.0000    	 0.33759426E-03	 0.16365772E-05
  4195.0000    	  4196.0000    	 0.34334909E-03	 0.15033248E-05
  4196.0000    	  4197.0000    	 0.32403348E-03	 0.13172349E-05
  4197.0000    	  4198.0000    	 0.29468517E-03	 0.11648574E-05
  4198.0000    	  4199.0000    	 0.25710717E-03	 0.97934045E-06
  4199.0000    	  4200.0000    	 0.21378220E-03	 0.79264773E-06
  4200.0000    	  4201.0000    	 0.16981911E-03	 0.73041144E-06
  4201.0000    	  4202.0000    	 0.12702770E-03	 0.75731118E-06
  4202.0000    	  4203.0000    	 0.36268394E-03	 0.23330301E-05
  4203.0000    	  4204.0000    	 0.36189112E-03	 0.20778052E-05
  4204.0000    	  4205.0000    	 0.35726968E-03	 0.18554580E-05
  4205.0000    	  4206.0000    	 0.34464010E-03	 0.16597661E-05
  4206.0000    	  4207.0000    	 0.34027568E-03	 0.14821667E-05
  4207.0000    	  4208.0000    	 0.32084027E-03	 0.13210063E-05
  4208.0000    	  4209.0000    	 0.28901231E-03	 0.11034086E-05
  4209.0000    	  4210.0000    	 0.25393428E-03	 0.95357012E-06
  4210.0000    	  4211.0000    	 0.21140155E-03	 0.80897709E-06
  4211.0000    	  4212.0000    	 0.16654996E-03	 0.73461592E-06
  4212.0000    	  4213.0000    	 0.12206599E-03	 0.68735908E-06
  4213.0000    	  4214.0000    	 0.36254136E-03	 0.23236700E-05
  4214.0000    	  4215.0000    	 0.30034327E-03	 0.18991978E-05
  4215.0000    	  4216.0000    	 0.35815930E-03	 0.18816897E-05
  4216.0000    	  4217.0000    	 0.24161512E-03	 0.13835925E-05
  4217.0000    	  4218.0000    	 0.33797108E-03	 0.14879498E-05
  4218.0000    	  4219.0000    	 0.31804205E-03	 0.13151605E-05
  4219.0000    	  4220.0000    	 0.28866645E-03	 0.11296865E-05
  4220.0000    	  4221.0000    	 0.25076238E-03	 0.96723978E-06
  4221.0000    	  4222.0000    	 0.20952102E-03	 0.82204771E-06
  4222.0000    	  4223.0000    	 0.16715107E-03	 0.78917030E-06
  4223.0000    	  4224.0000    	 0.12366980E-03	 0.79525609E-06
