# xi1
# underflow	  3.8762826    	 0.18610542E-03
# overflow	 0.15702652E-01	 0.87878065E-05
# sum	  5.3583322    	 0.20910287E-03
# xmin	xmax	cross	numerror
  3124.0000    	  3125.0000    	 0.36869045E-02	 0.71900667E-05
  3125.0000    	  3126.0000    	 0.35779670E-02	 0.75567010E-05
  3126.0000    	  3127.0000    	 0.33586587E-02	 0.69316342E-05
  3127.0000    	  3128.0000    	 0.30489736E-02	 0.72299269E-05
  3128.0000    	  3129.0000    	 0.27048729E-02	 0.64291489E-05
  3129.0000    	  3130.0000    	 0.23182260E-02	 0.50997761E-05
  3130.0000    	  3131.0000    	 0.19238048E-02	 0.41536123E-05
  3131.0000    	  3132.0000    	 0.15389119E-02	 0.32558446E-05
  3132.0000    	  3133.0000    	 0.11845580E-02	 0.26349968E-05
  3133.0000    	  3134.0000    	 0.87371890E-03	 0.21899329E-05
  3134.0000    	  3135.0000    	 0.62131848E-03	 0.18356731E-05
  3135.0000    	  3136.0000    	 0.36481141E-02	 0.67762116E-05
  3136.0000    	  3137.0000    	 0.35399773E-02	 0.66105220E-05
  3137.0000    	  3138.0000    	 0.33202128E-02	 0.72200963E-05
  3138.0000    	  3139.0000    	 0.30251249E-02	 0.62946414E-05
  3139.0000    	  3140.0000    	 0.26702260E-02	 0.56233337E-05
  3140.0000    	  3141.0000    	 0.23017005E-02	 0.49700509E-05
  3141.0000    	  3142.0000    	 0.18932309E-02	 0.38822784E-05
  3142.0000    	  3143.0000    	 0.15186929E-02	 0.31739444E-05
  3143.0000    	  3144.0000    	 0.11635281E-02	 0.25777711E-05
  3144.0000    	  3145.0000    	 0.86370473E-03	 0.21641242E-05
  3145.0000    	  3146.0000    	 0.61426874E-03	 0.18223810E-05
  3146.0000    	  3147.0000    	 0.36166723E-02	 0.65668411E-05
  3147.0000    	  3148.0000    	 0.34937621E-02	 0.62292289E-05
  3148.0000    	  3149.0000    	 0.32832756E-02	 0.59497183E-05
  3149.0000    	  3150.0000    	 0.29991617E-02	 0.58015482E-05
  3150.0000    	  3151.0000    	 0.26511616E-02	 0.50821782E-05
  3151.0000    	  3152.0000    	 0.22631237E-02	 0.42904125E-05
  3152.0000    	  3153.0000    	 0.18763871E-02	 0.36528054E-05
  3153.0000    	  3154.0000    	 0.14963687E-02	 0.30622176E-05
  3154.0000    	  3155.0000    	 0.11476952E-02	 0.25459849E-05
  3155.0000    	  3156.0000    	 0.85031798E-03	 0.21570530E-05
  3156.0000    	  3157.0000    	 0.60622474E-03	 0.18101956E-05
  3157.0000    	  3158.0000    	 0.35730095E-02	 0.64177931E-05
  3158.0000    	  3159.0000    	 0.34634528E-02	 0.59077766E-05
  3159.0000    	  3160.0000    	 0.32507280E-02	 0.54571726E-05
  3160.0000    	  3161.0000    	 0.29644818E-02	 0.54200616E-05
  3161.0000    	  3162.0000    	 0.26232758E-02	 0.46012990E-05
  3162.0000    	  3163.0000    	 0.22424942E-02	 0.42848980E-05
  3163.0000    	  3164.0000    	 0.18504237E-02	 0.36315576E-05
  3164.0000    	  3165.0000    	 0.14744415E-02	 0.29927478E-05
  3165.0000    	  3166.0000    	 0.11345535E-02	 0.25152392E-05
  3166.0000    	  3167.0000    	 0.84209303E-03	 0.21206688E-05
  3167.0000    	  3168.0000    	 0.59570867E-03	 0.18047478E-05
  3168.0000    	  3169.0000    	 0.35238738E-02	 0.62499462E-05
  3169.0000    	  3170.0000    	 0.34233042E-02	 0.57343074E-05
  3170.0000    	  3171.0000    	 0.32150465E-02	 0.52229298E-05
  3171.0000    	  3172.0000    	 0.29258161E-02	 0.46530284E-05
  3172.0000    	  3173.0000    	 0.25930965E-02	 0.42736594E-05
  3173.0000    	  3174.0000    	 0.22156665E-02	 0.40440151E-05
  3174.0000    	  3175.0000    	 0.18319022E-02	 0.34327122E-05
  3175.0000    	  3176.0000    	 0.14592072E-02	 0.29532155E-05
  3176.0000    	  3177.0000    	 0.11220075E-02	 0.24906151E-05
  3177.0000    	  3178.0000    	 0.82626356E-03	 0.20926589E-05
  3178.0000    	  3179.0000    	 0.59021949E-03	 0.17721979E-05
  3179.0000    	  3180.0000    	 0.34805843E-02	 0.61376565E-05
  3180.0000    	  3181.0000    	 0.33751085E-02	 0.55982243E-05
  3181.0000    	  3182.0000    	 0.31787396E-02	 0.52850390E-05
  3182.0000    	  3183.0000    	 0.29056203E-02	 0.46065320E-05
  3183.0000    	  3184.0000    	 0.25590407E-02	 0.41214864E-05
  3184.0000    	  3185.0000    	 0.21891349E-02	 0.38008502E-05
  3185.0000    	  3186.0000    	 0.18074959E-02	 0.33794052E-05
  3186.0000    	  3187.0000    	 0.14419627E-02	 0.29331574E-05
  3187.0000    	  3188.0000    	 0.11050534E-02	 0.24594503E-05
  3188.0000    	  3189.0000    	 0.81609355E-03	 0.20783399E-05
  3189.0000    	  3190.0000    	 0.57904161E-03	 0.17589355E-05
  3190.0000    	  3191.0000    	 0.34457710E-02	 0.60601111E-05
  3191.0000    	  3192.0000    	 0.33387820E-02	 0.55030144E-05
  3192.0000    	  3193.0000    	 0.31390123E-02	 0.51422337E-05
  3193.0000    	  3194.0000    	 0.28605540E-02	 0.43851051E-05
  3194.0000    	  3195.0000    	 0.25330146E-02	 0.42546950E-05
  3195.0000    	  3196.0000    	 0.21649887E-02	 0.37076337E-05
  3196.0000    	  3197.0000    	 0.17803431E-02	 0.33158500E-05
  3197.0000    	  3198.0000    	 0.14233113E-02	 0.28840101E-05
  3198.0000    	  3199.0000    	 0.10953770E-02	 0.24403946E-05
  3199.0000    	  3200.0000    	 0.80627852E-03	 0.20534745E-05
  3200.0000    	  3201.0000    	 0.57090040E-03	 0.17347396E-05
  3201.0000    	  3202.0000    	 0.34005195E-02	 0.59733282E-05
  3202.0000    	  3203.0000    	 0.32996866E-02	 0.54149154E-05
  3203.0000    	  3204.0000    	 0.31018371E-02	 0.47940775E-05
  3204.0000    	  3205.0000    	 0.28325562E-02	 0.42768574E-05
  3205.0000    	  3206.0000    	 0.25004773E-02	 0.38912326E-05
  3206.0000    	  3207.0000    	 0.21300472E-02	 0.35995301E-05
  3207.0000    	  3208.0000    	 0.17621668E-02	 0.32699094E-05
  3208.0000    	  3209.0000    	 0.14012312E-02	 0.28401512E-05
  3209.0000    	  3210.0000    	 0.10744728E-02	 0.24073768E-05
  3210.0000    	  3211.0000    	 0.79143735E-03	 0.20251476E-05
  3211.0000    	  3212.0000    	 0.56586990E-03	 0.17260342E-05
  3212.0000    	  3213.0000    	 0.33599288E-02	 0.59770025E-05
  3213.0000    	  3214.0000    	 0.32575550E-02	 0.53531574E-05
  3214.0000    	  3215.0000    	 0.30698730E-02	 0.47468859E-05
  3215.0000    	  3216.0000    	 0.27978746E-02	 0.41946249E-05
  3216.0000    	  3217.0000    	 0.24761586E-02	 0.39556091E-05
  3217.0000    	  3218.0000    	 0.21098522E-02	 0.35977847E-05
  3218.0000    	  3219.0000    	 0.17403075E-02	 0.32278319E-05
  3219.0000    	  3220.0000    	 0.13840506E-02	 0.28676034E-05
  3220.0000    	  3221.0000    	 0.10610188E-02	 0.23867049E-05
  3221.0000    	  3222.0000    	 0.78601279E-03	 0.20396790E-05
  3222.0000    	  3223.0000    	 0.55595848E-03	 0.17209702E-05
  3223.0000    	  3224.0000    	 0.33189608E-02	 0.58126928E-05
  3224.0000    	  3225.0000    	 0.32197122E-02	 0.52634811E-05
  3225.0000    	  3226.0000    	 0.30294592E-02	 0.46386901E-05
  3226.0000    	  3227.0000    	 0.27662954E-02	 0.41293732E-05
  3227.0000    	  3228.0000    	 0.24402463E-02	 0.37458790E-05
  3228.0000    	  3229.0000    	 0.20820734E-02	 0.35093863E-05
  3229.0000    	  3230.0000    	 0.17205847E-02	 0.31959927E-05
  3230.0000    	  3231.0000    	 0.13703021E-02	 0.27859500E-05
  3231.0000    	  3232.0000    	 0.10499174E-02	 0.23666878E-05
  3232.0000    	  3233.0000    	 0.77181191E-03	 0.19897268E-05
  3233.0000    	  3234.0000    	 0.54958928E-03	 0.16945879E-05
  3234.0000    	  3235.0000    	 0.32823444E-02	 0.57377976E-05
  3235.0000    	  3236.0000    	 0.31882874E-02	 0.51992029E-05
  3236.0000    	  3237.0000    	 0.29968004E-02	 0.45829309E-05
  3237.0000    	  3238.0000    	 0.27278081E-02	 0.40400469E-05
  3238.0000    	  3239.0000    	 0.24118899E-02	 0.36995551E-05
  3239.0000    	  3240.0000    	 0.20608393E-02	 0.34557558E-05
  3240.0000    	  3241.0000    	 0.16972635E-02	 0.31525371E-05
  3241.0000    	  3242.0000    	 0.13499409E-02	 0.27471488E-05
  3242.0000    	  3243.0000    	 0.10354908E-02	 0.23346595E-05
  3243.0000    	  3244.0000    	 0.76161975E-03	 0.19728127E-05
  3244.0000    	  3245.0000    	 0.53892784E-03	 0.16716732E-05
  3245.0000    	  3246.0000    	 0.32488030E-02	 0.56766187E-05
  3246.0000    	  3247.0000    	 0.31388628E-02	 0.51253196E-05
  3247.0000    	  3248.0000    	 0.29581786E-02	 0.45140383E-05
  3248.0000    	  3249.0000    	 0.26990481E-02	 0.40324846E-05
  3249.0000    	  3250.0000    	 0.23803358E-02	 0.36448461E-05
  3250.0000    	  3251.0000    	 0.20268134E-02	 0.34036370E-05
  3251.0000    	  3252.0000    	 0.16776630E-02	 0.31252461E-05
  3252.0000    	  3253.0000    	 0.13314701E-02	 0.27186140E-05
  3253.0000    	  3254.0000    	 0.10236245E-02	 0.23171864E-05
  3254.0000    	  3255.0000    	 0.75035662E-03	 0.19571302E-05
  3255.0000    	  3256.0000    	 0.53389940E-03	 0.16504420E-05
  3256.0000    	  3257.0000    	 0.32010487E-02	 0.56031058E-05
  3257.0000    	  3258.0000    	 0.31093548E-02	 0.50686838E-05
  3258.0000    	  3259.0000    	 0.29259109E-02	 0.44624159E-05
  3259.0000    	  3260.0000    	 0.26699107E-02	 0.39474461E-05
  3260.0000    	  3261.0000    	 0.23488524E-02	 0.36044445E-05
  3261.0000    	  3262.0000    	 0.20097255E-02	 0.33690498E-05
  3262.0000    	  3263.0000    	 0.16577559E-02	 0.30829725E-05
  3263.0000    	  3264.0000    	 0.13176165E-02	 0.26954011E-05
  3264.0000    	  3265.0000    	 0.10056194E-02	 0.22854708E-05
  3265.0000    	  3266.0000    	 0.74315860E-03	 0.19429204E-05
  3266.0000    	  3267.0000    	 0.52432927E-03	 0.16381890E-05
  3267.0000    	  3268.0000    	 0.31630869E-02	 0.55376934E-05
  3268.0000    	  3269.0000    	 0.30732515E-02	 0.50092843E-05
  3269.0000    	  3270.0000    	 0.28872460E-02	 0.44051772E-05
  3270.0000    	  3271.0000    	 0.26377076E-02	 0.38876569E-05
  3271.0000    	  3272.0000    	 0.23243952E-02	 0.35527123E-05
  3272.0000    	  3273.0000    	 0.19819554E-02	 0.33317278E-05
  3273.0000    	  3274.0000    	 0.16344141E-02	 0.30485326E-05
  3274.0000    	  3275.0000    	 0.12991864E-02	 0.26621129E-05
  3275.0000    	  3276.0000    	 0.99296528E-03	 0.22650052E-05
  3276.0000    	  3277.0000    	 0.73412084E-03	 0.19182099E-05
  3277.0000    	  3278.0000    	 0.51889783E-03	 0.16348104E-05
  3278.0000    	  3279.0000    	 0.31284732E-02	 0.54750045E-05
  3279.0000    	  3280.0000    	 0.30383995E-02	 0.49568213E-05
  3280.0000    	  3281.0000    	 0.28629146E-02	 0.43675220E-05
  3281.0000    	  3282.0000    	 0.26007817E-02	 0.38540967E-05
  3282.0000    	  3283.0000    	 0.22985013E-02	 0.35144307E-05
  3283.0000    	  3284.0000    	 0.19574466E-02	 0.32920877E-05
  3284.0000    	  3285.0000    	 0.16139228E-02	 0.30099727E-05
  3285.0000    	  3286.0000    	 0.12789835E-02	 0.26301144E-05
  3286.0000    	  3287.0000    	 0.97942014E-03	 0.22373248E-05
  3287.0000    	  3288.0000    	 0.72174364E-03	 0.18994481E-05
  3288.0000    	  3289.0000    	 0.51037181E-03	 0.16089143E-05
  3289.0000    	  3290.0000    	 0.30946751E-02	 0.54194694E-05
  3290.0000    	  3291.0000    	 0.29981805E-02	 0.48972949E-05
  3291.0000    	  3292.0000    	 0.28190177E-02	 0.43068592E-05
  3292.0000    	  3293.0000    	 0.25695289E-02	 0.37883049E-05
  3293.0000    	  3294.0000    	 0.22699111E-02	 0.34776074E-05
  3294.0000    	  3295.0000    	 0.19335589E-02	 0.32566597E-05
  3295.0000    	  3296.0000    	 0.15952100E-02	 0.29794521E-05
  3296.0000    	  3297.0000    	 0.12669631E-02	 0.26110837E-05
  3297.0000    	  3298.0000    	 0.96785193E-03	 0.22203824E-05
  3298.0000    	  3299.0000    	 0.71341735E-03	 0.18948267E-05
  3299.0000    	  3300.0000    	 0.50320507E-03	 0.15986430E-05
  3300.0000    	  3301.0000    	 0.30525348E-02	 0.53551172E-05
  3301.0000    	  3302.0000    	 0.29658219E-02	 0.48418673E-05
  3302.0000    	  3303.0000    	 0.27881730E-02	 0.42592300E-05
  3303.0000    	  3304.0000    	 0.25396892E-02	 0.37512791E-05
  3304.0000    	  3305.0000    	 0.22392661E-02	 0.34316318E-05
  3305.0000    	  3306.0000    	 0.19152133E-02	 0.32280096E-05
  3306.0000    	  3307.0000    	 0.15742268E-02	 0.29491005E-05
  3307.0000    	  3308.0000    	 0.12499525E-02	 0.25821300E-05
  3308.0000    	  3309.0000    	 0.95499428E-03	 0.22010215E-05
  3309.0000    	  3310.0000    	 0.70109553E-03	 0.18953537E-05
  3310.0000    	  3311.0000    	 0.49738066E-03	 0.15857440E-05
  3311.0000    	  3312.0000    	 0.30214392E-02	 0.53061710E-05
  3312.0000    	  3313.0000    	 0.29295458E-02	 0.47932000E-05
  3313.0000    	  3314.0000    	 0.27562020E-02	 0.42113755E-05
  3314.0000    	  3315.0000    	 0.25127362E-02	 0.37144512E-05
  3315.0000    	  3316.0000    	 0.22179999E-02	 0.34032551E-05
  3316.0000    	  3317.0000    	 0.18917535E-02	 0.31927591E-05
  3317.0000    	  3318.0000    	 0.15542675E-02	 0.29316340E-05
  3318.0000    	  3319.0000    	 0.12341772E-02	 0.25562028E-05
  3319.0000    	  3320.0000    	 0.94521408E-03	 0.21820768E-05
  3320.0000    	  3321.0000    	 0.69590230E-03	 0.18503639E-05
  3321.0000    	  3322.0000    	 0.48962688E-03	 0.15823280E-05
  3322.0000    	  3323.0000    	 0.29845965E-02	 0.52477964E-05
  3323.0000    	  3324.0000    	 0.28961636E-02	 0.47391180E-05
  3324.0000    	  3325.0000    	 0.27249486E-02	 0.41731543E-05
  3325.0000    	  3326.0000    	 0.24814900E-02	 0.36740560E-05
  3326.0000    	  3327.0000    	 0.21882444E-02	 0.33604914E-05
  3327.0000    	  3328.0000    	 0.18660450E-02	 0.31536981E-05
  3328.0000    	  3329.0000    	 0.15383409E-02	 0.28974479E-05
  3329.0000    	  3330.0000    	 0.12183073E-02	 0.25364151E-05
  3330.0000    	  3331.0000    	 0.93427159E-03	 0.21679094E-05
  3331.0000    	  3332.0000    	 0.68301050E-03	 0.18321902E-05
  3332.0000    	  3333.0000    	 0.48584167E-03	 0.15700169E-05
  3333.0000    	  3334.0000    	 0.29487742E-02	 0.51904641E-05
  3334.0000    	  3335.0000    	 0.28636770E-02	 0.46938021E-05
  3335.0000    	  3336.0000    	 0.26900451E-02	 0.41276273E-05
  3336.0000    	  3337.0000    	 0.24490133E-02	 0.36348856E-05
  3337.0000    	  3338.0000    	 0.21608515E-02	 0.33310401E-05
  3338.0000    	  3339.0000    	 0.18434401E-02	 0.31207725E-05
  3339.0000    	  3340.0000    	 0.15162222E-02	 0.28629912E-05
  3340.0000    	  3341.0000    	 0.12020338E-02	 0.25063898E-05
  3341.0000    	  3342.0000    	 0.92273550E-03	 0.21453648E-05
  3342.0000    	  3343.0000    	 0.67759587E-03	 0.18187935E-05
  3343.0000    	  3344.0000    	 0.45046345E-03	 0.15000934E-05
  3344.0000    	  3345.0000    	 0.29205064E-02	 0.51447918E-05
  3345.0000    	  3346.0000    	 0.28231349E-02	 0.46372755E-05
  3346.0000    	  3347.0000    	 0.26626345E-02	 0.40868829E-05
  3347.0000    	  3348.0000    	 0.24218910E-02	 0.36008135E-05
  3348.0000    	  3349.0000    	 0.21334313E-02	 0.32980435E-05
  3349.0000    	  3350.0000    	 0.18220803E-02	 0.30977339E-05
  3350.0000    	  3351.0000    	 0.15010546E-02	 0.28547125E-05
  3351.0000    	  3352.0000    	 0.11896715E-02	 0.24959011E-05
  3352.0000    	  3353.0000    	 0.90661229E-03	 0.21191960E-05
  3353.0000    	  3354.0000    	 0.66613465E-03	 0.17990317E-05
  3354.0000    	  3355.0000    	 0.46966095E-03	 0.15333088E-05
  3355.0000    	  3356.0000    	 0.28829573E-02	 0.50887142E-05
  3356.0000    	  3357.0000    	 0.27943591E-02	 0.45957361E-05
  3357.0000    	  3358.0000    	 0.26248482E-02	 0.40413816E-05
  3358.0000    	  3359.0000    	 0.23980708E-02	 0.35660814E-05
  3359.0000    	  3360.0000    	 0.21110990E-02	 0.32647219E-05
  3360.0000    	  3361.0000    	 0.17999207E-02	 0.30622462E-05
  3361.0000    	  3362.0000    	 0.14809830E-02	 0.28099226E-05
  3362.0000    	  3363.0000    	 0.11750512E-02	 0.24633441E-05
  3363.0000    	  3364.0000    	 0.89861181E-03	 0.21051627E-05
  3364.0000    	  3365.0000    	 0.65899117E-03	 0.17937759E-05
  3365.0000    	  3366.0000    	 0.46200292E-03	 0.15239290E-05
  3366.0000    	  3367.0000    	 0.28484100E-02	 0.50371236E-05
  3367.0000    	  3368.0000    	 0.27666343E-02	 0.45524177E-05
  3368.0000    	  3369.0000    	 0.25969814E-02	 0.40111357E-05
  3369.0000    	  3370.0000    	 0.23666947E-02	 0.35303342E-05
  3370.0000    	  3371.0000    	 0.20832375E-02	 0.32311336E-05
  3371.0000    	  3372.0000    	 0.17789373E-02	 0.30340847E-05
  3372.0000    	  3373.0000    	 0.14635922E-02	 0.27811709E-05
  3373.0000    	  3374.0000    	 0.11558079E-02	 0.24305404E-05
  3374.0000    	  3375.0000    	 0.88343068E-03	 0.20821497E-05
  3375.0000    	  3376.0000    	 0.64959326E-03	 0.17749409E-05
  3376.0000    	  3377.0000    	 0.45924387E-03	 0.15174235E-05
  3377.0000    	  3378.0000    	 0.28134294E-02	 0.49890191E-05
  3378.0000    	  3379.0000    	 0.27309556E-02	 0.45099112E-05
  3379.0000    	  3380.0000    	 0.25665470E-02	 0.39631702E-05
  3380.0000    	  3381.0000    	 0.23334472E-02	 0.35012885E-05
  3381.0000    	  3382.0000    	 0.20593993E-02	 0.32050127E-05
  3382.0000    	  3383.0000    	 0.17565645E-02	 0.30050053E-05
  3383.0000    	  3384.0000    	 0.14444684E-02	 0.27533559E-05
  3384.0000    	  3385.0000    	 0.11442460E-02	 0.24150718E-05
  3385.0000    	  3386.0000    	 0.87468893E-03	 0.20657621E-05
  3386.0000    	  3387.0000    	 0.64021606E-03	 0.17505836E-05
  3387.0000    	  3388.0000    	 0.44942428E-03	 0.14938274E-05
  3388.0000    	  3389.0000    	 0.27857038E-02	 0.49425734E-05
  3389.0000    	  3390.0000    	 0.26987410E-02	 0.44654278E-05
  3390.0000    	  3391.0000    	 0.25342897E-02	 0.39239032E-05
  3391.0000    	  3392.0000    	 0.23128178E-02	 0.34664573E-05
  3392.0000    	  3393.0000    	 0.20353960E-02	 0.31750899E-05
  3393.0000    	  3394.0000    	 0.17377474E-02	 0.29810619E-05
  3394.0000    	  3395.0000    	 0.14243332E-02	 0.27207154E-05
  3395.0000    	  3396.0000    	 0.11312786E-02	 0.23920938E-05
  3396.0000    	  3397.0000    	 0.86531112E-03	 0.20504374E-05
  3397.0000    	  3398.0000    	 0.63495677E-03	 0.17476975E-05
  3398.0000    	  3399.0000    	 0.44470033E-03	 0.14796185E-05
  3399.0000    	  3400.0000    	 0.27492362E-02	 0.48880911E-05
  3400.0000    	  3401.0000    	 0.26654752E-02	 0.44183974E-05
  3401.0000    	  3402.0000    	 0.25055112E-02	 0.38928195E-05
  3402.0000    	  3403.0000    	 0.22826983E-02	 0.34355981E-05
  3403.0000    	  3404.0000    	 0.20086878E-02	 0.31389857E-05
  3404.0000    	  3405.0000    	 0.17145839E-02	 0.29496901E-05
  3405.0000    	  3406.0000    	 0.14081522E-02	 0.27040502E-05
  3406.0000    	  3407.0000    	 0.11161378E-02	 0.23687688E-05
  3407.0000    	  3408.0000    	 0.85334190E-03	 0.20291325E-05
  3408.0000    	  3409.0000    	 0.62338046E-03	 0.17239350E-05
  3409.0000    	  3410.0000    	 0.43930804E-03	 0.14759168E-05
  3410.0000    	  3411.0000    	 0.27150688E-02	 0.48414699E-05
  3411.0000    	  3412.0000    	 0.26385707E-02	 0.43782114E-05
  3412.0000    	  3413.0000    	 0.24811896E-02	 0.38635750E-05
  3413.0000    	  3414.0000    	 0.22557597E-02	 0.34039201E-05
  3414.0000    	  3415.0000    	 0.19873190E-02	 0.31176103E-05
  3415.0000    	  3416.0000    	 0.16930668E-02	 0.29208873E-05
  3416.0000    	  3417.0000    	 0.13975517E-02	 0.26837058E-05
  3417.0000    	  3418.0000    	 0.11051818E-02	 0.23538071E-05
  3418.0000    	  3419.0000    	 0.83730101E-03	 0.20027435E-05
  3419.0000    	  3420.0000    	 0.61689376E-03	 0.17125866E-05
  3420.0000    	  3421.0000    	 0.43403909E-03	 0.14584603E-05
  3421.0000    	  3422.0000    	 0.26865007E-02	 0.47994571E-05
  3422.0000    	  3423.0000    	 0.26029472E-02	 0.43407793E-05
  3423.0000    	  3424.0000    	 0.24507861E-02	 0.38357942E-05
  3424.0000    	  3425.0000    	 0.22269207E-02	 0.33725925E-05
  3425.0000    	  3426.0000    	 0.19663269E-02	 0.30962407E-05
  3426.0000    	  3427.0000    	 0.16763838E-02	 0.28991654E-05
  3427.0000    	  3428.0000    	 0.13749080E-02	 0.26553171E-05
  3428.0000    	  3429.0000    	 0.10898518E-02	 0.23332637E-05
  3429.0000    	  3430.0000    	 0.83129903E-03	 0.19918341E-05
  3430.0000    	  3431.0000    	 0.60747972E-03	 0.16894920E-05
  3431.0000    	  3432.0000    	 0.42750352E-03	 0.14477234E-05
  3432.0000    	  3433.0000    	 0.26599179E-02	 0.47578636E-05
  3433.0000    	  3434.0000    	 0.25757416E-02	 0.42978839E-05
  3434.0000    	  3435.0000    	 0.24224165E-02	 0.37904753E-05
  3435.0000    	  3436.0000    	 0.22040540E-02	 0.33490558E-05
  3436.0000    	  3437.0000    	 0.19420099E-02	 0.30574202E-05
  3437.0000    	  3438.0000    	 0.16551914E-02	 0.28728882E-05
  3438.0000    	  3439.0000    	 0.13532339E-02	 0.26204240E-05
  3439.0000    	  3440.0000    	 0.10747641E-02	 0.23024661E-05
  3440.0000    	  3441.0000    	 0.81828947E-03	 0.19684047E-05
  3441.0000    	  3442.0000    	 0.60087052E-03	 0.16833011E-05
  3442.0000    	  3443.0000    	 0.42304083E-03	 0.14391992E-05
  3443.0000    	  3444.0000    	 0.26236257E-02	 0.47073066E-05
  3444.0000    	  3445.0000    	 0.25475037E-02	 0.42616285E-05
  3445.0000    	  3446.0000    	 0.23944382E-02	 0.37570366E-05
  3446.0000    	  3447.0000    	 0.21793238E-02	 0.33199388E-05
  3447.0000    	  3448.0000    	 0.19200987E-02	 0.30398192E-05
  3448.0000    	  3449.0000    	 0.16315819E-02	 0.28414194E-05
  3449.0000    	  3450.0000    	 0.13436547E-02	 0.26063401E-05
  3450.0000    	  3451.0000    	 0.10611603E-02	 0.22853804E-05
  3451.0000    	  3452.0000    	 0.80887358E-03	 0.19548273E-05
  3452.0000    	  3453.0000    	 0.59189395E-03	 0.16659883E-05
  3453.0000    	  3454.0000    	 0.41671498E-03	 0.14432197E-05
  3454.0000    	  3455.0000    	 0.25984459E-02	 0.46754186E-05
  3455.0000    	  3456.0000    	 0.25172954E-02	 0.42255874E-05
  3456.0000    	  3457.0000    	 0.23664196E-02	 0.37269899E-05
  3457.0000    	  3458.0000    	 0.21539426E-02	 0.32932940E-05
  3458.0000    	  3459.0000    	 0.18961805E-02	 0.30127501E-05
  3459.0000    	  3460.0000    	 0.16117695E-02	 0.28147068E-05
  3460.0000    	  3461.0000    	 0.13266836E-02	 0.25862792E-05
  3461.0000    	  3462.0000    	 0.10474978E-02	 0.22645277E-05
  3462.0000    	  3463.0000    	 0.80028256E-03	 0.19387718E-05
  3463.0000    	  3464.0000    	 0.58909598E-03	 0.16730753E-05
  3464.0000    	  3465.0000    	 0.40855092E-03	 0.14134379E-05
  3465.0000    	  3466.0000    	 0.25653076E-02	 0.46242257E-05
  3466.0000    	  3467.0000    	 0.24874214E-02	 0.41833313E-05
  3467.0000    	  3468.0000    	 0.23348297E-02	 0.36894073E-05
  3468.0000    	  3469.0000    	 0.21313045E-02	 0.32662677E-05
  3469.0000    	  3470.0000    	 0.18774769E-02	 0.29895627E-05
  3470.0000    	  3471.0000    	 0.15942649E-02	 0.27927539E-05
  3471.0000    	  3472.0000    	 0.13079061E-02	 0.25575410E-05
  3472.0000    	  3473.0000    	 0.10401906E-02	 0.22518983E-05
  3473.0000    	  3474.0000    	 0.78832249E-03	 0.19235314E-05
  3474.0000    	  3475.0000    	 0.57698559E-03	 0.16349102E-05
  3475.0000    	  3476.0000    	 0.40326589E-03	 0.14027705E-05
  3476.0000    	  3477.0000    	 0.25307106E-02	 0.45806961E-05
  3477.0000    	  3478.0000    	 0.24629520E-02	 0.41526557E-05
  3478.0000    	  3479.0000    	 0.23125541E-02	 0.36632326E-05
  3479.0000    	  3480.0000    	 0.21054148E-02	 0.32412000E-05
  3480.0000    	  3481.0000    	 0.18522671E-02	 0.29583118E-05
  3481.0000    	  3482.0000    	 0.15756108E-02	 0.27716846E-05
  3482.0000    	  3483.0000    	 0.12966112E-02	 0.25459710E-05
  3483.0000    	  3484.0000    	 0.10240105E-02	 0.22276510E-05
  3484.0000    	  3485.0000    	 0.77862624E-03	 0.19064083E-05
  3485.0000    	  3486.0000    	 0.56881791E-03	 0.16307456E-05
  3486.0000    	  3487.0000    	 0.40047654E-03	 0.14127150E-05
  3487.0000    	  3488.0000    	 0.25055463E-02	 0.45437375E-05
  3488.0000    	  3489.0000    	 0.24354663E-02	 0.41160654E-05
  3489.0000    	  3490.0000    	 0.22874051E-02	 0.36337461E-05
  3490.0000    	  3491.0000    	 0.20800003E-02	 0.32108346E-05
  3491.0000    	  3492.0000    	 0.18340994E-02	 0.29428920E-05
  3492.0000    	  3493.0000    	 0.15560205E-02	 0.27475021E-05
  3493.0000    	  3494.0000    	 0.12768216E-02	 0.25163135E-05
  3494.0000    	  3495.0000    	 0.10087850E-02	 0.22030620E-05
  3495.0000    	  3496.0000    	 0.76740938E-03	 0.18889619E-05
  3496.0000    	  3497.0000    	 0.56495173E-03	 0.16244059E-05
  3497.0000    	  3498.0000    	 0.39177439E-03	 0.13776131E-05
  3498.0000    	  3499.0000    	 0.24773277E-02	 0.45025199E-05
  3499.0000    	  3500.0000    	 0.24023765E-02	 0.40779130E-05
  3500.0000    	  3501.0000    	 0.22602233E-02	 0.36064882E-05
  3501.0000    	  3502.0000    	 0.20570464E-02	 0.31877614E-05
  3502.0000    	  3503.0000    	 0.18079219E-02	 0.29122276E-05
  3503.0000    	  3504.0000    	 0.15408177E-02	 0.27264654E-05
  3504.0000    	  3505.0000    	 0.12626574E-02	 0.24910181E-05
  3505.0000    	  3506.0000    	 0.99977124E-03	 0.21854732E-05
  3506.0000    	  3507.0000    	 0.75784557E-03	 0.18739134E-05
  3507.0000    	  3508.0000    	 0.55515836E-03	 0.16103127E-05
  3508.0000    	  3509.0000    	 0.38990382E-03	 0.13872507E-05
  3509.0000    	  3510.0000    	 0.24527957E-02	 0.44661701E-05
  3510.0000    	  3511.0000    	 0.23765442E-02	 0.40429060E-05
  3511.0000    	  3512.0000    	 0.22361274E-02	 0.35769166E-05
  3512.0000    	  3513.0000    	 0.20336329E-02	 0.31590129E-05
  3513.0000    	  3514.0000    	 0.17873200E-02	 0.28864402E-05
  3514.0000    	  3515.0000    	 0.15206562E-02	 0.27122553E-05
  3515.0000    	  3516.0000    	 0.12478546E-02	 0.24707760E-05
  3516.0000    	  3517.0000    	 0.98772411E-03	 0.21680917E-05
  3517.0000    	  3518.0000    	 0.75024482E-03	 0.18600501E-05
  3518.0000    	  3519.0000    	 0.54630570E-03	 0.15823881E-05
  3519.0000    	  3520.0000    	 0.38568113E-03	 0.13686506E-05
  3520.0000    	  3521.0000    	 0.24185671E-02	 0.44158661E-05
  3521.0000    	  3522.0000    	 0.23511085E-02	 0.40072218E-05
  3522.0000    	  3523.0000    	 0.22055283E-02	 0.35432765E-05
  3523.0000    	  3524.0000    	 0.20103196E-02	 0.31390326E-05
  3524.0000    	  3525.0000    	 0.17659853E-02	 0.28615449E-05
  3525.0000    	  3526.0000    	 0.15012802E-02	 0.26743094E-05
  3526.0000    	  3527.0000    	 0.12327626E-02	 0.24488910E-05
  3527.0000    	  3528.0000    	 0.97526505E-03	 0.21532677E-05
  3528.0000    	  3529.0000    	 0.74160035E-03	 0.18426137E-05
  3529.0000    	  3530.0000    	 0.54068823E-03	 0.15788861E-05
  3530.0000    	  3531.0000    	 0.37831289E-03	 0.13480936E-05
  3531.0000    	  3532.0000    	 0.23901755E-02	 0.43792769E-05
  3532.0000    	  3533.0000    	 0.23197448E-02	 0.39712182E-05
  3533.0000    	  3534.0000    	 0.21829599E-02	 0.35155406E-05
  3534.0000    	  3535.0000    	 0.19825394E-02	 0.31056585E-05
  3535.0000    	  3536.0000    	 0.17497931E-02	 0.28462792E-05
  3536.0000    	  3537.0000    	 0.14820484E-02	 0.26474837E-05
  3537.0000    	  3538.0000    	 0.12165642E-02	 0.24251330E-05
  3538.0000    	  3539.0000    	 0.96156405E-03	 0.21309896E-05
  3539.0000    	  3540.0000    	 0.73225113E-03	 0.18257408E-05
  3540.0000    	  3541.0000    	 0.53409297E-03	 0.15616355E-05
  3541.0000    	  3542.0000    	 0.37414609E-03	 0.13530811E-05
  3542.0000    	  3543.0000    	 0.23673428E-02	 0.43502366E-05
  3543.0000    	  3544.0000    	 0.22989020E-02	 0.39450566E-05
  3544.0000    	  3545.0000    	 0.21610080E-02	 0.34941791E-05
  3545.0000    	  3546.0000    	 0.19613104E-02	 0.30864640E-05
  3546.0000    	  3547.0000    	 0.17260785E-02	 0.28183111E-05
  3547.0000    	  3548.0000    	 0.14684488E-02	 0.26359854E-05
  3548.0000    	  3549.0000    	 0.12029350E-02	 0.24078012E-05
  3549.0000    	  3550.0000    	 0.95180733E-03	 0.21153269E-05
  3550.0000    	  3551.0000    	 0.72060843E-03	 0.18083396E-05
  3551.0000    	  3552.0000    	 0.52682769E-03	 0.15488153E-05
  3552.0000    	  3553.0000    	 0.36951860E-03	 0.13322000E-05
  3553.0000    	  3554.0000    	 0.23389340E-02	 0.43092991E-05
  3554.0000    	  3555.0000    	 0.22685727E-02	 0.39138166E-05
  3555.0000    	  3556.0000    	 0.21288559E-02	 0.34581840E-05
  3556.0000    	  3557.0000    	 0.19416021E-02	 0.30700342E-05
  3557.0000    	  3558.0000    	 0.17046056E-02	 0.27925584E-05
  3558.0000    	  3559.0000    	 0.14515090E-02	 0.26152499E-05
  3559.0000    	  3560.0000    	 0.11877914E-02	 0.23845739E-05
  3560.0000    	  3561.0000    	 0.93769789E-03	 0.20926183E-05
  3561.0000    	  3562.0000    	 0.71471940E-03	 0.17996439E-05
  3562.0000    	  3563.0000    	 0.52095900E-03	 0.15462193E-05
  3563.0000    	  3564.0000    	 0.36341100E-03	 0.13207114E-05
  3564.0000    	  3565.0000    	 0.23186875E-02	 0.42867152E-05
  3565.0000    	  3566.0000    	 0.22455861E-02	 0.38846442E-05
  3566.0000    	  3567.0000    	 0.21055017E-02	 0.34322815E-05
  3567.0000    	  3568.0000    	 0.19212059E-02	 0.30477105E-05
  3568.0000    	  3569.0000    	 0.16867580E-02	 0.27798632E-05
  3569.0000    	  3570.0000    	 0.14328616E-02	 0.25907119E-05
  3570.0000    	  3571.0000    	 0.11757202E-02	 0.23670744E-05
  3571.0000    	  3572.0000    	 0.92513231E-03	 0.20713064E-05
  3572.0000    	  3573.0000    	 0.70577987E-03	 0.17818800E-05
  3573.0000    	  3574.0000    	 0.51317393E-03	 0.15272241E-05
  3574.0000    	  3575.0000    	 0.35976256E-03	 0.13143400E-05
  3575.0000    	  3576.0000    	 0.22874804E-02	 0.42401224E-05
  3576.0000    	  3577.0000    	 0.22162333E-02	 0.38441492E-05
  3577.0000    	  3578.0000    	 0.20868748E-02	 0.34137439E-05
  3578.0000    	  3579.0000    	 0.18938208E-02	 0.30121442E-05
  3579.0000    	  3580.0000    	 0.16692911E-02	 0.27551273E-05
  3580.0000    	  3581.0000    	 0.14158844E-02	 0.25699909E-05
  3581.0000    	  3582.0000    	 0.11620888E-02	 0.23518258E-05
  3582.0000    	  3583.0000    	 0.91692049E-03	 0.20593894E-05
  3583.0000    	  3584.0000    	 0.69366697E-03	 0.17640436E-05
  3584.0000    	  3585.0000    	 0.50801737E-03	 0.15183999E-05
  3585.0000    	  3586.0000    	 0.37441239E-04	 0.42059640E-06
  3586.0000    	  3587.0000    	 0.22657444E-02	 0.42112477E-05
  3587.0000    	  3588.0000    	 0.21926200E-02	 0.38139643E-05
  3588.0000    	  3589.0000    	 0.20569900E-02	 0.33797146E-05
  3589.0000    	  3590.0000    	 0.18769468E-02	 0.30012432E-05
  3590.0000    	  3591.0000    	 0.16492922E-02	 0.27342904E-05
  3591.0000    	  3592.0000    	 0.14025010E-02	 0.25514873E-05
  3592.0000    	  3593.0000    	 0.11473824E-02	 0.23300627E-05
  3593.0000    	  3594.0000    	 0.90491559E-03	 0.20451940E-05
  3594.0000    	  3595.0000    	 0.68665167E-03	 0.17503937E-05
  3595.0000    	  3596.0000    	 0.50044031E-03	 0.15053727E-05
  3596.0000    	  3597.0000    	 0.34909281E-03	 0.12931462E-05
  3597.0000    	  3598.0000    	 0.22403930E-02	 0.41779062E-05
  3598.0000    	  3599.0000    	 0.21672073E-02	 0.37868195E-05
  3599.0000    	  3600.0000    	 0.20403094E-02	 0.33624935E-05
  3600.0000    	  3601.0000    	 0.18558166E-02	 0.29724871E-05
  3601.0000    	  3602.0000    	 0.16320181E-02	 0.27132532E-05
  3602.0000    	  3603.0000    	 0.13847336E-02	 0.25365775E-05
  3603.0000    	  3604.0000    	 0.11330638E-02	 0.23077345E-05
  3604.0000    	  3605.0000    	 0.89205461E-03	 0.20206527E-05
  3605.0000    	  3606.0000    	 0.68038259E-03	 0.17519778E-05
  3606.0000    	  3607.0000    	 0.49422640E-03	 0.14894681E-05
  3607.0000    	  3608.0000    	 0.34574757E-03	 0.12978611E-05
  3608.0000    	  3609.0000    	 0.22136459E-02	 0.41416059E-05
  3609.0000    	  3610.0000    	 0.21449865E-02	 0.37569828E-05
  3610.0000    	  3611.0000    	 0.20102381E-02	 0.33290360E-05
  3611.0000    	  3612.0000    	 0.18310153E-02	 0.29496837E-05
  3612.0000    	  3613.0000    	 0.16107252E-02	 0.26943991E-05
  3613.0000    	  3614.0000    	 0.13673321E-02	 0.25060552E-05
  3614.0000    	  3615.0000    	 0.11210388E-02	 0.22940129E-05
  3615.0000    	  3616.0000    	 0.88224957E-03	 0.20048661E-05
  3616.0000    	  3617.0000    	 0.67035267E-03	 0.17231831E-05
  3617.0000    	  3618.0000    	 0.48766933E-03	 0.14871289E-05
  3618.0000    	  3619.0000    	 0.34100951E-03	 0.12737838E-05
  3619.0000    	  3620.0000    	 0.21882682E-02	 0.41037701E-05
  3620.0000    	  3621.0000    	 0.21169361E-02	 0.37266303E-05
  3621.0000    	  3622.0000    	 0.19962562E-02	 0.33196973E-05
  3622.0000    	  3623.0000    	 0.18095720E-02	 0.29278902E-05
  3623.0000    	  3624.0000    	 0.15917260E-02	 0.26721867E-05
  3624.0000    	  3625.0000    	 0.13546689E-02	 0.24911717E-05
  3625.0000    	  3626.0000    	 0.11067838E-02	 0.22694387E-05
  3626.0000    	  3627.0000    	 0.87540463E-03	 0.19971449E-05
  3627.0000    	  3628.0000    	 0.66205464E-03	 0.17086916E-05
  3628.0000    	  3629.0000    	 0.48101345E-03	 0.14720140E-05
  3629.0000    	  3630.0000    	 0.33589839E-03	 0.13279340E-05
  3630.0000    	  3631.0000    	 0.21613023E-02	 0.40714716E-05
  3631.0000    	  3632.0000    	 0.20953823E-02	 0.36995869E-05
  3632.0000    	  3633.0000    	 0.19684129E-02	 0.32843512E-05
  3633.0000    	  3634.0000    	 0.17900594E-02	 0.29069870E-05
  3634.0000    	  3635.0000    	 0.15721611E-02	 0.26383594E-05
  3635.0000    	  3636.0000    	 0.13345835E-02	 0.24636589E-05
  3636.0000    	  3637.0000    	 0.10972322E-02	 0.22579465E-05
  3637.0000    	  3638.0000    	 0.86156762E-03	 0.19770816E-05
  3638.0000    	  3639.0000    	 0.65349318E-03	 0.17012928E-05
  3639.0000    	  3640.0000    	 0.47755985E-03	 0.14620036E-05
  3640.0000    	  3641.0000    	 0.33244780E-03	 0.12595414E-05
  3641.0000    	  3642.0000    	 0.21434745E-02	 0.40432133E-05
  3642.0000    	  3643.0000    	 0.20754162E-02	 0.36777467E-05
  3643.0000    	  3644.0000    	 0.19542850E-02	 0.32710621E-05
  3644.0000    	  3645.0000    	 0.17703357E-02	 0.28862797E-05
  3645.0000    	  3646.0000    	 0.15556632E-02	 0.26259335E-05
  3646.0000    	  3647.0000    	 0.13251271E-02	 0.24544835E-05
  3647.0000    	  3648.0000    	 0.10798885E-02	 0.22374504E-05
  3648.0000    	  3649.0000    	 0.85296359E-03	 0.19607828E-05
  3649.0000    	  3650.0000    	 0.64342706E-03	 0.16763981E-05
  3650.0000    	  3651.0000    	 0.46955720E-03	 0.14460663E-05
  3651.0000    	  3652.0000    	 0.32653861E-03	 0.12454788E-05
  3652.0000    	  3653.0000    	 0.21157842E-02	 0.40134800E-05
  3653.0000    	  3654.0000    	 0.20465762E-02	 0.36431178E-05
  3654.0000    	  3655.0000    	 0.19199776E-02	 0.32304457E-05
  3655.0000    	  3656.0000    	 0.17503908E-02	 0.28642475E-05
  3656.0000    	  3657.0000    	 0.15377841E-02	 0.26040050E-05
  3657.0000    	  3658.0000    	 0.13070866E-02	 0.24298553E-05
  3658.0000    	  3659.0000    	 0.10677619E-02	 0.22135872E-05
  3659.0000    	  3660.0000    	 0.84278365E-03	 0.19520151E-05
  3660.0000    	  3661.0000    	 0.63596314E-03	 0.16730949E-05
  3661.0000    	  3662.0000    	 0.46390015E-03	 0.14345124E-05
  3662.0000    	  3663.0000    	 0.32494689E-03	 0.12436823E-05
  3663.0000    	  3664.0000    	 0.20904248E-02	 0.39776503E-05
  3664.0000    	  3665.0000    	 0.20257020E-02	 0.36155824E-05
  3665.0000    	  3666.0000    	 0.19052540E-02	 0.32208920E-05
  3666.0000    	  3667.0000    	 0.17286178E-02	 0.28438834E-05
  3667.0000    	  3668.0000    	 0.15205765E-02	 0.25845040E-05
  3668.0000    	  3669.0000    	 0.12897733E-02	 0.24047134E-05
  3669.0000    	  3670.0000    	 0.10561390E-02	 0.21970607E-05
  3670.0000    	  3671.0000    	 0.83168930E-03	 0.19268193E-05
  3671.0000    	  3672.0000    	 0.63250412E-03	 0.16633621E-05
  3672.0000    	  3673.0000    	 0.45806681E-03	 0.14268211E-05
  3673.0000    	  3674.0000    	 0.31887102E-03	 0.12318681E-05
  3674.0000    	  3675.0000    	 0.20625587E-02	 0.39410489E-05
  3675.0000    	  3676.0000    	 0.20069312E-02	 0.35940929E-05
  3676.0000    	  3677.0000    	 0.18819215E-02	 0.31930330E-05
  3677.0000    	  3678.0000    	 0.17130142E-02	 0.28294881E-05
  3678.0000    	  3679.0000    	 0.15035731E-02	 0.25663223E-05
  3679.0000    	  3680.0000    	 0.12767231E-02	 0.23884257E-05
  3680.0000    	  3681.0000    	 0.10414159E-02	 0.21764747E-05
  3681.0000    	  3682.0000    	 0.82235752E-03	 0.19153386E-05
  3682.0000    	  3683.0000    	 0.62535998E-03	 0.16528315E-05
  3683.0000    	  3684.0000    	 0.45337722E-03	 0.14220289E-05
  3684.0000    	  3685.0000    	 0.31276208E-03	 0.12232102E-05
  3685.0000    	  3686.0000    	 0.20453643E-02	 0.39144998E-05
  3686.0000    	  3687.0000    	 0.19852405E-02	 0.35718796E-05
  3687.0000    	  3688.0000    	 0.18610191E-02	 0.31717979E-05
  3688.0000    	  3689.0000    	 0.16934005E-02	 0.28008245E-05
  3689.0000    	  3690.0000    	 0.14894047E-02	 0.25511916E-05
  3690.0000    	  3691.0000    	 0.12646233E-02	 0.23784295E-05
  3691.0000    	  3692.0000    	 0.10329530E-02	 0.21674217E-05
  3692.0000    	  3693.0000    	 0.81486209E-03	 0.19010244E-05
  3693.0000    	  3694.0000    	 0.61432776E-03	 0.16328233E-05
  3694.0000    	  3695.0000    	 0.44796577E-03	 0.14093458E-05
  3695.0000    	  3696.0000    	 0.31049824E-03	 0.12110198E-05
  3696.0000    	  3697.0000    	 0.20239654E-02	 0.38889131E-05
  3697.0000    	  3698.0000    	 0.19584222E-02	 0.35429968E-05
  3698.0000    	  3699.0000    	 0.18421478E-02	 0.31517239E-05
  3699.0000    	  3700.0000    	 0.16719612E-02	 0.27813073E-05
  3700.0000    	  3701.0000    	 0.14697653E-02	 0.25300293E-05
  3701.0000    	  3702.0000    	 0.12450652E-02	 0.23499486E-05
  3702.0000    	  3703.0000    	 0.10203249E-02	 0.21507331E-05
  3703.0000    	  3704.0000    	 0.80056388E-03	 0.18794274E-05
  3704.0000    	  3705.0000    	 0.60686030E-03	 0.16267066E-05
  3705.0000    	  3706.0000    	 0.43842083E-03	 0.13877322E-05
  3706.0000    	  3707.0000    	 0.30535428E-03	 0.11998298E-05
  3707.0000    	  3708.0000    	 0.19999609E-02	 0.38588074E-05
  3708.0000    	  3709.0000    	 0.19372024E-02	 0.35177753E-05
  3709.0000    	  3710.0000    	 0.18236422E-02	 0.31350640E-05
  3710.0000    	  3711.0000    	 0.16513760E-02	 0.27612938E-05
  3711.0000    	  3712.0000    	 0.14529144E-02	 0.25142982E-05
  3712.0000    	  3713.0000    	 0.12321819E-02	 0.23349839E-05
  3713.0000    	  3714.0000    	 0.10080803E-02	 0.21413364E-05
  3714.0000    	  3715.0000    	 0.79534575E-03	 0.18718176E-05
  3715.0000    	  3716.0000    	 0.59971802E-03	 0.16111156E-05
  3716.0000    	  3717.0000    	 0.43680603E-03	 0.13917556E-05
  3717.0000    	  3718.0000    	 0.30426809E-03	 0.12142631E-05
  3718.0000    	  3719.0000    	 0.19778890E-02	 0.38311271E-05
  3719.0000    	  3720.0000    	 0.19246912E-02	 0.35001940E-05
  3720.0000    	  3721.0000    	 0.17990649E-02	 0.31057779E-05
  3721.0000    	  3722.0000    	 0.16386686E-02	 0.27488707E-05
  3722.0000    	  3723.0000    	 0.14381777E-02	 0.24969582E-05
  3723.0000    	  3724.0000    	 0.12184271E-02	 0.23168423E-05
  3724.0000    	  3725.0000    	 0.99413283E-03	 0.21091535E-05
  3725.0000    	  3726.0000    	 0.78290070E-03	 0.18527462E-05
  3726.0000    	  3727.0000    	 0.59269558E-03	 0.16217529E-05
  3727.0000    	  3728.0000    	 0.43165933E-03	 0.13795351E-05
  3728.0000    	  3729.0000    	 0.29944185E-03	 0.11940067E-05
  3729.0000    	  3730.0000    	 0.19583057E-02	 0.38028851E-05
  3730.0000    	  3731.0000    	 0.18924371E-02	 0.34641061E-05
  3731.0000    	  3732.0000    	 0.17825737E-02	 0.30883968E-05
  3732.0000    	  3733.0000    	 0.16146723E-02	 0.27162823E-05
  3733.0000    	  3734.0000    	 0.14211578E-02	 0.24766823E-05
  3734.0000    	  3735.0000    	 0.12062486E-02	 0.22999728E-05
  3735.0000    	  3736.0000    	 0.98359741E-03	 0.20978571E-05
  3736.0000    	  3737.0000    	 0.77465977E-03	 0.18378621E-05
  3737.0000    	  3738.0000    	 0.58407164E-03	 0.15847226E-05
  3738.0000    	  3739.0000    	 0.42576170E-03	 0.13710216E-05
  3739.0000    	  3740.0000    	 0.29520646E-03	 0.11805215E-05
  3740.0000    	  3741.0000    	 0.19373439E-02	 0.37752267E-05
  3741.0000    	  3742.0000    	 0.18745674E-02	 0.34451007E-05
  3742.0000    	  3743.0000    	 0.17633379E-02	 0.30726253E-05
  3743.0000    	  3744.0000    	 0.15961118E-02	 0.26941132E-05
  3744.0000    	  3745.0000    	 0.14033550E-02	 0.24508901E-05
  3745.0000    	  3746.0000    	 0.11877075E-02	 0.22728550E-05
  3746.0000    	  3747.0000    	 0.97502272E-03	 0.20831329E-05
  3747.0000    	  3748.0000    	 0.76399691E-03	 0.18254855E-05
  3748.0000    	  3749.0000    	 0.57807378E-03	 0.15728762E-05
  3749.0000    	  3750.0000    	 0.41768947E-03	 0.13595999E-05
  3750.0000    	  3751.0000    	 0.29122301E-03	 0.11906463E-05
  3751.0000    	  3752.0000    	 0.19075729E-02	 0.37391371E-05
  3752.0000    	  3753.0000    	 0.18571639E-02	 0.34243369E-05
  3753.0000    	  3754.0000    	 0.17397865E-02	 0.30426356E-05
  3754.0000    	  3755.0000    	 0.15837749E-02	 0.26938438E-05
  3755.0000    	  3756.0000    	 0.13882348E-02	 0.24355425E-05
  3756.0000    	  3757.0000    	 0.11776458E-02	 0.22784459E-05
  3757.0000    	  3758.0000    	 0.96147936E-03	 0.20598259E-05
  3758.0000    	  3759.0000    	 0.75540144E-03	 0.18141681E-05
  3759.0000    	  3760.0000    	 0.57291708E-03	 0.15673892E-05
  3760.0000    	  3761.0000    	 0.41553423E-03	 0.13494542E-05
  3761.0000    	  3762.0000    	 0.28631530E-03	 0.11698593E-05
  3762.0000    	  3763.0000    	 0.18953421E-02	 0.37206877E-05
  3763.0000    	  3764.0000    	 0.18360150E-02	 0.33985814E-05
  3764.0000    	  3765.0000    	 0.17196362E-02	 0.30215843E-05
  3765.0000    	  3766.0000    	 0.15627120E-02	 0.26644464E-05
  3766.0000    	  3767.0000    	 0.13749983E-02	 0.24209640E-05
  3767.0000    	  3768.0000    	 0.11629265E-02	 0.22457286E-05
  3768.0000    	  3769.0000    	 0.95031519E-03	 0.20468305E-05
  3769.0000    	  3770.0000    	 0.74515267E-03	 0.17895538E-05
  3770.0000    	  3771.0000    	 0.56484578E-03	 0.15542783E-05
  3771.0000    	  3772.0000    	 0.40873980E-03	 0.13408988E-05
  3772.0000    	  3773.0000    	 0.28534695E-03	 0.11595888E-05
  3773.0000    	  3774.0000    	 0.18702517E-02	 0.36957197E-05
  3774.0000    	  3775.0000    	 0.18160905E-02	 0.33767296E-05
  3775.0000    	  3776.0000    	 0.17043051E-02	 0.30050451E-05
  3776.0000    	  3777.0000    	 0.15466305E-02	 0.26463691E-05
  3777.0000    	  3778.0000    	 0.13565243E-02	 0.24033805E-05
  3778.0000    	  3779.0000    	 0.11518163E-02	 0.22333973E-05
  3779.0000    	  3780.0000    	 0.94020124E-03	 0.20337986E-05
  3780.0000    	  3781.0000    	 0.73866697E-03	 0.17827970E-05
  3781.0000    	  3782.0000    	 0.55768226E-03	 0.15400667E-05
  3782.0000    	  3783.0000    	 0.40362851E-03	 0.13305565E-05
  3783.0000    	  3784.0000    	 0.28045238E-03	 0.11521814E-05
  3784.0000    	  3785.0000    	 0.18525843E-02	 0.36937262E-05
  3785.0000    	  3786.0000    	 0.17917725E-02	 0.33536126E-05
  3786.0000    	  3787.0000    	 0.16854220E-02	 0.29816620E-05
  3787.0000    	  3788.0000    	 0.15316856E-02	 0.26375579E-05
  3788.0000    	  3789.0000    	 0.13417909E-02	 0.23768390E-05
  3789.0000    	  3790.0000    	 0.11391877E-02	 0.22120438E-05
  3790.0000    	  3791.0000    	 0.92923550E-03	 0.20174108E-05
  3791.0000    	  3792.0000    	 0.73068301E-03	 0.17719824E-05
  3792.0000    	  3793.0000    	 0.54976860E-03	 0.15268487E-05
  3793.0000    	  3794.0000    	 0.39893922E-03	 0.13333451E-05
  3794.0000    	  3795.0000    	 0.27456994E-03	 0.11329426E-05
  3795.0000    	  3796.0000    	 0.18289399E-02	 0.36376177E-05
  3796.0000    	  3797.0000    	 0.17730912E-02	 0.33269472E-05
  3797.0000    	  3798.0000    	 0.16669356E-02	 0.29678769E-05
  3798.0000    	  3799.0000    	 0.15130573E-02	 0.26161399E-05
  3799.0000    	  3800.0000    	 0.13275022E-02	 0.23653513E-05
  3800.0000    	  3801.0000    	 0.11252168E-02	 0.21964025E-05
  3801.0000    	  3802.0000    	 0.91951309E-03	 0.19995969E-05
  3802.0000    	  3803.0000    	 0.72184661E-03	 0.17599005E-05
  3803.0000    	  3804.0000    	 0.54299025E-03	 0.15165611E-05
  3804.0000    	  3805.0000    	 0.39318201E-03	 0.13059719E-05
  3805.0000    	  3806.0000    	 0.27530140E-03	 0.11372936E-05
  3806.0000    	  3807.0000    	 0.18078895E-02	 0.36138761E-05
  3807.0000    	  3808.0000    	 0.17559896E-02	 0.33075622E-05
  3808.0000    	  3809.0000    	 0.16433730E-02	 0.29384879E-05
  3809.0000    	  3810.0000    	 0.14977267E-02	 0.25977940E-05
  3810.0000    	  3811.0000    	 0.13126942E-02	 0.23495518E-05
  3811.0000    	  3812.0000    	 0.11116616E-02	 0.21743715E-05
  3812.0000    	  3813.0000    	 0.90993688E-03	 0.19905157E-05
  3813.0000    	  3814.0000    	 0.71372345E-03	 0.17518316E-05
  3814.0000    	  3815.0000    	 0.53940410E-03	 0.15129503E-05
  3815.0000    	  3816.0000    	 0.38704779E-03	 0.12953222E-05
  3816.0000    	  3817.0000    	 0.26862254E-03	 0.11205742E-05
  3817.0000    	  3818.0000    	 0.17912051E-02	 0.35886524E-05
  3818.0000    	  3819.0000    	 0.17341618E-02	 0.32837639E-05
  3819.0000    	  3820.0000    	 0.16265079E-02	 0.29220836E-05
  3820.0000    	  3821.0000    	 0.14782604E-02	 0.25746041E-05
  3821.0000    	  3822.0000    	 0.13005677E-02	 0.23372567E-05
  3822.0000    	  3823.0000    	 0.10998227E-02	 0.21614507E-05
  3823.0000    	  3824.0000    	 0.89562995E-03	 0.19682758E-05
  3824.0000    	  3825.0000    	 0.70490629E-03	 0.17327776E-05
  3825.0000    	  3826.0000    	 0.53180528E-03	 0.14992940E-05
  3826.0000    	  3827.0000    	 0.38426888E-03	 0.13098256E-05
  3827.0000    	  3828.0000    	 0.24032669E-03	 0.10601749E-05
  3828.0000    	  3829.0000    	 0.17732718E-02	 0.35678609E-05
  3829.0000    	  3830.0000    	 0.17158833E-02	 0.32578172E-05
  3830.0000    	  3831.0000    	 0.16122128E-02	 0.29089735E-05
  3831.0000    	  3832.0000    	 0.14643936E-02	 0.25604161E-05
  3832.0000    	  3833.0000    	 0.12861368E-02	 0.23181307E-05
  3833.0000    	  3834.0000    	 0.10842247E-02	 0.21398998E-05
  3834.0000    	  3835.0000    	 0.88769592E-03	 0.19533475E-05
  3835.0000    	  3836.0000    	 0.69771250E-03	 0.17209793E-05
  3836.0000    	  3837.0000    	 0.52497401E-03	 0.14902106E-05
  3837.0000    	  3838.0000    	 0.38103215E-03	 0.12932961E-05
  3838.0000    	  3839.0000    	 0.26536645E-03	 0.11225291E-05
  3839.0000    	  3840.0000    	 0.17526130E-02	 0.35463495E-05
  3840.0000    	  3841.0000    	 0.16977854E-02	 0.32412340E-05
  3841.0000    	  3842.0000    	 0.15920030E-02	 0.28832238E-05
  3842.0000    	  3843.0000    	 0.14440085E-02	 0.25386707E-05
  3843.0000    	  3844.0000    	 0.12678353E-02	 0.22949097E-05
  3844.0000    	  3845.0000    	 0.10796914E-02	 0.21368187E-05
  3845.0000    	  3846.0000    	 0.87567910E-03	 0.19358425E-05
  3846.0000    	  3847.0000    	 0.68536619E-03	 0.17000383E-05
  3847.0000    	  3848.0000    	 0.52046687E-03	 0.14878234E-05
  3848.0000    	  3849.0000    	 0.37543792E-03	 0.12903834E-05
  3849.0000    	  3850.0000    	 0.25973653E-03	 0.11034241E-05
  3850.0000    	  3851.0000    	 0.17331873E-02	 0.35224722E-05
  3851.0000    	  3852.0000    	 0.16853059E-02	 0.32343928E-05
  3852.0000    	  3853.0000    	 0.15767392E-02	 0.28764990E-05
  3853.0000    	  3854.0000    	 0.14328309E-02	 0.25269120E-05
  3854.0000    	  3855.0000    	 0.12555581E-02	 0.22842914E-05
  3855.0000    	  3856.0000    	 0.10617461E-02	 0.21112769E-05
  3856.0000    	  3857.0000    	 0.86641972E-03	 0.19232684E-05
  3857.0000    	  3858.0000    	 0.67967897E-03	 0.16931475E-05
  3858.0000    	  3859.0000    	 0.51453351E-03	 0.14728195E-05
  3859.0000    	  3860.0000    	 0.37246254E-03	 0.12779842E-05
  3860.0000    	  3861.0000    	 0.25691897E-03	 0.10981896E-05
  3861.0000    	  3862.0000    	 0.17145398E-02	 0.34988447E-05
  3862.0000    	  3863.0000    	 0.16591092E-02	 0.32036552E-05
  3863.0000    	  3864.0000    	 0.15576079E-02	 0.28462583E-05
  3864.0000    	  3865.0000    	 0.14160149E-02	 0.25068418E-05
  3865.0000    	  3866.0000    	 0.12440237E-02	 0.22667539E-05
  3866.0000    	  3867.0000    	 0.10507547E-02	 0.20981010E-05
  3867.0000    	  3868.0000    	 0.85599374E-03	 0.19130675E-05
  3868.0000    	  3869.0000    	 0.66845030E-03	 0.16758995E-05
  3869.0000    	  3870.0000    	 0.50620040E-03	 0.14630923E-05
  3870.0000    	  3871.0000    	 0.36449737E-03	 0.12596556E-05
  3871.0000    	  3872.0000    	 0.25348859E-03	 0.10950163E-05
  3872.0000    	  3873.0000    	 0.17000815E-02	 0.34829847E-05
  3873.0000    	  3874.0000    	 0.16448696E-02	 0.31895394E-05
  3874.0000    	  3875.0000    	 0.15413858E-02	 0.28291971E-05
  3875.0000    	  3876.0000    	 0.13952525E-02	 0.24812283E-05
  3876.0000    	  3877.0000    	 0.12269065E-02	 0.22444308E-05
  3877.0000    	  3878.0000    	 0.10402627E-02	 0.20833443E-05
  3878.0000    	  3879.0000    	 0.84864898E-03	 0.19054936E-05
  3879.0000    	  3880.0000    	 0.66424646E-03	 0.16726757E-05
  3880.0000    	  3881.0000    	 0.50134213E-03	 0.14584293E-05
  3881.0000    	  3882.0000    	 0.36316848E-03	 0.12628985E-05
  3882.0000    	  3883.0000    	 0.24978955E-03	 0.10819743E-05
  3883.0000    	  3884.0000    	 0.16755807E-02	 0.34508117E-05
  3884.0000    	  3885.0000    	 0.16238216E-02	 0.31566199E-05
  3885.0000    	  3886.0000    	 0.15244146E-02	 0.28129986E-05
  3886.0000    	  3887.0000    	 0.13841017E-02	 0.24770627E-05
  3887.0000    	  3888.0000    	 0.12151778E-02	 0.22299579E-05
  3888.0000    	  3889.0000    	 0.10264779E-02	 0.20606073E-05
  3889.0000    	  3890.0000    	 0.83647383E-03	 0.18827349E-05
  3890.0000    	  3891.0000    	 0.65740448E-03	 0.16573079E-05
  3891.0000    	  3892.0000    	 0.49388033E-03	 0.14367938E-05
  3892.0000    	  3893.0000    	 0.35731999E-03	 0.12557758E-05
  3893.0000    	  3894.0000    	 0.24675685E-03	 0.10742572E-05
  3894.0000    	  3895.0000    	 0.16617089E-02	 0.34413340E-05
  3895.0000    	  3896.0000    	 0.16053496E-02	 0.31394470E-05
  3896.0000    	  3897.0000    	 0.15110820E-02	 0.27997903E-05
  3897.0000    	  3898.0000    	 0.13692594E-02	 0.24528247E-05
  3898.0000    	  3899.0000    	 0.11982716E-02	 0.22145752E-05
  3899.0000    	  3900.0000    	 0.10138596E-02	 0.20463510E-05
  3900.0000    	  3901.0000    	 0.82903844E-03	 0.18719869E-05
  3901.0000    	  3902.0000    	 0.64883963E-03	 0.16469800E-05
  3902.0000    	  3903.0000    	 0.48856331E-03	 0.14313986E-05
  3903.0000    	  3904.0000    	 0.35364559E-03	 0.12396446E-05
  3904.0000    	  3905.0000    	 0.24375771E-03	 0.10680072E-05
  3905.0000    	  3906.0000    	 0.16467444E-02	 0.34229219E-05
  3906.0000    	  3907.0000    	 0.15895596E-02	 0.31199430E-05
  3907.0000    	  3908.0000    	 0.14877898E-02	 0.27667238E-05
  3908.0000    	  3909.0000    	 0.13522009E-02	 0.24306948E-05
  3909.0000    	  3910.0000    	 0.11867968E-02	 0.21946135E-05
  3910.0000    	  3911.0000    	 0.10050316E-02	 0.20358772E-05
  3911.0000    	  3912.0000    	 0.82116719E-03	 0.18632062E-05
  3912.0000    	  3913.0000    	 0.64315588E-03	 0.16351138E-05
  3913.0000    	  3914.0000    	 0.48264051E-03	 0.14218795E-05
  3914.0000    	  3915.0000    	 0.34819178E-03	 0.12288185E-05
  3915.0000    	  3916.0000    	 0.23971485E-03	 0.10562742E-05
  3916.0000    	  3917.0000    	 0.16221870E-02	 0.33901181E-05
  3917.0000    	  3918.0000    	 0.15737970E-02	 0.31028127E-05
  3918.0000    	  3919.0000    	 0.14752438E-02	 0.27588821E-05
  3919.0000    	  3920.0000    	 0.13438231E-02	 0.24275486E-05
  3920.0000    	  3921.0000    	 0.11773386E-02	 0.21893324E-05
  3921.0000    	  3922.0000    	 0.99206628E-03	 0.20224541E-05
  3922.0000    	  3923.0000    	 0.80883596E-03	 0.18379103E-05
  3923.0000    	  3924.0000    	 0.63522589E-03	 0.16232602E-05
  3924.0000    	  3925.0000    	 0.47620861E-03	 0.14114100E-05
  3925.0000    	  3926.0000    	 0.34320576E-03	 0.12191276E-05
  3926.0000    	  3927.0000    	 0.23720242E-03	 0.10548378E-05
  3927.0000    	  3928.0000    	 0.16073636E-02	 0.33708439E-05
  3928.0000    	  3929.0000    	 0.15573347E-02	 0.30892639E-05
  3929.0000    	  3930.0000    	 0.14619615E-02	 0.27424249E-05
  3930.0000    	  3931.0000    	 0.13266193E-02	 0.24094011E-05
  3931.0000    	  3932.0000    	 0.11608507E-02	 0.21687681E-05
  3932.0000    	  3933.0000    	 0.98279184E-03	 0.20096273E-05
  3933.0000    	  3934.0000    	 0.79994913E-03	 0.18269748E-05
  3934.0000    	  3935.0000    	 0.62804682E-03	 0.16174508E-05
  3935.0000    	  3936.0000    	 0.47255887E-03	 0.14033092E-05
  3936.0000    	  3937.0000    	 0.33861526E-03	 0.12127296E-05
  3937.0000    	  3938.0000    	 0.23448538E-03	 0.10453567E-05
  3938.0000    	  3939.0000    	 0.15869410E-02	 0.33433585E-05
  3939.0000    	  3940.0000    	 0.15424726E-02	 0.30754712E-05
  3940.0000    	  3941.0000    	 0.14432596E-02	 0.27224788E-05
  3941.0000    	  3942.0000    	 0.13101733E-02	 0.23851566E-05
  3942.0000    	  3943.0000    	 0.11489758E-02	 0.21507317E-05
  3943.0000    	  3944.0000    	 0.97229870E-03	 0.19942948E-05
  3944.0000    	  3945.0000    	 0.79301215E-03	 0.18212134E-05
  3945.0000    	  3946.0000    	 0.61865378E-03	 0.15993972E-05
  3946.0000    	  3947.0000    	 0.46595088E-03	 0.13907026E-05
  3947.0000    	  3948.0000    	 0.33564567E-03	 0.12031641E-05
  3948.0000    	  3949.0000    	 0.23045351E-03	 0.10310432E-05
  3949.0000    	  3950.0000    	 0.15757417E-02	 0.33394190E-05
  3950.0000    	  3951.0000    	 0.15223394E-02	 0.30434605E-05
  3951.0000    	  3952.0000    	 0.14280324E-02	 0.27013094E-05
  3952.0000    	  3953.0000    	 0.12954350E-02	 0.23747053E-05
  3953.0000    	  3954.0000    	 0.11381050E-02	 0.21406151E-05
  3954.0000    	  3955.0000    	 0.96005392E-03	 0.19760181E-05
  3955.0000    	  3956.0000    	 0.77922305E-03	 0.17949021E-05
  3956.0000    	  3957.0000    	 0.61369313E-03	 0.15958474E-05
  3957.0000    	  3958.0000    	 0.46213342E-03	 0.13870428E-05
  3958.0000    	  3959.0000    	 0.33291389E-03	 0.11955577E-05
  3959.0000    	  3960.0000    	 0.22832989E-03	 0.10368370E-05
  3960.0000    	  3961.0000    	 0.15596447E-02	 0.33170172E-05
  3961.0000    	  3962.0000    	 0.15041070E-02	 0.30271694E-05
  3962.0000    	  3963.0000    	 0.14138104E-02	 0.26926407E-05
  3963.0000    	  3964.0000    	 0.12848097E-02	 0.23642368E-05
  3964.0000    	  3965.0000    	 0.11242409E-02	 0.21241188E-05
  3965.0000    	  3966.0000    	 0.95045854E-03	 0.19644347E-05
  3966.0000    	  3967.0000    	 0.77403529E-03	 0.17945570E-05
  3967.0000    	  3968.0000    	 0.60671362E-03	 0.15869492E-05
  3968.0000    	  3969.0000    	 0.45415626E-03	 0.13701177E-05
  3969.0000    	  3970.0000    	 0.32993907E-03	 0.11963887E-05
  3970.0000    	  3971.0000    	 0.22538923E-03	 0.10254067E-05
  3971.0000    	  3972.0000    	 0.15388620E-02	 0.32937362E-05
  3972.0000    	  3973.0000    	 0.14936499E-02	 0.30183606E-05
  3973.0000    	  3974.0000    	 0.14014815E-02	 0.26739887E-05
  3974.0000    	  3975.0000    	 0.12665067E-02	 0.23345633E-05
  3975.0000    	  3976.0000    	 0.11115308E-02	 0.21061129E-05
  3976.0000    	  3977.0000    	 0.93990874E-03	 0.19484676E-05
  3977.0000    	  3978.0000    	 0.76524450E-03	 0.17773337E-05
  3978.0000    	  3979.0000    	 0.59767545E-03	 0.15670034E-05
  3979.0000    	  3980.0000    	 0.45097842E-03	 0.13696075E-05
  3980.0000    	  3981.0000    	 0.32362764E-03	 0.11817191E-05
  3981.0000    	  3982.0000    	 0.22416159E-03	 0.10275621E-05
  3982.0000    	  3983.0000    	 0.15219979E-02	 0.32779860E-05
  3983.0000    	  3984.0000    	 0.14752377E-02	 0.29944032E-05
  3984.0000    	  3985.0000    	 0.13822629E-02	 0.26564662E-05
  3985.0000    	  3986.0000    	 0.12573036E-02	 0.23296289E-05
  3986.0000    	  3987.0000    	 0.11015917E-02	 0.20986049E-05
  3987.0000    	  3988.0000    	 0.92682529E-03	 0.19287487E-05
  3988.0000    	  3989.0000    	 0.75401790E-03	 0.17618732E-05
  3989.0000    	  3990.0000    	 0.59423474E-03	 0.15664444E-05
  3990.0000    	  3991.0000    	 0.44495332E-03	 0.13582518E-05
  3991.0000    	  3992.0000    	 0.31941410E-03	 0.11748751E-05
  3992.0000    	  3993.0000    	 0.22016536E-03	 0.10091724E-05
  3993.0000    	  3994.0000    	 0.15057937E-02	 0.32556034E-05
  3994.0000    	  3995.0000    	 0.14590400E-02	 0.29802146E-05
  3995.0000    	  3996.0000    	 0.13722252E-02	 0.26449351E-05
  3996.0000    	  3997.0000    	 0.12382843E-02	 0.23033081E-05
  3997.0000    	  3998.0000    	 0.10884105E-02	 0.20789969E-05
  3998.0000    	  3999.0000    	 0.92173768E-03	 0.19285825E-05
  3999.0000    	  4000.0000    	 0.74712670E-03	 0.17525428E-05
  4000.0000    	  4001.0000    	 0.58357823E-03	 0.15470758E-05
  4001.0000    	  4002.0000    	 0.44189706E-03	 0.14225296E-05
  4002.0000    	  4003.0000    	 0.31541875E-03	 0.11608385E-05
  4003.0000    	  4004.0000    	 0.20674823E-03	 0.98620237E-06
  4004.0000    	  4005.0000    	 0.14907597E-02	 0.32388649E-05
  4005.0000    	  4006.0000    	 0.14470617E-02	 0.29652166E-05
  4006.0000    	  4007.0000    	 0.13544311E-02	 0.26270539E-05
  4007.0000    	  4008.0000    	 0.12299661E-02	 0.22971095E-05
  4008.0000    	  4009.0000    	 0.10735001E-02	 0.20536285E-05
  4009.0000    	  4010.0000    	 0.90859850E-03	 0.19071506E-05
  4010.0000    	  4011.0000    	 0.74002639E-03	 0.17429362E-05
  4011.0000    	  4012.0000    	 0.57737059E-03	 0.15613285E-05
  4012.0000    	  4013.0000    	 0.43455981E-03	 0.13409963E-05
  4013.0000    	  4014.0000    	 0.31035693E-03	 0.11553600E-05
  4014.0000    	  4015.0000    	 0.18461016E-03	 0.93062718E-06
  4015.0000    	  4016.0000    	 0.14737286E-02	 0.32176645E-05
  4016.0000    	  4017.0000    	 0.14275280E-02	 0.29396598E-05
  4017.0000    	  4018.0000    	 0.13387806E-02	 0.26012566E-05
  4018.0000    	  4019.0000    	 0.12148584E-02	 0.22798520E-05
  4019.0000    	  4020.0000    	 0.10620736E-02	 0.20429843E-05
  4020.0000    	  4021.0000    	 0.89775927E-03	 0.19030207E-05
  4021.0000    	  4022.0000    	 0.73009619E-03	 0.17275079E-05
  4022.0000    	  4023.0000    	 0.57320442E-03	 0.15352898E-05
  4023.0000    	  4024.0000    	 0.42904031E-03	 0.13348162E-05
  4024.0000    	  4025.0000    	 0.30940932E-03	 0.11529063E-05
  4025.0000    	  4026.0000    	 0.21199496E-03	 0.99932443E-06
  4026.0000    	  4027.0000    	 0.14630217E-02	 0.32163045E-05
  4027.0000    	  4028.0000    	 0.14150726E-02	 0.29330661E-05
  4028.0000    	  4029.0000    	 0.13221166E-02	 0.25860463E-05
  4029.0000    	  4030.0000    	 0.12004789E-02	 0.22612164E-05
  4030.0000    	  4031.0000    	 0.10549054E-02	 0.20406959E-05
  4031.0000    	  4032.0000    	 0.88645059E-03	 0.18759035E-05
  4032.0000    	  4033.0000    	 0.72312831E-03	 0.17190012E-05
  4033.0000    	  4034.0000    	 0.56441989E-03	 0.15174938E-05
  4034.0000    	  4035.0000    	 0.42453321E-03	 0.13232107E-05
  4035.0000    	  4036.0000    	 0.30448409E-03	 0.11438394E-05
  4036.0000    	  4037.0000    	 0.20943026E-03	 0.98542605E-06
  4037.0000    	  4038.0000    	 0.14455868E-02	 0.31902770E-05
  4038.0000    	  4039.0000    	 0.13964017E-02	 0.29094474E-05
  4039.0000    	  4040.0000    	 0.13113416E-02	 0.25738184E-05
  4040.0000    	  4041.0000    	 0.11891288E-02	 0.22504126E-05
  4041.0000    	  4042.0000    	 0.10393455E-02	 0.20156261E-05
  4042.0000    	  4043.0000    	 0.88248188E-03	 0.18734172E-05
  4043.0000    	  4044.0000    	 0.71702352E-03	 0.17171299E-05
  4044.0000    	  4045.0000    	 0.55828523E-03	 0.15105578E-05
  4045.0000    	  4046.0000    	 0.41837874E-03	 0.13159005E-05
  4046.0000    	  4047.0000    	 0.30092268E-03	 0.11344917E-05
  4047.0000    	  4048.0000    	 0.19347242E-03	 0.94620111E-06
  4048.0000    	  4049.0000    	 0.14266092E-02	 0.31710577E-05
  4049.0000    	  4050.0000    	 0.13883983E-02	 0.29019802E-05
  4050.0000    	  4051.0000    	 0.13004598E-02	 0.25642887E-05
  4051.0000    	  4052.0000    	 0.11779338E-02	 0.22363752E-05
  4052.0000    	  4053.0000    	 0.10317666E-02	 0.20090877E-05
  4053.0000    	  4054.0000    	 0.86825519E-03	 0.18567573E-05
  4054.0000    	  4055.0000    	 0.70723890E-03	 0.17103286E-05
  4055.0000    	  4056.0000    	 0.55553724E-03	 0.15095442E-05
  4056.0000    	  4057.0000    	 0.41576234E-03	 0.13059245E-05
  4057.0000    	  4058.0000    	 0.29966024E-03	 0.11319876E-05
  4058.0000    	  4059.0000    	 0.20465803E-03	 0.97664694E-06
  4059.0000    	  4060.0000    	 0.14136238E-02	 0.31554208E-05
  4060.0000    	  4061.0000    	 0.13696474E-02	 0.28736750E-05
  4061.0000    	  4062.0000    	 0.12847542E-02	 0.25442594E-05
  4062.0000    	  4063.0000    	 0.11651639E-02	 0.22211323E-05
  4063.0000    	  4064.0000    	 0.10176724E-02	 0.19915123E-05
  4064.0000    	  4065.0000    	 0.85960590E-03	 0.18433831E-05
  4065.0000    	  4066.0000    	 0.69833860E-03	 0.16839959E-05
  4066.0000    	  4067.0000    	 0.54494320E-03	 0.14894680E-05
  4067.0000    	  4068.0000    	 0.41023956E-03	 0.12987774E-05
  4068.0000    	  4069.0000    	 0.29478164E-03	 0.11249816E-05
  4069.0000    	  4070.0000    	 0.56595829E-04	 0.51032047E-06
  4070.0000    	  4071.0000    	 0.14019486E-02	 0.31441263E-05
  4071.0000    	  4072.0000    	 0.13564881E-02	 0.28654742E-05
  4072.0000    	  4073.0000    	 0.12687059E-02	 0.25244307E-05
  4073.0000    	  4074.0000    	 0.11491717E-02	 0.21995343E-05
  4074.0000    	  4075.0000    	 0.10098286E-02	 0.19858090E-05
  4075.0000    	  4076.0000    	 0.85026899E-03	 0.18277494E-05
  4076.0000    	  4077.0000    	 0.69176705E-03	 0.16704999E-05
  4077.0000    	  4078.0000    	 0.54088603E-03	 0.14852907E-05
  4078.0000    	  4079.0000    	 0.40375996E-03	 0.12955010E-05
  4079.0000    	  4080.0000    	 0.29002896E-03	 0.11075316E-05
  4080.0000    	  4081.0000    	 0.14885239E-03	 0.83382375E-06
  4081.0000    	  4082.0000    	 0.13817746E-02	 0.31192267E-05
  4082.0000    	  4083.0000    	 0.13389992E-02	 0.28436504E-05
  4083.0000    	  4084.0000    	 0.12579362E-02	 0.25127814E-05
  4084.0000    	  4085.0000    	 0.11386730E-02	 0.21874785E-05
  4085.0000    	  4086.0000    	 0.99740405E-03	 0.19678901E-05
  4086.0000    	  4087.0000    	 0.84361700E-03	 0.18260443E-05
  4087.0000    	  4088.0000    	 0.68441712E-03	 0.16689227E-05
  4088.0000    	  4089.0000    	 0.53516553E-03	 0.14766582E-05
  4089.0000    	  4090.0000    	 0.40032360E-03	 0.12896334E-05
  4090.0000    	  4091.0000    	 0.28706091E-03	 0.11059687E-05
  4091.0000    	  4092.0000    	 0.19725477E-03	 0.95017599E-06
  4092.0000    	  4093.0000    	 0.13659787E-02	 0.31030301E-05
  4093.0000    	  4094.0000    	 0.13275930E-02	 0.28341864E-05
  4094.0000    	  4095.0000    	 0.12425175E-02	 0.24937279E-05
  4095.0000    	  4096.0000    	 0.11300503E-02	 0.21837213E-05
  4096.0000    	  4097.0000    	 0.98747728E-03	 0.19551107E-05
  4097.0000    	  4098.0000    	 0.83160703E-03	 0.18054013E-05
  4098.0000    	  4099.0000    	 0.67586124E-03	 0.16530131E-05
  4099.0000    	  4100.0000    	 0.52690056E-03	 0.14636367E-05
  4100.0000    	  4101.0000    	 0.39453020E-03	 0.12713626E-05
  4101.0000    	  4102.0000    	 0.28421704E-03	 0.10981838E-05
  4102.0000    	  4103.0000    	 0.18117310E-03	 0.91492511E-06
  4103.0000    	  4104.0000    	 0.13550026E-02	 0.30921144E-05
  4104.0000    	  4105.0000    	 0.13121101E-02	 0.28097926E-05
  4105.0000    	  4106.0000    	 0.12302110E-02	 0.24821528E-05
  4106.0000    	  4107.0000    	 0.11176946E-02	 0.21650977E-05
  4107.0000    	  4108.0000    	 0.97585775E-03	 0.19393591E-05
  4108.0000    	  4109.0000    	 0.82298455E-03	 0.17928701E-05
  4109.0000    	  4110.0000    	 0.67160829E-03	 0.16487937E-05
  4110.0000    	  4111.0000    	 0.52285750E-03	 0.14556843E-05
  4111.0000    	  4112.0000    	 0.39167333E-03	 0.12757206E-05
  4112.0000    	  4113.0000    	 0.28078419E-03	 0.11115905E-05
  4113.0000    	  4114.0000    	 0.19188153E-03	 0.93949591E-06
  4114.0000    	  4115.0000    	 0.13451607E-02	 0.30856918E-05
  4115.0000    	  4116.0000    	 0.12994918E-02	 0.27983543E-05
  4116.0000    	  4117.0000    	 0.12194069E-02	 0.24768750E-05
  4117.0000    	  4118.0000    	 0.11023686E-02	 0.21439048E-05
  4118.0000    	  4119.0000    	 0.96417365E-03	 0.19225536E-05
  4119.0000    	  4120.0000    	 0.81533267E-03	 0.17853144E-05
  4120.0000    	  4121.0000    	 0.66048188E-03	 0.16289792E-05
  4121.0000    	  4122.0000    	 0.51550669E-03	 0.14464271E-05
  4122.0000    	  4123.0000    	 0.38699871E-03	 0.12641444E-05
  4123.0000    	  4124.0000    	 0.27727925E-03	 0.10854178E-05
  4124.0000    	  4125.0000    	 0.18953744E-03	 0.93366679E-06
  4125.0000    	  4126.0000    	 0.13244775E-02	 0.30563449E-05
  4126.0000    	  4127.0000    	 0.12827119E-02	 0.27809900E-05
  4127.0000    	  4128.0000    	 0.12092351E-02	 0.24678423E-05
  4128.0000    	  4129.0000    	 0.10880275E-02	 0.21233493E-05
  4129.0000    	  4130.0000    	 0.95505753E-03	 0.19160600E-05
  4130.0000    	  4131.0000    	 0.80550326E-03	 0.17706556E-05
  4131.0000    	  4132.0000    	 0.65338050E-03	 0.16226431E-05
  4132.0000    	  4133.0000    	 0.51039735E-03	 0.14407546E-05
  4133.0000    	  4134.0000    	 0.38253975E-03	 0.12527363E-05
  4134.0000    	  4135.0000    	 0.27395760E-03	 0.10752648E-05
  4135.0000    	  4136.0000    	 0.18787161E-03	 0.92575438E-06
  4136.0000    	  4137.0000    	 0.13126731E-02	 0.30451152E-05
  4137.0000    	  4138.0000    	 0.12721465E-02	 0.27695394E-05
  4138.0000    	  4139.0000    	 0.11932058E-02	 0.24501539E-05
  4139.0000    	  4140.0000    	 0.10826825E-02	 0.21239633E-05
  4140.0000    	  4141.0000    	 0.94634001E-03	 0.19020177E-05
  4141.0000    	  4142.0000    	 0.79751765E-03	 0.17626822E-05
  4142.0000    	  4143.0000    	 0.64694877E-03	 0.16105928E-05
  4143.0000    	  4144.0000    	 0.50601793E-03	 0.14356244E-05
  4144.0000    	  4145.0000    	 0.37783994E-03	 0.12438340E-05
  4145.0000    	  4146.0000    	 0.26976854E-03	 0.10670641E-05
  4146.0000    	  4147.0000    	 0.18440278E-03	 0.91912619E-06
  4147.0000    	  4148.0000    	 0.12992936E-02	 0.30335985E-05
  4148.0000    	  4149.0000    	 0.12579944E-02	 0.27579019E-05
  4149.0000    	  4150.0000    	 0.11819192E-02	 0.24226039E-05
  4150.0000    	  4151.0000    	 0.10690451E-02	 0.21068201E-05
  4151.0000    	  4152.0000    	 0.93505430E-03	 0.18878277E-05
  4152.0000    	  4153.0000    	 0.78815374E-03	 0.17532438E-05
  4153.0000    	  4154.0000    	 0.64104039E-03	 0.16033497E-05
  4154.0000    	  4155.0000    	 0.49900536E-03	 0.14206907E-05
  4155.0000    	  4156.0000    	 0.37458662E-03	 0.12435967E-05
  4156.0000    	  4157.0000    	 0.26635921E-03	 0.10574422E-05
  4157.0000    	  4158.0000    	 0.18369263E-03	 0.91985377E-06
  4158.0000    	  4159.0000    	 0.12843353E-02	 0.30133129E-05
  4159.0000    	  4160.0000    	 0.12430112E-02	 0.27348165E-05
  4160.0000    	  4161.0000    	 0.11681660E-02	 0.24098801E-05
  4161.0000    	  4162.0000    	 0.10545122E-02	 0.20845396E-05
  4162.0000    	  4163.0000    	 0.92273299E-03	 0.18726083E-05
  4163.0000    	  4164.0000    	 0.78061721E-03	 0.17399434E-05
  4164.0000    	  4165.0000    	 0.63351849E-03	 0.16014856E-05
  4165.0000    	  4166.0000    	 0.49230854E-03	 0.14102526E-05
  4166.0000    	  4167.0000    	 0.36915113E-03	 0.12285985E-05
  4167.0000    	  4168.0000    	 0.26381831E-03	 0.10549859E-05
  4168.0000    	  4169.0000    	 0.18106192E-03	 0.91550023E-06
  4169.0000    	  4170.0000    	 0.12736345E-02	 0.30044527E-05
  4170.0000    	  4171.0000    	 0.12367156E-02	 0.27359915E-05
  4171.0000    	  4172.0000    	 0.11549244E-02	 0.23929270E-05
  4172.0000    	  4173.0000    	 0.10466449E-02	 0.20787166E-05
  4173.0000    	  4174.0000    	 0.91554887E-03	 0.18631579E-05
  4174.0000    	  4175.0000    	 0.77217939E-03	 0.17347207E-05
  4175.0000    	  4176.0000    	 0.62762256E-03	 0.15872883E-05
  4176.0000    	  4177.0000    	 0.48725418E-03	 0.14017091E-05
  4177.0000    	  4178.0000    	 0.36487280E-03	 0.12241896E-05
  4178.0000    	  4179.0000    	 0.26050483E-03	 0.10456149E-05
  4179.0000    	  4180.0000    	 0.17609107E-03	 0.89468979E-06
  4180.0000    	  4181.0000    	 0.12585575E-02	 0.29888154E-05
  4181.0000    	  4182.0000    	 0.12180374E-02	 0.27093318E-05
  4182.0000    	  4183.0000    	 0.11436951E-02	 0.23801197E-05
  4183.0000    	  4184.0000    	 0.10374689E-02	 0.20686206E-05
  4184.0000    	  4185.0000    	 0.90602807E-03	 0.18514126E-05
  4185.0000    	  4186.0000    	 0.76594355E-03	 0.17220846E-05
  4186.0000    	  4187.0000    	 0.61749393E-03	 0.15698681E-05
  4187.0000    	  4188.0000    	 0.48351529E-03	 0.14001085E-05
  4188.0000    	  4189.0000    	 0.36127759E-03	 0.12129955E-05
  4189.0000    	  4190.0000    	 0.25821501E-03	 0.10425294E-05
  4190.0000    	  4191.0000    	 0.17509984E-03	 0.89162275E-06
  4191.0000    	  4192.0000    	 0.12480938E-02	 0.29745761E-05
  4192.0000    	  4193.0000    	 0.12045845E-02	 0.26948876E-05
  4193.0000    	  4194.0000    	 0.11293984E-02	 0.23668286E-05
  4194.0000    	  4195.0000    	 0.10245344E-02	 0.20538961E-05
  4195.0000    	  4196.0000    	 0.89740483E-03	 0.18379124E-05
  4196.0000    	  4197.0000    	 0.75558878E-03	 0.17090685E-05
  4197.0000    	  4198.0000    	 0.61355514E-03	 0.15688279E-05
  4198.0000    	  4199.0000    	 0.47664283E-03	 0.13913109E-05
  4199.0000    	  4200.0000    	 0.35448329E-03	 0.12038374E-05
  4200.0000    	  4201.0000    	 0.25543167E-03	 0.10367116E-05
  4201.0000    	  4202.0000    	 0.17466218E-03	 0.89256622E-06
  4202.0000    	  4203.0000    	 0.12344593E-02	 0.29606559E-05
  4203.0000    	  4204.0000    	 0.11967940E-02	 0.26918955E-05
  4204.0000    	  4205.0000    	 0.11215129E-02	 0.23546940E-05
  4205.0000    	  4206.0000    	 0.10126764E-02	 0.20342691E-05
  4206.0000    	  4207.0000    	 0.88665260E-03	 0.18258577E-05
  4207.0000    	  4208.0000    	 0.74901298E-03	 0.17011296E-05
  4208.0000    	  4209.0000    	 0.60573208E-03	 0.15549472E-05
  4209.0000    	  4210.0000    	 0.47275242E-03	 0.13807184E-05
  4210.0000    	  4211.0000    	 0.35210840E-03	 0.11966782E-05
  4211.0000    	  4212.0000    	 0.25144631E-03	 0.10325103E-05
  4212.0000    	  4213.0000    	 0.98764529E-05	 0.21051663E-06
  4213.0000    	  4214.0000    	 0.12223399E-02	 0.29460550E-05
  4214.0000    	  4215.0000    	 0.11826738E-02	 0.26682746E-05
  4215.0000    	  4216.0000    	 0.11067551E-02	 0.23409456E-05
  4216.0000    	  4217.0000    	 0.10018444E-02	 0.20215097E-05
  4217.0000    	  4218.0000    	 0.87886632E-03	 0.18204074E-05
  4218.0000    	  4219.0000    	 0.73894050E-03	 0.16880141E-05
  4219.0000    	  4220.0000    	 0.60021535E-03	 0.15520683E-05
  4220.0000    	  4221.0000    	 0.46813522E-03	 0.13720278E-05
  4221.0000    	  4222.0000    	 0.34652611E-03	 0.11833338E-05
  4222.0000    	  4223.0000    	 0.19222312E-03	 0.91333786E-06
  4223.0000    	  4224.0000    	 0.16902416E-03	 0.86791597E-06
