# xi3
# underflow	  23.632184    	 0.22350424E-02
# overflow	 0.12134432    	 0.13638429E-03
# sum	  34.224928    	 0.25626985E-02
# xmin	xmax	cross	numerror
  3124.0000    	  3125.0000    	 0.12828212E-01	 0.60477190E-04
  3125.0000    	  3126.0000    	 0.13280358E-01	 0.54628249E-04
  3126.0000    	  3127.0000    	 0.14104333E-01	 0.51191146E-04
  3127.0000    	  3128.0000    	 0.15147155E-01	 0.49814957E-04
  3128.0000    	  3129.0000    	 0.16282658E-01	 0.50296519E-04
  3129.0000    	  3130.0000    	 0.17261717E-01	 0.57809352E-04
  3130.0000    	  3131.0000    	 0.17632723E-01	 0.59721875E-04
  3131.0000    	  3132.0000    	 0.85083203E-02	 0.53752344E-04
  3132.0000    	  3133.0000    	 0.15365591E-01	 0.73871905E-04
  3133.0000    	  3134.0000    	 0.14208615E-01	 0.70906080E-04
  3134.0000    	  3135.0000    	 0.11702960E-01	 0.58318466E-04
  3135.0000    	  3136.0000    	 0.12578385E-01	 0.59869706E-04
  3136.0000    	  3137.0000    	 0.13145581E-01	 0.54345352E-04
  3137.0000    	  3138.0000    	 0.13916368E-01	 0.51109945E-04
  3138.0000    	  3139.0000    	 0.15004066E-01	 0.49331497E-04
  3139.0000    	  3140.0000    	 0.16094574E-01	 0.49966918E-04
  3140.0000    	  3141.0000    	 0.17058650E-01	 0.51338453E-04
  3141.0000    	  3142.0000    	 0.17520941E-01	 0.55316714E-04
  3142.0000    	  3143.0000    	 0.15542036E-01	 0.58013456E-04
  3143.0000    	  3144.0000    	 0.15794461E-01	 0.70135524E-04
  3144.0000    	  3145.0000    	 0.14000955E-01	 0.60415205E-04
  3145.0000    	  3146.0000    	 0.11501176E-01	 0.58091752E-04
  3146.0000    	  3147.0000    	 0.12630645E-01	 0.60124155E-04
  3147.0000    	  3148.0000    	 0.13083502E-01	 0.54204308E-04
  3148.0000    	  3149.0000    	 0.13854005E-01	 0.51500988E-04
  3149.0000    	  3150.0000    	 0.14927690E-01	 0.49269675E-04
  3150.0000    	  3151.0000    	 0.15954132E-01	 0.48982283E-04
  3151.0000    	  3152.0000    	 0.16855536E-01	 0.50024409E-04
  3152.0000    	  3153.0000    	 0.17435782E-01	 0.52974493E-04
  3153.0000    	  3154.0000    	 0.16734047E-01	 0.55321338E-04
  3154.0000    	  3155.0000    	 0.15283970E-01	 0.60820490E-04
  3155.0000    	  3156.0000    	 0.14079424E-01	 0.57579487E-04
  3156.0000    	  3157.0000    	 0.11416750E-01	 0.46795605E-04
  3157.0000    	  3158.0000    	 0.12118392E-01	 0.59092656E-04
  3158.0000    	  3159.0000    	 0.13003251E-01	 0.54207329E-04
  3159.0000    	  3160.0000    	 0.13781302E-01	 0.50385556E-04
  3160.0000    	  3161.0000    	 0.14802429E-01	 0.49362517E-04
  3161.0000    	  3162.0000    	 0.15902799E-01	 0.48845528E-04
  3162.0000    	  3163.0000    	 0.16686368E-01	 0.49045905E-04
  3163.0000    	  3164.0000    	 0.17236583E-01	 0.51017030E-04
  3164.0000    	  3165.0000    	 0.16946819E-01	 0.51606537E-04
  3165.0000    	  3166.0000    	 0.15893731E-01	 0.50530363E-04
  3166.0000    	  3167.0000    	 0.13993559E-01	 0.48173536E-04
  3167.0000    	  3168.0000    	 0.11313442E-01	 0.44019827E-04
  3168.0000    	  3169.0000    	 0.12496247E-01	 0.60167880E-04
  3169.0000    	  3170.0000    	 0.12927056E-01	 0.54188962E-04
  3170.0000    	  3171.0000    	 0.13560286E-01	 0.49960057E-04
  3171.0000    	  3172.0000    	 0.14581424E-01	 0.48702713E-04
  3172.0000    	  3173.0000    	 0.15725984E-01	 0.48439706E-04
  3173.0000    	  3174.0000    	 0.16530242E-01	 0.48425656E-04
  3174.0000    	  3175.0000    	 0.17085614E-01	 0.48840526E-04
  3175.0000    	  3176.0000    	 0.16850500E-01	 0.48369656E-04
  3176.0000    	  3177.0000    	 0.15549545E-01	 0.45094068E-04
  3177.0000    	  3178.0000    	 0.13890944E-01	 0.44951386E-04
  3178.0000    	  3179.0000    	 0.11182778E-01	 0.41891677E-04
  3179.0000    	  3180.0000    	 0.12364099E-01	 0.60090559E-04
  3180.0000    	  3181.0000    	 0.12765379E-01	 0.54109322E-04
  3181.0000    	  3182.0000    	 0.13482011E-01	 0.49611811E-04
  3182.0000    	  3183.0000    	 0.14531715E-01	 0.47851044E-04
  3183.0000    	  3184.0000    	 0.15563915E-01	 0.47830951E-04
  3184.0000    	  3185.0000    	 0.16436194E-01	 0.48097780E-04
  3185.0000    	  3186.0000    	 0.16777358E-01	 0.47720011E-04
  3186.0000    	  3187.0000    	 0.16751991E-01	 0.47601070E-04
  3187.0000    	  3188.0000    	 0.15605294E-01	 0.45326384E-04
  3188.0000    	  3189.0000    	 0.13666603E-01	 0.40586888E-04
  3189.0000    	  3190.0000    	 0.11030681E-01	 0.38918745E-04
  3190.0000    	  3191.0000    	 0.12293204E-01	 0.60145864E-04
  3191.0000    	  3192.0000    	 0.12654750E-01	 0.53609869E-04
  3192.0000    	  3193.0000    	 0.13469648E-01	 0.49669316E-04
  3193.0000    	  3194.0000    	 0.14426135E-01	 0.48309381E-04
  3194.0000    	  3195.0000    	 0.15463235E-01	 0.47865618E-04
  3195.0000    	  3196.0000    	 0.16331048E-01	 0.48129721E-04
  3196.0000    	  3197.0000    	 0.16752423E-01	 0.47177847E-04
  3197.0000    	  3198.0000    	 0.16567892E-01	 0.46856044E-04
  3198.0000    	  3199.0000    	 0.15460658E-01	 0.41207300E-04
  3199.0000    	  3200.0000    	 0.13547344E-01	 0.40918071E-04
  3200.0000    	  3201.0000    	 0.10897081E-01	 0.37774177E-04
  3201.0000    	  3202.0000    	 0.12101616E-01	 0.59564251E-04
  3202.0000    	  3203.0000    	 0.12635782E-01	 0.53410448E-04
  3203.0000    	  3204.0000    	 0.13278735E-01	 0.49564127E-04
  3204.0000    	  3205.0000    	 0.14246384E-01	 0.47493294E-04
  3205.0000    	  3206.0000    	 0.15279900E-01	 0.47167713E-04
  3206.0000    	  3207.0000    	 0.16128425E-01	 0.46907690E-04
  3207.0000    	  3208.0000    	 0.16603851E-01	 0.49860195E-04
  3208.0000    	  3209.0000    	 0.16354978E-01	 0.44611017E-04
  3209.0000    	  3210.0000    	 0.15311047E-01	 0.40851680E-04
  3210.0000    	  3211.0000    	 0.13320475E-01	 0.38185508E-04
  3211.0000    	  3212.0000    	 0.10738457E-01	 0.38003743E-04
  3212.0000    	  3213.0000    	 0.12118067E-01	 0.60034994E-04
  3213.0000    	  3214.0000    	 0.12399510E-01	 0.53077279E-04
  3214.0000    	  3215.0000    	 0.13161976E-01	 0.49367975E-04
  3215.0000    	  3216.0000    	 0.14166778E-01	 0.48022271E-04
  3216.0000    	  3217.0000    	 0.15082204E-01	 0.47643122E-04
  3217.0000    	  3218.0000    	 0.16044357E-01	 0.46779947E-04
  3218.0000    	  3219.0000    	 0.16466745E-01	 0.46599162E-04
  3219.0000    	  3220.0000    	 0.16177928E-01	 0.43297342E-04
  3220.0000    	  3221.0000    	 0.15116780E-01	 0.41178226E-04
  3221.0000    	  3222.0000    	 0.13159509E-01	 0.37377499E-04
  3222.0000    	  3223.0000    	 0.10605267E-01	 0.37244126E-04
  3223.0000    	  3224.0000    	 0.12021459E-01	 0.59459310E-04
  3224.0000    	  3225.0000    	 0.12375862E-01	 0.52792761E-04
  3225.0000    	  3226.0000    	 0.13086568E-01	 0.49664030E-04
  3226.0000    	  3227.0000    	 0.13987944E-01	 0.47020353E-04
  3227.0000    	  3228.0000    	 0.15017329E-01	 0.46607952E-04
  3228.0000    	  3229.0000    	 0.15833250E-01	 0.46268885E-04
  3229.0000    	  3230.0000    	 0.16243560E-01	 0.44984134E-04
  3230.0000    	  3231.0000    	 0.15975402E-01	 0.42279323E-04
  3231.0000    	  3232.0000    	 0.14982228E-01	 0.38949548E-04
  3232.0000    	  3233.0000    	 0.13048744E-01	 0.36878168E-04
  3233.0000    	  3234.0000    	 0.10441622E-01	 0.35790002E-04
  3234.0000    	  3235.0000    	 0.11805661E-01	 0.59118137E-04
  3235.0000    	  3236.0000    	 0.12280581E-01	 0.54051382E-04
  3236.0000    	  3237.0000    	 0.12917149E-01	 0.49347596E-04
  3237.0000    	  3238.0000    	 0.13862115E-01	 0.47138001E-04
  3238.0000    	  3239.0000    	 0.14914643E-01	 0.46646238E-04
  3239.0000    	  3240.0000    	 0.15720905E-01	 0.45926142E-04
  3240.0000    	  3241.0000    	 0.16074965E-01	 0.44522009E-04
  3241.0000    	  3242.0000    	 0.15840712E-01	 0.42038841E-04
  3242.0000    	  3243.0000    	 0.14736109E-01	 0.37542493E-04
  3243.0000    	  3244.0000    	 0.12869120E-01	 0.35810941E-04
  3244.0000    	  3245.0000    	 0.10307053E-01	 0.35516660E-04
  3245.0000    	  3246.0000    	 0.11687752E-01	 0.58809764E-04
  3246.0000    	  3247.0000    	 0.12173887E-01	 0.52539694E-04
  3247.0000    	  3248.0000    	 0.12851600E-01	 0.48729773E-04
  3248.0000    	  3249.0000    	 0.13826200E-01	 0.46964041E-04
  3249.0000    	  3250.0000    	 0.14725287E-01	 0.45774734E-04
  3250.0000    	  3251.0000    	 0.15562992E-01	 0.45683721E-04
  3251.0000    	  3252.0000    	 0.15992462E-01	 0.44141010E-04
  3252.0000    	  3253.0000    	 0.15677000E-01	 0.41390223E-04
  3253.0000    	  3254.0000    	 0.14569507E-01	 0.36785028E-04
  3254.0000    	  3255.0000    	 0.12717195E-01	 0.35359866E-04
  3255.0000    	  3256.0000    	 0.10159239E-01	 0.34490648E-04
  3256.0000    	  3257.0000    	 0.11624582E-01	 0.59899883E-04
  3257.0000    	  3258.0000    	 0.12062474E-01	 0.52218428E-04
  3258.0000    	  3259.0000    	 0.12752603E-01	 0.48338719E-04
  3259.0000    	  3260.0000    	 0.13701522E-01	 0.46761803E-04
  3260.0000    	  3261.0000    	 0.14693342E-01	 0.46015120E-04
  3261.0000    	  3262.0000    	 0.15413697E-01	 0.45892703E-04
  3262.0000    	  3263.0000    	 0.15750904E-01	 0.43516750E-04
  3263.0000    	  3264.0000    	 0.15477744E-01	 0.40142263E-04
  3264.0000    	  3265.0000    	 0.14419642E-01	 0.35973571E-04
  3265.0000    	  3266.0000    	 0.12484270E-01	 0.34831498E-04
  3266.0000    	  3267.0000    	 0.10039166E-01	 0.33614828E-04
  3267.0000    	  3268.0000    	 0.11249329E-01	 0.57353358E-04
  3268.0000    	  3269.0000    	 0.12005998E-01	 0.52167018E-04
  3269.0000    	  3270.0000    	 0.12604290E-01	 0.47877396E-04
  3270.0000    	  3271.0000    	 0.13569665E-01	 0.46287271E-04
  3271.0000    	  3272.0000    	 0.14523752E-01	 0.45378403E-04
  3272.0000    	  3273.0000    	 0.15290054E-01	 0.44930368E-04
  3273.0000    	  3274.0000    	 0.15583324E-01	 0.43007343E-04
  3274.0000    	  3275.0000    	 0.15315538E-01	 0.40057678E-04
  3275.0000    	  3276.0000    	 0.14238909E-01	 0.36669811E-04
  3276.0000    	  3277.0000    	 0.12422242E-01	 0.34636001E-04
  3277.0000    	  3278.0000    	 0.98454303E-02	 0.33861365E-04
  3278.0000    	  3279.0000    	 0.20503943E-02	 0.24857415E-04
  3279.0000    	  3280.0000    	 0.11890819E-01	 0.52392011E-04
  3280.0000    	  3281.0000    	 0.12600883E-01	 0.48148976E-04
  3281.0000    	  3282.0000    	 0.13183642E-01	 0.45548887E-04
  3282.0000    	  3283.0000    	 0.14384256E-01	 0.45174746E-04
  3283.0000    	  3284.0000    	 0.15121508E-01	 0.44624411E-04
  3284.0000    	  3285.0000    	 0.15469364E-01	 0.42740167E-04
  3285.0000    	  3286.0000    	 0.15198470E-01	 0.39620496E-04
  3286.0000    	  3287.0000    	 0.14100026E-01	 0.36346500E-04
  3287.0000    	  3288.0000    	 0.12201757E-01	 0.33296431E-04
  3288.0000    	  3289.0000    	 0.97261823E-02	 0.32714347E-04
  3289.0000    	  3290.0000    	 0.11375769E-01	 0.57948820E-04
  3290.0000    	  3291.0000    	 0.11832496E-01	 0.52226682E-04
  3291.0000    	  3292.0000    	 0.12433435E-01	 0.48200108E-04
  3292.0000    	  3293.0000    	 0.13357175E-01	 0.45603431E-04
  3293.0000    	  3294.0000    	 0.14221791E-01	 0.45422334E-04
  3294.0000    	  3295.0000    	 0.14901697E-01	 0.43718850E-04
  3295.0000    	  3296.0000    	 0.15278860E-01	 0.42189968E-04
  3296.0000    	  3297.0000    	 0.14971241E-01	 0.38726018E-04
  3297.0000    	  3298.0000    	 0.13908366E-01	 0.34559165E-04
  3298.0000    	  3299.0000    	 0.12024432E-01	 0.32634655E-04
  3299.0000    	  3300.0000    	 0.95838520E-02	 0.32669502E-04
  3300.0000    	  3301.0000    	 0.11226829E-01	 0.57990451E-04
  3301.0000    	  3302.0000    	 0.11735347E-01	 0.51978577E-04
  3302.0000    	  3303.0000    	 0.12348641E-01	 0.47803670E-04
  3303.0000    	  3304.0000    	 0.13184000E-01	 0.45639093E-04
  3304.0000    	  3305.0000    	 0.14071960E-01	 0.44695202E-04
  3305.0000    	  3306.0000    	 0.14802152E-01	 0.44218452E-04
  3306.0000    	  3307.0000    	 0.15199869E-01	 0.42055531E-04
  3307.0000    	  3308.0000    	 0.14856766E-01	 0.38902715E-04
  3308.0000    	  3309.0000    	 0.13800139E-01	 0.35064245E-04
  3309.0000    	  3310.0000    	 0.11891644E-01	 0.32724891E-04
  3310.0000    	  3311.0000    	 0.94226387E-02	 0.31170017E-04
  3311.0000    	  3312.0000    	 0.11224881E-01	 0.58226878E-04
  3312.0000    	  3313.0000    	 0.11583692E-01	 0.51697911E-04
  3313.0000    	  3314.0000    	 0.12283245E-01	 0.47593408E-04
  3314.0000    	  3315.0000    	 0.13116588E-01	 0.45516641E-04
  3315.0000    	  3316.0000    	 0.14015233E-01	 0.44440325E-04
  3316.0000    	  3317.0000    	 0.14734578E-01	 0.43418865E-04
  3317.0000    	  3318.0000    	 0.15013235E-01	 0.41445549E-04
  3318.0000    	  3319.0000    	 0.14702608E-01	 0.38192872E-04
  3319.0000    	  3320.0000    	 0.13607345E-01	 0.33446450E-04
  3320.0000    	  3321.0000    	 0.11759797E-01	 0.32739754E-04
  3321.0000    	  3322.0000    	 0.93412938E-02	 0.31479318E-04
  3322.0000    	  3323.0000    	 0.11184806E-01	 0.57761771E-04
  3323.0000    	  3324.0000    	 0.11500900E-01	 0.54498080E-04
  3324.0000    	  3325.0000    	 0.12220555E-01	 0.47568213E-04
  3325.0000    	  3326.0000    	 0.12969603E-01	 0.45759955E-04
  3326.0000    	  3327.0000    	 0.13755963E-01	 0.43777667E-04
  3327.0000    	  3328.0000    	 0.14604620E-01	 0.43122406E-04
  3328.0000    	  3329.0000    	 0.14837915E-01	 0.41267083E-04
  3329.0000    	  3330.0000    	 0.14543098E-01	 0.37883278E-04
  3330.0000    	  3331.0000    	 0.13420050E-01	 0.33276316E-04
  3331.0000    	  3332.0000    	 0.11645086E-01	 0.32746103E-04
  3332.0000    	  3333.0000    	 0.91716377E-02	 0.32186834E-04
  3333.0000    	  3334.0000    	 0.11007426E-01	 0.57127183E-04
  3334.0000    	  3335.0000    	 0.11435209E-01	 0.51736928E-04
  3335.0000    	  3336.0000    	 0.12001455E-01	 0.47159309E-04
  3336.0000    	  3337.0000    	 0.12890403E-01	 0.44730006E-04
  3337.0000    	  3338.0000    	 0.13774448E-01	 0.43735372E-04
  3338.0000    	  3339.0000    	 0.14425237E-01	 0.43239351E-04
  3339.0000    	  3340.0000    	 0.14702398E-01	 0.41405605E-04
  3340.0000    	  3341.0000    	 0.14351321E-01	 0.37420775E-04
  3341.0000    	  3342.0000    	 0.13349962E-01	 0.34037724E-04
  3342.0000    	  3343.0000    	 0.11451690E-01	 0.31324621E-04
  3343.0000    	  3344.0000    	 0.90520565E-02	 0.30461678E-04
  3344.0000    	  3345.0000    	 0.10964965E-01	 0.57599720E-04
  3345.0000    	  3346.0000    	 0.11320198E-01	 0.51183675E-04
  3346.0000    	  3347.0000    	 0.11837596E-01	 0.47167696E-04
  3347.0000    	  3348.0000    	 0.12770601E-01	 0.44760224E-04
  3348.0000    	  3349.0000    	 0.13617567E-01	 0.43672850E-04
  3349.0000    	  3350.0000    	 0.14255582E-01	 0.43092557E-04
  3350.0000    	  3351.0000    	 0.14576086E-01	 0.40701240E-04
  3351.0000    	  3352.0000    	 0.14221024E-01	 0.36852483E-04
  3352.0000    	  3353.0000    	 0.13093116E-01	 0.32817132E-04
  3353.0000    	  3354.0000    	 0.11308220E-01	 0.30518603E-04
  3354.0000    	  3355.0000    	 0.89084034E-02	 0.30390022E-04
  3355.0000    	  3356.0000    	 0.10934539E-01	 0.57465792E-04
  3356.0000    	  3357.0000    	 0.11210680E-01	 0.50919858E-04
  3357.0000    	  3358.0000    	 0.11849142E-01	 0.47002789E-04
  3358.0000    	  3359.0000    	 0.12609634E-01	 0.44274039E-04
  3359.0000    	  3360.0000    	 0.13512393E-01	 0.43436084E-04
  3360.0000    	  3361.0000    	 0.14181400E-01	 0.42320987E-04
  3361.0000    	  3362.0000    	 0.14345272E-01	 0.40057785E-04
  3362.0000    	  3363.0000    	 0.14029865E-01	 0.36126198E-04
  3363.0000    	  3364.0000    	 0.12983115E-01	 0.33030551E-04
  3364.0000    	  3365.0000    	 0.11152047E-01	 0.30323230E-04
  3365.0000    	  3366.0000    	 0.87953606E-02	 0.29465784E-04
  3366.0000    	  3367.0000    	 0.10787275E-01	 0.57071446E-04
  3367.0000    	  3368.0000    	 0.11112686E-01	 0.52139286E-04
  3368.0000    	  3369.0000    	 0.11796445E-01	 0.47044577E-04
  3369.0000    	  3370.0000    	 0.12522823E-01	 0.44130236E-04
  3370.0000    	  3371.0000    	 0.13340370E-01	 0.42822361E-04
  3371.0000    	  3372.0000    	 0.14043202E-01	 0.41713951E-04
  3372.0000    	  3373.0000    	 0.14251889E-01	 0.39719013E-04
  3373.0000    	  3374.0000    	 0.13907937E-01	 0.36178700E-04
  3374.0000    	  3375.0000    	 0.12860607E-01	 0.33234732E-04
  3375.0000    	  3376.0000    	 0.10956824E-01	 0.29387107E-04
  3376.0000    	  3377.0000    	 0.86392794E-02	 0.29864558E-04
  3377.0000    	  3378.0000    	 0.10685439E-01	 0.56377110E-04
  3378.0000    	  3379.0000    	 0.10994913E-01	 0.50550865E-04
  3379.0000    	  3380.0000    	 0.11635401E-01	 0.46386809E-04
  3380.0000    	  3381.0000    	 0.12396670E-01	 0.44051258E-04
  3381.0000    	  3382.0000    	 0.13246028E-01	 0.42543726E-04
  3382.0000    	  3383.0000    	 0.13850792E-01	 0.41172175E-04
  3383.0000    	  3384.0000    	 0.14155513E-01	 0.39956299E-04
  3384.0000    	  3385.0000    	 0.13753138E-01	 0.36337249E-04
  3385.0000    	  3386.0000    	 0.12645207E-01	 0.31694550E-04
  3386.0000    	  3387.0000    	 0.10876109E-01	 0.31354969E-04
  3387.0000    	  3388.0000    	 0.85129704E-02	 0.29323044E-04
  3388.0000    	  3389.0000    	 0.10573885E-01	 0.56262978E-04
  3389.0000    	  3390.0000    	 0.10991021E-01	 0.50489634E-04
  3390.0000    	  3391.0000    	 0.11466927E-01	 0.46019187E-04
  3391.0000    	  3392.0000    	 0.12329611E-01	 0.43827260E-04
  3392.0000    	  3393.0000    	 0.13140158E-01	 0.42437610E-04
  3393.0000    	  3394.0000    	 0.13755587E-01	 0.41184029E-04
  3394.0000    	  3395.0000    	 0.13959101E-01	 0.38934021E-04
  3395.0000    	  3396.0000    	 0.13614091E-01	 0.35573118E-04
  3396.0000    	  3397.0000    	 0.12459939E-01	 0.30818902E-04
  3397.0000    	  3398.0000    	 0.10695259E-01	 0.28850897E-04
  3398.0000    	  3399.0000    	 0.84082516E-02	 0.28702833E-04
  3399.0000    	  3400.0000    	 0.10525093E-01	 0.56219350E-04
  3400.0000    	  3401.0000    	 0.10833667E-01	 0.49964223E-04
  3401.0000    	  3402.0000    	 0.11444754E-01	 0.46180175E-04
  3402.0000    	  3403.0000    	 0.12259176E-01	 0.43838200E-04
  3403.0000    	  3404.0000    	 0.13015454E-01	 0.42680266E-04
  3404.0000    	  3405.0000    	 0.13579110E-01	 0.40757652E-04
  3405.0000    	  3406.0000    	 0.13816460E-01	 0.38889676E-04
  3406.0000    	  3407.0000    	 0.13485403E-01	 0.37277968E-04
  3407.0000    	  3408.0000    	 0.12358163E-01	 0.30886299E-04
  3408.0000    	  3409.0000    	 0.10582054E-01	 0.29428429E-04
  3409.0000    	  3410.0000    	 0.83140895E-02	 0.29210686E-04
  3410.0000    	  3411.0000    	 0.10431736E-01	 0.55989583E-04
  3411.0000    	  3412.0000    	 0.10766700E-01	 0.51134235E-04
  3412.0000    	  3413.0000    	 0.11338947E-01	 0.46007863E-04
  3413.0000    	  3414.0000    	 0.12156211E-01	 0.43824033E-04
  3414.0000    	  3415.0000    	 0.12888371E-01	 0.42444161E-04
  3415.0000    	  3416.0000    	 0.13478831E-01	 0.40841444E-04
  3416.0000    	  3417.0000    	 0.13692489E-01	 0.38442949E-04
  3417.0000    	  3418.0000    	 0.13375456E-01	 0.34851833E-04
  3418.0000    	  3419.0000    	 0.12209858E-01	 0.30641000E-04
  3419.0000    	  3420.0000    	 0.10434089E-01	 0.28790502E-04
  3420.0000    	  3421.0000    	 0.82136846E-02	 0.28496427E-04
  3421.0000    	  3422.0000    	 0.10332171E-01	 0.55809821E-04
  3422.0000    	  3423.0000    	 0.10612530E-01	 0.49895264E-04
  3423.0000    	  3424.0000    	 0.11369506E-01	 0.46080149E-04
  3424.0000    	  3425.0000    	 0.11925624E-01	 0.42850032E-04
  3425.0000    	  3426.0000    	 0.12753839E-01	 0.41621941E-04
  3426.0000    	  3427.0000    	 0.13366883E-01	 0.40351046E-04
  3427.0000    	  3428.0000    	 0.13580576E-01	 0.38286471E-04
  3428.0000    	  3429.0000    	 0.13160527E-01	 0.34906672E-04
  3429.0000    	  3430.0000    	 0.12100939E-01	 0.30554425E-04
  3430.0000    	  3431.0000    	 0.10307639E-01	 0.28658794E-04
  3431.0000    	  3432.0000    	 0.80703293E-02	 0.28894405E-04
  3432.0000    	  3433.0000    	 0.10303684E-01	 0.56113790E-04
  3433.0000    	  3434.0000    	 0.10176251E-01	 0.48667693E-04
  3434.0000    	  3435.0000    	 0.11129253E-01	 0.45522131E-04
  3435.0000    	  3436.0000    	 0.11905970E-01	 0.43068922E-04
  3436.0000    	  3437.0000    	 0.12661481E-01	 0.41484635E-04
  3437.0000    	  3438.0000    	 0.13236741E-01	 0.39927169E-04
  3438.0000    	  3439.0000    	 0.13427012E-01	 0.38083025E-04
  3439.0000    	  3440.0000    	 0.13032113E-01	 0.34420182E-04
  3440.0000    	  3441.0000    	 0.11920412E-01	 0.29959367E-04
  3441.0000    	  3442.0000    	 0.10238149E-01	 0.28492262E-04
  3442.0000    	  3443.0000    	 0.79249832E-02	 0.28043952E-04
  3443.0000    	  3444.0000    	 0.10179201E-01	 0.55438782E-04
  3444.0000    	  3445.0000    	 0.10591351E-01	 0.50045960E-04
  3445.0000    	  3446.0000    	 0.11140791E-01	 0.45552343E-04
  3446.0000    	  3447.0000    	 0.11804355E-01	 0.42841909E-04
  3447.0000    	  3448.0000    	 0.12561776E-01	 0.41203020E-04
  3448.0000    	  3449.0000    	 0.13087109E-01	 0.39930874E-04
  3449.0000    	  3450.0000    	 0.13326140E-01	 0.38025328E-04
  3450.0000    	  3451.0000    	 0.12872672E-01	 0.34086357E-04
  3451.0000    	  3452.0000    	 0.11837080E-01	 0.31042945E-04
  3452.0000    	  3453.0000    	 0.10023007E-01	 0.27629851E-04
  3453.0000    	  3454.0000    	 0.78499523E-02	 0.27178848E-04
  3454.0000    	  3455.0000    	 0.99460049E-02	 0.55447815E-04
  3455.0000    	  3456.0000    	 0.10420069E-01	 0.49470337E-04
  3456.0000    	  3457.0000    	 0.10976377E-01	 0.45263334E-04
  3457.0000    	  3458.0000    	 0.11712359E-01	 0.42625672E-04
  3458.0000    	  3459.0000    	 0.12465150E-01	 0.41669439E-04
  3459.0000    	  3460.0000    	 0.12968168E-01	 0.39365603E-04
  3460.0000    	  3461.0000    	 0.13122970E-01	 0.36878966E-04
  3461.0000    	  3462.0000    	 0.12777588E-01	 0.33549701E-04
  3462.0000    	  3463.0000    	 0.11671090E-01	 0.30181985E-04
  3463.0000    	  3464.0000    	 0.98429737E-02	 0.27334459E-04
  3464.0000    	  3465.0000    	 0.77093380E-02	 0.27026723E-04
  3465.0000    	  3466.0000    	 0.95201791E-02	 0.53874556E-04
  3466.0000    	  3467.0000    	 0.10238665E-01	 0.49133618E-04
  3467.0000    	  3468.0000    	 0.10869422E-01	 0.44872712E-04
  3468.0000    	  3469.0000    	 0.11620987E-01	 0.42610056E-04
  3469.0000    	  3470.0000    	 0.12352391E-01	 0.41155461E-04
  3470.0000    	  3471.0000    	 0.12866808E-01	 0.39357457E-04
  3471.0000    	  3472.0000    	 0.13020538E-01	 0.37066102E-04
  3472.0000    	  3473.0000    	 0.12573055E-01	 0.33424802E-04
  3473.0000    	  3474.0000    	 0.11487281E-01	 0.29654169E-04
  3474.0000    	  3475.0000    	 0.98220890E-02	 0.27335701E-04
  3475.0000    	  3476.0000    	 0.75830780E-02	 0.27238548E-04
  3476.0000    	  3477.0000    	 0.99607171E-02	 0.55027054E-04
  3477.0000    	  3478.0000    	 0.10222943E-01	 0.49289887E-04
  3478.0000    	  3479.0000    	 0.10844125E-01	 0.45320757E-04
  3479.0000    	  3480.0000    	 0.11489025E-01	 0.42205828E-04
  3480.0000    	  3481.0000    	 0.12239516E-01	 0.40507738E-04
  3481.0000    	  3482.0000    	 0.12756380E-01	 0.38952304E-04
  3482.0000    	  3483.0000    	 0.12864962E-01	 0.36678683E-04
  3483.0000    	  3484.0000    	 0.12437851E-01	 0.33118134E-04
  3484.0000    	  3485.0000    	 0.11400388E-01	 0.30066699E-04
  3485.0000    	  3486.0000    	 0.96651269E-02	 0.27285406E-04
  3486.0000    	  3487.0000    	 0.75273837E-02	 0.26828579E-04
  3487.0000    	  3488.0000    	 0.95397006E-02	 0.55635407E-04
  3488.0000    	  3489.0000    	 0.51824987E-02	 0.34925612E-04
  3489.0000    	  3490.0000    	 0.10756187E-01	 0.45430360E-04
  3490.0000    	  3491.0000    	 0.11382624E-01	 0.42102798E-04
  3491.0000    	  3492.0000    	 0.12164711E-01	 0.40218333E-04
  3492.0000    	  3493.0000    	 0.12607989E-01	 0.38803681E-04
  3493.0000    	  3494.0000    	 0.12803039E-01	 0.37291072E-04
  3494.0000    	  3495.0000    	 0.12314244E-01	 0.32624620E-04
  3495.0000    	  3496.0000    	 0.11246512E-01	 0.28698652E-04
  3496.0000    	  3497.0000    	 0.95273331E-02	 0.26699257E-04
  3497.0000    	  3498.0000    	 0.73873124E-02	 0.27171162E-04
  3498.0000    	  3499.0000    	 0.97043710E-02	 0.54490426E-04
  3499.0000    	  3500.0000    	 0.99343443E-02	 0.48764579E-04
  3500.0000    	  3501.0000    	 0.10390728E-01	 0.44130855E-04
  3501.0000    	  3502.0000    	 0.11275862E-01	 0.41398197E-04
  3502.0000    	  3503.0000    	 0.11946503E-01	 0.39865238E-04
  3503.0000    	  3504.0000    	 0.12469581E-01	 0.38622447E-04
  3504.0000    	  3505.0000    	 0.12604522E-01	 0.36229139E-04
  3505.0000    	  3506.0000    	 0.12203074E-01	 0.32550135E-04
  3506.0000    	  3507.0000    	 0.11081544E-01	 0.28055948E-04
  3507.0000    	  3508.0000    	 0.93672572E-02	 0.26162776E-04
  3508.0000    	  3509.0000    	 0.72397392E-02	 0.25145496E-04
  3509.0000    	  3510.0000    	 0.18648194E-02	 0.23931577E-04
  3510.0000    	  3511.0000    	 0.10041670E-01	 0.48983066E-04
  3511.0000    	  3512.0000    	 0.10472701E-01	 0.44320555E-04
  3512.0000    	  3513.0000    	 0.11232537E-01	 0.41852869E-04
  3513.0000    	  3514.0000    	 0.11878169E-01	 0.40181784E-04
  3514.0000    	  3515.0000    	 0.12369282E-01	 0.38277852E-04
  3515.0000    	  3516.0000    	 0.12484861E-01	 0.35872520E-04
  3516.0000    	  3517.0000    	 0.12052408E-01	 0.31999572E-04
  3517.0000    	  3518.0000    	 0.10918948E-01	 0.27913966E-04
  3518.0000    	  3519.0000    	 0.93096544E-02	 0.26601855E-04
  3519.0000    	  3520.0000    	 0.71788496E-02	 0.26388506E-04
  3520.0000    	  3521.0000    	 0.95971838E-02	 0.54234241E-04
  3521.0000    	  3522.0000    	 0.98146443E-02	 0.48074866E-04
  3522.0000    	  3523.0000    	 0.10438894E-01	 0.44999935E-04
  3523.0000    	  3524.0000    	 0.11087302E-01	 0.41831588E-04
  3524.0000    	  3525.0000    	 0.11773291E-01	 0.39710134E-04
  3525.0000    	  3526.0000    	 0.12299915E-01	 0.37918028E-04
  3526.0000    	  3527.0000    	 0.12361836E-01	 0.36119641E-04
  3527.0000    	  3528.0000    	 0.11959165E-01	 0.32540639E-04
  3528.0000    	  3529.0000    	 0.10852804E-01	 0.28421727E-04
  3529.0000    	  3530.0000    	 0.91683114E-02	 0.26082207E-04
  3530.0000    	  3531.0000    	 0.70949794E-02	 0.27058462E-04
  3531.0000    	  3532.0000    	 0.94927459E-02	 0.54091988E-04
  3532.0000    	  3533.0000    	 0.88097110E-02	 0.45776768E-04
  3533.0000    	  3534.0000    	 0.10414699E-01	 0.44443465E-04
  3534.0000    	  3535.0000    	 0.11058881E-01	 0.41321326E-04
  3535.0000    	  3536.0000    	 0.11652625E-01	 0.39509036E-04
  3536.0000    	  3537.0000    	 0.12189491E-01	 0.38073435E-04
  3537.0000    	  3538.0000    	 0.12260345E-01	 0.35475467E-04
  3538.0000    	  3539.0000    	 0.11771089E-01	 0.31488421E-04
  3539.0000    	  3540.0000    	 0.10741850E-01	 0.27940079E-04
  3540.0000    	  3541.0000    	 0.90731564E-02	 0.25994068E-04
  3541.0000    	  3542.0000    	 0.69770480E-02	 0.25317304E-04
  3542.0000    	  3543.0000    	 0.95134128E-02	 0.54273800E-04
  3543.0000    	  3544.0000    	 0.97159919E-02	 0.48228452E-04
  3544.0000    	  3545.0000    	 0.10236959E-01	 0.43996483E-04
  3545.0000    	  3546.0000    	 0.10899177E-01	 0.41052279E-04
  3546.0000    	  3547.0000    	 0.11556119E-01	 0.39266002E-04
  3547.0000    	  3548.0000    	 0.12011735E-01	 0.37646315E-04
  3548.0000    	  3549.0000    	 0.12116910E-01	 0.35424254E-04
  3549.0000    	  3550.0000    	 0.11725620E-01	 0.31897696E-04
  3550.0000    	  3551.0000    	 0.10573563E-01	 0.27812949E-04
  3551.0000    	  3552.0000    	 0.89478524E-02	 0.26450083E-04
  3552.0000    	  3553.0000    	 0.68453641E-02	 0.25281300E-04
  3553.0000    	  3554.0000    	 0.93332875E-02	 0.53336216E-04
  3554.0000    	  3555.0000    	 0.96791034E-02	 0.48082837E-04
  3555.0000    	  3556.0000    	 0.10170210E-01	 0.44316861E-04
  3556.0000    	  3557.0000    	 0.10821338E-01	 0.40973625E-04
  3557.0000    	  3558.0000    	 0.11453620E-01	 0.39013776E-04
  3558.0000    	  3559.0000    	 0.11885408E-01	 0.37268184E-04
  3559.0000    	  3560.0000    	 0.11979564E-01	 0.34763502E-04
  3560.0000    	  3561.0000    	 0.11571352E-01	 0.31499569E-04
  3561.0000    	  3562.0000    	 0.10496374E-01	 0.27953402E-04
  3562.0000    	  3563.0000    	 0.88116597E-02	 0.25245801E-04
  3563.0000    	  3564.0000    	 0.67862054E-02	 0.25410540E-04
  3564.0000    	  3565.0000    	 0.92327707E-02	 0.53096845E-04
  3565.0000    	  3566.0000    	 0.95857684E-02	 0.49313223E-04
  3566.0000    	  3567.0000    	 0.10094022E-01	 0.43735958E-04
  3567.0000    	  3568.0000    	 0.10715654E-01	 0.41070495E-04
  3568.0000    	  3569.0000    	 0.11328194E-01	 0.38965388E-04
  3569.0000    	  3570.0000    	 0.11783863E-01	 0.37260148E-04
  3570.0000    	  3571.0000    	 0.11869111E-01	 0.34840912E-04
  3571.0000    	  3572.0000    	 0.11390459E-01	 0.31354566E-04
  3572.0000    	  3573.0000    	 0.10340420E-01	 0.27457797E-04
  3573.0000    	  3574.0000    	 0.86997680E-02	 0.25156893E-04
  3574.0000    	  3575.0000    	 0.66928776E-02	 0.24518839E-04
  3575.0000    	  3576.0000    	 0.90407491E-02	 0.52816159E-04
  3576.0000    	  3577.0000    	 0.95841045E-02	 0.48803582E-04
  3577.0000    	  3578.0000    	 0.99904707E-02	 0.43723136E-04
  3578.0000    	  3579.0000    	 0.10727273E-01	 0.40817498E-04
  3579.0000    	  3580.0000    	 0.11234298E-01	 0.39267156E-04
  3580.0000    	  3581.0000    	 0.11661834E-01	 0.36754594E-04
  3581.0000    	  3582.0000    	 0.11772137E-01	 0.34730949E-04
  3582.0000    	  3583.0000    	 0.11317911E-01	 0.30807995E-04
  3583.0000    	  3584.0000    	 0.10203194E-01	 0.26909211E-04
  3584.0000    	  3585.0000    	 0.85950143E-02	 0.24836098E-04
  3585.0000    	  3586.0000    	 0.65767980E-02	 0.25434753E-04
  3586.0000    	  3587.0000    	 0.27050900E-02	 0.28789756E-04
  3587.0000    	  3588.0000    	 0.94345146E-02	 0.47822163E-04
  3588.0000    	  3589.0000    	 0.99439568E-02	 0.44057905E-04
  3589.0000    	  3590.0000    	 0.10543983E-01	 0.40294289E-04
  3590.0000    	  3591.0000    	 0.11163850E-01	 0.38561908E-04
  3591.0000    	  3592.0000    	 0.11577221E-01	 0.37181468E-04
  3592.0000    	  3593.0000    	 0.11641307E-01	 0.34511496E-04
  3593.0000    	  3594.0000    	 0.11181400E-01	 0.30724925E-04
  3594.0000    	  3595.0000    	 0.10094075E-01	 0.26915937E-04
  3595.0000    	  3596.0000    	 0.84565318E-02	 0.24278108E-04
  3596.0000    	  3597.0000    	 0.64627319E-02	 0.23878076E-04
  3597.0000    	  3598.0000    	 0.89997380E-02	 0.52452298E-04
  3598.0000    	  3599.0000    	 0.93625375E-02	 0.47681838E-04
  3599.0000    	  3600.0000    	 0.98605185E-02	 0.43286224E-04
  3600.0000    	  3601.0000    	 0.10332470E-01	 0.40171985E-04
  3601.0000    	  3602.0000    	 0.11028001E-01	 0.38127370E-04
  3602.0000    	  3603.0000    	 0.11443329E-01	 0.36424573E-04
  3603.0000    	  3604.0000    	 0.11500872E-01	 0.34002472E-04
  3604.0000    	  3605.0000    	 0.11086156E-01	 0.30779308E-04
  3605.0000    	  3606.0000    	 0.10015233E-01	 0.26492266E-04
  3606.0000    	  3607.0000    	 0.83742244E-02	 0.24506627E-04
  3607.0000    	  3608.0000    	 0.64121593E-02	 0.23978697E-04
  3608.0000    	  3609.0000    	 0.87839741E-02	 0.52264237E-04
  3609.0000    	  3610.0000    	 0.91549364E-02	 0.46969663E-04
  3610.0000    	  3611.0000    	 0.97066269E-02	 0.43033574E-04
  3611.0000    	  3612.0000    	 0.10286232E-01	 0.39675200E-04
  3612.0000    	  3613.0000    	 0.10899662E-01	 0.37926625E-04
  3613.0000    	  3614.0000    	 0.11361796E-01	 0.36404800E-04
  3614.0000    	  3615.0000    	 0.11386353E-01	 0.33807775E-04
  3615.0000    	  3616.0000    	 0.10915615E-01	 0.30235657E-04
  3616.0000    	  3617.0000    	 0.98830931E-02	 0.26654154E-04
  3617.0000    	  3618.0000    	 0.82535745E-02	 0.24088450E-04
  3618.0000    	  3619.0000    	 0.62711323E-02	 0.22998373E-04
  3619.0000    	  3620.0000    	 0.88389500E-02	 0.52063515E-04
  3620.0000    	  3621.0000    	 0.91715931E-02	 0.46743323E-04
  3621.0000    	  3622.0000    	 0.96879605E-02	 0.42817344E-04
  3622.0000    	  3623.0000    	 0.10298288E-01	 0.40130720E-04
  3623.0000    	  3624.0000    	 0.10865496E-01	 0.37827880E-04
  3624.0000    	  3625.0000    	 0.11249029E-01	 0.36019613E-04
  3625.0000    	  3626.0000    	 0.11330868E-01	 0.33943240E-04
  3626.0000    	  3627.0000    	 0.10827541E-01	 0.30194090E-04
  3627.0000    	  3628.0000    	 0.97051840E-02	 0.26225392E-04
  3628.0000    	  3629.0000    	 0.81598014E-02	 0.24244390E-04
  3629.0000    	  3630.0000    	 0.62010118E-02	 0.23562757E-04
  3630.0000    	  3631.0000    	 0.88411585E-02	 0.52963490E-04
  3631.0000    	  3632.0000    	 0.91047170E-02	 0.47098587E-04
  3632.0000    	  3633.0000    	 0.95752929E-02	 0.42765287E-04
  3633.0000    	  3634.0000    	 0.10175474E-01	 0.39816504E-04
  3634.0000    	  3635.0000    	 0.10719845E-01	 0.38187725E-04
  3635.0000    	  3636.0000    	 0.11133763E-01	 0.35796498E-04
  3636.0000    	  3637.0000    	 0.11121919E-01	 0.32984972E-04
  3637.0000    	  3638.0000    	 0.10650476E-01	 0.29802370E-04
  3638.0000    	  3639.0000    	 0.96199898E-02	 0.26013435E-04
  3639.0000    	  3640.0000    	 0.80471061E-02	 0.23642199E-04
  3640.0000    	  3641.0000    	 0.57344568E-02	 0.22367632E-04
  3641.0000    	  3642.0000    	 0.79535275E-02	 0.50524934E-04
  3642.0000    	  3643.0000    	 0.89462101E-02	 0.46523187E-04
  3643.0000    	  3644.0000    	 0.95383947E-02	 0.43669752E-04
  3644.0000    	  3645.0000    	 0.10038458E-01	 0.39487195E-04
  3645.0000    	  3646.0000    	 0.10683001E-01	 0.37917699E-04
  3646.0000    	  3647.0000    	 0.11007239E-01	 0.35690597E-04
  3647.0000    	  3648.0000    	 0.11066200E-01	 0.33304622E-04
  3648.0000    	  3649.0000    	 0.10570663E-01	 0.29149647E-04
  3649.0000    	  3650.0000    	 0.94910339E-02	 0.25575845E-04
  3650.0000    	  3651.0000    	 0.79191859E-02	 0.24115930E-04
  3651.0000    	  3652.0000    	 0.60242406E-02	 0.23290395E-04
  3652.0000    	  3653.0000    	 0.85513780E-02	 0.51268428E-04
  3653.0000    	  3654.0000    	 0.90034782E-02	 0.47111418E-04
  3654.0000    	  3655.0000    	 0.94482775E-02	 0.42602993E-04
  3655.0000    	  3656.0000    	 0.10087885E-01	 0.39711228E-04
  3656.0000    	  3657.0000    	 0.10552507E-01	 0.37124412E-04
  3657.0000    	  3658.0000    	 0.10927362E-01	 0.35788761E-04
  3658.0000    	  3659.0000    	 0.10967765E-01	 0.32760644E-04
  3659.0000    	  3660.0000    	 0.10470728E-01	 0.29521897E-04
  3660.0000    	  3661.0000    	 0.94361623E-02	 0.25864219E-04
  3661.0000    	  3662.0000    	 0.78578685E-02	 0.23111681E-04
  3662.0000    	  3663.0000    	 0.58986871E-02	 0.21941807E-04
  3663.0000    	  3664.0000    	 0.84905496E-02	 0.51118471E-04
  3664.0000    	  3665.0000    	 0.87905679E-02	 0.46145781E-04
  3665.0000    	  3666.0000    	 0.90716022E-02	 0.41806639E-04
  3666.0000    	  3667.0000    	 0.99167751E-02	 0.39381160E-04
  3667.0000    	  3668.0000    	 0.10392144E-01	 0.36806224E-04
  3668.0000    	  3669.0000    	 0.10795961E-01	 0.36343222E-04
  3669.0000    	  3670.0000    	 0.10788709E-01	 0.32522999E-04
  3670.0000    	  3671.0000    	 0.10348465E-01	 0.29462761E-04
  3671.0000    	  3672.0000    	 0.92857824E-02	 0.25116253E-04
  3672.0000    	  3673.0000    	 0.77136515E-02	 0.23088420E-04
  3673.0000    	  3674.0000    	 0.58773754E-02	 0.23342049E-04
  3674.0000    	  3675.0000    	 0.84874916E-02	 0.51517866E-04
  3675.0000    	  3676.0000    	 0.87746177E-02	 0.46468797E-04
  3676.0000    	  3677.0000    	 0.92585735E-02	 0.42630012E-04
  3677.0000    	  3678.0000    	 0.97962501E-02	 0.39042092E-04
  3678.0000    	  3679.0000    	 0.10415734E-01	 0.37247644E-04
  3679.0000    	  3680.0000    	 0.10713216E-01	 0.34901574E-04
  3680.0000    	  3681.0000    	 0.10702289E-01	 0.32565274E-04
  3681.0000    	  3682.0000    	 0.10193973E-01	 0.28474570E-04
  3682.0000    	  3683.0000    	 0.91895485E-02	 0.25311274E-04
  3683.0000    	  3684.0000    	 0.76215322E-02	 0.23649168E-04
  3684.0000    	  3685.0000    	 0.57446747E-02	 0.22830351E-04
  3685.0000    	  3686.0000    	 0.81564549E-02	 0.50032422E-04
  3686.0000    	  3687.0000    	 0.85116711E-02	 0.45231756E-04
  3687.0000    	  3688.0000    	 0.91123398E-02	 0.41734389E-04
  3688.0000    	  3689.0000    	 0.97255930E-02	 0.38816827E-04
  3689.0000    	  3690.0000    	 0.10239574E-01	 0.36903451E-04
  3690.0000    	  3691.0000    	 0.10604105E-01	 0.34700744E-04
  3691.0000    	  3692.0000    	 0.10642830E-01	 0.32361399E-04
  3692.0000    	  3693.0000    	 0.10153707E-01	 0.29155741E-04
  3693.0000    	  3694.0000    	 0.90665288E-02	 0.24586219E-04
  3694.0000    	  3695.0000    	 0.75278514E-02	 0.22878122E-04
  3695.0000    	  3696.0000    	 0.56932731E-02	 0.23933812E-04
  3696.0000    	  3697.0000    	 0.76406127E-02	 0.48796468E-04
  3697.0000    	  3698.0000    	 0.86347604E-02	 0.45924674E-04
  3698.0000    	  3699.0000    	 0.91463749E-02	 0.42091636E-04
  3699.0000    	  3700.0000    	 0.96040884E-02	 0.38505921E-04
  3700.0000    	  3701.0000    	 0.10185299E-01	 0.36357106E-04
  3701.0000    	  3702.0000    	 0.10503733E-01	 0.34438581E-04
  3702.0000    	  3703.0000    	 0.10509525E-01	 0.32569103E-04
  3703.0000    	  3704.0000    	 0.99909259E-02	 0.28276346E-04
  3704.0000    	  3705.0000    	 0.89832733E-02	 0.24836727E-04
  3705.0000    	  3706.0000    	 0.74445191E-02	 0.22313581E-04
  3706.0000    	  3707.0000    	 0.55670451E-02	 0.21267762E-04
  3707.0000    	  3708.0000    	 0.83826912E-02	 0.51735327E-04
  3708.0000    	  3709.0000    	 0.85900380E-02	 0.45778136E-04
  3709.0000    	  3710.0000    	 0.90146993E-02	 0.41607361E-04
  3710.0000    	  3711.0000    	 0.95810180E-02	 0.38743675E-04
  3711.0000    	  3712.0000    	 0.10024606E-01	 0.36961797E-04
  3712.0000    	  3713.0000    	 0.10428137E-01	 0.34787812E-04
  3713.0000    	  3714.0000    	 0.10363961E-01	 0.31903885E-04
  3714.0000    	  3715.0000    	 0.99059439E-02	 0.28331163E-04
  3715.0000    	  3716.0000    	 0.88616851E-02	 0.24593135E-04
  3716.0000    	  3717.0000    	 0.73305888E-02	 0.22109834E-04
  3717.0000    	  3718.0000    	 0.55003412E-02	 0.22109719E-04
  3718.0000    	  3719.0000    	 0.80254925E-02	 0.50220552E-04
  3719.0000    	  3720.0000    	 0.86128656E-02	 0.46222554E-04
  3720.0000    	  3721.0000    	 0.89790100E-02	 0.42166847E-04
  3721.0000    	  3722.0000    	 0.94394609E-02	 0.38388666E-04
  3722.0000    	  3723.0000    	 0.99871191E-02	 0.36390686E-04
  3723.0000    	  3724.0000    	 0.10325348E-01	 0.34714752E-04
  3724.0000    	  3725.0000    	 0.10290469E-01	 0.31678701E-04
  3725.0000    	  3726.0000    	 0.97471048E-02	 0.27788458E-04
  3726.0000    	  3727.0000    	 0.87387682E-02	 0.24741040E-04
  3727.0000    	  3728.0000    	 0.72017774E-02	 0.21653418E-04
  3728.0000    	  3729.0000    	 0.54159925E-02	 0.21360646E-04
  3729.0000    	  3730.0000    	 0.80287035E-02	 0.50395126E-04
  3730.0000    	  3731.0000    	 0.84465200E-02	 0.45260702E-04
  3731.0000    	  3732.0000    	 0.89272309E-02	 0.42004894E-04
  3732.0000    	  3733.0000    	 0.94105685E-02	 0.38539783E-04
  3733.0000    	  3734.0000    	 0.99225594E-02	 0.37180056E-04
  3734.0000    	  3735.0000    	 0.10172051E-01	 0.33942178E-04
  3735.0000    	  3736.0000    	 0.10168379E-01	 0.31366069E-04
  3736.0000    	  3737.0000    	 0.96733271E-02	 0.28100947E-04
  3737.0000    	  3738.0000    	 0.86141046E-02	 0.23883650E-04
  3738.0000    	  3739.0000    	 0.71629247E-02	 0.21630053E-04
  3739.0000    	  3740.0000    	 0.53402544E-02	 0.21039063E-04
  3740.0000    	  3741.0000    	 0.81188705E-02	 0.50654799E-04
  3741.0000    	  3742.0000    	 0.84062028E-02	 0.45354282E-04
  3742.0000    	  3743.0000    	 0.88300438E-02	 0.41604748E-04
  3743.0000    	  3744.0000    	 0.93251428E-02	 0.38439057E-04
  3744.0000    	  3745.0000    	 0.97808878E-02	 0.37154057E-04
  3745.0000    	  3746.0000    	 0.10147131E-01	 0.34061487E-04
  3746.0000    	  3747.0000    	 0.10098729E-01	 0.31130245E-04
  3747.0000    	  3748.0000    	 0.96013134E-02	 0.27910874E-04
  3748.0000    	  3749.0000    	 0.85504070E-02	 0.24170241E-04
  3749.0000    	  3750.0000    	 0.70554523E-02	 0.22109175E-04
  3750.0000    	  3751.0000    	 0.52995955E-02	 0.22569203E-04
  3751.0000    	  3752.0000    	 0.80615682E-02	 0.50155150E-04
  3752.0000    	  3753.0000    	 0.46714157E-03	 0.10554588E-04
  3753.0000    	  3754.0000    	 0.87241075E-02	 0.41384211E-04
  3754.0000    	  3755.0000    	 0.92660342E-02	 0.38237381E-04
  3755.0000    	  3756.0000    	 0.96906919E-02	 0.35643032E-04
  3756.0000    	  3757.0000    	 0.10034220E-01	 0.33692699E-04
  3757.0000    	  3758.0000    	 0.99323167E-02	 0.31071216E-04
  3758.0000    	  3759.0000    	 0.94860706E-02	 0.27675314E-04
  3759.0000    	  3760.0000    	 0.84710883E-02	 0.23924415E-04
  3760.0000    	  3761.0000    	 0.69551675E-02	 0.21715738E-04
  3761.0000    	  3762.0000    	 0.51941259E-02	 0.20768030E-04
  3762.0000    	  3763.0000    	 0.56162693E-02	 0.41874897E-04
  3763.0000    	  3764.0000    	 0.82048409E-02	 0.45821353E-04
  3764.0000    	  3765.0000    	 0.87132894E-02	 0.41222106E-04
  3765.0000    	  3766.0000    	 0.91853689E-02	 0.38030073E-04
  3766.0000    	  3767.0000    	 0.96138029E-02	 0.35573512E-04
  3767.0000    	  3768.0000    	 0.98852278E-02	 0.33642159E-04
  3768.0000    	  3769.0000    	 0.98787105E-02	 0.30877281E-04
  3769.0000    	  3770.0000    	 0.93636594E-02	 0.27765789E-04
  3770.0000    	  3771.0000    	 0.83094410E-02	 0.23293686E-04
  3771.0000    	  3772.0000    	 0.68595908E-02	 0.21081764E-04
  3772.0000    	  3773.0000    	 0.51085927E-02	 0.21155830E-04
  3773.0000    	  3774.0000    	 0.73184127E-02	 0.47970225E-04
  3774.0000    	  3775.0000    	 0.43749885E-02	 0.32480793E-04
  3775.0000    	  3776.0000    	 0.85873258E-02	 0.41323811E-04
  3776.0000    	  3777.0000    	 0.90779582E-02	 0.38058034E-04
  3777.0000    	  3778.0000    	 0.95548540E-02	 0.35491126E-04
  3778.0000    	  3779.0000    	 0.97696693E-02	 0.33306898E-04
  3779.0000    	  3780.0000    	 0.97723462E-02	 0.30644918E-04
  3780.0000    	  3781.0000    	 0.92206836E-02	 0.27251001E-04
  3781.0000    	  3782.0000    	 0.81876847E-02	 0.23076341E-04
  3782.0000    	  3783.0000    	 0.67506477E-02	 0.21020595E-04
  3783.0000    	  3784.0000    	 0.50420405E-02	 0.22194962E-04
  3784.0000    	  3785.0000    	 0.77185033E-02	 0.49854223E-04
  3785.0000    	  3786.0000    	 0.81237381E-02	 0.44804381E-04
  3786.0000    	  3787.0000    	 0.85593132E-02	 0.41224812E-04
  3787.0000    	  3788.0000    	 0.88539736E-02	 0.37711616E-04
  3788.0000    	  3789.0000    	 0.94240398E-02	 0.35320694E-04
  3789.0000    	  3790.0000    	 0.97300155E-02	 0.32883851E-04
  3790.0000    	  3791.0000    	 0.96924722E-02	 0.31242519E-04
  3791.0000    	  3792.0000    	 0.91386775E-02	 0.26843122E-04
  3792.0000    	  3793.0000    	 0.81486972E-02	 0.23086263E-04
  3793.0000    	  3794.0000    	 0.66400597E-02	 0.20865413E-04
  3794.0000    	  3795.0000    	 0.49576170E-02	 0.20598895E-04
  3795.0000    	  3796.0000    	 0.70883308E-02	 0.46835657E-04
  3796.0000    	  3797.0000    	 0.77655760E-02	 0.43686632E-04
  3797.0000    	  3798.0000    	 0.83901239E-02	 0.40548682E-04
  3798.0000    	  3799.0000    	 0.88588574E-02	 0.37505406E-04
  3799.0000    	  3800.0000    	 0.93442047E-02	 0.35155215E-04
  3800.0000    	  3801.0000    	 0.96232020E-02	 0.32967040E-04
  3801.0000    	  3802.0000    	 0.95604162E-02	 0.30223997E-04
  3802.0000    	  3803.0000    	 0.90613395E-02	 0.26763298E-04
  3803.0000    	  3804.0000    	 0.80125110E-02	 0.22696808E-04
  3804.0000    	  3805.0000    	 0.66233792E-02	 0.21394998E-04
  3805.0000    	  3806.0000    	 0.48902885E-02	 0.21218742E-04
  3806.0000    	  3807.0000    	 0.76329979E-02	 0.49086764E-04
  3807.0000    	  3808.0000    	 0.80212626E-02	 0.44934748E-04
  3808.0000    	  3809.0000    	 0.83818992E-02	 0.40554187E-04
  3809.0000    	  3810.0000    	 0.88415735E-02	 0.37373381E-04
  3810.0000    	  3811.0000    	 0.92508394E-02	 0.34776118E-04
  3811.0000    	  3812.0000    	 0.95218933E-02	 0.33096280E-04
  3812.0000    	  3813.0000    	 0.94624504E-02	 0.30263944E-04
  3813.0000    	  3814.0000    	 0.89645781E-02	 0.26566087E-04
  3814.0000    	  3815.0000    	 0.79593505E-02	 0.22476728E-04
  3815.0000    	  3816.0000    	 0.65021190E-02	 0.21139321E-04
  3816.0000    	  3817.0000    	 0.48212556E-02	 0.20387829E-04
  3817.0000    	  3818.0000    	 0.71114686E-02	 0.47376803E-04
  3818.0000    	  3819.0000    	 0.77623265E-02	 0.43861364E-04
  3819.0000    	  3820.0000    	 0.82543485E-02	 0.40073788E-04
  3820.0000    	  3821.0000    	 0.87596521E-02	 0.37257061E-04
  3821.0000    	  3822.0000    	 0.91628165E-02	 0.34632127E-04
  3822.0000    	  3823.0000    	 0.94578507E-02	 0.32430790E-04
  3823.0000    	  3824.0000    	 0.93846931E-02	 0.30266680E-04
  3824.0000    	  3825.0000    	 0.88591562E-02	 0.26179558E-04
  3825.0000    	  3826.0000    	 0.78571105E-02	 0.23334645E-04
  3826.0000    	  3827.0000    	 0.64438505E-02	 0.20649062E-04
  3827.0000    	  3828.0000    	 0.47766745E-02	 0.19774020E-04
  3828.0000    	  3829.0000    	 0.74276124E-02	 0.48427989E-04
  3829.0000    	  3830.0000    	 0.78065851E-02	 0.44344336E-04
  3830.0000    	  3831.0000    	 0.80941645E-02	 0.39714913E-04
  3831.0000    	  3832.0000    	 0.86254910E-02	 0.36922389E-04
  3832.0000    	  3833.0000    	 0.91055070E-02	 0.34541855E-04
  3833.0000    	  3834.0000    	 0.93613707E-02	 0.33493357E-04
  3834.0000    	  3835.0000    	 0.92545220E-02	 0.30109425E-04
  3835.0000    	  3836.0000    	 0.87439417E-02	 0.25977516E-04
  3836.0000    	  3837.0000    	 0.77647285E-02	 0.22162911E-04
  3837.0000    	  3838.0000    	 0.63397888E-02	 0.21024141E-04
  3838.0000    	  3839.0000    	 0.46867465E-02	 0.20046075E-04
  3839.0000    	  3840.0000    	 0.75735393E-02	 0.49089148E-04
  3840.0000    	  3841.0000    	 0.77866190E-02	 0.43877568E-04
  3841.0000    	  3842.0000    	 0.81495438E-02	 0.39963554E-04
  3842.0000    	  3843.0000    	 0.85005068E-02	 0.36698275E-04
  3843.0000    	  3844.0000    	 0.90585917E-02	 0.35227487E-04
  3844.0000    	  3845.0000    	 0.92606542E-02	 0.32528933E-04
  3845.0000    	  3846.0000    	 0.92171452E-02	 0.29762500E-04
  3846.0000    	  3847.0000    	 0.86332297E-02	 0.25755830E-04
  3847.0000    	  3848.0000    	 0.76689213E-02	 0.22098270E-04
  3848.0000    	  3849.0000    	 0.62421688E-02	 0.22211053E-04
  3849.0000    	  3850.0000    	 0.45948412E-02	 0.20661818E-04
  3850.0000    	  3851.0000    	 0.74986670E-02	 0.48503729E-04
  3851.0000    	  3852.0000    	 0.76649989E-02	 0.43386068E-04
  3852.0000    	  3853.0000    	 0.77568658E-02	 0.38918539E-04
  3853.0000    	  3854.0000    	 0.85240736E-02	 0.36675739E-04
  3854.0000    	  3855.0000    	 0.89436094E-02	 0.34232214E-04
  3855.0000    	  3856.0000    	 0.92061869E-02	 0.32137217E-04
  3856.0000    	  3857.0000    	 0.90876001E-02	 0.29227899E-04
  3857.0000    	  3858.0000    	 0.85847259E-02	 0.25414228E-04
  3858.0000    	  3859.0000    	 0.75535568E-02	 0.21727951E-04
  3859.0000    	  3860.0000    	 0.61641581E-02	 0.19761633E-04
  3860.0000    	  3861.0000    	 0.45459956E-02	 0.22479988E-04
  3861.0000    	  3862.0000    	 0.70209860E-02	 0.47182658E-04
  3862.0000    	  3863.0000    	 0.76378256E-02	 0.43449750E-04
  3863.0000    	  3864.0000    	 0.80090734E-02	 0.39944761E-04
  3864.0000    	  3865.0000    	 0.84236424E-02	 0.36756340E-04
  3865.0000    	  3866.0000    	 0.86710151E-02	 0.33959321E-04
  3866.0000    	  3867.0000    	 0.90850191E-02	 0.32075264E-04
  3867.0000    	  3868.0000    	 0.89455974E-02	 0.29337417E-04
  3868.0000    	  3869.0000    	 0.84544598E-02	 0.25420299E-04
  3869.0000    	  3870.0000    	 0.75026626E-02	 0.22568149E-04
  3870.0000    	  3871.0000    	 0.61117735E-02	 0.19482101E-04
  3871.0000    	  3872.0000    	 0.44679717E-02	 0.19823530E-04
  3872.0000    	  3873.0000    	 0.70839144E-02	 0.47237570E-04
  3873.0000    	  3874.0000    	 0.74299171E-02	 0.42568871E-04
  3874.0000    	  3875.0000    	 0.75923210E-02	 0.38587550E-04
  3875.0000    	  3876.0000    	 0.84000334E-02	 0.37502995E-04
  3876.0000    	  3877.0000    	 0.87627458E-02	 0.34602612E-04
  3877.0000    	  3878.0000    	 0.89451825E-02	 0.31328476E-04
  3878.0000    	  3879.0000    	 0.89058489E-02	 0.28908629E-04
  3879.0000    	  3880.0000    	 0.83939171E-02	 0.26015359E-04
  3880.0000    	  3881.0000    	 0.73998160E-02	 0.22064555E-04
  3881.0000    	  3882.0000    	 0.59960526E-02	 0.20433908E-04
  3882.0000    	  3883.0000    	 0.42837663E-02	 0.19461325E-04
  3883.0000    	  3884.0000    	 0.74473461E-02	 0.49031928E-04
  3884.0000    	  3885.0000    	 0.75507654E-02	 0.43592613E-04
  3885.0000    	  3886.0000    	 0.78440805E-02	 0.39237140E-04
  3886.0000    	  3887.0000    	 0.83263553E-02	 0.36586821E-04
  3887.0000    	  3888.0000    	 0.86505638E-02	 0.33506654E-04
  3888.0000    	  3889.0000    	 0.88955231E-02	 0.31476308E-04
  3889.0000    	  3890.0000    	 0.87829303E-02	 0.28633017E-04
  3890.0000    	  3891.0000    	 0.82593732E-02	 0.25486083E-04
  3891.0000    	  3892.0000    	 0.72889414E-02	 0.21113769E-04
  3892.0000    	  3893.0000    	 0.59591412E-02	 0.20020527E-04
  3893.0000    	  3894.0000    	 0.43257252E-02	 0.18225381E-04
  3894.0000    	  3895.0000    	 0.67281552E-02	 0.46411492E-04
  3895.0000    	  3896.0000    	 0.74763464E-02	 0.43058581E-04
  3896.0000    	  3897.0000    	 0.77829346E-02	 0.39640915E-04
  3897.0000    	  3898.0000    	 0.81776256E-02	 0.38303449E-04
  3898.0000    	  3899.0000    	 0.85705251E-02	 0.33624461E-04
  3899.0000    	  3900.0000    	 0.88140455E-02	 0.31205957E-04
  3900.0000    	  3901.0000    	 0.87477889E-02	 0.29573836E-04
  3901.0000    	  3902.0000    	 0.81623073E-02	 0.24719676E-04
  3902.0000    	  3903.0000    	 0.72480465E-02	 0.21468893E-04
  3903.0000    	  3904.0000    	 0.58402697E-02	 0.19460740E-04
  3904.0000    	  3905.0000    	 0.43033301E-02	 0.20106725E-04
  3905.0000    	  3906.0000    	 0.72421595E-02	 0.48084952E-04
  3906.0000    	  3907.0000    	 0.73701828E-02	 0.45493272E-04
  3907.0000    	  3908.0000    	 0.77081127E-02	 0.39224452E-04
  3908.0000    	  3909.0000    	 0.81346257E-02	 0.36078348E-04
  3909.0000    	  3910.0000    	 0.85217486E-02	 0.33701873E-04
  3910.0000    	  3911.0000    	 0.87398504E-02	 0.31434944E-04
  3911.0000    	  3912.0000    	 0.86012298E-02	 0.28290105E-04
  3912.0000    	  3913.0000    	 0.80938165E-02	 0.24700741E-04
  3913.0000    	  3914.0000    	 0.71051833E-02	 0.20939065E-04
  3914.0000    	  3915.0000    	 0.57978765E-02	 0.19914507E-04
  3915.0000    	  3916.0000    	 0.42343827E-02	 0.19623842E-04
  3916.0000    	  3917.0000    	 0.55053249E-02	 0.41872347E-04
  3917.0000    	  3918.0000    	 0.73108694E-02	 0.42364460E-04
  3918.0000    	  3919.0000    	 0.77187134E-02	 0.39345975E-04
  3919.0000    	  3920.0000    	 0.80644899E-02	 0.36054249E-04
  3920.0000    	  3921.0000    	 0.84244469E-02	 0.33373169E-04
  3921.0000    	  3922.0000    	 0.86579235E-02	 0.31215377E-04
  3922.0000    	  3923.0000    	 0.85301608E-02	 0.28092455E-04
  3923.0000    	  3924.0000    	 0.80233565E-02	 0.24728374E-04
  3924.0000    	  3925.0000    	 0.70600721E-02	 0.21168433E-04
  3925.0000    	  3926.0000    	 0.57048808E-02	 0.20175897E-04
  3926.0000    	  3927.0000    	 0.41711167E-02	 0.19342733E-04
  3927.0000    	  3928.0000    	 0.41240258E-02	 0.36105975E-04
  3928.0000    	  3929.0000    	 0.72700562E-02	 0.42765107E-04
  3929.0000    	  3930.0000    	 0.75276469E-02	 0.38346817E-04
  3930.0000    	  3931.0000    	 0.78453234E-02	 0.35358142E-04
  3931.0000    	  3932.0000    	 0.83806058E-02	 0.33480620E-04
  3932.0000    	  3933.0000    	 0.85482779E-02	 0.31124541E-04
  3933.0000    	  3934.0000    	 0.84188097E-02	 0.28802318E-04
  3934.0000    	  3935.0000    	 0.79185111E-02	 0.24450952E-04
  3935.0000    	  3936.0000    	 0.69458007E-02	 0.20780724E-04
  3936.0000    	  3937.0000    	 0.56175871E-02	 0.19211879E-04
  3937.0000    	  3938.0000    	 0.34843007E-02	 0.16004006E-04
  3938.0000    	  3939.0000    	 0.70495933E-02	 0.47353304E-04
  3939.0000    	  3940.0000    	 0.72351130E-02	 0.42814773E-04
  3940.0000    	  3941.0000    	 0.75488578E-02	 0.38831793E-04
  3941.0000    	  3942.0000    	 0.79247710E-02	 0.35735744E-04
  3942.0000    	  3943.0000    	 0.82780599E-02	 0.33661408E-04
  3943.0000    	  3944.0000    	 0.85074127E-02	 0.30739633E-04
  3944.0000    	  3945.0000    	 0.83826740E-02	 0.28875846E-04
  3945.0000    	  3946.0000    	 0.78129631E-02	 0.24323872E-04
  3946.0000    	  3947.0000    	 0.69125472E-02	 0.21192071E-04
  3947.0000    	  3948.0000    	 0.55208985E-02	 0.17933915E-04
  3948.0000    	  3949.0000    	 0.40296289E-02	 0.18944456E-04
  3949.0000    	  3950.0000    	 0.68685116E-02	 0.46791437E-04
  3950.0000    	  3951.0000    	 0.69236740E-02	 0.41559233E-04
  3951.0000    	  3952.0000    	 0.74947905E-02	 0.39212598E-04
  3952.0000    	  3953.0000    	 0.78446112E-02	 0.35785101E-04
  3953.0000    	  3954.0000    	 0.82106909E-02	 0.32995781E-04
  3954.0000    	  3955.0000    	 0.83823043E-02	 0.30386069E-04
  3955.0000    	  3956.0000    	 0.82765092E-02	 0.27771354E-04
  3956.0000    	  3957.0000    	 0.77504212E-02	 0.24559927E-04
  3957.0000    	  3958.0000    	 0.67962972E-02	 0.20976560E-04
  3958.0000    	  3959.0000    	 0.55027765E-02	 0.18883664E-04
  3959.0000    	  3960.0000    	 0.39603054E-02	 0.18234161E-04
  3960.0000    	  3961.0000    	 0.68729710E-02	 0.47016799E-04
  3961.0000    	  3962.0000    	 0.70973099E-02	 0.42392344E-04
  3962.0000    	  3963.0000    	 0.73926675E-02	 0.38447837E-04
  3963.0000    	  3964.0000    	 0.78283811E-02	 0.35619895E-04
  3964.0000    	  3965.0000    	 0.81861160E-02	 0.33170243E-04
  3965.0000    	  3966.0000    	 0.82686848E-02	 0.30762417E-04
  3966.0000    	  3967.0000    	 0.81943137E-02	 0.27981392E-04
  3967.0000    	  3968.0000    	 0.76710101E-02	 0.24000242E-04
  3968.0000    	  3969.0000    	 0.67081611E-02	 0.21178141E-04
  3969.0000    	  3970.0000    	 0.54081363E-02	 0.19025438E-04
  3970.0000    	  3971.0000    	 0.39135612E-02	 0.18659094E-04
  3971.0000    	  3972.0000    	 0.24621805E-02	 0.28144916E-04
  3972.0000    	  3973.0000    	 0.69925440E-02	 0.41474900E-04
  3973.0000    	  3974.0000    	 0.73195151E-02	 0.38262435E-04
  3974.0000    	  3975.0000    	 0.77266136E-02	 0.35314724E-04
  3975.0000    	  3976.0000    	 0.80846014E-02	 0.33307960E-04
  3976.0000    	  3977.0000    	 0.82116399E-02	 0.30481648E-04
  3977.0000    	  3978.0000    	 0.80693111E-02	 0.28164861E-04
  3978.0000    	  3979.0000    	 0.75586725E-02	 0.23340871E-04
  3979.0000    	  3980.0000    	 0.66474488E-02	 0.20439249E-04
  3980.0000    	  3981.0000    	 0.53212843E-02	 0.18614972E-04
  3981.0000    	  3982.0000    	 0.38522450E-02	 0.16933704E-04
  3982.0000    	  3983.0000    	 0.64147113E-02	 0.45311489E-04
  3983.0000    	  3984.0000    	 0.68611953E-02	 0.41772932E-04
  3984.0000    	  3985.0000    	 0.72944691E-02	 0.38158057E-04
  3985.0000    	  3986.0000    	 0.76008118E-02	 0.34958543E-04
  3986.0000    	  3987.0000    	 0.80602558E-02	 0.33015106E-04
  3987.0000    	  3988.0000    	 0.81142952E-02	 0.30044877E-04
  3988.0000    	  3989.0000    	 0.80375044E-02	 0.27598503E-04
  3989.0000    	  3990.0000    	 0.75128635E-02	 0.23769346E-04
  3990.0000    	  3991.0000    	 0.65679519E-02	 0.20346608E-04
  3991.0000    	  3992.0000    	 0.52688380E-02	 0.19976739E-04
  3992.0000    	  3993.0000    	 0.37672693E-02	 0.19087733E-04
  3993.0000    	  3994.0000    	 0.67319396E-02	 0.46019712E-04
  3994.0000    	  3995.0000    	 0.66170922E-02	 0.40753674E-04
  3995.0000    	  3996.0000    	 0.72028408E-02	 0.38139649E-04
  3996.0000    	  3997.0000    	 0.75694180E-02	 0.35130590E-04
  3997.0000    	  3998.0000    	 0.78582228E-02	 0.35482929E-04
  3998.0000    	  3999.0000    	 0.80509411E-02	 0.30141630E-04
  3999.0000    	  4000.0000    	 0.79273097E-02	 0.27372295E-04
  4000.0000    	  4001.0000    	 0.74110080E-02	 0.23567014E-04
  4001.0000    	  4002.0000    	 0.64871128E-02	 0.20225691E-04
  4002.0000    	  4003.0000    	 0.52155235E-02	 0.19110261E-04
  4003.0000    	  4004.0000    	 0.37297655E-02	 0.17024107E-04
  4004.0000    	  4005.0000    	 0.64084441E-02	 0.45246249E-04
  4005.0000    	  4006.0000    	 0.65698121E-02	 0.40495355E-04
  4006.0000    	  4007.0000    	 0.71017158E-02	 0.37623437E-04
  4007.0000    	  4008.0000    	 0.75039549E-02	 0.35125021E-04
  4008.0000    	  4009.0000    	 0.78016161E-02	 0.32484390E-04
  4009.0000    	  4010.0000    	 0.80341969E-02	 0.30423492E-04
  4010.0000    	  4011.0000    	 0.78533823E-02	 0.27305417E-04
  4011.0000    	  4012.0000    	 0.73148220E-02	 0.23766513E-04
  4012.0000    	  4013.0000    	 0.63943454E-02	 0.19978458E-04
  4013.0000    	  4014.0000    	 0.51328895E-02	 0.18321165E-04
  4014.0000    	  4015.0000    	 0.36998566E-02	 0.19290068E-04
  4015.0000    	  4016.0000    	 0.66123084E-02	 0.46249251E-04
  4016.0000    	  4017.0000    	 0.67389390E-02	 0.40697353E-04
  4017.0000    	  4018.0000    	 0.70553788E-02	 0.37618260E-04
  4018.0000    	  4019.0000    	 0.74986612E-02	 0.35005489E-04
  4019.0000    	  4020.0000    	 0.77544529E-02	 0.32361968E-04
  4020.0000    	  4021.0000    	 0.79049168E-02	 0.29609295E-04
  4021.0000    	  4022.0000    	 0.77705218E-02	 0.26890559E-04
  4022.0000    	  4023.0000    	 0.72640475E-02	 0.23035319E-04
  4023.0000    	  4024.0000    	 0.63180951E-02	 0.19863367E-04
  4024.0000    	  4025.0000    	 0.50620740E-02	 0.19099600E-04
  4025.0000    	  4026.0000    	 0.36303600E-02	 0.19194151E-04
  4026.0000    	  4027.0000    	 0.60741288E-02	 0.44179080E-04
  4027.0000    	  4028.0000    	 0.65052016E-02	 0.40457971E-04
  4028.0000    	  4029.0000    	 0.70020852E-02	 0.37538895E-04
  4029.0000    	  4030.0000    	 0.74111379E-02	 0.34880857E-04
  4030.0000    	  4031.0000    	 0.76843521E-02	 0.32084900E-04
  4031.0000    	  4032.0000    	 0.78293090E-02	 0.29783729E-04
  4032.0000    	  4033.0000    	 0.76837791E-02	 0.26464723E-04
  4033.0000    	  4034.0000    	 0.71701536E-02	 0.23028897E-04
  4034.0000    	  4035.0000    	 0.62565205E-02	 0.19923933E-04
  4035.0000    	  4036.0000    	 0.50026446E-02	 0.18039599E-04
  4036.0000    	  4037.0000    	 0.36012602E-02	 0.18712520E-04
  4037.0000    	  4038.0000    	 0.58152541E-02	 0.43090144E-04
  4038.0000    	  4039.0000    	 0.67018308E-02	 0.41257250E-04
  4039.0000    	  4040.0000    	 0.69705250E-02	 0.37411937E-04
  4040.0000    	  4041.0000    	 0.73246406E-02	 0.34786668E-04
  4041.0000    	  4042.0000    	 0.76200099E-02	 0.31958278E-04
  4042.0000    	  4043.0000    	 0.77522538E-02	 0.29386460E-04
  4043.0000    	  4044.0000    	 0.76232792E-02	 0.26388143E-04
  4044.0000    	  4045.0000    	 0.70823720E-02	 0.23558080E-04
  4045.0000    	  4046.0000    	 0.61488341E-02	 0.20259004E-04
  4046.0000    	  4047.0000    	 0.49004636E-02	 0.16575944E-04
  4047.0000    	  4048.0000    	 0.34379872E-02	 0.17211999E-04
  4048.0000    	  4049.0000    	 0.62149889E-02	 0.44518301E-04
  4049.0000    	  4050.0000    	 0.59973707E-02	 0.38707200E-04
  4050.0000    	  4051.0000    	 0.66079860E-02	 0.36406720E-04
  4051.0000    	  4052.0000    	 0.72648059E-02	 0.34501634E-04
  4052.0000    	  4053.0000    	 0.75845157E-02	 0.32227323E-04
  4053.0000    	  4054.0000    	 0.76769944E-02	 0.29496983E-04
  4054.0000    	  4055.0000    	 0.75453230E-02	 0.26426322E-04
  4055.0000    	  4056.0000    	 0.70008622E-02	 0.23562621E-04
  4056.0000    	  4057.0000    	 0.60855989E-02	 0.18869267E-04
  4057.0000    	  4058.0000    	 0.48675888E-02	 0.17591058E-04
  4058.0000    	  4059.0000    	 0.34796680E-02	 0.16350402E-04
  4059.0000    	  4060.0000    	 0.55107074E-02	 0.41992790E-04
  4060.0000    	  4061.0000    	 0.63856467E-03	 0.12563961E-04
  4061.0000    	  4062.0000    	 0.68365884E-02	 0.37348722E-04
  4062.0000    	  4063.0000    	 0.72163076E-02	 0.34246291E-04
  4063.0000    	  4064.0000    	 0.75228889E-02	 0.34743917E-04
  4064.0000    	  4065.0000    	 0.76184295E-02	 0.29419907E-04
  4065.0000    	  4066.0000    	 0.74560376E-02	 0.26311879E-04
  4066.0000    	  4067.0000    	 0.69303747E-02	 0.22574947E-04
  4067.0000    	  4068.0000    	 0.60068207E-02	 0.19128005E-04
  4068.0000    	  4069.0000    	 0.47949278E-02	 0.16539819E-04
  4069.0000    	  4070.0000    	 0.34079986E-02	 0.17234768E-04
  4070.0000    	  4071.0000    	 0.62720765E-02	 0.44501225E-04
  4071.0000    	  4072.0000    	 0.24823461E-02	 0.25801543E-04
  4072.0000    	  4073.0000    	 0.67288995E-02	 0.36857730E-04
  4073.0000    	  4074.0000    	 0.70946826E-02	 0.34000171E-04
  4074.0000    	  4075.0000    	 0.73507658E-02	 0.31392053E-04
  4075.0000    	  4076.0000    	 0.75291776E-02	 0.29141547E-04
  4076.0000    	  4077.0000    	 0.73433484E-02	 0.26021573E-04
  4077.0000    	  4078.0000    	 0.68778422E-02	 0.22719282E-04
  4078.0000    	  4079.0000    	 0.59539969E-02	 0.18750789E-04
  4079.0000    	  4080.0000    	 0.47227505E-02	 0.17074471E-04
  4080.0000    	  4081.0000    	 0.33780708E-02	 0.17122984E-04
  4081.0000    	  4082.0000    	 0.54427949E-02	 0.41553554E-04
  4082.0000    	  4083.0000    	 0.60547519E-02	 0.38964633E-04
  4083.0000    	  4084.0000    	 0.66654976E-02	 0.38600324E-04
  4084.0000    	  4085.0000    	 0.70650024E-02	 0.34058877E-04
  4085.0000    	  4086.0000    	 0.73721168E-02	 0.32024076E-04
  4086.0000    	  4087.0000    	 0.74865187E-02	 0.29250842E-04
  4087.0000    	  4088.0000    	 0.72912572E-02	 0.25982495E-04
  4088.0000    	  4089.0000    	 0.67842863E-02	 0.22514743E-04
  4089.0000    	  4090.0000    	 0.58902126E-02	 0.18499266E-04
  4090.0000    	  4091.0000    	 0.46690515E-02	 0.17281498E-04
  4091.0000    	  4092.0000    	 0.33067643E-02	 0.17025099E-04
  4092.0000    	  4093.0000    	 0.60982534E-02	 0.44626266E-04
  4093.0000    	  4094.0000    	 0.63166478E-02	 0.39879086E-04
  4094.0000    	  4095.0000    	 0.67051879E-02	 0.36728752E-04
  4095.0000    	  4096.0000    	 0.69555987E-02	 0.33815212E-04
  4096.0000    	  4097.0000    	 0.72652913E-02	 0.31530469E-04
  4097.0000    	  4098.0000    	 0.73781654E-02	 0.28785407E-04
  4098.0000    	  4099.0000    	 0.72322229E-02	 0.26441896E-04
  4099.0000    	  4100.0000    	 0.66984626E-02	 0.22341825E-04
  4100.0000    	  4101.0000    	 0.58072132E-02	 0.18944286E-04
  4101.0000    	  4102.0000    	 0.45931868E-02	 0.16108467E-04
  4102.0000    	  4103.0000    	 0.32660047E-02	 0.16233331E-04
  4103.0000    	  4104.0000    	 0.61238112E-02	 0.44117590E-04
  4104.0000    	  4105.0000    	 0.63159565E-02	 0.39929103E-04
  4105.0000    	  4106.0000    	 0.66061166E-02	 0.37067950E-04
  4106.0000    	  4107.0000    	 0.69330173E-02	 0.34077020E-04
  4107.0000    	  4108.0000    	 0.72262378E-02	 0.31322323E-04
  4108.0000    	  4109.0000    	 0.73400592E-02	 0.28794305E-04
  4109.0000    	  4110.0000    	 0.71592889E-02	 0.25636454E-04
  4110.0000    	  4111.0000    	 0.66364526E-02	 0.22147794E-04
  4111.0000    	  4112.0000    	 0.57306983E-02	 0.19060510E-04
  4112.0000    	  4113.0000    	 0.45583863E-02	 0.16933806E-04
  4113.0000    	  4114.0000    	 0.32242636E-02	 0.17111756E-04
  4114.0000    	  4115.0000    	 0.21271565E-02	 0.26054541E-04
  4115.0000    	  4116.0000    	 0.61273273E-02	 0.40212109E-04
  4116.0000    	  4117.0000    	 0.65465765E-02	 0.36434189E-04
  4117.0000    	  4118.0000    	 0.68375735E-02	 0.33455660E-04
  4118.0000    	  4119.0000    	 0.71002170E-02	 0.31340347E-04
  4119.0000    	  4120.0000    	 0.70691327E-02	 0.28408183E-04
  4120.0000    	  4121.0000    	 0.70844417E-02	 0.25750977E-04
  4121.0000    	  4122.0000    	 0.65385433E-02	 0.22505623E-04
  4122.0000    	  4123.0000    	 0.56623425E-02	 0.18114303E-04
  4123.0000    	  4124.0000    	 0.45026510E-02	 0.17263624E-04
  4124.0000    	  4125.0000    	 0.31280770E-02	 0.15513557E-04
  4125.0000    	  4126.0000    	 0.59576781E-02	 0.43957315E-04
  4126.0000    	  4127.0000    	 0.20004226E-02	 0.22589587E-04
  4127.0000    	  4128.0000    	 0.64484468E-02	 0.36255835E-04
  4128.0000    	  4129.0000    	 0.67743418E-02	 0.33368402E-04
  4129.0000    	  4130.0000    	 0.70800548E-02	 0.31043717E-04
  4130.0000    	  4131.0000    	 0.72038554E-02	 0.28668818E-04
  4131.0000    	  4132.0000    	 0.70004104E-02	 0.25721790E-04
  4132.0000    	  4133.0000    	 0.64803787E-02	 0.21732846E-04
  4133.0000    	  4134.0000    	 0.56060764E-02	 0.18459302E-04
  4134.0000    	  4135.0000    	 0.44477149E-02	 0.17305668E-04
  4135.0000    	  4136.0000    	 0.31423204E-02	 0.17558314E-04
  4136.0000    	  4137.0000    	 0.60205397E-02	 0.44068671E-04
  4137.0000    	  4138.0000    	 0.58860853E-02	 0.38550924E-04
  4138.0000    	  4139.0000    	 0.64187179E-02	 0.36020999E-04
  4139.0000    	  4140.0000    	 0.67537805E-02	 0.33624932E-04
  4140.0000    	  4141.0000    	 0.70075375E-02	 0.30943006E-04
  4141.0000    	  4142.0000    	 0.70776763E-02	 0.28291671E-04
  4142.0000    	  4143.0000    	 0.69572932E-02	 0.26194519E-04
  4143.0000    	  4144.0000    	 0.63955569E-02	 0.21605579E-04
  4144.0000    	  4145.0000    	 0.55138568E-02	 0.17683126E-04
  4145.0000    	  4146.0000    	 0.43881104E-02	 0.16490298E-04
  4146.0000    	  4147.0000    	 0.30440747E-02	 0.16726479E-04
  4147.0000    	  4148.0000    	 0.59210432E-02	 0.43643533E-04
  4148.0000    	  4149.0000    	 0.60470353E-02	 0.38989139E-04
  4149.0000    	  4150.0000    	 0.63550148E-02	 0.35494961E-04
  4150.0000    	  4151.0000    	 0.66884888E-02	 0.33053116E-04
  4151.0000    	  4152.0000    	 0.69208277E-02	 0.30486386E-04
  4152.0000    	  4153.0000    	 0.70333102E-02	 0.28392691E-04
  4153.0000    	  4154.0000    	 0.68722739E-02	 0.26227802E-04
  4154.0000    	  4155.0000    	 0.63343015E-02	 0.21925834E-04
  4155.0000    	  4156.0000    	 0.54716866E-02	 0.18980987E-04
  4156.0000    	  4157.0000    	 0.42943836E-02	 0.16754266E-04
  4157.0000    	  4158.0000    	 0.30026405E-02	 0.16352296E-04
  4158.0000    	  4159.0000    	 0.55707101E-02	 0.42063245E-04
  4159.0000    	  4160.0000    	 0.60260549E-02	 0.39045566E-04
  4160.0000    	  4161.0000    	 0.63894748E-02	 0.35999889E-04
  4161.0000    	  4162.0000    	 0.66334306E-02	 0.33388141E-04
  4162.0000    	  4163.0000    	 0.68894557E-02	 0.30889245E-04
  4163.0000    	  4164.0000    	 0.69279002E-02	 0.27820886E-04
  4164.0000    	  4165.0000    	 0.68042289E-02	 0.25221462E-04
  4165.0000    	  4166.0000    	 0.62754202E-02	 0.21857621E-04
  4166.0000    	  4167.0000    	 0.54000258E-02	 0.17470083E-04
  4167.0000    	  4168.0000    	 0.42560245E-02	 0.15815296E-04
  4168.0000    	  4169.0000    	 0.29791235E-02	 0.17608954E-04
  4169.0000    	  4170.0000    	 0.58480061E-02	 0.43631452E-04
  4170.0000    	  4171.0000    	 0.60551208E-02	 0.39239246E-04
  4171.0000    	  4172.0000    	 0.62313759E-02	 0.36041198E-04
  4172.0000    	  4173.0000    	 0.65461860E-02	 0.33303263E-04
  4173.0000    	  4174.0000    	 0.67984438E-02	 0.30557319E-04
  4174.0000    	  4175.0000    	 0.69232187E-02	 0.28252158E-04
  4175.0000    	  4176.0000    	 0.67373808E-02	 0.25216965E-04
  4176.0000    	  4177.0000    	 0.61861401E-02	 0.21298223E-04
  4177.0000    	  4178.0000    	 0.53113330E-02	 0.17161401E-04
  4178.0000    	  4179.0000    	 0.41858739E-02	 0.16525712E-04
  4179.0000    	  4180.0000    	 0.29590120E-02	 0.17628622E-04
  4180.0000    	  4181.0000    	 0.47966280E-02	 0.39528074E-04
  4181.0000    	  4182.0000    	 0.58914281E-02	 0.38667898E-04
  4182.0000    	  4183.0000    	 0.62406323E-02	 0.35604301E-04
  4183.0000    	  4184.0000    	 0.65112765E-02	 0.32650117E-04
  4184.0000    	  4185.0000    	 0.67538842E-02	 0.30738457E-04
  4185.0000    	  4186.0000    	 0.68267953E-02	 0.28702210E-04
  4186.0000    	  4187.0000    	 0.66438099E-02	 0.25072132E-04
  4187.0000    	  4188.0000    	 0.61222130E-02	 0.20861587E-04
  4188.0000    	  4189.0000    	 0.52652649E-02	 0.18040269E-04
  4189.0000    	  4190.0000    	 0.41128821E-02	 0.15950004E-04
  4190.0000    	  4191.0000    	 0.28949971E-02	 0.16338691E-04
  4191.0000    	  4192.0000    	 0.57026261E-02	 0.42767572E-04
  4192.0000    	  4193.0000    	 0.57809462E-02	 0.38140280E-04
  4193.0000    	  4194.0000    	 0.61172113E-02	 0.35319693E-04
  4194.0000    	  4195.0000    	 0.59361696E-02	 0.31369961E-04
  4195.0000    	  4196.0000    	 0.66442978E-02	 0.30474044E-04
  4196.0000    	  4197.0000    	 0.67551854E-02	 0.27771846E-04
  4197.0000    	  4198.0000    	 0.65846867E-02	 0.25399502E-04
  4198.0000    	  4199.0000    	 0.60627792E-02	 0.21258121E-04
  4199.0000    	  4200.0000    	 0.52029427E-02	 0.17158937E-04
  4200.0000    	  4201.0000    	 0.40896657E-02	 0.15941131E-04
  4201.0000    	  4202.0000    	 0.28612710E-02	 0.16313764E-04
  4202.0000    	  4203.0000    	 0.57307282E-02	 0.43275233E-04
  4203.0000    	  4204.0000    	 0.58400331E-02	 0.38254951E-04
  4204.0000    	  4205.0000    	 0.60717961E-02	 0.34938256E-04
  4205.0000    	  4206.0000    	 0.59640181E-02	 0.31580404E-04
  4206.0000    	  4207.0000    	 0.66004851E-02	 0.30054454E-04
  4207.0000    	  4208.0000    	 0.66904425E-02	 0.27849946E-04
  4208.0000    	  4209.0000    	 0.64668734E-02	 0.24047592E-04
  4209.0000    	  4210.0000    	 0.59964760E-02	 0.20847117E-04
  4210.0000    	  4211.0000    	 0.51286875E-02	 0.17408742E-04
  4211.0000    	  4212.0000    	 0.40102741E-02	 0.16093128E-04
  4212.0000    	  4213.0000    	 0.27769978E-02	 0.14567706E-04
  4213.0000    	  4214.0000    	 0.56118511E-02	 0.42561530E-04
  4214.0000    	  4215.0000    	 0.32963703E-02	 0.28820838E-04
  4215.0000    	  4216.0000    	 0.60986328E-02	 0.35483973E-04
  4216.0000    	  4217.0000    	 0.45136042E-02	 0.27326518E-04
  4217.0000    	  4218.0000    	 0.65698421E-02	 0.30224885E-04
  4218.0000    	  4219.0000    	 0.66554811E-02	 0.27786944E-04
  4219.0000    	  4220.0000    	 0.64625354E-02	 0.24628429E-04
  4220.0000    	  4221.0000    	 0.59169637E-02	 0.21226722E-04
  4221.0000    	  4222.0000    	 0.50879811E-02	 0.17698464E-04
  4222.0000    	  4223.0000    	 0.40045466E-02	 0.17215759E-04
  4223.0000    	  4224.0000    	 0.27699215E-02	 0.16890741E-04
