5.19991e-05,5.03391e-05,4.93024e-05,4.84925e-05,4.69518e-05,4.57443e-05,4.4529e-05,4.37236e-05,4.19309e-05,4.08729e-05,3.93671e-05
4.94442e-05,4.7848e-05,4.67002e-05,4.59114e-05,4.45399e-05,4.33011e-05,4.20403e-05,4.12072e-05,3.94871e-05,3.8305e-05,3.69531e-05
4.71262e-05,4.53706e-05,4.45052e-05,4.35247e-05,4.21326e-05,4.11227e-05,3.9866e-05,3.89338e-05,3.73365e-05,3.60674e-05,3.4729e-05
4.46003e-05,4.32727e-05,4.23337e-05,4.13803e-05,4.00291e-05,3.90379e-05,3.76791e-05,3.68102e-05,3.53095e-05,3.39992e-05,3.27614e-05
4.24551e-05,4.13495e-05,4.0442e-05,3.94784e-05,3.81701e-05,3.72525e-05,3.58315e-05,3.49761e-05,3.35119e-05,3.22141e-05,3.10471e-05
4.05456e-05,3.96278e-05,3.86865e-05,3.77092e-05,3.65732e-05,3.56454e-05,3.41923e-05,3.32999e-05,3.18394e-05,3.05993e-05,2.95007e-05
3.87071e-05,3.79462e-05,3.71037e-05,3.61558e-05,3.49614e-05,3.4127e-05,3.26718e-05,3.17694e-05,3.03721e-05,2.91182e-05,2.80875e-05
3.71193e-05,3.64167e-05,3.56435e-05,3.46683e-05,3.3559e-05,3.27466e-05,3.13545e-05,3.03607e-05,2.90341e-05,2.778e-05,2.67726e-05
3.55978e-05,3.50245e-05,3.4234e-05,3.33031e-05,3.2282e-05,3.14514e-05,3.0075e-05,2.90563e-05,2.77211e-05,2.65108e-05,2.5571e-05
3.42356e-05,3.37244e-05,3.2988e-05,3.2009e-05,3.11504e-05,3.02771e-05,2.89048e-05,2.78814e-05,2.65563e-05,2.53475e-05,2.44687e-05
3.30046e-05,3.25245e-05,3.17921e-05,3.0833e-05,2.99819e-05,2.91775e-05,2.79651e-05,2.67289e-05,2.54935e-05,2.42937e-05,2.34027e-05
3.17569e-05,3.13736e-05,3.06063e-05,2.97032e-05,2.90319e-05,2.80108e-05,2.69329e-05,2.57087e-05,2.45012e-05,2.33566e-05,2.23974e-05
3.07313e-05,3.02983e-05,2.95987e-05,2.86739e-05,2.79516e-05,2.70337e-05,2.59268e-05,2.47799e-05,2.3473e-05,2.23192e-05,2.14513e-05
2.97194e-05,2.92418e-05,2.86203e-05,2.75049e-05,2.707e-05,2.60989e-05,2.50941e-05,2.38613e-05,2.26647e-05,2.14971e-05,2.05384e-05
2.87511e-05,2.83066e-05,2.76896e-05,2.67382e-05,2.61626e-05,2.5157e-05,2.4233e-05,2.29882e-05,2.17798e-05,2.0655e-05,1.97196e-05
2.78966e-05,2.73928e-05,2.68608e-05,2.57125e-05,2.52979e-05,2.42982e-05,2.34988e-05,2.21778e-05,2.10222e-05,1.99466e-05,1.89529e-05
2.70902e-05,2.65212e-05,2.60019e-05,2.52237e-05,2.45381e-05,2.35152e-05,2.2635e-05,2.14722e-05,2.02714e-05,1.9185e-05,1.82715e-05
2.62395e-05,2.56842e-05,2.51941e-05,2.41144e-05,2.37444e-05,2.27197e-05,2.19688e-05,2.0731e-05,1.95814e-05,1.85128e-05,1.75164e-05
2.54887e-05,2.49366e-05,2.44417e-05,2.35978e-05,2.2981e-05,2.20204e-05,2.1249e-05,2.00213e-05,1.89372e-05,1.78359e-05,1.68682e-05
2.46922e-05,2.41285e-05,2.38382e-05,2.26923e-05,2.2271e-05,2.12921e-05,2.06056e-05,1.93584e-05,1.83074e-05,1.72452e-05,1.62393e-05
2.40743e-05,2.34606e-05,2.30375e-05,2.22213e-05,2.15927e-05,2.0686e-05,1.99418e-05,1.87368e-05,1.76989e-05,1.66273e-05,1.56877e-05
2.33778e-05,2.2712e-05,2.24064e-05,2.13695e-05,2.09343e-05,2.0065e-05,1.9336e-05,1.81262e-05,1.71329e-05,1.60191e-05,1.5132e-05
2.27881e-05,2.21432e-05,2.17179e-05,2.09407e-05,2.03066e-05,1.94823e-05,1.87393e-05,1.75595e-05,1.65906e-05,1.54975e-05,1.46363e-05
2.21568e-05,2.14027e-05,2.11713e-05,2.03071e-05,1.97061e-05,1.88906e-05,1.81694e-05,1.70027e-05,1.60656e-05,1.49716e-05,1.41533e-05
2.15592e-05,2.08579e-05,2.05127e-05,1.97709e-05,1.90992e-05,1.83422e-05,1.75898e-05,1.64916e-05,1.55769e-05,1.45299e-05,1.36651e-05
2.09537e-05,2.01527e-05,1.99738e-05,1.91895e-05,1.85371e-05,1.78165e-05,1.70625e-05,1.59553e-05,1.50555e-05,1.40384e-05,1.3205e-05
2.03976e-05,1.96283e-05,1.93904e-05,1.86577e-05,1.80254e-05,1.72993e-05,1.65825e-05,1.54854e-05,1.45943e-05,1.36064e-05,1.27647e-05
1.98187e-05,1.89956e-05,1.89458e-05,1.81308e-05,1.74845e-05,1.68011e-05,1.60563e-05,1.49971e-05,1.41824e-05,1.31262e-05,1.23429e-05
1.93485e-05,1.85496e-05,1.83556e-05,1.76306e-05,1.69929e-05,1.6318e-05,1.55807e-05,1.44854e-05,1.37501e-05,1.27179e-05,1.19446e-05
1.8755e-05,1.7973e-05,1.78297e-05,1.72037e-05,1.65562e-05,1.58714e-05,1.51209e-05,1.41198e-05,1.32661e-05,1.23587e-05,1.15496e-05
1.82644e-05,1.76495e-05,1.7353e-05,1.66704e-05,1.60014e-05,1.54436e-05,1.46487e-05,1.37098e-05,1.27754e-05,1.1977e-05,1.1174e-05
1.77464e-05,1.69902e-05,1.68688e-05,1.61547e-05,1.54702e-05,1.4932e-05,1.42137e-05,1.33278e-05,1.2409e-05,1.15804e-05,1.07937e-05
1.72523e-05,1.65275e-05,1.64089e-05,1.57208e-05,1.51017e-05,1.4501e-05,1.37783e-05,1.2864e-05,1.2015e-05,1.12224e-05,1.04332e-05
1.67716e-05,1.62026e-05,1.59519e-05,1.52892e-05,1.46523e-05,1.41181e-05,1.33518e-05,1.24755e-05,1.1673e-05,1.09027e-05,1.00863e-05
1.62826e-05,1.56084e-05,1.5515e-05,1.48309e-05,1.42115e-05,1.36604e-05,1.295e-05,1.21102e-05,1.11813e-05,1.05424e-05,9.75285e-06
1.58159e-05,1.5148e-05,1.50733e-05,1.44075e-05,1.38302e-05,1.32649e-05,1.25535e-05,1.17247e-05,1.08775e-05,1.02448e-05,9.40817e-06
1.53848e-05,1.4726e-05,1.46123e-05,1.39895e-05,1.33955e-05,1.28362e-05,1.2156e-05,1.13598e-05,1.05203e-05,9.89427e-06,9.00155e-06
1.4902e-05,1.43354e-05,1.41982e-05,1.35813e-05,1.29292e-05,1.24482e-05,1.17816e-05,1.10191e-05,1.02138e-05,9.57611e-06,8.77222e-06
1.43856e-05,1.39307e-05,1.38018e-05,1.31716e-05,1.25884e-05,1.20835e-05,1.14047e-05,1.069e-05,9.80191e-06,9.27219e-06,8.48673e-06
1.39799e-05,1.32854e-05,1.33719e-05,1.27475e-05,1.20915e-05,1.16327e-05,1.10532e-05,1.03937e-05,9.55989e-06,9.02867e-06,8.27237e-06
1.36266e-05,1.31065e-05,1.29703e-05,1.23955e-05,1.17436e-05,1.133e-05,1.06847e-05,9.98314e-06,9.28934e-06,8.71433e-06,7.88903e-06
1.32096e-05,1.27214e-05,1.25969e-05,1.20033e-05,1.14664e-05,1.09805e-05,1.03383e-05,9.65856e-06,8.91099e-06,8.41217e-06,7.61191e-06
1.28584e-05,1.24044e-05,1.22778e-05,1.17085e-05,1.10855e-05,1.06869e-05,1.00608e-05,9.38036e-06,8.66538e-06,8.18713e-06,7.37787e-06
1.23982e-05,1.19649e-05,1.18226e-05,1.12944e-05,1.06606e-05,1.02759e-05,9.66467e-06,9.03606e-06,8.3089e-06,7.88392e-06,7.06945e-06
1.22128e-05,1.17498e-05,1.14088e-05,1.10456e-05,1.0429e-05,1.00198e-05,9.4765e-06,8.7426e-06,8.08751e-06,7.71944e-06,6.82275e-06
1.16439e-05,1.12179e-05,1.10823e-05,1.05814e-05,1.00626e-05,9.61151e-06,9.0231e-06,8.43046e-06,7.68179e-06,7.35342e-06,6.56487e-06
1.13441e-05,1.09264e-05,1.07909e-05,1.03135e-05,9.80484e-06,9.37227e-06,8.78205e-06,8.19238e-06,7.41331e-06,7.13552e-06,6.368e-06
1.09428e-05,1.05287e-05,1.03036e-05,9.91023e-06,9.46236e-06,8.94959e-06,8.41442e-06,7.79621e-06,7.1161e-06,6.86685e-06,6.04656e-06
1.05486e-05,1.01979e-05,1.01295e-05,9.57787e-06,9.09483e-06,8.69156e-06,8.1111e-06,7.65551e-06,6.894e-06,6.59813e-06,5.90499e-06
1.02057e-05,9.86768e-06,9.80057e-06,9.26251e-06,8.76768e-06,8.40988e-06,7.82957e-06,7.39223e-06,6.60402e-06,6.35084e-06,5.68598e-06
9.86519e-06,9.56647e-06,9.47823e-06,8.95618e-06,8.48937e-06,8.10455e-06,7.54587e-06,7.1258e-06,6.41024e-06,6.12295e-06,5.46845e-06
9.55717e-06,9.26264e-06,9.07799e-06,8.64248e-06,8.28546e-06,7.82021e-06,7.27799e-06,6.79989e-06,6.17114e-06,5.87262e-06,5.22602e-06
9.15634e-06,8.97466e-06,8.7622e-06,8.386e-06,7.91731e-06,7.54121e-06,7.02253e-06,6.55289e-06,5.95501e-06,5.66988e-06,5.02759e-06
8.93133e-06,8.66473e-06,8.46585e-06,8.09065e-06,7.65153e-06,7.27582e-06,6.76192e-06,6.31468e-06,5.72806e-06,5.45713e-06,4.8288e-06
8.63941e-06,8.38988e-06,8.17519e-06,7.81561e-06,7.37439e-06,7.01228e-06,6.51401e-06,6.09085e-06,5.52244e-06,5.24548e-06,4.63609e-06
8.37124e-06,8.05216e-06,7.86822e-06,7.57352e-06,7.12447e-06,6.77559e-06,6.35584e-06,5.88335e-06,5.33038e-06,5.05925e-06,4.4687e-06
8.14781e-06,7.86266e-06,7.62951e-06,7.30443e-06,6.87217e-06,6.53097e-06,6.04902e-06,5.65401e-06,5.1287e-06,4.85971e-06,4.28846e-06
7.81705e-06,7.60161e-06,7.37758e-06,7.05029e-06,6.63919e-06,6.30675e-06,5.83019e-06,5.44411e-06,4.94262e-06,4.66047e-06,4.12317e-06
7.56965e-06,7.35793e-06,7.12892e-06,6.81301e-06,6.40139e-06,6.08153e-06,5.61855e-06,5.24885e-06,4.76626e-06,4.47929e-06,3.96259e-06
7.32758e-06,7.13213e-06,6.89517e-06,6.58779e-06,6.18177e-06,5.87552e-06,5.42177e-06,5.06027e-06,4.59791e-06,4.31004e-06,3.81434e-06
7.11585e-06,6.90998e-06,6.63522e-06,6.37557e-06,5.99547e-06,5.65072e-06,5.23422e-06,4.84865e-06,4.41698e-06,4.15655e-06,3.6405e-06
6.88028e-06,6.68178e-06,6.46123e-06,6.1574e-06,5.76969e-06,5.47894e-06,5.04189e-06,4.70481e-06,4.28116e-06,3.98274e-06,3.52713e-06
6.67073e-06,6.47632e-06,6.24613e-06,5.95689e-06,5.57501e-06,5.28839e-06,4.86629e-06,4.53867e-06,4.13076e-06,3.83043e-06,3.39427e-06
6.47479e-06,6.23111e-06,6.03287e-06,5.77642e-06,5.394e-06,5.11414e-06,4.75045e-06,4.3906e-06,3.99432e-06,3.69244e-06,3.27297e-06
6.28394e-06,6.09327e-06,5.86456e-06,5.58748e-06,5.21696e-06,4.94569e-06,4.54292e-06,4.23193e-06,3.85785e-06,3.55022e-06,3.1489e-06
6.14449e-06,5.95617e-06,5.73201e-06,5.45893e-06,5.09684e-06,4.82907e-06,4.441e-06,4.12513e-06,3.76242e-06,3.45176e-06,3.06652e-06
5.93014e-06,5.74478e-06,5.52192e-06,5.24301e-06,4.89491e-06,4.63559e-06,4.25112e-06,3.95516e-06,3.60562e-06,3.3031e-06,2.92447e-06
5.7609e-06,5.57703e-06,5.35839e-06,5.08727e-06,4.7453e-06,4.48847e-06,4.1177e-06,3.82738e-06,3.49026e-06,3.18341e-06,2.82432e-06
5.60654e-06,5.42226e-06,5.20501e-06,4.94369e-06,4.60899e-06,4.35368e-06,3.99304e-06,3.70209e-06,3.37954e-06,3.07898e-06,2.73077e-06
5.45707e-06,5.27718e-06,5.06153e-06,4.79424e-06,4.46668e-06,4.21834e-06,3.8717e-06,3.59121e-06,3.27789e-06,2.96924e-06,2.63119e-06
5.3166e-06,5.13927e-06,4.92742e-06,4.65957e-06,4.33925e-06,4.09564e-06,3.75774e-06,3.48202e-06,3.18002e-06,2.87321e-06,2.5448e-06
5.1821e-06,4.99963e-06,4.79928e-06,4.5276e-06,4.21983e-06,3.98345e-06,3.64998e-06,3.38443e-06,3.08689e-06,2.77845e-06,2.46623e-06
5.04836e-06,4.87392e-06,4.67098e-06,4.41032e-06,4.10862e-06,3.87139e-06,3.54577e-06,3.27957e-06,2.99605e-06,2.69479e-06,2.38591e-06
4.92503e-06,4.75201e-06,4.54849e-06,4.29046e-06,3.99644e-06,3.76571e-06,3.45247e-06,3.188e-06,2.91124e-06,2.61326e-06,2.31247e-06
4.80867e-06,4.63687e-06,4.43756e-06,4.1806e-06,3.8914e-06,3.66594e-06,3.35828e-06,3.1011e-06,2.83217e-06,2.53327e-06,2.24121e-06
4.68541e-06,4.52559e-06,4.3267e-06,4.07526e-06,3.79499e-06,3.57067e-06,3.27198e-06,3.01894e-06,2.75517e-06,2.45946e-06,2.17482e-06
4.5813e-06,4.42067e-06,4.22275e-06,3.97176e-06,3.69992e-06,3.48093e-06,3.18889e-06,2.9358e-06,2.68109e-06,2.38872e-06,2.11098e-06
4.47431e-06,4.31313e-06,4.12395e-06,3.87668e-06,3.60806e-06,3.39377e-06,3.11063e-06,2.86271e-06,2.61e-06,2.32294e-06,2.04933e-06
4.37384e-06,4.214e-06,4.03109e-06,3.78425e-06,3.52356e-06,3.31108e-06,3.0368e-06,2.7884e-06,2.54339e-06,2.25859e-06,1.99323e-06
4.27342e-06,4.11943e-06,3.93318e-06,3.69257e-06,3.43954e-06,3.23108e-06,2.95937e-06,2.71812e-06,2.477e-06,2.19843e-06,1.93608e-06
4.17619e-06,4.02605e-06,3.8469e-06,3.60575e-06,3.3595e-06,3.15637e-06,2.89106e-06,2.64828e-06,2.41511e-06,2.14117e-06,1.8846e-06
4.08376e-06,3.93528e-06,3.75775e-06,3.52558e-06,3.28223e-06,3.07877e-06,2.82132e-06,2.58437e-06,2.35364e-06,2.0859e-06,1.83386e-06
3.99913e-06,3.85196e-06,3.67998e-06,3.44551e-06,3.20714e-06,3.00969e-06,2.754e-06,2.52344e-06,2.29619e-06,2.03185e-06,1.78436e-06
3.9069e-06,3.76428e-06,3.59363e-06,3.36722e-06,3.13703e-06,2.93928e-06,2.69263e-06,2.46406e-06,2.23853e-06,1.98186e-06,1.73816e-06
3.81918e-06,3.68114e-06,3.51392e-06,3.29106e-06,3.06561e-06,2.87268e-06,2.63019e-06,2.40255e-06,2.18389e-06,1.93042e-06,1.69348e-06
3.73994e-06,3.60331e-06,3.43487e-06,3.21982e-06,2.99802e-06,2.80736e-06,2.5714e-06,2.34875e-06,2.13171e-06,1.88208e-06,1.64947e-06
3.65188e-06,3.5218e-06,3.3566e-06,3.14662e-06,2.93133e-06,2.74522e-06,2.51218e-06,2.28899e-06,2.079e-06,1.83442e-06,1.6084e-06
3.56965e-06,3.44102e-06,3.28344e-06,3.07619e-06,2.86488e-06,2.68006e-06,2.45467e-06,2.23637e-06,2.02758e-06,1.78958e-06,1.56584e-06
3.4947e-06,3.36617e-06,3.21253e-06,3.01062e-06,2.80061e-06,2.6189e-06,2.39581e-06,2.18494e-06,1.97888e-06,1.74408e-06,1.5265e-06
3.41945e-06,3.29172e-06,3.14309e-06,2.94218e-06,2.73906e-06,2.56312e-06,2.34752e-06,2.13457e-06,1.93023e-06,1.70269e-06,1.48874e-06
3.33788e-06,3.22004e-06,3.07336e-06,2.87693e-06,2.67788e-06,2.50312e-06,2.29255e-06,2.08355e-06,1.88165e-06,1.66118e-06,1.45093e-06
3.26682e-06,3.14658e-06,3.00314e-06,2.81283e-06,2.61784e-06,2.44555e-06,2.23778e-06,2.03394e-06,1.83728e-06,1.61889e-06,1.41238e-06
3.19521e-06,3.07514e-06,2.93714e-06,2.74933e-06,2.55779e-06,2.39254e-06,2.1867e-06,1.98511e-06,1.79268e-06,1.57894e-06,1.37598e-06
3.12476e-06,3.00752e-06,2.87333e-06,2.68852e-06,2.50244e-06,2.33636e-06,2.13679e-06,1.93863e-06,1.74928e-06,1.54057e-06,1.34198e-06
3.05617e-06,2.94162e-06,2.80593e-06,2.62775e-06,2.44641e-06,2.28603e-06,2.08862e-06,1.89283e-06,1.70562e-06,1.50133e-06,1.30788e-06
2.99241e-06,2.87566e-06,2.7463e-06,2.57292e-06,2.3915e-06,2.2331e-06,2.03914e-06,1.85151e-06,1.66513e-06,1.46483e-06,1.27398e-06
2.92189e-06,2.80937e-06,2.68415e-06,2.51443e-06,2.33745e-06,2.1821e-06,1.99257e-06,1.80639e-06,1.62369e-06,1.43019e-06,1.24222e-06
2.85551e-06,2.74641e-06,2.62347e-06,2.458e-06,2.28574e-06,2.13114e-06,1.94631e-06,1.7615e-06,1.58432e-06,1.39285e-06,1.21047e-06
2.78971e-06,2.68505e-06,2.56217e-06,2.40261e-06,2.23401e-06,2.08324e-06,1.90226e-06,1.72016e-06,1.54489e-06,1.35839e-06,1.18081e-06
2.72943e-06,2.62564e-06,2.51186e-06,2.35014e-06,2.18356e-06,2.03658e-06,1.85696e-06,1.68098e-06,1.50805e-06,1.32562e-06,1.15038e-06
2.67086e-06,2.56644e-06,2.44824e-06,2.29573e-06,2.13395e-06,1.99211e-06,1.81308e-06,1.64089e-06,1.472e-06,1.29138e-06,1.12023e-06
2.61153e-06,2.5081e-06,2.39982e-06,2.24576e-06,2.08539e-06,1.9431e-06,1.77131e-06,1.60151e-06,1.43527e-06,1.2606e-06,1.09207e-06
2.55138e-06,2.45116e-06,2.34368e-06,2.19511e-06,2.03754e-06,1.89844e-06,1.7295e-06,1.56378e-06,1.39969e-06,1.22977e-06,1.0654e-06
2.49319e-06,2.39537e-06,2.2913e-06,2.14547e-06,1.99263e-06,1.85552e-06,1.69062e-06,1.52671e-06,1.36633e-06,1.19894e-06,1.03791e-06
2.43583e-06,2.34055e-06,2.23785e-06,2.09757e-06,1.94676e-06,1.81218e-06,1.65078e-06,1.48973e-06,1.33207e-06,1.16832e-06,1.01117e-06
2.38217e-06,2.28717e-06,2.18841e-06,2.05176e-06,1.90248e-06,1.77388e-06,1.61226e-06,1.4535e-06,1.29892e-06,1.14001e-06,9.85761e-07
2.334e-06,2.24093e-06,2.14289e-06,2.00831e-06,1.86215e-06,1.73517e-06,1.57723e-06,1.42117e-06,1.27087e-06,1.11388e-06,9.63276e-07
2.28583e-06,2.19134e-06,2.0966e-06,1.96369e-06,1.82096e-06,1.69801e-06,1.54126e-06,1.38916e-06,1.24071e-06,1.08766e-06,9.38131e-07
2.23108e-06,2.14189e-06,2.05046e-06,1.91998e-06,1.77835e-06,1.65583e-06,1.50378e-06,1.35623e-06,1.20975e-06,1.06123e-06,9.15784e-07
2.17336e-06,2.0859e-06,1.99625e-06,1.87447e-06,1.73535e-06,1.61271e-06,1.46694e-06,1.32041e-06,1.17675e-06,1.0312e-06,8.90355e-07
2.12576e-06,2.03921e-06,1.952e-06,1.82996e-06,1.69539e-06,1.5772e-06,1.43199e-06,1.29015e-06,1.14874e-06,1.00554e-06,8.67541e-07
2.0764e-06,1.99542e-06,1.90839e-06,1.78999e-06,1.65823e-06,1.53942e-06,1.40004e-06,1.25948e-06,1.12164e-06,9.80703e-07,8.45911e-07
2.03273e-06,1.94945e-06,1.86399e-06,1.74881e-06,1.61883e-06,1.50554e-06,1.36694e-06,1.2299e-06,1.09363e-06,9.57989e-07,8.24861e-07
1.98943e-06,1.90526e-06,1.82625e-06,1.71037e-06,1.58162e-06,1.46941e-06,1.33393e-06,1.20005e-06,1.06609e-06,9.34044e-07,8.02349e-07
1.94191e-06,1.86252e-06,1.7829e-06,1.67249e-06,1.54608e-06,1.43634e-06,1.30298e-06,1.17212e-06,1.0412e-06,9.11055e-07,7.8217e-07
1.8974e-06,1.81942e-06,1.7421e-06,1.63332e-06,1.51072e-06,1.40315e-06,1.27221e-06,1.14276e-06,1.0164e-06,8.87582e-07,7.62143e-07
1.85301e-06,1.77912e-06,1.70227e-06,1.59736e-06,1.47833e-06,1.37205e-06,1.24369e-06,1.11567e-06,9.91835e-07,8.65784e-07,7.443e-07
1.81604e-06,1.73825e-06,1.66453e-06,1.56297e-06,1.44405e-06,1.339e-06,1.21375e-06,1.08923e-06,9.68163e-07,8.45222e-07,7.24351e-07
1.77288e-06,1.69819e-06,1.62443e-06,1.52547e-06,1.41017e-06,1.30833e-06,1.1845e-06,1.06362e-06,9.43939e-07,8.24093e-07,7.06435e-07
1.73754e-06,1.66099e-06,1.59206e-06,1.49241e-06,1.37933e-06,1.27949e-06,1.15667e-06,1.0388e-06,9.21911e-07,8.0307e-07,6.88731e-07
1.69622e-06,1.6243e-06,1.55571e-06,1.45877e-06,1.3479e-06,1.24761e-06,1.13002e-06,1.01606e-06,9.00246e-07,7.854e-07,6.71773e-07
1.65899e-06,1.58782e-06,1.52174e-06,1.42811e-06,1.32024e-06,1.22035e-06,1.10591e-06,9.89971e-07,8.78624e-07,7.65321e-07,6.55777e-07
1.62393e-06,1.55235e-06,1.48437e-06,1.39451e-06,1.28921e-06,1.194e-06,1.07952e-06,9.67045e-07,8.59084e-07,7.45859e-07,6.37371e-07
1.5875e-06,1.51671e-06,1.451e-06,1.36462e-06,1.25887e-06,1.16522e-06,1.05444e-06,9.44322e-07,8.37363e-07,7.28315e-07,6.21789e-07
1.55063e-06,1.48463e-06,1.41942e-06,1.3329e-06,1.23181e-06,1.14124e-06,1.03016e-06,9.22579e-07,8.17431e-07,7.10345e-07,6.05403e-07
1.51748e-06,1.45212e-06,1.38844e-06,1.30478e-06,1.20353e-06,1.11393e-06,1.00654e-06,9.00619e-07,7.96363e-07,6.93645e-07,5.90506e-07
1.48439e-06,1.41976e-06,1.3587e-06,1.27674e-06,1.17642e-06,1.0883e-06,9.82316e-07,8.81736e-07,7.78789e-07,6.7704e-07,5.76259e-07
1.45288e-06,1.38885e-06,1.33004e-06,1.24799e-06,1.14988e-06,1.06382e-06,9.60312e-07,8.61271e-07,7.61585e-07,6.60684e-07,5.6279e-07
1.42199e-06,1.35896e-06,1.29831e-06,1.22026e-06,1.12473e-06,1.04115e-06,9.39362e-07,8.41332e-07,7.42798e-07,6.44314e-07,5.48107e-07
1.39188e-06,1.32973e-06,1.27189e-06,1.1952e-06,1.10151e-06,1.016e-06,9.16894e-07,8.2061e-07,7.2552e-07,6.29187e-07,5.34886e-07
1.36213e-06,1.30125e-06,1.24392e-06,1.16975e-06,1.07807e-06,9.94053e-07,8.98659e-07,8.02703e-07,7.08588e-07,6.14244e-07,5.21048e-07
1.33355e-06,1.27345e-06,1.21735e-06,1.14386e-06,1.05301e-06,9.71327e-07,8.77055e-07,7.84537e-07,6.92652e-07,5.99189e-07,5.08415e-07
1.30559e-06,1.2471e-06,1.18894e-06,1.11971e-06,1.03035e-06,9.52359e-07,8.57881e-07,7.67943e-07,6.7694e-07,5.8534e-07,4.96809e-07
1.28115e-06,1.22372e-06,1.16802e-06,1.09776e-06,1.01033e-06,9.32749e-07,8.4054e-07,7.51213e-07,6.62464e-07,5.73004e-07,4.85017e-07
1.2506e-06,1.19461e-06,1.13808e-06,1.07168e-06,9.85445e-07,9.09329e-07,8.19781e-07,7.33336e-07,6.45629e-07,5.57911e-07,4.71901e-07
1.22595e-06,1.16969e-06,1.11632e-06,1.04973e-06,9.65134e-07,8.90475e-07,8.02372e-07,7.18393e-07,6.31607e-07,5.4464e-07,4.60522e-07
1.20024e-06,1.1462e-06,1.09217e-06,1.0264e-06,9.4514e-07,8.72351e-07,7.85933e-07,7.02022e-07,6.1675e-07,5.31742e-07,4.48789e-07
1.17672e-06,1.12132e-06,1.07127e-06,1.0062e-06,9.25086e-07,8.52707e-07,7.68201e-07,6.85772e-07,6.03439e-07,5.19499e-07,4.38629e-07
1.15194e-06,1.0987e-06,1.04805e-06,9.86953e-07,9.06808e-07,8.3466e-07,7.52143e-07,6.70411e-07,5.89433e-07,5.08152e-07,4.27321e-07
1.12987e-06,1.07755e-06,1.02574e-06,9.64597e-07,8.87882e-07,8.16444e-07,7.35953e-07,6.56657e-07,5.76407e-07,4.95791e-07,4.18353e-07
1.10562e-06,1.05618e-06,1.00479e-06,9.44711e-07,8.6894e-07,7.98664e-07,7.19485e-07,6.42232e-07,5.63879e-07,4.84603e-07,4.06993e-07
1.08396e-06,1.03371e-06,9.83602e-07,9.26713e-07,8.50416e-07,7.8295e-07,7.04076e-07,6.28507e-07,5.50533e-07,4.72986e-07,3.98664e-07
1.06229e-06,1.01276e-06,9.62999e-07,9.07215e-07,8.32954e-07,7.66328e-07,6.89636e-07,6.15571e-07,5.38239e-07,4.6324e-07,3.87858e-07
1.04213e-06,9.93645e-07,9.45864e-07,8.88904e-07,8.16291e-07,7.50436e-07,6.75149e-07,6.02657e-07,5.27206e-07,4.51806e-07,3.79335e-07
1.02187e-06,9.74248e-07,9.25428e-07,8.70968e-07,8.00118e-07,7.35525e-07,6.61846e-07,5.90531e-07,5.1664e-07,4.42731e-07,3.70781e-07
1.00209e-06,9.54347e-07,9.08234e-07,8.55738e-07,7.84323e-07,7.20811e-07,6.48057e-07,5.77046e-07,5.04644e-07,4.32344e-07,3.61502e-07
9.83616e-07,9.36872e-07,8.90521e-07,8.37978e-07,7.69782e-07,7.06562e-07,6.35185e-07,5.64813e-07,4.94092e-07,4.22318e-07,3.53441e-07
9.62911e-07,9.18231e-07,8.712e-07,8.20408e-07,7.52959e-07,6.92082e-07,6.22476e-07,5.5366e-07,4.82865e-07,4.13106e-07,3.44804e-07
9.44763e-07,9.0104e-07,8.54346e-07,8.04156e-07,7.39523e-07,6.78352e-07,6.09809e-07,5.41851e-07,4.72748e-07,4.04282e-07,3.36973e-07
9.26884e-07,8.83467e-07,8.38299e-07,7.88624e-07,7.2447e-07,6.64506e-07,5.96578e-07,5.30502e-07,4.62552e-07,3.95054e-07,3.29234e-07
9.08899e-07,8.65034e-07,8.21312e-07,7.74184e-07,7.10375e-07,6.51958e-07,5.85139e-07,5.20296e-07,4.52711e-07,3.86716e-07,3.21831e-07
8.92431e-07,8.49785e-07,8.06671e-07,7.58223e-07,6.97219e-07,6.39614e-07,5.72478e-07,5.10063e-07,4.43834e-07,3.77867e-07,3.14628e-07
8.7701e-07,8.3395e-07,7.91702e-07,7.44377e-07,6.83402e-07,6.2704e-07,5.61567e-07,4.99535e-07,4.35356e-07,3.69762e-07,3.0709e-07
8.6009e-07,8.18076e-07,7.7665e-07,7.30846e-07,6.7095e-07,6.14062e-07,5.50749e-07,4.891e-07,4.25725e-07,3.61439e-07,3.00458e-07
8.43418e-07,8.0266e-07,7.61725e-07,7.16544e-07,6.58429e-07,6.01922e-07,5.39888e-07,4.79302e-07,4.17082e-07,3.53866e-07,2.93122e-07
8.27614e-07,7.88754e-07,7.46807e-07,7.02326e-07,6.45905e-07,5.90588e-07,5.29158e-07,4.69936e-07,4.08455e-07,3.46322e-07,2.86405e-07
8.12328e-07,7.74144e-07,7.33274e-07,6.90275e-07,6.3388e-07,5.79227e-07,5.19508e-07,4.60675e-07,4.00697e-07,3.39433e-07,2.79968e-07
7.97356e-07,7.58903e-07,7.19018e-07,6.76795e-07,6.21492e-07,5.68858e-07,5.08373e-07,4.51465e-07,3.911e-07,3.31862e-07,2.74327e-07
7.83005e-07,7.45135e-07,7.06097e-07,6.64311e-07,6.1022e-07,5.57454e-07,4.99165e-07,4.4238e-07,3.83766e-07,3.2484e-07,2.68086e-07
7.6918e-07,7.31809e-07,6.9335e-07,6.5166e-07,5.9913e-07,5.46979e-07,4.89733e-07,4.34033e-07,3.76069e-07,3.17644e-07,2.61842e-07
7.55042e-07,7.17834e-07,6.81378e-07,6.40796e-07,5.87871e-07,5.36624e-07,4.80288e-07,4.25642e-07,3.69101e-07,3.10998e-07,2.55881e-07
7.4195e-07,7.05533e-07,6.68009e-07,6.28571e-07,5.77523e-07,5.26542e-07,4.71462e-07,4.1703e-07,3.6105e-07,3.04186e-07,2.50562e-07
7.282e-07,6.92828e-07,6.55771e-07,6.16644e-07,5.66608e-07,5.16803e-07,4.62985e-07,4.08742e-07,3.54266e-07,2.97791e-07,2.44272e-07
7.15015e-07,6.80986e-07,6.44168e-07,6.05576e-07,5.56423e-07,5.06992e-07,4.53427e-07,4.01194e-07,3.46817e-07,2.91491e-07,2.39693e-07
7.02755e-07,6.68193e-07,6.32732e-07,5.94432e-07,5.46062e-07,4.97566e-07,4.45234e-07,3.9286e-07,3.39603e-07,2.85693e-07,2.34194e-07
6.89953e-07,6.55915e-07,6.21284e-07,5.83661e-07,5.36078e-07,4.8832e-07,4.36441e-07,3.85352e-07,3.32891e-07,2.79484e-07,2.29011e-07
6.77876e-07,6.43847e-07,6.0926e-07,5.7301e-07,5.26117e-07,4.79693e-07,4.28762e-07,3.78114e-07,3.25909e-07,2.74241e-07,2.2416e-07
6.65816e-07,6.32794e-07,5.98804e-07,5.62918e-07,5.16936e-07,4.70621e-07,4.20067e-07,3.70965e-07,3.19325e-07,2.68245e-07,2.19025e-07
6.54094e-07,6.21618e-07,5.8853e-07,5.52847e-07,5.07566e-07,4.62012e-07,4.11831e-07,3.6378e-07,3.13277e-07,2.63033e-07,2.14388e-07
6.42475e-07,6.10711e-07,5.77863e-07,5.43373e-07,4.98877e-07,4.53052e-07,4.04801e-07,3.57025e-07,3.07329e-07,2.58022e-07,2.09774e-07
6.31151e-07,5.99865e-07,5.67433e-07,5.33194e-07,4.89593e-07,4.4478e-07,3.97116e-07,3.50418e-07,3.00965e-07,2.51326e-07,2.05168e-07
6.20209e-07,5.89766e-07,5.57071e-07,5.23585e-07,4.80958e-07,4.36279e-07,3.89917e-07,3.43551e-07,2.94527e-07,2.46622e-07,2.00745e-07
6.09238e-07,5.79098e-07,5.4764e-07,5.14281e-07,4.72634e-07,4.28462e-07,3.82172e-07,3.36902e-07,2.89415e-07,2.41056e-07,1.95811e-07
5.98521e-07,5.683e-07,5.37694e-07,5.05256e-07,4.63883e-07,4.21156e-07,3.75704e-07,3.30069e-07,2.83389e-07,2.36295e-07,1.92068e-07
5.87998e-07,5.58752e-07,5.28147e-07,4.96116e-07,4.5563e-07,4.13233e-07,3.68335e-07,3.23832e-07,2.77842e-07,2.31482e-07,1.87595e-07
5.77778e-07,5.4883e-07,5.18647e-07,4.87334e-07,4.47759e-07,4.05549e-07,3.61165e-07,3.17807e-07,2.72276e-07,2.26999e-07,1.83281e-07
5.68074e-07,5.39184e-07,5.10163e-07,4.78809e-07,4.39538e-07,3.98399e-07,3.54725e-07,3.1199e-07,2.6722e-07,2.22054e-07,1.79741e-07
5.57943e-07,5.30121e-07,5.01173e-07,4.70359e-07,4.31922e-07,3.90959e-07,3.48352e-07,3.06308e-07,2.61965e-07,2.17589e-07,1.7545e-07
5.48492e-07,5.21161e-07,4.92331e-07,4.62114e-07,4.24363e-07,3.84469e-07,3.41885e-07,2.99997e-07,2.56618e-07,2.13623e-07,1.71812e-07
5.3862e-07,5.12055e-07,4.83284e-07,4.53629e-07,4.17117e-07,3.76595e-07,3.35747e-07,2.93712e-07,2.51802e-07,2.08429e-07,1.67436e-07
5.29483e-07,5.02753e-07,4.74417e-07,4.4575e-07,4.0899e-07,3.70179e-07,3.29053e-07,2.88821e-07,2.46514e-07,2.04204e-07,1.64148e-07
5.20518e-07,4.94132e-07,4.6652e-07,4.38121e-07,4.02071e-07,3.63779e-07,3.23428e-07,2.83089e-07,2.41601e-07,1.99961e-07,1.60498e-07
5.11501e-07,4.85596e-07,4.58827e-07,4.30238e-07,3.95113e-07,3.57035e-07,3.17012e-07,2.78054e-07,2.36376e-07,1.95429e-07,1.56945e-07
5.02659e-07,4.76977e-07,4.50942e-07,4.22469e-07,3.88272e-07,3.50178e-07,3.11315e-07,2.72091e-07,2.32336e-07,1.91617e-07,1.53142e-07
4.94114e-07,4.69601e-07,4.43039e-07,4.15213e-07,3.81427e-07,3.4409e-07,3.04973e-07,2.67683e-07,2.2816e-07,1.87545e-07,1.49793e-07
4.85682e-07,4.613e-07,4.35632e-07,4.08133e-07,3.75152e-07,3.38105e-07,2.99899e-07,2.62286e-07,2.23389e-07,1.83891e-07,1.46816e-07
4.77558e-07,4.53356e-07,4.2733e-07,4.01149e-07,3.68862e-07,3.32251e-07,2.94649e-07,2.57843e-07,2.18712e-07,1.79983e-07,1.43348e-07
4.69409e-07,4.45654e-07,4.20364e-07,3.94095e-07,3.6176e-07,3.26336e-07,2.8962e-07,2.52127e-07,2.14452e-07,1.76238e-07,1.40353e-07
4.61607e-07,4.3793e-07,4.13574e-07,3.87443e-07,3.55722e-07,3.20446e-07,2.8413e-07,2.48127e-07,2.10581e-07,1.73307e-07,1.37245e-07
4.53617e-07,4.30428e-07,4.05579e-07,3.80678e-07,3.49561e-07,3.14654e-07,2.79149e-07,2.43022e-07,2.0552e-07,1.69767e-07,1.34144e-07
4.46219e-07,4.23096e-07,3.99013e-07,3.74307e-07,3.4337e-07,3.09133e-07,2.73976e-07,2.38678e-07,2.02345e-07,1.65364e-07,1.30837e-07
4.38568e-07,4.16012e-07,3.91651e-07,3.67721e-07,3.37619e-07,3.03553e-07,2.69002e-07,2.34464e-07,1.98181e-07,1.6219e-07,1.28522e-07
4.31657e-07,4.09397e-07,3.85942e-07,3.61681e-07,3.3207e-07,2.98411e-07,2.64245e-07,2.30112e-07,1.94485e-07,1.5889e-07,1.25319e-07
4.24271e-07,4.02413e-07,3.78856e-07,3.55471e-07,3.25937e-07,2.92991e-07,2.58529e-07,2.25644e-07,1.90538e-07,1.55286e-07,1.22217e-07
4.17458e-07,3.961e-07,3.73075e-07,3.49483e-07,3.20789e-07,2.87635e-07,2.55271e-07,2.21158e-07,1.87087e-07,1.52459e-07,1.19338e-07
4.10441e-07,3.89444e-07,3.66507e-07,3.43574e-07,3.15431e-07,2.83104e-07,2.50388e-07,2.17324e-07,1.83419e-07,1.49083e-07,1.17025e-07
4.04198e-07,3.82919e-07,3.61158e-07,3.38092e-07,3.10108e-07,2.7851e-07,2.46305e-07,2.13665e-07,1.80076e-07,1.46058e-07,1.14291e-07
3.97395e-07,3.76863e-07,3.55383e-07,3.3242e-07,3.05278e-07,2.73846e-07,2.41759e-07,2.09704e-07,1.76752e-07,1.42996e-07,1.12168e-07
3.9123e-07,3.71005e-07,3.49323e-07,3.26857e-07,3.00282e-07,2.68719e-07,2.37884e-07,2.05417e-07,1.73243e-07,1.40132e-07,1.09619e-07
3.85011e-07,3.65105e-07,3.43653e-07,3.21623e-07,2.95143e-07,2.64643e-07,2.33693e-07,2.02268e-07,1.69717e-07,1.37603e-07,1.07674e-07
3.789e-07,3.59195e-07,3.37668e-07,3.1654e-07,2.90393e-07,2.60167e-07,2.30143e-07,1.98676e-07,1.66434e-07,1.34619e-07,1.04755e-07
3.72813e-07,3.53884e-07,3.32666e-07,3.1145e-07,2.8568e-07,2.56156e-07,2.26069e-07,1.95381e-07,1.63967e-07,1.31861e-07,1.02904e-07
3.67262e-07,3.4809e-07,3.27079e-07,3.0644e-07,2.80915e-07,2.51358e-07,2.22072e-07,1.9207e-07,1.60801e-07,1.29698e-07,1.00382e-07
3.61542e-07,3.42662e-07,3.22396e-07,3.017e-07,2.76239e-07,2.4789e-07,2.18691e-07,1.88328e-07,1.58015e-07,1.26577e-07,9.82522e-08
3.55908e-07,3.37345e-07,3.17375e-07,2.96666e-07,2.72054e-07,2.43291e-07,2.14061e-07,1.84904e-07,1.54473e-07,1.24206e-07,9.5629e-08
3.50516e-07,3.31854e-07,3.12756e-07,2.92356e-07,2.67486e-07,2.39826e-07,2.10687e-07,1.81992e-07,1.52525e-07,1.21682e-07,9.42157e-08
3.45294e-07,3.27331e-07,3.07177e-07,2.87736e-07,2.63724e-07,2.36048e-07,2.06702e-07,1.79384e-07,1.49563e-07,1.19457e-07,9.13932e-08
3.39897e-07,3.21799e-07,3.03121e-07,2.83371e-07,2.59176e-07,2.32044e-07,2.03236e-07,1.76108e-07,1.46328e-07,1.17323e-07,8.99237e-08
3.349e-07,3.17432e-07,2.9858e-07,2.79033e-07,2.55259e-07,2.28409e-07,2.00696e-07,1.7301e-07,1.44406e-07,1.14653e-07,8.80224e-08
3.30076e-07,3.1302e-07,2.94491e-07,2.74531e-07,2.52254e-07,2.24954e-07,1.97403e-07,1.69026e-07,1.41246e-07,1.12629e-07,8.5997e-08
3.25226e-07,3.07599e-07,2.89e-07,2.70794e-07,2.47589e-07,2.21644e-07,1.94356e-07,1.66836e-07,1.38587e-07,1.10341e-07,8.44599e-08
3.20552e-07,3.03486e-07,2.84889e-07,2.6681e-07,2.43729e-07,2.17747e-07,1.90823e-07,1.64442e-07,1.36592e-07,1.08863e-07,8.28872e-08
3.15736e-07,2.99163e-07,2.80838e-07,2.6269e-07,2.40265e-07,2.1464e-07,1.88005e-07,1.61536e-07,1.34167e-07,1.06118e-07,8.07763e-08
3.11333e-07,2.94957e-07,2.77055e-07,2.58895e-07,2.36405e-07,2.11812e-07,1.85429e-07,1.58914e-07,1.31701e-07,1.0416e-07,7.92414e-08
3.06786e-07,2.90613e-07,2.72776e-07,2.55353e-07,2.33005e-07,2.08389e-07,1.82244e-07,1.56356e-07,1.29396e-07,1.02017e-07,7.77079e-08
3.02309e-07,2.86673e-07,2.68705e-07,2.51545e-07,2.29546e-07,2.05185e-07,1.79678e-07,1.54408e-07,1.27368e-07,1.00026e-07,7.62196e-08
2.98312e-07,2.82522e-07,2.64547e-07,2.47914e-07,2.26201e-07,2.02024e-07,1.76652e-07,1.51151e-07,1.24964e-07,9.80432e-08,7.41736e-08
2.94214e-07,2.78856e-07,2.61751e-07,2.44341e-07,2.22785e-07,1.99766e-07,1.7418e-07,1.48909e-07,1.23436e-07,9.59492e-08,7.29538e-08
2.90012e-07,2.75239e-07,2.57616e-07,2.41142e-07,2.1942e-07,1.96535e-07,1.71155e-07,1.46402e-07,1.20942e-07,9.48907e-08,7.14089e-08
2.86225e-07,2.71406e-07,2.54657e-07,2.37811e-07,2.17008e-07,1.93963e-07,1.68892e-07,1.44894e-07,1.19334e-07,9.32626e-08,7.04446e-08
2.8247e-07,2.67369e-07,2.51178e-07,2.34374e-07,2.13802e-07,1.90688e-07,1.67072e-07,1.41965e-07,1.17392e-07,9.12046e-08,6.88341e-08
2.78856e-07,2.64004e-07,2.48216e-07,2.31479e-07,2.11122e-07,1.88612e-07,1.64189e-07,1.40193e-07,1.15628e-07,8.97202e-08,6.76759e-08
2.75064e-07,2.60704e-07,2.44399e-07,2.28449e-07,2.08358e-07,1.85818e-07,1.62145e-07,1.37995e-07,1.13357e-07,8.80528e-08,6.66111e-08
2.71592e-07,2.57209e-07,2.41698e-07,2.25513e-07,2.05741e-07,1.83443e-07,1.59951e-07,1.35838e-07,1.12233e-07,8.70815e-08,6.537e-08
2.68075e-07,2.53416e-07,2.37824e-07,2.22696e-07,2.02075e-07,1.81208e-07,1.57456e-07,1.34004e-07,1.09984e-07,8.50889e-08,6.40156e-08
2.64866e-07,2.50807e-07,2.35196e-07,2.19708e-07,1.99832e-07,1.78642e-07,1.55101e-07,1.32102e-07,1.08476e-07,8.3735e-08,6.29666e-08
2.61485e-07,2.47998e-07,2.32503e-07,2.1705e-07,1.97503e-07,1.76273e-07,1.53601e-07,1.30114e-07,1.0671e-07,8.28447e-08,6.16595e-08
2.58143e-07,2.44015e-07,2.29674e-07,2.14331e-07,1.94681e-07,1.74204e-07,1.50933e-07,1.28634e-07,1.05063e-07,8.05621e-08,6.07163e-08
2.54597e-07,2.41548e-07,2.26014e-07,2.11542e-07,1.9194e-07,1.71944e-07,1.48393e-07,1.27056e-07,1.04084e-07,7.98086e-08,5.95321e-08
2.51717e-07,2.38567e-07,2.2367e-07,2.08898e-07,1.89791e-07,1.6974e-07,1.46589e-07,1.24718e-07,1.01904e-07,7.8134e-08,5.87197e-08
2.48666e-07,2.35579e-07,2.20686e-07,2.0671e-07,1.87363e-07,1.67232e-07,1.45092e-07,1.22918e-07,1.0033e-07,7.72269e-08,5.73509e-08
2.45879e-07,2.32755e-07,2.18509e-07,2.03998e-07,1.85099e-07,1.65448e-07,1.43199e-07,1.21487e-07,9.91892e-08,7.56915e-08,5.71178e-08
2.42959e-07,2.29909e-07,2.15967e-07,2.0163e-07,1.82885e-07,1.63337e-07,1.41476e-07,1.1985e-07,9.7925e-08,7.44484e-08,5.62272e-08
2.4017e-07,2.27316e-07,2.13713e-07,1.9906e-07,1.80482e-07,1.61237e-07,1.3958e-07,1.1819e-07,9.67412e-08,7.37553e-08,5.50311e-08
2.37422e-07,2.25426e-07,2.11097e-07,1.968e-07,1.7891e-07,1.59614e-07,1.38005e-07,1.16166e-07,9.48361e-08,7.30058e-08,5.40148e-08
2.34612e-07,2.22124e-07,2.08608e-07,1.94585e-07,1.76158e-07,1.57566e-07,1.36064e-07,1.15219e-07,9.38213e-08,7.12947e-08,5.35281e-08
2.31995e-07,2.19619e-07,2.06298e-07,1.92368e-07,1.73822e-07,1.55658e-07,1.34186e-07,1.13868e-07,9.22997e-08,7.0201e-08,5.28919e-08
2.29262e-07,2.17095e-07,2.03461e-07,1.90116e-07,1.72256e-07,1.54001e-07,1.32736e-07,1.12535e-07,9.1321e-08,6.93274e-08,5.17835e-08
2.26669e-07,2.14654e-07,2.01701e-07,1.87979e-07,1.70277e-07,1.52113e-07,1.31082e-07,1.11125e-07,9.01812e-08,6.8201e-08,5.13873e-08
2.24133e-07,2.12132e-07,1.9943e-07,1.85918e-07,1.68212e-07,1.50409e-07,1.29955e-07,1.09665e-07,8.91385e-08,6.70337e-08,5.0422e-08
2.21557e-07,2.09743e-07,1.96991e-07,1.8379e-07,1.66616e-07,1.48567e-07,1.27839e-07,1.07991e-07,8.76936e-08,6.69498e-08,4.97048e-08
2.191e-07,2.07395e-07,1.95401e-07,1.81745e-07,1.65007e-07,1.47301e-07,1.26279e-07,1.06772e-07,8.65638e-08,6.53634e-08,4.93609e-08
2.16541e-07,2.05358e-07,1.92669e-07,1.79998e-07,1.6248e-07,1.45138e-07,1.25272e-07,1.05405e-07,8.55853e-08,6.4815e-08,4.83574e-08
2.13923e-07,2.02747e-07,1.90231e-07,1.77835e-07,1.60523e-07,1.43338e-07,1.23442e-07,1.03877e-07,8.43848e-08,6.3451e-08,4.78343e-08
2.11998e-07,2.00946e-07,1.88548e-07,1.76204e-07,1.58928e-07,1.4196e-07,1.22188e-07,1.02871e-07,8.34002e-08,6.32066e-08,4.73443e-08
2.09306e-07,1.9866e-07,1.86147e-07,1.73898e-07,1.57158e-07,1.40464e-07,1.20772e-07,1.01393e-07,8.20598e-08,6.19041e-08,4.62807e-08
2.07456e-07,1.96708e-07,1.84948e-07,1.72417e-07,1.55937e-07,1.39088e-07,1.19237e-07,1.00454e-07,8.12563e-08,6.11271e-08,4.64651e-08
2.05278e-07,1.9459e-07,1.82711e-07,1.70617e-07,1.53886e-07,1.37641e-07,1.18076e-07,9.94245e-08,8.04243e-08,6.06757e-08,4.51853e-08
2.03027e-07,1.92835e-07,1.81167e-07,1.68846e-07,1.52347e-07,1.36176e-07,1.16862e-07,9.83136e-08,7.95569e-08,5.97584e-08,4.48518e-08
2.01288e-07,1.90647e-07,1.79161e-07,1.66943e-07,1.50492e-07,1.34803e-07,1.15435e-07,9.71577e-08,7.85376e-08,5.91179e-08,4.44006e-08
1.98938e-07,1.88767e-07,1.76806e-07,1.65273e-07,1.48982e-07,1.33244e-07,1.13944e-07,9.61839e-08,7.75584e-08,5.86171e-08,4.37722e-08
1.96852e-07,1.86865e-07,1.7564e-07,1.63733e-07,1.47289e-07,1.31763e-07,1.12539e-07,9.48002e-08,7.64961e-08,5.77019e-08,4.36191e-08
1.95011e-07,1.84821e-07,1.73836e-07,1.61959e-07,1.46098e-07,1.30522e-07,1.11506e-07,9.39045e-08,7.58314e-08,5.68897e-08,4.28134e-08
1.92682e-07,1.83151e-07,1.72264e-07,1.60246e-07,1.44367e-07,1.29055e-07,1.10502e-07,9.29981e-08,7.47706e-08,5.64618e-08,4.24162e-08
1.90941e-07,1.81053e-07,1.70328e-07,1.58693e-07,1.42816e-07,1.27689e-07,1.09376e-07,9.18408e-08,7.40225e-08,5.59386e-08,4.19053e-08
1.88804e-07,1.79069e-07,1.68607e-07,1.57127e-07,1.41468e-07,1.26427e-07,1.08202e-07,9.08429e-08,7.32161e-08,5.47275e-08,4.15794e-08
1.87217e-07,1.77388e-07,1.67242e-07,1.55469e-07,1.4009e-07,1.25325e-07,1.06775e-07,8.98494e-08,7.23236e-08,5.429e-08,4.09884e-08
1.85096e-07,1.75541e-07,1.65053e-07,1.54025e-07,1.38392e-07,1.2389e-07,1.06006e-07,8.87968e-08,7.14663e-08,5.35599e-08,4.075e-08
1.83436e-07,1.73563e-07,1.63697e-07,1.52554e-07,1.3734e-07,1.2269e-07,1.04684e-07,8.7788e-08,7.05837e-08,5.30938e-08,4.05093e-08
1.81588e-07,1.72435e-07,1.62092e-07,1.51041e-07,1.35609e-07,1.21117e-07,1.03442e-07,8.68313e-08,6.9739e-08,5.27352e-08,3.98698e-08
1.79585e-07,1.70267e-07,1.60616e-07,1.495e-07,1.34539e-07,1.20029e-07,1.02598e-07,8.60669e-08,6.91193e-08,5.18158e-08,3.93657e-08
1.77873e-07,1.68892e-07,1.58863e-07,1.48094e-07,1.33061e-07,1.18946e-07,1.01602e-07,8.51554e-08,6.82324e-08,5.15641e-08,3.8837e-08
1.75929e-07,1.67204e-07,1.57446e-07,1.46692e-07,1.3178e-07,1.17762e-07,1.00408e-07,8.42285e-08,6.77383e-08,5.07693e-08,3.82887e-08
1.74424e-07,1.65667e-07,1.55974e-07,1.45233e-07,1.30433e-07,1.16365e-07,9.93614e-08,8.32834e-08,6.70557e-08,5.07665e-08,3.80483e-08
1.72579e-07,1.64121e-07,1.54347e-07,1.43789e-07,1.28995e-07,1.15358e-07,9.83808e-08,8.23795e-08,6.62651e-08,4.97559e-08,3.76809e-08
1.70958e-07,1.62276e-07,1.52759e-07,1.42393e-07,1.27953e-07,1.1433e-07,9.72936e-08,8.1504e-08,6.52803e-08,4.92306e-08,3.70934e-08
1.69107e-07,1.60806e-07,1.51454e-07,1.4084e-07,1.26298e-07,1.13161e-07,9.63801e-08,8.06608e-08,6.50192e-08,4.86475e-08,3.69332e-08
1.67657e-07,1.59165e-07,1.50044e-07,1.39377e-07,1.25079e-07,1.11923e-07,9.54259e-08,7.98526e-08,6.39921e-08,4.8108e-08,3.65681e-08
1.65805e-07,1.57589e-07,1.487e-07,1.38204e-07,1.23993e-07,1.10863e-07,9.4327e-08,7.88633e-08,6.35126e-08,4.77129e-08,3.62594e-08
1.64267e-07,1.56123e-07,1.4723e-07,1.36817e-07,1.22576e-07,1.09639e-07,9.33781e-08,7.81422e-08,6.26931e-08,4.71877e-08,3.57696e-08
1.62379e-07,1.54314e-07,1.4543e-07,1.35217e-07,1.21538e-07,1.08487e-07,9.23329e-08,7.68736e-08,6.1652e-08,4.64168e-08,3.53616e-08
1.61118e-07,1.53093e-07,1.44468e-07,1.34234e-07,1.20251e-07,1.0757e-07,9.1339e-08,7.67137e-08,6.12047e-08,4.63382e-08,3.50976e-08
1.59401e-07,1.51558e-07,1.42999e-07,1.32832e-07,1.19042e-07,1.06259e-07,9.04552e-08,7.57322e-08,6.07508e-08,4.54654e-08,3.48316e-08
1.57947e-07,1.50122e-07,1.41853e-07,1.31458e-07,1.18023e-07,1.05317e-07,8.96211e-08,7.48957e-08,6.00319e-08,4.5388e-08,3.43392e-08
1.5643e-07,1.48738e-07,1.40343e-07,1.30287e-07,1.1696e-07,1.04315e-07,8.87216e-08,7.42948e-08,5.94534e-08,4.47899e-08,3.40847e-08
1.54845e-07,1.47123e-07,1.39012e-07,1.29045e-07,1.15471e-07,1.03402e-07,8.77643e-08,7.34616e-08,5.87035e-08,4.41784e-08,3.3537e-08
1.53378e-07,1.45623e-07,1.37696e-07,1.27806e-07,1.14373e-07,1.01968e-07,8.68266e-08,7.27465e-08,5.80539e-08,4.38692e-08,3.31588e-08
1.51718e-07,1.44272e-07,1.3656e-07,1.26558e-07,1.13218e-07,1.00911e-07,8.61822e-08,7.20614e-08,5.74916e-08,4.30368e-08,3.31057e-08
1.50429e-07,1.43116e-07,1.35183e-07,1.25641e-07,1.12092e-07,1.0015e-07,8.51461e-08,7.12164e-08,5.69101e-08,4.30363e-08,3.24724e-08
1.4876e-07,1.41611e-07,1.33919e-07,1.24022e-07,1.11049e-07,9.89937e-08,8.42279e-08,7.04344e-08,5.61553e-08,4.2555e-08,3.19591e-08
1.47372e-07,1.40307e-07,1.32454e-07,1.2297e-07,1.09773e-07,9.80235e-08,8.34819e-08,6.97715e-08,5.55233e-08,4.22175e-08,3.19507e-08
1.46056e-07,1.3908e-07,1.31257e-07,1.21736e-07,1.08718e-07,9.70577e-08,8.24379e-08,6.88047e-08,5.50411e-08,4.1413e-08,3.1619e-08
1.44764e-07,1.37673e-07,1.299e-07,1.20523e-07,1.07798e-07,9.61174e-08,8.14677e-08,6.82436e-08,5.44257e-08,4.13647e-08,3.09802e-08
1.4331e-07,1.36235e-07,1.28744e-07,1.19303e-07,1.06873e-07,9.49869e-08,8.05948e-08,6.75956e-08,5.39037e-08,4.07378e-08,3.09163e-08
