3.71227e-06,3.55586e-06,3.40757e-06,3.27507e-06,3.10945e-06,2.9684e-06,2.83733e-06,2.73831e-06,2.63209e-06,2.56347e-06,2.50504e-06
3.4498e-06,3.30623e-06,3.17045e-06,3.05438e-06,2.88254e-06,2.77182e-06,2.64742e-06,2.55327e-06,2.44531e-06,2.38254e-06,2.32168e-06
3.21835e-06,3.0865e-06,2.95633e-06,2.83899e-06,2.69813e-06,2.5773e-06,2.46184e-06,2.36415e-06,2.27637e-06,2.20978e-06,2.14785e-06
2.99482e-06,2.87149e-06,2.75773e-06,2.64802e-06,2.51614e-06,2.41129e-06,2.29925e-06,2.21087e-06,2.12131e-06,2.06231e-06,1.99535e-06
2.81161e-06,2.70004e-06,2.59184e-06,2.48951e-06,2.37117e-06,2.26959e-06,2.16197e-06,2.07742e-06,1.99207e-06,1.93601e-06,1.86914e-06
2.65553e-06,2.55377e-06,2.44986e-06,2.35935e-06,2.24146e-06,2.14735e-06,2.04557e-06,1.96856e-06,1.87762e-06,1.83006e-06,1.76193e-06
2.50268e-06,2.41066e-06,2.31056e-06,2.22396e-06,2.12601e-06,2.02904e-06,1.93163e-06,1.85284e-06,1.77497e-06,1.72253e-06,1.65896e-06
2.37211e-06,2.28754e-06,2.19109e-06,2.11147e-06,2.02035e-06,1.92664e-06,1.8344e-06,1.75751e-06,1.68338e-06,1.6315e-06,1.57004e-06
2.25455e-06,2.17577e-06,2.08313e-06,2.0097e-06,1.9234e-06,1.83378e-06,1.74615e-06,1.6707e-06,1.59999e-06,1.54881e-06,1.48901e-06
2.14838e-06,2.07425e-06,1.98727e-06,1.91746e-06,1.83588e-06,1.74922e-06,1.66702e-06,1.59278e-06,1.52525e-06,1.47479e-06,1.41579e-06
2.05221e-06,1.98147e-06,1.89736e-06,1.83264e-06,1.75288e-06,1.67291e-06,1.59199e-06,1.52027e-06,1.45529e-06,1.40436e-06,1.34782e-06
1.96644e-06,1.89748e-06,1.8189e-06,1.75617e-06,1.67705e-06,1.6029e-06,1.52442e-06,1.45365e-06,1.39017e-06,1.34121e-06,1.28601e-06
1.88338e-06,1.81805e-06,1.74196e-06,1.68258e-06,1.60692e-06,1.53548e-06,1.45918e-06,1.39241e-06,1.33201e-06,1.28118e-06,1.22721e-06
1.80815e-06,1.74458e-06,1.67365e-06,1.6158e-06,1.54269e-06,1.4743e-06,1.39969e-06,1.3361e-06,1.27698e-06,1.2267e-06,1.17428e-06
1.7387e-06,1.67751e-06,1.60908e-06,1.55297e-06,1.48193e-06,1.41653e-06,1.34401e-06,1.28235e-06,1.22552e-06,1.17501e-06,1.12419e-06
1.67434e-06,1.61713e-06,1.55019e-06,1.49624e-06,1.42751e-06,1.36552e-06,1.29376e-06,1.23403e-06,1.17867e-06,1.12825e-06,1.08017e-06
1.61404e-06,1.55773e-06,1.49455e-06,1.44219e-06,1.37697e-06,1.31453e-06,1.24414e-06,1.18683e-06,1.13386e-06,1.08476e-06,1.03633e-06
1.55691e-06,1.50321e-06,1.4422e-06,1.38991e-06,1.32567e-06,1.26592e-06,1.19945e-06,1.14424e-06,1.09133e-06,1.04284e-06,9.95299e-07
1.50537e-06,1.45226e-06,1.39416e-06,1.34214e-06,1.28143e-06,1.2219e-06,1.15826e-06,1.10458e-06,1.05204e-06,1.00498e-06,9.57565e-07
1.45534e-06,1.40568e-06,1.34904e-06,1.29832e-06,1.23921e-06,1.18106e-06,1.1194e-06,1.06842e-06,1.0152e-06,9.69443e-07,9.22749e-07
1.40805e-06,1.35891e-06,1.30497e-06,1.25441e-06,1.19842e-06,1.1414e-06,1.08234e-06,1.032e-06,9.80628e-07,9.35265e-07,8.89438e-07
1.36112e-06,1.31544e-06,1.26381e-06,1.21459e-06,1.16037e-06,1.10463e-06,1.04709e-06,1.00014e-06,9.4822e-07,9.03285e-07,8.59723e-07
1.32147e-06,1.2755e-06,1.22433e-06,1.17591e-06,1.12484e-06,1.07023e-06,1.01582e-06,9.67813e-07,9.1851e-07,8.72611e-07,8.30638e-07
1.28041e-06,1.23835e-06,1.18914e-06,1.14099e-06,1.09032e-06,1.03805e-06,9.84482e-07,9.37993e-07,8.90454e-07,8.44881e-07,8.04746e-07
1.24347e-06,1.20178e-06,1.15467e-06,1.10721e-06,1.05739e-06,1.00663e-06,9.54989e-07,9.10201e-07,8.62293e-07,8.17728e-07,7.78409e-07
1.20657e-06,1.16588e-06,1.12088e-06,1.07493e-06,1.0269e-06,9.76859e-07,9.27001e-07,8.81579e-07,8.34759e-07,7.91984e-07,7.53129e-07
1.1736e-06,1.13433e-06,1.09042e-06,1.04571e-06,9.99897e-07,9.50963e-07,9.02046e-07,8.57307e-07,8.11205e-07,7.68402e-07,7.31211e-07
1.14231e-06,1.10375e-06,1.06183e-06,1.01845e-06,9.72225e-07,9.24628e-07,8.77358e-07,8.33376e-07,7.87423e-07,7.46485e-07,7.10079e-07
1.11192e-06,1.07465e-06,1.03388e-06,9.91407e-07,9.45875e-07,9.00396e-07,8.53215e-07,8.09861e-07,7.65858e-07,7.25e-07,6.89762e-07
1.08388e-06,1.04778e-06,1.00883e-06,9.67313e-07,9.22027e-07,8.77361e-07,8.3139e-07,7.87208e-07,7.45335e-07,7.06456e-07,6.71242e-07
1.0566e-06,1.02134e-06,9.83143e-07,9.42879e-07,8.99012e-07,8.55431e-07,8.09978e-07,7.67447e-07,7.25461e-07,6.86325e-07,6.53053e-07
1.03064e-06,9.96292e-07,9.59505e-07,9.20292e-07,8.77325e-07,8.33959e-07,7.89577e-07,7.47243e-07,7.06113e-07,6.68401e-07,6.35822e-07
1.00622e-06,9.72851e-07,9.37095e-07,8.98816e-07,8.56627e-07,8.14133e-07,7.70438e-07,7.28468e-07,6.88253e-07,6.51446e-07,6.19757e-07
9.83032e-07,9.50608e-07,9.15741e-07,8.78375e-07,8.37038e-07,7.95304e-07,7.52215e-07,7.10645e-07,6.71279e-07,6.35444e-07,6.04498e-07
9.61169e-07,9.29463e-07,8.95562e-07,8.5909e-07,8.18484e-07,7.77186e-07,7.35069e-07,6.93996e-07,6.55144e-07,6.20281e-07,5.90154e-07
9.39765e-07,9.08859e-07,8.75935e-07,8.4001e-07,8.00145e-07,7.59678e-07,7.18027e-07,6.77211e-07,6.39487e-07,6.05635e-07,5.76144e-07
9.18947e-07,8.89004e-07,8.56796e-07,8.21674e-07,7.82664e-07,7.4283e-07,7.01622e-07,6.61472e-07,6.24521e-07,5.91342e-07,5.62565e-07
8.99006e-07,8.69824e-07,8.38357e-07,8.03901e-07,7.65675e-07,7.26382e-07,6.85855e-07,6.46257e-07,6.09996e-07,5.77744e-07,5.49598e-07
8.79848e-07,8.51146e-07,8.20535e-07,7.86666e-07,7.49145e-07,7.103e-07,6.7051e-07,6.3153e-07,5.9615e-07,5.64676e-07,5.37134e-07
8.61015e-07,8.33232e-07,8.03143e-07,7.69999e-07,7.33401e-07,6.94807e-07,6.55592e-07,6.17437e-07,5.82393e-07,5.51904e-07,5.25399e-07
8.41931e-07,8.14852e-07,7.85473e-07,7.52698e-07,7.16882e-07,6.79267e-07,6.40589e-07,6.02969e-07,5.68827e-07,5.38962e-07,5.12783e-07
8.23449e-07,7.96901e-07,7.68227e-07,7.36126e-07,7.00919e-07,6.64016e-07,6.25899e-07,5.89216e-07,5.55718e-07,5.2661e-07,5.00916e-07
8.06272e-07,7.80263e-07,7.52145e-07,7.20452e-07,6.85903e-07,6.49438e-07,6.12136e-07,5.75862e-07,5.43233e-07,5.14861e-07,4.89563e-07
7.86642e-07,7.61336e-07,7.33805e-07,7.02782e-07,6.69145e-07,6.33613e-07,5.96737e-07,5.61627e-07,5.29504e-07,5.01814e-07,4.77211e-07
7.70343e-07,7.45748e-07,7.18356e-07,6.88023e-07,6.55072e-07,6.20304e-07,5.83898e-07,5.49408e-07,5.17754e-07,4.91078e-07,4.66387e-07
7.49374e-07,7.25315e-07,6.98899e-07,6.69076e-07,6.3691e-07,6.03022e-07,5.67636e-07,5.34115e-07,5.03349e-07,4.77095e-07,4.53467e-07
7.33398e-07,7.0971e-07,6.83778e-07,6.54554e-07,6.22754e-07,5.89207e-07,5.54773e-07,5.21515e-07,4.91774e-07,4.66264e-07,4.43254e-07
7.11611e-07,6.88547e-07,6.63393e-07,6.34827e-07,6.03983e-07,5.722e-07,5.37867e-07,5.06858e-07,4.76887e-07,4.52176e-07,4.2913e-07
6.92062e-07,6.69697e-07,6.44978e-07,6.17177e-07,5.87119e-07,5.55917e-07,5.22714e-07,4.92191e-07,4.63504e-07,4.39064e-07,4.17085e-07
6.7266e-07,6.50807e-07,6.26551e-07,5.99559e-07,5.70394e-07,5.39813e-07,5.07664e-07,4.78092e-07,4.50013e-07,4.263e-07,4.04831e-07
6.5251e-07,6.31343e-07,6.07705e-07,5.81259e-07,5.52682e-07,5.23706e-07,4.92158e-07,4.63141e-07,4.36169e-07,4.13246e-07,3.92093e-07
6.32476e-07,6.11541e-07,5.88707e-07,5.63169e-07,5.35438e-07,5.07124e-07,4.76283e-07,4.48965e-07,4.22288e-07,3.99626e-07,3.79508e-07
6.12503e-07,5.92049e-07,5.69649e-07,5.44642e-07,5.18078e-07,4.90647e-07,4.6079e-07,4.33978e-07,4.08396e-07,3.86291e-07,3.66556e-07
5.91424e-07,5.71671e-07,5.49933e-07,5.2584e-07,4.99683e-07,4.73945e-07,4.44498e-07,4.19824e-07,3.94273e-07,3.72961e-07,3.53521e-07
5.70391e-07,5.51396e-07,5.29973e-07,5.06666e-07,4.81494e-07,4.56344e-07,4.28503e-07,4.03679e-07,3.79427e-07,3.58936e-07,3.40281e-07
5.49913e-07,5.31265e-07,5.10571e-07,4.88028e-07,4.63744e-07,4.39603e-07,4.12585e-07,3.88727e-07,3.65441e-07,3.45464e-07,3.2733e-07
5.28713e-07,5.11061e-07,4.90535e-07,4.69011e-07,4.45581e-07,4.22526e-07,3.96534e-07,3.73693e-07,3.50884e-07,3.31817e-07,3.14135e-07
5.07785e-07,4.90463e-07,4.70755e-07,4.49857e-07,4.27326e-07,4.05285e-07,3.8037e-07,3.58273e-07,3.36437e-07,3.17736e-07,3.00926e-07
4.86951e-07,4.70178e-07,4.50968e-07,4.30945e-07,4.09265e-07,3.88141e-07,3.64227e-07,3.43173e-07,3.22044e-07,3.04108e-07,2.87849e-07
4.66658e-07,4.50563e-07,4.31876e-07,4.12717e-07,3.91892e-07,3.72323e-07,3.4888e-07,3.29867e-07,3.0887e-07,2.91291e-07,2.75249e-07
4.46683e-07,4.30803e-07,4.12574e-07,3.9443e-07,3.74356e-07,3.55868e-07,3.32959e-07,3.14749e-07,2.93737e-07,2.77448e-07,2.61807e-07
4.26083e-07,4.1104e-07,3.93308e-07,3.75625e-07,3.56579e-07,3.38304e-07,3.17266e-07,2.98888e-07,2.80101e-07,2.6405e-07,2.49576e-07
4.06396e-07,3.91663e-07,3.74662e-07,3.57754e-07,3.39477e-07,3.22125e-07,3.02099e-07,2.8459e-07,2.66479e-07,2.51083e-07,2.37223e-07
3.87491e-07,3.73074e-07,3.56689e-07,3.40448e-07,3.22983e-07,3.06428e-07,2.87384e-07,2.70783e-07,2.5344e-07,2.38567e-07,2.25049e-07
3.68697e-07,3.54873e-07,3.38934e-07,3.23424e-07,3.06749e-07,2.91076e-07,2.72879e-07,2.56994e-07,2.40333e-07,2.26178e-07,2.13469e-07
3.59035e-07,3.45249e-07,3.29737e-07,3.14499e-07,2.97428e-07,2.82577e-07,2.6417e-07,2.4935e-07,2.33295e-07,2.19862e-07,2.07514e-07
3.33604e-07,3.21203e-07,3.05689e-07,2.91781e-07,2.76584e-07,2.62297e-07,2.46213e-07,2.31374e-07,2.16253e-07,2.02831e-07,1.91304e-07
3.17021e-07,3.04368e-07,2.8989e-07,2.76224e-07,2.61824e-07,2.48134e-07,2.32475e-07,2.18827e-07,2.04264e-07,1.91847e-07,1.80763e-07
3.0168e-07,2.88878e-07,2.7535e-07,2.6233e-07,2.48497e-07,2.35936e-07,2.20013e-07,2.07468e-07,1.93367e-07,1.8096e-07,1.70957e-07
2.86284e-07,2.74344e-07,2.60787e-07,2.48134e-07,2.34812e-07,2.22534e-07,2.08377e-07,1.96102e-07,1.82656e-07,1.71344e-07,1.61305e-07
2.722e-07,2.60625e-07,2.47483e-07,2.35217e-07,2.22114e-07,2.11273e-07,1.97089e-07,1.85461e-07,1.72675e-07,1.62145e-07,1.52406e-07
2.59318e-07,2.47826e-07,2.35148e-07,2.23552e-07,2.11201e-07,2.00375e-07,1.8766e-07,1.7718e-07,1.6378e-07,1.54016e-07,1.43877e-07
2.46721e-07,2.35686e-07,2.23418e-07,2.11461e-07,2.00435e-07,1.89004e-07,1.7691e-07,1.65814e-07,1.54683e-07,1.44701e-07,1.36357e-07
2.35166e-07,2.24316e-07,2.12273e-07,2.01083e-07,1.89872e-07,1.79313e-07,1.67513e-07,1.57228e-07,1.46199e-07,1.36932e-07,1.28664e-07
2.24638e-07,2.1401e-07,2.02289e-07,1.91381e-07,1.8054e-07,1.70297e-07,1.58993e-07,1.49142e-07,1.38627e-07,1.29803e-07,1.21936e-07
2.1515e-07,2.04818e-07,1.93442e-07,1.82486e-07,1.72382e-07,1.61952e-07,1.51712e-07,1.41354e-07,1.31907e-07,1.23757e-07,1.16145e-07
2.06169e-07,1.95941e-07,1.84803e-07,1.74346e-07,1.64174e-07,1.54398e-07,1.43955e-07,1.34852e-07,1.25291e-07,1.17298e-07,1.10154e-07
1.98145e-07,1.88099e-07,1.77222e-07,1.66961e-07,1.57021e-07,1.47445e-07,1.37387e-07,1.28612e-07,1.19495e-07,1.11872e-07,1.05065e-07
1.90892e-07,1.81012e-07,1.70392e-07,1.60287e-07,1.50575e-07,1.41178e-07,1.31435e-07,1.22954e-07,1.1425e-07,1.06977e-07,1.0047e-07
1.84291e-07,1.74577e-07,1.64181e-07,1.54236e-07,1.44722e-07,1.35463e-07,1.26024e-07,1.17807e-07,1.09494e-07,1.02549e-07,9.63484e-08
1.78399e-07,1.68844e-07,1.58663e-07,1.48861e-07,1.39548e-07,1.30427e-07,1.21249e-07,1.13197e-07,1.05271e-07,9.86088e-08,9.26927e-08
1.72997e-07,1.634e-07,1.53624e-07,1.43953e-07,1.34741e-07,1.25883e-07,1.168e-07,1.08937e-07,1.01358e-07,9.50598e-08,8.93781e-08
1.68071e-07,1.58814e-07,1.49036e-07,1.39488e-07,1.30423e-07,1.21519e-07,1.1279e-07,1.0523e-07,9.79269e-08,9.18164e-08,8.63924e-08
1.6364e-07,1.54533e-07,1.45002e-07,1.35525e-07,1.26602e-07,1.17814e-07,1.09332e-07,1.01894e-07,9.48873e-08,8.89025e-08,8.37605e-08
1.59545e-07,1.50572e-07,1.4115e-07,1.31866e-07,1.23112e-07,1.1428e-07,1.05963e-07,9.87091e-08,9.20284e-08,8.63302e-08,8.13372e-08
1.55699e-07,1.4689e-07,1.37659e-07,1.28497e-07,1.19717e-07,1.11097e-07,1.02979e-07,9.5997e-08,8.94147e-08,8.39338e-08,7.9153e-08
1.52072e-07,1.43402e-07,1.3434e-07,1.2528e-07,1.1665e-07,1.08135e-07,1.00146e-07,9.32431e-08,8.69512e-08,8.16729e-08,7.70525e-08
1.48664e-07,1.40151e-07,1.31253e-07,1.22321e-07,1.13792e-07,1.05391e-07,9.75524e-08,9.07906e-08,8.47029e-08,7.95893e-08,7.5153e-08
1.45509e-07,1.37133e-07,1.28382e-07,1.1959e-07,1.11174e-07,1.02888e-07,9.5198e-08,8.85347e-08,8.26675e-08,7.76789e-08,7.33914e-08
1.42403e-07,1.34186e-07,1.25609e-07,1.1693e-07,1.08602e-07,1.00434e-07,9.28741e-08,8.6369e-08,8.06467e-08,7.58356e-08,7.17037e-08
1.39423e-07,1.31341e-07,1.22919e-07,1.14372e-07,1.06144e-07,9.80883e-08,9.06841e-08,8.43113e-08,7.87574e-08,7.40685e-08,7.00681e-08
1.36537e-07,1.28593e-07,1.20318e-07,1.11907e-07,1.03803e-07,9.58808e-08,8.8597e-08,8.23574e-08,7.69286e-08,7.23747e-08,6.85104e-08
1.33735e-07,1.25922e-07,1.17801e-07,1.09525e-07,1.01543e-07,9.37618e-08,8.66014e-08,8.04617e-08,7.51764e-08,7.0737e-08,6.69926e-08
1.30979e-07,1.23289e-07,1.15333e-07,1.07193e-07,9.93042e-08,9.16716e-08,8.46239e-08,7.85986e-08,7.34587e-08,6.91504e-08,6.55207e-08
1.28254e-07,1.2073e-07,1.12898e-07,1.04889e-07,9.71394e-08,8.96139e-08,8.27016e-08,7.68193e-08,7.17891e-08,6.75823e-08,6.40645e-08
1.25651e-07,1.18249e-07,1.10552e-07,1.02687e-07,9.50527e-08,8.76737e-08,8.08714e-08,7.50952e-08,7.02004e-08,6.60834e-08,6.26755e-08
1.23051e-07,1.15807e-07,1.08238e-07,1.00509e-07,9.29957e-08,8.57414e-08,7.90821e-08,7.34084e-08,6.86245e-08,6.46145e-08,6.13066e-08
1.20526e-07,1.13396e-07,1.05969e-07,9.83701e-08,9.09728e-08,8.38669e-08,7.73084e-08,7.17587e-08,6.70882e-08,6.31728e-08,5.99539e-08
1.18037e-07,1.11042e-07,1.03744e-07,9.62762e-08,8.89938e-08,8.20227e-08,7.55985e-08,7.01521e-08,6.55943e-08,6.17632e-08,5.86417e-08
1.15622e-07,1.08747e-07,1.01578e-07,9.42411e-08,8.70907e-08,8.02509e-08,7.39359e-08,6.85968e-08,6.41399e-08,6.04016e-08,5.73754e-08
1.13218e-07,1.06439e-07,9.94212e-08,9.22062e-08,8.51906e-08,7.84711e-08,7.22742e-08,6.70561e-08,6.27097e-08,5.90408e-08,5.60909e-08
1.10842e-07,1.04217e-07,9.73139e-08,9.02326e-08,8.33407e-08,7.67791e-08,7.06758e-08,6.55576e-08,6.13035e-08,5.77335e-08,5.48664e-08
1.0852e-07,1.02026e-07,9.52461e-08,8.82867e-08,8.15384e-08,7.50887e-08,6.91273e-08,6.41031e-08,5.99466e-08,5.6434e-08,5.36582e-08
1.06218e-07,9.98436e-08,9.31894e-08,8.6373e-08,7.97431e-08,7.34358e-08,6.75731e-08,6.26528e-08,5.85942e-08,5.51813e-08,5.24315e-08
1.03922e-07,9.76686e-08,9.11429e-08,8.44493e-08,7.79435e-08,7.17701e-08,6.60296e-08,6.12238e-08,5.72598e-08,5.39076e-08,5.12613e-08
1.01678e-07,9.55573e-08,8.91576e-08,8.25957e-08,7.62326e-08,7.01612e-08,6.45506e-08,5.98473e-08,5.59721e-08,5.26845e-08,5.0119e-08
9.97702e-08,9.37275e-08,8.74096e-08,8.09265e-08,7.46128e-08,6.86487e-08,6.313e-08,5.85001e-08,5.47856e-08,5.15862e-08,4.90895e-08
9.76508e-08,9.16738e-08,8.54969e-08,7.91394e-08,7.29485e-08,6.71106e-08,6.16878e-08,5.71716e-08,5.35459e-08,5.04102e-08,4.79749e-08
9.54824e-08,8.9669e-08,8.35943e-08,7.73654e-08,7.13237e-08,6.56055e-08,6.03223e-08,5.58565e-08,5.23157e-08,4.9244e-08,4.68864e-08
9.30193e-08,8.73533e-08,8.14417e-08,7.54044e-08,6.95556e-08,6.4e-08,5.88341e-08,5.452e-08,5.09903e-08,4.79567e-08,4.56341e-08
9.08957e-08,8.53439e-08,7.95564e-08,7.3647e-08,6.79429e-08,6.24986e-08,5.74581e-08,5.32399e-08,4.97926e-08,4.68215e-08,4.45474e-08
8.88299e-08,8.33994e-08,7.77267e-08,7.19401e-08,6.63558e-08,6.10961e-08,5.6155e-08,5.20538e-08,4.86052e-08,4.57122e-08,4.3495e-08
8.67681e-08,8.14403e-08,7.58959e-08,7.02556e-08,6.48093e-08,5.96061e-08,5.47855e-08,5.07524e-08,4.74542e-08,4.46086e-08,4.24441e-08
8.47556e-08,7.95587e-08,7.41252e-08,6.8616e-08,6.32829e-08,5.8227e-08,5.34982e-08,4.95605e-08,4.63297e-08,4.35607e-08,4.14085e-08
8.2733e-08,7.76321e-08,7.23429e-08,6.69438e-08,6.17579e-08,5.68249e-08,5.21967e-08,4.83609e-08,4.52066e-08,4.24803e-08,4.03728e-08
8.07354e-08,7.57496e-08,7.05791e-08,6.53048e-08,6.02416e-08,5.54116e-08,5.09131e-08,4.71714e-08,4.4084e-08,4.14047e-08,3.93698e-08
7.87917e-08,7.39208e-08,6.88626e-08,6.37185e-08,5.87748e-08,5.40959e-08,4.97094e-08,4.60892e-08,4.29742e-08,4.03736e-08,3.8381e-08
7.68516e-08,7.20893e-08,6.71583e-08,6.21331e-08,5.72925e-08,5.27532e-08,4.84303e-08,4.48733e-08,4.19203e-08,3.93602e-08,3.73948e-08
7.49247e-08,7.0272e-08,6.54467e-08,6.05657e-08,5.58617e-08,5.13983e-08,4.72154e-08,4.37215e-08,4.08595e-08,3.83384e-08,3.64295e-08
7.30677e-08,6.85204e-08,6.38132e-08,5.90586e-08,5.44817e-08,5.01246e-08,4.60389e-08,4.2633e-08,3.98298e-08,3.73662e-08,3.54955e-08
7.12121e-08,6.68028e-08,6.21879e-08,5.75595e-08,5.30965e-08,4.88498e-08,4.48922e-08,4.15463e-08,3.88173e-08,3.64007e-08,3.4563e-08
6.94175e-08,6.51001e-08,6.06183e-08,5.6126e-08,5.18623e-08,4.76948e-08,4.38424e-08,4.06103e-08,3.7809e-08,3.54425e-08,3.36562e-08
6.76172e-08,6.3337e-08,5.90092e-08,5.46211e-08,5.0441e-08,4.63697e-08,4.25643e-08,3.94535e-08,3.68283e-08,3.44892e-08,3.27127e-08
6.58073e-08,6.16961e-08,5.74343e-08,5.32034e-08,4.90919e-08,4.51725e-08,4.14999e-08,3.84094e-08,3.58927e-08,3.3593e-08,3.18274e-08
6.40644e-08,6.00579e-08,5.59114e-08,5.17969e-08,4.77931e-08,4.39945e-08,4.04193e-08,3.74006e-08,3.49432e-08,3.26892e-08,3.09705e-08
6.23611e-08,5.84598e-08,5.44399e-08,5.04075e-08,4.65295e-08,4.28141e-08,3.93286e-08,3.64093e-08,3.39837e-08,3.17909e-08,3.00917e-08
6.06805e-08,5.68815e-08,5.29729e-08,4.90453e-08,4.52838e-08,4.16741e-08,3.82838e-08,3.54288e-08,3.30627e-08,3.09164e-08,2.92735e-08
5.9037e-08,5.53493e-08,5.15472e-08,4.77337e-08,4.4105e-08,4.05969e-08,3.72978e-08,3.44888e-08,3.21691e-08,3.00607e-08,2.84645e-08
5.74111e-08,5.38168e-08,5.01214e-08,4.64231e-08,4.28731e-08,3.94543e-08,3.62432e-08,3.35385e-08,3.12829e-08,2.92247e-08,2.76353e-08
5.58549e-08,5.2358e-08,4.87639e-08,4.51731e-08,4.17132e-08,3.83983e-08,3.5274e-08,3.26356e-08,3.04412e-08,2.84203e-08,2.68458e-08
5.43094e-08,5.0913e-08,4.7422e-08,4.39402e-08,4.05923e-08,3.73807e-08,3.43312e-08,3.17474e-08,2.95965e-08,2.76245e-08,2.60852e-08
5.27923e-08,4.94829e-08,4.61011e-08,4.27198e-08,3.94652e-08,3.63171e-08,3.3365e-08,3.08661e-08,2.87758e-08,2.68362e-08,2.53152e-08
5.1332e-08,4.81189e-08,4.48306e-08,4.15492e-08,3.83915e-08,3.5329e-08,3.24553e-08,3.00282e-08,2.79805e-08,2.60837e-08,2.45935e-08
5.03627e-08,4.71989e-08,4.39467e-08,4.06747e-08,3.74811e-08,3.44588e-08,3.16403e-08,2.92381e-08,2.73594e-08,2.55312e-08,2.40819e-08
4.84897e-08,4.5457e-08,4.23618e-08,3.92726e-08,3.63058e-08,3.33937e-08,3.068e-08,2.83816e-08,2.64325e-08,2.46122e-08,2.3171e-08
4.7143e-08,4.41946e-08,4.11922e-08,3.81937e-08,3.52988e-08,3.24836e-08,2.98397e-08,2.7602e-08,2.57041e-08,2.39192e-08,2.25105e-08
4.58155e-08,4.29536e-08,4.00412e-08,3.71296e-08,3.43358e-08,3.15666e-08,2.9017e-08,2.68396e-08,2.49922e-08,2.3231e-08,2.18376e-08
4.45397e-08,4.17642e-08,3.89261e-08,3.61042e-08,3.33695e-08,3.06954e-08,2.8198e-08,2.60798e-08,2.42804e-08,2.25684e-08,2.11848e-08
4.32979e-08,4.0596e-08,3.785e-08,3.51097e-08,3.24495e-08,2.98402e-08,2.74118e-08,2.53659e-08,2.36025e-08,2.19235e-08,2.05705e-08
4.20924e-08,3.94646e-08,3.68006e-08,3.41555e-08,3.15808e-08,2.90188e-08,2.66746e-08,2.46481e-08,2.29312e-08,2.12998e-08,1.99577e-08
4.09207e-08,3.83792e-08,3.57875e-08,3.32038e-08,3.06805e-08,2.82239e-08,2.59253e-08,2.39679e-08,2.22966e-08,2.06948e-08,1.93828e-08
3.97962e-08,3.73253e-08,3.48073e-08,3.22992e-08,2.98483e-08,2.74385e-08,2.52001e-08,2.33045e-08,2.16757e-08,2.01065e-08,1.88064e-08
3.86971e-08,3.62988e-08,3.38545e-08,3.14136e-08,2.903e-08,2.66776e-08,2.45001e-08,2.26576e-08,2.10636e-08,1.95371e-08,1.82655e-08
3.76543e-08,3.53221e-08,3.29461e-08,3.05734e-08,2.82475e-08,2.59529e-08,2.3833e-08,2.20412e-08,2.04888e-08,1.89891e-08,1.77419e-08
3.66599e-08,3.43871e-08,3.20737e-08,2.97624e-08,2.74954e-08,2.52532e-08,2.31883e-08,2.14448e-08,1.99307e-08,1.84645e-08,1.72377e-08
3.56919e-08,3.34911e-08,3.12331e-08,2.89858e-08,2.67828e-08,2.45781e-08,2.25673e-08,2.08712e-08,1.93964e-08,1.79597e-08,1.67534e-08
3.47652e-08,3.2613e-08,3.04249e-08,2.82342e-08,2.60694e-08,2.39283e-08,2.19671e-08,2.03135e-08,1.88716e-08,1.7474e-08,1.62856e-08
3.38455e-08,3.17526e-08,2.9623e-08,2.74864e-08,2.53677e-08,2.32754e-08,2.13638e-08,1.97569e-08,1.83523e-08,1.69885e-08,1.58183e-08
3.29902e-08,3.09498e-08,2.88709e-08,2.67976e-08,2.47361e-08,2.26678e-08,2.08158e-08,1.92348e-08,1.78652e-08,1.65368e-08,1.5388e-08
3.21571e-08,3.01677e-08,2.81421e-08,2.61055e-08,2.40788e-08,2.20755e-08,2.02547e-08,1.87318e-08,1.73981e-08,1.60948e-08,1.49676e-08
3.13696e-08,2.94304e-08,2.74532e-08,2.54615e-08,2.34752e-08,2.15149e-08,1.97341e-08,1.82512e-08,1.6949e-08,1.56803e-08,1.45704e-08
3.06196e-08,2.87239e-08,2.67956e-08,2.48436e-08,2.28985e-08,2.09755e-08,1.92383e-08,1.77948e-08,1.65225e-08,1.52795e-08,1.42013e-08
2.98972e-08,2.80475e-08,2.61595e-08,2.42554e-08,2.23422e-08,2.04554e-08,1.87568e-08,1.73461e-08,1.61098e-08,1.48963e-08,1.38285e-08
2.92065e-08,2.73995e-08,2.55526e-08,2.36846e-08,2.1806e-08,1.99559e-08,1.82967e-08,1.69209e-08,1.57108e-08,1.45264e-08,1.34801e-08
2.85378e-08,2.6772e-08,2.49609e-08,2.31294e-08,2.12859e-08,1.94673e-08,1.7842e-08,1.6502e-08,1.53239e-08,1.4171e-08,1.31439e-08
2.78932e-08,2.61702e-08,2.43977e-08,2.25996e-08,2.07845e-08,1.8999e-08,1.74089e-08,1.61005e-08,1.49509e-08,1.38285e-08,1.28166e-08
2.72983e-08,2.56095e-08,2.38699e-08,2.21061e-08,2.03238e-08,1.85624e-08,1.70037e-08,1.57273e-08,1.46055e-08,1.35089e-08,1.25151e-08
2.67103e-08,2.50578e-08,2.33542e-08,2.16151e-08,1.98563e-08,1.81338e-08,1.66057e-08,1.53595e-08,1.4263e-08,1.31938e-08,1.22205e-08
2.61489e-08,2.45251e-08,2.28507e-08,2.11428e-08,1.94086e-08,1.77142e-08,1.62176e-08,1.50009e-08,1.39324e-08,1.28874e-08,1.19347e-08
2.56219e-08,2.40305e-08,2.23839e-08,2.07013e-08,1.89944e-08,1.73244e-08,1.58581e-08,1.46672e-08,1.36231e-08,1.26063e-08,1.16718e-08
2.51165e-08,2.35518e-08,2.19328e-08,2.02767e-08,1.85925e-08,1.69506e-08,1.55099e-08,1.43464e-08,1.33277e-08,1.2333e-08,1.14169e-08
2.46161e-08,2.30802e-08,2.14882e-08,1.98592e-08,1.81957e-08,1.65795e-08,1.5169e-08,1.40314e-08,1.30326e-08,1.20646e-08,1.11707e-08
2.41332e-08,2.26257e-08,2.10578e-08,1.94544e-08,1.78137e-08,1.62224e-08,1.48361e-08,1.37248e-08,1.27496e-08,1.18042e-08,1.09276e-08
2.36852e-08,2.22035e-08,2.06593e-08,1.90757e-08,1.74567e-08,1.58903e-08,1.4529e-08,1.34394e-08,1.24849e-08,1.15653e-08,1.07032e-08
2.32399e-08,2.17814e-08,2.02598e-08,1.87022e-08,1.71031e-08,1.55614e-08,1.4223e-08,1.31578e-08,1.22238e-08,1.1326e-08,1.04817e-08
2.28083e-08,2.13746e-08,1.98757e-08,1.83387e-08,1.67602e-08,1.52409e-08,1.3927e-08,1.28841e-08,1.19715e-08,1.10939e-08,1.02694e-08
2.24085e-08,2.09951e-08,1.9518e-08,1.80008e-08,1.64415e-08,1.49448e-08,1.36525e-08,1.2632e-08,1.17369e-08,1.08783e-08,1.00708e-08
2.19987e-08,2.06088e-08,1.91532e-08,1.76571e-08,1.61192e-08,1.46455e-08,1.3375e-08,1.23741e-08,1.15004e-08,1.06618e-08,9.87168e-09
2.16105e-08,2.02419e-08,1.88064e-08,1.73306e-08,1.58123e-08,1.43607e-08,1.31113e-08,1.21303e-08,1.12746e-08,1.04553e-08,9.68157e-09
2.12406e-08,1.98886e-08,1.84719e-08,1.70182e-08,1.55173e-08,1.40871e-08,1.28597e-08,1.1898e-08,1.10566e-08,1.0259e-08,9.49666e-09
2.08659e-08,1.95439e-08,1.81464e-08,1.67102e-08,1.52303e-08,1.38211e-08,1.26125e-08,1.16679e-08,1.08447e-08,1.00661e-08,9.32047e-09
2.05059e-08,1.92048e-08,1.78243e-08,1.64097e-08,1.4948e-08,1.35589e-08,1.237e-08,1.1444e-08,1.06378e-08,9.87458e-09,9.14282e-09
2.01496e-08,1.88665e-08,1.75059e-08,1.61105e-08,1.46696e-08,1.33023e-08,1.21336e-08,1.12245e-08,1.04343e-08,9.68747e-09,8.97236e-09
1.98053e-08,1.85371e-08,1.71952e-08,1.58184e-08,1.43977e-08,1.30529e-08,1.19025e-08,1.10111e-08,1.02363e-08,9.50735e-09,8.80486e-09
1.94646e-08,1.82148e-08,1.68917e-08,1.55365e-08,1.41337e-08,1.28108e-08,1.16796e-08,1.08046e-08,1.00437e-08,9.32973e-09,8.63966e-09
1.91346e-08,1.79039e-08,1.65989e-08,1.52636e-08,1.38813e-08,1.25785e-08,1.14649e-08,1.06064e-08,9.86016e-09,9.15727e-09,8.48174e-09
1.88059e-08,1.75901e-08,1.63078e-08,1.49903e-08,1.36274e-08,1.23457e-08,1.12514e-08,1.04078e-08,9.67526e-09,8.98978e-09,8.32801e-09
1.84814e-08,1.72873e-08,1.60184e-08,1.47218e-08,1.33796e-08,1.21177e-08,1.10419e-08,1.02139e-08,9.49446e-09,8.82245e-09,8.17258e-09
1.81641e-08,1.69872e-08,1.5737e-08,1.44598e-08,1.31372e-08,1.18965e-08,1.08376e-08,1.00248e-08,9.31965e-09,8.65861e-09,8.02059e-09
1.78473e-08,1.66906e-08,1.54587e-08,1.42019e-08,1.2898e-08,1.16781e-08,1.06356e-08,9.83684e-09,9.14441e-09,8.49951e-09,7.86966e-09
1.7536e-08,1.63964e-08,1.51827e-08,1.39453e-08,1.26628e-08,1.14628e-08,1.04379e-08,9.654e-09,8.97432e-09,8.33966e-09,7.72477e-09
1.72319e-08,1.61113e-08,1.49151e-08,1.36979e-08,1.24341e-08,1.12548e-08,1.02473e-08,9.47652e-09,8.80873e-09,8.18636e-09,7.583e-09
1.69292e-08,1.58247e-08,1.46485e-08,1.34498e-08,1.22078e-08,1.10489e-08,1.00567e-08,9.30053e-09,8.64571e-09,8.03324e-09,7.44123e-09
1.6632e-08,1.55444e-08,1.4387e-08,1.32074e-08,1.19849e-08,1.08461e-08,9.86998e-09,9.1271e-09,8.48452e-09,7.88453e-09,7.30272e-09
1.63311e-08,1.52612e-08,1.41219e-08,1.29656e-08,1.17631e-08,1.06448e-08,9.68681e-09,8.957e-09,8.32311e-09,7.73447e-09,7.16075e-09
1.60399e-08,1.49878e-08,1.38669e-08,1.27295e-08,1.15478e-08,1.04474e-08,9.50565e-09,8.78887e-09,8.16698e-09,7.5892e-09,7.02589e-09
1.57516e-08,1.47165e-08,1.36137e-08,1.24953e-08,1.13322e-08,1.02528e-08,9.32607e-09,8.62173e-09,8.01237e-09,7.44451e-09,6.89102e-09
1.54669e-08,1.44507e-08,1.33657e-08,1.22666e-08,1.11221e-08,1.00616e-08,9.1503e-09,8.45857e-09,7.86054e-09,7.30288e-09,6.75776e-09
1.51874e-08,1.41883e-08,1.31215e-08,1.20414e-08,1.09159e-08,9.87463e-09,8.97867e-09,8.29986e-09,7.7125e-09,7.16394e-09,6.62866e-09
1.49139e-08,1.39304e-08,1.2882e-08,1.18199e-08,1.07132e-08,9.69041e-09,8.80932e-09,8.14302e-09,7.56658e-09,7.02774e-09,6.5016e-09
1.46395e-08,1.36726e-08,1.26417e-08,1.16001e-08,1.05128e-08,9.50819e-09,8.64251e-09,7.98805e-09,7.42205e-09,6.89211e-09,6.37629e-09
1.4372e-08,1.34214e-08,1.24085e-08,1.13856e-08,1.03158e-08,9.33029e-09,8.47917e-09,7.83655e-09,7.28029e-09,6.76064e-09,6.2531e-09
1.41058e-08,1.31715e-08,1.21763e-08,1.11724e-08,1.0122e-08,9.15356e-09,8.31736e-09,7.68625e-09,7.1404e-09,6.62925e-09,6.1302e-09
1.38457e-08,1.29278e-08,1.19503e-08,1.0964e-08,9.93155e-09,8.9802e-09,8.15808e-09,7.53928e-09,7.00375e-09,6.50262e-09,6.01128e-09
1.35884e-08,1.26867e-08,1.17262e-08,1.07589e-08,9.74431e-09,8.8113e-09,8.00304e-09,7.39544e-09,6.8694e-09,6.37572e-09,5.89211e-09
1.33344e-08,1.24494e-08,1.15064e-08,1.0557e-08,9.55938e-09,8.64245e-09,7.84849e-09,7.25176e-09,6.73649e-09,6.25195e-09,5.77596e-09
1.30852e-08,1.22149e-08,1.12897e-08,1.03581e-08,9.37933e-09,8.47934e-09,7.69906e-09,7.11377e-09,6.60693e-09,6.12992e-09,5.6624e-09
1.28385e-08,1.19837e-08,1.10754e-08,1.0162e-08,9.20008e-09,8.31719e-09,7.5501e-09,6.97587e-09,6.47834e-09,6.00967e-09,5.54921e-09
1.25976e-08,1.17569e-08,1.08663e-08,9.97024e-09,9.02631e-09,8.15935e-09,7.40527e-09,6.84282e-09,6.35385e-09,5.89167e-09,5.43902e-09
1.23563e-08,1.15325e-08,1.06578e-08,9.77951e-09,8.85175e-09,8.00068e-09,7.25993e-09,6.70732e-09,6.22795e-09,5.77433e-09,5.32912e-09
1.21219e-08,1.13127e-08,1.04546e-08,9.59314e-09,8.68237e-09,7.84709e-09,7.11875e-09,6.57655e-09,6.10642e-09,5.66082e-09,5.22173e-09
1.18902e-08,1.10971e-08,1.02555e-08,9.4111e-09,8.51634e-09,7.69709e-09,6.98213e-09,6.44884e-09,5.98755e-09,5.5488e-09,5.11672e-09
1.16631e-08,1.08837e-08,1.00584e-08,9.23013e-09,8.35176e-09,7.54656e-09,6.84415e-09,6.32221e-09,5.86925e-09,5.43858e-09,5.01333e-09
1.14394e-08,1.06758e-08,9.86628e-09,9.05472e-09,8.19272e-09,7.40196e-09,6.71041e-09,6.19984e-09,5.75461e-09,5.33079e-09,4.9106e-09
1.12197e-08,1.04689e-08,9.67504e-09,8.87937e-09,8.03248e-09,7.25706e-09,6.57803e-09,6.07629e-09,5.64027e-09,5.22319e-09,4.81039e-09
1.10031e-08,1.02673e-08,9.48937e-09,8.70936e-09,7.87765e-09,7.11623e-09,6.44907e-09,5.95686e-09,5.52922e-09,5.11897e-09,4.7122e-09
1.07917e-08,1.00698e-08,9.30631e-09,8.54197e-09,7.72569e-09,6.97911e-09,6.32278e-09,5.8395e-09,5.41996e-09,5.01613e-09,4.61578e-09
1.05818e-08,9.87378e-09,9.1262e-09,8.37712e-09,7.57534e-09,6.84159e-09,6.19671e-09,5.72387e-09,5.3122e-09,4.91536e-09,4.52045e-09
1.03788e-08,9.68295e-09,8.95031e-09,8.21664e-09,7.43041e-09,6.70805e-09,6.0745e-09,5.61261e-09,5.20773e-09,4.81684e-09,4.42748e-09
1.0177e-08,9.4954e-09,8.77726e-09,8.05761e-09,7.28475e-09,6.57711e-09,5.95407e-09,5.49986e-09,5.10387e-09,4.71916e-09,4.33604e-09
9.98042e-09,9.3112e-09,8.60714e-09,7.90195e-09,7.143e-09,6.4481e-09,5.83569e-09,5.39062e-09,5.0022e-09,4.62432e-09,4.2459e-09
9.78657e-09,9.13141e-09,8.44154e-09,7.75064e-09,7.00528e-09,6.32387e-09,5.72323e-09,5.28399e-09,4.90334e-09,4.53168e-09,4.15834e-09
9.59776e-09,8.95387e-09,8.2778e-09,7.60014e-09,6.86808e-09,6.19736e-09,5.60634e-09,5.17816e-09,4.8051e-09,4.43924e-09,4.07174e-09
9.41157e-09,8.78149e-09,8.11916e-09,7.45523e-09,6.73778e-09,6.0759e-09,5.49377e-09,5.07748e-09,4.71041e-09,4.3502e-09,3.98876e-09
9.23178e-09,8.61183e-09,7.96261e-09,7.31141e-09,6.60539e-09,5.95784e-09,5.38624e-09,4.97478e-09,4.61662e-09,4.26232e-09,3.90499e-09
9.05202e-09,8.4458e-09,7.80928e-09,7.17094e-09,6.47758e-09,5.8411e-09,5.27804e-09,4.8765e-09,4.52477e-09,4.17582e-09,3.82361e-09
8.8792e-09,8.28409e-09,7.65956e-09,7.03176e-09,6.34792e-09,5.72065e-09,5.16981e-09,4.77401e-09,4.43288e-09,4.09144e-09,3.74461e-09
8.70879e-09,8.12599e-09,7.51403e-09,6.90004e-09,6.23067e-09,5.61595e-09,5.07139e-09,4.68573e-09,4.34777e-09,4.01002e-09,3.66578e-09
8.54335e-09,7.97078e-09,7.37057e-09,6.76752e-09,6.10866e-09,5.49876e-09,4.96467e-09,4.58934e-09,4.26025e-09,3.92926e-09,3.59117e-09
8.37971e-09,7.81798e-09,7.23015e-09,6.64008e-09,5.99381e-09,5.39921e-09,4.87156e-09,4.50251e-09,4.17755e-09,3.84908e-09,3.51671e-09
8.22258e-09,7.67103e-09,7.09449e-09,6.51282e-09,5.87502e-09,5.29033e-09,4.77444e-09,4.40764e-09,4.09377e-09,3.77466e-09,3.44474e-09
8.06606e-09,7.5246e-09,6.96006e-09,6.39165e-09,5.76773e-09,5.19247e-09,4.68517e-09,4.32781e-09,4.01559e-09,3.6983e-09,3.37312e-09
7.91693e-09,7.3838e-09,6.82968e-09,6.27162e-09,5.65802e-09,5.09179e-09,4.59055e-09,4.24235e-09,3.93674e-09,3.62512e-09,3.30349e-09
7.76762e-09,7.24648e-09,6.70286e-09,6.15646e-09,5.55505e-09,4.99327e-09,4.49815e-09,4.16306e-09,3.86106e-09,3.55349e-09,3.2367e-09
7.62549e-09,7.11175e-09,6.57808e-09,6.0405e-09,5.44716e-09,4.89845e-09,4.41271e-09,4.07896e-09,3.7852e-09,3.48304e-09,3.17021e-09
7.48284e-09,6.98041e-09,6.45714e-09,5.92939e-09,5.34622e-09,4.80875e-09,4.32979e-09,4.00067e-09,3.71294e-09,3.41472e-09,3.10595e-09
7.34909e-09,6.8535e-09,6.33957e-09,5.82086e-09,5.24668e-09,4.71431e-09,4.24367e-09,3.92419e-09,3.64149e-09,3.34673e-09,3.04321e-09
7.21417e-09,6.72876e-09,6.22493e-09,5.71454e-09,5.14987e-09,4.62559e-09,4.16161e-09,3.84782e-09,3.57181e-09,3.28341e-09,2.98239e-09
7.08646e-09,6.60824e-09,6.11222e-09,5.61278e-09,5.05943e-09,4.53762e-09,4.07857e-09,3.77887e-09,3.50457e-09,3.21984e-09,2.92272e-09
6.95769e-09,6.48914e-09,6.00294e-09,5.51032e-09,4.96317e-09,4.45398e-09,4.0034e-09,3.70349e-09,3.43774e-09,3.15813e-09,2.86433e-09
6.83813e-09,6.37471e-09,5.89664e-09,5.41242e-09,4.87441e-09,4.37581e-09,3.9309e-09,3.63422e-09,3.37439e-09,3.09798e-09,2.80744e-09
6.71589e-09,6.26241e-09,5.79276e-09,5.31629e-09,4.78637e-09,4.29175e-09,3.85676e-09,3.56677e-09,3.31087e-09,3.03912e-09,2.75265e-09
6.60343e-09,6.15461e-09,5.69255e-09,5.22348e-09,4.70104e-09,4.21295e-09,3.7816e-09,3.50005e-09,3.24963e-09,2.98252e-09,2.69926e-09
6.48739e-09,6.04859e-09,5.59439e-09,5.13458e-09,4.62309e-09,4.13555e-09,3.70797e-09,3.44001e-09,3.19097e-09,2.92917e-09,2.64699e-09
6.38145e-09,5.94645e-09,5.49938e-09,5.04479e-09,4.53812e-09,4.06268e-09,3.64066e-09,3.37391e-09,3.13252e-09,2.87336e-09,2.59616e-09
6.27039e-09,5.84498e-09,5.40518e-09,4.95767e-09,4.45799e-09,3.98881e-09,3.57464e-09,3.31115e-09,3.07501e-09,2.81961e-09,2.54681e-09
6.17109e-09,5.74891e-09,5.31609e-09,4.8759e-09,4.38279e-09,3.92383e-09,3.51412e-09,3.25542e-09,3.02186e-09,2.76735e-09,2.49945e-09
6.06557e-09,5.654e-09,5.22746e-09,4.79298e-09,4.30712e-09,3.8499e-09,3.44697e-09,3.19422e-09,2.96681e-09,2.71837e-09,2.45277e-09
5.97207e-09,5.56228e-09,5.14263e-09,4.7152e-09,4.23976e-09,3.78138e-09,3.3809e-09,3.14244e-09,2.91576e-09,2.67113e-09,2.40691e-09
5.8734e-09,5.47216e-09,5.05879e-09,4.63594e-09,4.16359e-09,3.71744e-09,3.32433e-09,3.0823e-09,2.86393e-09,2.62334e-09,2.3628e-09
5.78549e-09,5.38683e-09,4.97877e-09,4.56164e-09,4.09532e-09,3.65469e-09,3.26619e-09,3.02942e-09,2.81493e-09,2.57778e-09,2.32087e-09
5.69201e-09,5.30175e-09,4.9008e-09,4.48984e-09,4.02972e-09,3.59867e-09,3.22106e-09,2.98142e-09,2.7691e-09,2.53408e-09,2.28e-09
5.60744e-09,5.21969e-09,4.82318e-09,4.41719e-09,3.96297e-09,3.53236e-09,3.15436e-09,2.92718e-09,2.72055e-09,2.49252e-09,2.23847e-09
5.51803e-09,5.14181e-09,4.74868e-09,4.34524e-09,3.89466e-09,3.45659e-09,3.0834e-09,2.86793e-09,2.67063e-09,2.44727e-09,2.20057e-09
5.44033e-09,5.06216e-09,4.67579e-09,4.28089e-09,3.83903e-09,3.42367e-09,3.0527e-09,2.83033e-09,2.6319e-09,2.4072e-09,2.16125e-09
5.35509e-09,4.98818e-09,4.60532e-09,4.20968e-09,3.76627e-09,3.34547e-09,2.98431e-09,2.76733e-09,2.58211e-09,2.36553e-09,2.12496e-09
5.27899e-09,4.91315e-09,4.53791e-09,4.15198e-09,3.71985e-09,3.31307e-09,2.95373e-09,2.74103e-09,2.54744e-09,2.32929e-09,2.08806e-09
5.20245e-09,4.84153e-09,4.47004e-09,4.08844e-09,3.66209e-09,3.25531e-09,2.89824e-09,2.69336e-09,2.50505e-09,2.29046e-09,2.05295e-09
5.12885e-09,4.7727e-09,4.40527e-09,4.03048e-09,3.6136e-09,3.20226e-09,2.8458e-09,2.65684e-09,2.46709e-09,2.25471e-09,2.01911e-09
5.05709e-09,4.70468e-09,4.34198e-09,3.97002e-09,3.55431e-09,3.16186e-09,2.81112e-09,2.60983e-09,2.42861e-09,2.21863e-09,1.98624e-09
4.98666e-09,4.63859e-09,4.27983e-09,3.91167e-09,3.50012e-09,3.10538e-09,2.76043e-09,2.56819e-09,2.3898e-09,2.18307e-09,1.95418e-09
4.91861e-09,4.57382e-09,4.22102e-09,3.85696e-09,3.44983e-09,3.06522e-09,2.73069e-09,2.53327e-09,2.3551e-09,2.15307e-09,1.92345e-09
4.85238e-09,4.51158e-09,4.16143e-09,3.80088e-09,3.39854e-09,3.01273e-09,2.67508e-09,2.48957e-09,2.31751e-09,2.117e-09,1.89174e-09
4.7883e-09,4.45152e-09,4.1047e-09,3.75019e-09,3.35773e-09,2.9671e-09,2.62466e-09,2.45944e-09,2.28449e-09,2.08318e-09,1.86271e-09
4.72401e-09,4.39057e-09,4.04801e-09,3.69497e-09,3.30203e-09,2.92374e-09,2.59259e-09,2.41514e-09,2.24842e-09,2.05342e-09,1.8334e-09
4.6621e-09,4.3323e-09,3.99385e-09,3.64495e-09,3.25583e-09,2.88151e-09,2.55414e-09,2.37955e-09,2.21587e-09,2.02319e-09,1.80528e-09
4.60214e-09,4.27542e-09,3.94171e-09,3.59673e-09,3.21075e-09,2.84555e-09,2.52413e-09,2.34879e-09,2.18508e-09,1.99402e-09,1.77863e-09
4.54257e-09,4.21987e-09,3.88802e-09,3.54652e-09,3.16595e-09,2.7993e-09,2.4779e-09,2.31013e-09,2.15209e-09,1.96458e-09,1.75133e-09
4.48637e-09,4.16679e-09,3.83858e-09,3.50361e-09,3.13325e-09,2.76223e-09,2.43756e-09,2.28759e-09,2.12444e-09,1.93827e-09,1.72531e-09
4.42901e-09,4.11272e-09,3.78794e-09,3.45416e-09,3.08236e-09,2.72404e-09,2.40624e-09,2.2476e-09,2.09265e-09,1.90861e-09,1.69953e-09
4.37295e-09,4.05977e-09,3.7384e-09,3.40795e-09,3.04037e-09,2.6858e-09,2.37132e-09,2.21481e-09,2.06276e-09,1.88148e-09,1.67447e-09
4.31906e-09,4.00877e-09,3.69169e-09,3.36515e-09,3.00044e-09,2.65488e-09,2.3463e-09,2.18848e-09,2.036e-09,1.85573e-09,1.6506e-09
4.26463e-09,3.95766e-09,3.64342e-09,3.31916e-09,2.95856e-09,2.60905e-09,2.30379e-09,2.15141e-09,2.00522e-09,1.82886e-09,1.62626e-09
4.21308e-09,3.90947e-09,3.59809e-09,3.28085e-09,2.92938e-09,2.58069e-09,2.27299e-09,2.1304e-09,1.98138e-09,1.80487e-09,1.60344e-09
4.16067e-09,3.85987e-09,3.55222e-09,3.23444e-09,2.88138e-09,2.53894e-09,2.23935e-09,2.09247e-09,1.95089e-09,1.7787e-09,1.57999e-09
4.10988e-09,3.81212e-09,3.50698e-09,3.19345e-09,2.84371e-09,2.50463e-09,2.20831e-09,2.06372e-09,1.92446e-09,1.754e-09,1.55756e-09
4.06003e-09,3.76527e-09,3.46358e-09,3.1527e-09,2.80626e-09,2.47108e-09,2.17786e-09,2.03598e-09,1.89846e-09,1.72999e-09,1.53522e-09
4.01126e-09,3.7192e-09,3.42089e-09,3.11345e-09,2.77039e-09,2.43834e-09,2.14764e-09,2.00815e-09,1.87331e-09,1.70639e-09,1.51345e-09
3.96371e-09,3.67465e-09,3.37958e-09,3.0775e-09,2.74307e-09,2.40443e-09,2.1128e-09,1.98904e-09,1.85019e-09,1.68467e-09,1.49279e-09
3.915e-09,3.62885e-09,3.3366e-09,3.03578e-09,2.69975e-09,2.37408e-09,2.08937e-09,1.95469e-09,1.82343e-09,1.66059e-09,1.47078e-09
3.86888e-09,3.58872e-09,3.29805e-09,2.99363e-09,2.65335e-09,2.32523e-09,2.04321e-09,1.91105e-09,1.7931e-09,1.63843e-09,1.45242e-09
3.82318e-09,3.54258e-09,3.2572e-09,2.96232e-09,2.63304e-09,2.31329e-09,2.03459e-09,1.90421e-09,1.77642e-09,1.61707e-09,1.43095e-09
3.77643e-09,3.49875e-09,3.21579e-09,2.92445e-09,2.59847e-09,2.28215e-09,2.00581e-09,1.87789e-09,1.75244e-09,1.59482e-09,1.41004e-09
3.73197e-09,3.45742e-09,3.17712e-09,2.89169e-09,2.57415e-09,2.25085e-09,1.9734e-09,1.86035e-09,1.73177e-09,1.57507e-09,1.39107e-09
3.68762e-09,3.41573e-09,3.13888e-09,2.85416e-09,2.53561e-09,2.22554e-09,1.96031e-09,1.83105e-09,1.7085e-09,1.55345e-09,1.37243e-09
3.64438e-09,3.3751e-09,3.1013e-09,2.81895e-09,2.50278e-09,2.19533e-09,1.92659e-09,1.80523e-09,1.68566e-09,1.53276e-09,1.35329e-09
3.60046e-09,3.33425e-09,3.06302e-09,2.78424e-09,2.4712e-09,2.16657e-09,1.90097e-09,1.78135e-09,1.66338e-09,1.51221e-09,1.33464e-09
3.55945e-09,3.29498e-09,3.02723e-09,2.75193e-09,2.44187e-09,2.13982e-09,1.87728e-09,1.75882e-09,1.64297e-09,1.49265e-09,1.31578e-09
3.51627e-09,3.25612e-09,2.99082e-09,2.72035e-09,2.41833e-09,2.10986e-09,1.84531e-09,1.74325e-09,1.62236e-09,1.47349e-09,1.29712e-09
3.47385e-09,3.21571e-09,2.9536e-09,2.68373e-09,2.38007e-09,2.08375e-09,1.8262e-09,1.71251e-09,1.59962e-09,1.45334e-09,1.2794e-09
3.4332e-09,3.17775e-09,2.91855e-09,2.65179e-09,2.35093e-09,2.05717e-09,1.80219e-09,1.69004e-09,1.57913e-09,1.4342e-09,1.26195e-09
3.39272e-09,3.13978e-09,2.88309e-09,2.61973e-09,2.32197e-09,2.03081e-09,1.77837e-09,1.66806e-09,1.55886e-09,1.41558e-09,1.2444e-09
3.35295e-09,3.10233e-09,2.84868e-09,2.58776e-09,2.29291e-09,2.00473e-09,1.75449e-09,1.64617e-09,1.53858e-09,1.39681e-09,1.22786e-09
3.31383e-09,3.06642e-09,2.81529e-09,2.55993e-09,2.27272e-09,1.97775e-09,1.72635e-09,1.63254e-09,1.52122e-09,1.37995e-09,1.21076e-09
