0.000356652,0.000346423,0.000341487,0.000332032,0.000313612,0.000316592,0.000304881,0.000295884,0.000281914,0.000270297,0.00026347
0.000339887,0.000331031,0.000322735,0.000313489,0.00029808,0.000301374,0.000287836,0.000280093,0.000265802,0.000251684,0.000246615
0.000320511,0.000311028,0.000305715,0.00029633,0.000280074,0.000281239,0.000274251,0.000263088,0.000248892,0.000237836,0.000227468
0.000303071,0.000296563,0.000290304,0.000281256,0.000266825,0.00026598,0.000259183,0.000246428,0.000235311,0.000222827,0.000214437
0.000287879,0.000282197,0.000276642,0.000267891,0.000254545,0.000251903,0.000246776,0.000232801,0.000223223,0.000210862,0.000202681
0.000275316,0.000269525,0.000264421,0.000256573,0.000243753,0.000240683,0.000235727,0.000221343,0.000212223,0.000200214,0.00019239
0.000261459,0.000256714,0.000252412,0.0002447,0.000233072,0.000228303,0.000224641,0.000209592,0.000202524,0.000190802,0.000182308
0.00025002,0.000245881,0.000241918,0.000234744,0.000224012,0.00021838,0.000214697,0.000199818,0.000193401,0.000182482,0.000173462
0.00023951,0.000235672,0.000231609,0.000225137,0.000214814,0.000209187,0.000205282,0.000190719,0.000184944,0.000174202,0.000164955
0.00022995,0.000226789,0.000222442,0.000216145,0.000206449,0.000201027,0.000196624,0.000182556,0.000177657,0.000168054,0.000157155
0.000220766,0.000218985,0.000214346,0.000208532,0.000199632,0.000193678,0.000188269,0.000175052,0.000169864,0.000160062,0.000150855
0.000213557,0.00021123,0.000206145,0.000201179,0.000191438,0.00018579,0.000181048,0.000167933,0.000162137,0.000152538,0.000142628
0.000205802,0.000203514,0.000198351,0.000193247,0.000185121,0.00017929,0.00017372,0.000162362,0.000155859,0.000147389,0.000137085
0.000198853,0.00019817,0.000192897,0.000187187,0.000178624,0.000173027,0.000166434,0.000155584,0.000149398,0.000141776,0.000131388
0.000192399,0.000191731,0.000185174,0.000180318,0.000172151,0.000167033,0.000160132,0.000149983,0.000143707,0.000135607,0.00012573
0.000185211,0.000186273,0.000179949,0.000173711,0.000166786,0.000161744,0.000154188,0.000144916,0.000138522,0.000130314,0.000121237
0.000180932,0.000180579,0.000173366,0.000168251,0.000160843,0.000156431,0.000148996,0.000138854,0.000132911,0.000126112,0.000116014
0.000175023,0.000175222,0.000168929,0.000163087,0.000155681,0.000151706,0.000143605,0.000134948,0.000128213,0.000120906,0.000111279
0.000170593,0.000170155,0.000162387,0.0001579,0.000151294,0.000146589,0.000138266,0.00013009,0.000123716,0.000116078,0.00010737
0.000164995,0.000164966,0.000158265,0.00015314,0.000146432,0.000142173,0.000133777,0.000126015,0.000119489,0.000111898,0.000103052
0.000160943,0.0001603,0.000152726,0.000148254,0.000142189,0.000137583,0.000129166,0.000121599,0.000115172,0.000107833,9.94968e-05
0.000155889,0.000155904,0.000149362,0.000144174,0.000137666,0.00013325,0.000125166,0.000117793,0.000110988,0.000104299,9.53889e-05
0.000151775,0.000151177,0.000144181,0.000139389,0.000133748,0.000128459,0.000120748,0.000114028,0.00010735,0.000100423,9.24192e-05
0.000147259,0.000146784,0.000140377,0.000135321,0.000129388,0.000125696,0.000117524,0.00011029,0.000103403,9.75527e-05,8.83337e-05
0.000143661,0.000142372,0.000135948,0.000131019,0.000125815,0.000120979,0.000113584,0.000106834,0.000100029,9.36275e-05,8.56969e-05
0.00013943,0.000137998,0.000132038,0.000127367,0.000122332,0.000117789,0.000110011,0.000103418,9.68744e-05,9.06121e-05,8.2528e-05
0.00013566,0.000133851,0.000128454,0.000123559,0.000118786,0.000114096,0.000106573,0.000100011,9.34989e-05,8.74246e-05,7.96773e-05
0.000131771,0.000129653,0.000124989,0.000120233,0.000115526,0.000110752,0.000103566,9.72235e-05,9.0758e-05,8.46237e-05,7.67733e-05
0.000128186,0.000126209,0.000121278,0.000116351,0.000111941,0.000107245,0.000100367,9.41039e-05,8.74386e-05,8.18111e-05,7.42467e-05
0.000124948,0.000122484,0.000118089,0.000112953,0.000108558,0.000104602,9.74182e-05,9.11166e-05,8.48704e-05,7.91892e-05,7.13467e-05
0.000121954,0.000119066,0.000115087,0.000109706,0.000105617,0.000101019,9.40907e-05,8.85107e-05,8.22159e-05,7.62275e-05,6.90025e-05
0.000117914,0.000115293,0.000111209,0.000106609,0.000102362,9.81389e-05,9.16725e-05,8.57617e-05,7.93308e-05,7.37146e-05,6.65124e-05
0.000114728,0.000112021,0.000108378,0.000103478,9.94221e-05,9.49567e-05,8.88709e-05,8.32435e-05,7.67913e-05,7.12182e-05,6.41063e-05
0.000111669,0.000108882,0.000105382,0.000100391,9.67704e-05,9.21328e-05,8.61679e-05,8.07482e-05,7.44277e-05,6.87413e-05,6.18405e-05
0.000108623,0.000105406,0.000102644,9.7656e-05,9.34714e-05,8.91349e-05,8.34501e-05,7.82494e-05,7.20353e-05,6.63714e-05,5.96498e-05
0.000105354,0.000102283,9.92212e-05,9.49415e-05,9.08824e-05,8.62719e-05,8.1143e-05,7.60433e-05,6.9581e-05,6.40373e-05,5.76642e-05
0.000102039,9.93798e-05,9.66523e-05,9.18978e-05,8.82791e-05,8.40966e-05,7.8547e-05,7.35954e-05,6.76108e-05,6.19274e-05,5.56371e-05
9.93097e-05,9.64834e-05,9.3914e-05,8.91937e-05,8.55077e-05,8.15066e-05,7.61731e-05,7.11994e-05,6.54194e-05,5.96286e-05,5.36295e-05
9.68832e-05,9.36587e-05,9.09799e-05,8.68468e-05,8.27263e-05,7.85602e-05,7.37304e-05,6.89705e-05,6.32738e-05,5.75784e-05,5.16252e-05
9.36103e-05,9.07655e-05,8.81164e-05,8.42439e-05,8.04875e-05,7.63182e-05,7.20341e-05,6.6277e-05,6.10743e-05,5.55994e-05,4.97451e-05
9.07858e-05,8.79913e-05,8.5902e-05,8.13986e-05,7.79641e-05,7.39205e-05,6.92791e-05,6.45347e-05,5.90479e-05,5.34754e-05,4.7947e-05
8.80479e-05,8.53354e-05,8.30454e-05,7.90079e-05,7.54691e-05,7.14947e-05,6.71406e-05,6.26889e-05,5.72402e-05,5.15952e-05,4.62393e-05
8.57131e-05,8.31081e-05,8.12056e-05,7.67193e-05,7.36661e-05,6.96601e-05,6.50312e-05,6.09691e-05,5.59295e-05,4.99182e-05,4.48778e-05
8.27986e-05,8.01217e-05,7.82768e-05,7.40723e-05,7.08647e-05,6.69146e-05,6.28169e-05,5.85986e-05,5.34938e-05,4.78257e-05,4.28955e-05
8.07114e-05,7.81867e-05,7.65872e-05,7.18256e-05,6.92756e-05,6.51416e-05,6.11032e-05,5.72002e-05,5.19513e-05,4.6258e-05,4.15482e-05
7.75194e-05,7.512e-05,7.33888e-05,6.95398e-05,6.64826e-05,6.25932e-05,5.87369e-05,5.48043e-05,4.98745e-05,4.45395e-05,3.99652e-05
7.53636e-05,7.31901e-05,7.18199e-05,6.77076e-05,6.49364e-05,6.09242e-05,5.70268e-05,5.3357e-05,4.85142e-05,4.30591e-05,3.87002e-05
7.27127e-05,7.05374e-05,6.8923e-05,6.50476e-05,6.21156e-05,5.84246e-05,5.49177e-05,5.10634e-05,4.6431e-05,4.12948e-05,3.70571e-05
7.03832e-05,6.82302e-05,6.6656e-05,6.30031e-05,6.01628e-05,5.6329e-05,5.31273e-05,4.95743e-05,4.48817e-05,3.98347e-05,3.57703e-05
6.80515e-05,6.60183e-05,6.46655e-05,6.10714e-05,5.83007e-05,5.45082e-05,5.11528e-05,4.78762e-05,4.32844e-05,3.83371e-05,3.44234e-05
6.57841e-05,6.38791e-05,6.24255e-05,5.89767e-05,5.63452e-05,5.25657e-05,4.95227e-05,4.61169e-05,4.17772e-05,3.69833e-05,3.32288e-05
6.36931e-05,6.18877e-05,6.02457e-05,5.69839e-05,5.43202e-05,5.07419e-05,4.7791e-05,4.43068e-05,4.02075e-05,3.55481e-05,3.18659e-05
6.18285e-05,6.00148e-05,5.81984e-05,5.51631e-05,5.2531e-05,4.91061e-05,4.60351e-05,4.26265e-05,3.91546e-05,3.42632e-05,3.07733e-05
5.95338e-05,5.78324e-05,5.63893e-05,5.33035e-05,5.07126e-05,4.73143e-05,4.44785e-05,4.12313e-05,3.73519e-05,3.29508e-05,2.95276e-05
5.75398e-05,5.59946e-05,5.46233e-05,5.14584e-05,4.89964e-05,4.56743e-05,4.29884e-05,3.96374e-05,3.59416e-05,3.17433e-05,2.84432e-05
5.56336e-05,5.42754e-05,5.29242e-05,4.9773e-05,4.73395e-05,4.41963e-05,4.14043e-05,3.82921e-05,3.47161e-05,3.06787e-05,2.7446e-05
5.38599e-05,5.23526e-05,5.11888e-05,4.80058e-05,4.5753e-05,4.2692e-05,4.00882e-05,3.67918e-05,3.33861e-05,2.94033e-05,2.63342e-05
5.20846e-05,5.06647e-05,4.93481e-05,4.65332e-05,4.42387e-05,4.10778e-05,3.85378e-05,3.54566e-05,3.21752e-05,2.8377e-05,2.53874e-05
5.03802e-05,4.90443e-05,4.775e-05,4.49351e-05,4.26778e-05,3.96911e-05,3.72194e-05,3.41466e-05,3.09736e-05,2.73176e-05,2.44547e-05
4.88186e-05,4.75099e-05,4.60995e-05,4.34742e-05,4.12523e-05,3.83562e-05,3.59781e-05,3.29318e-05,2.98475e-05,2.63482e-05,2.35299e-05
4.73059e-05,4.59986e-05,4.47421e-05,4.20091e-05,3.99976e-05,3.70274e-05,3.47168e-05,3.16753e-05,2.86988e-05,2.53809e-05,2.27107e-05
4.57263e-05,4.45416e-05,4.32535e-05,4.06763e-05,3.86922e-05,3.59285e-05,3.34801e-05,3.05641e-05,2.77439e-05,2.4473e-05,2.18515e-05
4.43557e-05,4.31829e-05,4.18691e-05,3.93756e-05,3.73225e-05,3.46783e-05,3.24017e-05,2.94747e-05,2.67527e-05,2.35942e-05,2.10649e-05
4.29857e-05,4.19263e-05,4.05649e-05,3.81601e-05,3.61569e-05,3.36102e-05,3.12836e-05,2.84972e-05,2.58135e-05,2.27885e-05,2.03216e-05
4.17606e-05,4.06428e-05,3.9284e-05,3.69809e-05,3.49979e-05,3.24932e-05,3.03413e-05,2.74374e-05,2.49236e-05,2.19706e-05,1.95844e-05
4.06823e-05,3.96594e-05,3.8352e-05,3.60138e-05,3.42465e-05,3.17266e-05,2.95489e-05,2.66882e-05,2.42283e-05,2.13906e-05,1.90479e-05
3.93752e-05,3.82513e-05,3.69282e-05,3.47502e-05,3.2895e-05,3.06384e-05,2.84063e-05,2.5676e-05,2.3231e-05,2.04935e-05,1.8212e-05
3.83171e-05,3.72543e-05,3.57935e-05,3.37093e-05,3.18752e-05,2.96138e-05,2.75046e-05,2.48489e-05,2.24845e-05,1.98172e-05,1.75979e-05
3.7346e-05,3.62125e-05,3.47928e-05,3.27515e-05,3.09733e-05,2.87661e-05,2.67033e-05,2.40154e-05,2.17793e-05,1.91446e-05,1.69847e-05
3.62352e-05,3.52324e-05,3.37862e-05,3.18096e-05,3.00337e-05,2.79648e-05,2.59611e-05,2.32435e-05,2.10177e-05,1.85408e-05,1.6424e-05
3.52278e-05,3.42754e-05,3.28411e-05,3.09525e-05,2.92481e-05,2.71777e-05,2.51677e-05,2.24725e-05,2.03565e-05,1.80004e-05,1.58817e-05
3.43868e-05,3.34201e-05,3.19342e-05,3.01406e-05,2.84113e-05,2.6485e-05,2.4393e-05,2.1808e-05,1.97296e-05,1.7407e-05,1.53525e-05
3.34783e-05,3.25605e-05,3.10631e-05,2.92832e-05,2.76406e-05,2.56893e-05,2.36032e-05,2.11091e-05,1.9198e-05,1.68822e-05,1.48247e-05
3.26112e-05,3.17448e-05,3.02634e-05,2.85132e-05,2.69066e-05,2.50693e-05,2.30129e-05,2.05387e-05,1.85655e-05,1.63204e-05,1.43662e-05
3.18002e-05,3.09059e-05,2.9497e-05,2.78026e-05,2.61838e-05,2.44089e-05,2.23808e-05,1.99332e-05,1.80444e-05,1.58728e-05,1.39019e-05
3.11312e-05,3.0237e-05,2.87261e-05,2.70687e-05,2.55528e-05,2.37544e-05,2.17537e-05,1.94101e-05,1.75532e-05,1.54195e-05,1.34694e-05
3.0285e-05,2.94364e-05,2.7999e-05,2.63837e-05,2.48406e-05,2.31422e-05,2.11876e-05,1.8851e-05,1.70289e-05,1.49507e-05,1.30446e-05
2.96014e-05,2.87672e-05,2.72764e-05,2.57268e-05,2.42548e-05,2.25652e-05,2.06232e-05,1.83803e-05,1.65374e-05,1.45595e-05,1.26611e-05
2.88951e-05,2.80512e-05,2.66195e-05,2.51403e-05,2.36291e-05,2.20041e-05,2.01015e-05,1.78746e-05,1.60586e-05,1.41487e-05,1.22939e-05
2.82274e-05,2.74052e-05,2.59741e-05,2.45321e-05,2.30742e-05,2.14939e-05,1.95899e-05,1.73846e-05,1.56309e-05,1.37584e-05,1.19018e-05
2.75879e-05,2.67663e-05,2.53304e-05,2.39863e-05,2.25263e-05,2.09562e-05,1.90698e-05,1.69524e-05,1.52311e-05,1.34003e-05,1.15839e-05
2.69364e-05,2.61393e-05,2.47573e-05,2.338e-05,2.19599e-05,2.046e-05,1.86178e-05,1.65052e-05,1.48172e-05,1.30179e-05,1.12331e-05
2.63302e-05,2.55718e-05,2.41176e-05,2.28511e-05,2.14082e-05,1.99125e-05,1.81636e-05,1.61252e-05,1.4481e-05,1.27173e-05,1.08736e-05
2.57328e-05,2.49946e-05,2.36009e-05,2.23408e-05,2.09264e-05,1.94681e-05,1.77315e-05,1.56966e-05,1.40457e-05,1.23277e-05,1.05495e-05
2.51122e-05,2.43666e-05,2.30231e-05,2.18085e-05,2.04146e-05,1.89613e-05,1.72402e-05,1.53387e-05,1.36842e-05,1.20181e-05,1.0292e-05
2.45842e-05,2.38626e-05,2.25086e-05,2.13476e-05,1.9995e-05,1.85961e-05,1.68927e-05,1.49545e-05,1.33437e-05,1.17265e-05,9.98419e-06
2.39771e-05,2.32498e-05,2.19411e-05,2.08254e-05,1.94348e-05,1.80635e-05,1.6429e-05,1.45611e-05,1.2935e-05,1.13568e-05,9.7407e-06
2.34445e-05,2.27634e-05,2.14435e-05,2.03342e-05,1.90264e-05,1.76584e-05,1.60555e-05,1.42149e-05,1.26379e-05,1.1095e-05,9.43098e-06
2.28896e-05,2.21968e-05,2.0923e-05,1.98627e-05,1.86007e-05,1.72216e-05,1.56865e-05,1.39095e-05,1.23615e-05,1.07999e-05,9.18111e-06
2.23853e-05,2.17334e-05,2.04799e-05,1.94032e-05,1.81592e-05,1.68403e-05,1.5311e-05,1.35194e-05,1.20164e-05,1.05622e-05,8.92728e-06
2.18357e-05,2.12438e-05,1.99771e-05,1.89792e-05,1.77124e-05,1.64043e-05,1.49377e-05,1.32185e-05,1.16713e-05,1.02395e-05,8.6804e-06
2.13401e-05,2.07288e-05,1.94962e-05,1.8528e-05,1.7289e-05,1.60294e-05,1.45601e-05,1.28819e-05,1.13851e-05,9.99922e-06,8.43769e-06
2.07975e-05,2.02695e-05,1.90474e-05,1.81355e-05,1.68695e-05,1.56384e-05,1.42363e-05,1.25544e-05,1.11015e-05,9.7084e-06,8.1798e-06
2.03457e-05,1.97737e-05,1.85698e-05,1.76775e-05,1.64699e-05,1.52616e-05,1.38688e-05,1.22583e-05,1.08011e-05,9.48661e-06,7.97897e-06
1.98875e-05,1.93467e-05,1.81241e-05,1.72895e-05,1.60651e-05,1.4913e-05,1.35326e-05,1.19609e-05,1.05128e-05,9.20797e-06,7.78941e-06
1.93889e-05,1.88535e-05,1.77409e-05,1.68974e-05,1.57133e-05,1.45736e-05,1.32171e-05,1.16589e-05,1.03004e-05,9.00826e-06,7.5595e-06
1.89529e-05,1.84459e-05,1.7293e-05,1.64914e-05,1.533e-05,1.42109e-05,1.28873e-05,1.13658e-05,1.00153e-05,8.77292e-06,7.36794e-06
1.84867e-05,1.79718e-05,1.68824e-05,1.61045e-05,1.49681e-05,1.38503e-05,1.25654e-05,1.11045e-05,9.74647e-06,8.55397e-06,7.15622e-06
1.80648e-05,1.75838e-05,1.64789e-05,1.57572e-05,1.46049e-05,1.35066e-05,1.22991e-05,1.08408e-05,9.49183e-06,8.31747e-06,6.95889e-06
1.76333e-05,1.71621e-05,1.60476e-05,1.53814e-05,1.42736e-05,1.31711e-05,1.19907e-05,1.05829e-05,9.27824e-06,8.14234e-06,6.7727e-06
1.72077e-05,1.67656e-05,1.56915e-05,1.50446e-05,1.39202e-05,1.2884e-05,1.16989e-05,1.02888e-05,9.03579e-06,7.89088e-06,6.57055e-06
1.68327e-05,1.63404e-05,1.5327e-05,1.46664e-05,1.35873e-05,1.25453e-05,1.14018e-05,1.00587e-05,8.79668e-06,7.70997e-06,6.41893e-06
1.64333e-05,1.594e-05,1.49672e-05,1.43727e-05,1.32716e-05,1.22509e-05,1.11146e-05,9.78467e-06,8.58137e-06,7.49024e-06,6.25316e-06
1.60557e-05,1.55785e-05,1.45878e-05,1.40095e-05,1.29557e-05,1.19875e-05,1.08599e-05,9.53153e-06,8.35233e-06,7.33804e-06,6.08568e-06
1.56446e-05,1.52139e-05,1.42381e-05,1.36779e-05,1.26177e-05,1.16743e-05,1.06208e-05,9.32128e-06,8.13872e-06,7.12073e-06,5.92621e-06
1.53139e-05,1.48591e-05,1.38775e-05,1.33799e-05,1.23373e-05,1.13848e-05,1.03604e-05,9.11385e-06,7.93157e-06,6.93902e-06,5.77897e-06
1.49381e-05,1.45328e-05,1.35938e-05,1.30772e-05,1.20687e-05,1.1116e-05,1.01261e-05,8.88868e-06,7.75001e-06,6.76479e-06,5.6278e-06
1.45953e-05,1.42203e-05,1.32668e-05,1.28135e-05,1.1778e-05,1.08576e-05,9.88336e-06,8.68934e-06,7.56811e-06,6.58417e-06,5.47643e-06
1.4235e-05,1.38789e-05,1.29651e-05,1.25056e-05,1.15079e-05,1.05746e-05,9.60622e-06,8.45363e-06,7.36405e-06,6.43654e-06,5.34973e-06
1.39219e-05,1.34926e-05,1.26287e-05,1.218e-05,1.12095e-05,1.03098e-05,9.38858e-06,8.2483e-06,7.16989e-06,6.24513e-06,5.19459e-06
1.35837e-05,1.31807e-05,1.22947e-05,1.18843e-05,1.09394e-05,1.00749e-05,9.17077e-06,8.02521e-06,6.98875e-06,6.08383e-06,5.05354e-06
1.32668e-05,1.28726e-05,1.20198e-05,1.16096e-05,1.06658e-05,9.82355e-06,8.96242e-06,7.82851e-06,6.82593e-06,5.93349e-06,4.92062e-06
1.29233e-05,1.25688e-05,1.17105e-05,1.13262e-05,1.04267e-05,9.62253e-06,8.74242e-06,7.63565e-06,6.65847e-06,5.78635e-06,4.79962e-06
1.26868e-05,1.22549e-05,1.14474e-05,1.10524e-05,1.01817e-05,9.38587e-06,8.53566e-06,7.43867e-06,6.49371e-06,5.65336e-06,4.67852e-06
1.23562e-05,1.19704e-05,1.1188e-05,1.08153e-05,9.94782e-06,9.14249e-06,8.31181e-06,7.24885e-06,6.32531e-06,5.50569e-06,4.55147e-06
1.20717e-05,1.16913e-05,1.09207e-05,1.05612e-05,9.69141e-06,8.90263e-06,8.11758e-06,7.07328e-06,6.16553e-06,5.35086e-06,4.42814e-06
1.17908e-05,1.14192e-05,1.06381e-05,1.03258e-05,9.48116e-06,8.71459e-06,7.94083e-06,6.90435e-06,6.00463e-06,5.22286e-06,4.30865e-06
1.15536e-05,1.11604e-05,1.04289e-05,1.00535e-05,9.24949e-06,8.53217e-06,7.73318e-06,6.75649e-06,5.89007e-06,5.08694e-06,4.21682e-06
1.12354e-05,1.08978e-05,1.01756e-05,9.87505e-06,9.04388e-06,8.30878e-06,7.55078e-06,6.58418e-06,5.72724e-06,4.96554e-06,4.10564e-06
1.10288e-05,1.06414e-05,9.95174e-06,9.62919e-06,8.81824e-06,8.11818e-06,7.36409e-06,6.4193e-06,5.59598e-06,4.84146e-06,4.00368e-06
1.07507e-05,1.0398e-05,9.73323e-06,9.3994e-06,8.62599e-06,7.92237e-06,7.19695e-06,6.26679e-06,5.45712e-06,4.72898e-06,3.90822e-06
1.05317e-05,1.01357e-05,9.50083e-06,9.19954e-06,8.42323e-06,7.73498e-06,7.00396e-06,6.10704e-06,5.31813e-06,4.60323e-06,3.80873e-06
1.02517e-05,9.91875e-06,9.29023e-06,8.99247e-06,8.222e-06,7.55967e-06,6.85749e-06,5.95989e-06,5.2052e-06,4.47329e-06,3.69846e-06
1.00425e-05,9.69987e-06,9.06605e-06,8.74097e-06,8.03694e-06,7.39035e-06,6.66942e-06,5.83072e-06,5.07132e-06,4.35967e-06,3.6083e-06
9.80346e-06,9.47939e-06,8.87035e-06,8.57803e-06,7.85884e-06,7.22155e-06,6.5289e-06,5.68328e-06,4.94355e-06,4.27262e-06,3.51517e-06
9.64996e-06,9.2619e-06,8.66248e-06,8.36879e-06,7.70439e-06,7.04204e-06,6.37491e-06,5.56539e-06,4.82601e-06,4.1456e-06,3.43871e-06
9.38986e-06,9.057e-06,8.48028e-06,8.19976e-06,7.51707e-06,6.88641e-06,6.22431e-06,5.42046e-06,4.71446e-06,4.05153e-06,3.36313e-06
9.22314e-06,8.87695e-06,8.296e-06,8.02179e-06,7.33907e-06,6.73328e-06,6.0867e-06,5.28303e-06,4.61574e-06,3.93999e-06,3.27409e-06
8.99709e-06,8.66294e-06,8.09361e-06,7.83302e-06,7.18066e-06,6.59294e-06,5.95348e-06,5.16609e-06,4.50178e-06,3.84451e-06,3.19389e-06
8.796e-06,8.45001e-06,7.93774e-06,7.64604e-06,7.00349e-06,6.42123e-06,5.81417e-06,5.05457e-06,4.40564e-06,3.75392e-06,3.12449e-06
8.594e-06,8.25997e-06,7.74719e-06,7.48502e-06,6.84704e-06,6.29881e-06,5.69529e-06,4.9319e-06,4.30215e-06,3.66642e-06,3.04141e-06
8.43265e-06,8.1091e-06,7.57368e-06,7.33016e-06,6.68935e-06,6.12889e-06,5.54788e-06,4.83112e-06,4.19945e-06,3.57793e-06,2.96357e-06
8.2491e-06,7.9283e-06,7.42651e-06,7.17148e-06,6.55478e-06,6.00957e-06,5.42811e-06,4.72814e-06,4.08951e-06,3.48591e-06,2.90078e-06
8.0929e-06,7.77352e-06,7.28934e-06,7.01145e-06,6.42706e-06,5.87252e-06,5.31334e-06,4.64917e-06,4.01528e-06,3.40385e-06,2.82865e-06
7.89363e-06,7.58685e-06,7.11081e-06,6.86886e-06,6.27366e-06,5.7495e-06,5.19992e-06,4.51145e-06,3.92103e-06,3.32832e-06,2.75291e-06
7.75389e-06,7.43466e-06,6.96352e-06,6.68031e-06,6.13221e-06,5.63424e-06,5.08146e-06,4.41558e-06,3.851e-06,3.24573e-06,2.69251e-06
7.59333e-06,7.26721e-06,6.82429e-06,6.57052e-06,6.00242e-06,5.49353e-06,4.96016e-06,4.30846e-06,3.76196e-06,3.16769e-06,2.62441e-06
7.45073e-06,7.11384e-06,6.69193e-06,6.4225e-06,5.87563e-06,5.37868e-06,4.85831e-06,4.21413e-06,3.67335e-06,3.09289e-06,2.56816e-06
7.25853e-06,6.96161e-06,6.5405e-06,6.29272e-06,5.75351e-06,5.26903e-06,4.74444e-06,4.13013e-06,3.58177e-06,3.03129e-06,2.50129e-06
7.11193e-06,6.82847e-06,6.39072e-06,6.16256e-06,5.62193e-06,5.15817e-06,4.63081e-06,4.03941e-06,3.49916e-06,2.95317e-06,2.44772e-06
6.96901e-06,6.68301e-06,6.28025e-06,6.05254e-06,5.52e-06,5.0423e-06,4.53707e-06,3.95261e-06,3.43346e-06,2.8884e-06,2.38421e-06
6.86298e-06,6.54444e-06,6.15634e-06,5.90925e-06,5.41104e-06,4.93444e-06,4.44705e-06,3.88174e-06,3.34647e-06,2.8135e-06,2.33003e-06
6.70147e-06,6.4073e-06,6.028e-06,5.77827e-06,5.30079e-06,4.85188e-06,4.35286e-06,3.79283e-06,3.27838e-06,2.75037e-06,2.27091e-06
6.58123e-06,6.296e-06,5.9118e-06,5.66192e-06,5.18087e-06,4.74001e-06,4.26324e-06,3.70791e-06,3.21583e-06,2.68758e-06,2.2251e-06
6.44917e-06,6.17126e-06,5.80305e-06,5.54291e-06,5.08516e-06,4.64486e-06,4.16823e-06,3.63235e-06,3.1374e-06,2.6267e-06,2.18229e-06
6.32796e-06,6.03464e-06,5.6774e-06,5.42968e-06,4.98598e-06,4.55395e-06,4.08067e-06,3.55469e-06,3.07551e-06,2.57256e-06,2.11825e-06
6.16706e-06,5.93796e-06,5.5776e-06,5.32607e-06,4.88274e-06,4.47502e-06,3.99525e-06,3.48461e-06,3.02355e-06,2.52902e-06,2.06941e-06
6.08173e-06,5.80616e-06,5.45681e-06,5.22688e-06,4.78463e-06,4.37696e-06,3.91506e-06,3.41376e-06,2.94861e-06,2.4613e-06,2.02542e-06
5.93854e-06,5.69225e-06,5.35695e-06,5.12735e-06,4.68137e-06,4.28555e-06,3.83466e-06,3.34964e-06,2.89001e-06,2.4023e-06,1.97433e-06
5.84138e-06,5.5997e-06,5.26198e-06,5.03217e-06,4.59994e-06,4.19172e-06,3.76611e-06,3.27888e-06,2.82937e-06,2.35282e-06,1.93487e-06
5.74448e-06,5.48346e-06,5.16625e-06,4.91952e-06,4.5237e-06,4.1158e-06,3.69013e-06,3.21541e-06,2.7653e-06,2.30181e-06,1.89075e-06
5.62784e-06,5.3735e-06,5.07329e-06,4.83316e-06,4.42407e-06,4.04337e-06,3.61333e-06,3.14196e-06,2.7149e-06,2.25992e-06,1.84639e-06
5.52773e-06,5.28251e-06,4.97268e-06,4.74242e-06,4.34818e-06,3.9695e-06,3.53998e-06,3.08727e-06,2.66575e-06,2.20771e-06,1.8048e-06
5.40334e-06,5.17711e-06,4.87781e-06,4.65028e-06,4.25668e-06,3.88846e-06,3.46577e-06,3.02045e-06,2.60109e-06,2.16624e-06,1.76253e-06
5.30283e-06,5.07639e-06,4.79759e-06,4.56428e-06,4.17897e-06,3.80836e-06,3.40393e-06,2.96865e-06,2.54408e-06,2.11439e-06,1.71758e-06
5.2091e-06,4.98183e-06,4.70915e-06,4.48433e-06,4.09569e-06,3.73695e-06,3.33203e-06,2.90738e-06,2.49743e-06,2.06961e-06,1.68189e-06
5.12364e-06,4.90385e-06,4.63389e-06,4.40978e-06,4.02062e-06,3.66476e-06,3.27467e-06,2.85741e-06,2.44986e-06,2.02771e-06,1.64849e-06
5.03639e-06,4.81487e-06,4.54093e-06,4.31447e-06,3.95432e-06,3.59117e-06,3.22024e-06,2.79517e-06,2.40041e-06,1.97464e-06,1.61923e-06
4.94052e-06,4.72883e-06,4.45496e-06,4.23184e-06,3.88297e-06,3.5266e-06,3.15781e-06,2.74442e-06,2.35334e-06,1.9368e-06,1.58309e-06
4.84562e-06,4.64132e-06,4.37946e-06,4.14594e-06,3.80905e-06,3.46654e-06,3.1003e-06,2.69375e-06,2.30527e-06,1.89376e-06,1.54476e-06
4.77959e-06,4.56233e-06,4.29699e-06,4.07733e-06,3.74318e-06,3.39721e-06,3.04319e-06,2.64202e-06,2.26305e-06,1.85526e-06,1.51728e-06
4.67018e-06,4.47798e-06,4.2231e-06,4.00182e-06,3.6677e-06,3.33956e-06,2.97846e-06,2.58634e-06,2.2149e-06,1.82101e-06,1.47985e-06
4.58987e-06,4.3911e-06,4.14192e-06,3.92913e-06,3.60527e-06,3.27875e-06,2.92906e-06,2.54206e-06,2.17029e-06,1.78013e-06,1.44731e-06
4.51474e-06,4.32238e-06,4.07398e-06,3.86854e-06,3.53442e-06,3.21768e-06,2.87056e-06,2.49577e-06,2.12211e-06,1.74799e-06,1.41907e-06
4.43675e-06,4.25006e-06,3.99989e-06,3.78944e-06,3.48213e-06,3.16152e-06,2.81925e-06,2.45031e-06,2.08424e-06,1.70634e-06,1.38961e-06
4.35522e-06,4.16964e-06,3.93327e-06,3.72033e-06,3.41464e-06,3.10041e-06,2.7694e-06,2.40457e-06,2.04486e-06,1.67547e-06,1.35603e-06
4.28501e-06,4.10199e-06,3.86658e-06,3.65589e-06,3.35479e-06,3.0462e-06,2.71989e-06,2.35852e-06,2.00558e-06,1.64117e-06,1.32782e-06
4.20532e-06,4.03263e-06,3.79939e-06,3.59066e-06,3.29917e-06,2.99053e-06,2.67147e-06,2.31581e-06,1.96731e-06,1.61008e-06,1.29826e-06
4.1344e-06,3.95808e-06,3.73282e-06,3.52593e-06,3.24047e-06,2.93715e-06,2.62261e-06,2.2754e-06,1.92864e-06,1.57735e-06,1.2717e-06
4.06218e-06,3.89232e-06,3.66719e-06,3.46308e-06,3.18373e-06,2.88273e-06,2.57482e-06,2.2341e-06,1.89179e-06,1.54122e-06,1.24443e-06
3.99792e-06,3.81794e-06,3.60784e-06,3.40199e-06,3.12631e-06,2.83675e-06,2.53095e-06,2.19308e-06,1.85581e-06,1.5145e-06,1.2176e-06
3.92346e-06,3.75295e-06,3.54493e-06,3.34926e-06,3.06837e-06,2.78821e-06,2.48113e-06,2.14929e-06,1.82036e-06,1.48062e-06,1.19398e-06
3.85457e-06,3.69187e-06,3.48797e-06,3.28166e-06,3.01783e-06,2.73664e-06,2.43896e-06,2.11506e-06,1.78536e-06,1.45058e-06,1.16647e-06
3.79597e-06,3.63088e-06,3.42872e-06,3.2235e-06,2.96555e-06,2.68718e-06,2.39709e-06,2.0705e-06,1.75011e-06,1.42437e-06,1.14161e-06
3.7261e-06,3.57281e-06,3.36758e-06,3.17158e-06,2.91536e-06,2.64062e-06,2.35198e-06,2.03579e-06,1.71561e-06,1.39391e-06,1.11841e-06
3.66375e-06,3.513e-06,3.30869e-06,3.11201e-06,2.8675e-06,2.59228e-06,2.31008e-06,1.99732e-06,1.68523e-06,1.36652e-06,1.09427e-06
3.60775e-06,3.45448e-06,3.25391e-06,3.06647e-06,2.81459e-06,2.54995e-06,2.26801e-06,1.96521e-06,1.64872e-06,1.34444e-06,1.07237e-06
3.5405e-06,3.39767e-06,3.20184e-06,3.01189e-06,2.76527e-06,2.5027e-06,2.2286e-06,1.92633e-06,1.62103e-06,1.31371e-06,1.049e-06
3.48532e-06,3.34821e-06,3.14541e-06,2.96767e-06,2.71977e-06,2.45539e-06,2.19359e-06,1.89314e-06,1.59068e-06,1.29115e-06,1.02838e-06
3.42203e-06,3.28175e-06,3.09673e-06,2.91032e-06,2.66897e-06,2.4195e-06,2.14998e-06,1.85901e-06,1.55972e-06,1.26333e-06,1.00556e-06
3.37054e-06,3.22826e-06,3.04499e-06,2.86009e-06,2.62578e-06,2.37841e-06,2.11445e-06,1.82645e-06,1.52969e-06,1.2407e-06,9.85485e-07
3.31701e-06,3.18092e-06,2.99736e-06,2.81873e-06,2.58355e-06,2.33663e-06,2.0812e-06,1.7935e-06,1.50124e-06,1.21639e-06,9.66079e-07
3.26246e-06,3.12752e-06,2.94746e-06,2.76908e-06,2.54015e-06,2.29811e-06,2.04354e-06,1.76087e-06,1.47473e-06,1.19422e-06,9.4877e-07
3.20953e-06,3.07282e-06,2.90052e-06,2.7178e-06,2.49741e-06,2.26132e-06,2.00952e-06,1.72929e-06,1.4477e-06,1.17247e-06,9.26114e-07
3.15531e-06,3.02598e-06,2.85419e-06,2.6766e-06,2.45516e-06,2.21974e-06,1.97178e-06,1.69852e-06,1.4184e-06,1.14799e-06,9.05584e-07
3.10181e-06,2.97312e-06,2.80821e-06,2.63074e-06,2.41364e-06,2.18203e-06,1.93777e-06,1.6667e-06,1.39324e-06,1.12745e-06,8.86984e-07
3.05753e-06,2.92645e-06,2.76649e-06,2.58785e-06,2.37314e-06,2.14616e-06,1.90555e-06,1.63881e-06,1.36804e-06,1.10475e-06,8.685e-07
3.00701e-06,2.882e-06,2.71679e-06,2.55065e-06,2.33131e-06,2.11137e-06,1.87307e-06,1.61125e-06,1.34497e-06,1.08458e-06,8.53001e-07
2.96452e-06,2.83716e-06,2.6762e-06,2.50251e-06,2.29749e-06,2.07687e-06,1.84397e-06,1.5827e-06,1.32016e-06,1.06485e-06,8.37107e-07
2.90963e-06,2.79808e-06,2.6364e-06,2.46056e-06,2.26085e-06,2.0396e-06,1.80902e-06,1.55321e-06,1.29627e-06,1.04311e-06,8.17992e-07
2.86963e-06,2.74907e-06,2.59497e-06,2.42376e-06,2.22239e-06,2.00943e-06,1.78045e-06,1.53012e-06,1.2731e-06,1.02438e-06,8.0318e-07
2.8213e-06,2.70876e-06,2.54894e-06,2.38448e-06,2.18687e-06,1.97311e-06,1.75124e-06,1.50262e-06,1.24869e-06,1.00723e-06,7.86214e-07
2.77931e-06,2.66522e-06,2.51747e-06,2.35038e-06,2.15282e-06,1.94322e-06,1.72322e-06,1.47693e-06,1.22834e-06,9.86223e-07,7.70882e-07
2.73714e-06,2.62685e-06,2.47607e-06,2.3061e-06,2.11537e-06,1.91029e-06,1.69309e-06,1.45123e-06,1.20579e-06,9.6875e-07,7.56594e-07
2.70217e-06,2.58794e-06,2.4437e-06,2.27335e-06,2.0837e-06,1.88038e-06,1.66749e-06,1.42807e-06,1.18593e-06,9.51953e-07,7.43174e-07
2.65011e-06,2.54683e-06,2.40236e-06,2.24029e-06,2.04844e-06,1.85122e-06,1.63836e-06,1.40268e-06,1.16625e-06,9.36088e-07,7.26152e-07
2.61672e-06,2.5138e-06,2.36815e-06,2.20752e-06,2.01476e-06,1.82203e-06,1.61437e-06,1.3833e-06,1.14563e-06,9.17939e-07,7.13522e-07
2.57633e-06,2.47142e-06,2.33291e-06,2.17016e-06,1.98524e-06,1.79268e-06,1.58802e-06,1.3569e-06,1.12642e-06,9.0204e-07,7.00392e-07
2.53896e-06,2.44076e-06,2.29507e-06,2.13989e-06,1.95479e-06,1.7672e-06,1.56533e-06,1.33509e-06,1.10854e-06,8.87734e-07,6.88016e-07
2.50218e-06,2.40547e-06,2.26169e-06,2.10742e-06,1.92814e-06,1.7386e-06,1.53676e-06,1.31179e-06,1.09088e-06,8.71471e-07,6.71888e-07
2.46748e-06,2.37103e-06,2.22733e-06,2.07488e-06,1.89544e-06,1.7115e-06,1.51533e-06,1.29363e-06,1.07197e-06,8.5495e-07,6.61079e-07
2.42918e-06,2.33513e-06,2.19611e-06,2.04939e-06,1.87037e-06,1.68467e-06,1.4902e-06,1.26995e-06,1.05183e-06,8.40765e-07,6.48508e-07
2.39596e-06,2.30132e-06,2.16818e-06,2.01627e-06,1.83878e-06,1.66114e-06,1.46531e-06,1.25151e-06,1.03137e-06,8.27442e-07,6.3733e-07
2.36367e-06,2.2734e-06,2.13718e-06,1.98841e-06,1.81568e-06,1.63588e-06,1.44352e-06,1.23112e-06,1.01884e-06,8.11266e-07,6.23973e-07
2.32859e-06,2.23705e-06,2.11179e-06,1.95622e-06,1.78321e-06,1.61097e-06,1.41938e-06,1.21127e-06,1.00206e-06,7.98506e-07,6.14522e-07
2.29947e-06,2.20931e-06,2.07938e-06,1.93154e-06,1.76143e-06,1.58755e-06,1.40054e-06,1.19248e-06,9.82733e-07,7.84503e-07,6.02656e-07
2.27063e-06,2.17407e-06,2.05503e-06,1.90582e-06,1.7382e-06,1.56515e-06,1.37594e-06,1.17636e-06,9.69184e-07,7.71315e-07,5.91272e-07
2.23584e-06,2.15062e-06,2.02996e-06,1.87531e-06,1.71383e-06,1.5398e-06,1.35375e-06,1.1542e-06,9.53289e-07,7.59348e-07,5.81423e-07
2.20159e-06,2.11839e-06,2.00051e-06,1.85085e-06,1.6891e-06,1.51984e-06,1.33579e-06,1.13478e-06,9.37536e-07,7.48802e-07,5.72425e-07
2.17187e-06,2.0887e-06,1.97534e-06,1.82544e-06,1.66169e-06,1.49584e-06,1.31777e-06,1.12256e-06,9.22154e-07,7.35763e-07,5.64711e-07
2.14609e-06,2.0638e-06,1.9513e-06,1.79813e-06,1.64211e-06,1.47566e-06,1.2933e-06,1.10592e-06,9.09483e-07,7.22527e-07,5.5229e-07
2.11175e-06,2.03117e-06,1.91926e-06,1.77872e-06,1.62133e-06,1.45677e-06,1.2767e-06,1.08535e-06,8.97171e-07,7.1607e-07,5.40618e-07
2.0868e-06,2.00651e-06,1.89668e-06,1.75209e-06,1.59451e-06,1.43522e-06,1.26018e-06,1.07483e-06,8.80714e-07,6.98832e-07,5.35682e-07
2.0583e-06,1.97994e-06,1.8652e-06,1.72742e-06,1.5726e-06,1.41873e-06,1.23856e-06,1.05823e-06,8.67499e-07,6.92341e-07,5.23298e-07
2.03389e-06,1.96e-06,1.84401e-06,1.70501e-06,1.55399e-06,1.39747e-06,1.22594e-06,1.03742e-06,8.54831e-07,6.79186e-07,5.1552e-07
2.00904e-06,1.93528e-06,1.81949e-06,1.6829e-06,1.53246e-06,1.37823e-06,1.2102e-06,1.02844e-06,8.4083e-07,6.70153e-07,5.05629e-07
1.97877e-06,1.91313e-06,1.80275e-06,1.66231e-06,1.51042e-06,1.35708e-06,1.19272e-06,1.01028e-06,8.29546e-07,6.59368e-07,4.99274e-07
1.95572e-06,1.88507e-06,1.7794e-06,1.64103e-06,1.48934e-06,1.34168e-06,1.17669e-06,9.94914e-07,8.15045e-07,6.47954e-07,4.9315e-07
1.92854e-06,1.86296e-06,1.76112e-06,1.61937e-06,1.47318e-06,1.3201e-06,1.1598e-06,9.81259e-07,8.01532e-07,6.36426e-07,4.81246e-07
1.90863e-06,1.84067e-06,1.73698e-06,1.60678e-06,1.45123e-06,1.30523e-06,1.14953e-06,9.74072e-07,7.95225e-07,6.28244e-07,4.7461e-07
1.88533e-06,1.82414e-06,1.72379e-06,1.58062e-06,1.42794e-06,1.28679e-06,1.12608e-06,9.53536e-07,7.84278e-07,6.23511e-07,4.6787e-07
1.86385e-06,1.80569e-06,1.69371e-06,1.5632e-06,1.4209e-06,1.2727e-06,1.11343e-06,9.3893e-07,7.70449e-07,6.13744e-07,4.60227e-07
1.84142e-06,1.77844e-06,1.67462e-06,1.54389e-06,1.40366e-06,1.25551e-06,1.10071e-06,9.28289e-07,7.60181e-07,6.00916e-07,4.53346e-07
1.8194e-06,1.75814e-06,1.65778e-06,1.52285e-06,1.38672e-06,1.24134e-06,1.08632e-06,9.1397e-07,7.50651e-07,5.9413e-07,4.46315e-07
1.80232e-06,1.73943e-06,1.63875e-06,1.50745e-06,1.36725e-06,1.22575e-06,1.06945e-06,9.05449e-07,7.41515e-07,5.85233e-07,4.40164e-07
1.77793e-06,1.7165e-06,1.61967e-06,1.49072e-06,1.34937e-06,1.20898e-06,1.05604e-06,8.94119e-07,7.28085e-07,5.77932e-07,4.33001e-07
1.7591e-06,1.70057e-06,1.60202e-06,1.47072e-06,1.3334e-06,1.19601e-06,1.04555e-06,8.83967e-07,7.20384e-07,5.72227e-07,4.27075e-07
1.73954e-06,1.68363e-06,1.59057e-06,1.45456e-06,1.31681e-06,1.17896e-06,1.03343e-06,8.6758e-07,7.07655e-07,5.62654e-07,4.20545e-07
1.72003e-06,1.6581e-06,1.56437e-06,1.43681e-06,1.29963e-06,1.16809e-06,1.01602e-06,8.59992e-07,6.98846e-07,5.54325e-07,4.14529e-07
1.69956e-06,1.64525e-06,1.55018e-06,1.41979e-06,1.28887e-06,1.15241e-06,1.00569e-06,8.50817e-07,6.92775e-07,5.49399e-07,4.09533e-07
1.68337e-06,1.62576e-06,1.53165e-06,1.40862e-06,1.2739e-06,1.14018e-06,9.916e-07,8.39011e-07,6.82313e-07,5.38537e-07,4.0262e-07
1.66179e-06,1.61247e-06,1.51114e-06,1.38763e-06,1.25256e-06,1.12831e-06,9.82462e-07,8.27015e-07,6.72646e-07,5.34227e-07,3.95965e-07
1.65026e-06,1.59288e-06,1.50243e-06,1.37477e-06,1.24463e-06,1.11073e-06,9.67505e-07,8.16117e-07,6.62118e-07,5.23539e-07,3.92094e-07
1.62377e-06,1.57477e-06,1.48122e-06,1.36126e-06,1.22397e-06,1.10226e-06,9.59303e-07,8.06931e-07,6.54188e-07,5.22232e-07,3.86666e-07
1.61706e-06,1.56403e-06,1.47127e-06,1.34795e-06,1.21603e-06,1.09201e-06,9.45149e-07,7.97713e-07,6.46796e-07,5.11928e-07,3.85233e-07
1.59258e-06,1.54877e-06,1.45442e-06,1.33256e-06,1.20302e-06,1.0747e-06,9.36346e-07,7.86175e-07,6.37592e-07,5.0671e-07,3.74722e-07
1.58347e-06,1.5315e-06,1.43174e-06,1.3169e-06,1.18466e-06,1.06492e-06,9.25891e-07,7.82085e-07,6.33419e-07,5.02034e-07,3.73885e-07
1.55716e-06,1.5109e-06,1.42521e-06,1.30367e-06,1.17818e-06,1.05288e-06,9.13623e-07,7.70806e-07,6.21944e-07,4.95181e-07,3.63972e-07
1.54227e-06,1.49184e-06,1.40662e-06,1.29024e-06,1.16247e-06,1.04153e-06,9.05484e-07,7.57453e-07,6.13572e-07,4.8846e-07,3.62849e-07
1.52865e-06,1.48264e-06,1.39111e-06,1.2802e-06,1.15207e-06,1.03154e-06,8.92551e-07,7.50907e-07,6.09909e-07,4.79892e-07,3.57808e-07
1.51595e-06,1.4705e-06,1.38063e-06,1.26198e-06,1.14243e-06,1.01772e-06,8.79895e-07,7.42502e-07,6.0137e-07,4.7375e-07,3.52407e-07
1.49879e-06,1.45087e-06,1.36825e-06,1.24493e-06,1.127e-06,1.00701e-06,8.73481e-07,7.34665e-07,5.97186e-07,4.73764e-07,3.49508e-07
1.48516e-06,1.43623e-06,1.36061e-06,1.23675e-06,1.11622e-06,9.93227e-07,8.62175e-07,7.26216e-07,5.87514e-07,4.64172e-07,3.41022e-07
1.46083e-06,1.42012e-06,1.33415e-06,1.22371e-06,1.10171e-06,9.83413e-07,8.54344e-07,7.1715e-07,5.79072e-07,4.57448e-07,3.37862e-07
1.45333e-06,1.40646e-06,1.32827e-06,1.21604e-06,1.09049e-06,9.74456e-07,8.42906e-07,7.11599e-07,5.72463e-07,4.52172e-07,3.35041e-07
1.43316e-06,1.39798e-06,1.31733e-06,1.20157e-06,1.08131e-06,9.61259e-07,8.35501e-07,7.03514e-07,5.63359e-07,4.49513e-07,3.28993e-07
1.43024e-06,1.37993e-06,1.2958e-06,1.19147e-06,1.07132e-06,9.52636e-07,8.28785e-07,6.98878e-07,5.60607e-07,4.43589e-07,3.2672e-07
1.41171e-06,1.3675e-06,1.29186e-06,1.17956e-06,1.05955e-06,9.45301e-07,8.19211e-07,6.90458e-07,5.53403e-07,4.3803e-07,3.23149e-07
1.39407e-06,1.34605e-06,1.27252e-06,1.16622e-06,1.0483e-06,9.35868e-07,8.06482e-07,6.80841e-07,5.48798e-07,4.32181e-07,3.17545e-07
1.38316e-06,1.34317e-06,1.26939e-06,1.16395e-06,1.03825e-06,9.231e-07,8.05623e-07,6.73798e-07,5.38523e-07,4.25901e-07,3.15891e-07
1.37353e-06,1.3317e-06,1.25285e-06,1.14773e-06,1.03028e-06,9.16273e-07,7.9315e-07,6.65567e-07,5.35095e-07,4.21973e-07,3.10255e-07
1.36058e-06,1.31757e-06,1.23968e-06,1.13442e-06,1.02115e-06,9.0371e-07,7.85843e-07,6.57044e-07,5.29675e-07,4.2092e-07,3.06898e-07
1.34716e-06,1.30819e-06,1.23907e-06,1.12499e-06,1.00582e-06,8.97973e-07,7.77072e-07,6.49577e-07,5.24604e-07,4.13162e-07,3.06734e-07
1.32984e-06,1.29018e-06,1.21512e-06,1.1158e-06,9.98135e-07,8.90162e-07,7.68414e-07,6.47465e-07,5.15869e-07,4.07123e-07,3.01982e-07
1.31963e-06,1.28409e-06,1.20815e-06,1.10319e-06,9.87726e-07,8.77641e-07,7.61792e-07,6.40458e-07,5.12121e-07,4.04288e-07,2.97542e-07
1.3105e-06,1.26762e-06,1.19273e-06,1.09111e-06,9.79303e-07,8.75232e-07,7.48059e-07,6.30745e-07,5.06446e-07,3.99763e-07,2.94847e-07
1.29305e-06,1.24882e-06,1.17686e-06,1.07992e-06,9.73648e-07,8.59904e-07,7.45608e-07,6.23546e-07,5.01774e-07,3.98564e-07,2.90514e-07
1.2814e-06,1.24323e-06,1.1702e-06,1.07174e-06,9.58604e-07,8.5371e-07,7.39862e-07,6.19879e-07,4.95307e-07,3.939e-07,2.87201e-07
1.26798e-06,1.23362e-06,1.16584e-06,1.06188e-06,9.50424e-07,8.44409e-07,7.33183e-07,6.11612e-07,4.87376e-07,3.85931e-07,2.84639e-07
1.25827e-06,1.22754e-06,1.15838e-06,1.05638e-06,9.46345e-07,8.35523e-07,7.25967e-07,6.07014e-07,4.82643e-07,3.83019e-07,2.82176e-07
1.24843e-06,1.21474e-06,1.14269e-06,1.04465e-06,9.34605e-07,8.29173e-07,7.15172e-07,6.00714e-07,4.78378e-07,3.79552e-07,2.78319e-07
1.22958e-06,1.20033e-06,1.13216e-06,1.0342e-06,9.26661e-07,8.22675e-07,7.08297e-07,5.93054e-07,4.72993e-07,3.75745e-07,2.74555e-07
1.22713e-06,1.19046e-06,1.12166e-06,1.02027e-06,9.17866e-07,8.13638e-07,6.96088e-07,5.88269e-07,4.724e-07,3.70124e-07,2.70683e-07
1.20968e-06,1.17338e-06,1.11322e-06,1.0164e-06,9.06814e-07,8.0245e-07,6.93271e-07,5.80544e-07,4.64074e-07,3.66661e-07,2.67058e-07
1.20532e-06,1.16638e-06,1.09959e-06,1.00162e-06,9.01074e-07,7.97218e-07,6.83071e-07,5.76334e-07,4.59938e-07,3.61323e-07,2.66002e-07
1.18999e-06,1.15692e-06,1.09543e-06,9.94366e-07,8.84005e-07,7.89874e-07,6.79861e-07,5.68208e-07,4.56894e-07,3.57545e-07,2.62602e-07
1.17745e-06,1.14262e-06,1.08145e-06,9.85831e-07,8.78643e-07,7.79033e-07,6.73048e-07,5.63941e-07,4.48909e-07,3.53997e-07,2.60073e-07
1.16547e-06,1.13006e-06,1.07038e-06,9.74213e-07,8.73704e-07,7.7375e-07,6.67031e-07,5.57814e-07,4.43699e-07,3.49663e-07,2.56553e-07
1.15634e-06,1.1263e-06,1.06189e-06,9.63458e-07,8.64742e-07,7.68544e-07,6.59795e-07,5.54456e-07,4.39933e-07,3.45882e-07,2.55027e-07
1.14551e-06,1.11388e-06,1.05281e-06,9.56283e-07,8.5689e-07,7.58605e-07,6.51123e-07,5.44959e-07,4.35561e-07,3.42753e-07,2.50678e-07
1.1382e-06,1.1047e-06,1.03728e-06,9.47144e-07,8.47023e-07,7.50442e-07,6.46008e-07,5.4378e-07,4.30806e-07,3.36506e-07,2.49267e-07
1.13029e-06,1.09276e-06,1.03229e-06,9.37265e-07,8.39602e-07,7.40898e-07,6.40823e-07,5.36377e-07,4.24155e-07,3.35648e-07,2.43923e-07
1.11313e-06,1.08267e-06,1.02085e-06,9.30767e-07,8.32229e-07,7.32814e-07,6.35012e-07,5.30973e-07,4.21847e-07,3.31824e-07,2.43104e-07
1.10285e-06,1.07193e-06,1.01264e-06,9.2246e-07,8.20491e-07,7.30237e-07,6.26739e-07,5.23129e-07,4.15998e-07,3.26558e-07,2.40987e-07
1.09306e-06,1.05825e-06,1.0024e-06,9.15765e-07,8.16173e-07,7.20352e-07,6.18239e-07,5.18779e-07,4.12805e-07,3.26115e-07,2.36387e-07
1.0846e-06,1.0585e-06,1.0029e-06,9.02214e-07,8.06712e-07,7.15342e-07,6.1736e-07,5.15209e-07,4.11509e-07,3.21326e-07,2.34459e-07
1.0723e-06,1.04303e-06,9.85799e-07,8.99438e-07,8.00216e-07,7.06902e-07,6.07809e-07,5.11387e-07,4.04614e-07,3.1805e-07,2.31023e-07
1.06638e-06,1.03717e-06,9.70643e-07,8.88561e-07,7.98091e-07,7.04763e-07,5.98032e-07,5.03942e-07,3.98712e-07,3.14286e-07,2.31374e-07
1.05365e-06,1.02093e-06,9.64393e-07,8.79048e-07,7.84049e-07,6.98094e-07,5.98533e-07,4.98228e-07,3.98033e-07,3.11777e-07,2.26519e-07
1.04269e-06,1.01314e-06,9.53759e-07,8.65992e-07,7.78195e-07,6.91866e-07,5.88614e-07,4.93305e-07,3.91454e-07,3.05984e-07,2.24767e-07
1.03854e-06,1.00676e-06,9.49141e-07,8.59757e-07,7.72035e-07,6.81229e-07,5.85588e-07,4.90669e-07,3.86526e-07,3.02537e-07,2.21688e-07
1.02832e-06,9.97882e-07,9.38746e-07,8.515e-07,7.6352e-07,6.75722e-07,5.76947e-07,4.83317e-07,3.85102e-07,2.9927e-07,2.20879e-07
1.01294e-06,9.88768e-07,9.31367e-07,8.49052e-07,7.54889e-07,6.64408e-07,5.74269e-07,4.77859e-07,3.81032e-07,2.97794e-07,2.16835e-07
1.00357e-06,9.71348e-07,9.22397e-07,8.36024e-07,7.51184e-07,6.6193e-07,5.67787e-07,4.73893e-07,3.73191e-07,2.92221e-07,2.13963e-07
