0.0380546,0.0378948,0.0373558,0.0371917,0.0360451,0.0352914,0.033984,0.0315388,0.0301783,0.0282565,0.0259549
0.0352886,0.0353786,0.0351644,0.0349075,0.0335789,0.0329136,0.031389,0.0294181,0.0281873,0.0264011,0.0240529
0.0329564,0.0330416,0.0324916,0.0325015,0.0310887,0.0307041,0.0291615,0.0277165,0.0260302,0.0244638,0.0225194
0.0305872,0.0306339,0.0303772,0.0303546,0.0291467,0.0284643,0.0272285,0.0256073,0.0241748,0.0227201,0.0206509
0.0286538,0.0286903,0.0284616,0.0284762,0.0273073,0.0266697,0.0255029,0.0239888,0.0226057,0.0212052,0.0192612
0.0268338,0.0270511,0.0269868,0.0268888,0.0256473,0.0250742,0.0239791,0.0225906,0.0212889,0.0198847,0.0181515
0.0252236,0.0252534,0.0251081,0.0251045,0.0240751,0.0235252,0.0224998,0.0211608,0.019875,0.0185601,0.0168442
0.0237013,0.0237852,0.0235814,0.0235916,0.0226591,0.022181,0.0211573,0.0199644,0.018683,0.0173666,0.0157365
0.0223368,0.022386,0.0222978,0.0222949,0.0213437,0.0209119,0.0200095,0.0187766,0.017608,0.0163355,0.0148597
0.0211188,0.0213238,0.0211236,0.0209498,0.0202106,0.0197168,0.0189407,0.0176422,0.0165709,0.0153984,0.0140432
0.0200838,0.0199559,0.0199585,0.0200454,0.0190801,0.0187017,0.0178774,0.0168419,0.0157171,0.0145072,0.0130952
0.0187331,0.0190436,0.0189731,0.0186666,0.0181099,0.0177342,0.0170776,0.0158157,0.0147976,0.0136402,0.0125789
0.0177199,0.0179212,0.0179238,0.0178738,0.0170716,0.0168187,0.0159942,0.0150327,0.0140802,0.0128504,0.0116752
0.0169272,0.0169918,0.0170181,0.016966,0.0162841,0.0158688,0.0152659,0.0143707,0.0133895,0.0121703,0.0110919
0.0160529,0.0161984,0.0161313,0.0160726,0.015375,0.0150603,0.0143819,0.0135424,0.0126198,0.0114737,0.0104346
0.0153311,0.015333,0.0153159,0.0153724,0.0146631,0.0143845,0.01371,0.0128875,0.0119995,0.0109091,0.00981324
0.0145491,0.0144945,0.0147627,0.0145415,0.013857,0.0135544,0.0130395,0.0122177,0.011332,0.0103816,0.00941065
0.0137138,0.0137772,0.0138982,0.0137983,0.013237,0.0128961,0.0124213,0.0116937,0.0108544,0.00979141,0.00884111
0.0130366,0.0131871,0.0132495,0.0132071,0.0125144,0.0124261,0.0118244,0.0111458,0.0102422,0.00933963,0.00847982
0.012401,0.0126954,0.0126684,0.0126473,0.0120636,0.0118256,0.0113876,0.0107027,0.00987544,0.00886694,0.00804409
0.011832,0.011987,0.0120818,0.0120172,0.0113759,0.0112826,0.0107225,0.0101509,0.00932717,0.0084532,0.00763897
0.0113281,0.0114978,0.0115166,0.0114761,0.0109824,0.0107147,0.0103357,0.00971431,0.00900027,0.00801067,0.00726861
0.0108306,0.0111198,0.0109874,0.010918,0.0104156,0.0103935,0.00976809,0.00918329,0.0084212,0.00761131,0.00697813
0.0103161,0.0104857,0.010543,0.0104111,0.00996597,0.00976659,0.00941854,0.00879558,0.00810803,0.00726712,0.00655897
0.00988383,0.0100516,0.010091,0.0100429,0.00946745,0.00942589,0.00894418,0.0084322,0.00772702,0.00694338,0.0063118
0.00944448,0.0096253,0.00964939,0.00960884,0.00913676,0.00896701,0.00861691,0.00807041,0.00740846,0.00659999,0.00595698
0.0089977,0.00919284,0.00928264,0.00914381,0.00870311,0.00862903,0.00823765,0.00775016,0.00705925,0.00634547,0.00573146
0.00866854,0.00888394,0.00884025,0.00885219,0.00840072,0.00822654,0.00795525,0.00744225,0.00682124,0.0060558,0.00542291
0.00827417,0.00840267,0.00852921,0.00841704,0.00796567,0.00793931,0.00752019,0.0071166,0.00647456,0.00577975,0.00518821
0.00782968,0.00803597,0.00808867,0.00807913,0.00767241,0.0075503,0.00728328,0.00679273,0.00623399,0.00555635,0.00494614
0.00749483,0.00775606,0.0078321,0.00774772,0.00734832,0.00729486,0.00690425,0.00655226,0.00594715,0.00531658,0.00478582
0.00718526,0.00747838,0.00753765,0.00744583,0.00703386,0.00700146,0.00669084,0.00629646,0.00569045,0.00506101,0.00456998
0.00689439,0.00720283,0.00719431,0.00716264,0.00677761,0.00672036,0.00640772,0.00603957,0.00546114,0.00485039,0.00435726
0.00663623,0.00686488,0.00692727,0.00685767,0.00650266,0.00646824,0.0061422,0.0058117,0.00522701,0.00464431,0.00418101
0.00629533,0.00669055,0.00663171,0.00665007,0.00625548,0.0062157,0.00593889,0.00557614,0.00506959,0.00449983,0.00401553
0.00606601,0.00639575,0.00643683,0.00635586,0.00598691,0.00599145,0.00573245,0.00534762,0.00481234,0.00431888,0.00381886
0.0058847,0.00611362,0.00616038,0.00616339,0.00573842,0.00580017,0.00552968,0.00517261,0.0046379,0.0041132,0.00372211
0.005638,0.005842,0.00594278,0.00590799,0.0055335,0.00556892,0.00527349,0.00499285,0.00445343,0.00391731,0.0035471
0.00536447,0.00570522,0.00566421,0.00569756,0.00533676,0.00531076,0.00504137,0.00477984,0.00429971,0.00382783,0.00337606
0.00510376,0.00544372,0.00549239,0.00545767,0.00513873,0.00511302,0.00485483,0.00460479,0.00412489,0.00364497,0.00329304
0.00493504,0.0052205,0.00525543,0.0052461,0.00491531,0.0049819,0.00471078,0.00441421,0.00396129,0.00350635,0.00314697
0.00477979,0.00505153,0.00508424,0.00506738,0.00474525,0.00477284,0.00447462,0.00425483,0.00384599,0.00336948,0.00298871
0.00453227,0.00487688,0.00489966,0.00488089,0.00454374,0.00459913,0.0044517,0.00410181,0.00366678,0.00323661,0.00292562
0.00439479,0.0046537,0.00472717,0.00470842,0.00442334,0.00445568,0.00421926,0.00396122,0.00354466,0.00315523,0.00279722
0.00408479,0.00442697,0.00456289,0.00455697,0.00420317,0.00431697,0.00412179,0.00386948,0.00336664,0.0030356,0.00270666
0.00409799,0.00433085,0.0043956,0.00437309,0.00407381,0.00414659,0.0039356,0.00368462,0.00326853,0.00293897,0.00258451
0.00388115,0.00419471,0.00423316,0.0042184,0.00391459,0.00398153,0.00387012,0.00358571,0.00316468,0.00281772,0.00248632
0.0037842,0.00402127,0.00408355,0.00410462,0.00375912,0.00386474,0.00362949,0.00344446,0.00307806,0.002746,0.00238244
0.00368813,0.00394724,0.00394676,0.0039386,0.00371975,0.00372531,0.00353115,0.00330632,0.00296347,0.00264807,0.00228541
0.00354075,0.00378069,0.00385539,0.00381721,0.00359319,0.0036071,0.0034257,0.0032318,0.0028872,0.00255695,0.00222224
0.00343446,0.00364612,0.00366918,0.00366688,0.00345128,0.00346651,0.0033263,0.00307409,0.00277367,0.00247278,0.00212453
0.00333695,0.00355372,0.00356031,0.0035865,0.00333277,0.00336517,0.00316536,0.0029831,0.0026713,0.00237216,0.00204889
0.00322424,0.00341806,0.00346322,0.00344421,0.00323198,0.00325688,0.00309935,0.00287562,0.00254631,0.00233579,0.0020021
0.00309625,0.00329654,0.00332615,0.00331449,0.00310716,0.00315171,0.00295366,0.00279694,0.00251507,0.00223379,0.0018964
0.00298577,0.00317108,0.00321365,0.00321063,0.00299596,0.00304186,0.00288997,0.00270919,0.00243067,0.00216812,0.00185389
0.0028734,0.00307442,0.00311624,0.00311735,0.00290582,0.00296434,0.00282424,0.0026264,0.00233364,0.00211927,0.00179888
0.00274137,0.00295255,0.00301025,0.00300923,0.00282429,0.00286349,0.00272135,0.00254091,0.00227204,0.00203328,0.00172523
0.00271385,0.00288929,0.00291666,0.00289658,0.00272859,0.00276695,0.00262812,0.00246385,0.00219383,0.00196544,0.001658
0.00262552,0.00278225,0.00282263,0.00281549,0.00264608,0.00268511,0.00254189,0.0023841,0.00212401,0.00190502,0.00161688
0.00253795,0.00268639,0.00273627,0.00273332,0.00256269,0.00260191,0.00243054,0.00228796,0.00205095,0.00184785,0.00155252
0.0024572,0.00258368,0.00266377,0.00267885,0.00245562,0.00252464,0.00240147,0.00224418,0.00200187,0.00179546,0.0015257
0.00239306,0.00253684,0.00258143,0.00256096,0.00242004,0.00244655,0.00231657,0.00218133,0.00193963,0.0017272,0.00145325
0.00232054,0.00244893,0.00248681,0.00247647,0.00234542,0.00236762,0.00224462,0.00210012,0.00187597,0.00168289,0.00141819
0.00223805,0.00237004,0.00241578,0.0024123,0.00227678,0.0023087,0.00218409,0.00204019,0.00181186,0.00163332,0.00137525
0.002189,0.00228452,0.00233026,0.00231006,0.00221451,0.00223223,0.00210471,0.00196918,0.00176422,0.00158884,0.00133645
0.00209851,0.00221543,0.00226052,0.0022519,0.00212221,0.00215857,0.0020522,0.00190868,0.00173092,0.00153578,0.00128187
0.00206765,0.00217585,0.00219709,0.00218012,0.00209727,0.00210257,0.001978,0.00186231,0.00163569,0.00148197,0.00124326
0.00199553,0.00208884,0.00212694,0.00213091,0.00203255,0.00203959,0.00193409,0.00179256,0.00160188,0.00143942,0.00121321
0.0019376,0.0020409,0.0020556,0.00205953,0.00200432,0.00197227,0.0018851,0.00172951,0.00156146,0.00140671,0.00118027
0.00188203,0.00196579,0.00199784,0.00198551,0.00193121,0.00191877,0.00181784,0.00169317,0.00152311,0.00135938,0.00114187
0.00184188,0.00189455,0.00194208,0.00192379,0.0018535,0.00184785,0.00176534,0.00164336,0.00149216,0.00131847,0.0010968
0.0017778,0.00184431,0.00189208,0.00189103,0.00181264,0.00180753,0.00169715,0.00159987,0.00145596,0.00127666,0.00106746
0.00173353,0.00180294,0.00183149,0.00180226,0.00176277,0.00175701,0.00167338,0.00154774,0.00139169,0.00124171,0.00103515
0.0016804,0.00174555,0.00177127,0.00176699,0.00173321,0.00171076,0.00162055,0.00150629,0.00135172,0.00120184,0.000998368
0.00162873,0.00169092,0.00172475,0.00170791,0.00167979,0.00165377,0.00157752,0.00146412,0.00131586,0.00116943,0.000978128
0.001574,0.00164047,0.00167514,0.00166707,0.00163509,0.00160856,0.00153773,0.00141273,0.00127272,0.00113196,0.000945443
0.00155163,0.00159406,0.00161609,0.00161539,0.00158682,0.00155934,0.00148328,0.00137591,0.00124425,0.00109576,0.000911215
0.00149453,0.0015522,0.00157188,0.00155535,0.00154848,0.00151489,0.00144,0.00134126,0.00120969,0.00106799,0.000889783
0.00145744,0.00149746,0.00153328,0.00152838,0.00151512,0.00146923,0.00140612,0.00130076,0.00117841,0.00103719,0.000860573
0.00141262,0.00145608,0.00148788,0.00147933,0.00146759,0.00142721,0.00136684,0.00126582,0.00114375,0.000999524,0.000831252
0.00137793,0.00141996,0.00144733,0.00143077,0.0014295,0.0013864,0.00132423,0.00123993,0.00111535,0.000970367,0.000802682
0.00133005,0.00136819,0.0014042,0.0013923,0.00139482,0.00135254,0.00129775,0.00119289,0.00107686,0.000943632,0.000784833
0.00129443,0.00133588,0.00136182,0.00135041,0.00135999,0.00132002,0.00125275,0.00116282,0.00104595,0.000912944,0.000756874
0.00126158,0.0012957,0.00132252,0.00132215,0.00131123,0.00127562,0.00122138,0.0011253,0.00101773,0.000889213,0.000735724
0.00121976,0.00125689,0.00129136,0.0012731,0.00128206,0.00124754,0.00118427,0.00110094,0.000991989,0.000864912,0.000714017
0.00118525,0.00121878,0.00125556,0.00124872,0.00125001,0.00120433,0.00115913,0.00106915,0.000964331,0.000839352,0.000701858
0.00115848,0.00117817,0.00122034,0.00121031,0.00120102,0.00117985,0.00112311,0.00103377,0.000931295,0.000815736,0.000670013
0.00112182,0.00115947,0.00117918,0.00117332,0.0011822,0.00113553,0.00109227,0.0010057,0.000913415,0.000791724,0.000654809
0.00108004,0.00111458,0.00113974,0.00112754,0.00115024,0.00111646,0.00105905,0.000976216,0.000885511,0.000763858,0.000633106
0.00106006,0.00110186,0.00111299,0.00111489,0.00113314,0.0010722,0.00103478,0.00095507,0.000869065,0.000751434,0.000620113
0.00101308,0.00105402,0.00108262,0.00108121,0.00109135,0.00105514,0.000999043,0.00093396,0.00083149,0.000733574,0.000602769
0.000991726,0.00102495,0.00105568,0.00105414,0.00106085,0.00101769,0.0009803,0.000900071,0.000814997,0.000699056,0.000578944
0.000960844,0.000996678,0.00102562,0.00102049,0.00103147,0.000996873,0.000947863,0.000880927,0.000792395,0.000683878,0.000565036
0.000943278,0.000969298,0.000998568,0.000996471,0.00100637,0.000965291,0.000926494,0.000856307,0.000769604,0.000660955,0.000548404
0.000917235,0.000932569,0.000968593,0.000964543,0.000980599,0.000947472,0.000900639,0.000826811,0.000744914,0.000646665,0.000531592
0.000894294,0.000903923,0.000944593,0.000935062,0.000955042,0.000916151,0.000877167,0.000807608,0.000731192,0.000622977,0.000513368
0.000859854,0.000882914,0.000917258,0.000909421,0.000934984,0.000894016,0.000852784,0.000781397,0.000710583,0.000612312,0.000499765
0.000840133,0.000860233,0.000892598,0.00089509,0.000902021,0.000866787,0.000831213,0.000764408,0.000691635,0.000587981,0.000483059
0.000815606,0.000845903,0.000866725,0.000865143,0.0008772,0.000850676,0.000807745,0.000739863,0.000669558,0.000571934,0.000474613
0.000793316,0.00082751,0.000842523,0.000843046,0.000857764,0.000819102,0.000785798,0.000724534,0.000656177,0.000555545,0.000459444
0.000771454,0.000794296,0.000821856,0.000820136,0.000834371,0.000805584,0.000763148,0.00070429,0.000635471,0.000541514,0.000445537
0.000756926,0.000770235,0.000802038,0.000802528,0.000812803,0.000775528,0.000745711,0.000687735,0.000624392,0.000529114,0.00043362
0.000719951,0.000747718,0.000780627,0.000772732,0.000789731,0.000772057,0.00072108,0.000667418,0.000600482,0.0005145,0.000423619
0.000709817,0.000733809,0.00075947,0.000755311,0.000770785,0.000732569,0.000704656,0.000654332,0.000590895,0.000499611,0.000410605
0.000690048,0.000712684,0.000738785,0.000735027,0.000754171,0.000725232,0.000687744,0.000634808,0.000568861,0.000485636,0.000401233
0.000678682,0.000686669,0.000720732,0.000718687,0.000736237,0.000704688,0.000670516,0.000617421,0.000557629,0.000471975,0.000387106
0.00065505,0.000668765,0.000706167,0.000697288,0.000713726,0.000688677,0.000654225,0.000601616,0.000542187,0.000460034,0.000378896
0.000643307,0.000660292,0.000682007,0.000688708,0.000693659,0.000676746,0.00063157,0.000590332,0.000529292,0.000444613,0.000368593
0.000611381,0.00064509,0.000666152,0.000664173,0.000674102,0.000656833,0.000615943,0.00057438,0.000518471,0.000435598,0.000361565
0.000601315,0.000626322,0.000644439,0.000647669,0.000661356,0.00063822,0.000604077,0.00055561,0.000500767,0.00042493,0.000347809
0.000588519,0.000606122,0.000628787,0.000632888,0.000646435,0.000619371,0.000590448,0.000540297,0.000488145,0.000410918,0.000340478
0.000564199,0.000587708,0.000618619,0.0006161,0.00062748,0.000603385,0.000574174,0.000529209,0.00047269,0.000399712,0.000331936
0.000561815,0.000576555,0.000605395,0.000598836,0.000617551,0.000584045,0.000563075,0.000514345,0.000463815,0.000392351,0.000321443
0.000547037,0.000555644,0.000590315,0.000590488,0.000601671,0.000572208,0.000547261,0.000503458,0.000450367,0.000383682,0.000310827
0.0005278,0.000544786,0.000575714,0.000573154,0.000580672,0.000557219,0.000534455,0.000490409,0.00043791,0.00037447,0.000304824
0.000514975,0.000533244,0.000558156,0.000556288,0.000567692,0.000548338,0.00051817,0.000481254,0.000427705,0.000358876,0.000298737
0.00050098,0.000521593,0.000542608,0.000544453,0.000550787,0.000531739,0.000505698,0.000468813,0.000416407,0.000350265,0.000292585
0.000492155,0.000509334,0.000535564,0.000535191,0.000543593,0.000519806,0.000496335,0.000454123,0.000406097,0.000347321,0.00027903
0.000478827,0.000492514,0.000519613,0.000516333,0.000525584,0.00051053,0.000481614,0.000441309,0.000396422,0.000333622,0.000274781
0.000474117,0.000477905,0.000508753,0.000507443,0.000517776,0.000493905,0.000470288,0.000432591,0.000388042,0.000324633,0.000267373
0.000453295,0.000469521,0.000495261,0.000489192,0.000505062,0.000483606,0.00045995,0.000418585,0.000380427,0.000322241,0.000258932
0.000442336,0.000449395,0.000476563,0.00048697,0.000491848,0.000471881,0.000444167,0.000412962,0.000370312,0.000310663,0.000255326
0.000435805,0.000442084,0.00047101,0.000472608,0.000480348,0.000465577,0.000435411,0.000400383,0.000358194,0.000302532,0.000245523
0.000421585,0.00043522,0.000464603,0.000459176,0.000464488,0.000449232,0.000429348,0.000389676,0.000351574,0.000292602,0.000241808
0.000411832,0.00042524,0.000449339,0.000451234,0.000453299,0.000440163,0.00041791,0.000380372,0.00034116,0.000282617,0.000235437
0.000401751,0.000413024,0.000439019,0.000442451,0.000441771,0.000426199,0.000405905,0.000370243,0.000335328,0.000276768,0.000227122
0.000389829,0.00041105,0.000422662,0.000426824,0.000432894,0.00041613,0.00039562,0.000362385,0.000326382,0.000271813,0.0002238
0.000380956,0.000397969,0.00041777,0.000416376,0.000426398,0.000406201,0.000387353,0.000353059,0.00031978,0.000264811,0.00021742
0.000372529,0.000386394,0.000406162,0.000406255,0.000413945,0.000396887,0.000378897,0.000343991,0.000310993,0.000256143,0.000211492
0.000365915,0.000373041,0.000393341,0.000401525,0.000403977,0.000389187,0.000370848,0.000334961,0.00030385,0.000252546,0.000202998
0.000359742,0.000366069,0.000386453,0.000389122,0.0003926,0.00038163,0.000361559,0.000329455,0.000295324,0.000245576,0.000200142
0.000347718,0.00036239,0.000377708,0.000378755,0.000384026,0.000371672,0.000352309,0.00031962,0.000288824,0.000236916,0.000194706
0.000340404,0.00034996,0.000370314,0.000370277,0.000377248,0.000361655,0.000344142,0.000311962,0.000281813,0.000234703,0.000191162
0.00033299,0.000341705,0.000363101,0.000364681,0.000364571,0.00035574,0.00033603,0.000307021,0.000275454,0.000224713,0.000184986
0.000325479,0.00033527,0.000356226,0.000352785,0.0003586,0.000344429,0.000330545,0.000297086,0.000268842,0.00022234,0.000182051
0.000316842,0.000329834,0.000348215,0.000347234,0.000351252,0.000336913,0.000321113,0.00029133,0.000262378,0.000215699,0.000176024
0.00031032,0.000318443,0.00033883,0.000338608,0.000340246,0.000331578,0.00031065,0.000284877,0.000256418,0.000210882,0.00017267
0.000304269,0.000308698,0.000329709,0.000331376,0.000331647,0.00032403,0.00030532,0.000277688,0.000250285,0.000206311,0.00016704
0.000298042,0.000307338,0.000319994,0.00032307,0.000327731,0.000315133,0.000299347,0.00027016,0.000244248,0.000202446,0.000161434
0.000289962,0.000298506,0.000312943,0.000318524,0.000315471,0.000307036,0.000290475,0.000266596,0.000238949,0.000193041,0.000160036
0.000279955,0.000289295,0.000306412,0.000312646,0.000310863,0.0003016,0.000287112,0.000257147,0.000231201,0.000189594,0.000153278
0.00027557,0.000282225,0.000303436,0.000304737,0.000303046,0.00029152,0.000281627,0.000251741,0.000227354,0.000186552,0.000149699
0.000267042,0.000277772,0.000295966,0.000299192,0.000295369,0.000285171,0.000273691,0.000245605,0.00022089,0.000179562,0.000147459
0.000262481,0.000270527,0.000289123,0.000289474,0.000290492,0.00027982,0.00026551,0.000240747,0.000216741,0.000177033,0.000143698
0.000254175,0.000264915,0.000279118,0.000282731,0.000283611,0.000273307,0.000260383,0.000234606,0.000214301,0.000172369,0.000140254
0.000251732,0.000257786,0.000276602,0.000278089,0.000279247,0.000265677,0.000257077,0.000228385,0.000206373,0.000168828,0.000135454
0.000246222,0.000256196,0.00027327,0.000273564,0.000271276,0.000263068,0.000247712,0.000225527,0.000201103,0.000165624,0.000132651
0.00023744,0.000247415,0.000264681,0.000263853,0.000263335,0.000255728,0.000242536,0.000217529,0.000195985,0.000159185,0.000129876
0.000235869,0.000239983,0.000257663,0.000258049,0.000257262,0.000251359,0.000235618,0.000214819,0.00019153,0.000156013,0.000126439
0.000229885,0.000237654,0.000250871,0.000251619,0.000253468,0.000244118,0.000231365,0.000207544,0.000187449,0.000153727,0.000122512
0.000224705,0.000233063,0.000244749,0.000246972,0.000246774,0.000237049,0.000227436,0.000202736,0.000184938,0.000149844,0.000119814
0.000220851,0.000225041,0.000241314,0.000242778,0.000243733,0.000233893,0.000221222,0.000199373,0.000180258,0.000146503,0.000117186
0.000214746,0.000221971,0.000236773,0.000237761,0.000237944,0.00022836,0.000216976,0.000193808,0.00017498,0.000143378,0.000114012
0.000212043,0.000217916,0.000230767,0.00023298,0.000230957,0.000222229,0.000212236,0.000189835,0.000171112,0.000138764,0.000110793
0.000206873,0.000210875,0.000225904,0.000228078,0.000226634,0.000218908,0.000207947,0.000186451,0.000167291,0.000137239,0.00010815
0.000199947,0.000205275,0.000219661,0.000222547,0.000221213,0.000212549,0.000203466,0.000180312,0.000162731,0.000132079,0.000104814
0.000197703,0.000206167,0.0002147,0.000214038,0.000213595,0.000208014,0.00019743,0.000177677,0.000159507,0.000131224,0.000103511
0.000192269,0.000198281,0.000207081,0.000212108,0.000209992,0.0002026,0.000193341,0.000171575,0.000156544,0.000125798,9.95004e-05
0.000189044,0.000194311,0.000203083,0.000205593,0.000204503,0.000198618,0.00018901,0.000168045,0.00015271,0.000123458,9.64567e-05
0.000184048,0.000190072,0.000200092,0.000201906,0.000199114,0.000195773,0.000183924,0.000165528,0.000148783,0.000118953,9.52238e-05
0.000180877,0.000189051,0.0001923,0.000195331,0.000195475,0.000190788,0.000180917,0.000160505,0.000145433,0.000117942,9.16553e-05
0.00017512,0.000180745,0.000191301,0.000194593,0.000191589,0.000186324,0.00017669,0.000157328,0.000142984,0.000115087,9.01371e-05
0.000172084,0.000176472,0.000185147,0.000189672,0.000186658,0.000181281,0.000172518,0.000153551,0.000139131,0.0001112,8.76737e-05
0.000166091,0.000174741,0.00018184,0.000184982,0.000184587,0.000178195,0.000168929,0.000149613,0.000135772,0.000109255,8.58801e-05
0.000162108,0.000169685,0.00017823,0.000182561,0.000181349,0.000173144,0.000164395,0.000146162,0.000134009,0.000107057,8.39553e-05
0.000159446,0.000165247,0.000174472,0.000177709,0.000175167,0.000170027,0.000160942,0.0001428,0.000130136,0.000104232,8.12822e-05
0.000156072,0.000161896,0.000171668,0.000171862,0.000169987,0.00016689,0.000156803,0.000140216,0.000127057,0.000102001,8.01058e-05
0.00015332,0.000158483,0.000166846,0.000170249,0.000168131,0.000161095,0.000154484,0.000136338,0.000125197,9.89068e-05,7.69162e-05
0.000149497,0.000155274,0.000163528,0.000167188,0.000163564,0.000159128,0.000149602,0.000133954,0.000121732,9.66553e-05,7.54501e-05
0.00014666,0.000152594,0.000159495,0.00016352,0.000160448,0.000155285,0.000147498,0.00012987,0.000118459,9.59555e-05,7.29291e-05
0.000141939,0.00014818,0.000156571,0.000159855,0.000156213,0.000151325,0.000144838,0.000126344,0.000115481,9.23346e-05,7.11127e-05
0.000137959,0.000143022,0.000152942,0.000155441,0.000153283,0.000149987,0.000139583,0.000125969,0.000112341,8.97655e-05,7.0163e-05
0.000135777,0.000141183,0.000150645,0.000152135,0.000149298,0.000146097,0.000137286,0.000121987,0.000110332,8.73616e-05,6.7494e-05
0.000133052,0.000139237,0.000144702,0.000148788,0.0001456,0.000142201,0.00013421,0.000118156,0.000108601,8.61854e-05,6.5977e-05
0.00013046,0.000135269,0.000142841,0.00014586,0.000143762,0.000138717,0.000131185,0.000115608,0.000105948,8.44501e-05,6.43721e-05
0.000126536,0.000133799,0.000140488,0.000141772,0.000140954,0.000135723,0.00012907,0.000113439,0.000104008,8.17782e-05,6.27647e-05
0.000125242,0.000129752,0.000137136,0.000139709,0.000135898,0.000132716,0.000125847,0.000110687,0.000100717,7.96139e-05,6.10927e-05
0.000122263,0.000127124,0.000134099,0.000136923,0.000133719,0.000130612,0.000123203,0.000108262,9.90511e-05,7.8393e-05,5.96886e-05
0.000120027,0.000123858,0.000131245,0.000133392,0.000129998,0.000127627,0.000120471,0.00010587,9.61914e-05,7.6558e-05,5.76522e-05
0.000115686,0.000120765,0.000128029,0.000130388,0.000128422,0.000124204,0.000116562,0.000102845,9.46358e-05,7.47157e-05,5.67951e-05
0.000114402,0.000117793,0.000125009,0.000127262,0.000124958,0.000122525,0.000115177,0.000101515,9.24034e-05,7.22558e-05,5.51894e-05
0.000110823,0.00011563,0.000122642,0.000125049,0.000122825,0.000120473,0.000111839,9.82499e-05,8.9287e-05,7.06991e-05,5.34987e-05
0.000108539,0.000113649,0.000118527,0.000123375,0.000121669,0.000116499,0.000109748,9.67258e-05,8.88412e-05,6.89745e-05,5.22476e-05
0.000106181,0.000111196,0.000116454,0.000119762,0.000117041,0.000113748,0.000107347,9.4212e-05,8.75022e-05,6.75054e-05,5.1025e-05
0.000104672,0.000108269,0.000114996,0.000117621,0.000116994,0.000111153,0.000104912,9.22139e-05,8.38957e-05,6.63849e-05,4.9757e-05
0.000101807,0.000105684,0.000112283,0.000115726,0.000112969,0.00010903,0.000103133,9.01669e-05,8.2242e-05,6.48994e-05,4.86224e-05
9.98557e-05,0.000103825,0.000109616,0.00011223,0.000109855,0.000106528,0.000100156,8.80403e-05,8.05873e-05,6.31736e-05,4.73098e-05
9.69028e-05,0.000101291,0.00010743,0.000109918,0.000106765,0.000104963,9.79646e-05,8.6264e-05,7.91677e-05,6.13772e-05,4.63556e-05
9.65473e-05,0.000100031,0.00010435,0.000108096,0.000104611,0.000102497,9.56932e-05,8.45492e-05,7.70584e-05,5.97114e-05,4.48237e-05
9.28304e-05,9.72102e-05,0.00010217,0.000104172,0.000102505,0.000100203,9.32524e-05,8.19152e-05,7.57816e-05,5.86037e-05,4.36157e-05
9.18696e-05,9.53517e-05,0.000100739,0.00010313,0.00010025,9.83193e-05,9.17943e-05,8.04149e-05,7.38001e-05,5.69898e-05,4.28534e-05
8.93414e-05,9.26957e-05,9.80813e-05,0.000100785,9.88399e-05,9.66213e-05,8.99857e-05,7.86445e-05,7.22835e-05,5.61231e-05,4.1982e-05
8.71386e-05,9.11878e-05,9.61782e-05,9.92073e-05,9.67224e-05,9.43638e-05,8.72958e-05,7.66244e-05,7.0412e-05,5.43317e-05,4.0669e-05
8.54181e-05,8.92569e-05,9.38897e-05,9.68898e-05,9.4571e-05,9.20088e-05,8.67064e-05,7.55271e-05,6.93407e-05,5.35789e-05,3.95488e-05
8.37195e-05,8.68873e-05,9.25175e-05,9.48699e-05,9.21488e-05,9.03924e-05,8.41318e-05,7.46571e-05,6.79599e-05,5.22744e-05,3.91902e-05
8.23161e-05,8.45747e-05,9.06485e-05,9.25697e-05,9.00475e-05,8.9247e-05,8.19193e-05,7.23859e-05,6.61867e-05,5.11104e-05,3.7814e-05
8.10834e-05,8.38693e-05,8.91157e-05,9.07015e-05,8.83332e-05,8.53622e-05,8.03089e-05,7.03052e-05,6.4577e-05,5.02938e-05,3.65036e-05
7.88313e-05,8.18593e-05,8.52953e-05,8.89428e-05,8.67698e-05,8.43981e-05,7.83804e-05,6.84688e-05,6.35165e-05,4.88987e-05,3.56607e-05
7.70211e-05,8.04012e-05,8.39155e-05,8.70834e-05,8.50437e-05,8.27567e-05,7.71741e-05,6.6707e-05,6.24948e-05,4.72321e-05,3.49246e-05
7.53466e-05,7.89413e-05,8.34243e-05,8.5266e-05,8.32684e-05,8.12995e-05,7.54092e-05,6.54846e-05,6.05521e-05,4.65992e-05,3.40093e-05
7.3851e-05,7.71656e-05,8.10172e-05,8.34354e-05,8.10386e-05,7.90709e-05,7.36941e-05,6.40147e-05,5.96187e-05,4.48472e-05,3.33599e-05
7.23607e-05,7.52581e-05,7.98527e-05,8.2457e-05,7.99431e-05,7.81957e-05,7.17434e-05,6.25493e-05,5.77699e-05,4.4308e-05,3.2403e-05
7.12048e-05,7.29428e-05,7.8072e-05,8.01969e-05,7.72314e-05,7.62783e-05,7.10613e-05,6.19277e-05,5.68806e-05,4.32689e-05,3.17854e-05
6.91085e-05,7.26784e-05,7.70971e-05,7.88585e-05,7.60036e-05,7.53526e-05,6.89746e-05,5.99246e-05,5.58844e-05,4.24386e-05,3.08272e-05
6.7903e-05,7.11574e-05,7.49507e-05,7.69226e-05,7.48807e-05,7.28057e-05,6.76261e-05,5.87728e-05,5.49277e-05,4.14565e-05,3.02269e-05
6.58129e-05,6.92562e-05,7.37094e-05,7.55456e-05,7.33875e-05,7.11882e-05,6.632e-05,5.73444e-05,5.29617e-05,4.09368e-05,2.94776e-05
6.49222e-05,6.78807e-05,7.22688e-05,7.4579e-05,7.20862e-05,7.01316e-05,6.52045e-05,5.6267e-05,5.295e-05,3.92606e-05,2.85531e-05
6.37876e-05,6.71749e-05,7.05267e-05,7.29966e-05,7.11282e-05,6.84058e-05,6.32096e-05,5.53758e-05,5.10198e-05,3.85416e-05,2.79413e-05
6.31403e-05,6.66273e-05,6.85658e-05,7.13538e-05,6.93896e-05,6.71881e-05,6.17312e-05,5.39316e-05,4.97208e-05,3.77029e-05,2.75713e-05
6.0345e-05,6.41615e-05,6.69185e-05,6.94475e-05,6.74378e-05,6.52377e-05,6.01358e-05,5.24918e-05,4.93918e-05,3.66882e-05,2.71091e-05
6.01105e-05,6.30756e-05,6.56758e-05,6.84544e-05,6.62984e-05,6.44496e-05,5.96443e-05,5.17812e-05,4.83176e-05,3.62529e-05,2.61558e-05
5.93935e-05,6.15524e-05,6.42083e-05,6.73648e-05,6.45075e-05,6.39984e-05,5.78414e-05,5.06674e-05,4.65838e-05,3.57227e-05,2.56819e-05
5.79466e-05,6.04394e-05,6.31206e-05,6.55048e-05,6.3244e-05,6.20758e-05,5.69566e-05,4.91708e-05,4.57672e-05,3.45212e-05,2.50395e-05
5.69371e-05,5.9937e-05,6.22842e-05,6.36581e-05,6.16369e-05,6.076e-05,5.57413e-05,4.76516e-05,4.51481e-05,3.36973e-05,2.4187e-05
5.54203e-05,5.84266e-05,6.1368e-05,6.29073e-05,6.06981e-05,5.88282e-05,5.42276e-05,4.72466e-05,4.42372e-05,3.30994e-05,2.39962e-05
5.41863e-05,5.72779e-05,5.97699e-05,6.16244e-05,5.98751e-05,5.82254e-05,5.30095e-05,4.55953e-05,4.31978e-05,3.20409e-05,2.34569e-05
5.37891e-05,5.54087e-05,5.80966e-05,6.01594e-05,5.83919e-05,5.76548e-05,5.23885e-05,4.54046e-05,4.25492e-05,3.14635e-05,2.27028e-05
5.26608e-05,5.43703e-05,5.646e-05,5.98199e-05,5.70993e-05,5.58341e-05,5.14811e-05,4.43964e-05,4.12902e-05,3.13537e-05,2.2378e-05
5.11848e-05,5.41943e-05,5.53353e-05,5.85668e-05,5.68325e-05,5.55459e-05,5.03051e-05,4.3543e-05,4.02928e-05,3.02858e-05,2.15548e-05
5.03268e-05,5.35874e-05,5.46537e-05,5.75774e-05,5.55901e-05,5.33383e-05,4.89234e-05,4.19732e-05,3.96859e-05,2.96289e-05,2.0908e-05
5.07486e-05,5.0926e-05,5.33046e-05,5.56607e-05,5.36521e-05,5.26023e-05,4.77998e-05,4.12069e-05,3.88909e-05,2.92098e-05,2.09459e-05
4.91367e-05,5.14691e-05,5.31125e-05,5.49428e-05,5.34047e-05,5.19462e-05,4.67587e-05,4.04775e-05,3.77917e-05,2.8529e-05,2.04614e-05
4.7911e-05,4.979e-05,5.1141e-05,5.36895e-05,5.20683e-05,5.05298e-05,4.59853e-05,3.95812e-05,3.72285e-05,2.79033e-05,1.96502e-05
4.65591e-05,4.97219e-05,5.12178e-05,5.33053e-05,5.09093e-05,4.96709e-05,4.48028e-05,3.89957e-05,3.62815e-05,2.72796e-05,1.95907e-05
4.66046e-05,4.83284e-05,5.03882e-05,5.20188e-05,4.98208e-05,4.87246e-05,4.43241e-05,3.82114e-05,3.58012e-05,2.66685e-05,1.89276e-05
4.5419e-05,4.71625e-05,4.79674e-05,5.08786e-05,4.90826e-05,4.77777e-05,4.35207e-05,3.68266e-05,3.49146e-05,2.59824e-05,1.84561e-05
4.42687e-05,4.62965e-05,4.76249e-05,5.05977e-05,4.8177e-05,4.69902e-05,4.21919e-05,3.67396e-05,3.40584e-05,2.56378e-05,1.80814e-05
4.35153e-05,4.4814e-05,4.67044e-05,4.86819e-05,4.72097e-05,4.52011e-05,4.15557e-05,3.55844e-05,3.3747e-05,2.4799e-05,1.772e-05
4.29268e-05,4.50524e-05,4.62889e-05,4.82137e-05,4.66722e-05,4.48426e-05,4.09873e-05,3.51278e-05,3.30336e-05,2.41719e-05,1.72557e-05
4.197e-05,4.45968e-05,4.49281e-05,4.71939e-05,4.55117e-05,4.40449e-05,4.00035e-05,3.44273e-05,3.20172e-05,2.42185e-05,1.68233e-05
4.17057e-05,4.30373e-05,4.37059e-05,4.6449e-05,4.40475e-05,4.28755e-05,3.95427e-05,3.36248e-05,3.19556e-05,2.35064e-05,1.65644e-05
4.07497e-05,4.23044e-05,4.34008e-05,4.5166e-05,4.39702e-05,4.25806e-05,3.84142e-05,3.26229e-05,3.11515e-05,2.30111e-05,1.6264e-05
4.03141e-05,4.13546e-05,4.28298e-05,4.47971e-05,4.25343e-05,4.1692e-05,3.78441e-05,3.21578e-05,3.02928e-05,2.24985e-05,1.59145e-05
4.01952e-05,4.068e-05,4.16761e-05,4.35747e-05,4.16709e-05,4.08649e-05,3.72109e-05,3.18008e-05,2.99971e-05,2.21272e-05,1.56779e-05
3.90082e-05,4.00216e-05,4.1106e-05,4.24785e-05,4.0764e-05,4.00591e-05,3.68285e-05,3.11971e-05,2.88259e-05,2.14709e-05,1.51627e-05
3.85719e-05,3.92221e-05,4.00928e-05,4.21567e-05,3.95578e-05,3.93202e-05,3.55422e-05,3.02369e-05,2.86653e-05,2.1332e-05,1.49214e-05
3.73326e-05,3.86237e-05,3.92251e-05,4.14709e-05,3.99811e-05,3.87318e-05,3.4974e-05,2.97243e-05,2.79629e-05,2.05821e-05,1.43459e-05
3.62635e-05,3.77427e-05,3.84831e-05,4.0629e-05,3.90559e-05,3.79169e-05,3.40465e-05,2.89989e-05,2.73588e-05,2.02985e-05,1.41906e-05
3.61436e-05,3.75124e-05,3.80392e-05,3.99592e-05,3.806e-05,3.70303e-05,3.37295e-05,2.87723e-05,2.67274e-05,2.00182e-05,1.40268e-05
3.55443e-05,3.70283e-05,3.68897e-05,3.91171e-05,3.78413e-05,3.65617e-05,3.26818e-05,2.78127e-05,2.62143e-05,1.92806e-05,1.35816e-05
3.48394e-05,3.5982e-05,3.72246e-05,3.85906e-05,3.72391e-05,3.61352e-05,3.17679e-05,2.70999e-05,2.56433e-05,1.91799e-05,1.33499e-05
3.42953e-05,3.55095e-05,3.59938e-05,3.78305e-05,3.60361e-05,3.46595e-05,3.13988e-05,2.71593e-05,2.50935e-05,1.87381e-05,1.32149e-05
3.34715e-05,3.51724e-05,3.48708e-05,3.74584e-05,3.56652e-05,3.52229e-05,3.08803e-05,2.63561e-05,2.47796e-05,1.83712e-05,1.27973e-05
3.26253e-05,3.40965e-05,3.47817e-05,3.64874e-05,3.48922e-05,3.41091e-05,3.01857e-05,2.55381e-05,2.43803e-05,1.80161e-05,1.25251e-05
3.29885e-05,3.36245e-05,3.41755e-05,3.59403e-05,3.46171e-05,3.3066e-05,2.97123e-05,2.54466e-05,2.36521e-05,1.74937e-05,1.22484e-05
3.191e-05,3.3111e-05,3.30033e-05,3.50266e-05,3.37873e-05,3.24775e-05,2.87197e-05,2.48065e-05,2.33995e-05,1.76267e-05,1.18239e-05
3.16787e-05,3.27059e-05,3.27304e-05,3.41898e-05,3.32801e-05,3.21546e-05,2.83263e-05,2.40539e-05,2.31747e-05,1.71426e-05,1.16621e-05
3.11117e-05,3.21769e-05,3.22656e-05,3.37748e-05,3.24032e-05,3.16654e-05,2.83519e-05,2.3835e-05,2.24971e-05,1.63171e-05,1.15933e-05
3.07995e-05,3.17434e-05,3.20189e-05,3.32978e-05,3.17247e-05,3.08326e-05,2.74275e-05,2.34691e-05,2.19288e-05,1.62857e-05,1.12625e-05
3.0115e-05,3.09995e-05,3.06453e-05,3.27624e-05,3.10697e-05,3.03167e-05,2.72746e-05,2.2527e-05,2.16189e-05,1.58536e-05,1.12324e-05
2.97056e-05,3.03463e-05,3.06101e-05,3.24855e-05,3.09147e-05,2.95725e-05,2.67485e-05,2.26429e-05,2.11305e-05,1.57256e-05,1.09238e-05
2.91067e-05,2.9841e-05,3.01432e-05,3.19604e-05,3.01192e-05,2.92203e-05,2.63292e-05,2.22571e-05,2.08664e-05,1.54412e-05,1.06588e-05
2.88529e-05,2.9738e-05,2.95777e-05,3.10502e-05,2.98666e-05,2.90856e-05,2.5981e-05,2.12577e-05,2.04031e-05,1.49473e-05,1.04054e-05
2.73273e-05,2.90747e-05,2.92039e-05,3.07172e-05,2.94347e-05,2.75526e-05,2.48429e-05,2.10394e-05,2.00129e-05,1.46071e-05,1.01311e-05
2.7701e-05,2.85577e-05,2.85329e-05,2.98678e-05,2.86459e-05,2.75164e-05,2.48799e-05,2.08962e-05,1.99642e-05,1.41725e-05,1.01369e-05
2.69807e-05,2.83305e-05,2.79372e-05,2.95468e-05,2.79509e-05,2.78231e-05,2.4438e-05,2.02313e-05,1.90527e-05,1.41289e-05,9.78423e-06
2.65513e-05,2.74685e-05,2.7057e-05,2.91722e-05,2.74732e-05,2.67331e-05,2.41776e-05,2.0174e-05,1.88729e-05,1.41269e-05,9.66971e-06
2.64216e-05,2.70665e-05,2.738e-05,2.85184e-05,2.70555e-05,2.6866e-05,2.34965e-05,1.93617e-05,1.88554e-05,1.35784e-05,9.49668e-06
2.59837e-05,2.68865e-05,2.72754e-05,2.77074e-05,2.67069e-05,2.57186e-05,2.29366e-05,1.91318e-05,1.83852e-05,1.3376e-05,9.3943e-06
2.54185e-05,2.61833e-05,2.64081e-05,2.70094e-05,2.61408e-05,2.57823e-05,2.26827e-05,1.88332e-05,1.79021e-05,1.34433e-05,9.13998e-06
2.51465e-05,2.56648e-05,2.59124e-05,2.689e-05,2.57658e-05,2.50503e-05,2.22039e-05,1.83895e-05,1.75849e-05,1.27934e-05,8.95766e-06
2.4645e-05,2.53244e-05,2.57045e-05,2.69409e-05,2.55066e-05,2.45576e-05,2.15879e-05,1.82262e-05,1.68401e-05,1.27374e-05,8.67093e-06
2.41383e-05,2.53205e-05,2.47477e-05,2.62294e-05,2.49855e-05,2.38255e-05,2.12942e-05,1.79905e-05,1.69731e-05,1.21068e-05,8.6042e-06
2.43899e-05,2.48834e-05,2.46696e-05,2.66033e-05,2.43081e-05,2.32924e-05,2.09192e-05,1.78295e-05,1.63887e-05,1.20558e-05,8.48331e-06
2.34969e-05,2.4393e-05,2.40686e-05,2.54623e-05,2.35904e-05,2.30023e-05,2.07091e-05,1.71241e-05,1.63531e-05,1.18704e-05,8.20757e-06
2.35985e-05,2.41889e-05,2.44081e-05,2.51083e-05,2.38966e-05,2.28007e-05,2.0211e-05,1.67636e-05,1.59692e-05,1.15473e-05,8.16318e-06
2.3025e-05,2.382e-05,2.36008e-05,2.49617e-05,2.31846e-05,2.23129e-05,1.963e-05,1.68269e-05,1.55453e-05,1.13938e-05,8.03191e-06
2.24453e-05,2.32587e-05,2.32697e-05,2.39725e-05,2.26635e-05,2.20169e-05,1.98513e-05,1.60955e-05,1.52435e-05,1.11999e-05,7.90997e-06
2.23035e-05,2.31393e-05,2.26816e-05,2.36163e-05,2.26765e-05,2.18433e-05,1.92006e-05,1.63545e-05,1.51753e-05,1.10151e-05,7.7662e-06
2.19812e-05,2.30365e-05,2.2427e-05,2.38806e-05,2.19107e-05,2.13896e-05,1.86619e-05,1.59428e-05,1.45765e-05,1.09583e-05,7.48609e-06
2.14095e-05,2.27674e-05,2.15964e-05,2.25622e-05,2.18228e-05,2.11989e-05,1.85084e-05,1.49309e-05,1.46088e-05,1.05625e-05,7.22186e-06
2.10827e-05,2.23725e-05,2.14554e-05,2.27094e-05,2.1758e-05,2.06289e-05,1.81366e-05,1.51152e-05,1.40536e-05,1.05904e-05,7.26851e-06
2.10706e-05,2.17581e-05,2.16046e-05,2.24257e-05,2.10989e-05,2.03552e-05,1.77241e-05,1.49455e-05,1.38837e-05,1.02931e-05,7.1211e-06
2.07847e-05,2.1566e-05,2.11465e-05,2.22019e-05,2.11822e-05,1.97921e-05,1.7778e-05,1.46348e-05,1.36323e-05,1.01465e-05,6.97127e-06
2.06823e-05,2.09313e-05,2.08633e-05,2.19456e-05,2.06675e-05,1.95722e-05,1.72185e-05,1.43193e-05,1.34499e-05,9.92682e-06,6.90458e-06
2.0235e-05,2.12528e-05,2.0392e-05,2.12704e-05,2.05212e-05,1.95277e-05,1.67528e-05,1.4066e-05,1.3247e-05,9.92411e-06,6.7406e-06
2.01703e-05,2.0604e-05,1.97504e-05,2.08097e-05,1.98586e-05,1.88586e-05,1.65733e-05,1.38129e-05,1.2963e-05,9.5032e-06,6.71725e-06
1.99284e-05,1.99548e-05,2.01431e-05,2.04613e-05,1.90185e-05,1.88071e-05,1.64248e-05,1.38043e-05,1.25215e-05,9.46237e-06,6.49197e-06
1.9814e-05,2.0249e-05,1.91074e-05,2.03206e-05,1.89407e-05,1.83343e-05,1.61373e-05,1.38315e-05,1.26263e-05,9.05398e-06,6.62022e-06
1.92905e-05,1.95764e-05,1.89997e-05,1.97754e-05,1.86731e-05,1.79497e-05,1.5658e-05,1.33373e-05,1.24283e-05,8.80596e-06,6.27646e-06
1.87211e-05,1.93757e-05,1.8696e-05,1.96639e-05,1.84887e-05,1.74515e-05,1.53963e-05,1.30376e-05,1.2081e-05,8.83159e-06,6.31827e-06
1.8569e-05,1.91151e-05,1.88261e-05,1.92721e-05,1.797e-05,1.71629e-05,1.51642e-05,1.29885e-05,1.18533e-05,8.48135e-06,6.11806e-06
1.84326e-05,1.86263e-05,1.81799e-05,1.91263e-05,1.82949e-05,1.70605e-05,1.49601e-05,1.26096e-05,1.17291e-05,8.55615e-06,5.93599e-06
1.82324e-05,1.90174e-05,1.79851e-05,1.87202e-05,1.77975e-05,1.68256e-05,1.49106e-05,1.2431e-05,1.14447e-05,8.43148e-06,5.72024e-06
