8.3778e-06,8.43235e-06,8.59667e-06,8.70225e-06,8.86016e-06,8.99116e-06,9.13777e-06,9.2629e-06,9.40171e-06,9.50036e-06,9.53436e-06,9.56166e-06,9.5675e-06,9.53284e-06,9.52223e-06,9.4418e-06,9.35584e-06,9.2288e-06,9.17887e-06,9.07321e-06,8.95321e-06,8.99415e-06
7.71516e-06,7.77895e-06,7.91547e-06,8.05989e-06,8.19701e-06,8.32376e-06,8.47299e-06,8.5792e-06,8.71809e-06,8.80276e-06,8.84819e-06,8.8545e-06,8.86193e-06,8.8257e-06,8.82761e-06,8.74138e-06,8.68346e-06,8.55493e-06,8.47023e-06,8.37469e-06,8.27768e-06,8.29122e-06
7.11017e-06,7.18626e-06,7.3214e-06,7.45678e-06,7.60289e-06,7.71974e-06,7.86301e-06,7.97165e-06,8.1043e-06,8.19879e-06,8.22739e-06,8.25652e-06,8.27585e-06,8.24675e-06,8.20561e-06,8.14435e-06,8.06541e-06,7.93896e-06,7.90242e-06,7.79422e-06,7.66711e-06,7.64685e-06
6.55303e-06,6.64278e-06,6.77321e-06,6.9141e-06,7.04767e-06,7.17183e-06,7.31311e-06,7.42166e-06,7.53152e-06,7.624e-06,7.66705e-06,7.68494e-06,7.69062e-06,7.65747e-06,7.62432e-06,7.56096e-06,7.49505e-06,7.37587e-06,7.31243e-06,7.23396e-06,7.11209e-06,7.07451e-06
6.10559e-06,6.20062e-06,6.32537e-06,6.46261e-06,6.59804e-06,6.71838e-06,6.85403e-06,6.96471e-06,7.06366e-06,7.15576e-06,7.19769e-06,7.21773e-06,7.22126e-06,7.18709e-06,7.15272e-06,7.09369e-06,7.02985e-06,6.91613e-06,6.84477e-06,6.77695e-06,6.65601e-06,6.60471e-06
5.72392e-06,5.82392e-06,5.9488e-06,6.07403e-06,6.21461e-06,6.33403e-06,6.46372e-06,6.57588e-06,6.65528e-06,6.75734e-06,6.78839e-06,6.81525e-06,6.82549e-06,6.77262e-06,6.7539e-06,6.69656e-06,6.64767e-06,6.52756e-06,6.4481e-06,6.4046e-06,6.26585e-06,6.20646e-06
5.36787e-06,5.46359e-06,5.58159e-06,5.70815e-06,5.84632e-06,5.95975e-06,6.08447e-06,6.19908e-06,6.27874e-06,6.3687e-06,6.40728e-06,6.43053e-06,6.42909e-06,6.39401e-06,6.36662e-06,6.31256e-06,6.24819e-06,6.14998e-06,6.06491e-06,6.00265e-06,5.89213e-06,5.8281e-06
5.0601e-06,5.15332e-06,5.2692e-06,5.39198e-06,5.52822e-06,5.63956e-06,5.75878e-06,5.87425e-06,5.94689e-06,6.03404e-06,6.07166e-06,6.09478e-06,6.09105e-06,6.05726e-06,6.03568e-06,5.98148e-06,5.91694e-06,5.82713e-06,5.73913e-06,5.67105e-06,5.5687e-06,5.50121e-06
4.78235e-06,4.87375e-06,4.98811e-06,5.10744e-06,5.23933e-06,5.35024e-06,5.46416e-06,5.57901e-06,5.64623e-06,5.73003e-06,5.76747e-06,5.78931e-06,5.78336e-06,5.75205e-06,5.73568e-06,5.68051e-06,5.61615e-06,5.53411e-06,5.44728e-06,5.36998e-06,5.27581e-06,5.2067e-06
4.53372e-06,4.62086e-06,4.73918e-06,4.85194e-06,4.98262e-06,5.09031e-06,5.19971e-06,5.31457e-06,5.37626e-06,5.45696e-06,5.49647e-06,5.51431e-06,5.50694e-06,5.47766e-06,5.4618e-06,5.4099e-06,5.34397e-06,5.26891e-06,5.18566e-06,5.09898e-06,5.01203e-06,4.94587e-06
4.3031e-06,4.39054e-06,4.50394e-06,4.6173e-06,4.73935e-06,4.84989e-06,4.95478e-06,5.06496e-06,5.12562e-06,5.20244e-06,5.23887e-06,5.25583e-06,5.24907e-06,5.22364e-06,5.21351e-06,5.15561e-06,5.09472e-06,5.02329e-06,4.9447e-06,4.85081e-06,4.76812e-06,4.69988e-06
4.09503e-06,4.18619e-06,4.29716e-06,4.40497e-06,4.52071e-06,4.63295e-06,4.73442e-06,4.84098e-06,4.89994e-06,4.97407e-06,5.00922e-06,5.02526e-06,5.01786e-06,4.99351e-06,4.98415e-06,4.9276e-06,4.86966e-06,4.79918e-06,4.73414e-06,4.62703e-06,4.54743e-06,4.48395e-06
3.89699e-06,3.98522e-06,4.09647e-06,4.20411e-06,4.31893e-06,4.42623e-06,4.52483e-06,4.62712e-06,4.68587e-06,4.75545e-06,4.79151e-06,4.80474e-06,4.8004e-06,4.77853e-06,4.76716e-06,4.70971e-06,4.65276e-06,4.58987e-06,4.51717e-06,4.41795e-06,4.33914e-06,4.28031e-06
3.71947e-06,3.807e-06,3.91758e-06,4.02202e-06,4.13363e-06,4.23837e-06,4.33589e-06,4.43335e-06,4.49137e-06,4.55866e-06,4.59378e-06,4.60609e-06,4.60143e-06,4.5824e-06,4.57023e-06,4.5121e-06,4.4573e-06,4.39323e-06,4.32736e-06,4.23063e-06,4.15437e-06,4.09191e-06
3.55426e-06,3.6401e-06,3.74817e-06,3.85012e-06,3.95991e-06,4.06121e-06,4.15758e-06,4.25072e-06,4.30855e-06,4.3737e-06,4.40701e-06,4.41927e-06,4.41736e-06,4.39801e-06,4.38179e-06,4.32738e-06,4.27315e-06,4.2124e-06,4.14658e-06,4.05462e-06,3.97669e-06,3.92183e-06
3.40697e-06,3.48929e-06,3.59639e-06,3.69563e-06,3.80404e-06,3.9009e-06,3.99697e-06,4.08758e-06,4.14313e-06,4.20859e-06,4.2368e-06,4.24801e-06,4.24547e-06,4.2309e-06,4.20983e-06,4.16034e-06,4.10699e-06,4.04652e-06,3.98365e-06,3.8947e-06,3.8176e-06,3.76658e-06
3.26941e-06,3.34853e-06,3.45137e-06,3.54877e-06,3.65247e-06,3.74982e-06,3.84657e-06,3.93078e-06,3.98574e-06,4.04959e-06,4.0823e-06,4.09367e-06,4.09355e-06,4.07282e-06,4.0509e-06,4.00063e-06,3.94892e-06,3.88895e-06,3.83354e-06,3.74733e-06,3.6711e-06,3.62487e-06
3.13078e-06,3.21521e-06,3.31554e-06,3.40913e-06,3.51287e-06,3.60277e-06,3.69812e-06,3.77898e-06,3.83625e-06,3.89543e-06,3.92387e-06,3.93779e-06,3.93391e-06,3.921e-06,3.89599e-06,3.85151e-06,3.79778e-06,3.74096e-06,3.67685e-06,3.60172e-06,3.52733e-06,3.47904e-06
3.01084e-06,3.09442e-06,3.1912e-06,3.28242e-06,3.38401e-06,3.47281e-06,3.56426e-06,3.64212e-06,3.69873e-06,3.75577e-06,3.78387e-06,3.79736e-06,3.80468e-06,3.78217e-06,3.75703e-06,3.71477e-06,3.65999e-06,3.60565e-06,3.54191e-06,3.47101e-06,3.40217e-06,3.35218e-06
2.89734e-06,2.98356e-06,3.07369e-06,3.16535e-06,3.26528e-06,3.34953e-06,3.43937e-06,3.51562e-06,3.57065e-06,3.62663e-06,3.65281e-06,3.66799e-06,3.66659e-06,3.6523e-06,3.62572e-06,3.58582e-06,3.53164e-06,3.47965e-06,3.41414e-06,3.34685e-06,3.2824e-06,3.23218e-06
2.79311e-06,2.87309e-06,2.96365e-06,3.04983e-06,3.14666e-06,3.23111e-06,3.31916e-06,3.39129e-06,3.44762e-06,3.50065e-06,3.52662e-06,3.54097e-06,3.55196e-06,3.52697e-06,3.50037e-06,3.46287e-06,3.40813e-06,3.35553e-06,3.29151e-06,3.22965e-06,3.16725e-06,3.11748e-06
2.69207e-06,2.77285e-06,2.85933e-06,2.94416e-06,3.03876e-06,3.11851e-06,3.20843e-06,3.27831e-06,3.33288e-06,3.38412e-06,3.40996e-06,3.4256e-06,3.42352e-06,3.41087e-06,3.38463e-06,3.34542e-06,3.2937e-06,3.23694e-06,3.17758e-06,3.11736e-06,3.06063e-06,3.00473e-06
2.60286e-06,2.67854e-06,2.76032e-06,2.84148e-06,2.93604e-06,3.01656e-06,3.10277e-06,3.17069e-06,3.22351e-06,3.27272e-06,3.29939e-06,3.31475e-06,3.33981e-06,3.3004e-06,3.27457e-06,3.23755e-06,3.18451e-06,3.13119e-06,3.07172e-06,3.01488e-06,2.95789e-06,2.90882e-06
2.51869e-06,2.58731e-06,2.66921e-06,2.75069e-06,2.84067e-06,2.9169e-06,3.00578e-06,3.06996e-06,3.12503e-06,3.17181e-06,3.19683e-06,3.21197e-06,3.21182e-06,3.19959e-06,3.17026e-06,3.13696e-06,3.08531e-06,3.03076e-06,2.97134e-06,2.91794e-06,2.85915e-06,2.81509e-06
2.43627e-06,2.50706e-06,2.58228e-06,2.65866e-06,2.75016e-06,2.82576e-06,2.90819e-06,2.97345e-06,3.02626e-06,3.07442e-06,3.09678e-06,3.11288e-06,3.12516e-06,3.0982e-06,3.07439e-06,3.03755e-06,2.98794e-06,2.9336e-06,2.87685e-06,2.82596e-06,2.773e-06,2.72222e-06
2.35641e-06,2.42038e-06,2.49611e-06,2.57266e-06,2.65875e-06,2.7341e-06,2.81557e-06,2.8778e-06,2.93188e-06,2.97663e-06,2.99904e-06,3.01412e-06,3.02542e-06,3.00369e-06,2.97537e-06,2.94251e-06,2.89316e-06,2.83979e-06,2.78279e-06,2.73254e-06,2.67964e-06,2.63457e-06
2.28654e-06,2.3473e-06,2.42348e-06,2.49382e-06,2.57815e-06,2.65443e-06,2.73379e-06,2.79446e-06,2.84881e-06,2.89149e-06,2.91369e-06,2.92898e-06,2.93879e-06,2.91701e-06,2.88996e-06,2.85894e-06,2.81008e-06,2.75714e-06,2.69911e-06,2.65291e-06,2.60017e-06,2.55709e-06
2.21892e-06,2.27659e-06,2.34518e-06,2.42092e-06,2.50274e-06,2.57603e-06,2.65281e-06,2.7132e-06,2.76585e-06,2.80914e-06,2.82951e-06,2.84582e-06,2.85365e-06,2.83439e-06,2.80719e-06,2.77392e-06,2.72783e-06,2.67686e-06,2.62215e-06,2.57333e-06,2.52215e-06,2.48116e-06
2.15192e-06,2.20991e-06,2.27956e-06,2.34773e-06,2.42855e-06,2.50176e-06,2.57704e-06,2.63529e-06,2.68811e-06,2.72831e-06,2.75029e-06,2.76499e-06,2.77318e-06,2.7536e-06,2.72762e-06,2.69684e-06,2.65061e-06,2.59879e-06,2.54561e-06,2.49928e-06,2.45092e-06,2.40993e-06
2.09458e-06,2.14609e-06,2.21556e-06,2.28492e-06,2.3609e-06,2.43198e-06,2.50805e-06,2.56355e-06,2.6174e-06,2.65616e-06,2.67738e-06,2.69053e-06,2.6966e-06,2.68342e-06,2.6541e-06,2.62599e-06,2.5796e-06,2.52698e-06,2.47697e-06,2.43315e-06,2.38313e-06,2.34344e-06
2.03315e-06,2.08727e-06,2.15258e-06,2.21734e-06,2.29386e-06,2.36517e-06,2.43715e-06,2.49317e-06,2.54471e-06,2.58284e-06,2.6048e-06,2.61906e-06,2.62412e-06,2.60826e-06,2.58224e-06,2.55247e-06,2.50808e-06,2.45777e-06,2.40764e-06,2.36289e-06,2.31707e-06,2.27895e-06
1.97718e-06,2.02941e-06,2.09132e-06,2.15738e-06,2.23046e-06,2.30048e-06,2.3712e-06,2.42642e-06,2.47673e-06,2.51431e-06,2.53603e-06,2.55014e-06,2.5537e-06,2.54107e-06,2.51373e-06,2.48422e-06,2.44043e-06,2.39089e-06,2.34294e-06,2.2988e-06,2.25396e-06,2.21615e-06
1.92534e-06,1.97486e-06,2.03517e-06,2.0997e-06,2.17135e-06,2.2401e-06,2.30906e-06,2.36342e-06,2.413e-06,2.44964e-06,2.47177e-06,2.48561e-06,2.48774e-06,2.47623e-06,2.44923e-06,2.42018e-06,2.37704e-06,2.32888e-06,2.28195e-06,2.23847e-06,2.19493e-06,2.15868e-06
1.87548e-06,1.92367e-06,1.98213e-06,2.04537e-06,2.11489e-06,2.18264e-06,2.25005e-06,2.30356e-06,2.35245e-06,2.38815e-06,2.41053e-06,2.42417e-06,2.42512e-06,2.41468e-06,2.38802e-06,2.35932e-06,2.3168e-06,2.26999e-06,2.22394e-06,2.18131e-06,2.13882e-06,2.10377e-06
1.83e-06,1.87516e-06,1.93148e-06,1.9937e-06,2.06145e-06,2.1287e-06,2.19395e-06,2.24686e-06,2.29476e-06,2.33056e-06,2.35261e-06,2.36625e-06,2.36612e-06,2.35629e-06,2.32995e-06,2.30089e-06,2.26009e-06,2.21474e-06,2.16927e-06,2.12692e-06,2.08609e-06,2.0527e-06
1.78351e-06,1.82983e-06,1.88324e-06,1.94318e-06,2.00963e-06,2.07545e-06,2.13935e-06,2.19133e-06,2.23905e-06,2.27315e-06,2.2963e-06,2.30974e-06,2.30941e-06,2.29981e-06,2.27321e-06,2.24512e-06,2.20442e-06,2.15976e-06,2.11645e-06,2.07321e-06,2.03398e-06,2.00272e-06
1.73976e-06,1.78302e-06,1.83682e-06,1.89557e-06,1.95895e-06,2.02384e-06,2.08717e-06,2.13787e-06,2.18449e-06,2.21841e-06,2.24124e-06,2.25382e-06,2.25316e-06,2.24368e-06,2.21838e-06,2.19063e-06,2.15049e-06,2.10749e-06,2.06407e-06,2.0238e-06,1.98422e-06,1.95299e-06
1.69816e-06,1.73925e-06,1.79134e-06,1.84875e-06,1.91083e-06,1.97447e-06,2.03637e-06,2.08626e-06,2.13222e-06,2.16549e-06,2.18837e-06,2.20066e-06,2.19982e-06,2.19036e-06,2.16569e-06,2.13808e-06,2.09907e-06,2.05701e-06,2.01426e-06,1.97469e-06,1.93629e-06,1.90601e-06
1.6583e-06,1.697e-06,1.74808e-06,1.80415e-06,1.86444e-06,1.92744e-06,1.98723e-06,2.03662e-06,2.08167e-06,2.11454e-06,2.13769e-06,2.14907e-06,2.14832e-06,2.13978e-06,2.11442e-06,2.08709e-06,2.04959e-06,2.00816e-06,1.96603e-06,1.92617e-06,1.89222e-06,1.86115e-06
1.61793e-06,1.65901e-06,1.7073e-06,1.76098e-06,1.81893e-06,1.88158e-06,1.94041e-06,1.98911e-06,2.03274e-06,2.06557e-06,2.08711e-06,2.09927e-06,2.09946e-06,2.09006e-06,2.06546e-06,2.03778e-06,2.00186e-06,1.96125e-06,1.91905e-06,1.88192e-06,1.84611e-06,1.81643e-06
1.57908e-06,1.61559e-06,1.66284e-06,1.71627e-06,1.77417e-06,1.83369e-06,1.89113e-06,1.93909e-06,1.98307e-06,2.01447e-06,2.03774e-06,2.0485e-06,2.04756e-06,2.03853e-06,2.01498e-06,1.98798e-06,1.95197e-06,1.91338e-06,1.8722e-06,1.83384e-06,1.79972e-06,1.77175e-06
1.54118e-06,1.57591e-06,1.62155e-06,1.67428e-06,1.73029e-06,1.78859e-06,1.84451e-06,1.89166e-06,1.93515e-06,1.96594e-06,1.98887e-06,1.99942e-06,1.99839e-06,1.98937e-06,1.96621e-06,1.9396e-06,1.90437e-06,1.86671e-06,1.82603e-06,1.78859e-06,1.75673e-06,1.72853e-06
1.50635e-06,1.53861e-06,1.58369e-06,1.63421e-06,1.68908e-06,1.74601e-06,1.80107e-06,1.84685e-06,1.88937e-06,1.9202e-06,1.94304e-06,1.95313e-06,1.95224e-06,1.9436e-06,1.92046e-06,1.89419e-06,1.86005e-06,1.82353e-06,1.78387e-06,1.74623e-06,1.71451e-06,1.68856e-06
1.4657e-06,1.49703e-06,1.5404e-06,1.59005e-06,1.64354e-06,1.69896e-06,1.75205e-06,1.79779e-06,1.8398e-06,1.8694e-06,1.8919e-06,1.90164e-06,1.90087e-06,1.89188e-06,1.86976e-06,1.84379e-06,1.81045e-06,1.77501e-06,1.73558e-06,1.69942e-06,1.66932e-06,1.64239e-06
1.43127e-06,1.46298e-06,1.5039e-06,1.55242e-06,1.60539e-06,1.65929e-06,1.71052e-06,1.7559e-06,1.79815e-06,1.82627e-06,1.84863e-06,1.8583e-06,1.85721e-06,1.84873e-06,1.82758e-06,1.80143e-06,1.76819e-06,1.73472e-06,1.69462e-06,1.66013e-06,1.63133e-06,1.60368e-06
1.39003e-06,1.41833e-06,1.45876e-06,1.50633e-06,1.55704e-06,1.60947e-06,1.65977e-06,1.70419e-06,1.74434e-06,1.7728e-06,1.79458e-06,1.80343e-06,1.80312e-06,1.79414e-06,1.77333e-06,1.74808e-06,1.71664e-06,1.68271e-06,1.64486e-06,1.61043e-06,1.58226e-06,1.55612e-06
1.35805e-06,1.38429e-06,1.4236e-06,1.46901e-06,1.51915e-06,1.57046e-06,1.61946e-06,1.66267e-06,1.70234e-06,1.73056e-06,1.75177e-06,1.76042e-06,1.76027e-06,1.75155e-06,1.73086e-06,1.70625e-06,1.67553e-06,1.64276e-06,1.60538e-06,1.57219e-06,1.54535e-06,1.51855e-06
1.31353e-06,1.33978e-06,1.37687e-06,1.42257e-06,1.46957e-06,1.51981e-06,1.56666e-06,1.60945e-06,1.6487e-06,1.67556e-06,1.69627e-06,1.70479e-06,1.70397e-06,1.69533e-06,1.6758e-06,1.65135e-06,1.62187e-06,1.59062e-06,1.5534e-06,1.52052e-06,1.49377e-06,1.46799e-06
1.27487e-06,1.29842e-06,1.33619e-06,1.37895e-06,1.4262e-06,1.47385e-06,1.51952e-06,1.56166e-06,1.59898e-06,1.6253e-06,1.64583e-06,1.65368e-06,1.65293e-06,1.64508e-06,1.62605e-06,1.60255e-06,1.57383e-06,1.54165e-06,1.50625e-06,1.47533e-06,1.44901e-06,1.42497e-06
1.23655e-06,1.2583e-06,1.29484e-06,1.33592e-06,1.38164e-06,1.42804e-06,1.47241e-06,1.5137e-06,1.55027e-06,1.57564e-06,1.59547e-06,1.60316e-06,1.60271e-06,1.59468e-06,1.57607e-06,1.5532e-06,1.52525e-06,1.49439e-06,1.45997e-06,1.43011e-06,1.405e-06,1.38072e-06
1.19591e-06,1.21668e-06,1.25203e-06,1.29184e-06,1.33682e-06,1.38117e-06,1.42423e-06,1.46438e-06,1.49948e-06,1.52444e-06,1.5439e-06,1.55123e-06,1.5507e-06,1.54309e-06,1.52524e-06,1.50312e-06,1.47578e-06,1.44561e-06,1.41201e-06,1.38303e-06,1.35802e-06,1.33487e-06
1.1569e-06,1.17528e-06,1.20794e-06,1.24841e-06,1.29079e-06,1.3352e-06,1.37619e-06,1.4151e-06,1.44943e-06,1.47336e-06,1.49195e-06,1.49875e-06,1.49866e-06,1.49102e-06,1.47446e-06,1.45227e-06,1.42618e-06,1.39704e-06,1.36449e-06,1.33673e-06,1.31488e-06,1.29e-06
1.11779e-06,1.13233e-06,1.16677e-06,1.20608e-06,1.24519e-06,1.28836e-06,1.32894e-06,1.36667e-06,1.3985e-06,1.42268e-06,1.44035e-06,1.44752e-06,1.44759e-06,1.43972e-06,1.42266e-06,1.40178e-06,1.37676e-06,1.34949e-06,1.31887e-06,1.28935e-06,1.26516e-06,1.24458e-06
1.07474e-06,1.09096e-06,1.12233e-06,1.15887e-06,1.19841e-06,1.23933e-06,1.27774e-06,1.31477e-06,1.34786e-06,1.36988e-06,1.38716e-06,1.39442e-06,1.39275e-06,1.38578e-06,1.37035e-06,1.34975e-06,1.3254e-06,1.29917e-06,1.26715e-06,1.24194e-06,1.21818e-06,1.19625e-06
1.03292e-06,1.04853e-06,1.07828e-06,1.11326e-06,1.15188e-06,1.19129e-06,1.2283e-06,1.26422e-06,1.29483e-06,1.3166e-06,1.3334e-06,1.33983e-06,1.33951e-06,1.33226e-06,1.31754e-06,1.29773e-06,1.27429e-06,1.24846e-06,1.21863e-06,1.19389e-06,1.17082e-06,1.14928e-06
9.93185e-07,1.00768e-06,1.03447e-06,1.06842e-06,1.10586e-06,1.14417e-06,1.17997e-06,1.21469e-06,1.24397e-06,1.26479e-06,1.28121e-06,1.28786e-06,1.28725e-06,1.27967e-06,1.2659e-06,1.24629e-06,1.224e-06,1.19955e-06,1.17014e-06,1.14677e-06,1.12487e-06,1.10421e-06
9.50985e-07,9.64118e-07,9.91546e-07,1.02237e-06,1.06027e-06,1.09606e-06,1.12999e-06,1.16375e-06,1.19304e-06,1.21221e-06,1.22785e-06,1.23391e-06,1.23353e-06,1.22661e-06,1.21368e-06,1.19512e-06,1.17275e-06,1.14876e-06,1.12025e-06,1.09919e-06,1.0776e-06,1.05711e-06
9.0891e-07,9.21562e-07,9.47845e-07,9.78425e-07,1.01309e-06,1.04809e-06,1.08072e-06,1.11315e-06,1.14008e-06,1.15935e-06,1.17422e-06,1.18031e-06,1.17973e-06,1.1731e-06,1.16065e-06,1.14279e-06,1.12218e-06,1.09892e-06,1.07223e-06,1.05073e-06,1.02858e-06,1.00927e-06
8.67483e-07,8.79508e-07,9.04651e-07,9.33934e-07,9.67021e-07,1.00064e-06,1.03194e-06,1.06323e-06,1.08883e-06,1.10723e-06,1.12141e-06,1.12718e-06,1.12679e-06,1.12033e-06,1.10862e-06,1.09146e-06,1.07155e-06,1.0493e-06,1.02365e-06,1.00325e-06,9.81433e-07,9.62672e-07
8.26776e-07,8.38496e-07,8.62553e-07,8.91326e-07,9.22351e-07,9.54094e-07,9.84524e-07,1.01541e-06,1.04056e-06,1.05747e-06,1.0708e-06,1.07711e-06,1.07583e-06,1.06926e-06,1.05817e-06,1.04179e-06,1.02261e-06,1.00146e-06,9.75894e-07,9.56868e-07,9.34498e-07,9.17445e-07
7.8644e-07,7.98769e-07,8.20913e-07,8.48509e-07,8.77186e-07,9.10166e-07,9.37141e-07,9.66708e-07,9.9005e-07,1.00599e-06,1.01861e-06,1.02375e-06,1.02464e-06,1.01788e-06,1.00833e-06,9.91359e-07,9.73378e-07,9.53961e-07,9.30614e-07,9.11032e-07,8.89596e-07,8.71087e-07
7.46742e-07,7.5664e-07,7.78474e-07,8.037e-07,8.32899e-07,8.62127e-07,8.89495e-07,9.17268e-07,9.39081e-07,9.54967e-07,9.67163e-07,9.72562e-07,9.72129e-07,9.66255e-07,9.56616e-07,9.41464e-07,9.24139e-07,9.04318e-07,8.81894e-07,8.64283e-07,8.4357e-07,8.26959e-07
7.07613e-07,7.16928e-07,7.3774e-07,7.61701e-07,7.89462e-07,8.17554e-07,8.43483e-07,8.6995e-07,8.90675e-07,9.05817e-07,9.17477e-07,9.22614e-07,9.22198e-07,9.16471e-07,9.07559e-07,8.93036e-07,8.76602e-07,8.57657e-07,8.36088e-07,8.19442e-07,7.99046e-07,7.8312e-07
6.71076e-07,6.79796e-07,6.97589e-07,7.20949e-07,7.47235e-07,7.74548e-07,7.99304e-07,8.24799e-07,8.44004e-07,8.58089e-07,8.69363e-07,8.74799e-07,8.74234e-07,8.68319e-07,8.60194e-07,8.45691e-07,8.30496e-07,8.12766e-07,7.91576e-07,7.75981e-07,7.56893e-07,7.41817e-07
6.32623e-07,6.40777e-07,6.59634e-07,6.81117e-07,7.0639e-07,7.31889e-07,7.55325e-07,7.79435e-07,7.97894e-07,8.11518e-07,8.22017e-07,8.26824e-07,8.26418e-07,8.21056e-07,8.13426e-07,8.00112e-07,7.85337e-07,7.67897e-07,7.48224e-07,7.33154e-07,7.13599e-07,6.99014e-07
6.13801e-07,6.20941e-07,6.40709e-07,6.59848e-07,6.85531e-07,7.10296e-07,7.32283e-07,7.55533e-07,7.73862e-07,7.87336e-07,7.97299e-07,8.02338e-07,8.00983e-07,7.96787e-07,7.89469e-07,7.76327e-07,7.61581e-07,7.45414e-07,7.25062e-07,7.12238e-07,6.91986e-07,6.77805e-07
5.61966e-07,5.70761e-07,5.86629e-07,6.06302e-07,6.29571e-07,6.5199e-07,6.73771e-07,6.96117e-07,7.11891e-07,7.24176e-07,7.334e-07,7.37865e-07,7.3811e-07,7.32613e-07,7.26458e-07,7.14091e-07,7.01482e-07,6.839e-07,6.66676e-07,6.52552e-07,6.33299e-07,6.20969e-07
5.29444e-07,5.36072e-07,5.52167e-07,5.70463e-07,5.92073e-07,6.14226e-07,6.34156e-07,6.54866e-07,6.70306e-07,6.81833e-07,6.90793e-07,6.95092e-07,6.94746e-07,6.89976e-07,6.84037e-07,6.72345e-07,6.59855e-07,6.44717e-07,6.27231e-07,6.14273e-07,5.95997e-07,5.83162e-07
4.9947e-07,5.04073e-07,5.20048e-07,5.36745e-07,5.57582e-07,5.79596e-07,5.98036e-07,6.17092e-07,6.32301e-07,6.42893e-07,6.51057e-07,6.55577e-07,6.55316e-07,6.50497e-07,6.45361e-07,6.33766e-07,6.22223e-07,6.077e-07,5.91072e-07,5.78886e-07,5.61569e-07,5.48875e-07
4.67923e-07,4.73832e-07,4.88236e-07,5.04502e-07,5.24134e-07,5.44046e-07,5.62017e-07,5.80762e-07,5.94301e-07,6.04676e-07,6.12731e-07,6.16651e-07,6.16374e-07,6.11862e-07,6.0694e-07,5.96272e-07,5.85095e-07,5.71043e-07,5.55241e-07,5.43256e-07,5.26035e-07,5.14259e-07
4.39631e-07,4.45216e-07,4.58845e-07,4.7384e-07,4.93157e-07,5.11885e-07,5.2907e-07,5.46826e-07,5.59501e-07,5.69345e-07,5.7692e-07,5.80699e-07,5.80779e-07,5.76076e-07,5.71724e-07,5.61384e-07,5.50803e-07,5.36961e-07,5.22337e-07,5.10459e-07,4.93976e-07,4.82762e-07
4.13813e-07,4.19326e-07,4.32666e-07,4.47556e-07,4.63943e-07,4.82139e-07,4.98473e-07,5.15551e-07,5.28695e-07,5.37153e-07,5.44445e-07,5.47966e-07,5.46959e-07,5.43633e-07,5.38925e-07,5.29267e-07,5.18803e-07,5.06522e-07,4.91235e-07,4.80378e-07,4.63897e-07,4.53026e-07
3.89445e-07,3.93264e-07,4.05586e-07,4.19367e-07,4.36762e-07,4.53294e-07,4.6857e-07,4.84649e-07,4.96148e-07,5.05249e-07,5.12503e-07,5.16368e-07,5.15347e-07,5.11166e-07,5.06876e-07,4.97897e-07,4.88177e-07,4.76113e-07,4.62285e-07,4.51266e-07,4.35736e-07,4.25583e-07
3.65774e-07,3.70382e-07,3.81717e-07,3.94649e-07,4.1064e-07,4.26834e-07,4.41573e-07,4.56733e-07,4.67477e-07,4.75904e-07,4.8242e-07,4.85778e-07,4.85543e-07,4.81811e-07,4.78232e-07,4.69103e-07,4.60239e-07,4.47893e-07,4.3483e-07,4.24078e-07,4.09116e-07,3.99174e-07
3.44869e-07,3.49225e-07,3.59835e-07,3.72057e-07,3.87276e-07,4.02726e-07,4.16785e-07,4.31195e-07,4.41387e-07,4.4943e-07,4.55645e-07,4.58845e-07,4.58655e-07,4.55091e-07,4.51757e-07,4.42929e-07,4.34514e-07,4.22577e-07,4.09982e-07,3.9946e-07,3.85027e-07,3.7551e-07
3.26422e-07,3.30209e-07,3.39935e-07,3.5174e-07,3.66541e-07,3.80773e-07,3.94734e-07,4.08065e-07,4.17865e-07,4.25971e-07,4.32252e-07,4.35325e-07,4.3503e-07,4.31367e-07,4.2699e-07,4.19802e-07,4.10852e-07,4.00355e-07,3.87766e-07,3.77245e-07,3.63773e-07,3.54001e-07
3.085e-07,3.12539e-07,3.21688e-07,3.32803e-07,3.46477e-07,3.60623e-07,3.73534e-07,3.86581e-07,3.95853e-07,4.03238e-07,4.08906e-07,4.11865e-07,4.11722e-07,4.08494e-07,4.05506e-07,3.97261e-07,3.89574e-07,3.78379e-07,3.66684e-07,3.56509e-07,3.43104e-07,3.34228e-07
2.9295e-07,2.96842e-07,3.05352e-07,3.15934e-07,3.28925e-07,3.42506e-07,3.54915e-07,3.67382e-07,3.76271e-07,3.83376e-07,3.8882e-07,3.91651e-07,3.91537e-07,3.88454e-07,3.8558e-07,3.77599e-07,3.70211e-07,3.59326e-07,3.47971e-07,3.37959e-07,3.25134e-07,3.165e-07
2.79075e-07,2.82799e-07,2.90725e-07,3.00847e-07,3.13204e-07,3.26262e-07,3.38237e-07,3.50151e-07,3.58721e-07,3.65586e-07,3.70811e-07,3.73537e-07,3.73457e-07,3.70534e-07,3.67708e-07,3.59983e-07,3.52824e-07,3.42266e-07,3.31281e-07,3.21396e-07,3.0903e-07,3.00629e-07
2.66704e-07,2.70398e-07,2.77699e-07,2.87359e-07,2.99117e-07,3.11693e-07,3.23261e-07,3.34686e-07,3.4297e-07,3.49624e-07,3.54657e-07,3.57281e-07,3.57223e-07,3.54411e-07,3.51665e-07,3.44167e-07,3.37217e-07,3.26947e-07,3.16257e-07,3.06488e-07,2.94644e-07,2.86554e-07
2.55956e-07,2.59452e-07,2.66269e-07,2.7536e-07,2.86726e-07,2.98716e-07,3.10086e-07,3.21064e-07,3.29065e-07,3.35556e-07,3.4041e-07,3.42963e-07,3.42918e-07,3.40207e-07,3.3748e-07,3.30187e-07,3.23424e-07,3.13439e-07,3.03154e-07,2.93341e-07,2.82021e-07,2.74251e-07
2.46297e-07,2.49777e-07,2.56024e-07,2.64815e-07,2.75455e-07,2.87345e-07,2.98461e-07,3.08655e-07,3.16601e-07,3.22976e-07,3.27668e-07,3.30076e-07,3.30167e-07,3.27426e-07,3.24799e-07,3.17637e-07,3.11047e-07,3.01306e-07,2.91146e-07,2.81644e-07,2.7085e-07,2.63301e-07
2.37646e-07,2.41146e-07,2.46874e-07,2.55436e-07,2.65658e-07,2.77041e-07,2.87626e-07,2.9782e-07,3.05501e-07,3.1166e-07,3.16216e-07,3.18583e-07,3.18594e-07,3.1612e-07,3.13371e-07,3.06515e-07,2.99919e-07,2.90482e-07,2.8062e-07,2.71205e-07,2.60694e-07,2.53296e-07
2.3044e-07,2.33645e-07,2.38959e-07,2.4721e-07,2.56956e-07,2.68187e-07,2.78291e-07,2.88106e-07,2.95744e-07,3.01795e-07,3.06281e-07,3.08699e-07,3.0853e-07,3.06171e-07,3.03162e-07,2.96686e-07,2.90456e-07,2.81089e-07,2.7132e-07,2.62175e-07,2.51949e-07,2.44802e-07
2.23609e-07,2.26873e-07,2.31825e-07,2.3962e-07,2.49079e-07,2.59706e-07,2.69915e-07,2.79422e-07,2.86825e-07,2.92742e-07,2.97043e-07,2.99298e-07,2.99354e-07,2.9705e-07,2.94446e-07,2.87705e-07,2.81185e-07,2.7259e-07,2.62981e-07,2.53844e-07,2.44052e-07,2.36978e-07
2.17411e-07,2.20773e-07,2.25323e-07,2.32998e-07,2.41898e-07,2.52417e-07,2.62234e-07,2.71563e-07,2.78802e-07,2.84631e-07,2.88843e-07,2.90962e-07,2.91056e-07,2.88788e-07,2.86008e-07,2.79672e-07,2.73203e-07,2.64673e-07,2.55284e-07,2.46458e-07,2.36909e-07,2.30013e-07
2.12052e-07,2.15183e-07,2.19433e-07,2.26576e-07,2.35308e-07,2.45438e-07,2.55096e-07,2.64136e-07,2.71321e-07,2.77033e-07,2.81129e-07,2.8322e-07,2.83301e-07,2.81128e-07,2.78218e-07,2.72054e-07,2.65658e-07,2.57273e-07,2.48254e-07,2.39538e-07,2.30301e-07,2.23736e-07
2.06815e-07,2.09909e-07,2.13949e-07,2.20925e-07,2.2924e-07,2.39117e-07,2.48562e-07,2.57371e-07,2.64466e-07,2.70077e-07,2.74089e-07,2.76103e-07,2.76203e-07,2.7408e-07,2.71159e-07,2.65131e-07,2.58785e-07,2.50581e-07,2.41752e-07,2.33175e-07,2.24349e-07,2.17749e-07
2.02213e-07,2.05264e-07,2.08986e-07,2.15606e-07,2.23754e-07,2.33253e-07,2.42585e-07,2.51215e-07,2.5819e-07,2.637e-07,2.67612e-07,2.69599e-07,2.69691e-07,2.67615e-07,2.6467e-07,2.58755e-07,2.52455e-07,2.44469e-07,2.35851e-07,2.27391e-07,2.18911e-07,2.12514e-07
1.97616e-07,2.00531e-07,2.04248e-07,2.10613e-07,2.18366e-07,2.27752e-07,2.36823e-07,2.45239e-07,2.5214e-07,2.57569e-07,2.61406e-07,2.63307e-07,2.63427e-07,2.61396e-07,2.58413e-07,2.52686e-07,2.46427e-07,2.38621e-07,2.30164e-07,2.21914e-07,2.13609e-07,2.07221e-07
1.93502e-07,1.96171e-07,1.99669e-07,2.05822e-07,2.13312e-07,2.22474e-07,2.31316e-07,2.39561e-07,2.46368e-07,2.51683e-07,2.55461e-07,2.57315e-07,2.57422e-07,2.55439e-07,2.52391e-07,2.46841e-07,2.40619e-07,2.32983e-07,2.24714e-07,2.16724e-07,2.08608e-07,2.02407e-07
1.89279e-07,1.92001e-07,1.95237e-07,2.01221e-07,2.08407e-07,2.17406e-07,2.26038e-07,2.34095e-07,2.40833e-07,2.46056e-07,2.49771e-07,2.5156e-07,2.51683e-07,2.49738e-07,2.46614e-07,2.41234e-07,2.35121e-07,2.27647e-07,2.19519e-07,2.1166e-07,2.03776e-07,1.97716e-07
1.85359e-07,1.88054e-07,1.91098e-07,1.96705e-07,2.03808e-07,2.12413e-07,2.20958e-07,2.28828e-07,2.3546e-07,2.40614e-07,2.44269e-07,2.46e-07,2.46142e-07,2.44195e-07,2.41192e-07,2.35819e-07,2.29691e-07,2.22474e-07,2.14528e-07,2.0678e-07,1.9912e-07,1.93219e-07
1.81395e-07,1.83961e-07,1.86907e-07,1.92388e-07,1.99157e-07,2.07647e-07,2.16005e-07,2.23682e-07,2.30231e-07,2.35282e-07,2.38862e-07,2.40558e-07,2.40692e-07,2.38786e-07,2.35789e-07,2.30517e-07,2.24507e-07,2.1736e-07,2.0961e-07,2.02061e-07,1.94603e-07,1.88822e-07
1.77584e-07,1.80041e-07,1.82836e-07,1.88124e-07,1.94743e-07,2.03014e-07,2.11146e-07,2.18723e-07,2.25146e-07,2.30114e-07,2.33626e-07,2.35279e-07,2.354e-07,2.33551e-07,2.30529e-07,2.25392e-07,2.19457e-07,2.12464e-07,2.04844e-07,1.97478e-07,1.90192e-07,1.84567e-07
1.73824e-07,1.76394e-07,1.78922e-07,1.84016e-07,1.90434e-07,1.98501e-07,2.06465e-07,2.13892e-07,2.20225e-07,2.25104e-07,2.28532e-07,2.30167e-07,2.30291e-07,2.28443e-07,2.25465e-07,2.20406e-07,2.14576e-07,2.07723e-07,2.00281e-07,1.92954e-07,1.85894e-07,1.80316e-07
1.70221e-07,1.72585e-07,1.75169e-07,1.79987e-07,1.86225e-07,1.94037e-07,2.01857e-07,2.0915e-07,2.15363e-07,2.20147e-07,2.23538e-07,2.25118e-07,2.25241e-07,2.23429e-07,2.20468e-07,2.15525e-07,2.09758e-07,2.03017e-07,1.95742e-07,1.88592e-07,1.81751e-07,1.76264e-07
1.66576e-07,1.68949e-07,1.71349e-07,1.76058e-07,1.82058e-07,1.89708e-07,1.9736e-07,2.04493e-07,2.10613e-07,2.15312e-07,2.18626e-07,2.20178e-07,2.20281e-07,2.18502e-07,2.15557e-07,2.10703e-07,2.05075e-07,1.98451e-07,1.91308e-07,1.84317e-07,1.77604e-07,1.72222e-07
1.63094e-07,1.65394e-07,1.67677e-07,1.7217e-07,1.78032e-07,1.85453e-07,1.92948e-07,1.99946e-07,2.0595e-07,2.10561e-07,2.13844e-07,2.15349e-07,2.15446e-07,2.13693e-07,2.10787e-07,2.06021e-07,2.00439e-07,1.93943e-07,1.86974e-07,1.80102e-07,1.73557e-07,1.68335e-07
1.59563e-07,1.61836e-07,1.64061e-07,1.68431e-07,1.74088e-07,1.81332e-07,1.88678e-07,1.95531e-07,2.01436e-07,2.05968e-07,2.09174e-07,2.10657e-07,2.10733e-07,2.09008e-07,2.06144e-07,2.01469e-07,1.95986e-07,1.89606e-07,1.82793e-07,1.76028e-07,1.69724e-07,1.64458e-07
1.56274e-07,1.58508e-07,1.6044e-07,1.64662e-07,1.70203e-07,1.77281e-07,1.84422e-07,1.91148e-07,1.96941e-07,2.01404e-07,2.04555e-07,2.05984e-07,2.06078e-07,2.0436e-07,2.01538e-07,1.96946e-07,1.9155e-07,1.85282e-07,1.78631e-07,1.7198e-07,1.65748e-07,1.60756e-07
1.52774e-07,1.55016e-07,1.57042e-07,1.61078e-07,1.66388e-07,1.73314e-07,1.80332e-07,1.86894e-07,1.92569e-07,1.96927e-07,2.00036e-07,2.01439e-07,2.01517e-07,1.99834e-07,1.97046e-07,1.92536e-07,1.8726e-07,1.81121e-07,1.74556e-07,1.68112e-07,1.61964e-07,1.56998e-07
1.49608e-07,1.51739e-07,1.53622e-07,1.57482e-07,1.62738e-07,1.69452e-07,1.76275e-07,1.82698e-07,1.8828e-07,1.92563e-07,1.95628e-07,1.96973e-07,1.9706e-07,1.95412e-07,1.92668e-07,1.88257e-07,1.83042e-07,1.76992e-07,1.70563e-07,1.64309e-07,1.58387e-07,1.53459e-07
1.46286e-07,1.4835e-07,1.50289e-07,1.53971e-07,1.59013e-07,1.65569e-07,1.72279e-07,1.78597e-07,1.84039e-07,1.88245e-07,1.9124e-07,1.92576e-07,1.92641e-07,1.91002e-07,1.88309e-07,1.83972e-07,1.78887e-07,1.72984e-07,1.66666e-07,1.6042e-07,1.54591e-07,1.49799e-07
1.43078e-07,1.45073e-07,1.46876e-07,1.50491e-07,1.55391e-07,1.61755e-07,1.68317e-07,1.74486e-07,1.7983e-07,1.8393e-07,1.86891e-07,1.88191e-07,1.88252e-07,1.86653e-07,1.83999e-07,1.79748e-07,1.74737e-07,1.6891e-07,1.62739e-07,1.56686e-07,1.5099e-07,1.46313e-07
1.39833e-07,1.41798e-07,1.43611e-07,1.47102e-07,1.51876e-07,1.5806e-07,1.64468e-07,1.7052e-07,1.75744e-07,1.79775e-07,1.82677e-07,1.83941e-07,1.84005e-07,1.82434e-07,1.79803e-07,1.75655e-07,1.70735e-07,1.64984e-07,1.58949e-07,1.53012e-07,1.47493e-07,1.42879e-07
1.37147e-07,1.3903e-07,1.40705e-07,1.44103e-07,1.48686e-07,1.54736e-07,1.60992e-07,1.66969e-07,1.72067e-07,1.76025e-07,1.78823e-07,1.80118e-07,1.8009e-07,1.78606e-07,1.76009e-07,1.7189e-07,1.67117e-07,1.61485e-07,1.55585e-07,1.49729e-07,1.44334e-07,1.39794e-07
1.34052e-07,1.36027e-07,1.37561e-07,1.40849e-07,1.45248e-07,1.51197e-07,1.57294e-07,1.63157e-07,1.68154e-07,1.72032e-07,1.7476e-07,1.76037e-07,1.75999e-07,1.74535e-07,1.71989e-07,1.67941e-07,1.63269e-07,1.57761e-07,1.51969e-07,1.46239e-07,1.40875e-07,1.36479e-07
1.31086e-07,1.32827e-07,1.34509e-07,1.3762e-07,1.41934e-07,1.47694e-07,1.53638e-07,1.59371e-07,1.64248e-07,1.68065e-07,1.70751e-07,1.71953e-07,1.71931e-07,1.70508e-07,1.68021e-07,1.6404e-07,1.59452e-07,1.54042e-07,1.48374e-07,1.42749e-07,1.37598e-07,1.33236e-07
1.27507e-07,1.29422e-07,1.3096e-07,1.3398e-07,1.38227e-07,1.43797e-07,1.4964e-07,1.55163e-07,1.59967e-07,1.63672e-07,1.66364e-07,1.67502e-07,1.67543e-07,1.66086e-07,1.63656e-07,1.59819e-07,1.55269e-07,1.49957e-07,1.44329e-07,1.3886e-07,1.33793e-07,1.2961e-07
1.24513e-07,1.26288e-07,1.27833e-07,1.30784e-07,1.34911e-07,1.4035e-07,1.46052e-07,1.51444e-07,1.56133e-07,1.59758e-07,1.62411e-07,1.63501e-07,1.6354e-07,1.62105e-07,1.59731e-07,1.55969e-07,1.51513e-07,1.46279e-07,1.4086e-07,1.35467e-07,1.30481e-07,1.26335e-07
1.21592e-07,1.23367e-07,1.24869e-07,1.27698e-07,1.31734e-07,1.37051e-07,1.42623e-07,1.47785e-07,1.52423e-07,1.5596e-07,1.58643e-07,1.59643e-07,1.59759e-07,1.58287e-07,1.55992e-07,1.52321e-07,1.478e-07,1.42735e-07,1.37381e-07,1.32232e-07,1.27266e-07,1.23247e-07
1.18625e-07,1.20317e-07,1.21816e-07,1.24607e-07,1.28494e-07,1.33657e-07,1.39065e-07,1.44232e-07,1.48712e-07,1.52184e-07,1.54723e-07,1.55756e-07,1.55792e-07,1.54407e-07,1.52129e-07,1.48531e-07,1.44242e-07,1.39211e-07,1.33998e-07,1.28828e-07,1.24035e-07,1.20072e-07
1.15658e-07,1.1746e-07,1.18958e-07,1.21562e-07,1.25385e-07,1.30409e-07,1.35737e-07,1.40776e-07,1.45127e-07,1.48472e-07,1.51015e-07,1.52049e-07,1.5207e-07,1.50688e-07,1.48498e-07,1.4497e-07,1.40708e-07,1.35808e-07,1.30716e-07,1.25594e-07,1.20869e-07,1.17002e-07
1.12932e-07,1.14523e-07,1.16047e-07,1.18569e-07,1.22247e-07,1.27162e-07,1.32306e-07,1.37273e-07,1.41522e-07,1.44796e-07,1.47285e-07,1.48278e-07,1.48292e-07,1.46938e-07,1.4483e-07,1.41364e-07,1.37151e-07,1.32363e-07,1.27392e-07,1.22363e-07,1.17852e-07,1.14002e-07
1.09978e-07,1.11633e-07,1.13058e-07,1.15612e-07,1.19196e-07,1.23962e-07,1.29008e-07,1.33775e-07,1.37951e-07,1.41164e-07,1.43581e-07,1.44518e-07,1.44539e-07,1.43247e-07,1.4111e-07,1.37744e-07,1.33716e-07,1.28954e-07,1.2405e-07,1.19196e-07,1.14715e-07,1.10975e-07
1.07235e-07,1.08881e-07,1.10272e-07,1.12734e-07,1.16228e-07,1.20914e-07,1.25822e-07,1.30362e-07,1.345e-07,1.37642e-07,1.40105e-07,1.40921e-07,1.41043e-07,1.39691e-07,1.37632e-07,1.34364e-07,1.30236e-07,1.2564e-07,1.20826e-07,1.16204e-07,1.11727e-07,1.08106e-07
1.0444e-07,1.06012e-07,1.07429e-07,1.09854e-07,1.13227e-07,1.17755e-07,1.22528e-07,1.27081e-07,1.31069e-07,1.34094e-07,1.36414e-07,1.3733e-07,1.37355e-07,1.36093e-07,1.34078e-07,1.30837e-07,1.26974e-07,1.22438e-07,1.17685e-07,1.13048e-07,1.08719e-07,1.05138e-07
1.01681e-07,1.03209e-07,1.04631e-07,1.06979e-07,1.10259e-07,1.14665e-07,1.1933e-07,1.23752e-07,1.27625e-07,1.30617e-07,1.32878e-07,1.33741e-07,1.33767e-07,1.32529e-07,1.30559e-07,1.27397e-07,1.23619e-07,1.19163e-07,1.14566e-07,1.09978e-07,1.05758e-07,1.02229e-07
9.8941e-08,1.00551e-07,1.01938e-07,1.04224e-07,1.0741e-07,1.11724e-07,1.16278e-07,1.2058e-07,1.24342e-07,1.27258e-07,1.29458e-07,1.30314e-07,1.30348e-07,1.29127e-07,1.27196e-07,1.24092e-07,1.20412e-07,1.16067e-07,1.11548e-07,1.07056e-07,1.0283e-07,9.94136e-08
9.64096e-08,9.7819e-08,9.93818e-08,1.01442e-07,1.04636e-07,1.08746e-07,1.13196e-07,1.17403e-07,1.2108e-07,1.23925e-07,1.26086e-07,1.26896e-07,1.2693e-07,1.25745e-07,1.23859e-07,1.20858e-07,1.17194e-07,1.1294e-07,1.08599e-07,1.04078e-07,1.0011e-07,9.67155e-08
9.38269e-08,9.53089e-08,9.67035e-08,9.89448e-08,1.01964e-07,1.06057e-07,1.10388e-07,1.14323e-07,1.17977e-07,1.20798e-07,1.22957e-07,1.23607e-07,1.23785e-07,1.22547e-07,1.20707e-07,1.17782e-07,1.1422e-07,1.10029e-07,1.05565e-07,1.0143e-07,9.73379e-08,9.41244e-08
9.12128e-08,9.27013e-08,9.39728e-08,9.62032e-08,9.90657e-08,1.03044e-07,1.07255e-07,1.11253e-07,1.14767e-07,1.17469e-07,1.1947e-07,1.20254e-07,1.20275e-07,1.19138e-07,1.17318e-07,1.14463e-07,1.11141e-07,1.06985e-07,1.02653e-07,9.84095e-08,9.45186e-08,9.13286e-08
8.86313e-08,9.0034e-08,9.14061e-08,9.35135e-08,9.63799e-08,1.00214e-07,1.04334e-07,1.08217e-07,1.11599e-07,1.14231e-07,1.16219e-07,1.17015e-07,1.17023e-07,1.15902e-07,1.14157e-07,1.11314e-07,1.07958e-07,1.03924e-07,9.98291e-08,9.56428e-08,9.18452e-08,8.86046e-08
8.61138e-08,8.75146e-08,8.88954e-08,9.09485e-08,9.37342e-08,9.74717e-08,1.01508e-07,1.05263e-07,1.08551e-07,1.11116e-07,1.13066e-07,1.13825e-07,1.1382e-07,1.12735e-07,1.11025e-07,1.0827e-07,1.04976e-07,1.0103e-07,9.70008e-08,9.29147e-08,8.91882e-08,8.5997e-08
8.3662e-08,8.50351e-08,8.64122e-08,8.84506e-08,9.11789e-08,9.48088e-08,9.86576e-08,1.02344e-07,1.05573e-07,1.08061e-07,1.09973e-07,1.10687e-07,1.10712e-07,1.09626e-07,1.07978e-07,1.05311e-07,1.02041e-07,9.8198e-08,9.42412e-08,9.02394e-08,8.65638e-08,8.35104e-08
8.13276e-08,8.25863e-08,8.40567e-08,8.59537e-08,8.86259e-08,9.21602e-08,9.592e-08,9.94994e-08,1.02634e-07,1.05058e-07,1.06931e-07,1.07593e-07,1.0762e-07,1.0657e-07,1.0496e-07,1.02349e-07,9.91369e-08,9.54102e-08,9.15633e-08,8.75915e-08,8.40608e-08,8.10119e-08
7.88891e-08,8.01967e-08,8.16379e-08,8.36009e-08,8.61621e-08,8.96281e-08,9.32733e-08,9.67158e-08,9.97751e-08,1.02136e-07,1.03999e-07,1.04594e-07,1.04649e-07,1.03607e-07,1.02059e-07,9.95074e-08,9.64079e-08,9.2709e-08,8.88985e-08,8.50951e-08,8.14954e-08,7.85964e-08
7.65591e-08,7.78477e-08,7.92396e-08,8.11586e-08,8.3695e-08,8.70352e-08,9.06127e-08,9.39698e-08,9.69388e-08,9.92263e-08,1.01023e-07,1.01639e-07,1.01661e-07,1.00652e-07,9.91157e-08,9.66285e-08,9.3588e-08,8.9984e-08,8.62998e-08,8.24973e-08,7.90508e-08,7.6143e-08
7.43017e-08,7.55847e-08,7.69798e-08,7.88723e-08,8.13475e-08,8.45884e-08,8.80738e-08,9.1339e-08,9.42274e-08,9.64514e-08,9.81799e-08,9.88206e-08,9.88177e-08,9.78402e-08,9.63378e-08,9.39063e-08,9.09325e-08,8.74038e-08,8.37603e-08,8.00671e-08,7.66771e-08,7.38207e-08
7.21055e-08,7.33472e-08,7.47564e-08,7.66102e-08,7.90403e-08,8.21712e-08,8.55801e-08,8.87426e-08,9.15576e-08,9.37162e-08,9.54164e-08,9.60071e-08,9.60134e-08,9.50596e-08,9.36074e-08,9.1187e-08,8.83112e-08,8.48807e-08,8.13572e-08,7.76743e-08,7.4363e-08,7.15246e-08
6.98945e-08,7.11449e-08,7.25492e-08,7.43698e-08,7.67397e-08,7.98089e-08,8.31101e-08,8.61808e-08,8.89115e-08,9.10123e-08,9.26621e-08,9.32424e-08,9.32488e-08,9.22972e-08,9.08797e-08,8.85704e-08,8.57245e-08,8.23577e-08,7.88839e-08,7.53106e-08,7.20575e-08,6.92791e-08
6.77854e-08,6.90139e-08,7.04155e-08,7.2225e-08,7.45482e-08,7.75286e-08,8.07286e-08,8.37234e-08,8.63835e-08,8.8422e-08,9.00431e-08,9.05817e-08,9.05955e-08,8.96711e-08,8.82749e-08,8.60246e-08,8.3236e-08,7.99467e-08,7.65689e-08,7.30283e-08,6.98427e-08,6.71203e-08
6.63858e-08,6.75491e-08,6.89058e-08,7.07189e-08,7.29333e-08,7.58266e-08,7.89158e-08,8.19484e-08,8.44968e-08,8.64976e-08,8.79568e-08,8.86206e-08,8.84971e-08,8.76925e-08,8.62843e-08,8.402e-08,8.13875e-08,7.81595e-08,7.48609e-08,7.13615e-08,6.83196e-08,6.55793e-08
6.37022e-08,6.48977e-08,6.62998e-08,6.80578e-08,7.02838e-08,7.30893e-08,7.61256e-08,7.89396e-08,8.14528e-08,8.33764e-08,8.49165e-08,8.54165e-08,8.54268e-08,8.45322e-08,8.32094e-08,8.10679e-08,7.84077e-08,7.52474e-08,7.20282e-08,6.86093e-08,6.55537e-08,6.29289e-08
6.17661e-08,6.29411e-08,6.43382e-08,6.60837e-08,6.82564e-08,7.0979e-08,7.39365e-08,7.66772e-08,7.91206e-08,8.0986e-08,8.24677e-08,8.2969e-08,8.29734e-08,8.21129e-08,8.08058e-08,7.87302e-08,7.61139e-08,7.30239e-08,6.98384e-08,6.65225e-08,6.34802e-08,6.09318e-08
5.9818e-08,6.1023e-08,6.24021e-08,6.41202e-08,6.62928e-08,6.8905e-08,7.17894e-08,7.44379e-08,7.68118e-08,7.86417e-08,8.00884e-08,8.05358e-08,8.05559e-08,7.97267e-08,7.84365e-08,7.63979e-08,7.38577e-08,7.08112e-08,6.77622e-08,6.444e-08,6.1491e-08,5.89737e-08
5.79642e-08,5.9172e-08,6.05506e-08,6.22354e-08,6.43366e-08,6.69057e-08,6.97142e-08,7.22931e-08,7.45979e-08,7.63598e-08,7.77438e-08,7.82239e-08,7.82234e-08,7.74052e-08,7.61663e-08,7.41597e-08,7.16763e-08,6.87137e-08,6.5656e-08,6.24519e-08,5.95563e-08,5.70614e-08
5.61943e-08,5.73251e-08,5.87175e-08,6.04291e-08,6.24721e-08,6.49968e-08,6.76773e-08,7.0198e-08,7.24509e-08,7.41632e-08,7.5522e-08,7.59705e-08,7.5979e-08,7.51668e-08,7.39432e-08,7.20242e-08,6.95576e-08,6.66689e-08,6.3688e-08,6.05291e-08,5.76827e-08,5.52235e-08
5.44265e-08,5.56014e-08,5.6974e-08,5.86502e-08,6.06635e-08,6.30934e-08,6.57512e-08,6.81929e-08,7.03538e-08,7.20519e-08,7.33443e-08,7.37908e-08,7.37638e-08,7.2992e-08,7.17799e-08,6.98565e-08,6.75017e-08,6.46837e-08,6.17705e-08,5.86563e-08,5.58836e-08,5.34494e-08
5.27525e-08,5.38987e-08,5.5283e-08,5.69321e-08,5.88923e-08,6.12805e-08,6.3882e-08,6.62232e-08,6.83307e-08,6.99523e-08,7.12358e-08,7.16741e-08,7.16358e-08,7.08824e-08,6.97061e-08,6.78466e-08,6.55054e-08,6.27577e-08,5.98601e-08,5.684e-08,5.41085e-08,5.17273e-08
5.11037e-08,5.2277e-08,5.36526e-08,5.52722e-08,5.7206e-08,5.95148e-08,6.20228e-08,6.43229e-08,6.63785e-08,6.79526e-08,6.91792e-08,6.96158e-08,6.95911e-08,6.88398e-08,6.7695e-08,6.5873e-08,6.3589e-08,6.08868e-08,5.80673e-08,5.50808e-08,5.24212e-08,5.00751e-08
4.95494e-08,5.06723e-08,5.20489e-08,5.36589e-08,5.55613e-08,5.7799e-08,6.02408e-08,6.24747e-08,6.44713e-08,6.59982e-08,6.7208e-08,6.76181e-08,6.75863e-08,6.68541e-08,6.57287e-08,6.39445e-08,6.17045e-08,5.90658e-08,5.63111e-08,5.33898e-08,5.07573e-08,4.84559e-08
4.80379e-08,4.91785e-08,5.05282e-08,5.21209e-08,5.40048e-08,5.61686e-08,5.85496e-08,6.0715e-08,6.26589e-08,6.41434e-08,6.53127e-08,6.57101e-08,6.56797e-08,6.4963e-08,6.3861e-08,6.21163e-08,5.99317e-08,5.73423e-08,5.46443e-08,5.17653e-08,4.9186e-08,4.69105e-08
4.66004e-08,4.77177e-08,4.90586e-08,5.06281e-08,5.24791e-08,5.46103e-08,5.69222e-08,5.90231e-08,6.09153e-08,6.23599e-08,6.34917e-08,6.38702e-08,6.3843e-08,6.31379e-08,6.20699e-08,6.03511e-08,5.82097e-08,5.56819e-08,5.30243e-08,5.01949e-08,4.76817e-08,4.54297e-08
4.52314e-08,4.63437e-08,4.76436e-08,4.92133e-08,5.10301e-08,5.30961e-08,5.53605e-08,5.73957e-08,5.92413e-08,6.06439e-08,6.17317e-08,6.21068e-08,6.2079e-08,6.13964e-08,6.03276e-08,5.86551e-08,5.65522e-08,5.40576e-08,5.14648e-08,4.8694e-08,4.62354e-08,4.3992e-08
4.38725e-08,4.49812e-08,4.62873e-08,4.78588e-08,4.96564e-08,5.16441e-08,5.38435e-08,5.58306e-08,5.76172e-08,5.8988e-08,6.00542e-08,6.04004e-08,6.03764e-08,5.97182e-08,5.8638e-08,5.70169e-08,5.4973e-08,5.25241e-08,4.9966e-08,4.72504e-08,4.47978e-08,4.2668e-08
4.25553e-08,4.36676e-08,4.49801e-08,4.64853e-08,4.82442e-08,5.02021e-08,5.23455e-08,5.42766e-08,5.60176e-08,5.73486e-08,5.83816e-08,5.87322e-08,5.86888e-08,5.80281e-08,5.7e-08,5.53991e-08,5.33815e-08,5.10041e-08,4.84966e-08,4.58436e-08,4.34388e-08,4.1305e-08
4.13291e-08,4.24257e-08,4.37143e-08,4.52369e-08,4.69522e-08,4.88503e-08,5.09474e-08,5.28314e-08,5.45204e-08,5.58373e-08,5.68186e-08,5.71584e-08,5.71052e-08,5.64786e-08,5.54551e-08,5.38516e-08,5.1902e-08,4.95752e-08,4.71416e-08,4.45048e-08,4.21747e-08,4.00444e-08
4.01435e-08,4.12181e-08,4.25114e-08,4.40054e-08,4.57091e-08,4.75585e-08,4.95915e-08,5.14134e-08,5.30672e-08,5.43277e-08,5.52948e-08,5.56347e-08,5.55768e-08,5.49536e-08,5.39494e-08,5.24051e-08,5.04735e-08,4.8194e-08,4.57861e-08,4.32058e-08,4.09119e-08,3.88401e-08
3.89966e-08,4.00838e-08,4.13685e-08,4.28498e-08,4.44872e-08,4.6321e-08,4.83004e-08,5.00864e-08,5.16931e-08,5.29233e-08,5.38579e-08,5.41879e-08,5.41285e-08,5.35125e-08,5.25291e-08,5.1016e-08,4.91077e-08,4.6892e-08,4.45128e-08,4.19923e-08,3.97381e-08,3.76986e-08
3.79338e-08,3.90141e-08,4.02842e-08,4.17455e-08,4.3379e-08,4.51361e-08,4.7077e-08,4.88124e-08,5.03784e-08,5.15765e-08,5.24838e-08,5.28031e-08,5.27442e-08,5.21442e-08,5.11718e-08,4.96792e-08,4.78269e-08,4.56209e-08,4.3303e-08,4.08228e-08,3.86161e-08,3.65989e-08
3.68972e-08,3.79815e-08,3.92393e-08,4.0682e-08,4.23049e-08,4.40055e-08,4.58988e-08,4.7591e-08,4.91178e-08,5.0283e-08,5.11648e-08,5.14809e-08,5.14127e-08,5.08252e-08,4.98638e-08,4.84004e-08,4.65807e-08,4.4427e-08,4.21306e-08,3.97055e-08,3.7529e-08,3.55818e-08
3.59284e-08,3.70168e-08,3.82317e-08,3.96725e-08,4.12474e-08,4.29264e-08,4.47798e-08,4.642e-08,4.79069e-08,4.90487e-08,4.98959e-08,5.02105e-08,5.01351e-08,4.95622e-08,4.85986e-08,4.71727e-08,4.53878e-08,4.32567e-08,4.10286e-08,3.8638e-08,3.65279e-08,3.45528e-08
3.49677e-08,3.60486e-08,3.72797e-08,3.86884e-08,4.02373e-08,4.18747e-08,4.3671e-08,4.52842e-08,4.67363e-08,4.78458e-08,4.86698e-08,4.89757e-08,4.8899e-08,4.83408e-08,4.74016e-08,4.59819e-08,4.42305e-08,4.21579e-08,3.99562e-08,3.76054e-08,3.55597e-08,3.36115e-08
3.40798e-08,3.51607e-08,3.63596e-08,3.77488e-08,3.92646e-08,4.087e-08,4.26252e-08,4.41996e-08,4.56134e-08,4.67002e-08,4.74989e-08,4.78145e-08,4.77171e-08,4.71624e-08,4.6242e-08,4.48498e-08,4.31157e-08,4.10924e-08,3.89163e-08,3.66426e-08,3.46028e-08,3.27043e-08
3.32186e-08,3.43228e-08,3.55034e-08,3.68818e-08,3.83748e-08,3.99359e-08,4.16525e-08,4.31894e-08,4.45702e-08,4.56309e-08,4.64058e-08,4.66875e-08,4.6618e-08,4.60696e-08,4.51616e-08,4.37961e-08,4.20992e-08,4.0124e-08,3.79775e-08,3.57227e-08,3.37342e-08,3.18734e-08
3.24451e-08,3.35057e-08,3.46712e-08,3.60245e-08,3.74921e-08,3.90184e-08,4.06956e-08,4.21893e-08,4.3544e-08,4.45825e-08,4.53343e-08,4.56411e-08,4.55329e-08,4.50017e-08,4.40998e-08,4.27541e-08,4.10708e-08,3.91271e-08,3.7035e-08,3.48456e-08,3.28693e-08,3.10206e-08
3.16709e-08,3.27016e-08,3.38709e-08,3.51965e-08,3.66298e-08,3.81374e-08,3.97778e-08,4.12328e-08,4.255e-08,4.35624e-08,4.42902e-08,4.45773e-08,4.44784e-08,4.39579e-08,4.30687e-08,4.17425e-08,4.01005e-08,3.81874e-08,3.61336e-08,3.39648e-08,3.2045e-08,3.02407e-08
3.09338e-08,3.19819e-08,3.31268e-08,3.44243e-08,3.58432e-08,3.73018e-08,3.89153e-08,4.03433e-08,4.16278e-08,4.26151e-08,4.33228e-08,4.36021e-08,4.3506e-08,4.29962e-08,4.21172e-08,4.08017e-08,3.92047e-08,3.73141e-08,3.52894e-08,3.31677e-08,3.13026e-08,2.9507e-08
3.02667e-08,3.12859e-08,3.24125e-08,3.36951e-08,3.50571e-08,3.65164e-08,3.81018e-08,3.9486e-08,4.07463e-08,4.17111e-08,4.2398e-08,4.26736e-08,4.25695e-08,4.20663e-08,4.12025e-08,3.99136e-08,3.83211e-08,3.64782e-08,3.44953e-08,3.24167e-08,3.05617e-08,2.8792e-08
2.95579e-08,3.06043e-08,3.16976e-08,3.29858e-08,3.43477e-08,3.57432e-08,3.7277e-08,3.86413e-08,3.98728e-08,4.08203e-08,4.14859e-08,4.17588e-08,4.1651e-08,4.11609e-08,4.02983e-08,3.90303e-08,3.74776e-08,3.56478e-08,3.3701e-08,3.16611e-08,2.98696e-08,2.81283e-08
2.89042e-08,2.99442e-08,3.10328e-08,3.22868e-08,3.362e-08,3.49932e-08,3.64962e-08,3.78309e-08,3.90346e-08,3.99594e-08,4.06068e-08,4.08737e-08,4.07628e-08,4.02786e-08,3.94328e-08,3.81779e-08,3.66491e-08,3.48719e-08,3.29589e-08,3.0952e-08,2.91989e-08,2.74747e-08
2.83225e-08,2.93451e-08,3.04097e-08,3.16304e-08,3.29519e-08,3.42966e-08,3.57691e-08,3.70773e-08,3.82556e-08,3.91625e-08,3.97893e-08,4.00539e-08,3.99442e-08,3.94634e-08,3.86242e-08,3.73976e-08,3.58911e-08,3.41393e-08,3.22316e-08,3.03005e-08,2.85735e-08,2.6873e-08
2.7734e-08,2.87317e-08,2.97951e-08,3.10004e-08,3.22936e-08,3.36112e-08,3.50405e-08,3.6331e-08,3.74828e-08,3.83698e-08,3.89799e-08,3.92383e-08,3.91223e-08,3.86528e-08,3.78251e-08,3.66155e-08,3.51305e-08,3.34141e-08,3.15446e-08,2.96353e-08,2.79445e-08,2.62994e-08
2.71446e-08,2.81583e-08,2.92064e-08,3.03896e-08,3.16542e-08,3.29432e-08,3.43528e-08,3.56084e-08,3.67348e-08,3.76025e-08,3.81975e-08,3.84517e-08,3.83351e-08,3.78717e-08,3.7055e-08,3.58581e-08,3.44018e-08,3.27144e-08,3.08799e-08,2.90076e-08,2.73472e-08,2.57256e-08
2.65881e-08,2.76276e-08,2.86595e-08,2.98097e-08,3.10606e-08,3.23224e-08,3.37111e-08,3.49358e-08,3.60425e-08,3.68917e-08,3.74715e-08,3.77117e-08,3.76054e-08,3.71481e-08,3.63398e-08,3.51559e-08,3.37317e-08,3.20668e-08,3.02548e-08,2.84326e-08,2.67994e-08,2.51947e-08
2.60932e-08,2.70716e-08,2.81016e-08,2.92533e-08,3.04652e-08,3.17032e-08,3.30549e-08,3.42599e-08,3.53411e-08,3.61747e-08,3.67372e-08,3.69822e-08,3.68619e-08,3.64129e-08,3.56168e-08,3.44538e-08,3.30428e-08,3.14133e-08,2.96449e-08,2.78388e-08,2.6237e-08,2.46724e-08
2.55889e-08,2.65607e-08,2.75755e-08,2.87068e-08,2.98964e-08,3.11099e-08,3.24345e-08,3.36158e-08,3.46749e-08,3.54915e-08,3.60397e-08,3.62805e-08,3.61588e-08,3.57166e-08,3.49305e-08,3.37838e-08,3.23951e-08,3.07936e-08,2.90543e-08,2.72842e-08,2.57138e-08,2.41747e-08
2.51157e-08,2.60776e-08,2.70716e-08,2.81832e-08,2.93526e-08,3.05455e-08,3.18347e-08,3.29971e-08,3.40392e-08,3.48362e-08,3.53718e-08,3.5612e-08,3.54841e-08,3.50502e-08,3.42705e-08,3.31469e-08,3.17778e-08,3.02055e-08,2.84903e-08,2.67597e-08,2.52238e-08,2.37092e-08
2.46112e-08,2.55961e-08,2.65947e-08,2.76673e-08,2.87973e-08,2.99782e-08,3.12513e-08,3.24028e-08,3.3413e-08,3.41961e-08,3.4721e-08,3.49605e-08,3.48284e-08,3.43957e-08,3.36352e-08,3.25192e-08,3.11629e-08,2.96183e-08,2.79358e-08,2.6242e-08,2.47268e-08,2.32425e-08
2.4142e-08,2.51394e-08,2.6095e-08,2.71559e-08,2.82822e-08,2.94334e-08,3.06873e-08,3.18052e-08,3.28005e-08,3.35672e-08,3.40792e-08,3.43044e-08,3.41826e-08,3.37588e-08,3.30042e-08,3.19002e-08,3.05765e-08,2.90534e-08,2.73962e-08,2.57439e-08,2.42715e-08,2.277e-08
2.37007e-08,2.46733e-08,2.56254e-08,2.66696e-08,2.7773e-08,2.88958e-08,3.01225e-08,3.12214e-08,3.21953e-08,3.29463e-08,3.34462e-08,3.36659e-08,3.35451e-08,3.31273e-08,3.23812e-08,3.12946e-08,2.99944e-08,2.84951e-08,2.68649e-08,2.52376e-08,2.37884e-08,2.23391e-08
2.32675e-08,2.42236e-08,2.51665e-08,2.61805e-08,2.72526e-08,2.83747e-08,2.95777e-08,3.06546e-08,3.161e-08,3.23448e-08,3.28312e-08,3.30483e-08,3.29229e-08,3.25112e-08,3.17819e-08,3.07099e-08,2.94222e-08,2.7953e-08,2.63524e-08,2.47564e-08,2.33315e-08,2.19083e-08
2.28423e-08,2.3784e-08,2.4711e-08,2.57161e-08,2.67819e-08,2.78703e-08,2.90397e-08,3.00996e-08,3.1039e-08,3.17598e-08,3.22352e-08,3.24497e-08,3.23228e-08,3.19164e-08,3.11939e-08,3.0141e-08,2.88763e-08,2.74307e-08,2.58553e-08,2.42889e-08,2.28907e-08,2.14963e-08
2.24263e-08,2.33678e-08,2.42709e-08,2.52662e-08,2.63059e-08,2.7379e-08,2.85398e-08,2.95632e-08,3.04876e-08,3.11955e-08,3.16592e-08,3.18679e-08,3.17446e-08,3.13406e-08,3.06273e-08,2.95904e-08,2.83457e-08,2.69197e-08,2.53669e-08,2.38435e-08,2.24681e-08,2.10918e-08
2.19848e-08,2.29353e-08,2.3852e-08,2.47973e-08,2.58334e-08,2.68907e-08,2.80238e-08,2.90389e-08,2.99399e-08,3.06312e-08,3.10867e-08,3.12916e-08,3.11648e-08,3.07699e-08,3.00693e-08,2.90397e-08,2.78179e-08,2.64208e-08,2.48936e-08,2.33914e-08,2.20473e-08,2.06846e-08
2.15923e-08,2.25364e-08,2.3413e-08,2.43702e-08,2.53804e-08,2.64077e-08,2.75173e-08,2.8512e-08,2.93999e-08,3.00778e-08,3.05211e-08,3.07208e-08,3.05963e-08,3.02069e-08,2.95144e-08,2.85046e-08,2.73025e-08,2.59254e-08,2.44285e-08,2.29506e-08,2.16337e-08,2.02894e-08
2.12054e-08,2.2123e-08,2.30015e-08,2.39287e-08,2.49355e-08,2.5943e-08,2.70322e-08,2.80018e-08,2.88742e-08,2.95377e-08,2.99714e-08,3.01693e-08,3.00407e-08,2.9658e-08,2.89768e-08,2.79797e-08,2.67975e-08,2.54462e-08,2.39734e-08,2.25195e-08,2.1223e-08,1.99067e-08
2.08052e-08,2.17226e-08,2.2582e-08,2.35049e-08,2.44743e-08,2.5474e-08,2.65373e-08,2.75005e-08,2.83538e-08,2.90048e-08,2.94278e-08,2.96199e-08,2.9495e-08,2.91153e-08,2.84464e-08,2.74659e-08,2.62969e-08,2.49659e-08,2.35157e-08,2.21012e-08,2.08268e-08,1.95235e-08
2.04041e-08,2.13253e-08,2.21791e-08,2.30804e-08,2.40343e-08,2.50151e-08,2.60637e-08,2.7003e-08,2.78397e-08,2.84765e-08,2.88915e-08,2.90777e-08,2.89524e-08,2.85793e-08,2.79224e-08,2.69507e-08,2.58031e-08,2.44955e-08,2.30813e-08,2.16774e-08,2.04308e-08,1.91414e-08
2.00205e-08,2.09411e-08,2.17881e-08,2.2653e-08,2.36185e-08,2.45696e-08,2.56001e-08,2.65215e-08,2.73418e-08,2.79645e-08,2.83725e-08,2.85546e-08,2.843e-08,2.80614e-08,2.7414e-08,2.64561e-08,2.53318e-08,2.40443e-08,2.2641e-08,2.1275e-08,2.00389e-08,1.87793e-08
1.96565e-08,2.05449e-08,2.13892e-08,2.22624e-08,2.31832e-08,2.4129e-08,2.51381e-08,2.60421e-08,2.68468e-08,2.7459e-08,2.78542e-08,2.80307e-08,2.79071e-08,2.75444e-08,2.6908e-08,2.59669e-08,2.4854e-08,2.35881e-08,2.22189e-08,2.08667e-08,1.96575e-08,1.84144e-08
1.92802e-08,2.01623e-08,2.10054e-08,2.18597e-08,2.27535e-08,2.36925e-08,2.46823e-08,2.55734e-08,2.63612e-08,2.69599e-08,2.73461e-08,2.75182e-08,2.73952e-08,2.70374e-08,2.64146e-08,2.5485e-08,2.43876e-08,2.31439e-08,2.18001e-08,2.04725e-08,1.92752e-08,1.80555e-08
1.89061e-08,1.98036e-08,2.06195e-08,2.14528e-08,2.23624e-08,2.32657e-08,2.42318e-08,2.51079e-08,2.58826e-08,2.64685e-08,2.6848e-08,2.70181e-08,2.68949e-08,2.65413e-08,2.5927e-08,2.50107e-08,2.39392e-08,2.27134e-08,2.13818e-08,2.00837e-08,1.89152e-08,1.77147e-08
1.85341e-08,1.9437e-08,2.02428e-08,2.10684e-08,2.19479e-08,2.28416e-08,2.37931e-08,2.46511e-08,2.54108e-08,2.5984e-08,2.63552e-08,2.65246e-08,2.63982e-08,2.60494e-08,2.54449e-08,2.45432e-08,2.34853e-08,2.22805e-08,2.09752e-08,1.97036e-08,1.85557e-08,1.73636e-08
1.8175e-08,1.90661e-08,1.98683e-08,2.06743e-08,2.15384e-08,2.24213e-08,2.33579e-08,2.41974e-08,2.49412e-08,2.55031e-08,2.58653e-08,2.6026e-08,2.5905e-08,2.55613e-08,2.49682e-08,2.40779e-08,2.30388e-08,2.18514e-08,2.05694e-08,1.93181e-08,1.81894e-08,1.70171e-08
1.78232e-08,1.87052e-08,1.94932e-08,2.02946e-08,2.11401e-08,2.20115e-08,2.29288e-08,2.37524e-08,2.44824e-08,2.50329e-08,2.53866e-08,2.55431e-08,2.5423e-08,2.50849e-08,2.45006e-08,2.36256e-08,2.26004e-08,2.14353e-08,2.01724e-08,1.89509e-08,1.78398e-08,1.66743e-08
1.74736e-08,1.83479e-08,1.91365e-08,1.99176e-08,2.07539e-08,2.16086e-08,2.25067e-08,2.33162e-08,2.40319e-08,2.45703e-08,2.49179e-08,2.50689e-08,2.49493e-08,2.46161e-08,2.40424e-08,2.31795e-08,2.217e-08,2.10246e-08,1.97909e-08,1.85778e-08,1.74802e-08,1.63433e-08
1.71372e-08,1.79948e-08,1.87802e-08,1.95492e-08,2.03665e-08,2.12122e-08,2.20961e-08,2.28866e-08,2.35884e-08,2.41163e-08,2.4455e-08,2.46041e-08,2.44823e-08,2.41551e-08,2.35913e-08,2.27414e-08,2.17485e-08,2.06231e-08,1.94118e-08,1.82176e-08,1.71373e-08,1.6018e-08
1.67888e-08,1.76497e-08,1.84221e-08,1.91816e-08,1.99889e-08,2.0816e-08,2.16842e-08,2.24595e-08,2.31485e-08,2.36638e-08,2.39953e-08,2.41391e-08,2.40211e-08,2.36973e-08,2.3144e-08,2.23059e-08,2.13316e-08,2.02229e-08,1.90292e-08,1.78633e-08,1.68016e-08,1.56902e-08
1.64471e-08,1.73059e-08,1.80737e-08,1.88231e-08,1.96167e-08,2.04322e-08,2.12787e-08,2.2043e-08,2.27193e-08,2.32243e-08,2.35472e-08,2.36883e-08,2.35695e-08,2.32503e-08,2.27061e-08,2.1883e-08,2.09232e-08,1.98394e-08,1.86584e-08,1.75169e-08,1.64723e-08,1.53783e-08
1.6117e-08,1.6969e-08,1.77299e-08,1.84652e-08,1.92482e-08,2.00474e-08,2.08811e-08,2.16301e-08,2.22923e-08,2.27857e-08,2.3103e-08,2.32391e-08,2.31214e-08,2.28078e-08,2.22735e-08,2.14609e-08,2.05185e-08,1.94474e-08,1.82929e-08,1.71657e-08,1.61383e-08,1.50598e-08
1.5792e-08,1.66354e-08,1.7393e-08,1.81155e-08,1.88807e-08,1.96726e-08,2.04905e-08,2.12274e-08,2.18753e-08,2.23581e-08,2.26676e-08,2.28004e-08,2.26834e-08,2.23746e-08,2.18512e-08,2.10505e-08,2.01213e-08,1.90695e-08,1.79349e-08,1.68286e-08,1.58141e-08,1.47514e-08
1.54682e-08,1.63091e-08,1.70567e-08,1.77712e-08,1.85293e-08,1.93041e-08,2.01073e-08,2.08282e-08,2.14643e-08,2.19374e-08,2.22393e-08,2.23689e-08,2.2253e-08,2.19488e-08,2.14334e-08,2.06451e-08,1.97344e-08,1.86985e-08,1.7583e-08,1.64943e-08,1.54968e-08,1.44474e-08
1.51503e-08,1.59893e-08,1.67252e-08,1.74318e-08,1.81772e-08,1.89394e-08,1.9727e-08,2.04346e-08,2.10587e-08,2.15221e-08,2.18163e-08,2.19415e-08,2.18276e-08,2.15284e-08,2.10221e-08,2.02463e-08,1.93505e-08,1.83311e-08,1.7232e-08,1.6169e-08,1.51873e-08,1.4147e-08
1.48401e-08,1.56689e-08,1.64057e-08,1.70977e-08,1.78345e-08,1.85849e-08,1.93556e-08,2.00511e-08,2.06633e-08,2.11147e-08,2.1404e-08,2.15259e-08,2.14119e-08,2.11169e-08,2.06192e-08,1.98547e-08,1.89744e-08,1.79709e-08,1.68944e-08,1.58442e-08,1.48747e-08,1.38539e-08
1.45286e-08,1.53542e-08,1.60841e-08,1.67669e-08,1.74945e-08,1.82318e-08,1.89884e-08,1.96702e-08,2.027e-08,2.07123e-08,2.09952e-08,2.11133e-08,2.10001e-08,2.07088e-08,2.02203e-08,1.94695e-08,1.86023e-08,1.76195e-08,1.65574e-08,1.55245e-08,1.457e-08,1.35653e-08
1.42338e-08,1.50388e-08,1.57718e-08,1.6449e-08,1.71632e-08,1.78897e-08,1.86325e-08,1.92982e-08,1.98887e-08,2.03199e-08,2.05977e-08,2.07112e-08,2.05991e-08,2.03126e-08,1.98314e-08,1.90932e-08,1.82396e-08,1.72707e-08,1.62322e-08,1.52125e-08,1.42697e-08,1.32789e-08
1.39257e-08,1.47393e-08,1.54588e-08,1.61234e-08,1.68286e-08,1.75424e-08,1.8274e-08,1.89271e-08,1.9504e-08,1.99269e-08,2.01978e-08,2.03086e-08,2.01969e-08,1.99154e-08,1.94439e-08,1.87151e-08,1.78779e-08,1.69238e-08,1.59011e-08,1.49038e-08,1.39773e-08,1.29954e-08
1.36304e-08,1.44395e-08,1.51544e-08,1.58097e-08,1.6505e-08,1.72072e-08,1.79233e-08,1.85663e-08,1.91316e-08,1.95453e-08,1.98099e-08,1.99185e-08,1.98062e-08,1.9529e-08,1.9066e-08,1.83491e-08,1.75258e-08,1.65878e-08,1.55816e-08,1.46e-08,1.3687e-08,1.27191e-08
1.33398e-08,1.41448e-08,1.48549e-08,1.55016e-08,1.61881e-08,1.68785e-08,1.75807e-08,1.82122e-08,1.87676e-08,1.9171e-08,1.94309e-08,1.95344e-08,1.9425e-08,1.91511e-08,1.86963e-08,1.79906e-08,1.71818e-08,1.62581e-08,1.52686e-08,1.43034e-08,1.34046e-08,1.24484e-08
1.30553e-08,1.38519e-08,1.45573e-08,1.5196e-08,1.58719e-08,1.65549e-08,1.72419e-08,1.78618e-08,1.84055e-08,1.88003e-08,1.90536e-08,1.91561e-08,1.90454e-08,1.87764e-08,1.83291e-08,1.76347e-08,1.68392e-08,1.59326e-08,1.49588e-08,1.40093e-08,1.3123e-08,1.21806e-08
1.27769e-08,1.35701e-08,1.42662e-08,1.48991e-08,1.5565e-08,1.62391e-08,1.6915e-08,1.7521e-08,1.80557e-08,1.8441e-08,1.86898e-08,1.8787e-08,1.86788e-08,1.84145e-08,1.79738e-08,1.72916e-08,1.65077e-08,1.56153e-08,1.46587e-08,1.37255e-08,1.28508e-08,1.19187e-08
1.24996e-08,1.32849e-08,1.3979e-08,1.46008e-08,1.52614e-08,1.59228e-08,1.65851e-08,1.71809e-08,1.77037e-08,1.80818e-08,1.8323e-08,1.84185e-08,1.83102e-08,1.80506e-08,1.76181e-08,1.6946e-08,1.61777e-08,1.52986e-08,1.43581e-08,1.3441e-08,1.25769e-08,1.16594e-08
1.22274e-08,1.30084e-08,1.37001e-08,1.43115e-08,1.49644e-08,1.5616e-08,1.62666e-08,1.68513e-08,1.73632e-08,1.77323e-08,1.79696e-08,1.8061e-08,1.79537e-08,1.7698e-08,1.72726e-08,1.66114e-08,1.58556e-08,1.49923e-08,1.40653e-08,1.31626e-08,1.23113e-08,1.14066e-08
1.19622e-08,1.274e-08,1.34233e-08,1.40303e-08,1.46735e-08,1.5315e-08,1.59523e-08,1.65265e-08,1.70283e-08,1.73904e-08,1.76214e-08,1.77105e-08,1.76032e-08,1.73514e-08,1.69339e-08,1.62826e-08,1.55396e-08,1.46903e-08,1.37804e-08,1.28895e-08,1.20505e-08,1.11579e-08
1.16992e-08,1.24694e-08,1.31483e-08,1.37504e-08,1.43888e-08,1.50167e-08,1.56415e-08,1.62055e-08,1.66986e-08,1.70522e-08,1.72779e-08,1.73639e-08,1.7258e-08,1.70102e-08,1.65989e-08,1.59596e-08,1.52287e-08,1.43923e-08,1.3499e-08,1.26248e-08,1.17937e-08,1.09127e-08
1.1443e-08,1.22086e-08,1.28833e-08,1.34796e-08,1.41088e-08,1.47297e-08,1.53436e-08,1.58949e-08,1.63807e-08,1.67228e-08,1.69465e-08,1.70268e-08,1.69252e-08,1.66783e-08,1.62731e-08,1.56461e-08,1.49251e-08,1.41032e-08,1.32243e-08,1.23624e-08,1.15461e-08,1.0673e-08
1.11904e-08,1.19475e-08,1.26197e-08,1.32083e-08,1.38282e-08,1.44406e-08,1.50463e-08,1.55871e-08,1.60604e-08,1.63972e-08,1.6615e-08,1.6694e-08,1.65896e-08,1.63491e-08,1.59514e-08,1.53324e-08,1.46274e-08,1.38189e-08,1.29515e-08,1.2103e-08,1.12984e-08,1.04389e-08
1.09411e-08,1.16973e-08,1.23608e-08,1.29449e-08,1.35563e-08,1.41609e-08,1.47541e-08,1.52843e-08,1.57492e-08,1.60788e-08,1.62905e-08,1.63669e-08,1.62641e-08,1.60271e-08,1.56357e-08,1.50269e-08,1.43339e-08,1.35356e-08,1.26857e-08,1.185e-08,1.10549e-08,1.0207e-08
1.0699e-08,1.14512e-08,1.21083e-08,1.26872e-08,1.32914e-08,1.38874e-08,1.447e-08,1.49905e-08,1.54494e-08,1.57689e-08,1.59777e-08,1.60485e-08,1.59501e-08,1.57138e-08,1.53293e-08,1.47308e-08,1.4048e-08,1.3264e-08,1.24231e-08,1.16071e-08,1.082e-08,9.98094e-09
1.04597e-08,1.12042e-08,1.18598e-08,1.24319e-08,1.303e-08,1.36166e-08,1.41887e-08,1.46997e-08,1.51473e-08,1.54608e-08,1.56642e-08,1.57345e-08,1.56344e-08,1.54028e-08,1.50246e-08,1.4436e-08,1.37651e-08,1.29928e-08,1.21679e-08,1.13601e-08,1.05855e-08,9.75844e-09
1.02277e-08,1.09646e-08,1.16183e-08,1.21864e-08,1.27799e-08,1.33598e-08,1.39172e-08,1.44197e-08,1.48612e-08,1.51641e-08,1.5365e-08,1.54313e-08,1.53343e-08,1.51042e-08,1.47309e-08,1.41545e-08,1.34908e-08,1.27312e-08,1.19197e-08,1.11259e-08,1.03603e-08,9.54109e-09
9.9987e-09,1.07312e-08,1.1379e-08,1.19421e-08,1.25263e-08,1.30967e-08,1.36485e-08,1.41398e-08,1.4571e-08,1.48707e-08,1.50652e-08,1.51296e-08,1.50316e-08,1.48072e-08,1.44392e-08,1.38712e-08,1.32218e-08,1.24734e-08,1.16736e-08,1.08894e-08,1.01371e-08,9.32873e-09
9.77399e-09,1.05024e-08,1.11468e-08,1.1702e-08,1.22812e-08,1.28437e-08,1.33858e-08,1.38685e-08,1.42906e-08,1.45838e-08,1.47744e-08,1.48365e-08,1.47386e-08,1.45164e-08,1.41554e-08,1.35958e-08,1.2958e-08,1.22206e-08,1.1434e-08,1.06646e-08,9.91597e-09,9.12043e-09
9.5508e-09,1.02759e-08,1.09127e-08,1.14651e-08,1.20338e-08,1.25869e-08,1.31215e-08,1.35966e-08,1.40079e-08,1.42964e-08,1.44792e-08,1.45424e-08,1.44423e-08,1.4225e-08,1.38711e-08,1.33188e-08,1.26941e-08,1.19689e-08,1.11935e-08,1.04354e-08,9.70128e-09,8.91424e-09
9.34118e-09,1.00623e-08,1.06918e-08,1.12413e-08,1.18053e-08,1.23563e-08,1.288e-08,1.33441e-08,1.37506e-08,1.4031e-08,1.42112e-08,1.42683e-08,1.41741e-08,1.39585e-08,1.36077e-08,1.30651e-08,1.24499e-08,1.17328e-08,1.09723e-08,1.02208e-08,9.49525e-09,8.71807e-09
9.12842e-09,9.83862e-09,1.04711e-08,1.10161e-08,1.15759e-08,1.21139e-08,1.26286e-08,1.30852e-08,1.34822e-08,1.3756e-08,1.39332e-08,1.39892e-08,1.38947e-08,1.36802e-08,1.33357e-08,1.28039e-08,1.21951e-08,1.1494e-08,1.07457e-08,1.00079e-08,9.28943e-09,8.52211e-09
8.92478e-09,9.63539e-09,1.02601e-08,1.07979e-08,1.13538e-08,1.18877e-08,1.23934e-08,1.28406e-08,1.32323e-08,1.34995e-08,1.36746e-08,1.3725e-08,1.36322e-08,1.34215e-08,1.30813e-08,1.25591e-08,1.19614e-08,1.12662e-08,1.05274e-08,9.80261e-09,9.0895e-09,8.3329e-09
8.7209e-09,9.42907e-09,1.0049e-08,1.05831e-08,1.11281e-08,1.16517e-08,1.21513e-08,1.25939e-08,1.2975e-08,1.32379e-08,1.34045e-08,1.34589e-08,1.3361e-08,1.31547e-08,1.2822e-08,1.23036e-08,1.17201e-08,1.10378e-08,1.03069e-08,9.59393e-09,8.89518e-09,8.14578e-09
8.52875e-09,9.22957e-09,9.84819e-09,1.03755e-08,1.09207e-08,1.14407e-08,1.19302e-08,1.23613e-08,1.27406e-08,1.29932e-08,1.31629e-08,1.32077e-08,1.31183e-08,1.29115e-08,1.25795e-08,1.20744e-08,1.14939e-08,1.08222e-08,1.01035e-08,9.3995e-09,8.70544e-09,7.96646e-09
8.33669e-09,9.03292e-09,9.64786e-09,1.01718e-08,1.07123e-08,1.12249e-08,1.17061e-08,1.21298e-08,1.25002e-08,1.27484e-08,1.29142e-08,1.29572e-08,1.2867e-08,1.26646e-08,1.23366e-08,1.18401e-08,1.12711e-08,1.06066e-08,9.89869e-09,9.20438e-09,8.51972e-09,7.78896e-09
8.15259e-09,8.8415e-09,9.45319e-09,9.97492e-09,1.05167e-08,1.10231e-08,1.14929e-08,1.19071e-08,1.22745e-08,1.25132e-08,1.26798e-08,1.27157e-08,1.26315e-08,1.24283e-08,1.21035e-08,1.16184e-08,1.10518e-08,1.04008e-08,9.70632e-09,9.02289e-09,8.34032e-09,7.61679e-09
7.96833e-09,8.65772e-09,9.25919e-09,9.7799e-09,1.031e-08,1.08107e-08,1.12755e-08,1.16834e-08,1.20411e-08,1.22783e-08,1.24369e-08,1.24752e-08,1.23872e-08,1.21898e-08,1.18702e-08,1.13895e-08,1.08372e-08,1.01913e-08,9.50615e-09,8.83031e-09,8.16099e-09,7.44819e-09
7.7921e-09,8.47621e-09,9.07822e-09,9.59143e-09,1.0116e-08,1.06107e-08,1.10687e-08,1.14706e-08,1.18218e-08,1.20531e-08,1.22088e-08,1.22458e-08,1.21576e-08,1.19612e-08,1.16475e-08,1.11739e-08,1.06306e-08,9.99405e-09,9.31732e-09,8.65142e-09,7.98984e-09,7.28548e-09
7.61876e-09,8.29672e-09,8.8967e-09,9.40682e-09,9.9264e-09,1.04158e-08,1.08665e-08,1.1261e-08,1.16051e-08,1.18308e-08,1.19846e-08,1.20178e-08,1.19324e-08,1.17392e-08,1.14275e-08,1.09623e-08,1.04267e-08,9.80032e-09,9.13473e-09,8.47693e-09,7.82304e-09,7.12555e-09
7.45136e-09,8.12571e-09,8.7193e-09,9.22659e-09,9.7434e-09,1.02281e-08,1.06703e-08,1.10574e-08,1.13956e-08,1.16172e-08,1.17671e-08,1.17989e-08,1.17131e-08,1.15223e-08,1.12138e-08,1.07572e-08,1.02286e-08,9.61069e-09,8.95099e-09,8.30583e-09,7.65941e-09,6.96907e-09
7.28963e-09,7.95646e-09,8.54733e-09,9.05332e-09,9.57242e-09,1.005e-08,1.04824e-08,1.0861e-08,1.11976e-08,1.14092e-08,1.15609e-08,1.15862e-08,1.15073e-08,1.13148e-08,1.10077e-08,1.05638e-08,1.00342e-08,9.42743e-09,8.78212e-09,8.14196e-09,7.49938e-09,6.81936e-09
7.12835e-09,7.79096e-09,8.37937e-09,8.88141e-09,9.38884e-09,9.86003e-09,1.02904e-08,1.06646e-08,1.09905e-08,1.12028e-08,1.13465e-08,1.13743e-08,1.12911e-08,1.11045e-08,1.08026e-08,1.03606e-08,9.8469e-09,9.24682e-09,8.60634e-09,7.97674e-09,7.34472e-09,6.67197e-09
6.97401e-09,7.63676e-09,8.21672e-09,8.71554e-09,9.2196e-09,9.6856e-09,1.01092e-08,1.0478e-08,1.0798e-08,1.1006e-08,1.11478e-08,1.11737e-08,1.10899e-08,1.09041e-08,1.06073e-08,1.01718e-08,9.66732e-09,9.07357e-09,8.44027e-09,7.82165e-09,7.19472e-09,6.52966e-09
6.82286e-09,7.48006e-09,8.05897e-09,8.55243e-09,9.05285e-09,9.51543e-09,9.93195e-09,1.0293e-08,1.06116e-08,1.08109e-08,1.09526e-08,1.09731e-08,1.08945e-08,1.07093e-08,1.04132e-08,9.98665e-09,9.4859e-09,8.90139e-09,8.27811e-09,7.6656e-09,7.04652e-09,6.39016e-09
6.67813e-09,7.3297e-09,7.90392e-09,8.39526e-09,8.89265e-09,9.34956e-09,9.76012e-09,1.01158e-08,1.04256e-08,1.0623e-08,1.07603e-08,1.07806e-08,1.07004e-08,1.05195e-08,1.02267e-08,9.80621e-09,9.31553e-09,8.73625e-09,8.1215e-09,7.51369e-09,6.907e-09,6.25512e-09
6.53626e-09,7.18431e-09,7.75555e-09,8.24372e-09,8.74551e-09,9.19758e-09,9.59823e-09,9.94516e-09,1.02557e-08,1.04431e-08,1.0583e-08,1.05961e-08,1.05243e-08,1.03417e-08,1.00472e-08,9.63909e-09,9.14641e-09,8.58074e-09,7.9754e-09,7.3758e-09,6.76849e-09,6.12634e-09
6.39539e-09,7.04373e-09,7.61385e-09,8.09529e-09,8.5851e-09,9.03168e-09,9.42959e-09,9.77377e-09,1.00738e-08,1.02634e-08,1.03964e-08,1.04116e-08,1.03338e-08,1.01556e-08,9.86846e-09,9.46155e-09,8.98659e-09,8.4209e-09,7.82337e-09,7.2297e-09,6.63104e-09,5.99763e-09
6.26209e-09,6.90207e-09,7.46661e-09,7.94739e-09,8.43316e-09,8.87633e-09,9.26914e-09,9.60691e-09,9.90254e-09,1.00876e-08,1.02177e-08,1.02323e-08,1.01549e-08,9.97947e-09,9.69407e-09,9.29364e-09,8.82226e-09,8.26626e-09,7.67492e-09,7.0923e-09,6.50104e-09,5.87318e-09
6.13479e-09,6.77202e-09,7.33352e-09,7.80899e-09,8.29197e-09,8.73408e-09,9.1218e-09,9.45265e-09,9.74307e-09,9.92503e-09,1.00562e-08,1.00641e-08,9.99011e-09,9.81832e-09,9.53301e-09,9.1391e-09,8.67861e-09,8.12365e-09,7.53935e-09,6.96305e-09,6.37825e-09,5.75592e-09
6.00684e-09,6.64111e-09,7.19556e-09,7.67017e-09,8.14885e-09,8.58385e-09,8.96594e-09,9.29362e-09,9.58041e-09,9.75628e-09,9.8822e-09,9.89366e-09,9.81769e-09,9.64562e-09,9.36559e-09,8.97683e-09,8.51624e-09,7.97478e-09,7.39912e-09,6.83e-09,6.25301e-09,5.63838e-09
5.88736e-09,6.51387e-09,7.06614e-09,7.5406e-09,8.02496e-09,8.45584e-09,8.82607e-09,9.14609e-09,9.43377e-09,9.60093e-09,9.72928e-09,9.73365e-09,9.66712e-09,9.49145e-09,9.20952e-09,8.83463e-09,8.37118e-09,7.83739e-09,7.27398e-09,6.71061e-09,6.13493e-09,5.5263e-09
5.76604e-09,6.39028e-09,6.93933e-09,7.4084e-09,7.87971e-09,8.30523e-09,8.67723e-09,8.99513e-09,9.27219e-09,9.44223e-09,9.56471e-09,9.57162e-09,9.49769e-09,9.32938e-09,9.05252e-09,8.67677e-09,8.22883e-09,7.69988e-09,7.13626e-09,6.58283e-09,6.01686e-09,5.41586e-09
5.65191e-09,6.27214e-09,6.81432e-09,7.28289e-09,7.75105e-09,8.17409e-09,8.54179e-09,8.85343e-09,9.12746e-09,9.29431e-09,9.41575e-09,9.41757e-09,9.34667e-09,9.17865e-09,8.90481e-09,8.53536e-09,8.09267e-09,7.57169e-09,7.01194e-09,6.46811e-09,5.90712e-09,5.31237e-09
5.54362e-09,6.1608e-09,6.70434e-09,7.16547e-09,7.62648e-09,8.0517e-09,8.41402e-09,8.71817e-09,8.99189e-09,9.15227e-09,9.27674e-09,9.27499e-09,9.2075e-09,9.03956e-09,8.76634e-09,8.40098e-09,7.96433e-09,7.44574e-09,6.89456e-09,6.35664e-09,5.80255e-09,5.21283e-09
5.43178e-09,6.04693e-09,6.58293e-09,7.04398e-09,7.5046e-09,7.91868e-09,8.27675e-09,8.5805e-09,8.84454e-09,9.00482e-09,9.12143e-09,9.12398e-09,9.05286e-09,8.88761e-09,8.61775e-09,8.25717e-09,7.82738e-09,7.31877e-09,6.7751e-09,6.24094e-09,5.69378e-09,5.11195e-09
5.32452e-09,5.92903e-09,6.46145e-09,6.92036e-09,7.38021e-09,7.78696e-09,8.13865e-09,8.43854e-09,8.69854e-09,8.85586e-09,8.96549e-09,8.97122e-09,8.8992e-09,8.73378e-09,8.46872e-09,8.11525e-09,7.68582e-09,7.18713e-09,6.65515e-09,6.12771e-09,5.58432e-09,5.00956e-09
5.22902e-09,5.83785e-09,6.36302e-09,6.81998e-09,7.27279e-09,7.67853e-09,8.02742e-09,8.32349e-09,8.58202e-09,8.73602e-09,8.84809e-09,8.84906e-09,8.77688e-09,8.61398e-09,8.35152e-09,8.00024e-09,7.58124e-09,7.07897e-09,6.55078e-09,6.0288e-09,5.4925e-09,4.92336e-09
5.12223e-09,5.72273e-09,6.24526e-09,6.69816e-09,7.13807e-09,7.53789e-09,7.88799e-09,8.18169e-09,8.42694e-09,8.58696e-09,8.6858e-09,8.69617e-09,8.61638e-09,8.46076e-09,8.20193e-09,7.85063e-09,7.44393e-09,6.95124e-09,6.42646e-09,5.9124e-09,5.3886e-09,4.82534e-09
5.03781e-09,5.63331e-09,6.16227e-09,6.60241e-09,7.05112e-09,7.45357e-09,7.7975e-09,8.08017e-09,8.33036e-09,8.47988e-09,8.59428e-09,8.58629e-09,8.51948e-09,8.36273e-09,8.09714e-09,7.75733e-09,7.35307e-09,6.86024e-09,6.34068e-09,5.83093e-09,5.30495e-09,4.74917e-09
4.94466e-09,5.53682e-09,6.05384e-09,6.49893e-09,6.94508e-09,7.34037e-09,7.67745e-09,7.9598e-09,8.20656e-09,8.35238e-09,8.4602e-09,8.4562e-09,8.38824e-09,8.23006e-09,7.97056e-09,7.63458e-09,7.22951e-09,6.74751e-09,6.23528e-09,5.73295e-09,5.21152e-09,4.6613e-09
4.85942e-09,5.44343e-09,5.95928e-09,6.40174e-09,6.85674e-09,7.24883e-09,7.57591e-09,7.85098e-09,8.10172e-09,8.23704e-09,8.35051e-09,8.3378e-09,8.28079e-09,8.11682e-09,7.85452e-09,7.53285e-09,7.1202e-09,6.64726e-09,6.14836e-09,5.64592e-09,5.12534e-09,4.5816e-09
4.77098e-09,5.35783e-09,5.86785e-09,6.30605e-09,6.74356e-09,7.13261e-09,7.46191e-09,7.73809e-09,7.97982e-09,8.12032e-09,8.22397e-09,8.21902e-09,8.15066e-09,7.9936e-09,7.73995e-09,7.41226e-09,7.01682e-09,6.54212e-09,6.04388e-09,5.5501e-09,5.04082e-09,4.50312e-09
4.68787e-09,5.26673e-09,5.77417e-09,6.21038e-09,6.64376e-09,7.03189e-09,7.35565e-09,7.6268e-09,7.8635e-09,8.00247e-09,8.10573e-09,8.09866e-09,8.03263e-09,7.8775e-09,7.62273e-09,7.30055e-09,6.908e-09,6.44217e-09,5.95127e-09,5.46068e-09,4.9572e-09,4.42508e-09
4.60799e-09,5.18442e-09,5.69256e-09,6.11967e-09,6.5509e-09,6.93914e-09,7.26269e-09,7.52587e-09,7.76448e-09,7.89662e-09,8.00675e-09,7.99078e-09,7.93123e-09,7.77609e-09,7.5193e-09,7.20201e-09,6.81475e-09,6.3547e-09,5.85938e-09,5.37968e-09,4.88074e-09,4.35538e-09
4.52756e-09,5.09984e-09,5.5981e-09,6.02874e-09,6.45831e-09,6.8375e-09,7.15519e-09,7.41975e-09,7.65124e-09,7.78422e-09,7.88483e-09,7.87578e-09,7.81074e-09,7.6591e-09,7.40809e-09,7.09381e-09,6.70971e-09,6.2536e-09,5.76962e-09,5.29249e-09,4.80005e-09,4.27726e-09
4.45739e-09,5.02149e-09,5.51587e-09,5.944e-09,6.38364e-09,6.76104e-09,7.06875e-09,7.32733e-09,7.56187e-09,7.68646e-09,7.79206e-09,7.77291e-09,7.71965e-09,7.55956e-09,7.30886e-09,7.00843e-09,6.61771e-09,6.16719e-09,5.69821e-09,5.22076e-09,4.72396e-09,4.2106e-09
4.3781e-09,4.94083e-09,5.4329e-09,5.85623e-09,6.27986e-09,6.65297e-09,6.96386e-09,7.22127e-09,7.44695e-09,7.57644e-09,7.67379e-09,7.66262e-09,7.59871e-09,7.45e-09,7.20162e-09,6.89538e-09,6.52021e-09,6.07284e-09,5.60013e-09,5.13359e-09,4.65057e-09,4.14088e-09
4.30708e-09,4.86565e-09,5.35354e-09,5.77522e-09,6.19497e-09,6.56563e-09,6.8722e-09,7.12681e-09,7.35033e-09,7.47708e-09,7.57382e-09,7.56131e-09,7.49858e-09,7.35258e-09,7.10333e-09,6.80161e-09,6.42971e-09,5.98651e-09,5.52088e-09,5.05845e-09,4.58346e-09,4.07484e-09
4.2398e-09,4.79486e-09,5.28446e-09,5.69585e-09,6.11238e-09,6.48465e-09,6.79043e-09,7.0382e-09,7.2582e-09,7.3836e-09,7.48469e-09,7.46619e-09,7.40594e-09,7.26077e-09,7.01301e-09,6.71504e-09,6.35044e-09,5.90909e-09,5.44444e-09,4.98774e-09,4.51539e-09,4.01583e-09
4.17114e-09,4.72126e-09,5.20209e-09,5.61611e-09,6.03204e-09,6.39466e-09,6.69458e-09,6.94406e-09,7.16103e-09,7.28524e-09,7.37875e-09,7.36539e-09,7.30203e-09,7.15653e-09,6.91257e-09,6.61963e-09,6.25423e-09,5.8209e-09,5.36377e-09,4.91211e-09,4.44307e-09,3.94971e-09
4.11188e-09,4.65751e-09,5.13282e-09,5.54408e-09,5.96931e-09,6.3328e-09,6.62331e-09,6.86319e-09,7.08424e-09,7.20137e-09,7.29874e-09,7.27889e-09,7.22405e-09,7.08064e-09,6.82834e-09,6.54784e-09,6.17572e-09,5.74899e-09,5.3055e-09,4.85188e-09,4.38355e-09,3.89383e-09
4.04466e-09,4.58221e-09,5.06056e-09,5.46734e-09,5.8758e-09,6.23406e-09,6.52752e-09,6.7701e-09,6.97959e-09,7.10343e-09,7.19232e-09,7.18191e-09,7.1137e-09,6.97825e-09,6.73447e-09,6.4459e-09,6.09276e-09,5.66833e-09,5.21941e-09,4.77235e-09,4.31707e-09,3.83297e-09
3.98151e-09,4.51864e-09,4.98779e-09,5.39456e-09,5.79858e-09,6.1551e-09,6.44531e-09,6.68511e-09,6.89158e-09,7.01392e-09,7.10158e-09,7.08924e-09,7.02326e-09,6.8877e-09,6.64601e-09,6.36155e-09,6.01015e-09,5.58888e-09,5.14595e-09,4.70594e-09,4.25334e-09,3.77409e-09
3.92313e-09,4.45796e-09,4.92645e-09,5.32643e-09,5.72581e-09,6.08419e-09,6.3727e-09,6.60558e-09,6.80993e-09,6.93124e-09,7.02306e-09,7.00493e-09,6.94119e-09,6.81053e-09,6.56581e-09,6.28401e-09,5.93986e-09,5.51933e-09,5.07883e-09,4.64477e-09,4.1982e-09,3.72276e-09
3.85895e-09,4.3901e-09,4.84945e-09,5.24979e-09,5.64787e-09,5.99893e-09,6.28413e-09,6.51897e-09,6.7242e-09,6.83893e-09,6.92664e-09,6.91032e-09,6.84971e-09,6.71015e-09,6.47445e-09,6.19746e-09,5.84998e-09,5.43706e-09,5.00559e-09,4.57301e-09,4.13197e-09,3.66305e-09
3.8086e-09,4.33513e-09,4.7906e-09,5.18797e-09,5.59496e-09,5.94267e-09,6.21932e-09,6.44899e-09,6.66272e-09,6.76486e-09,6.85892e-09,6.83492e-09,6.78492e-09,6.63526e-09,6.40293e-09,6.13525e-09,5.77908e-09,5.37226e-09,4.95388e-09,4.52275e-09,4.07729e-09,3.61493e-09
3.74585e-09,4.26652e-09,4.72196e-09,5.11355e-09,5.50705e-09,5.85139e-09,6.13096e-09,6.36076e-09,6.56186e-09,6.67377e-09,6.75854e-09,6.74127e-09,6.68162e-09,6.54402e-09,6.31152e-09,6.041e-09,5.70005e-09,5.29663e-09,4.87204e-09,4.44939e-09,4.01704e-09,3.5579e-09
3.68963e-09,4.20772e-09,4.65716e-09,5.04919e-09,5.43701e-09,5.77884e-09,6.05631e-09,6.28323e-09,6.48294e-09,6.59268e-09,6.6772e-09,6.65906e-09,6.59991e-09,6.46327e-09,6.23339e-09,5.96471e-09,5.62821e-09,5.22576e-09,4.80828e-09,4.3887e-09,3.96152e-09,3.50734e-09
3.6364e-09,4.14835e-09,4.59531e-09,4.98446e-09,5.36719e-09,5.70735e-09,5.98346e-09,6.20763e-09,6.40435e-09,6.51292e-09,6.59647e-09,6.57777e-09,6.51979e-09,6.38333e-09,6.15579e-09,5.88857e-09,5.55618e-09,5.1569e-09,4.74425e-09,4.33143e-09,3.90833e-09,3.45664e-09
3.58301e-09,4.09229e-09,4.53479e-09,4.91955e-09,5.30258e-09,5.63834e-09,5.91153e-09,6.13343e-09,6.32865e-09,6.43576e-09,6.51843e-09,6.49921e-09,6.44116e-09,6.30538e-09,6.07918e-09,5.81592e-09,5.48545e-09,5.09338e-09,4.68266e-09,4.27387e-09,3.85379e-09,3.40861e-09
3.53749e-09,4.03933e-09,4.47808e-09,4.85936e-09,5.2551e-09,5.58745e-09,5.85121e-09,6.06697e-09,6.26859e-09,6.36512e-09,6.45447e-09,6.42597e-09,6.38048e-09,6.23773e-09,6.01086e-09,5.75962e-09,5.41837e-09,5.03523e-09,4.63471e-09,4.22753e-09,3.80349e-09,3.36515e-09
3.48112e-09,3.98238e-09,4.41682e-09,4.79555e-09,5.17155e-09,5.50349e-09,5.77166e-09,5.98867e-09,6.17882e-09,6.28325e-09,6.36397e-09,6.34429e-09,6.28715e-09,6.15335e-09,5.9307e-09,5.67316e-09,5.34872e-09,4.96414e-09,4.562e-09,4.16079e-09,3.75062e-09,3.31384e-09
3.42251e-09,3.92005e-09,4.34855e-09,4.72723e-09,5.08939e-09,5.4132e-09,5.68343e-09,5.90476e-09,6.08166e-09,6.19559e-09,6.26137e-09,6.25399e-09,6.18439e-09,6.05446e-09,5.84279e-09,5.58004e-09,5.27314e-09,4.88613e-09,4.48861e-09,4.0928e-09,3.69011e-09,3.26019e-09
3.38352e-09,3.87776e-09,4.3045e-09,4.6763e-09,5.04808e-09,5.37528e-09,5.63749e-09,5.85081e-09,6.03679e-09,6.13882e-09,6.21771e-09,6.19757e-09,6.14078e-09,6.00953e-09,5.78868e-09,5.5367e-09,5.21929e-09,4.83977e-09,4.44695e-09,4.05252e-09,3.65165e-09,3.225e-09
3.334e-09,3.82299e-09,4.24724e-09,4.61693e-09,4.98453e-09,5.30823e-09,5.56892e-09,5.77963e-09,5.96434e-09,6.06475e-09,6.14243e-09,6.12167e-09,6.06567e-09,5.93509e-09,5.71781e-09,5.4676e-09,5.1526e-09,4.77925e-09,4.38884e-09,3.99919e-09,3.6014e-09,3.17813e-09
3.29166e-09,3.77337e-09,4.1946e-09,4.56202e-09,4.94184e-09,5.26309e-09,5.51254e-09,5.71783e-09,5.90969e-09,5.99996e-09,6.08454e-09,6.05536e-09,6.01082e-09,5.87337e-09,5.65463e-09,5.41654e-09,5.09055e-09,4.72529e-09,4.34561e-09,3.95664e-09,3.554e-09,3.13629e-09
3.24186e-09,3.72414e-09,4.14076e-09,4.503e-09,4.86582e-09,5.18579e-09,5.44175e-09,5.6479e-09,5.83386e-09,5.92746e-09,6.00672e-09,5.9825e-09,5.93152e-09,5.79761e-09,5.58359e-09,5.33979e-09,5.02693e-09,4.66239e-09,4.2784e-09,3.89824e-09,3.50649e-09,3.09365e-09
3.19568e-09,3.67444e-09,4.0875e-09,4.4478e-09,4.80761e-09,5.12342e-09,5.37737e-09,5.58126e-09,5.76042e-09,5.85843e-09,5.93223e-09,5.91112e-09,5.8569e-09,5.72866e-09,5.51805e-09,5.27358e-09,4.96706e-09,4.60481e-09,4.22502e-09,3.84742e-09,3.46107e-09,3.05105e-09
3.1506e-09,3.6245e-09,4.034e-09,4.39118e-09,4.74796e-09,5.06213e-09,5.31317e-09,5.5162e-09,5.69276e-09,5.78945e-09,5.86303e-09,5.84211e-09,5.78683e-09,5.65963e-09,5.44925e-09,5.20848e-09,4.90637e-09,4.54603e-09,4.172e-09,3.79689e-09,3.41481e-09,3.00864e-09
3.10901e-09,3.57602e-09,3.98329e-09,4.34201e-09,4.6941e-09,5.0038e-09,5.2529e-09,5.45374e-09,5.6307e-09,5.72427e-09,5.79706e-09,5.77561e-09,5.72199e-09,5.59759e-09,5.38717e-09,5.14792e-09,4.85046e-09,4.49363e-09,4.12032e-09,3.74821e-09,3.37491e-09,2.96862e-09
3.06855e-09,3.52817e-09,3.93379e-09,4.2876e-09,4.65192e-09,4.96041e-09,5.20011e-09,5.39664e-09,5.5776e-09,5.66112e-09,5.7425e-09,5.71241e-09,5.66897e-09,5.53596e-09,5.32584e-09,5.10074e-09,4.78794e-09,4.44046e-09,4.0799e-09,3.70987e-09,3.32568e-09,2.93191e-09
3.01997e-09,3.48121e-09,3.88113e-09,4.23031e-09,4.57728e-09,4.88535e-09,5.13002e-09,5.32699e-09,5.49783e-09,5.59099e-09,5.66294e-09,5.64006e-09,5.58668e-09,5.46239e-09,5.25769e-09,5.02416e-09,4.72984e-09,4.37962e-09,4.01585e-09,3.65224e-09,3.28088e-09,2.88774e-09
2.97762e-09,3.43537e-09,3.8308e-09,4.17703e-09,4.52298e-09,4.82888e-09,5.0703e-09,5.26547e-09,5.4353e-09,5.52707e-09,5.59705e-09,5.57528e-09,5.52182e-09,5.39913e-09,5.19551e-09,4.96466e-09,4.67383e-09,4.32692e-09,3.96528e-09,3.60454e-09,3.23829e-09,2.84965e-09
2.93661e-09,3.38971e-09,3.78241e-09,4.1282e-09,4.4696e-09,4.7713e-09,5.01174e-09,5.20449e-09,5.37308e-09,5.46366e-09,5.53347e-09,5.5112e-09,5.45799e-09,5.33622e-09,5.13493e-09,4.90587e-09,4.6161e-09,4.27273e-09,3.91614e-09,3.55839e-09,3.19508e-09,2.81043e-09
2.89529e-09,3.34455e-09,3.73471e-09,4.07605e-09,4.41559e-09,4.71506e-09,4.95374e-09,5.14426e-09,5.3104e-09,5.40095e-09,5.46927e-09,5.44707e-09,5.39375e-09,5.27281e-09,5.0744e-09,4.84641e-09,4.56068e-09,4.21998e-09,3.86547e-09,3.51397e-09,3.1534e-09,2.77237e-09
2.86079e-09,3.30219e-09,3.68846e-09,4.03019e-09,4.37823e-09,4.67677e-09,4.90627e-09,5.09159e-09,5.26403e-09,5.34507e-09,5.42073e-09,5.38979e-09,5.34803e-09,5.21984e-09,5.01907e-09,4.80253e-09,4.50694e-09,4.17676e-09,3.83044e-09,3.47776e-09,3.11417e-09,2.73746e-09
