0.000362597,0.000362355,0.000357354,0.000336828,0.000327885,0.000318574,0.000302953,0.000289251,0.000275571,0.000263147,0.000253813
0.000341705,0.00034288,0.000335934,0.000319275,0.00031077,0.000300361,0.000284037,0.000272033,0.000258043,0.000247411,0.000236199
0.000325899,0.000322663,0.000317439,0.000300533,0.000291003,0.000288447,0.000270461,0.000255866,0.000242558,0.000230667,0.000221662
0.000308239,0.000307393,0.00029939,0.000285283,0.000275875,0.000270636,0.000254763,0.000243332,0.000228479,0.000216416,0.000207162
0.000293116,0.000292818,0.00028459,0.000271324,0.000262091,0.000256933,0.000241871,0.000231239,0.000216552,0.000204209,0.000195561
0.000279554,0.000280155,0.000272765,0.000258759,0.000250647,0.000244032,0.000230038,0.000220476,0.000206182,0.000193637,0.000185045
0.000266853,0.00026752,0.000258862,0.000246826,0.000238385,0.000232328,0.000219232,0.000209447,0.000195824,0.000183408,0.000175773
0.000254796,0.00025681,0.000247584,0.000235865,0.000228078,0.00022149,0.00020938,0.000199683,0.000187306,0.000174129,0.000166306
0.000244764,0.00024587,0.000237137,0.000226348,0.000218264,0.000211118,0.000199936,0.000190722,0.000178008,0.000166598,0.000159038
0.000235828,0.00023509,0.000226481,0.000217279,0.000209684,0.000202041,0.000191865,0.000182044,0.000170136,0.000159525,0.000151713
0.000226108,0.000226868,0.000218363,0.000209674,0.00020069,0.000192813,0.000183636,0.000175292,0.00016226,0.000152917,0.00014466
0.000218067,0.000218976,0.00020993,0.000201706,0.000192908,0.000184857,0.000175642,0.000167129,0.000155294,0.00014664,0.000138251
0.000209819,0.00021053,0.000202545,0.000194619,0.000186089,0.000177375,0.000168559,0.000160559,0.000148876,0.000140068,0.000131599
0.000203232,0.000201799,0.000194663,0.00018796,0.000178436,0.000169968,0.000162496,0.000155444,0.000142278,0.000135955,0.000126192
0.000195833,0.000195312,0.00018764,0.000181672,0.000172456,0.000163654,0.000156133,0.000148398,0.000136934,0.000129861,0.00012075
0.000188951,0.000188582,0.000181049,0.000176041,0.000166942,0.000157316,0.000150077,0.000143248,0.00013172,0.000124922,0.000115906
0.000184122,0.000181425,0.000175234,0.000170291,0.00016106,0.000151761,0.000145323,0.000137252,0.000127,0.000119911,0.000111356
0.000177575,0.000175614,0.000169253,0.000164628,0.000155921,0.000146853,0.000140063,0.000133258,0.000122238,0.000116317,0.000106797
0.000171362,0.000170341,0.000163866,0.000159477,0.000150929,0.0001421,0.000135542,0.000128915,0.000118623,0.000111858,0.000102397
0.000165878,0.000164827,0.000158651,0.000154186,0.000146426,0.000137591,0.000131063,0.000124673,0.000114505,0.000108405,9.83433e-05
0.000160483,0.000159613,0.000153599,0.000149428,0.000141348,0.000133186,0.000126721,0.00012041,0.000111126,0.000104137,9.46824e-05
0.000155308,0.000154119,0.000148863,0.000144273,0.000136436,0.000128662,0.000122318,0.000116687,0.000107108,0.000101162,9.11869e-05
0.000149768,0.000150229,0.000144387,0.000139822,0.000131502,0.00012544,0.000118116,0.000112431,0.000104066,9.70026e-05,8.75427e-05
0.000146071,0.000145122,0.000139595,0.000135115,0.000128564,0.000120434,0.000114464,0.000108121,0.000100387,9.37896e-05,8.47069e-05
0.0001407,0.000141265,0.000135601,0.000131337,0.000123325,0.000117529,0.000110848,0.000105237,9.76417e-05,9.05241e-05,8.1466e-05
0.000136784,0.000136639,0.000131416,0.000127122,0.000119909,0.000113776,0.000107748,0.000101761,9.45434e-05,8.76913e-05,7.86271e-05
0.000132773,0.000132174,0.000127668,0.000123748,0.000116192,0.000110438,0.000104106,9.84221e-05,9.19954e-05,8.4903e-05,7.60364e-05
0.000128757,0.000128568,0.000123857,0.000119766,0.000112586,0.000107209,0.000101169,9.54234e-05,8.87865e-05,8.2151e-05,7.3189e-05
0.000125129,0.000124083,0.00012011,0.000116219,0.000108957,0.000103884,9.76144e-05,9.23234e-05,8.60979e-05,7.9394e-05,7.08856e-05
0.000122106,0.000121132,0.000116644,0.0001124,0.000105904,0.000100643,9.51479e-05,8.93882e-05,8.32862e-05,7.6958e-05,6.84665e-05
0.00011804,0.000117158,0.000112993,0.000109592,0.000101989,9.77805e-05,9.18487e-05,8.62713e-05,8.10837e-05,7.447e-05,6.62903e-05
0.000114499,0.000113725,0.000109639,0.000105748,9.9161e-05,9.47575e-05,8.89692e-05,8.36543e-05,7.81593e-05,7.20872e-05,6.40159e-05
0.00011124,0.000110215,0.000106447,0.000102562,9.60343e-05,9.17745e-05,8.61227e-05,8.09949e-05,7.5601e-05,6.97538e-05,6.18486e-05
0.000108246,0.000107038,0.000103104,9.93409e-05,9.28761e-05,8.90739e-05,8.34291e-05,7.8186e-05,7.33627e-05,6.75531e-05,5.98782e-05
0.000105059,0.000103581,0.000100232,9.6522e-05,9.02767e-05,8.64037e-05,8.1071e-05,7.5985e-05,7.08773e-05,6.54002e-05,5.78127e-05
0.000101888,0.000100493,9.7397e-05,9.32738e-05,8.77041e-05,8.35998e-05,7.83599e-05,7.37041e-05,6.8478e-05,6.30586e-05,5.59822e-05
9.88507e-05,9.72842e-05,9.44388e-05,9.02264e-05,8.46942e-05,8.09746e-05,7.58009e-05,7.13059e-05,6.62163e-05,6.13845e-05,5.42538e-05
9.60519e-05,9.45872e-05,9.14113e-05,8.75553e-05,8.19019e-05,7.86898e-05,7.33882e-05,6.88942e-05,6.41863e-05,5.93208e-05,5.23904e-05
9.34536e-05,9.16784e-05,8.85183e-05,8.49521e-05,7.93282e-05,7.61146e-05,7.14091e-05,6.6853e-05,6.22088e-05,5.73728e-05,5.04849e-05
9.02955e-05,8.90115e-05,8.60729e-05,8.26568e-05,7.6831e-05,7.37276e-05,6.91821e-05,6.4862e-05,6.02549e-05,5.54955e-05,4.86598e-05
8.75586e-05,8.61298e-05,8.32836e-05,7.97561e-05,7.43509e-05,7.15046e-05,6.6839e-05,6.27554e-05,5.80196e-05,5.35384e-05,4.72211e-05
8.50004e-05,8.3388e-05,8.05316e-05,7.69523e-05,7.19227e-05,6.91428e-05,6.47045e-05,6.069e-05,5.61181e-05,5.17265e-05,4.55836e-05
8.24707e-05,8.10623e-05,7.81463e-05,7.488e-05,6.98345e-05,6.733e-05,6.31892e-05,5.88858e-05,5.42608e-05,5.01243e-05,4.43303e-05
7.97697e-05,7.83916e-05,7.53146e-05,7.19279e-05,6.73476e-05,6.4906e-05,6.07333e-05,5.67939e-05,5.25055e-05,4.83117e-05,4.25798e-05
7.77305e-05,7.64521e-05,7.31502e-05,6.97626e-05,6.55126e-05,6.32879e-05,5.90176e-05,5.51042e-05,5.13103e-05,4.6925e-05,4.13823e-05
7.48376e-05,7.31772e-05,7.04565e-05,6.71348e-05,6.31014e-05,6.06951e-05,5.68858e-05,5.303e-05,4.90761e-05,4.50871e-05,3.96147e-05
7.25686e-05,7.10965e-05,6.83933e-05,6.54353e-05,6.12835e-05,5.91868e-05,5.53e-05,5.16416e-05,4.75912e-05,4.36812e-05,3.8547e-05
7.00934e-05,6.81863e-05,6.57198e-05,6.27257e-05,5.91945e-05,5.66568e-05,5.30488e-05,4.96577e-05,4.57306e-05,4.20356e-05,3.68149e-05
6.77862e-05,6.62919e-05,6.33331e-05,6.0502e-05,5.70207e-05,5.47833e-05,5.13445e-05,4.76989e-05,4.42112e-05,4.0563e-05,3.56557e-05
6.55675e-05,6.4195e-05,6.11565e-05,5.84552e-05,5.49618e-05,5.30823e-05,4.96347e-05,4.6084e-05,4.28416e-05,3.90941e-05,3.44065e-05
6.3444e-05,6.18189e-05,5.90272e-05,5.63934e-05,5.31381e-05,5.12188e-05,4.79224e-05,4.4496e-05,4.11653e-05,3.76515e-05,3.32284e-05
6.11567e-05,5.97444e-05,5.71386e-05,5.43726e-05,5.13572e-05,4.89784e-05,4.62024e-05,4.30978e-05,3.96377e-05,3.64298e-05,3.18924e-05
5.91465e-05,5.77103e-05,5.50034e-05,5.23414e-05,4.96376e-05,4.7451e-05,4.48031e-05,4.14294e-05,3.82669e-05,3.52455e-05,3.08095e-05
5.71084e-05,5.55937e-05,5.31585e-05,5.06396e-05,4.80021e-05,4.59782e-05,4.29925e-05,4.01165e-05,3.6902e-05,3.37892e-05,2.96876e-05
5.49502e-05,5.37554e-05,5.1247e-05,4.87503e-05,4.6266e-05,4.42824e-05,4.15543e-05,3.86235e-05,3.54995e-05,3.25982e-05,2.86354e-05
5.30138e-05,5.21079e-05,4.95844e-05,4.71182e-05,4.48088e-05,4.29069e-05,3.99304e-05,3.71128e-05,3.41967e-05,3.14338e-05,2.76031e-05
5.13825e-05,5.01671e-05,4.7874e-05,4.52587e-05,4.31061e-05,4.13083e-05,3.8716e-05,3.60357e-05,3.31336e-05,3.03177e-05,2.66851e-05
4.9525e-05,4.84018e-05,4.60577e-05,4.39085e-05,4.17075e-05,3.98621e-05,3.73183e-05,3.47371e-05,3.1882e-05,2.92476e-05,2.56285e-05
4.78227e-05,4.67092e-05,4.44428e-05,4.23185e-05,4.0203e-05,3.8419e-05,3.59983e-05,3.34632e-05,3.06989e-05,2.8178e-05,2.47666e-05
4.62573e-05,4.50095e-05,4.29888e-05,4.07965e-05,3.87993e-05,3.7112e-05,3.47512e-05,3.23477e-05,2.97366e-05,2.72034e-05,2.39058e-05
4.47054e-05,4.35476e-05,4.15103e-05,3.95598e-05,3.75418e-05,3.58144e-05,3.35695e-05,3.12984e-05,2.86788e-05,2.62262e-05,2.30077e-05
4.31964e-05,4.2094e-05,4.00704e-05,3.81586e-05,3.62177e-05,3.46468e-05,3.24144e-05,3.01341e-05,2.75661e-05,2.53042e-05,2.22443e-05
4.16727e-05,4.06822e-05,3.86894e-05,3.68018e-05,3.50378e-05,3.34279e-05,3.1282e-05,2.90761e-05,2.65935e-05,2.44472e-05,2.14694e-05
4.03072e-05,3.94238e-05,3.74563e-05,3.55846e-05,3.39371e-05,3.23994e-05,3.01351e-05,2.7986e-05,2.57027e-05,2.36431e-05,2.07318e-05
3.89761e-05,3.80191e-05,3.61986e-05,3.44403e-05,3.27963e-05,3.12626e-05,2.92487e-05,2.7199e-05,2.48511e-05,2.28532e-05,2.00556e-05
3.79358e-05,3.69901e-05,3.52992e-05,3.36339e-05,3.19236e-05,3.05026e-05,2.84882e-05,2.65816e-05,2.41009e-05,2.21116e-05,1.9542e-05
3.65165e-05,3.56962e-05,3.39853e-05,3.22168e-05,3.07417e-05,2.92488e-05,2.74273e-05,2.54391e-05,2.32128e-05,2.14224e-05,1.872e-05
3.54409e-05,3.4523e-05,3.28979e-05,3.11937e-05,2.97422e-05,2.8355e-05,2.64943e-05,2.46305e-05,2.24736e-05,2.06852e-05,1.81316e-05
3.43661e-05,3.35585e-05,3.19864e-05,3.02763e-05,2.89036e-05,2.74807e-05,2.5677e-05,2.39741e-05,2.1777e-05,2.01299e-05,1.75252e-05
3.32138e-05,3.25194e-05,3.09172e-05,2.92339e-05,2.79869e-05,2.66478e-05,2.49312e-05,2.31339e-05,2.09978e-05,1.94097e-05,1.69837e-05
3.2222e-05,3.15322e-05,3.00384e-05,2.84175e-05,2.71536e-05,2.59038e-05,2.41986e-05,2.24685e-05,2.03531e-05,1.87979e-05,1.64555e-05
3.14656e-05,3.05501e-05,2.92011e-05,2.76768e-05,2.63887e-05,2.51334e-05,2.34789e-05,2.18606e-05,1.99178e-05,1.82472e-05,1.5942e-05
3.04405e-05,2.97452e-05,2.83257e-05,2.6878e-05,2.56718e-05,2.44173e-05,2.28405e-05,2.12075e-05,1.92119e-05,1.77744e-05,1.5461e-05
2.96114e-05,2.89226e-05,2.7625e-05,2.61148e-05,2.49804e-05,2.37816e-05,2.22246e-05,2.06131e-05,1.8638e-05,1.7255e-05,1.49823e-05
2.88107e-05,2.81083e-05,2.6825e-05,2.54069e-05,2.4217e-05,2.3107e-05,2.16147e-05,2.00741e-05,1.81045e-05,1.67786e-05,1.45905e-05
2.80061e-05,2.73175e-05,2.61077e-05,2.46926e-05,2.35971e-05,2.24766e-05,2.09926e-05,1.94986e-05,1.76765e-05,1.63307e-05,1.41763e-05
2.72474e-05,2.66305e-05,2.5438e-05,2.40672e-05,2.29945e-05,2.18591e-05,2.04839e-05,1.89704e-05,1.71625e-05,1.58295e-05,1.37807e-05
2.65464e-05,2.59328e-05,2.47792e-05,2.33803e-05,2.23383e-05,2.1285e-05,1.99354e-05,1.85022e-05,1.66556e-05,1.54551e-05,1.33716e-05
2.5824e-05,2.52856e-05,2.41876e-05,2.28751e-05,2.17915e-05,2.07523e-05,1.94233e-05,1.80486e-05,1.62312e-05,1.50228e-05,1.30246e-05
2.51877e-05,2.46318e-05,2.35283e-05,2.22265e-05,2.12569e-05,2.02472e-05,1.89351e-05,1.75571e-05,1.58011e-05,1.46219e-05,1.26442e-05
2.45819e-05,2.40503e-05,2.29255e-05,2.17046e-05,2.07246e-05,1.97468e-05,1.84878e-05,1.70889e-05,1.53921e-05,1.42453e-05,1.23262e-05
2.39499e-05,2.34295e-05,2.24067e-05,2.11187e-05,2.02306e-05,1.92547e-05,1.80154e-05,1.66898e-05,1.49839e-05,1.38759e-05,1.19778e-05
2.33186e-05,2.28906e-05,2.17932e-05,2.06048e-05,1.96778e-05,1.88079e-05,1.76669e-05,1.62258e-05,1.46186e-05,1.34932e-05,1.16564e-05
2.27916e-05,2.22911e-05,2.13103e-05,2.00786e-05,1.92175e-05,1.83341e-05,1.71476e-05,1.58922e-05,1.42716e-05,1.31386e-05,1.13685e-05
2.22348e-05,2.17443e-05,2.07451e-05,1.9635e-05,1.87434e-05,1.78956e-05,1.67706e-05,1.5436e-05,1.38629e-05,1.27898e-05,1.10651e-05
2.16898e-05,2.12449e-05,2.02846e-05,1.90865e-05,1.83243e-05,1.74557e-05,1.63657e-05,1.50659e-05,1.34978e-05,1.24468e-05,1.07698e-05
2.11617e-05,2.07071e-05,1.97957e-05,1.87195e-05,1.78845e-05,1.70174e-05,1.59316e-05,1.47129e-05,1.32164e-05,1.21517e-05,1.05295e-05
2.06387e-05,2.02068e-05,1.92984e-05,1.82137e-05,1.74143e-05,1.66227e-05,1.557e-05,1.43338e-05,1.28404e-05,1.18543e-05,1.02193e-05
2.01342e-05,1.96992e-05,1.88495e-05,1.77743e-05,1.70481e-05,1.61995e-05,1.52276e-05,1.39816e-05,1.2537e-05,1.15855e-05,9.95782e-06
1.96797e-05,1.92701e-05,1.84154e-05,1.73688e-05,1.65804e-05,1.58339e-05,1.48638e-05,1.3638e-05,1.21684e-05,1.12698e-05,9.69672e-06
1.92531e-05,1.87829e-05,1.79406e-05,1.69335e-05,1.62005e-05,1.5435e-05,1.44594e-05,1.32728e-05,1.18865e-05,1.09537e-05,9.42799e-06
1.87499e-05,1.83033e-05,1.7513e-05,1.64994e-05,1.58025e-05,1.50721e-05,1.41034e-05,1.2959e-05,1.15934e-05,1.06673e-05,9.19959e-06
1.8285e-05,1.79125e-05,1.70808e-05,1.61189e-05,1.54274e-05,1.47017e-05,1.37706e-05,1.26168e-05,1.12856e-05,1.03776e-05,8.9492e-06
1.78846e-05,1.74356e-05,1.66802e-05,1.57118e-05,1.50332e-05,1.43447e-05,1.34245e-05,1.23036e-05,1.09891e-05,1.01075e-05,8.71918e-06
1.74576e-05,1.70204e-05,1.62999e-05,1.53813e-05,1.4692e-05,1.39755e-05,1.30522e-05,1.20058e-05,1.07146e-05,9.83415e-06,8.52084e-06
1.70394e-05,1.66066e-05,1.58966e-05,1.4972e-05,1.43519e-05,1.36441e-05,1.27765e-05,1.17154e-05,1.04399e-05,9.63485e-06,8.28195e-06
1.66603e-05,1.61931e-05,1.54877e-05,1.46465e-05,1.39815e-05,1.33096e-05,1.24699e-05,1.13702e-05,1.01492e-05,9.35459e-06,8.06195e-06
1.62564e-05,1.58126e-05,1.51206e-05,1.42506e-05,1.36456e-05,1.30154e-05,1.21457e-05,1.11002e-05,9.91324e-06,9.10238e-06,7.84925e-06
1.58558e-05,1.54294e-05,1.47459e-05,1.3949e-05,1.32915e-05,1.26832e-05,1.18828e-05,1.07927e-05,9.6739e-06,8.89508e-06,7.6527e-06
1.54674e-05,1.50588e-05,1.4408e-05,1.35463e-05,1.29804e-05,1.2373e-05,1.15985e-05,1.05448e-05,9.41535e-06,8.65254e-06,7.44078e-06
1.50847e-05,1.46832e-05,1.40219e-05,1.32625e-05,1.26638e-05,1.20676e-05,1.12778e-05,1.02549e-05,9.16119e-06,8.41928e-06,7.22696e-06
1.47701e-05,1.43665e-05,1.37068e-05,1.29172e-05,1.23428e-05,1.17671e-05,1.09823e-05,1.0033e-05,8.92067e-06,8.18924e-06,7.05235e-06
1.44317e-05,1.3986e-05,1.33928e-05,1.26121e-05,1.20717e-05,1.14713e-05,1.0758e-05,9.73872e-06,8.69171e-06,7.97796e-06,6.86662e-06
1.4108e-05,1.3677e-05,1.30441e-05,1.22717e-05,1.17557e-05,1.12064e-05,1.04614e-05,9.49588e-06,8.47582e-06,7.75817e-06,6.70162e-06
1.37829e-05,1.33195e-05,1.27162e-05,1.20065e-05,1.14547e-05,1.09197e-05,1.01832e-05,9.23623e-06,8.25733e-06,7.57045e-06,6.51146e-06
1.34516e-05,1.30077e-05,1.24247e-05,1.17324e-05,1.11739e-05,1.0649e-05,9.92702e-06,8.99941e-06,8.02637e-06,7.35632e-06,6.35884e-06
1.31255e-05,1.26922e-05,1.21448e-05,1.14743e-05,1.09503e-05,1.04237e-05,9.6919e-06,8.78352e-06,7.86294e-06,7.19154e-06,6.18766e-06
1.28177e-05,1.2455e-05,1.18407e-05,1.11736e-05,1.0671e-05,1.0186e-05,9.49358e-06,8.58035e-06,7.6613e-06,6.98604e-06,6.02566e-06
1.25204e-05,1.21008e-05,1.15592e-05,1.09357e-05,1.04232e-05,9.92372e-06,9.23825e-06,8.33936e-06,7.45995e-06,6.81292e-06,5.87405e-06
1.22331e-05,1.18083e-05,1.12551e-05,1.06419e-05,1.01297e-05,9.65541e-06,9.0032e-06,8.10556e-06,7.24635e-06,6.64309e-06,5.72078e-06
1.19316e-05,1.15291e-05,1.09577e-05,1.03666e-05,9.87041e-06,9.41155e-06,8.73677e-06,7.90489e-06,7.05261e-06,6.43774e-06,5.55029e-06
1.16871e-05,1.12692e-05,1.06941e-05,1.01229e-05,9.62219e-06,9.1731e-06,8.54007e-06,7.70249e-06,6.88423e-06,6.27724e-06,5.41802e-06
1.13937e-05,1.09908e-05,1.04265e-05,9.88801e-06,9.40836e-06,8.97218e-06,8.3145e-06,7.48849e-06,6.6987e-06,6.10918e-06,5.25678e-06
1.11401e-05,1.07232e-05,1.0198e-05,9.62347e-06,9.15252e-06,8.76034e-06,8.11632e-06,7.31845e-06,6.48868e-06,5.9463e-06,5.11635e-06
1.08738e-05,1.04332e-05,9.93556e-06,9.43454e-06,8.96366e-06,8.53501e-06,7.88807e-06,7.11059e-06,6.36408e-06,5.79347e-06,4.97879e-06
1.06254e-05,1.02222e-05,9.71329e-06,9.18962e-06,8.72273e-06,8.32138e-06,7.6876e-06,6.9398e-06,6.19695e-06,5.6483e-06,4.86686e-06
1.03554e-05,9.96853e-06,9.48951e-06,8.96894e-06,8.49043e-06,8.11361e-06,7.52108e-06,6.76266e-06,6.04747e-06,5.49365e-06,4.7435e-06
1.01205e-05,9.72215e-06,9.22296e-06,8.75604e-06,8.31042e-06,7.96716e-06,7.33692e-06,6.58868e-06,5.87802e-06,5.34555e-06,4.60249e-06
9.86536e-06,9.49495e-06,9.01927e-06,8.5457e-06,8.09615e-06,7.74125e-06,7.14295e-06,6.4105e-06,5.72785e-06,5.21054e-06,4.48073e-06
9.66747e-06,9.30373e-06,8.78966e-06,8.34911e-06,7.90571e-06,7.55234e-06,6.95115e-06,6.264e-06,5.58793e-06,5.09068e-06,4.38784e-06
9.43005e-06,9.04927e-06,8.57434e-06,8.17963e-06,7.70376e-06,7.407e-06,6.77762e-06,6.09342e-06,5.42711e-06,4.96171e-06,4.23616e-06
9.20543e-06,8.88765e-06,8.39147e-06,7.97336e-06,7.51936e-06,7.20036e-06,6.61662e-06,5.95291e-06,5.31182e-06,4.82677e-06,4.15598e-06
8.98258e-06,8.65231e-06,8.17207e-06,7.78295e-06,7.34991e-06,7.06022e-06,6.4326e-06,5.7859e-06,5.18144e-06,4.7076e-06,4.00591e-06
8.75051e-06,8.43056e-06,7.9894e-06,7.61898e-06,7.17773e-06,6.87709e-06,6.28879e-06,5.645e-06,5.04755e-06,4.59495e-06,3.93978e-06
8.55482e-06,8.22739e-06,7.82862e-06,7.42137e-06,6.99275e-06,6.71612e-06,6.13054e-06,5.49646e-06,4.92244e-06,4.47271e-06,3.83331e-06
8.36998e-06,8.03969e-06,7.63192e-06,7.25778e-06,6.84138e-06,6.55414e-06,5.99818e-06,5.36244e-06,4.79183e-06,4.35029e-06,3.7432e-06
8.16731e-06,7.8677e-06,7.4444e-06,7.09314e-06,6.66188e-06,6.40323e-06,5.83776e-06,5.2394e-06,4.69175e-06,4.24674e-06,3.63068e-06
8.00392e-06,7.70182e-06,7.24926e-06,6.92882e-06,6.51197e-06,6.24871e-06,5.70513e-06,5.10651e-06,4.56533e-06,4.14492e-06,3.53617e-06
7.78289e-06,7.50944e-06,7.10323e-06,6.7623e-06,6.33967e-06,6.10561e-06,5.55441e-06,4.98145e-06,4.45461e-06,4.03677e-06,3.44009e-06
7.64776e-06,7.33223e-06,6.95518e-06,6.63066e-06,6.22008e-06,5.97525e-06,5.42963e-06,4.87873e-06,4.35672e-06,3.95014e-06,3.35287e-06
7.43348e-06,7.17547e-06,6.77957e-06,6.46123e-06,6.0507e-06,5.8253e-06,5.2946e-06,4.75166e-06,4.26435e-06,3.85545e-06,3.26194e-06
7.26451e-06,6.99516e-06,6.62372e-06,6.32396e-06,5.92455e-06,5.68945e-06,5.18612e-06,4.63656e-06,4.14241e-06,3.76651e-06,3.20963e-06
7.11652e-06,6.87227e-06,6.47062e-06,6.18264e-06,5.78492e-06,5.53894e-06,5.03401e-06,4.515e-06,4.0569e-06,3.67629e-06,3.11769e-06
6.97251e-06,6.69257e-06,6.34666e-06,6.06312e-06,5.69199e-06,5.46059e-06,4.95102e-06,4.42641e-06,3.97517e-06,3.58916e-06,3.05233e-06
6.7808e-06,6.54592e-06,6.18196e-06,5.91179e-06,5.53152e-06,5.30228e-06,4.80514e-06,4.31796e-06,3.85914e-06,3.5011e-06,2.96359e-06
6.65821e-06,6.40876e-06,6.03892e-06,5.78577e-06,5.42252e-06,5.20483e-06,4.70398e-06,4.2116e-06,3.77111e-06,3.40789e-06,2.88706e-06
6.51209e-06,6.28503e-06,5.91051e-06,5.6563e-06,5.30292e-06,5.06171e-06,4.59313e-06,4.11874e-06,3.68422e-06,3.31686e-06,2.82543e-06
6.3506e-06,6.12027e-06,5.77972e-06,5.54384e-06,5.1782e-06,4.96875e-06,4.47566e-06,4.03204e-06,3.59396e-06,3.25447e-06,2.73492e-06
6.21999e-06,5.99147e-06,5.66497e-06,5.42774e-06,5.0552e-06,4.84274e-06,4.38155e-06,3.9346e-06,3.52677e-06,3.1851e-06,2.68853e-06
6.06614e-06,5.87544e-06,5.52261e-06,5.29802e-06,4.95866e-06,4.74045e-06,4.29766e-06,3.8323e-06,3.44412e-06,3.10701e-06,2.63178e-06
5.93585e-06,5.73697e-06,5.41242e-06,5.19919e-06,4.84504e-06,4.62667e-06,4.1981e-06,3.75663e-06,3.36421e-06,3.04519e-06,2.54539e-06
5.8174e-06,5.60995e-06,5.27803e-06,5.08166e-06,4.75594e-06,4.52253e-06,4.09047e-06,3.67174e-06,3.28982e-06,2.96956e-06,2.50143e-06
5.67341e-06,5.496e-06,5.17383e-06,4.9828e-06,4.64979e-06,4.42359e-06,4.00812e-06,3.59027e-06,3.21777e-06,2.90844e-06,2.42979e-06
5.57326e-06,5.37226e-06,5.06229e-06,4.86189e-06,4.55862e-06,4.3392e-06,3.91739e-06,3.50533e-06,3.13822e-06,2.84006e-06,2.38044e-06
5.43062e-06,5.2773e-06,4.96142e-06,4.78159e-06,4.43641e-06,4.24321e-06,3.82215e-06,3.43076e-06,3.07127e-06,2.76942e-06,2.32066e-06
5.29953e-06,5.1529e-06,4.854e-06,4.6821e-06,4.35717e-06,4.1459e-06,3.73572e-06,3.3645e-06,3.01296e-06,2.71131e-06,2.25821e-06
5.21322e-06,5.04394e-06,4.77075e-06,4.58337e-06,4.26611e-06,4.09512e-06,3.67573e-06,3.27473e-06,2.93913e-06,2.63851e-06,2.20979e-06
5.0665e-06,4.94047e-06,4.65374e-06,4.48612e-06,4.16396e-06,3.97385e-06,3.58765e-06,3.20463e-06,2.86803e-06,2.59044e-06,2.15747e-06
4.96996e-06,4.84707e-06,4.55082e-06,4.3976e-06,4.0789e-06,3.89679e-06,3.51816e-06,3.13772e-06,2.81532e-06,2.53217e-06,2.10562e-06
4.8736e-06,4.72749e-06,4.47028e-06,4.31713e-06,4.00775e-06,3.81596e-06,3.44014e-06,3.07749e-06,2.7535e-06,2.48115e-06,2.0621e-06
4.76935e-06,4.65113e-06,4.36184e-06,4.23109e-06,3.91869e-06,3.72857e-06,3.36064e-06,3.00705e-06,2.70062e-06,2.42259e-06,2.01849e-06
4.69081e-06,4.55216e-06,4.27764e-06,4.14422e-06,3.85371e-06,3.66296e-06,3.27487e-06,2.95108e-06,2.64577e-06,2.37125e-06,1.9725e-06
4.57666e-06,4.44691e-06,4.19334e-06,4.06515e-06,3.77263e-06,3.59541e-06,3.21382e-06,2.88656e-06,2.57474e-06,2.32321e-06,1.92583e-06
4.47685e-06,4.37503e-06,4.10537e-06,3.98721e-06,3.70286e-06,3.5146e-06,3.14297e-06,2.82719e-06,2.53385e-06,2.26944e-06,1.88535e-06
4.40193e-06,4.28866e-06,4.01806e-06,3.90624e-06,3.61948e-06,3.43551e-06,3.08003e-06,2.76183e-06,2.48387e-06,2.22421e-06,1.83938e-06
4.29465e-06,4.1931e-06,3.9332e-06,3.83665e-06,3.54785e-06,3.36475e-06,3.01599e-06,2.70441e-06,2.41967e-06,2.17858e-06,1.79662e-06
4.20608e-06,4.11337e-06,3.86195e-06,3.76058e-06,3.48093e-06,3.29216e-06,2.97294e-06,2.65977e-06,2.37303e-06,2.13065e-06,1.76321e-06
4.12575e-06,4.03341e-06,3.78515e-06,3.68011e-06,3.41151e-06,3.23147e-06,2.91111e-06,2.602e-06,2.32674e-06,2.08515e-06,1.73013e-06
4.03033e-06,3.9435e-06,3.71029e-06,3.61144e-06,3.33793e-06,3.1673e-06,2.85881e-06,2.54553e-06,2.28144e-06,2.03648e-06,1.68317e-06
3.95073e-06,3.87287e-06,3.64215e-06,3.53775e-06,3.2755e-06,3.10942e-06,2.80587e-06,2.49645e-06,2.23698e-06,1.99331e-06,1.64485e-06
3.85332e-06,3.79896e-06,3.56455e-06,3.47459e-06,3.2069e-06,3.04471e-06,2.74929e-06,2.45377e-06,2.19044e-06,1.95217e-06,1.60882e-06
3.80194e-06,3.72513e-06,3.49214e-06,3.40638e-06,3.15414e-06,2.97874e-06,2.67738e-06,2.40115e-06,2.14162e-06,1.90346e-06,1.57667e-06
3.7238e-06,3.64787e-06,3.41937e-06,3.33282e-06,3.0915e-06,2.92117e-06,2.6336e-06,2.3443e-06,2.09712e-06,1.86882e-06,1.54669e-06
3.63859e-06,3.5775e-06,3.35868e-06,3.27122e-06,3.02556e-06,2.86219e-06,2.57768e-06,2.3056e-06,2.05252e-06,1.83105e-06,1.51028e-06
3.57276e-06,3.50673e-06,3.28814e-06,3.20706e-06,2.96824e-06,2.81052e-06,2.53095e-06,2.25026e-06,2.01325e-06,1.79265e-06,1.47859e-06
3.5e-06,3.43752e-06,3.22292e-06,3.15067e-06,2.91368e-06,2.75435e-06,2.48012e-06,2.21139e-06,1.97172e-06,1.75328e-06,1.4481e-06
3.42935e-06,3.373e-06,3.16245e-06,3.08835e-06,2.85566e-06,2.69932e-06,2.42988e-06,2.17042e-06,1.92966e-06,1.7156e-06,1.41581e-06
3.3651e-06,3.30827e-06,3.10185e-06,3.03213e-06,2.8032e-06,2.64589e-06,2.38627e-06,2.12468e-06,1.89147e-06,1.68046e-06,1.3871e-06
3.30121e-06,3.23973e-06,3.03956e-06,2.976e-06,2.74796e-06,2.60006e-06,2.33977e-06,2.08456e-06,1.85632e-06,1.64602e-06,1.35624e-06
3.23617e-06,3.17621e-06,2.9888e-06,2.9263e-06,2.69341e-06,2.54325e-06,2.29439e-06,2.03988e-06,1.82199e-06,1.61274e-06,1.32824e-06
3.16622e-06,3.12068e-06,2.9162e-06,2.86292e-06,2.64944e-06,2.49276e-06,2.24877e-06,2.00741e-06,1.78424e-06,1.57752e-06,1.29882e-06
3.09902e-06,3.06584e-06,2.86019e-06,2.80138e-06,2.58948e-06,2.44428e-06,2.20198e-06,1.96509e-06,1.74224e-06,1.54122e-06,1.2719e-06
3.04035e-06,2.99819e-06,2.8073e-06,2.75334e-06,2.55045e-06,2.39903e-06,2.16921e-06,1.92468e-06,1.71057e-06,1.50861e-06,1.24452e-06
2.97913e-06,2.94594e-06,2.75609e-06,2.70323e-06,2.49257e-06,2.35368e-06,2.11782e-06,1.8876e-06,1.67304e-06,1.47822e-06,1.21855e-06
2.92565e-06,2.88473e-06,2.7046e-06,2.64996e-06,2.44771e-06,2.3067e-06,2.07887e-06,1.84509e-06,1.63991e-06,1.44621e-06,1.19361e-06
2.86987e-06,2.8259e-06,2.65487e-06,2.60258e-06,2.40156e-06,2.26353e-06,2.0381e-06,1.81306e-06,1.60559e-06,1.41537e-06,1.17125e-06
2.8061e-06,2.77823e-06,2.60435e-06,2.55295e-06,2.35317e-06,2.21724e-06,1.9993e-06,1.7783e-06,1.57389e-06,1.38795e-06,1.14632e-06
2.76338e-06,2.72318e-06,2.55433e-06,2.50829e-06,2.31216e-06,2.17274e-06,1.96119e-06,1.74239e-06,1.54538e-06,1.355e-06,1.12115e-06
2.71055e-06,2.66115e-06,2.51478e-06,2.45842e-06,2.26782e-06,2.13156e-06,1.92813e-06,1.7091e-06,1.51035e-06,1.33145e-06,1.09672e-06
2.65106e-06,2.62289e-06,2.45926e-06,2.41209e-06,2.22247e-06,2.09188e-06,1.88528e-06,1.67265e-06,1.48324e-06,1.29965e-06,1.07235e-06
2.60359e-06,2.56963e-06,2.40787e-06,2.36146e-06,2.18084e-06,2.05171e-06,1.84672e-06,1.64213e-06,1.45322e-06,1.27057e-06,1.05154e-06
2.55403e-06,2.51843e-06,2.36663e-06,2.3171e-06,2.13681e-06,2.01191e-06,1.81132e-06,1.61117e-06,1.41655e-06,1.24722e-06,1.02971e-06
2.5005e-06,2.47152e-06,2.31851e-06,2.27984e-06,2.10409e-06,1.97499e-06,1.77801e-06,1.57949e-06,1.39527e-06,1.21932e-06,1.00952e-06
2.45877e-06,2.42705e-06,2.27979e-06,2.23798e-06,2.05736e-06,1.93544e-06,1.74398e-06,1.55074e-06,1.36839e-06,1.19398e-06,9.84424e-07
2.41324e-06,2.3761e-06,2.23766e-06,2.19216e-06,2.02428e-06,1.90465e-06,1.70725e-06,1.51407e-06,1.33906e-06,1.16815e-06,9.652e-07
2.36453e-06,2.33967e-06,2.19135e-06,2.15689e-06,1.98506e-06,1.86335e-06,1.67031e-06,1.48944e-06,1.31185e-06,1.14436e-06,9.45412e-07
2.3106e-06,2.29421e-06,2.15605e-06,2.11285e-06,1.94653e-06,1.82752e-06,1.64077e-06,1.45668e-06,1.28303e-06,1.11744e-06,9.24407e-07
2.27607e-06,2.24574e-06,2.11455e-06,2.06628e-06,1.90768e-06,1.78898e-06,1.61215e-06,1.43094e-06,1.26196e-06,1.09749e-06,9.03749e-07
2.2301e-06,2.21156e-06,2.07818e-06,2.03612e-06,1.87051e-06,1.75934e-06,1.58336e-06,1.40507e-06,1.23572e-06,1.07371e-06,8.88313e-07
2.19609e-06,2.15957e-06,2.03878e-06,1.99248e-06,1.8307e-06,1.72188e-06,1.55234e-06,1.3759e-06,1.21003e-06,1.0503e-06,8.69441e-07
2.14359e-06,2.12048e-06,1.99345e-06,1.95809e-06,1.80554e-06,1.69019e-06,1.522e-06,1.35168e-06,1.18716e-06,1.02633e-06,8.49821e-07
2.10685e-06,2.08173e-06,1.95925e-06,1.92123e-06,1.76732e-06,1.65581e-06,1.49258e-06,1.32552e-06,1.16638e-06,1.00314e-06,8.31767e-07
2.07141e-06,2.03483e-06,1.92728e-06,1.88562e-06,1.73937e-06,1.62506e-06,1.46568e-06,1.29883e-06,1.13995e-06,9.84488e-07,8.15041e-07
2.02472e-06,2.00511e-06,1.88613e-06,1.84943e-06,1.70192e-06,1.59843e-06,1.43701e-06,1.27228e-06,1.11689e-06,9.62856e-07,7.946e-07
1.99286e-06,1.97694e-06,1.85263e-06,1.82021e-06,1.66839e-06,1.57225e-06,1.41192e-06,1.25123e-06,1.09047e-06,9.43509e-07,7.81326e-07
1.95212e-06,1.9319e-06,1.82344e-06,1.78386e-06,1.6422e-06,1.53553e-06,1.38319e-06,1.22705e-06,1.07447e-06,9.25221e-07,7.61287e-07
1.91776e-06,1.90371e-06,1.79193e-06,1.75073e-06,1.61311e-06,1.50935e-06,1.35876e-06,1.20623e-06,1.0519e-06,9.0355e-07,7.4766e-07
1.88711e-06,1.86274e-06,1.76092e-06,1.72191e-06,1.58455e-06,1.4792e-06,1.33257e-06,1.18316e-06,1.03444e-06,8.89221e-07,7.33999e-07
1.85295e-06,1.82735e-06,1.72713e-06,1.68893e-06,1.55786e-06,1.45347e-06,1.30834e-06,1.15902e-06,1.01677e-06,8.69887e-07,7.16256e-07
1.81308e-06,1.79028e-06,1.69701e-06,1.65545e-06,1.5303e-06,1.42268e-06,1.28508e-06,1.13825e-06,9.95028e-07,8.5272e-07,7.00251e-07
1.78334e-06,1.76298e-06,1.66691e-06,1.62193e-06,1.50191e-06,1.40298e-06,1.25883e-06,1.11675e-06,9.7584e-07,8.34435e-07,6.88532e-07
1.74922e-06,1.7306e-06,1.63492e-06,1.59677e-06,1.47784e-06,1.37398e-06,1.23882e-06,1.09773e-06,9.59119e-07,8.15078e-07,6.71888e-07
1.72084e-06,1.69785e-06,1.60437e-06,1.56793e-06,1.44539e-06,1.3534e-06,1.21491e-06,1.07683e-06,9.38296e-07,7.98879e-07,6.57106e-07
1.69238e-06,1.66672e-06,1.57895e-06,1.54373e-06,1.42325e-06,1.32203e-06,1.19232e-06,1.0574e-06,9.22248e-07,7.84375e-07,6.43386e-07
1.65766e-06,1.63824e-06,1.5537e-06,1.51411e-06,1.39813e-06,1.30582e-06,1.17157e-06,1.03764e-06,9.0044e-07,7.68632e-07,6.30454e-07
1.63027e-06,1.60313e-06,1.52811e-06,1.49066e-06,1.37127e-06,1.27999e-06,1.15291e-06,1.01639e-06,8.88753e-07,7.51622e-07,6.16921e-07
1.60287e-06,1.57719e-06,1.49885e-06,1.46087e-06,1.35387e-06,1.2584e-06,1.13675e-06,9.98992e-07,8.68396e-07,7.37004e-07,6.0518e-07
1.57312e-06,1.5533e-06,1.46957e-06,1.43421e-06,1.32622e-06,1.23705e-06,1.10963e-06,9.81187e-07,8.54403e-07,7.23948e-07,5.9151e-07
1.54183e-06,1.52536e-06,1.44607e-06,1.41447e-06,1.31003e-06,1.21016e-06,1.08925e-06,9.65354e-07,8.36839e-07,7.08841e-07,5.80333e-07
1.52214e-06,1.49743e-06,1.43156e-06,1.3896e-06,1.28427e-06,1.18981e-06,1.07159e-06,9.46561e-07,8.20666e-07,6.97381e-07,5.68386e-07
1.49476e-06,1.46834e-06,1.39651e-06,1.36075e-06,1.26168e-06,1.17008e-06,1.05135e-06,9.30627e-07,8.06784e-07,6.80389e-07,5.53768e-07
1.4656e-06,1.44684e-06,1.37877e-06,1.33784e-06,1.23989e-06,1.15125e-06,1.03648e-06,9.16281e-07,7.94395e-07,6.69304e-07,5.4535e-07
1.44337e-06,1.41833e-06,1.35717e-06,1.31833e-06,1.22327e-06,1.13329e-06,1.01835e-06,8.99143e-07,7.7875e-07,6.55561e-07,5.34754e-07
1.41153e-06,1.40215e-06,1.33441e-06,1.28962e-06,1.20351e-06,1.11013e-06,1.00111e-06,8.82756e-07,7.66622e-07,6.41638e-07,5.25039e-07
1.39469e-06,1.37235e-06,1.31474e-06,1.27083e-06,1.18147e-06,1.09642e-06,9.83491e-07,8.64806e-07,7.50928e-07,6.31892e-07,5.13823e-07
1.37333e-06,1.34818e-06,1.28877e-06,1.24591e-06,1.16535e-06,1.08175e-06,9.702e-07,8.52053e-07,7.39209e-07,6.19567e-07,5.02392e-07
1.3484e-06,1.33018e-06,1.26572e-06,1.2309e-06,1.14529e-06,1.05829e-06,9.52918e-07,8.36543e-07,7.23387e-07,6.06163e-07,4.90755e-07
1.3351e-06,1.3082e-06,1.24604e-06,1.20928e-06,1.12571e-06,1.03978e-06,9.35417e-07,8.25799e-07,7.10514e-07,5.96743e-07,4.82023e-07
1.29936e-06,1.28323e-06,1.22287e-06,1.18626e-06,1.10889e-06,1.02508e-06,9.18642e-07,8.07519e-07,6.97706e-07,5.83118e-07,4.72236e-07
1.28827e-06,1.26451e-06,1.21147e-06,1.17262e-06,1.09299e-06,1.0078e-06,9.06877e-07,8.00813e-07,6.87446e-07,5.78295e-07,4.65785e-07
1.25154e-06,1.25157e-06,1.18795e-06,1.15417e-06,1.07297e-06,9.90177e-07,8.96523e-07,7.83755e-07,6.75787e-07,5.6466e-07,4.54283e-07
1.23995e-06,1.22772e-06,1.1726e-06,1.13837e-06,1.05918e-06,9.72005e-07,8.7946e-07,7.73314e-07,6.64614e-07,5.52766e-07,4.45651e-07
1.2223e-06,1.20351e-06,1.15714e-06,1.11415e-06,1.04265e-06,9.63393e-07,8.66218e-07,7.5737e-07,6.52079e-07,5.44345e-07,4.37058e-07
1.19983e-06,1.18716e-06,1.13825e-06,1.09816e-06,1.02717e-06,9.46539e-07,8.53223e-07,7.46523e-07,6.40541e-07,5.3675e-07,4.29245e-07
1.18519e-06,1.16439e-06,1.11459e-06,1.07781e-06,1.00951e-06,9.29465e-07,8.3776e-07,7.3561e-07,6.3203e-07,5.25402e-07,4.19645e-07
1.16728e-06,1.14705e-06,1.10289e-06,1.06265e-06,9.96922e-07,9.14158e-07,8.27187e-07,7.25852e-07,6.21536e-07,5.15723e-07,4.12365e-07
1.13914e-06,1.13074e-06,1.08745e-06,1.05253e-06,9.81693e-07,9.06272e-07,8.15216e-07,7.15704e-07,6.09928e-07,5.07915e-07,4.0492e-07
1.13055e-06,1.1115e-06,1.07043e-06,1.02891e-06,9.69051e-07,8.92325e-07,8.03564e-07,6.99045e-07,6.00215e-07,4.98728e-07,3.94971e-07
1.11346e-06,1.09828e-06,1.05419e-06,1.01246e-06,9.53698e-07,8.78805e-07,7.91821e-07,6.91386e-07,5.92664e-07,4.89569e-07,3.90476e-07
1.09354e-06,1.07693e-06,1.03832e-06,1.00023e-06,9.40867e-07,8.58806e-07,7.798e-07,6.80344e-07,5.82244e-07,4.79298e-07,3.82208e-07
1.08307e-06,1.06054e-06,1.02235e-06,9.84189e-07,9.30146e-07,8.55345e-07,7.70547e-07,6.70329e-07,5.71542e-07,4.73201e-07,3.74259e-07
1.06888e-06,1.04811e-06,1.01007e-06,9.7108e-07,9.14457e-07,8.36473e-07,7.6026e-07,6.59637e-07,5.62547e-07,4.65731e-07,3.68487e-07
1.0439e-06,1.03288e-06,9.95915e-07,9.54591e-07,8.97838e-07,8.29611e-07,7.48965e-07,6.50126e-07,5.53394e-07,4.58327e-07,3.62476e-07
1.03591e-06,1.02146e-06,9.80548e-07,9.42535e-07,8.86771e-07,8.15286e-07,7.35466e-07,6.43714e-07,5.46034e-07,4.5269e-07,3.55721e-07
1.01981e-06,1.00602e-06,9.61259e-07,9.30601e-07,8.73847e-07,8.01693e-07,7.25907e-07,6.33743e-07,5.38676e-07,4.45564e-07,3.46716e-07
1.00521e-06,9.90484e-07,9.54408e-07,9.15042e-07,8.63209e-07,7.93542e-07,7.15145e-07,6.23015e-07,5.28672e-07,4.37195e-07,3.41435e-07
1.00123e-06,9.69331e-07,9.40095e-07,9.03593e-07,8.50123e-07,7.8352e-07,7.04951e-07,6.15635e-07,5.19505e-07,4.32838e-07,3.37008e-07
9.73438e-07,9.62948e-07,9.28534e-07,8.8731e-07,8.38463e-07,7.74941e-07,6.99663e-07,6.04644e-07,5.14786e-07,4.20636e-07,3.29564e-07
9.59169e-07,9.5001e-07,9.11165e-07,8.73854e-07,8.2973e-07,7.62232e-07,6.875e-07,5.97725e-07,5.03519e-07,4.15826e-07,3.24713e-07
9.5144e-07,9.33753e-07,8.97861e-07,8.62558e-07,8.19586e-07,7.50705e-07,6.78909e-07,5.88735e-07,4.98577e-07,4.07826e-07,3.18247e-07
9.33406e-07,9.11604e-07,8.9192e-07,8.52005e-07,8.06034e-07,7.43494e-07,6.70685e-07,5.81999e-07,4.90206e-07,4.0317e-07,3.13053e-07
9.25353e-07,9.06054e-07,8.83274e-07,8.41743e-07,7.97817e-07,7.25782e-07,6.57958e-07,5.71942e-07,4.83347e-07,3.95978e-07,3.0769e-07
9.07473e-07,8.90305e-07,8.61609e-07,8.2618e-07,7.85445e-07,7.27999e-07,6.52056e-07,5.63999e-07,4.76512e-07,3.87464e-07,3.01495e-07
8.98487e-07,8.83389e-07,8.54326e-07,8.17906e-07,7.73409e-07,7.11773e-07,6.40764e-07,5.56518e-07,4.67323e-07,3.82485e-07,2.96856e-07
8.89125e-07,8.67282e-07,8.41979e-07,8.07963e-07,7.66164e-07,7.05033e-07,6.35907e-07,5.47021e-07,4.63101e-07,3.79431e-07,2.93539e-07
8.68349e-07,8.59793e-07,8.31866e-07,7.98975e-07,7.53677e-07,6.90216e-07,6.25896e-07,5.38958e-07,4.54207e-07,3.70292e-07,2.86529e-07
8.63204e-07,8.46553e-07,8.26564e-07,7.90023e-07,7.45005e-07,6.85826e-07,6.19562e-07,5.34011e-07,4.49341e-07,3.67246e-07,2.81975e-07
8.53633e-07,8.35961e-07,8.11016e-07,7.76541e-07,7.41539e-07,6.81104e-07,6.12736e-07,5.28792e-07,4.43559e-07,3.63165e-07,2.76133e-07
8.33742e-07,8.2663e-07,8.02675e-07,7.63736e-07,7.25099e-07,6.69068e-07,6.01431e-07,5.23329e-07,4.38399e-07,3.57404e-07,2.72163e-07
8.28007e-07,8.1459e-07,7.88141e-07,7.53632e-07,7.23856e-07,6.59042e-07,5.95978e-07,5.11388e-07,4.31865e-07,3.50798e-07,2.69188e-07
8.1752e-07,8.05456e-07,7.77669e-07,7.46364e-07,7.08838e-07,6.5619e-07,5.88874e-07,5.06076e-07,4.24154e-07,3.43451e-07,2.63323e-07
8.1087e-07,7.93459e-07,7.72072e-07,7.40389e-07,7.01571e-07,6.45225e-07,5.80769e-07,4.97395e-07,4.2087e-07,3.41342e-07,2.58846e-07
8.00342e-07,7.84367e-07,7.54908e-07,7.27592e-07,6.93681e-07,6.36629e-07,5.75046e-07,4.94311e-07,4.1409e-07,3.35592e-07,2.55442e-07
7.89382e-07,7.71e-07,7.51453e-07,7.18746e-07,6.84459e-07,6.30172e-07,5.64242e-07,4.89844e-07,4.08024e-07,3.32865e-07,2.52376e-07
7.76549e-07,7.60906e-07,7.42063e-07,7.09835e-07,6.78298e-07,6.20694e-07,5.61261e-07,4.77236e-07,4.03565e-07,3.2739e-07,2.47988e-07
7.70185e-07,7.49998e-07,7.35189e-07,6.99526e-07,6.69286e-07,6.10221e-07,5.51641e-07,4.76315e-07,3.98036e-07,3.20323e-07,2.42184e-07
7.62491e-07,7.4597e-07,7.24216e-07,6.94546e-07,6.60706e-07,6.02184e-07,5.45248e-07,4.65931e-07,3.92418e-07,3.17089e-07,2.40226e-07
7.54048e-07,7.34821e-07,7.14594e-07,6.83185e-07,6.55381e-07,5.98625e-07,5.40701e-07,4.60409e-07,3.8804e-07,3.12622e-07,2.36126e-07
7.39399e-07,7.26266e-07,7.03785e-07,6.74749e-07,6.46156e-07,5.87906e-07,5.30178e-07,4.54754e-07,3.79132e-07,3.06844e-07,2.30822e-07
7.23549e-07,7.215e-07,6.96612e-07,6.65371e-07,6.34549e-07,5.88732e-07,5.2875e-07,4.45733e-07,3.76708e-07,3.0255e-07,2.27666e-07
7.24876e-07,7.07783e-07,6.89162e-07,6.58432e-07,6.27467e-07,5.76434e-07,5.1857e-07,4.47007e-07,3.70969e-07,2.98991e-07,2.23895e-07
7.12624e-07,6.95933e-07,6.74427e-07,6.53776e-07,6.19251e-07,5.69369e-07,5.12466e-07,4.3533e-07,3.65298e-07,2.944e-07,2.21372e-07
7.06246e-07,6.88978e-07,6.68153e-07,6.39111e-07,6.1558e-07,5.6617e-07,5.07984e-07,4.33296e-07,3.61699e-07,2.89813e-07,2.17949e-07
6.95951e-07,6.87194e-07,6.61386e-07,6.31669e-07,6.07905e-07,5.60821e-07,4.99472e-07,4.28105e-07,3.58503e-07,2.87437e-07,2.16084e-07
6.86566e-07,6.72626e-07,6.55032e-07,6.26399e-07,6.00122e-07,5.51595e-07,4.95183e-07,4.20509e-07,3.54228e-07,2.82561e-07,2.10779e-07
6.79275e-07,6.64708e-07,6.43722e-07,6.17814e-07,5.93338e-07,5.44305e-07,4.91007e-07,4.16412e-07,3.49011e-07,2.7871e-07,2.07422e-07
6.71052e-07,6.56521e-07,6.37002e-07,6.10076e-07,5.87942e-07,5.38275e-07,4.82063e-07,4.09078e-07,3.43099e-07,2.76207e-07,2.04701e-07
6.6062e-07,6.48819e-07,6.29717e-07,6.05726e-07,5.79409e-07,5.31949e-07,4.76479e-07,4.05251e-07,3.39236e-07,2.72344e-07,2.02669e-07
6.54054e-07,6.36662e-07,6.24267e-07,5.98837e-07,5.74935e-07,5.26993e-07,4.72664e-07,4.00937e-07,3.34789e-07,2.68609e-07,1.99054e-07
6.44182e-07,6.34461e-07,6.15816e-07,5.89756e-07,5.63387e-07,5.19218e-07,4.65095e-07,3.95201e-07,3.2976e-07,2.63097e-07,1.96109e-07
6.45073e-07,6.21883e-07,6.06975e-07,5.7956e-07,5.58185e-07,5.07764e-07,4.57985e-07,3.90658e-07,3.23913e-07,2.58276e-07,1.91356e-07
6.28948e-07,6.17775e-07,5.98951e-07,5.7528e-07,5.51897e-07,5.05264e-07,4.55473e-07,3.84658e-07,3.21098e-07,2.53606e-07,1.90765e-07
6.23146e-07,6.07477e-07,5.92312e-07,5.68728e-07,5.4471e-07,4.99906e-07,4.49005e-07,3.81706e-07,3.17115e-07,2.53273e-07,1.88009e-07
6.15749e-07,6.05409e-07,5.86866e-07,5.62702e-07,5.38994e-07,4.95297e-07,4.43171e-07,3.77137e-07,3.13312e-07,2.5137e-07,1.85568e-07
6.0647e-07,5.98531e-07,5.80824e-07,5.5446e-07,5.31302e-07,4.88058e-07,4.38421e-07,3.71573e-07,3.09032e-07,2.45855e-07,1.82545e-07
6.00821e-07,5.84321e-07,5.70461e-07,5.48142e-07,5.29387e-07,4.84894e-07,4.34887e-07,3.68818e-07,3.04482e-07,2.43818e-07,1.80017e-07
5.92578e-07,5.83305e-07,5.62125e-07,5.4335e-07,5.18427e-07,4.81875e-07,4.2723e-07,3.60595e-07,3.00735e-07,2.39948e-07,1.75607e-07
5.85142e-07,5.77702e-07,5.64092e-07,5.38608e-07,5.09249e-07,4.71883e-07,4.23574e-07,3.61225e-07,2.98219e-07,2.34469e-07,1.74045e-07
5.8134e-07,5.71848e-07,5.51713e-07,5.27917e-07,5.09147e-07,4.69159e-07,4.19439e-07,3.53372e-07,2.93787e-07,2.32174e-07,1.71519e-07
5.75495e-07,5.58834e-07,5.44167e-07,5.20272e-07,5.01493e-07,4.59835e-07,4.13791e-07,3.50349e-07,2.91095e-07,2.30188e-07,1.66128e-07
5.68677e-07,5.52283e-07,5.37811e-07,5.17212e-07,4.93134e-07,4.59625e-07,4.0723e-07,3.42694e-07,2.86251e-07,2.23419e-07,1.66265e-07
5.60934e-07,5.45399e-07,5.29795e-07,5.11875e-07,4.90401e-07,4.50391e-07,4.03839e-07,3.41139e-07,2.83127e-07,2.23303e-07,1.63605e-07
5.51625e-07,5.36671e-07,5.23284e-07,5.07212e-07,4.81757e-07,4.44361e-07,3.99593e-07,3.3397e-07,2.78251e-07,2.21377e-07,1.61291e-07
5.46696e-07,5.33202e-07,5.19388e-07,4.98719e-07,4.78373e-07,4.39409e-07,3.92684e-07,3.34503e-07,2.75976e-07,2.18741e-07,1.58478e-07
