# xi2: scale uu
# underflow	 -1463.1567    	 0.28004497E-01
# overflow	 -5.0420363    	 0.17099417E-02
# sum	 -1830.4014    	 0.30132072E-01
# xmin	xmax	cross	numerror
  0.0000000    	  1.0000000    	 0.58667895E-01	 0.23524641E-03
  1.0000000    	  2.0000000    	 0.29975947E-01	 0.23137891E-03
  2.0000000    	  3.0000000    	-0.24587026E-01	 0.22645641E-03
  3.0000000    	  4.0000000    	-0.10348072    	 0.21739339E-03
  4.0000000    	  5.0000000    	-0.20195756    	 0.21941104E-03
  5.0000000    	  6.0000000    	-0.31529088    	 0.24044344E-03
  6.0000000    	  7.0000000    	-0.43803550    	 0.28519106E-03
  7.0000000    	  8.0000000    	-0.56552486    	 0.35537308E-03
  8.0000000    	  9.0000000    	-0.69182564    	 0.40115556E-03
  9.0000000    	  10.000000    	-0.81085140    	 0.51188062E-03
  10.000000    	  11.000000    	-0.91765867    	 0.60035337E-03
  11.000000    	  12.000000    	 0.19524326E-01	 0.20159350E-03
  12.000000    	  13.000000    	-0.71234091E-02	 0.20733270E-03
  13.000000    	  14.000000    	-0.59695653E-01	 0.19563045E-03
  14.000000    	  15.000000    	-0.13446355    	 0.20040106E-03
  15.000000    	  16.000000    	-0.22778560    	 0.21354006E-03
  16.000000    	  17.000000    	-0.33460701    	 0.24611293E-03
  17.000000    	  18.000000    	-0.45066680    	 0.28173485E-03
  18.000000    	  19.000000    	-0.56978375    	 0.32974507E-03
  19.000000    	  20.000000    	-0.68739192    	 0.41234424E-03
  20.000000    	  21.000000    	-0.79648129    	 0.48834249E-03
  21.000000    	  22.000000    	-0.89320006    	 0.56828466E-03
  22.000000    	  23.000000    	-0.15763563E-01	 0.19156196E-03
  23.000000    	  24.000000    	-0.41356066E-01	 0.19048090E-03
  24.000000    	  25.000000    	-0.91125420E-01	 0.19040512E-03
  25.000000    	  26.000000    	-0.16189500    	 0.19544936E-03
  26.000000    	  27.000000    	-0.25017724    	 0.21681995E-03
  27.000000    	  28.000000    	-0.35099239    	 0.24373203E-03
  28.000000    	  29.000000    	-0.46024243    	 0.28265684E-03
  29.000000    	  30.000000    	-0.57204031    	 0.33227467E-03
  30.000000    	  31.000000    	-0.68121603    	 0.40343573E-03
  31.000000    	  32.000000    	-0.78183216    	 0.48250492E-03
  32.000000    	  33.000000    	-0.86874216    	 0.56606158E-03
  33.000000    	  34.000000    	-0.47544186E-01	 0.18035719E-03
  34.000000    	  35.000000    	-0.72308892E-01	 0.19334877E-03
  35.000000    	  36.000000    	-0.11891289    	 0.18620693E-03
  36.000000    	  37.000000    	-0.18626064    	 0.20012413E-03
  37.000000    	  38.000000    	-0.26988188    	 0.21188632E-03
  38.000000    	  39.000000    	-0.36553911    	 0.23762088E-03
  39.000000    	  40.000000    	-0.46827681    	 0.28146339E-03
  40.000000    	  41.000000    	-0.57322810    	 0.34764563E-03
  41.000000    	  42.000000    	-0.67405217    	 0.39265515E-03
  42.000000    	  43.000000    	-0.76734757    	 0.46787430E-03
  43.000000    	  44.000000    	-0.84553925    	 0.57785254E-03
  44.000000    	  45.000000    	-0.77128150E-01	 0.17046044E-03
  45.000000    	  46.000000    	-0.99934528E-01	 0.18649349E-03
  46.000000    	  47.000000    	-0.14458057    	 0.18238427E-03
  47.000000    	  48.000000    	-0.20803069    	 0.19213876E-03
  48.000000    	  49.000000    	-0.28695843    	 0.22213086E-03
  49.000000    	  50.000000    	-0.37727628    	 0.24111746E-03
  50.000000    	  51.000000    	-0.47440246    	 0.27962282E-03
  51.000000    	  52.000000    	-0.57217000    	 0.33880256E-03
  52.000000    	  53.000000    	-0.66686229    	 0.39425027E-03
  53.000000    	  54.000000    	-0.75175466    	 0.46700951E-03
  54.000000    	  55.000000    	-0.82269086    	 0.54164036E-03
  55.000000    	  56.000000    	-0.10338791    	 0.17513698E-03
  56.000000    	  57.000000    	-0.12500676    	 0.16602135E-03
  57.000000    	  58.000000    	-0.16740913    	 0.19357089E-03
  58.000000    	  59.000000    	-0.22737527    	 0.19427081E-03
  59.000000    	  60.000000    	-0.30218087    	 0.21094649E-03
  60.000000    	  61.000000    	-0.38753521    	 0.26041040E-03
  61.000000    	  62.000000    	-0.47882423    	 0.29684845E-03
  62.000000    	  63.000000    	-0.57084133    	 0.33313639E-03
  63.000000    	  64.000000    	-0.65903493    	 0.39240675E-03
  64.000000    	  65.000000    	-0.73720545    	 0.46962657E-03
  65.000000    	  66.000000    	-0.80046720    	 0.56426733E-03
  66.000000    	  67.000000    	-0.12741314    	 0.16077568E-03
  67.000000    	  68.000000    	-0.14792708    	 0.16557457E-03
  68.000000    	  69.000000    	-0.18790802    	 0.17485816E-03
  69.000000    	  70.000000    	-0.24486749    	 0.20174261E-03
  70.000000    	  71.000000    	-0.31537349    	 0.21456063E-03
  71.000000    	  72.000000    	-0.39611527    	 0.25085181E-03
  72.000000    	  73.000000    	-0.48214045    	 0.29109935E-03
  73.000000    	  74.000000    	-0.56854913    	 0.33395023E-03
  74.000000    	  75.000000    	-0.65055969    	 0.39359455E-03
  75.000000    	  76.000000    	-0.72171754    	 0.45462718E-03
  76.000000    	  77.000000    	-0.77846748    	 0.53324399E-03
  77.000000    	  78.000000    	-0.14919641    	 0.16735845E-03
  78.000000    	  79.000000    	-0.16872839    	 0.16872468E-03
  79.000000    	  80.000000    	-0.20634861    	 0.17318167E-03
  80.000000    	  81.000000    	-0.26029998    	 0.19378875E-03
  81.000000    	  82.000000    	-0.32743377    	 0.21597619E-03
  82.000000    	  83.000000    	-0.40364826    	 0.25540224E-03
  83.000000    	  84.000000    	-0.48464918    	 0.29507689E-03
  84.000000    	  85.000000    	-0.56579669    	 0.33975523E-03
  85.000000    	  86.000000    	-0.64161462    	 0.39440130E-03
  86.000000    	  87.000000    	-0.70670257    	 0.45255839E-03
  87.000000    	  88.000000    	-0.75820205    	 0.52610870E-03
  88.000000    	  89.000000    	-0.16914618    	 0.16037933E-03
  89.000000    	  90.000000    	-0.18779136    	 0.17723543E-03
  90.000000    	  91.000000    	-0.22346956    	 0.17632285E-03
  91.000000    	  92.000000    	-0.27427542    	 0.19407454E-03
  92.000000    	  93.000000    	-0.33771758    	 0.22539707E-03
  93.000000    	  94.000000    	-0.40994751    	 0.26146602E-03
  94.000000    	  95.000000    	-0.48610920    	 0.29443424E-03
  95.000000    	  96.000000    	-0.56241752    	 0.34811637E-03
  96.000000    	  97.000000    	-0.63225675    	 0.39631153E-03
  97.000000    	  98.000000    	-0.69268159    	 0.45981994E-03
  98.000000    	  99.000000    	-0.73835931    	 0.52412484E-03
  99.000000    	  100.00000    	-0.18754439    	 0.15924245E-03
  100.00000    	  101.00000    	-0.20473777    	 0.16243985E-03
  101.00000    	  102.00000    	-0.23851546    	 0.17540645E-03
  102.00000    	  103.00000    	-0.28697941    	 0.20072582E-03
  103.00000    	  104.00000    	-0.34695499    	 0.22436368E-03
  104.00000    	  105.00000    	-0.41516387    	 0.25721345E-03
  105.00000    	  106.00000    	-0.48703835    	 0.29122285E-03
  106.00000    	  107.00000    	-0.55818335    	 0.33896472E-03
  107.00000    	  108.00000    	-0.62336927    	 0.39296219E-03
  108.00000    	  109.00000    	-0.67834479    	 0.45315140E-03
  109.00000    	  110.00000    	-0.71867802    	 0.53022073E-03
  110.00000    	  111.00000    	-0.20373853    	 0.16041705E-03
  111.00000    	  112.00000    	-0.22021391    	 0.16367734E-03
  112.00000    	  113.00000    	-0.25222545    	 0.16951304E-03
  113.00000    	  114.00000    	-0.29838188    	 0.20754795E-03
  114.00000    	  115.00000    	-0.35528530    	 0.22678681E-03
  115.00000    	  116.00000    	-0.41963323    	 0.25824778E-03
  116.00000    	  117.00000    	-0.48762486    	 0.29713510E-03
  117.00000    	  118.00000    	-0.55376297    	 0.33630759E-03
  118.00000    	  119.00000    	-0.61409625    	 0.39206372E-03
  119.00000    	  120.00000    	-0.66379212    	 0.45041414E-03
  120.00000    	  121.00000    	-0.70074729    	 0.51754433E-03
  121.00000    	  122.00000    	-0.21870981    	 0.17575759E-03
  122.00000    	  123.00000    	-0.23429766    	 0.16591636E-03
  123.00000    	  124.00000    	-0.26520518    	 0.17979753E-03
  124.00000    	  125.00000    	-0.30860866    	 0.20116960E-03
  125.00000    	  126.00000    	-0.36253134    	 0.22849688E-03
  126.00000    	  127.00000    	-0.42313989    	 0.27026457E-03
  127.00000    	  128.00000    	-0.48703138    	 0.29827322E-03
  128.00000    	  129.00000    	-0.54890117    	 0.33608119E-03
  129.00000    	  130.00000    	-0.60531340    	 0.39892270E-03
  130.00000    	  131.00000    	-0.65061662    	 0.44336581E-03
  131.00000    	  132.00000    	-0.68176843    	 0.50972717E-03
  132.00000    	  133.00000    	-0.23254562    	 0.16924662E-03
  133.00000    	  134.00000    	-0.24751103    	 0.17588034E-03
  134.00000    	  135.00000    	-0.27624233    	 0.18231054E-03
  135.00000    	  136.00000    	-0.31787435    	 0.20808960E-03
  136.00000    	  137.00000    	-0.36852060    	 0.23404573E-03
  137.00000    	  138.00000    	-0.42622033    	 0.26391785E-03
  138.00000    	  139.00000    	-0.48615865    	 0.31004348E-03
  139.00000    	  140.00000    	-0.54417724    	 0.34200845E-03
  140.00000    	  141.00000    	-0.59618388    	 0.39559150E-03
  141.00000    	  142.00000    	-0.63729420    	 0.44730631E-03
  142.00000    	  143.00000    	-0.66474792    	 0.50041137E-03
  143.00000    	  144.00000    	-0.24520712    	 0.16664753E-03
  144.00000    	  145.00000    	-0.25924859    	 0.17325939E-03
  145.00000    	  146.00000    	-0.28682778    	 0.18622276E-03
  146.00000    	  147.00000    	-0.32567754    	 0.20776534E-03
  147.00000    	  148.00000    	-0.37406672    	 0.23063061E-03
  148.00000    	  149.00000    	-0.42859821    	 0.25956985E-03
  149.00000    	  150.00000    	-0.48508914    	 0.29733426E-03
  150.00000    	  151.00000    	-0.53936084    	 0.34666436E-03
  151.00000    	  152.00000    	-0.58672232    	 0.39631950E-03
  152.00000    	  153.00000    	-0.62434636    	 0.45083017E-03
  153.00000    	  154.00000    	-0.64832334    	 0.49947652E-03
  154.00000    	  155.00000    	-0.25661384    	 0.16898620E-03
  155.00000    	  156.00000    	-0.27012534    	 0.17601777E-03
  156.00000    	  157.00000    	-0.29596215    	 0.19522312E-03
  157.00000    	  158.00000    	-0.33331327    	 0.21031551E-03
  158.00000    	  159.00000    	-0.37926281    	 0.24525825E-03
  159.00000    	  160.00000    	-0.43034080    	 0.26697453E-03
  160.00000    	  161.00000    	-0.48370747    	 0.30245309E-03
  161.00000    	  162.00000    	-0.53401819    	 0.34318893E-03
  162.00000    	  163.00000    	-0.57800382    	 0.39137825E-03
  163.00000    	  164.00000    	-0.61204999    	 0.44833070E-03
  164.00000    	  165.00000    	-0.63205873    	 0.49696454E-03
  165.00000    	  166.00000    	-0.26689561    	 0.16963996E-03
  166.00000    	  167.00000    	-0.27995803    	 0.18206210E-03
  167.00000    	  168.00000    	-0.30452697    	 0.19303021E-03
  168.00000    	  169.00000    	-0.33976353    	 0.21321619E-03
  169.00000    	  170.00000    	-0.38317346    	 0.24419330E-03
  170.00000    	  171.00000    	-0.43159688    	 0.26478671E-03
  171.00000    	  172.00000    	-0.48163153    	 0.30234493E-03
  172.00000    	  173.00000    	-0.52834216    	 0.34360052E-03
  173.00000    	  174.00000    	-0.56909802    	 0.39648532E-03
  174.00000    	  175.00000    	-0.59953719    	 0.44200946E-03
  175.00000    	  176.00000    	-0.61771752    	 0.49200659E-03
  176.00000    	  177.00000    	-0.27688451    	 0.17797494E-03
  177.00000    	  178.00000    	-0.28874399    	 0.18885937E-03
  178.00000    	  179.00000    	-0.31229992    	 0.19721443E-03
  179.00000    	  180.00000    	-0.34572051    	 0.21381081E-03
  180.00000    	  181.00000    	-0.38672442    	 0.23979189E-03
  181.00000    	  182.00000    	-0.43293888    	 0.27440177E-03
  182.00000    	  183.00000    	-0.47906641    	 0.30647654E-03
  183.00000    	  184.00000    	-0.52308419    	 0.34827688E-03
  184.00000    	  185.00000    	-0.56054599    	 0.38804767E-03
  185.00000    	  186.00000    	-0.58710389    	 0.43857210E-03
  186.00000    	  187.00000    	-0.60296981    	 0.49532516E-03
  187.00000    	  188.00000    	-0.28550276    	 0.18661968E-03
  188.00000    	  189.00000    	-0.29684595    	 0.18623969E-03
  189.00000    	  190.00000    	-0.31912814    	 0.20721410E-03
  190.00000    	  191.00000    	-0.35079422    	 0.21848617E-03
  191.00000    	  192.00000    	-0.39003818    	 0.25732171E-03
  192.00000    	  193.00000    	-0.43321045    	 0.27138541E-03
  193.00000    	  194.00000    	-0.47709357    	 0.31075187E-03
  194.00000    	  195.00000    	-0.51834751    	 0.34976001E-03
  195.00000    	  196.00000    	-0.55182119    	 0.39275736E-03
  196.00000    	  197.00000    	-0.57582165    	 0.45013253E-03
  197.00000    	  198.00000    	-0.58837185    	 0.48901643E-03
  198.00000    	  199.00000    	-0.29320959    	 0.18879514E-03
  199.00000    	  200.00000    	-0.30445170    	 0.20093988E-03
  200.00000    	  201.00000    	-0.32551243    	 0.19932652E-03
  201.00000    	  202.00000    	-0.35572928    	 0.22098057E-03
  202.00000    	  203.00000    	-0.39253193    	 0.24505217E-03
  203.00000    	  204.00000    	-0.43322289    	 0.27263138E-03
  204.00000    	  205.00000    	-0.47492548    	 0.32923167E-03
  205.00000    	  206.00000    	-0.51243144    	 0.34796861E-03
  206.00000    	  207.00000    	-0.54287960    	 0.39947815E-03
  207.00000    	  208.00000    	-0.56443346    	 0.43484197E-03
  208.00000    	  209.00000    	-0.57420962    	 0.48875709E-03
  209.00000    	  210.00000    	-0.30057647    	 0.19201515E-03
  210.00000    	  211.00000    	-0.31110399    	 0.19114672E-03
  211.00000    	  212.00000    	-0.33113494    	 0.20608029E-03
  212.00000    	  213.00000    	-0.35949103    	 0.22284690E-03
  213.00000    	  214.00000    	-0.39470245    	 0.24981887E-03
  214.00000    	  215.00000    	-0.43311518    	 0.27742660E-03
  215.00000    	  216.00000    	-0.47174866    	 0.32047410E-03
  216.00000    	  217.00000    	-0.50668909    	 0.34873309E-03
  217.00000    	  218.00000    	-0.53491118    	 0.39240426E-03
  218.00000    	  219.00000    	-0.55389920    	 0.43160519E-03
  219.00000    	  220.00000    	-0.56100763    	 0.48764820E-03
  220.00000    	  221.00000    	-0.30728002    	 0.19797011E-03
  221.00000    	  222.00000    	-0.31705628    	 0.19010940E-03
  222.00000    	  223.00000    	-0.33632789    	 0.22188908E-03
  223.00000    	  224.00000    	-0.36322122    	 0.23600150E-03
  224.00000    	  225.00000    	-0.39625873    	 0.24765947E-03
  225.00000    	  226.00000    	-0.43272511    	 0.28254445E-03
  226.00000    	  227.00000    	-0.46917131    	 0.32317503E-03
  227.00000    	  228.00000    	-0.50128270    	 0.36234209E-03
  228.00000    	  229.00000    	-0.52698826    	 0.39308345E-03
  229.00000    	  230.00000    	-0.54263940    	 0.44148995E-03
  230.00000    	  231.00000    	-0.54890687    	 0.47393064E-03
  231.00000    	  232.00000    	-0.31293096    	 0.19403257E-03
  232.00000    	  233.00000    	-0.32233322    	 0.19799566E-03
  233.00000    	  234.00000    	-0.34069615    	 0.21926291E-03
  234.00000    	  235.00000    	-0.36646533    	 0.22985217E-03
  235.00000    	  236.00000    	-0.39763357    	 0.24994793E-03
  236.00000    	  237.00000    	-0.43192366    	 0.27935454E-03
  237.00000    	  238.00000    	-0.46534358    	 0.31126405E-03
  238.00000    	  239.00000    	-0.49536799    	 0.35073690E-03
  239.00000    	  240.00000    	-0.51861897    	 0.39318791E-03
  240.00000    	  241.00000    	-0.53265959    	 0.43646551E-03
  241.00000    	  242.00000    	-0.53646291    	 0.47335556E-03
  242.00000    	  243.00000    	-0.31848976    	 0.19705600E-03
  243.00000    	  244.00000    	-0.32742857    	 0.21094633E-03
  244.00000    	  245.00000    	-0.34453269    	 0.21793438E-03
  245.00000    	  246.00000    	-0.36912220    	 0.24374520E-03
  246.00000    	  247.00000    	-0.39888331    	 0.25672569E-03
  247.00000    	  248.00000    	-0.43048747    	 0.29101180E-03
  248.00000    	  249.00000    	-0.46194469    	 0.31143030E-03
  249.00000    	  250.00000    	-0.48961220    	 0.36065330E-03
  250.00000    	  251.00000    	-0.51065335    	 0.39957262E-03
  251.00000    	  252.00000    	-0.52292042    	 0.43010799E-03
  252.00000    	  253.00000    	-0.52457550    	 0.46904825E-03
  253.00000    	  254.00000    	-0.32346208    	 0.20746215E-03
  254.00000    	  255.00000    	-0.33161612    	 0.20474657E-03
  255.00000    	  256.00000    	-0.34806943    	 0.21715381E-03
  256.00000    	  257.00000    	-0.37145177    	 0.23785234E-03
  257.00000    	  258.00000    	-0.39958873    	 0.26480962E-03
  258.00000    	  259.00000    	-0.42970054    	 0.29191151E-03
  259.00000    	  260.00000    	-0.45847532    	 0.31661127E-03
  260.00000    	  261.00000    	-0.48414600    	 0.35013925E-03
  261.00000    	  262.00000    	-0.50262585    	 0.38945528E-03
  262.00000    	  263.00000    	-0.51250944    	 0.43459623E-03
  263.00000    	  264.00000    	-0.51314236    	 0.46932374E-03
  264.00000    	  265.00000    	-0.32762635    	 0.20893129E-03
  265.00000    	  266.00000    	-0.33583868    	 0.21595718E-03
  266.00000    	  267.00000    	-0.35144285    	 0.21966111E-03
  267.00000    	  268.00000    	-0.37332148    	 0.24443739E-03
  268.00000    	  269.00000    	-0.40021430    	 0.27647489E-03
  269.00000    	  270.00000    	-0.42820909    	 0.29352843E-03
  270.00000    	  271.00000    	-0.45515866    	 0.32233538E-03
  271.00000    	  272.00000    	-0.47810398    	 0.35473083E-03
  272.00000    	  273.00000    	-0.49539804    	 0.38829222E-03
  273.00000    	  274.00000    	-0.50298597    	 0.42939945E-03
  274.00000    	  275.00000    	-0.50156808    	 0.46695050E-03
  275.00000    	  276.00000    	-0.33150615    	 0.21613492E-03
  276.00000    	  277.00000    	-0.33927003    	 0.21754715E-03
  277.00000    	  278.00000    	-0.35408647    	 0.22541481E-03
  278.00000    	  279.00000    	-0.37464937    	 0.24015929E-03
  279.00000    	  280.00000    	-0.39955739    	 0.26119942E-03
  280.00000    	  281.00000    	-0.42599580    	 0.28879964E-03
  281.00000    	  282.00000    	-0.45163025    	 0.32358411E-03
  282.00000    	  283.00000    	-0.47267653    	 0.35449027E-03
  283.00000    	  284.00000    	-0.48718160    	 0.39500572E-03
  284.00000    	  285.00000    	-0.49348279    	 0.42726950E-03
  285.00000    	  286.00000    	-0.49065697    	 0.46492542E-03
  286.00000    	  287.00000    	-0.33481077    	 0.21547652E-03
  287.00000    	  288.00000    	-0.34226199    	 0.21685808E-03
  288.00000    	  289.00000    	-0.35632535    	 0.23163250E-03
  289.00000    	  290.00000    	-0.37603473    	 0.25034831E-03
  290.00000    	  291.00000    	-0.39928060    	 0.26453676E-03
  291.00000    	  292.00000    	-0.42425482    	 0.29223469E-03
  292.00000    	  293.00000    	-0.44738196    	 0.32841988E-03
  293.00000    	  294.00000    	-0.46669398    	 0.35823450E-03
  294.00000    	  295.00000    	-0.47913004    	 0.38981673E-03
  295.00000    	  296.00000    	-0.48454437    	 0.42933696E-03
  296.00000    	  297.00000    	-0.48061139    	 0.46397315E-03
  297.00000    	  298.00000    	-0.33786876    	 0.21755770E-03
  298.00000    	  299.00000    	-0.34498262    	 0.22305724E-03
  299.00000    	  300.00000    	-0.35815640    	 0.23323663E-03
  300.00000    	  301.00000    	-0.37666027    	 0.24792779E-03
  301.00000    	  302.00000    	-0.39886070    	 0.26932977E-03
  302.00000    	  303.00000    	-0.42195114    	 0.29265172E-03
  303.00000    	  304.00000    	-0.44354237    	 0.33098851E-03
  304.00000    	  305.00000    	-0.46149930    	 0.35755197E-03
  305.00000    	  306.00000    	-0.47184783    	 0.39682927E-03
  306.00000    	  307.00000    	-0.47562921    	 0.42436484E-03
  307.00000    	  308.00000    	-0.47013233    	 0.46262297E-03
  308.00000    	  309.00000    	-0.34055988    	 0.22053566E-03
  309.00000    	  310.00000    	-0.34714754    	 0.23376455E-03
  310.00000    	  311.00000    	-0.35973217    	 0.23337583E-03
  311.00000    	  312.00000    	-0.37719248    	 0.24944076E-03
  312.00000    	  313.00000    	-0.39795682    	 0.27288764E-03
  313.00000    	  314.00000    	-0.41953855    	 0.29373832E-03
  314.00000    	  315.00000    	-0.43955299    	 0.32639596E-03
  315.00000    	  316.00000    	-0.45497761    	 0.35420383E-03
  316.00000    	  317.00000    	-0.46457381    	 0.39138151E-03
  317.00000    	  318.00000    	-0.46677482    	 0.42970714E-03
  318.00000    	  319.00000    	-0.45993026    	 0.45774395E-03
  319.00000    	  320.00000    	-0.34275266    	 0.23066158E-03
  320.00000    	  321.00000    	-0.34894839    	 0.22480546E-03
  321.00000    	  322.00000    	-0.36090822    	 0.23575794E-03
  322.00000    	  323.00000    	-0.37733993    	 0.26350862E-03
  323.00000    	  324.00000    	-0.39706997    	 0.27799945E-03
  324.00000    	  325.00000    	-0.41682186    	 0.29717696E-03
  325.00000    	  326.00000    	-0.43541205    	 0.32493183E-03
  326.00000    	  327.00000    	-0.44947555    	 0.35892592E-03
  327.00000    	  328.00000    	-0.45754624    	 0.39278108E-03
  328.00000    	  329.00000    	-0.45797158    	 0.42297258E-03
  329.00000    	  330.00000    	-0.45109308    	 0.45510676E-03
  330.00000    	  331.00000    	-0.34462978    	 0.23147967E-03
  331.00000    	  332.00000    	-0.35037741    	 0.23524594E-03
  332.00000    	  333.00000    	-0.36162016    	 0.23448526E-03
  333.00000    	  334.00000    	-0.37750918    	 0.25467085E-03
  334.00000    	  335.00000    	-0.39594798    	 0.27656054E-03
  335.00000    	  336.00000    	-0.41466223    	 0.30033465E-03
  336.00000    	  337.00000    	-0.43091030    	 0.32718482E-03
  337.00000    	  338.00000    	-0.44307276    	 0.35965611E-03
  338.00000    	  339.00000    	-0.44996257    	 0.38930979E-03
  339.00000    	  340.00000    	-0.44886661    	 0.42063525E-03
  340.00000    	  341.00000    	-0.44106596    	 0.45046827E-03
  341.00000    	  342.00000    	-0.34603260    	 0.23130329E-03
  342.00000    	  343.00000    	-0.35156897    	 0.23316144E-03
  343.00000    	  344.00000    	-0.36287808    	 0.24037356E-03
  344.00000    	  345.00000    	-0.37748517    	 0.25459846E-03
  345.00000    	  346.00000    	-0.39419335    	 0.27913379E-03
  346.00000    	  347.00000    	-0.41164681    	 0.30436980E-03
  347.00000    	  348.00000    	-0.42648755    	 0.33104078E-03
  348.00000    	  349.00000    	-0.43782048    	 0.35927876E-03
  349.00000    	  350.00000    	-0.44367783    	 0.39807867E-03
  350.00000    	  351.00000    	-0.44122046    	 0.42393345E-03
  351.00000    	  352.00000    	-0.43263515    	 0.44921581E-03
  352.00000    	  353.00000    	-0.34729320    	 0.23633408E-03
  353.00000    	  354.00000    	-0.35259996    	 0.23354222E-03
  354.00000    	  355.00000    	-0.36304182    	 0.24796281E-03
  355.00000    	  356.00000    	-0.37688492    	 0.26044697E-03
  356.00000    	  357.00000    	-0.39274896    	 0.28022826E-03
  357.00000    	  358.00000    	-0.40869809    	 0.30686202E-03
  358.00000    	  359.00000    	-0.42249204    	 0.33462632E-03
  359.00000    	  360.00000    	-0.43200107    	 0.36092820E-03
  360.00000    	  361.00000    	-0.43564281    	 0.38796561E-03
  361.00000    	  362.00000    	-0.43298153    	 0.42412351E-03
  362.00000    	  363.00000    	-0.42391317    	 0.44683447E-03
  363.00000    	  364.00000    	-0.34847694    	 0.24113794E-03
  364.00000    	  365.00000    	-0.35377289    	 0.23685968E-03
  365.00000    	  366.00000    	-0.36313690    	 0.24711108E-03
  366.00000    	  367.00000    	-0.37625130    	 0.26234212E-03
  367.00000    	  368.00000    	-0.39076502    	 0.28302942E-03
  368.00000    	  369.00000    	-0.40562074    	 0.31418710E-03
  369.00000    	  370.00000    	-0.41804596    	 0.33599518E-03
  370.00000    	  371.00000    	-0.42685378    	 0.36463477E-03
  371.00000    	  372.00000    	-0.42923539    	 0.39293587E-03
  372.00000    	  373.00000    	-0.42584657    	 0.41991156E-03
  373.00000    	  374.00000    	-0.41520484    	 0.44968093E-03
  374.00000    	  375.00000    	-0.34969866    	 0.24842268E-03
  375.00000    	  376.00000    	-0.35413044    	 0.24502257E-03
  376.00000    	  377.00000    	-0.36350231    	 0.24771560E-03
  377.00000    	  378.00000    	-0.37558843    	 0.26489285E-03
  378.00000    	  379.00000    	-0.38937111    	 0.28409128E-03
  379.00000    	  380.00000    	-0.40303522    	 0.31240702E-03
  380.00000    	  381.00000    	-0.41428834    	 0.33622507E-03
  381.00000    	  382.00000    	-0.42112255    	 0.36292322E-03
  382.00000    	  383.00000    	-0.42274987    	 0.39370180E-03
  383.00000    	  384.00000    	-0.41853907    	 0.42142915E-03
  384.00000    	  385.00000    	-0.40715835    	 0.44735953E-03
  385.00000    	  386.00000    	-0.35045156    	 0.24346069E-03
  386.00000    	  387.00000    	-0.35490012    	 0.24244880E-03
  387.00000    	  388.00000    	-0.36363120    	 0.25694051E-03
  388.00000    	  389.00000    	-0.37427881    	 0.26659418E-03
  389.00000    	  390.00000    	-0.38756997    	 0.29215082E-03
  390.00000    	  391.00000    	-0.39999398    	 0.30928994E-03
  391.00000    	  392.00000    	-0.41007988    	 0.33481721E-03
  392.00000    	  393.00000    	-0.41642993    	 0.36263176E-03
  393.00000    	  394.00000    	-0.41661734    	 0.38988595E-03
  394.00000    	  395.00000    	-0.41138285    	 0.41829823E-03
  395.00000    	  396.00000    	-0.39964516    	 0.44401957E-03
  396.00000    	  397.00000    	-0.35164648    	 0.25472968E-03
  397.00000    	  398.00000    	-0.35557265    	 0.25125251E-03
  398.00000    	  399.00000    	-0.36339033    	 0.25752893E-03
  399.00000    	  400.00000    	-0.37391477    	 0.27214613E-03
  400.00000    	  401.00000    	-0.38581177    	 0.29331814E-03
  401.00000    	  402.00000    	-0.39722003    	 0.31005118E-03
  402.00000    	  403.00000    	-0.40614484    	 0.34122070E-03
  403.00000    	  404.00000    	-0.41123828    	 0.36241487E-03
  404.00000    	  405.00000    	-0.41086182    	 0.39092439E-03
  405.00000    	  406.00000    	-0.40404820    	 0.41722772E-03
  406.00000    	  407.00000    	-0.39171557    	 0.43868438E-03
  407.00000    	  408.00000    	-0.35216167    	 0.25300700E-03
  408.00000    	  409.00000    	-0.35583265    	 0.25622343E-03
  409.00000    	  410.00000    	-0.36334952    	 0.25732715E-03
  410.00000    	  411.00000    	-0.37374950    	 0.27974520E-03
  411.00000    	  412.00000    	-0.38435542    	 0.29332410E-03
  412.00000    	  413.00000    	-0.39459984    	 0.31702925E-03
  413.00000    	  414.00000    	-0.40244473    	 0.33843633E-03
  414.00000    	  415.00000    	-0.40585237    	 0.36549084E-03
  415.00000    	  416.00000    	-0.40440065    	 0.38960209E-03
  416.00000    	  417.00000    	-0.39775355    	 0.41518290E-03
  417.00000    	  418.00000    	-0.38490663    	 0.43902414E-03
  418.00000    	  419.00000    	-0.35270158    	 0.27020794E-03
  419.00000    	  420.00000    	-0.35637329    	 0.25491226E-03
  420.00000    	  421.00000    	-0.36311596    	 0.26186491E-03
  421.00000    	  422.00000    	-0.37266424    	 0.28423538E-03
  422.00000    	  423.00000    	-0.38272055    	 0.29222476E-03
  423.00000    	  424.00000    	-0.39158927    	 0.31383619E-03
  424.00000    	  425.00000    	-0.39846761    	 0.34173525E-03
  425.00000    	  426.00000    	-0.40174155    	 0.37340130E-03
  426.00000    	  427.00000    	-0.39893902    	 0.39636087E-03
  427.00000    	  428.00000    	-0.39117379    	 0.41397530E-03
  428.00000    	  429.00000    	-0.37786041    	 0.44009731E-03
  429.00000    	  430.00000    	-0.35322374    	 0.25840524E-03
  430.00000    	  431.00000    	-0.35690560    	 0.25999209E-03
  431.00000    	  432.00000    	-0.36325485    	 0.26333764E-03
  432.00000    	  433.00000    	-0.37154588    	 0.27557587E-03
  433.00000    	  434.00000    	-0.38135220    	 0.29696443E-03
  434.00000    	  435.00000    	-0.38869303    	 0.31795952E-03
  435.00000    	  436.00000    	-0.39490785    	 0.34856864E-03
  436.00000    	  437.00000    	-0.39694681    	 0.36490296E-03
  437.00000    	  438.00000    	-0.39453730    	 0.39093056E-03
  438.00000    	  439.00000    	-0.38509031    	 0.41274177E-03
  439.00000    	  440.00000    	-0.37114419    	 0.43848110E-03
  440.00000    	  441.00000    	-0.35381586    	 0.25880067E-03
  441.00000    	  442.00000    	-0.35724585    	 0.25876398E-03
  442.00000    	  443.00000    	-0.36320184    	 0.26645455E-03
  443.00000    	  444.00000    	-0.37122288    	 0.28304500E-03
  444.00000    	  445.00000    	-0.37926987    	 0.29772741E-03
  445.00000    	  446.00000    	-0.38655970    	 0.31889254E-03
  446.00000    	  447.00000    	-0.39123596    	 0.34010812E-03
  447.00000    	  448.00000    	-0.39262796    	 0.36737756E-03
  448.00000    	  449.00000    	-0.38839649    	 0.38840679E-03
  449.00000    	  450.00000    	-0.37900571    	 0.41486025E-03
  450.00000    	  451.00000    	-0.36463726    	 0.43731710E-03
  451.00000    	  452.00000    	-0.35376173    	 0.26537933E-03
  452.00000    	  453.00000    	-0.35681382    	 0.26364052E-03
  453.00000    	  454.00000    	-0.36263369    	 0.26892310E-03
  454.00000    	  455.00000    	-0.37002591    	 0.28525862E-03
  455.00000    	  456.00000    	-0.37697242    	 0.29992088E-03
  456.00000    	  457.00000    	-0.38403978    	 0.31965998E-03
  457.00000    	  458.00000    	-0.38798461    	 0.34310109E-03
  458.00000    	  459.00000    	-0.38766918    	 0.36638644E-03
  459.00000    	  460.00000    	-0.38290928    	 0.38975088E-03
  460.00000    	  461.00000    	-0.37392769    	 0.41469569E-03
  461.00000    	  462.00000    	-0.35920491    	 0.43693050E-03
  462.00000    	  463.00000    	-0.35451625    	 0.26823885E-03
  463.00000    	  464.00000    	-0.35733939    	 0.26977766E-03
  464.00000    	  465.00000    	-0.36234782    	 0.27822078E-03
  465.00000    	  466.00000    	-0.36917225    	 0.28718736E-03
  466.00000    	  467.00000    	-0.37564573    	 0.30556844E-03
  467.00000    	  468.00000    	-0.38158750    	 0.32849169E-03
  468.00000    	  469.00000    	-0.38435486    	 0.34441446E-03
  469.00000    	  470.00000    	-0.38354455    	 0.36840600E-03
  470.00000    	  471.00000    	-0.37814008    	 0.39029860E-03
  471.00000    	  472.00000    	-0.36795942    	 0.41107138E-03
  472.00000    	  473.00000    	-0.35240777    	 0.43140021E-03
  473.00000    	  474.00000    	-0.35464840    	 0.26908329E-03
  474.00000    	  475.00000    	-0.35737805    	 0.26608248E-03
  475.00000    	  476.00000    	-0.36208124    	 0.27260040E-03
  476.00000    	  477.00000    	-0.36819371    	 0.28750478E-03
  477.00000    	  478.00000    	-0.37407716    	 0.30271283E-03
  478.00000    	  479.00000    	-0.37881471    	 0.32475287E-03
  479.00000    	  480.00000    	-0.38100101    	 0.35107991E-03
  480.00000    	  481.00000    	-0.37914283    	 0.36953890E-03
  481.00000    	  482.00000    	-0.37324721    	 0.39187943E-03
  482.00000    	  483.00000    	-0.36257049    	 0.41406511E-03
  483.00000    	  484.00000    	-0.34727759    	 0.43460830E-03
  484.00000    	  485.00000    	-0.35446177    	 0.27113930E-03
  485.00000    	  486.00000    	-0.35717237    	 0.27122100E-03
  486.00000    	  487.00000    	-0.36153206    	 0.27636537E-03
  487.00000    	  488.00000    	-0.36682214    	 0.29076646E-03
  488.00000    	  489.00000    	-0.37246931    	 0.30640076E-03
  489.00000    	  490.00000    	-0.37593510    	 0.32393431E-03
  490.00000    	  491.00000    	-0.37738415    	 0.34802329E-03
  491.00000    	  492.00000    	-0.37518814    	 0.37009581E-03
  492.00000    	  493.00000    	-0.36870787    	 0.39080331E-03
  493.00000    	  494.00000    	-0.35712780    	 0.41150192E-03
  494.00000    	  495.00000    	-0.34138432    	 0.43286242E-03
  495.00000    	  496.00000    	-0.35485750    	 0.27897233E-03
  496.00000    	  497.00000    	-0.35690128    	 0.27342199E-03
  497.00000    	  498.00000    	-0.36058225    	 0.27939985E-03
  498.00000    	  499.00000    	-0.36542104    	 0.29094243E-03
  499.00000    	  500.00000    	-0.37060024    	 0.30599772E-03
  500.00000    	  501.00000    	-0.37313854    	 0.32547603E-03
  501.00000    	  502.00000    	-0.37382877    	 0.34608062E-03
  502.00000    	  503.00000    	-0.37125502    	 0.37418439E-03
  503.00000    	  504.00000    	-0.36334854    	 0.38815546E-03
  504.00000    	  505.00000    	-0.35189139    	 0.40994822E-03
  505.00000    	  506.00000    	-0.33598186    	 0.42955843E-03
  506.00000    	  507.00000    	-0.35471679    	 0.27625817E-03
  507.00000    	  508.00000    	-0.35635379    	 0.27581076E-03
  508.00000    	  509.00000    	-0.35994775    	 0.28193935E-03
  509.00000    	  510.00000    	-0.36434363    	 0.29311180E-03
  510.00000    	  511.00000    	-0.36814530    	 0.30771640E-03
  511.00000    	  512.00000    	-0.37060168    	 0.33052810E-03
  512.00000    	  513.00000    	-0.37096831    	 0.35125420E-03
  513.00000    	  514.00000    	-0.36770114    	 0.37372838E-03
  514.00000    	  515.00000    	-0.35957671    	 0.39509117E-03
  515.00000    	  516.00000    	-0.34658401    	 0.40796727E-03
  516.00000    	  517.00000    	-0.33116118    	 0.45015255E-03
  517.00000    	  518.00000    	-0.35450342    	 0.28411616E-03
  518.00000    	  519.00000    	-0.35621109    	 0.28471425E-03
  519.00000    	  520.00000    	-0.35920599    	 0.28475155E-03
  520.00000    	  521.00000    	-0.36352698    	 0.30646729E-03
  521.00000    	  522.00000    	-0.36629587    	 0.31001132E-03
  522.00000    	  523.00000    	-0.36827183    	 0.32856310E-03
  523.00000    	  524.00000    	-0.36744185    	 0.34898613E-03
  524.00000    	  525.00000    	-0.36317809    	 0.37414914E-03
  525.00000    	  526.00000    	-0.35459394    	 0.39122703E-03
  526.00000    	  527.00000    	-0.34225555    	 0.40999794E-03
  527.00000    	  528.00000    	-0.32541944    	 0.43417025E-03
  528.00000    	  529.00000    	-0.35397816    	 0.28246577E-03
  529.00000    	  530.00000    	-0.35537160    	 0.27895861E-03
  530.00000    	  531.00000    	-0.35875367    	 0.28678659E-03
  531.00000    	  532.00000    	-0.36145889    	 0.29791199E-03
  532.00000    	  533.00000    	-0.36425848    	 0.31285955E-03
  533.00000    	  534.00000    	-0.36555685    	 0.33228986E-03
  534.00000    	  535.00000    	-0.36376820    	 0.35229242E-03
  535.00000    	  536.00000    	-0.35909263    	 0.37038275E-03
  536.00000    	  537.00000    	-0.35012979    	 0.38971224E-03
  537.00000    	  538.00000    	-0.33751648    	 0.41149088E-03
  538.00000    	  539.00000    	-0.32042211    	 0.42602060E-03
  539.00000    	  540.00000    	-0.35355247    	 0.28518042E-03
  540.00000    	  541.00000    	-0.35506732    	 0.28640601E-03
  541.00000    	  542.00000    	-0.35715069    	 0.29348032E-03
  542.00000    	  543.00000    	-0.36007119    	 0.29982843E-03
  543.00000    	  544.00000    	-0.36218266    	 0.31815294E-03
  544.00000    	  545.00000    	-0.36293506    	 0.33439063E-03
  545.00000    	  546.00000    	-0.36115152    	 0.35369315E-03
  546.00000    	  547.00000    	-0.35502233    	 0.37237999E-03
  547.00000    	  548.00000    	-0.34595596    	 0.39275426E-03
  548.00000    	  549.00000    	-0.33276308    	 0.40816177E-03
  549.00000    	  550.00000    	-0.31545146    	 0.42393096E-03
  550.00000    	  551.00000    	-0.35279060    	 0.29258929E-03
  551.00000    	  552.00000    	-0.35447379    	 0.28978875E-03
  552.00000    	  553.00000    	-0.35636064    	 0.29406798E-03
  553.00000    	  554.00000    	-0.35860246    	 0.30335268E-03
  554.00000    	  555.00000    	-0.36018821    	 0.31577372E-03
  555.00000    	  556.00000    	-0.36034869    	 0.33392046E-03
  556.00000    	  557.00000    	-0.35759112    	 0.35366627E-03
  557.00000    	  558.00000    	-0.35174613    	 0.37060617E-03
  558.00000    	  559.00000    	-0.34194385    	 0.39105044E-03
  559.00000    	  560.00000    	-0.32771013    	 0.40922673E-03
  560.00000    	  561.00000    	-0.31015075    	 0.42815544E-03
  561.00000    	  562.00000    	-0.35226492    	 0.29302709E-03
  562.00000    	  563.00000    	-0.35359619    	 0.28778417E-03
  563.00000    	  564.00000    	-0.35535927    	 0.29155012E-03
  564.00000    	  565.00000    	-0.35753309    	 0.30345255E-03
  565.00000    	  566.00000    	-0.35824287    	 0.31913185E-03
  566.00000    	  567.00000    	-0.35747635    	 0.33942453E-03
  567.00000    	  568.00000    	-0.35483838    	 0.36709592E-03
  568.00000    	  569.00000    	-0.34755269    	 0.37251186E-03
  569.00000    	  570.00000    	-0.33765331    	 0.39056998E-03
  570.00000    	  571.00000    	-0.32363569    	 0.40630098E-03
  571.00000    	  572.00000    	-0.30581753    	 0.42651121E-03
  572.00000    	  573.00000    	-0.35203354    	 0.29311748E-03
  573.00000    	  574.00000    	-0.35211387    	 0.29162027E-03
  574.00000    	  575.00000    	-0.35415055    	 0.29434516E-03
  575.00000    	  576.00000    	-0.35590087    	 0.30644147E-03
  576.00000    	  577.00000    	-0.35602031    	 0.32180242E-03
  577.00000    	  578.00000    	-0.35498901    	 0.33737677E-03
  578.00000    	  579.00000    	-0.35091445    	 0.35669963E-03
  579.00000    	  580.00000    	-0.34352957    	 0.37346004E-03
  580.00000    	  581.00000    	-0.33343423    	 0.38874431E-03
  581.00000    	  582.00000    	-0.31903585    	 0.40768515E-03
  582.00000    	  583.00000    	-0.30065200    	 0.42053484E-03
  583.00000    	  584.00000    	-0.35080458    	 0.29710229E-03
  584.00000    	  585.00000    	-0.35168957    	 0.29308720E-03
  585.00000    	  586.00000    	-0.35285752    	 0.29889818E-03
  586.00000    	  587.00000    	-0.35356449    	 0.30985282E-03
  587.00000    	  588.00000    	-0.35394724    	 0.32332901E-03
  588.00000    	  589.00000    	-0.35193417    	 0.34156909E-03
  589.00000    	  590.00000    	-0.34752955    	 0.35510942E-03
  590.00000    	  591.00000    	-0.33996213    	 0.37333354E-03
  591.00000    	  592.00000    	-0.32920337    	 0.38975009E-03
  592.00000    	  593.00000    	-0.31461879    	 0.40725009E-03
  593.00000    	  594.00000    	-0.29714308    	 0.42133704E-03
  594.00000    	  595.00000    	-0.34981037    	 0.30046384E-03
  595.00000    	  596.00000    	-0.35063271    	 0.29907474E-03
  596.00000    	  597.00000    	-0.35131419    	 0.29805336E-03
  597.00000    	  598.00000    	-0.35191683    	 0.31012654E-03
  598.00000    	  599.00000    	-0.35173337    	 0.32274090E-03
  599.00000    	  600.00000    	-0.34962051    	 0.33989335E-03
  600.00000    	  601.00000    	-0.34456778    	 0.35523271E-03
  601.00000    	  602.00000    	-0.33669463    	 0.37292504E-03
  602.00000    	  603.00000    	-0.32465229    	 0.38946615E-03
  603.00000    	  604.00000    	-0.31048993    	 0.40721274E-03
  604.00000    	  605.00000    	-0.29234720    	 0.42447472E-03
  605.00000    	  606.00000    	-0.34901040    	 0.29953274E-03
  606.00000    	  607.00000    	-0.34944393    	 0.29677874E-03
  607.00000    	  608.00000    	-0.34989421    	 0.30200785E-03
  608.00000    	  609.00000    	-0.35076753    	 0.31228265E-03
  609.00000    	  610.00000    	-0.34937825    	 0.32458319E-03
  610.00000    	  611.00000    	-0.34714905    	 0.34691848E-03
  611.00000    	  612.00000    	-0.34107233    	 0.35795975E-03
  612.00000    	  613.00000    	-0.33307796    	 0.37491310E-03
  613.00000    	  614.00000    	-0.32155665    	 0.39244368E-03
  614.00000    	  615.00000    	-0.30627902    	 0.40591093E-03
  615.00000    	  616.00000    	-0.28721112    	 0.41808145E-03
  616.00000    	  617.00000    	-0.34825607    	 0.30615024E-03
  617.00000    	  618.00000    	-0.34812687    	 0.29832864E-03
  618.00000    	  619.00000    	-0.34915524    	 0.30275381E-03
  619.00000    	  620.00000    	-0.34870222    	 0.31270002E-03
  620.00000    	  621.00000    	-0.34696714    	 0.32544805E-03
  621.00000    	  622.00000    	-0.34399571    	 0.34246126E-03
  622.00000    	  623.00000    	-0.33834595    	 0.35981416E-03
  623.00000    	  624.00000    	-0.32943680    	 0.37561589E-03
  624.00000    	  625.00000    	-0.31729877    	 0.39052589E-03
  625.00000    	  626.00000    	-0.30189914    	 0.40434332E-03
  626.00000    	  627.00000    	-0.28322785    	 0.41479632E-03
  627.00000    	  628.00000    	-0.34660816    	 0.30529536E-03
  628.00000    	  629.00000    	-0.34681969    	 0.30418791E-03
  629.00000    	  630.00000    	-0.34737847    	 0.30576524E-03
  630.00000    	  631.00000    	-0.34670763    	 0.31574094E-03
  631.00000    	  632.00000    	-0.34517909    	 0.32867750E-03
  632.00000    	  633.00000    	-0.34122488    	 0.34359114E-03
  633.00000    	  634.00000    	-0.33473250    	 0.35862950E-03
  634.00000    	  635.00000    	-0.32500557    	 0.37329136E-03
  635.00000    	  636.00000    	-0.31355958    	 0.38999631E-03
  636.00000    	  637.00000    	-0.29789082    	 0.40249463E-03
  637.00000    	  638.00000    	-0.27877829    	 0.41550838E-03
  638.00000    	  639.00000    	-0.34575350    	 0.30854479E-03
  639.00000    	  640.00000    	-0.34596667    	 0.30760478E-03
  640.00000    	  641.00000    	-0.34500740    	 0.30968972E-03
  641.00000    	  642.00000    	-0.34467887    	 0.31883585E-03
  642.00000    	  643.00000    	-0.34270962    	 0.32948116E-03
  643.00000    	  644.00000    	-0.33836121    	 0.34320342E-03
  644.00000    	  645.00000    	-0.33211946    	 0.36023551E-03
  645.00000    	  646.00000    	-0.32232729    	 0.37332066E-03
  646.00000    	  647.00000    	-0.30916670    	 0.38763167E-03
  647.00000    	  648.00000    	-0.29422348    	 0.40281970E-03
  648.00000    	  649.00000    	-0.27571311    	 0.41659696E-03
  649.00000    	  650.00000    	-0.34424110    	 0.31256456E-03
  650.00000    	  651.00000    	-0.34424625    	 0.30578716E-03
  651.00000    	  652.00000    	-0.34383759    	 0.31075008E-03
  652.00000    	  653.00000    	-0.34248868    	 0.32114945E-03
  653.00000    	  654.00000    	-0.34053269    	 0.33669481E-03
  654.00000    	  655.00000    	-0.33597577    	 0.34582926E-03
  655.00000    	  656.00000    	-0.32895278    	 0.36210174E-03
  656.00000    	  657.00000    	-0.31878928    	 0.37789582E-03
  657.00000    	  658.00000    	-0.30582201    	 0.38713357E-03
  658.00000    	  659.00000    	-0.28902452    	 0.39966407E-03
  659.00000    	  660.00000    	-0.27142510    	 0.42287928E-03
  660.00000    	  661.00000    	-0.34275520    	 0.31067989E-03
  661.00000    	  662.00000    	-0.34296491    	 0.30766324E-03
  662.00000    	  663.00000    	-0.34262542    	 0.31056999E-03
  663.00000    	  664.00000    	-0.34102950    	 0.32082119E-03
  664.00000    	  665.00000    	-0.33781347    	 0.33580215E-03
  665.00000    	  666.00000    	-0.33319382    	 0.34794761E-03
  666.00000    	  667.00000    	-0.32599609    	 0.36077261E-03
  667.00000    	  668.00000    	-0.31583700    	 0.37681670E-03
  668.00000    	  669.00000    	-0.30227512    	 0.38747268E-03
  669.00000    	  670.00000    	-0.28658945    	 0.40822746E-03
  670.00000    	  671.00000    	-0.26732105    	 0.41535076E-03
  671.00000    	  672.00000    	-0.34172691    	 0.31318771E-03
  672.00000    	  673.00000    	-0.34113700    	 0.30890645E-03
  673.00000    	  674.00000    	-0.34079251    	 0.31369436E-03
  674.00000    	  675.00000    	-0.33889982    	 0.32225244E-03
  675.00000    	  676.00000    	-0.33540251    	 0.33401926E-03
  676.00000    	  677.00000    	-0.32985259    	 0.35189034E-03
  677.00000    	  678.00000    	-0.32186204    	 0.36022210E-03
  678.00000    	  679.00000    	-0.31245180    	 0.37382409E-03
  679.00000    	  680.00000    	-0.29841905    	 0.38694584E-03
  680.00000    	  681.00000    	-0.28237589    	 0.39969595E-03
  681.00000    	  682.00000    	-0.26318452    	 0.41323474E-03
  682.00000    	  683.00000    	-0.34043288    	 0.31472712E-03
  683.00000    	  684.00000    	-0.33975259    	 0.31475450E-03
  684.00000    	  685.00000    	-0.33869630    	 0.31797976E-03
  685.00000    	  686.00000    	-0.33684191    	 0.32256744E-03
  686.00000    	  687.00000    	-0.33318062    	 0.33729303E-03
  687.00000    	  688.00000    	-0.32731862    	 0.34713356E-03
  688.00000    	  689.00000    	-0.31973108    	 0.36158442E-03
  689.00000    	  690.00000    	-0.30822138    	 0.37489393E-03
  690.00000    	  691.00000    	-0.29486961    	 0.38851836E-03
  691.00000    	  692.00000    	-0.27849776    	 0.39963268E-03
  692.00000    	  693.00000    	-0.25982499    	 0.41387494E-03
  693.00000    	  694.00000    	-0.33841462    	 0.31918990E-03
  694.00000    	  695.00000    	-0.33823880    	 0.31301647E-03
  695.00000    	  696.00000    	-0.33625599    	 0.31612115E-03
  696.00000    	  697.00000    	-0.33441116    	 0.32462136E-03
  697.00000    	  698.00000    	-0.33033474    	 0.33578309E-03
  698.00000    	  699.00000    	-0.32472716    	 0.34874983E-03
  699.00000    	  700.00000    	-0.31568689    	 0.36111282E-03
  700.00000    	  701.00000    	-0.30505380    	 0.37377340E-03
  701.00000    	  702.00000    	-0.29079856    	 0.38573452E-03
  702.00000    	  703.00000    	-0.27438442    	 0.39761980E-03
  703.00000    	  704.00000    	-0.25537401    	 0.41339074E-03
  704.00000    	  705.00000    	-0.33668453    	 0.32165394E-03
  705.00000    	  706.00000    	-0.33643837    	 0.31655012E-03
  706.00000    	  707.00000    	-0.33435289    	 0.31781993E-03
  707.00000    	  708.00000    	-0.33238919    	 0.32750169E-03
  708.00000    	  709.00000    	-0.32825534    	 0.33868916E-03
  709.00000    	  710.00000    	-0.32166712    	 0.35097149E-03
  710.00000    	  711.00000    	-0.31287651    	 0.36225246E-03
  711.00000    	  712.00000    	-0.30185548    	 0.38462315E-03
  712.00000    	  713.00000    	-0.28781720    	 0.39035135E-03
  713.00000    	  714.00000    	-0.27134875    	 0.39864437E-03
  714.00000    	  715.00000    	-0.25208076    	 0.41063944E-03
  715.00000    	  716.00000    	-0.33533972    	 0.32149627E-03
  716.00000    	  717.00000    	-0.33476775    	 0.31700558E-03
  717.00000    	  718.00000    	-0.33341507    	 0.32094862E-03
  718.00000    	  719.00000    	-0.33011782    	 0.33448394E-03
  719.00000    	  720.00000    	-0.32558797    	 0.34094853E-03
  720.00000    	  721.00000    	-0.31877465    	 0.35024760E-03
  721.00000    	  722.00000    	-0.31026001    	 0.36352584E-03
  722.00000    	  723.00000    	-0.29850100    	 0.37514964E-03
  723.00000    	  724.00000    	-0.28465547    	 0.38631098E-03
  724.00000    	  725.00000    	-0.26760128    	 0.39806669E-03
  725.00000    	  726.00000    	-0.24817591    	 0.41065162E-03
  726.00000    	  727.00000    	-0.33372178    	 0.32323031E-03
  727.00000    	  728.00000    	-0.33234062    	 0.31809836E-03
  728.00000    	  729.00000    	-0.33141067    	 0.32571817E-03
  729.00000    	  730.00000    	-0.32787258    	 0.32947826E-03
  730.00000    	  731.00000    	-0.32293033    	 0.33996880E-03
  731.00000    	  732.00000    	-0.31658683    	 0.35105288E-03
  732.00000    	  733.00000    	-0.30726775    	 0.36340452E-03
  733.00000    	  734.00000    	-0.29543293    	 0.37375816E-03
  734.00000    	  735.00000    	-0.28116876    	 0.38554997E-03
  735.00000    	  736.00000    	-0.26386270    	 0.39654550E-03
  736.00000    	  737.00000    	-0.24379648    	 0.40697943E-03
  737.00000    	  738.00000    	-0.33227197    	 0.32502281E-03
  738.00000    	  739.00000    	-0.33045158    	 0.32849805E-03
  739.00000    	  740.00000    	-0.32886952    	 0.32443646E-03
  740.00000    	  741.00000    	-0.32562595    	 0.33038659E-03
  741.00000    	  742.00000    	-0.32032094    	 0.33939848E-03
  742.00000    	  743.00000    	-0.31366015    	 0.35511106E-03
  743.00000    	  744.00000    	-0.30409968    	 0.36455066E-03
  744.00000    	  745.00000    	-0.29220767    	 0.37441833E-03
  745.00000    	  746.00000    	-0.27698221    	 0.38525492E-03
  746.00000    	  747.00000    	-0.26034397    	 0.39625040E-03
  747.00000    	  748.00000    	-0.24140480    	 0.40835996E-03
  748.00000    	  749.00000    	-0.33027337    	 0.32596849E-03
  749.00000    	  750.00000    	-0.32920843    	 0.32192554E-03
  750.00000    	  751.00000    	-0.32708653    	 0.32601976E-03
  751.00000    	  752.00000    	-0.32332970    	 0.33284923E-03
  752.00000    	  753.00000    	-0.31793378    	 0.34461233E-03
  753.00000    	  754.00000    	-0.31037254    	 0.35566614E-03
  754.00000    	  755.00000    	-0.30117009    	 0.36543632E-03
  755.00000    	  756.00000    	-0.28830080    	 0.37505577E-03
  756.00000    	  757.00000    	-0.27426459    	 0.38571568E-03
  757.00000    	  758.00000    	-0.25644606    	 0.39500379E-03
  758.00000    	  759.00000    	-0.23756218    	 0.40891904E-03
  759.00000    	  760.00000    	-0.32819628    	 0.33062167E-03
  760.00000    	  761.00000    	-0.32731274    	 0.32381301E-03
  761.00000    	  762.00000    	-0.32454898    	 0.32576529E-03
  762.00000    	  763.00000    	-0.32092989    	 0.33198536E-03
  763.00000    	  764.00000    	-0.31553378    	 0.34244066E-03
  764.00000    	  765.00000    	-0.30764861    	 0.35199527E-03
  765.00000    	  766.00000    	-0.29802459    	 0.36399173E-03
  766.00000    	  767.00000    	-0.28556956    	 0.37439954E-03
  767.00000    	  768.00000    	-0.27059362    	 0.38550646E-03
  768.00000    	  769.00000    	-0.25289918    	 0.39667090E-03
  769.00000    	  770.00000    	-0.23392231    	 0.40542059E-03
  770.00000    	  771.00000    	-0.32598601    	 0.33802881E-03
  771.00000    	  772.00000    	-0.32496850    	 0.32811700E-03
  772.00000    	  773.00000    	-0.32266116    	 0.32931482E-03
  773.00000    	  774.00000    	-0.31848590    	 0.33459637E-03
  774.00000    	  775.00000    	-0.31279699    	 0.34421307E-03
  775.00000    	  776.00000    	-0.30505836    	 0.35842658E-03
  776.00000    	  777.00000    	-0.29409513    	 0.36331577E-03
  777.00000    	  778.00000    	-0.28182996    	 0.37270695E-03
  778.00000    	  779.00000    	-0.26736251    	 0.38354956E-03
  779.00000    	  780.00000    	-0.25012115    	 0.39453865E-03
  780.00000    	  781.00000    	-0.23104279    	 0.40490926E-03
  781.00000    	  782.00000    	-0.32412107    	 0.33308439E-03
  782.00000    	  783.00000    	-0.32389086    	 0.32934288E-03
  783.00000    	  784.00000    	-0.32051961    	 0.32972173E-03
  784.00000    	  785.00000    	-0.31640570    	 0.33688753E-03
  785.00000    	  786.00000    	-0.31085895    	 0.34746664E-03
  786.00000    	  787.00000    	-0.30244172    	 0.35780330E-03
  787.00000    	  788.00000    	-0.29177466    	 0.36556913E-03
  788.00000    	  789.00000    	-0.27901332    	 0.37340944E-03
  789.00000    	  790.00000    	-0.26390938    	 0.38316964E-03
  790.00000    	  791.00000    	-0.24733191    	 0.39808461E-03
  791.00000    	  792.00000    	-0.22663144    	 0.40071661E-03
  792.00000    	  793.00000    	-0.32189676    	 0.33393884E-03
  793.00000    	  794.00000    	-0.32090640    	 0.33085486E-03
  794.00000    	  795.00000    	-0.31816188    	 0.33024114E-03
  795.00000    	  796.00000    	-0.31380191    	 0.33867273E-03
  796.00000    	  797.00000    	-0.30758845    	 0.34517709E-03
  797.00000    	  798.00000    	-0.29907014    	 0.35511721E-03
  798.00000    	  799.00000    	-0.28879266    	 0.36422092E-03
  799.00000    	  800.00000    	-0.27701229    	 0.37910509E-03
  800.00000    	  801.00000    	-0.26072359    	 0.38530645E-03
  801.00000    	  802.00000    	-0.24337041    	 0.39297995E-03
  802.00000    	  803.00000    	-0.22427676    	 0.40103512E-03
  803.00000    	  804.00000    	-0.32012423    	 0.33727333E-03
  804.00000    	  805.00000    	-0.31913532    	 0.33404989E-03
  805.00000    	  806.00000    	-0.31586390    	 0.33270630E-03
  806.00000    	  807.00000    	-0.31180315    	 0.33912164E-03
  807.00000    	  808.00000    	-0.30527084    	 0.34656889E-03
  808.00000    	  809.00000    	-0.29636147    	 0.35591265E-03
  809.00000    	  810.00000    	-0.28636927    	 0.36609089E-03
  810.00000    	  811.00000    	-0.27283319    	 0.37228031E-03
  811.00000    	  812.00000    	-0.25804528    	 0.38276354E-03
  812.00000    	  813.00000    	-0.24041786    	 0.39074692E-03
  813.00000    	  814.00000    	-0.22085183    	 0.40015352E-03
  814.00000    	  815.00000    	-0.31828199    	 0.33729487E-03
  815.00000    	  816.00000    	-0.31669918    	 0.33454771E-03
  816.00000    	  817.00000    	-0.31350652    	 0.33245891E-03
  817.00000    	  818.00000    	-0.30926672    	 0.33830085E-03
  818.00000    	  819.00000    	-0.30277752    	 0.35244555E-03
  819.00000    	  820.00000    	-0.29396756    	 0.36211584E-03
  820.00000    	  821.00000    	-0.28285170    	 0.36354697E-03
  821.00000    	  822.00000    	-0.27032079    	 0.37333325E-03
  822.00000    	  823.00000    	-0.25461294    	 0.38267778E-03
  823.00000    	  824.00000    	-0.23724262    	 0.39316436E-03
  824.00000    	  825.00000    	-0.21863314    	 0.40145136E-03
  825.00000    	  826.00000    	-0.31648767    	 0.33892632E-03
  826.00000    	  827.00000    	-0.31385405    	 0.33525257E-03
  827.00000    	  828.00000    	-0.31127414    	 0.33516951E-03
  828.00000    	  829.00000    	-0.30683098    	 0.33926998E-03
  829.00000    	  830.00000    	-0.29925591    	 0.34793448E-03
  830.00000    	  831.00000    	-0.29097156    	 0.35617321E-03
  831.00000    	  832.00000    	-0.28020433    	 0.36547802E-03
  832.00000    	  833.00000    	-0.26669655    	 0.37268665E-03
  833.00000    	  834.00000    	-0.25113614    	 0.38097682E-03
  834.00000    	  835.00000    	-0.23410669    	 0.39871790E-03
  835.00000    	  836.00000    	-0.21447403    	 0.40096471E-03
  836.00000    	  837.00000    	-0.31408027    	 0.34062623E-03
  837.00000    	  838.00000    	-0.31177852    	 0.33462290E-03
  838.00000    	  839.00000    	-0.30941371    	 0.33590004E-03
  839.00000    	  840.00000    	-0.30385775    	 0.34059522E-03
  840.00000    	  841.00000    	-0.29709447    	 0.34761989E-03
  841.00000    	  842.00000    	-0.28860038    	 0.36168268E-03
  842.00000    	  843.00000    	-0.27652801    	 0.36344743E-03
  843.00000    	  844.00000    	-0.26359720    	 0.37286867E-03
  844.00000    	  845.00000    	-0.24833330    	 0.38274700E-03
  845.00000    	  846.00000    	-0.23106644    	 0.39095921E-03
  846.00000    	  847.00000    	-0.21160393    	 0.39764328E-03
  847.00000    	  848.00000    	-0.31175522    	 0.34115701E-03
  848.00000    	  849.00000    	-0.30991656    	 0.33858015E-03
  849.00000    	  850.00000    	-0.30687934    	 0.33839153E-03
  850.00000    	  851.00000    	-0.30177984    	 0.34229521E-03
  851.00000    	  852.00000    	-0.29475217    	 0.35128461E-03
  852.00000    	  853.00000    	-0.28540338    	 0.35568337E-03
  853.00000    	  854.00000    	-0.27451600    	 0.36650392E-03
  854.00000    	  855.00000    	-0.26068986    	 0.37561244E-03
  855.00000    	  856.00000    	-0.24521323    	 0.38044648E-03
  856.00000    	  857.00000    	-0.22759909    	 0.38956876E-03
  857.00000    	  858.00000    	-0.20825445    	 0.39834087E-03
  858.00000    	  859.00000    	-0.30907927    	 0.34199859E-03
  859.00000    	  860.00000    	-0.30764359    	 0.33656385E-03
  860.00000    	  861.00000    	-0.30500125    	 0.33973071E-03
  861.00000    	  862.00000    	-0.29892957    	 0.34477996E-03
  862.00000    	  863.00000    	-0.29190114    	 0.34973789E-03
  863.00000    	  864.00000    	-0.28226837    	 0.35610965E-03
  864.00000    	  865.00000    	-0.27133963    	 0.36535753E-03
  865.00000    	  866.00000    	-0.25729506    	 0.37044017E-03
  866.00000    	  867.00000    	-0.24230462    	 0.38134514E-03
  867.00000    	  868.00000    	-0.22455512    	 0.39224266E-03
  868.00000    	  869.00000    	-0.20509949    	 0.39710413E-03
  869.00000    	  870.00000    	-0.30728975    	 0.34499238E-03
  870.00000    	  871.00000    	-0.30601031    	 0.33924764E-03
  871.00000    	  872.00000    	-0.30152034    	 0.34145695E-03
  872.00000    	  873.00000    	-0.29687421    	 0.34624826E-03
  873.00000    	  874.00000    	-0.28951631    	 0.35020010E-03
  874.00000    	  875.00000    	-0.27955322    	 0.35732505E-03
  875.00000    	  876.00000    	-0.26820261    	 0.36306314E-03
  876.00000    	  877.00000    	-0.25514915    	 0.37362909E-03
  877.00000    	  878.00000    	-0.23902830    	 0.37956770E-03
  878.00000    	  879.00000    	-0.22151722    	 0.38741204E-03
  879.00000    	  880.00000    	-0.20130098    	 0.39249503E-03
  880.00000    	  881.00000    	-0.30411815    	 0.34808435E-03
  881.00000    	  882.00000    	-0.30282742    	 0.34402262E-03
  882.00000    	  883.00000    	-0.29982004    	 0.34101549E-03
  883.00000    	  884.00000    	-0.29397833    	 0.34401470E-03
  884.00000    	  885.00000    	-0.28705594    	 0.35181349E-03
  885.00000    	  886.00000    	-0.27716285    	 0.35817357E-03
  886.00000    	  887.00000    	-0.26568568    	 0.36712791E-03
  887.00000    	  888.00000    	-0.25223125    	 0.37233663E-03
  888.00000    	  889.00000    	-0.23582581    	 0.37907412E-03
  889.00000    	  890.00000    	-0.21826667    	 0.38523773E-03
  890.00000    	  891.00000    	-0.19972177    	 0.39496141E-03
  891.00000    	  892.00000    	-0.30272226    	 0.34903790E-03
  892.00000    	  893.00000    	-0.30058828    	 0.34063916E-03
  893.00000    	  894.00000    	-0.29686416    	 0.34162014E-03
  894.00000    	  895.00000    	-0.29168220    	 0.34627845E-03
  895.00000    	  896.00000    	-0.28341546    	 0.35123324E-03
  896.00000    	  897.00000    	-0.27472658    	 0.35821930E-03
  897.00000    	  898.00000    	-0.26269950    	 0.36514421E-03
  898.00000    	  899.00000    	-0.24864197    	 0.37124518E-03
  899.00000    	  900.00000    	-0.23309615    	 0.38096266E-03
  900.00000    	  901.00000    	-0.21615496    	 0.38786055E-03
  901.00000    	  902.00000    	-0.19662330    	 0.39572912E-03
  902.00000    	  903.00000    	-0.30085928    	 0.34922296E-03
  903.00000    	  904.00000    	-0.29854872    	 0.34384096E-03
  904.00000    	  905.00000    	-0.29487490    	 0.34259836E-03
  905.00000    	  906.00000    	-0.28854766    	 0.34599425E-03
  906.00000    	  907.00000    	-0.28118595    	 0.35093776E-03
  907.00000    	  908.00000    	-0.27143798    	 0.35662985E-03
  908.00000    	  909.00000    	-0.25995123    	 0.36580394E-03
  909.00000    	  910.00000    	-0.24534707    	 0.36949737E-03
  910.00000    	  911.00000    	-0.23022935    	 0.37738101E-03
  911.00000    	  912.00000    	-0.21279312    	 0.38501398E-03
  912.00000    	  913.00000    	-0.19434923    	 0.39398558E-03
  913.00000    	  914.00000    	-0.29778439    	 0.34978241E-03
  914.00000    	  915.00000    	-0.29624965    	 0.34361023E-03
  915.00000    	  916.00000    	-0.29221286    	 0.34529332E-03
  916.00000    	  917.00000    	-0.28661469    	 0.34793579E-03
  917.00000    	  918.00000    	-0.27838088    	 0.35095966E-03
  918.00000    	  919.00000    	-0.26900462    	 0.35649812E-03
  919.00000    	  920.00000    	-0.25713946    	 0.36509250E-03
  920.00000    	  921.00000    	-0.24269243    	 0.37024894E-03
  921.00000    	  922.00000    	-0.22744441    	 0.37956053E-03
  922.00000    	  923.00000    	-0.20990793    	 0.38898391E-03
  923.00000    	  924.00000    	-0.19089715    	 0.39200087E-03
  924.00000    	  925.00000    	-0.29578596    	 0.35109541E-03
  925.00000    	  926.00000    	-0.29389296    	 0.34688904E-03
  926.00000    	  927.00000    	-0.29001734    	 0.34432889E-03
  927.00000    	  928.00000    	-0.28380374    	 0.34631175E-03
  928.00000    	  929.00000    	-0.27653753    	 0.35329379E-03
  929.00000    	  930.00000    	-0.26638410    	 0.36110206E-03
  930.00000    	  931.00000    	-0.25440262    	 0.36376950E-03
  931.00000    	  932.00000    	-0.24048033    	 0.37046666E-03
  932.00000    	  933.00000    	-0.22481071    	 0.37870567E-03
  933.00000    	  934.00000    	-0.20707424    	 0.38842453E-03
  934.00000    	  935.00000    	-0.18847135    	 0.39206963E-03
  935.00000    	  936.00000    	-0.29283851    	 0.35097448E-03
  936.00000    	  937.00000    	-0.29108439    	 0.35206397E-03
  937.00000    	  938.00000    	-0.28685719    	 0.34545329E-03
  938.00000    	  939.00000    	-0.28105357    	 0.34628094E-03
  939.00000    	  940.00000    	-0.27334470    	 0.35272148E-03
  940.00000    	  941.00000    	-0.26303056    	 0.35769014E-03
  941.00000    	  942.00000    	-0.25136287    	 0.36348413E-03
  942.00000    	  943.00000    	-0.23419820    	 0.36601267E-03
  943.00000    	  944.00000    	-0.22143229    	 0.37360071E-03
  944.00000    	  945.00000    	-0.20491842    	 0.38455627E-03
  945.00000    	  946.00000    	-0.18597180    	 0.39117887E-03
  946.00000    	  947.00000    	-0.29051023    	 0.35461745E-03
  947.00000    	  948.00000    	-0.28878039    	 0.34741685E-03
  948.00000    	  949.00000    	-0.28496978    	 0.34667106E-03
  949.00000    	  950.00000    	-0.27817696    	 0.34869437E-03
  950.00000    	  951.00000    	-0.27125447    	 0.35887860E-03
  951.00000    	  952.00000    	-0.26028441    	 0.35635705E-03
  952.00000    	  953.00000    	-0.24816145    	 0.36131778E-03
  953.00000    	  954.00000    	-0.23474680    	 0.36943296E-03
  954.00000    	  955.00000    	-0.21889922    	 0.37495661E-03
  955.00000    	  956.00000    	-0.20128214    	 0.38201332E-03
  956.00000    	  957.00000    	-0.18289272    	 0.39007108E-03
  957.00000    	  958.00000    	-0.28787743    	 0.35419058E-03
  958.00000    	  959.00000    	-0.28634102    	 0.34872446E-03
  959.00000    	  960.00000    	-0.28227235    	 0.34692179E-03
  960.00000    	  961.00000    	-0.27593161    	 0.34911616E-03
  961.00000    	  962.00000    	-0.26788147    	 0.35268526E-03
  962.00000    	  963.00000    	-0.25783985    	 0.35973465E-03
  963.00000    	  964.00000    	-0.24649200    	 0.36381931E-03
  964.00000    	  965.00000    	-0.23205758    	 0.37030698E-03
  965.00000    	  966.00000    	-0.21659589    	 0.37569549E-03
  966.00000    	  967.00000    	-0.19924802    	 0.38267812E-03
  967.00000    	  968.00000    	-0.17973460    	 0.38593473E-03
  968.00000    	  969.00000    	-0.28607379    	 0.35584857E-03
  969.00000    	  970.00000    	-0.28397038    	 0.34954795E-03
  970.00000    	  971.00000    	-0.27957389    	 0.34914634E-03
  971.00000    	  972.00000    	-0.27312457    	 0.34804603E-03
  972.00000    	  973.00000    	-0.26581575    	 0.35312035E-03
  973.00000    	  974.00000    	-0.25556190    	 0.35763225E-03
  974.00000    	  975.00000    	-0.24259569    	 0.36172122E-03
  975.00000    	  976.00000    	-0.22852536    	 0.36701726E-03
  976.00000    	  977.00000    	-0.21352902    	 0.37609951E-03
  977.00000    	  978.00000    	-0.19618919    	 0.38380461E-03
  978.00000    	  979.00000    	-0.17691646    	 0.38480052E-03
  979.00000    	  980.00000    	-0.28346939    	 0.36005643E-03
  980.00000    	  981.00000    	-0.28116831    	 0.34944900E-03
  981.00000    	  982.00000    	-0.27722546    	 0.34737680E-03
  982.00000    	  983.00000    	-0.27096026    	 0.35111043E-03
  983.00000    	  984.00000    	-0.26284563    	 0.35416386E-03
  984.00000    	  985.00000    	-0.25186262    	 0.35538099E-03
  985.00000    	  986.00000    	-0.24055703    	 0.36207872E-03
  986.00000    	  987.00000    	-0.22657592    	 0.36874373E-03
  987.00000    	  988.00000    	-0.21064669    	 0.37394596E-03
  988.00000    	  989.00000    	-0.19291317    	 0.37792623E-03
  989.00000    	  990.00000    	-0.17522711    	 0.38763494E-03
  990.00000    	  991.00000    	-0.28121703    	 0.35849181E-03
  991.00000    	  992.00000    	-0.27871008    	 0.35224536E-03
  992.00000    	  993.00000    	-0.27483820    	 0.35240563E-03
  993.00000    	  994.00000    	-0.26830631    	 0.34932926E-03
  994.00000    	  995.00000    	-0.26013943    	 0.35370338E-03
  995.00000    	  996.00000    	-0.24979659    	 0.35752567E-03
  996.00000    	  997.00000    	-0.23707686    	 0.36148857E-03
  997.00000    	  998.00000    	-0.22401643    	 0.37689146E-03
  998.00000    	  999.00000    	-0.20805960    	 0.37688471E-03
  999.00000    	  1000.0000    	-0.19070799    	 0.38115415E-03
  1000.0000    	  1001.0000    	-0.17238334    	 0.38582136E-03
  1001.0000    	  1002.0000    	-0.27894203    	 0.35922968E-03
  1002.0000    	  1003.0000    	-0.27663052    	 0.35363296E-03
  1003.0000    	  1004.0000    	-0.27201533    	 0.34930695E-03
  1004.0000    	  1005.0000    	-0.26616836    	 0.35015067E-03
  1005.0000    	  1006.0000    	-0.25753692    	 0.35338084E-03
  1006.0000    	  1007.0000    	-0.24695998    	 0.35637131E-03
  1007.0000    	  1008.0000    	-0.23517908    	 0.36198659E-03
  1008.0000    	  1009.0000    	-0.22119762    	 0.36695912E-03
  1009.0000    	  1010.0000    	-0.20571103    	 0.37906727E-03
  1010.0000    	  1011.0000    	-0.18731904    	 0.37630898E-03
  1011.0000    	  1012.0000    	-0.16996873    	 0.38492099E-03
  1012.0000    	  1013.0000    	-0.27682801    	 0.36207202E-03
  1013.0000    	  1014.0000    	-0.27381809    	 0.35433223E-03
  1014.0000    	  1015.0000    	-0.26976356    	 0.35007162E-03
  1015.0000    	  1016.0000    	-0.26399830    	 0.35162332E-03
  1016.0000    	  1017.0000    	-0.25473747    	 0.35471540E-03
  1017.0000    	  1018.0000    	-0.24509338    	 0.35747572E-03
  1018.0000    	  1019.0000    	-0.23224099    	 0.36431137E-03
  1019.0000    	  1020.0000    	-0.21851375    	 0.36868697E-03
  1020.0000    	  1021.0000    	-0.20315134    	 0.37456144E-03
  1021.0000    	  1022.0000    	-0.18555147    	 0.37665966E-03
  1022.0000    	  1023.0000    	-0.16716671    	 0.38882448E-03
  1023.0000    	  1024.0000    	-0.27381192    	 0.36159418E-03
  1024.0000    	  1025.0000    	-0.27166262    	 0.35889437E-03
  1025.0000    	  1026.0000    	-0.26749611    	 0.35202784E-03
  1026.0000    	  1027.0000    	-0.26089388    	 0.35238400E-03
  1027.0000    	  1028.0000    	-0.25173353    	 0.35247650E-03
  1028.0000    	  1029.0000    	-0.24223244    	 0.35696782E-03
  1029.0000    	  1030.0000    	-0.23085063    	 0.36443034E-03
  1030.0000    	  1031.0000    	-0.21527280    	 0.36623706E-03
  1031.0000    	  1032.0000    	-0.20007157    	 0.37275422E-03
  1032.0000    	  1033.0000    	-0.18433623    	 0.38617091E-03
  1033.0000    	  1034.0000    	-0.16460156    	 0.38213110E-03
