4.09666e-06,4.00239e-06,3.89462e-06,3.81154e-06,3.70263e-06,3.58558e-06,3.4194e-06,3.28078e-06,3.1111e-06,2.95804e-06,2.8051e-06
3.79098e-06,3.71122e-06,3.61026e-06,3.54046e-06,3.42953e-06,3.33483e-06,3.17184e-06,3.04113e-06,2.88692e-06,2.7429e-06,2.60151e-06
3.54789e-06,3.45361e-06,3.34283e-06,3.29042e-06,3.19495e-06,3.08565e-06,2.95788e-06,2.83371e-06,2.68812e-06,2.55624e-06,2.41851e-06
3.30385e-06,3.23059e-06,3.12946e-06,3.0715e-06,2.98505e-06,2.88697e-06,2.75739e-06,2.63958e-06,2.50326e-06,2.37694e-06,2.24962e-06
3.10812e-06,3.03893e-06,2.94284e-06,2.88749e-06,2.80591e-06,2.70999e-06,2.59194e-06,2.47721e-06,2.35079e-06,2.22922e-06,2.10837e-06
2.94252e-06,2.87622e-06,2.78426e-06,2.72469e-06,2.65185e-06,2.55508e-06,2.44833e-06,2.33573e-06,2.22385e-06,2.10215e-06,1.98672e-06
2.78134e-06,2.71606e-06,2.63347e-06,2.5772e-06,2.50307e-06,2.41399e-06,2.31234e-06,2.20301e-06,2.09445e-06,1.97984e-06,1.8702e-06
2.64253e-06,2.57987e-06,2.50282e-06,2.44546e-06,2.37288e-06,2.28818e-06,2.19283e-06,2.0862e-06,1.98495e-06,1.87381e-06,1.76883e-06
2.5162e-06,2.45753e-06,2.38464e-06,2.32627e-06,2.25435e-06,2.17372e-06,2.08405e-06,1.98035e-06,1.88509e-06,1.77773e-06,1.67694e-06
2.40128e-06,2.34912e-06,2.2783e-06,2.21783e-06,2.14667e-06,2.07045e-06,1.98442e-06,1.88534e-06,1.79399e-06,1.69076e-06,1.59382e-06
2.29424e-06,2.24682e-06,2.17896e-06,2.11933e-06,2.04743e-06,1.97358e-06,1.89341e-06,1.79666e-06,1.70955e-06,1.61052e-06,1.51709e-06
2.19872e-06,2.15256e-06,2.08835e-06,2.0291e-06,1.95751e-06,1.88547e-06,1.8096e-06,1.71668e-06,1.63252e-06,1.53761e-06,1.44766e-06
2.10393e-06,2.06513e-06,2.00242e-06,1.94288e-06,1.87199e-06,1.80376e-06,1.73054e-06,1.64256e-06,1.55995e-06,1.46943e-06,1.38247e-06
2.01869e-06,1.98168e-06,1.9226e-06,1.86462e-06,1.79412e-06,1.72933e-06,1.65798e-06,1.57453e-06,1.49362e-06,1.40708e-06,1.323e-06
1.93815e-06,1.90174e-06,1.8468e-06,1.79065e-06,1.72113e-06,1.65859e-06,1.58996e-06,1.51088e-06,1.43172e-06,1.34892e-06,1.26752e-06
1.86428e-06,1.82671e-06,1.77681e-06,1.72634e-06,1.65405e-06,1.59587e-06,1.52796e-06,1.45237e-06,1.37535e-06,1.29612e-06,1.21693e-06
1.79508e-06,1.7561e-06,1.71249e-06,1.65887e-06,1.59129e-06,1.53484e-06,1.46994e-06,1.39852e-06,1.32271e-06,1.24644e-06,1.17016e-06
1.7274e-06,1.68809e-06,1.64439e-06,1.59781e-06,1.53224e-06,1.47735e-06,1.41359e-06,1.34569e-06,1.27192e-06,1.19854e-06,1.12419e-06
1.66538e-06,1.62451e-06,1.5845e-06,1.54014e-06,1.47773e-06,1.42498e-06,1.3631e-06,1.29773e-06,1.22635e-06,1.1554e-06,1.08314e-06
1.60825e-06,1.56646e-06,1.52872e-06,1.48735e-06,1.42676e-06,1.3761e-06,1.31541e-06,1.25297e-06,1.1834e-06,1.11482e-06,1.04453e-06
1.55303e-06,1.5115e-06,1.47572e-06,1.4351e-06,1.37822e-06,1.32889e-06,1.27005e-06,1.20946e-06,1.1425e-06,1.07592e-06,1.00757e-06
1.50414e-06,1.46195e-06,1.42607e-06,1.38978e-06,1.33362e-06,1.28768e-06,1.2275e-06,1.16989e-06,1.1043e-06,1.03967e-06,9.73131e-07
1.45436e-06,1.41433e-06,1.3791e-06,1.34092e-06,1.29143e-06,1.24296e-06,1.18744e-06,1.13091e-06,1.06807e-06,1.0053e-06,9.40539e-07
1.41124e-06,1.37263e-06,1.33736e-06,1.30075e-06,1.25084e-06,1.20553e-06,1.15014e-06,1.09545e-06,1.03456e-06,9.73356e-07,9.10146e-07
1.36588e-06,1.33095e-06,1.29707e-06,1.25774e-06,1.21284e-06,1.16731e-06,1.11459e-06,1.0617e-06,1.00237e-06,9.43097e-07,8.81304e-07
1.32462e-06,1.28835e-06,1.25507e-06,1.21793e-06,1.17427e-06,1.13075e-06,1.07985e-06,1.02785e-06,9.70303e-07,9.12411e-07,8.52562e-07
1.28752e-06,1.25331e-06,1.21921e-06,1.18366e-06,1.14131e-06,1.0986e-06,1.04959e-06,9.98556e-07,9.4255e-07,8.85984e-07,8.27521e-07
1.25154e-06,1.21675e-06,1.18399e-06,1.14765e-06,1.10796e-06,1.06666e-06,1.01863e-06,9.69498e-07,9.1487e-07,8.59776e-07,8.02879e-07
1.21552e-06,1.18385e-06,1.15155e-06,1.11675e-06,1.07731e-06,1.03688e-06,9.90486e-07,9.42071e-07,8.89006e-07,8.35217e-07,7.79407e-07
1.18329e-06,1.15281e-06,1.12198e-06,1.08721e-06,1.04827e-06,1.00969e-06,9.64298e-07,9.16654e-07,8.65135e-07,8.12521e-07,7.58043e-07
1.15137e-06,1.12182e-06,1.09094e-06,1.05752e-06,1.02029e-06,9.81801e-07,9.37934e-07,8.91722e-07,8.41331e-07,7.89992e-07,7.36548e-07
1.12131e-06,1.09194e-06,1.06251e-06,1.02896e-06,9.9332e-07,9.55673e-07,9.12987e-07,8.67915e-07,8.18813e-07,7.68739e-07,7.16359e-07
1.09294e-06,1.06444e-06,1.03573e-06,1.00296e-06,9.68192e-07,9.31459e-07,8.89816e-07,8.45745e-07,7.9782e-07,7.48748e-07,6.97415e-07
1.06597e-06,1.03831e-06,1.01031e-06,9.78276e-07,9.44331e-07,9.08485e-07,8.67835e-07,8.2472e-07,7.77899e-07,7.29827e-07,6.79413e-07
1.0413e-06,1.01373e-06,9.85996e-07,9.54758e-07,9.21885e-07,8.86934e-07,8.4711e-07,8.05073e-07,7.59254e-07,7.12061e-07,6.62545e-07
1.01586e-06,9.89635e-07,9.62994e-07,9.32463e-07,9.00062e-07,8.65814e-07,8.27067e-07,7.85671e-07,7.40881e-07,6.94611e-07,6.45848e-07
9.92265e-07,9.6676e-07,9.40652e-07,9.10913e-07,8.79331e-07,8.4572e-07,8.07822e-07,7.67282e-07,7.23448e-07,6.77999e-07,6.29957e-07
9.69808e-07,9.44912e-07,9.19411e-07,8.904e-07,8.59531e-07,8.2659e-07,7.89534e-07,7.49766e-07,7.06803e-07,6.62119e-07,6.14801e-07
9.48399e-07,9.24093e-07,8.99083e-07,8.70861e-07,8.40639e-07,8.08287e-07,7.72127e-07,7.33007e-07,6.90915e-07,6.46939e-07,6.0021e-07
9.27856e-07,9.04186e-07,8.79708e-07,8.5202e-07,8.22619e-07,7.90835e-07,7.55313e-07,7.16976e-07,6.75708e-07,6.32812e-07,5.86347e-07
9.0755e-07,8.84372e-07,8.60321e-07,8.33426e-07,8.04533e-07,7.73381e-07,7.38595e-07,7.00974e-07,6.6033e-07,6.17688e-07,5.72269e-07
8.882e-07,8.65504e-07,8.41917e-07,8.15608e-07,7.87323e-07,7.56707e-07,7.22626e-07,6.85656e-07,6.45671e-07,6.0369e-07,5.58856e-07
8.69549e-07,8.47395e-07,8.242e-07,7.98568e-07,7.70874e-07,7.40782e-07,7.07346e-07,6.70986e-07,6.31669e-07,5.90274e-07,5.46043e-07
8.50854e-07,8.29126e-07,8.06307e-07,7.81231e-07,7.54022e-07,7.2448e-07,6.91649e-07,6.5593e-07,6.17197e-07,5.7644e-07,5.32849e-07
8.33417e-07,8.12166e-07,7.89863e-07,7.6536e-07,7.38672e-07,7.09699e-07,6.77427e-07,6.42411e-07,6.03987e-07,5.63887e-07,5.20983e-07
8.14813e-07,7.94152e-07,7.71825e-07,7.47889e-07,7.21562e-07,6.93093e-07,6.61392e-07,6.26857e-07,5.89331e-07,5.4972e-07,5.07135e-07
7.9786e-07,7.7768e-07,7.55809e-07,7.32387e-07,7.06719e-07,6.78741e-07,6.47611e-07,6.13592e-07,5.76485e-07,5.37477e-07,4.95441e-07
7.79548e-07,7.59626e-07,7.38227e-07,7.14827e-07,6.89524e-07,6.61835e-07,6.31251e-07,5.9794e-07,5.61547e-07,5.23136e-07,4.81861e-07
7.61606e-07,7.42187e-07,7.20922e-07,6.98291e-07,6.73284e-07,6.46199e-07,6.16106e-07,5.83361e-07,5.47563e-07,5.09826e-07,4.69067e-07
7.44149e-07,7.25079e-07,7.03936e-07,6.81847e-07,6.57135e-07,6.30551e-07,6.00945e-07,5.68712e-07,5.33368e-07,4.9641e-07,4.56384e-07
7.26009e-07,7.07948e-07,6.8694e-07,6.64786e-07,6.40649e-07,6.14448e-07,5.85307e-07,5.53742e-07,5.19148e-07,4.82709e-07,4.43378e-07
7.07946e-07,6.89758e-07,6.69243e-07,6.47926e-07,6.23951e-07,5.98278e-07,5.69746e-07,5.38644e-07,5.04811e-07,4.68831e-07,4.30256e-07
6.90626e-07,6.72579e-07,6.51828e-07,6.31467e-07,6.07361e-07,5.82338e-07,5.54043e-07,5.23426e-07,4.90408e-07,4.55128e-07,4.17537e-07
6.71927e-07,6.54406e-07,6.34663e-07,6.13326e-07,5.90108e-07,5.65013e-07,5.37431e-07,5.07742e-07,4.75127e-07,4.40686e-07,4.03947e-07
6.52657e-07,6.35806e-07,6.15747e-07,5.95649e-07,5.72526e-07,5.48328e-07,5.21161e-07,4.91954e-07,4.60057e-07,4.26389e-07,3.9056e-07
6.34588e-07,6.18015e-07,5.97966e-07,5.78316e-07,5.55473e-07,5.315e-07,5.04806e-07,4.76228e-07,4.44979e-07,4.12117e-07,3.77199e-07
6.15328e-07,5.99332e-07,5.79479e-07,5.60192e-07,5.37652e-07,5.14349e-07,4.88143e-07,4.60274e-07,4.29584e-07,3.97652e-07,3.63713e-07
5.9604e-07,5.80345e-07,5.60768e-07,5.42055e-07,5.19549e-07,4.96792e-07,4.71087e-07,4.43823e-07,4.14125e-07,3.82894e-07,3.49941e-07
5.76844e-07,5.61459e-07,5.42155e-07,5.2375e-07,5.01588e-07,4.79315e-07,4.54152e-07,4.27515e-07,3.98596e-07,3.68231e-07,3.36294e-07
5.59374e-07,5.44271e-07,5.24954e-07,5.06318e-07,4.83994e-07,4.62069e-07,4.3726e-07,4.11359e-07,3.83179e-07,3.53652e-07,3.22734e-07
5.3888e-07,5.24426e-07,5.05357e-07,4.87909e-07,4.66134e-07,4.44708e-07,4.2063e-07,3.95166e-07,3.67722e-07,3.39156e-07,3.09397e-07
5.19258e-07,5.05022e-07,4.86254e-07,4.69079e-07,4.47654e-07,4.26833e-07,4.03243e-07,3.78619e-07,3.521e-07,3.24421e-07,2.95596e-07
5.00048e-07,4.86012e-07,4.67564e-07,4.50852e-07,4.29724e-07,4.09379e-07,3.86349e-07,3.62409e-07,3.36719e-07,3.09965e-07,2.82196e-07
4.81122e-07,4.675e-07,4.49297e-07,4.32965e-07,4.12168e-07,3.92146e-07,3.69783e-07,3.4654e-07,3.21603e-07,2.95812e-07,2.69079e-07
4.62222e-07,4.4883e-07,4.30892e-07,4.15036e-07,3.94503e-07,3.75112e-07,3.53203e-07,3.30622e-07,3.06583e-07,2.81675e-07,2.56001e-07
4.4866e-07,4.36698e-07,4.19681e-07,4.03441e-07,3.84528e-07,3.65072e-07,3.44115e-07,3.22288e-07,2.98677e-07,2.74234e-07,2.49081e-07
4.2658e-07,4.13608e-07,3.95465e-07,3.81586e-07,3.60381e-07,3.42721e-07,3.21557e-07,3.00132e-07,2.77696e-07,2.54571e-07,2.30956e-07
4.07633e-07,3.95116e-07,3.78083e-07,3.63632e-07,3.44029e-07,3.26027e-07,3.05837e-07,2.85253e-07,2.63641e-07,2.41449e-07,2.18816e-07
3.90731e-07,3.77904e-07,3.61528e-07,3.47759e-07,3.28789e-07,3.10825e-07,2.91121e-07,2.71118e-07,2.50249e-07,2.28918e-07,2.07217e-07
3.7317e-07,3.61336e-07,3.44966e-07,3.31252e-07,3.12593e-07,2.95498e-07,2.76466e-07,2.57161e-07,2.37094e-07,2.16626e-07,1.95908e-07
3.56384e-07,3.46336e-07,3.29578e-07,3.15682e-07,2.978e-07,2.81055e-07,2.62616e-07,2.43945e-07,2.24611e-07,2.04964e-07,1.85147e-07
3.42984e-07,3.31991e-07,3.16993e-07,3.0156e-07,2.84324e-07,2.67143e-07,2.49416e-07,2.31504e-07,2.1282e-07,1.93928e-07,1.74978e-07
3.26638e-07,3.14987e-07,2.9936e-07,2.87753e-07,2.70106e-07,2.54326e-07,2.36692e-07,2.1932e-07,2.01378e-07,1.83284e-07,1.65161e-07
3.10844e-07,3.0021e-07,2.85596e-07,2.73522e-07,2.56778e-07,2.41522e-07,2.24794e-07,2.0789e-07,1.90626e-07,1.73258e-07,1.55961e-07
2.96955e-07,2.86619e-07,2.72484e-07,2.60813e-07,2.44611e-07,2.29799e-07,2.1363e-07,1.97278e-07,1.80639e-07,1.63948e-07,1.47404e-07
2.85358e-07,2.75227e-07,2.6124e-07,2.49252e-07,2.33973e-07,2.19344e-07,2.03345e-07,1.87544e-07,1.71478e-07,1.55411e-07,1.39558e-07
2.71381e-07,2.61637e-07,2.48521e-07,2.37636e-07,2.22576e-07,2.08645e-07,1.93565e-07,1.78258e-07,1.62765e-07,1.47305e-07,1.32124e-07
2.59722e-07,2.50274e-07,2.37687e-07,2.27184e-07,2.12717e-07,1.99224e-07,1.8467e-07,1.69857e-07,1.54888e-07,1.39981e-07,1.25407e-07
2.48834e-07,2.3968e-07,2.27633e-07,2.17501e-07,2.03636e-07,1.90577e-07,1.76537e-07,1.62195e-07,1.47716e-07,1.33322e-07,1.19306e-07
2.3868e-07,2.29816e-07,2.18318e-07,2.08549e-07,1.95292e-07,1.82663e-07,1.69121e-07,1.55235e-07,1.41213e-07,1.27294e-07,1.1379e-07
2.29323e-07,2.20822e-07,2.09864e-07,2.00415e-07,1.87762e-07,1.75551e-07,1.62479e-07,1.49012e-07,1.35412e-07,1.21925e-07,1.08879e-07
2.20891e-07,2.12712e-07,2.02097e-07,1.92895e-07,1.81175e-07,1.69019e-07,1.56422e-07,1.43376e-07,1.30174e-07,1.17089e-07,1.04463e-07
2.12604e-07,2.0459e-07,1.94718e-07,1.85961e-07,1.7449e-07,1.63108e-07,1.50949e-07,1.38307e-07,1.2548e-07,1.12764e-07,1.00528e-07
2.05417e-07,1.97678e-07,1.88219e-07,1.79959e-07,1.68869e-07,1.5788e-07,1.46081e-07,1.33872e-07,1.21389e-07,1.08998e-07,9.70831e-08
1.98604e-07,1.91162e-07,1.82264e-07,1.74254e-07,1.63748e-07,1.53128e-07,1.41776e-07,1.29844e-07,1.17683e-07,1.05608e-07,9.40056e-08
1.92413e-07,1.852e-07,1.76767e-07,1.68918e-07,1.59058e-07,1.48795e-07,1.37814e-07,1.26229e-07,1.14372e-07,1.02579e-07,9.12598e-08
1.86567e-07,1.79593e-07,1.71653e-07,1.64038e-07,1.54654e-07,1.44775e-07,1.34155e-07,1.22887e-07,1.11325e-07,9.98081e-08,8.87373e-08
1.81276e-07,1.74542e-07,1.67009e-07,1.59639e-07,1.50695e-07,1.4115e-07,1.30854e-07,1.19889e-07,1.08597e-07,9.7325e-08,8.64832e-08
1.76435e-07,1.69972e-07,1.62815e-07,1.55654e-07,1.4711e-07,1.37875e-07,1.27872e-07,1.17179e-07,1.06134e-07,9.50916e-08,8.4453e-08
1.7187e-07,1.65577e-07,1.58761e-07,1.51835e-07,1.43654e-07,1.34719e-07,1.25003e-07,1.14581e-07,1.03781e-07,9.29581e-08,8.2493e-08
1.67617e-07,1.61521e-07,1.55016e-07,1.48286e-07,1.40437e-07,1.31775e-07,1.2232e-07,1.12147e-07,1.01575e-07,9.09579e-08,8.07057e-08
1.63653e-07,1.57715e-07,1.5151e-07,1.44951e-07,1.37392e-07,1.2899e-07,1.19774e-07,1.09834e-07,9.94819e-08,8.90572e-08,7.89722e-08
1.59847e-07,1.54141e-07,1.4815e-07,1.41767e-07,1.34461e-07,1.26306e-07,1.17314e-07,1.07596e-07,9.7448e-08,8.72141e-08,7.72927e-08
1.56275e-07,1.50731e-07,1.44918e-07,1.38689e-07,1.31695e-07,1.23685e-07,1.14907e-07,1.05403e-07,9.54555e-08,8.54071e-08,7.56519e-08
1.52766e-07,1.47351e-07,1.41779e-07,1.35731e-07,1.28871e-07,1.2115e-07,1.12571e-07,1.0327e-07,9.35179e-08,8.36472e-08,7.40474e-08
1.49474e-07,1.44189e-07,1.38793e-07,1.32891e-07,1.26225e-07,1.18703e-07,1.10312e-07,1.01204e-07,9.16339e-08,8.19335e-08,7.24209e-08
1.46275e-07,1.41142e-07,1.35896e-07,1.30135e-07,1.23641e-07,1.16303e-07,1.08094e-07,9.9169e-08,8.97733e-08,8.025e-08,7.09485e-08
1.43205e-07,1.38182e-07,1.33075e-07,1.27459e-07,1.21122e-07,1.13963e-07,1.05929e-07,9.71824e-08,8.79705e-08,7.86021e-08,6.94448e-08
1.40219e-07,1.35317e-07,1.30339e-07,1.24854e-07,1.18669e-07,1.1168e-07,1.03815e-07,9.5241e-08,8.61972e-08,7.69895e-08,6.79741e-08
1.37334e-07,1.3256e-07,1.277e-07,1.22341e-07,1.1629e-07,1.09459e-07,1.01754e-07,9.33436e-08,8.44669e-08,7.54116e-08,6.65323e-08
1.34513e-07,1.29855e-07,1.25107e-07,1.19859e-07,1.13943e-07,1.07265e-07,9.97214e-08,9.14734e-08,8.27621e-08,7.38549e-08,6.51044e-08
1.31785e-07,1.27228e-07,1.22579e-07,1.17449e-07,1.11663e-07,1.05126e-07,9.77309e-08,8.96396e-08,8.10757e-08,7.23266e-08,6.36019e-08
1.29113e-07,1.24698e-07,1.20143e-07,1.15102e-07,1.09434e-07,1.03032e-07,9.57885e-08,8.78463e-08,7.94206e-08,7.0827e-08,6.23537e-08
1.26535e-07,1.22169e-07,1.17703e-07,1.1278e-07,1.07231e-07,1.00965e-07,9.38593e-08,8.60616e-08,7.78032e-08,6.93524e-08,6.09975e-08
1.23964e-07,1.197e-07,1.15322e-07,1.10491e-07,1.0506e-07,9.89205e-08,9.19541e-08,8.43044e-08,7.61837e-08,6.78802e-08,5.96595e-08
1.21487e-07,1.17296e-07,1.13004e-07,1.08269e-07,1.02951e-07,9.69301e-08,9.00957e-08,8.25878e-08,7.46118e-08,6.6453e-08,5.83545e-08
1.18989e-07,1.14917e-07,1.10771e-07,1.06184e-07,1.01005e-07,9.51166e-08,8.84157e-08,8.10344e-08,7.3182e-08,6.51449e-08,5.71593e-08
1.16603e-07,1.12616e-07,1.08543e-07,1.0405e-07,9.89806e-08,9.32069e-08,8.66311e-08,7.93864e-08,7.16878e-08,6.37674e-08,5.5729e-08
1.14225e-07,1.10384e-07,1.0638e-07,1.01948e-07,9.69703e-08,9.13044e-08,8.48584e-08,7.77372e-08,7.01558e-08,6.23966e-08,5.4654e-08
1.11997e-07,1.08124e-07,1.04127e-07,9.97221e-08,9.48085e-08,8.92445e-08,8.29132e-08,7.59391e-08,6.85059e-08,6.09062e-08,5.33128e-08
1.09716e-07,1.05905e-07,1.01978e-07,9.76524e-08,9.28328e-08,8.73698e-08,8.11553e-08,7.43082e-08,6.70124e-08,5.95499e-08,5.20758e-08
1.07624e-07,1.03866e-07,9.99378e-08,9.56499e-08,9.088e-08,8.55357e-08,7.94469e-08,7.27202e-08,6.55557e-08,5.82312e-08,5.08776e-08
1.05305e-07,1.01631e-07,9.7816e-08,9.36339e-08,8.89879e-08,8.37275e-08,7.77392e-08,7.11383e-08,6.41032e-08,5.69127e-08,4.96842e-08
1.03187e-07,9.9564e-08,9.58262e-08,9.17051e-08,8.71382e-08,8.19639e-08,7.60749e-08,6.95975e-08,6.26574e-08,5.56238e-08,4.82818e-08
1.01048e-07,9.74911e-08,9.38148e-08,8.97484e-08,8.52581e-08,8.01786e-08,7.44016e-08,6.80382e-08,6.12575e-08,5.434e-08,4.73546e-08
9.892e-08,9.54312e-08,9.18125e-08,8.78226e-08,8.33915e-08,7.84096e-08,7.27443e-08,6.65045e-08,5.98517e-08,5.30659e-08,4.62071e-08
9.70232e-08,9.35572e-08,8.99123e-08,8.59496e-08,8.15443e-08,7.6675e-08,7.11267e-08,6.50004e-08,5.84734e-08,5.18242e-08,4.50854e-08
9.48143e-08,9.14717e-08,8.79361e-08,8.40669e-08,7.97778e-08,7.49726e-08,6.95155e-08,6.35023e-08,5.70988e-08,5.05805e-08,4.3968e-08
9.27303e-08,8.94273e-08,8.59591e-08,8.216e-08,7.7987e-08,7.32655e-08,6.79083e-08,6.20145e-08,5.57359e-08,4.93511e-08,4.28622e-08
9.0773e-08,8.752e-08,8.40977e-08,8.03544e-08,7.62557e-08,7.16119e-08,6.63491e-08,6.05707e-08,5.44112e-08,4.81535e-08,4.15028e-08
8.87938e-08,8.56029e-08,8.22372e-08,7.85502e-08,7.45134e-08,6.99526e-08,6.47991e-08,5.91228e-08,5.30466e-08,4.69607e-08,4.07157e-08
8.71071e-08,8.40603e-08,8.06121e-08,7.68728e-08,7.28247e-08,6.83393e-08,6.32699e-08,5.7702e-08,5.17866e-08,4.57963e-08,3.96736e-08
8.4997e-08,8.19304e-08,7.86451e-08,7.50465e-08,7.11339e-08,6.67155e-08,6.17254e-08,5.62757e-08,5.05171e-08,4.46196e-08,3.86257e-08
8.318e-08,7.99889e-08,7.67758e-08,7.32453e-08,6.9436e-08,6.51039e-08,6.02176e-08,5.48741e-08,4.91984e-08,4.34672e-08,3.75971e-08
8.13056e-08,7.81718e-08,7.50167e-08,7.1532e-08,6.77846e-08,6.35276e-08,5.87299e-08,5.34948e-08,4.79384e-08,4.23365e-08,3.65875e-08
7.9386e-08,7.64378e-08,7.32938e-08,6.98758e-08,6.61622e-08,6.19706e-08,5.72684e-08,5.21356e-08,4.66982e-08,4.12229e-08,3.5599e-08
7.75336e-08,7.46604e-08,7.15778e-08,6.81976e-08,6.45438e-08,6.04303e-08,5.58215e-08,5.07925e-08,4.547e-08,4.01259e-08,3.46218e-08
7.56806e-08,7.303e-08,6.99581e-08,6.65835e-08,6.29786e-08,5.89244e-08,5.43957e-08,4.94708e-08,4.42657e-08,3.90424e-08,3.36653e-08
7.39757e-08,7.12005e-08,6.82081e-08,6.49291e-08,6.13942e-08,5.74208e-08,5.29771e-08,4.81598e-08,4.30683e-08,3.79725e-08,3.27178e-08
7.22772e-08,6.95364e-08,6.65833e-08,6.3356e-08,5.98744e-08,5.59644e-08,5.16055e-08,4.68853e-08,4.19078e-08,3.69339e-08,3.18007e-08
7.05812e-08,6.79159e-08,6.49862e-08,6.1793e-08,5.83648e-08,5.45228e-08,5.02459e-08,4.56256e-08,4.07586e-08,3.59048e-08,3.08941e-08
6.88781e-08,6.62332e-08,6.3374e-08,6.02364e-08,5.68691e-08,5.3094e-08,4.88972e-08,4.43794e-08,3.96262e-08,3.48927e-08,3.0002e-08
6.72267e-08,6.46426e-08,6.1825e-08,5.87332e-08,5.5418e-08,5.17052e-08,4.7589e-08,4.31686e-08,3.85228e-08,3.3908e-08,2.91372e-08
6.54956e-08,6.30177e-08,6.04054e-08,5.75279e-08,5.4355e-08,5.07321e-08,4.67074e-08,4.23595e-08,3.77906e-08,3.32469e-08,2.8554e-08
6.39933e-08,6.15044e-08,5.87779e-08,5.57762e-08,5.25692e-08,4.89839e-08,4.50252e-08,4.07983e-08,3.63692e-08,3.19834e-08,2.74508e-08
6.2444e-08,6.00066e-08,5.73126e-08,5.43591e-08,5.12011e-08,4.76771e-08,4.37941e-08,3.96564e-08,3.53338e-08,3.10614e-08,2.66411e-08
6.09001e-08,5.84844e-08,5.58514e-08,5.29501e-08,4.98523e-08,4.63789e-08,4.25722e-08,3.8531e-08,3.43129e-08,3.01507e-08,2.58461e-08
5.93987e-08,5.70299e-08,5.44312e-08,5.15755e-08,4.85207e-08,4.51162e-08,4.13891e-08,3.74356e-08,3.33193e-08,2.92681e-08,2.50764e-08
5.79235e-08,5.56061e-08,5.30319e-08,5.0235e-08,4.72323e-08,4.38856e-08,4.02307e-08,3.63657e-08,3.23496e-08,2.84042e-08,2.43241e-08
5.65006e-08,5.42052e-08,5.16857e-08,4.89195e-08,4.5966e-08,4.26838e-08,3.90994e-08,3.53239e-08,3.14068e-08,2.75661e-08,2.35923e-08
5.50344e-08,5.28207e-08,5.03595e-08,4.76359e-08,4.47305e-08,4.15044e-08,3.79947e-08,3.4305e-08,3.04845e-08,2.67439e-08,2.2881e-08
5.3664e-08,5.1474e-08,4.90514e-08,4.63841e-08,4.35271e-08,4.03587e-08,3.69222e-08,3.33159e-08,2.95906e-08,2.59494e-08,2.21927e-08
5.22748e-08,5.01485e-08,4.77685e-08,4.51495e-08,4.23456e-08,3.92356e-08,3.58695e-08,3.23486e-08,2.87173e-08,2.51712e-08,2.15184e-08
5.0975e-08,4.88816e-08,4.6541e-08,4.39671e-08,4.12126e-08,3.81588e-08,3.48588e-08,3.1418e-08,2.78769e-08,2.44243e-08,2.08722e-08
4.96717e-08,4.76317e-08,4.53424e-08,4.28161e-08,4.01091e-08,3.7114e-08,3.38798e-08,3.05187e-08,2.70619e-08,2.37029e-08,2.02483e-08
4.84245e-08,4.6429e-08,4.41851e-08,4.1702e-08,3.90427e-08,3.6101e-08,3.29344e-08,2.96482e-08,2.62786e-08,2.3005e-08,1.96491e-08
4.71993e-08,4.52482e-08,4.30439e-08,4.06154e-08,3.80064e-08,3.51168e-08,3.20157e-08,2.88039e-08,2.55201e-08,2.23351e-08,1.90675e-08
4.5977e-08,4.40655e-08,4.19125e-08,3.95321e-08,3.69745e-08,3.41423e-08,3.11066e-08,2.79745e-08,2.47744e-08,2.16678e-08,1.84942e-08
4.48436e-08,4.2959e-08,4.08429e-08,3.85098e-08,3.59979e-08,3.32231e-08,3.02501e-08,2.71877e-08,2.40673e-08,2.10422e-08,1.79551e-08
4.36769e-08,4.18511e-08,3.97884e-08,3.75074e-08,3.50449e-08,3.23221e-08,2.94141e-08,2.64234e-08,2.33805e-08,2.04313e-08,1.74331e-08
4.25866e-08,4.08e-08,3.87831e-08,3.65516e-08,3.41357e-08,3.14657e-08,2.86182e-08,2.56969e-08,2.27269e-08,1.98511e-08,1.69346e-08
4.15319e-08,3.97936e-08,3.78147e-08,3.56317e-08,3.32619e-08,3.06443e-08,2.78555e-08,2.49989e-08,2.2101e-08,1.92965e-08,1.64574e-08
4.05031e-08,3.88015e-08,3.68738e-08,3.47407e-08,3.24197e-08,2.98514e-08,2.71231e-08,2.43312e-08,2.15019e-08,1.87643e-08,1.60034e-08
3.9513e-08,3.78472e-08,3.59647e-08,3.38798e-08,3.16059e-08,2.90896e-08,2.6417e-08,2.36877e-08,2.09263e-08,1.8255e-08,1.55645e-08
3.85397e-08,3.69145e-08,3.50778e-08,3.30432e-08,3.0814e-08,2.83507e-08,2.57369e-08,2.30674e-08,2.03715e-08,1.77636e-08,1.51449e-08
3.75998e-08,3.60131e-08,3.42236e-08,3.22363e-08,3.00554e-08,2.76427e-08,2.50841e-08,2.24756e-08,1.9843e-08,1.72937e-08,1.47403e-08
3.67193e-08,3.51696e-08,3.34276e-08,3.1482e-08,2.93478e-08,2.69814e-08,2.44744e-08,2.1923e-08,1.93503e-08,1.6852e-08,1.43668e-08
3.58432e-08,3.43319e-08,3.26322e-08,3.07368e-08,2.86471e-08,2.63322e-08,2.38814e-08,2.13823e-08,1.8867e-08,1.64269e-08,1.39994e-08
3.4987e-08,3.35136e-08,3.18565e-08,3.00121e-08,2.79699e-08,2.57047e-08,2.33062e-08,2.08624e-08,1.84036e-08,1.60172e-08,1.36484e-08
3.41895e-08,3.27519e-08,3.11372e-08,2.93395e-08,2.73405e-08,2.51221e-08,2.27745e-08,2.03802e-08,1.79746e-08,1.5637e-08,1.33205e-08
3.34184e-08,3.20155e-08,3.04427e-08,2.86903e-08,2.67378e-08,2.4563e-08,2.22633e-08,1.99204e-08,1.75633e-08,1.52694e-08,1.30086e-08
3.2659e-08,3.12909e-08,2.97616e-08,2.8054e-08,2.61425e-08,2.4018e-08,2.17658e-08,1.94703e-08,1.71639e-08,1.49233e-08,1.27065e-08
3.19233e-08,3.05889e-08,2.91016e-08,2.74399e-08,2.55734e-08,2.34936e-08,2.12898e-08,1.90435e-08,1.67841e-08,1.45824e-08,1.24152e-08
3.12394e-08,2.9938e-08,2.84917e-08,2.68702e-08,2.50449e-08,2.30086e-08,2.08498e-08,1.86472e-08,1.64321e-08,1.42708e-08,1.2146e-08
3.05599e-08,2.92924e-08,2.7884e-08,2.6307e-08,2.45234e-08,2.25314e-08,2.04181e-08,1.82586e-08,1.60869e-08,1.39657e-08,1.18838e-08
2.99061e-08,2.86691e-08,2.72991e-08,2.57651e-08,2.40223e-08,2.20728e-08,2.00034e-08,1.78873e-08,1.5757e-08,1.3673e-08,1.16312e-08
2.93013e-08,2.80926e-08,2.676e-08,2.5265e-08,2.35604e-08,2.16498e-08,1.96221e-08,1.75465e-08,1.5454e-08,1.34039e-08,1.14002e-08
2.86894e-08,2.75123e-08,2.62148e-08,2.47603e-08,2.30942e-08,2.12267e-08,1.92395e-08,1.72022e-08,1.5149e-08,1.31354e-08,1.11659e-08
2.81132e-08,2.69643e-08,2.57013e-08,2.42844e-08,2.26558e-08,2.08275e-08,1.88798e-08,1.68803e-08,1.48633e-08,1.28829e-08,1.09466e-08
2.75666e-08,2.64437e-08,2.52136e-08,2.38315e-08,2.22399e-08,2.04482e-08,1.85386e-08,1.65733e-08,1.45939e-08,1.26438e-08,1.07407e-08
2.70365e-08,2.59386e-08,2.47403e-08,2.33933e-08,2.18355e-08,2.00804e-08,1.82073e-08,1.62791e-08,1.43297e-08,1.24116e-08,1.05363e-08
2.65168e-08,2.54434e-08,2.42776e-08,2.2962e-08,2.14412e-08,1.97214e-08,1.78843e-08,1.59919e-08,1.40753e-08,1.21868e-08,1.03399e-08
2.60089e-08,2.49625e-08,2.38244e-08,2.25432e-08,2.10543e-08,1.93709e-08,1.75701e-08,1.57079e-08,1.38236e-08,1.19657e-08,1.01466e-08
2.55223e-08,2.44977e-08,2.3388e-08,2.21375e-08,2.06817e-08,1.90322e-08,1.72643e-08,1.54364e-08,1.35823e-08,1.17517e-08,9.96028e-09
2.50534e-08,2.40512e-08,2.29691e-08,2.17471e-08,2.03217e-08,1.87047e-08,1.69701e-08,1.51728e-08,1.33501e-08,1.15455e-08,9.78143e-09
2.46053e-08,2.3626e-08,2.25673e-08,2.1374e-08,1.9977e-08,1.83911e-08,1.66883e-08,1.49215e-08,1.31243e-08,1.1344e-08,9.60837e-09
2.41643e-08,2.32038e-08,2.21705e-08,2.10025e-08,1.96349e-08,1.80803e-08,1.64071e-08,1.46707e-08,1.2902e-08,1.11546e-08,9.43753e-09
2.37327e-08,2.27916e-08,2.17806e-08,2.06382e-08,1.92981e-08,1.77734e-08,1.61304e-08,1.44208e-08,1.26814e-08,1.09573e-08,9.2676e-09
2.33149e-08,2.23933e-08,2.14043e-08,2.02853e-08,1.89728e-08,1.74758e-08,1.58618e-08,1.41813e-08,1.24692e-08,1.0769e-08,9.10484e-09
2.29083e-08,2.20027e-08,2.10352e-08,1.99385e-08,1.86518e-08,1.71826e-08,1.55967e-08,1.39436e-08,1.22586e-08,1.05837e-08,8.94223e-09
2.25073e-08,2.16193e-08,2.06708e-08,1.9597e-08,1.83349e-08,1.68929e-08,1.53343e-08,1.37088e-08,1.20481e-08,1.03989e-08,8.78126e-09
2.2122e-08,2.12512e-08,2.03211e-08,1.92669e-08,1.80287e-08,1.66115e-08,1.508e-08,1.34816e-08,1.18454e-08,1.02204e-08,8.62654e-09
2.17407e-08,2.08867e-08,1.9973e-08,1.89402e-08,1.77234e-08,1.63333e-08,1.4827e-08,1.32526e-08,1.16415e-08,1.00421e-08,8.47118e-09
2.13696e-08,2.05294e-08,1.96323e-08,1.8619e-08,1.74246e-08,1.60584e-08,1.45771e-08,1.30283e-08,1.14421e-08,9.86658e-09,8.31894e-09
2.10063e-08,2.01802e-08,1.93005e-08,1.8304e-08,1.71312e-08,1.57876e-08,1.43313e-08,1.28079e-08,1.12476e-08,9.69373e-09,8.16927e-09
2.0648e-08,1.98361e-08,1.89705e-08,1.79928e-08,1.68401e-08,1.552e-08,1.40878e-08,1.25879e-08,1.10511e-08,9.52208e-09,8.02015e-09
2.02907e-08,1.94924e-08,1.86424e-08,1.76819e-08,1.65501e-08,1.52528e-08,1.38445e-08,1.23699e-08,1.08567e-08,9.35089e-09,7.87188e-09
1.99446e-08,1.91595e-08,1.83238e-08,1.73788e-08,1.62676e-08,1.49922e-08,1.3607e-08,1.21556e-08,1.06666e-08,9.18399e-09,7.72787e-09
1.96046e-08,1.88328e-08,1.80104e-08,1.70815e-08,1.5989e-08,1.47352e-08,1.3373e-08,1.19445e-08,1.04781e-08,9.01835e-09,7.58498e-09
1.92714e-08,1.85124e-08,1.77031e-08,1.67901e-08,1.57163e-08,1.44831e-08,1.31428e-08,1.17367e-08,1.02936e-08,8.85635e-09,7.44585e-09
1.89386e-08,1.81924e-08,1.73958e-08,1.64987e-08,1.54427e-08,1.42298e-08,1.29115e-08,1.15287e-08,1.01076e-08,8.69229e-09,7.3048e-09
1.86159e-08,1.78813e-08,1.70981e-08,1.62156e-08,1.51765e-08,1.39836e-08,1.26866e-08,1.13261e-08,9.92753e-09,8.53491e-09,7.16914e-09
1.82932e-08,1.75708e-08,1.67993e-08,1.59313e-08,1.49101e-08,1.37369e-08,1.2461e-08,1.1122e-08,9.74617e-09,8.3766e-09,7.03206e-09
1.798e-08,1.72691e-08,1.65095e-08,1.56558e-08,1.46516e-08,1.34973e-08,1.22416e-08,1.09241e-08,9.56966e-09,8.22249e-09,6.89933e-09
1.76698e-08,1.69704e-08,1.62223e-08,1.53821e-08,1.43939e-08,1.32582e-08,1.20229e-08,1.07265e-08,9.39393e-09,8.06845e-09,6.76736e-09
1.73656e-08,1.66769e-08,1.59408e-08,1.51141e-08,1.41423e-08,1.30247e-08,1.1809e-08,1.05335e-08,9.22311e-09,7.91865e-09,6.63871e-09
1.7065e-08,1.63879e-08,1.56621e-08,1.48485e-08,1.38919e-08,1.27922e-08,1.15964e-08,1.03408e-08,9.05171e-09,7.76904e-09,6.51031e-09
1.67688e-08,1.61017e-08,1.5387e-08,1.45861e-08,1.36448e-08,1.25626e-08,1.13856e-08,1.01514e-08,8.88252e-09,7.62083e-09,6.38369e-09
1.64793e-08,1.58234e-08,1.51187e-08,1.43302e-08,1.34032e-08,1.23381e-08,1.11799e-08,9.96475e-09,8.71713e-09,7.47662e-09,6.26075e-09
1.61881e-08,1.55421e-08,1.48484e-08,1.40726e-08,1.31609e-08,1.21127e-08,1.09734e-08,9.7786e-09,8.55154e-09,7.3318e-09,6.13639e-09
1.59051e-08,1.52691e-08,1.45856e-08,1.38217e-08,1.29243e-08,1.18926e-08,1.07715e-08,9.59613e-09,8.38949e-09,7.19032e-09,6.01552e-09
1.56284e-08,1.50017e-08,1.43279e-08,1.35756e-08,1.2692e-08,1.16763e-08,1.0573e-08,9.41676e-09,8.23009e-09,7.05144e-09,5.89689e-09
1.53513e-08,1.47349e-08,1.40713e-08,1.33307e-08,1.2461e-08,1.14613e-08,1.03757e-08,9.23855e-09,8.07189e-09,6.91345e-09,5.77925e-09
1.50849e-08,1.44772e-08,1.38228e-08,1.30924e-08,1.22362e-08,1.12516e-08,1.0183e-08,9.06449e-09,7.91765e-09,6.77915e-09,5.6645e-09
1.48142e-08,1.42163e-08,1.35717e-08,1.28537e-08,1.20106e-08,1.10416e-08,9.99045e-09,8.89042e-09,7.76294e-09,6.64423e-09,5.55012e-09
1.45527e-08,1.39639e-08,1.33285e-08,1.26213e-08,1.17912e-08,1.08367e-08,9.80248e-09,8.72099e-09,7.61242e-09,6.51342e-09,5.43837e-09
1.42946e-08,1.37141e-08,1.30876e-08,1.2391e-08,1.15734e-08,1.0634e-08,9.61608e-09,8.5523e-09,7.46303e-09,6.38316e-09,5.32764e-09
1.40387e-08,1.34675e-08,1.28501e-08,1.21643e-08,1.13592e-08,1.04342e-08,9.4329e-09,8.38662e-09,7.31602e-09,6.25554e-09,5.21937e-09
1.37902e-08,1.3228e-08,1.26188e-08,1.1942e-08,1.11492e-08,1.02381e-08,9.25271e-09,8.22367e-09,7.17178e-09,6.13005e-09,5.11282e-09
1.35418e-08,1.29873e-08,1.23875e-08,1.17223e-08,1.09413e-08,1.00446e-08,9.07485e-09,8.06309e-09,7.02944e-09,6.0064e-09,5.00765e-09
1.32981e-08,1.27518e-08,1.21606e-08,1.15056e-08,1.07363e-08,9.85331e-09,8.89933e-09,7.90479e-09,6.88905e-09,5.88448e-09,4.90468e-09
1.30621e-08,1.25225e-08,1.19394e-08,1.12936e-08,1.05362e-08,9.66632e-09,8.72748e-09,7.74971e-09,6.75185e-09,5.76543e-09,4.80363e-09
1.28232e-08,1.22928e-08,1.17186e-08,1.10833e-08,1.03372e-08,9.48082e-09,8.55725e-09,7.59591e-09,6.61559e-09,5.64719e-09,4.70348e-09
1.25939e-08,1.20721e-08,1.15056e-08,1.08781e-08,1.01433e-08,9.2996e-09,8.39094e-09,7.44561e-09,6.48266e-09,5.53192e-09,4.60584e-09
1.23651e-08,1.185e-08,1.1292e-08,1.06758e-08,9.95175e-09,9.12118e-09,8.227e-09,7.29777e-09,6.35168e-09,5.41844e-09,4.50979e-09
1.21412e-08,1.16331e-08,1.10831e-08,1.04764e-08,9.76312e-09,8.94507e-09,8.06542e-09,7.15198e-09,6.2233e-09,5.30674e-09,4.41536e-09
1.19103e-08,1.14117e-08,1.08722e-08,1.02787e-08,9.57757e-09,8.77287e-09,7.90759e-09,7.00955e-09,6.09687e-09,5.19766e-09,4.32321e-09
1.17061e-08,1.1212e-08,1.06776e-08,1.00891e-08,9.39697e-09,8.60329e-09,7.7516e-09,6.86892e-09,5.97258e-09,5.08992e-09,4.23267e-09
1.14824e-08,1.09996e-08,1.04751e-08,9.89791e-09,9.21795e-09,8.43703e-09,7.59951e-09,6.73172e-09,5.85117e-09,4.98507e-09,4.14296e-09
1.12845e-08,1.08042e-08,1.02852e-08,9.71463e-09,9.04293e-09,8.27321e-09,7.44887e-09,6.59589e-09,5.73121e-09,4.88104e-09,4.05573e-09
1.1069e-08,1.05965e-08,1.00877e-08,9.53032e-09,8.87037e-09,8.11338e-09,7.30258e-09,6.46407e-09,5.61476e-09,4.78046e-09,3.97067e-09
1.08791e-08,1.0412e-08,9.90742e-09,9.35351e-09,8.70206e-09,7.95533e-09,7.15723e-09,6.33307e-09,5.49904e-09,4.68029e-09,3.88636e-09
1.06805e-08,1.02199e-08,9.72319e-09,9.17846e-09,8.53653e-09,7.80116e-09,7.01589e-09,6.20574e-09,5.38673e-09,4.58313e-09,3.8044e-09
1.049e-08,1.00377e-08,9.54686e-09,9.00743e-09,8.37549e-09,7.65028e-09,6.87773e-09,6.08121e-09,5.27683e-09,4.48816e-09,3.72361e-09
1.0297e-08,9.84876e-09,9.36652e-09,8.83842e-09,8.21551e-09,7.50203e-09,6.74181e-09,5.95895e-09,5.16888e-09,4.3948e-09,3.64589e-09
1.01151e-08,9.67036e-09,9.19454e-09,8.67376e-09,8.05996e-09,7.35701e-09,6.60897e-09,5.83926e-09,5.06337e-09,4.30368e-09,3.56873e-09
9.92874e-09,9.4923e-09,9.02406e-09,8.51233e-09,7.90781e-09,7.21546e-09,6.47945e-09,5.72272e-09,4.9605e-09,4.21503e-09,3.49359e-09
9.75033e-09,9.31944e-09,8.85809e-09,8.35418e-09,7.75879e-09,7.07684e-09,6.35243e-09,5.60842e-09,4.8598e-09,4.12779e-09,3.42049e-09
9.57847e-09,9.15578e-09,8.69981e-09,8.19984e-09,7.61375e-09,6.94103e-09,6.22818e-09,5.49677e-09,4.76135e-09,4.04275e-09,3.34889e-09
9.40332e-09,8.98348e-09,8.53585e-09,8.0477e-09,7.47013e-09,6.8083e-09,6.10691e-09,5.38755e-09,4.66505e-09,3.9598e-09,3.2789e-09
9.24119e-09,8.82358e-09,8.38184e-09,7.90032e-09,7.33104e-09,6.67894e-09,5.98841e-09,5.28106e-09,4.57119e-09,3.87866e-09,3.20969e-09
9.07318e-09,8.66359e-09,8.22847e-09,7.75487e-09,7.19462e-09,6.55217e-09,5.87266e-09,5.17715e-09,4.47972e-09,3.79863e-09,3.14503e-09
8.91155e-09,8.50728e-09,8.07939e-09,7.61406e-09,7.06195e-09,6.42909e-09,5.76015e-09,5.07607e-09,4.39064e-09,3.72167e-09,3.08037e-09
8.75976e-09,8.36329e-09,7.93981e-09,7.47653e-09,6.93319e-09,6.30862e-09,5.65007e-09,4.97723e-09,4.30349e-09,3.64653e-09,3.01707e-09
8.60251e-09,8.20743e-09,7.7923e-09,7.34212e-09,6.80592e-09,6.19155e-09,5.54327e-09,4.8815e-09,4.21924e-09,3.57369e-09,2.95577e-09
8.45052e-09,8.06066e-09,7.65213e-09,7.20891e-09,6.68151e-09,6.07617e-09,5.43813e-09,4.78702e-09,4.13607e-09,3.50189e-09,2.89521e-09
8.31404e-09,7.92448e-09,7.52187e-09,7.08431e-09,6.56236e-09,5.96552e-09,5.33695e-09,4.69615e-09,4.05633e-09,3.43274e-09,2.83673e-09
8.16201e-09,7.78133e-09,7.38499e-09,6.95592e-09,6.44409e-09,5.85623e-09,5.23772e-09,4.60713e-09,3.97792e-09,3.36508e-09,2.78002e-09
8.02773e-09,7.65526e-09,7.26291e-09,6.83457e-09,6.33111e-09,5.75054e-09,5.14129e-09,4.52083e-09,3.90171e-09,3.29956e-09,2.72563e-09
7.88588e-09,7.51378e-09,7.12986e-09,6.71458e-09,6.21825e-09,5.6473e-09,5.04739e-09,4.43656e-09,3.82757e-09,3.23527e-09,2.67074e-09
7.75437e-09,7.38627e-09,7.00833e-09,6.59981e-09,6.11063e-09,5.54789e-09,4.95665e-09,4.35546e-09,3.755e-09,3.17342e-09,2.61842e-09
7.6367e-09,7.26791e-09,6.89439e-09,6.48914e-09,6.00582e-09,5.45098e-09,4.8682e-09,4.27605e-09,3.68649e-09,3.11451e-09,2.56637e-09
7.4982e-09,7.13847e-09,6.77183e-09,6.37649e-09,5.90196e-09,5.35541e-09,4.78168e-09,4.19866e-09,3.61786e-09,3.05572e-09,2.51718e-09
7.34319e-09,6.99937e-09,6.64482e-09,6.26342e-09,5.80137e-09,5.26456e-09,4.70014e-09,4.12576e-09,3.55382e-09,3.00033e-09,2.47022e-09
7.26485e-09,6.90756e-09,6.55091e-09,6.16626e-09,5.70517e-09,5.17382e-09,4.61664e-09,4.0507e-09,3.488e-09,2.94328e-09,2.42215e-09
7.09844e-09,6.75795e-09,6.41771e-09,6.05674e-09,5.60817e-09,5.08804e-09,4.54009e-09,3.98249e-09,3.42777e-09,2.89147e-09,2.37832e-09
7.03641e-09,6.68607e-09,6.34175e-09,5.96893e-09,5.51989e-09,5.00325e-09,4.46167e-09,3.91207e-09,3.36622e-09,2.83767e-09,2.33304e-09
6.91478e-09,6.57369e-09,6.23444e-09,5.87004e-09,5.42972e-09,4.92049e-09,4.38683e-09,3.84523e-09,3.30698e-09,2.78698e-09,2.29012e-09
6.81471e-09,6.4823e-09,6.14527e-09,5.77808e-09,5.34511e-09,4.84126e-09,4.31484e-09,3.78083e-09,3.25027e-09,2.73793e-09,2.24886e-09
6.71372e-09,6.37309e-09,6.04284e-09,5.68781e-09,5.2596e-09,4.7639e-09,4.2449e-09,3.71813e-09,3.19521e-09,2.69027e-09,2.20846e-09
6.60002e-09,6.2692e-09,5.94584e-09,5.59861e-09,5.17733e-09,4.68872e-09,4.17702e-09,3.65757e-09,3.1418e-09,2.64435e-09,2.16957e-09
6.5166e-09,6.18223e-09,5.86204e-09,5.51608e-09,5.09905e-09,4.61649e-09,4.11099e-09,3.59869e-09,3.09027e-09,2.59936e-09,2.13186e-09
6.40528e-09,6.08055e-09,5.76647e-09,5.43019e-09,5.02088e-09,4.54515e-09,4.04683e-09,3.54125e-09,3.03945e-09,2.5556e-09,2.09494e-09
6.32184e-09,6.00528e-09,5.69223e-09,5.35206e-09,4.94837e-09,4.47701e-09,3.98494e-09,3.48592e-09,2.99079e-09,2.5135e-09,2.05889e-09
6.21892e-09,5.90043e-09,5.59612e-09,5.27024e-09,4.87262e-09,4.40942e-09,3.92406e-09,3.43158e-09,2.94292e-09,2.47217e-09,2.02448e-09
6.13124e-09,5.81558e-09,5.51565e-09,5.19427e-09,4.80195e-09,4.34466e-09,3.86551e-09,3.37924e-09,2.89685e-09,2.43221e-09,1.99076e-09
6.05765e-09,5.73817e-09,5.44292e-09,5.12391e-09,4.73448e-09,4.28241e-09,3.80897e-09,3.32872e-09,2.85266e-09,2.3939e-09,1.95808e-09
5.96042e-09,5.65037e-09,5.35935e-09,5.04774e-09,4.66623e-09,4.22053e-09,3.75336e-09,3.27895e-09,2.80859e-09,2.35598e-09,1.92645e-09
5.89456e-09,5.59404e-09,5.30074e-09,4.98134e-09,4.6043e-09,4.16204e-09,3.69997e-09,3.23126e-09,2.76652e-09,2.31946e-09,1.89552e-09
5.80278e-09,5.49895e-09,5.21431e-09,4.91073e-09,4.53835e-09,4.10315e-09,3.64718e-09,3.18423e-09,2.72499e-09,2.28373e-09,1.86547e-09
5.72456e-09,5.42335e-09,5.14282e-09,4.84344e-09,4.47593e-09,4.04627e-09,3.59573e-09,3.13819e-09,2.68453e-09,2.24872e-09,1.83572e-09
5.66363e-09,5.35774e-09,5.0811e-09,4.78293e-09,4.41721e-09,3.9919e-09,3.54624e-09,3.09403e-09,2.64552e-09,2.21524e-09,1.80762e-09
5.57169e-09,5.27475e-09,5.00366e-09,4.71368e-09,4.35672e-09,3.9373e-09,3.49721e-09,3.05026e-09,2.60711e-09,2.18183e-09,1.77909e-09
5.52555e-09,5.23005e-09,4.9558e-09,4.65552e-09,4.30287e-09,3.88567e-09,3.45018e-09,3.00809e-09,2.56993e-09,2.14973e-09,1.75223e-09
5.4297e-09,5.1377e-09,4.87377e-09,4.59158e-09,4.24344e-09,3.8338e-09,3.4037e-09,2.96657e-09,2.53346e-09,2.11797e-09,1.72581e-09
5.36121e-09,5.07158e-09,4.81115e-09,4.53267e-09,4.18875e-09,3.78365e-09,3.35823e-09,2.92608e-09,2.49766e-09,2.08732e-09,1.69952e-09
5.29374e-09,5.00679e-09,4.7496e-09,4.47496e-09,4.13538e-09,3.73436e-09,3.31393e-09,2.88656e-09,2.46293e-09,2.05724e-09,1.67407e-09
5.22853e-09,4.94363e-09,4.68986e-09,4.41877e-09,4.08308e-09,3.68679e-09,3.27062e-09,2.84785e-09,2.42867e-09,2.02767e-09,1.64879e-09
5.17621e-09,4.90105e-09,4.64547e-09,4.36578e-09,4.03489e-09,3.64054e-09,3.22844e-09,2.81012e-09,2.3954e-09,1.99889e-09,1.62543e-09
5.10188e-09,4.82151e-09,4.57381e-09,4.30941e-09,3.98144e-09,3.59364e-09,3.18627e-09,2.7725e-09,2.36231e-09,1.9704e-09,1.60108e-09
4.98305e-09,4.71528e-09,4.48487e-09,4.24852e-09,3.93018e-09,3.55198e-09,3.15012e-09,2.74043e-09,2.33413e-09,1.9461e-09,1.58041e-09
4.98374e-09,4.70726e-09,4.46484e-09,4.20603e-09,3.88515e-09,3.50507e-09,3.106e-09,2.70048e-09,2.29889e-09,1.91538e-09,1.55439e-09
4.92225e-09,4.64829e-09,4.40911e-09,4.15389e-09,3.83661e-09,3.46075e-09,3.0658e-09,2.6647e-09,2.26738e-09,1.8885e-09,1.53206e-09
4.87649e-09,4.61235e-09,4.37091e-09,4.1062e-09,3.7933e-09,3.41869e-09,3.02732e-09,2.63026e-09,2.23704e-09,1.86232e-09,1.51029e-09
4.81457e-09,4.54416e-09,4.30759e-09,4.0555e-09,3.74533e-09,3.37651e-09,2.98914e-09,2.59611e-09,2.20694e-09,1.83655e-09,1.48873e-09
4.754e-09,4.4861e-09,4.25471e-09,4.00784e-09,3.70029e-09,3.33528e-09,2.95173e-09,2.56262e-09,2.17748e-09,1.8113e-09,1.4677e-09
4.69886e-09,4.43305e-09,4.20413e-09,3.95982e-09,3.65542e-09,3.294e-09,2.91433e-09,2.52912e-09,2.14797e-09,1.78603e-09,1.44536e-09
4.64782e-09,4.38382e-09,4.15675e-09,3.91447e-09,3.6129e-09,3.25466e-09,2.87843e-09,2.49676e-09,2.11959e-09,1.76136e-09,1.42585e-09
4.60482e-09,4.3507e-09,4.12137e-09,3.86955e-09,3.57212e-09,3.21483e-09,2.84212e-09,2.46435e-09,2.09096e-09,1.73675e-09,1.40517e-09
4.54059e-09,4.28051e-09,4.0585e-09,3.8217e-09,3.52616e-09,3.17489e-09,2.806e-09,2.43195e-09,2.06269e-09,1.71229e-09,1.38453e-09
4.48947e-09,4.23137e-09,4.0115e-09,3.77715e-09,3.48452e-09,3.13642e-09,2.7709e-09,2.40046e-09,2.03505e-09,1.68826e-09,1.36411e-09
4.43913e-09,4.18286e-09,3.96521e-09,3.7332e-09,3.44317e-09,3.09833e-09,2.73626e-09,2.36942e-09,2.00774e-09,1.66507e-09,1.3444e-09
4.38851e-09,4.13446e-09,3.9189e-09,3.68932e-09,3.40216e-09,3.06039e-09,2.70163e-09,2.33855e-09,1.98059e-09,1.64182e-09,1.32558e-09
4.35203e-09,4.10783e-09,3.88937e-09,3.64922e-09,3.36576e-09,3.02419e-09,2.66855e-09,2.30867e-09,1.95436e-09,1.61919e-09,1.30692e-09
