0.0280041,0.0277855,0.0280869,0.0279167,0.0271913,0.0271641,0.0258328,0.0245819,0.0236913,0.0218214,0.0201673
0.0254892,0.0256723,0.0259292,0.0257604,0.025203,0.0249598,0.02391,0.0229158,0.0214913,0.0204812,0.0189943
0.0239804,0.0233117,0.0237899,0.023621,0.0238056,0.0234121,0.0221426,0.0209714,0.0202685,0.0188042,0.0171315
0.0219508,0.0216652,0.0220109,0.0219858,0.0217757,0.0214081,0.0206326,0.0196302,0.0186496,0.0174173,0.0160078
0.0202885,0.0201392,0.0204488,0.0204059,0.0203036,0.0199355,0.0192007,0.0183259,0.0173825,0.0162522,0.0148802
0.0188722,0.0188511,0.0189693,0.0190314,0.0191322,0.0186209,0.0179111,0.0171705,0.0161455,0.015353,0.0138896
0.0175252,0.017511,0.0177774,0.0177573,0.0176793,0.0173885,0.0167856,0.0160011,0.0151561,0.0141683,0.0129572
0.0163443,0.0164116,0.0165675,0.0166471,0.0165533,0.016224,0.0156888,0.0150093,0.014159,0.0132907,0.0121224
0.015244,0.0153087,0.0155557,0.0156101,0.0154621,0.0152449,0.0147665,0.0140618,0.0132793,0.0124492,0.0113684
0.0141491,0.0145008,0.0145409,0.0146781,0.0145489,0.0143578,0.0138657,0.0132558,0.0123912,0.0116878,0.0106465
0.0131501,0.0135485,0.0136663,0.0137953,0.0135506,0.0135594,0.0130376,0.0124421,0.0117046,0.0110895,0.00996363
0.0127159,0.0125754,0.0130324,0.0129464,0.012909,0.0127662,0.0123638,0.0117589,0.0111361,0.0102619,0.00952196
0.0117405,0.0118265,0.0121377,0.0122398,0.0120861,0.0118962,0.0116005,0.0110847,0.0103835,0.00972291,0.00890698
0.0109048,0.0111872,0.0113419,0.011615,0.0113178,0.011228,0.0110181,0.0104443,0.00974717,0.00919456,0.00833514
0.0103961,0.0105327,0.0107933,0.0108445,0.010697,0.0105551,0.0103577,0.0098031,0.00921483,0.00867589,0.00788167
0.00960613,0.00992468,0.0100617,0.0103903,0.0101218,0.00997729,0.00975315,0.00933104,0.00875386,0.00818438,0.00740275
0.00950825,0.00926472,0.00981114,0.00969709,0.00960194,0.00941851,0.00920559,0.00870983,0.00824703,0.00774999,0.00704503
0.00879445,0.00867268,0.00892667,0.00935945,0.00897154,0.00888008,0.00885008,0.00836333,0.00778852,0.00717658,0.00663533
0.00826637,0.00816914,0.00855709,0.0087515,0.00857378,0.00828908,0.00823548,0.00800472,0.00740761,0.00694669,0.00630929
0.00760701,0.00801476,0.00796656,0.00837705,0.0081629,0.00784027,0.00793295,0.00766003,0.00688634,0.00657956,0.00599152
0.00737975,0.0072963,0.00767108,0.00786931,0.00772976,0.0074297,0.00742369,0.0072151,0.00666041,0.00625475,0.00565465
0.00681713,0.00691027,0.00721739,0.00749807,0.00727525,0.00708648,0.00711095,0.00679678,0.00619971,0.00592685,0.00530183
0.00667301,0.0064743,0.0070412,0.00706231,0.00696782,0.00673814,0.00667503,0.00649182,0.00605508,0.00575656,0.00509415
0.00630022,0.00617011,0.00659525,0.0067715,0.00652953,0.00637482,0.0064354,0.00604952,0.00556472,0.00530827,0.00482044
0.00599371,0.00583562,0.00626503,0.00635607,0.00629695,0.00610756,0.00602043,0.00583071,0.00547298,0.00520473,0.00457345
0.00552427,0.00559769,0.00592711,0.00614896,0.00594411,0.0057583,0.00579229,0.00559992,0.00511874,0.00487038,0.00441044
0.00541626,0.00521537,0.00565624,0.00585362,0.00572318,0.00557685,0.00544333,0.00530197,0.004974,0.004634,0.00416575
0.00494859,0.00517485,0.00530437,0.00561132,0.00541862,0.0053151,0.00524367,0.00513313,0.00466795,0.00448352,0.00401043
0.00488153,0.00474545,0.00510919,0.00531762,0.00517255,0.00503008,0.00502337,0.00484387,0.00452951,0.00418547,0.0037673
0.00462029,0.00457234,0.00487301,0.00512926,0.00484353,0.00478654,0.00483546,0.00461969,0.00421568,0.00396084,0.00364879
0.00437193,0.00431434,0.00460151,0.0048469,0.00470653,0.00454296,0.0045484,0.00440946,0.00405812,0.00385763,0.00348922
0.00413644,0.00415914,0.00438011,0.00460152,0.00448544,0.00435668,0.00438201,0.00422922,0.00389081,0.00368634,0.00329846
0.00396788,0.00398666,0.00420279,0.00441901,0.00428239,0.00417779,0.00418962,0.00402682,0.00370487,0.00350871,0.00315568
0.00375576,0.00377518,0.00397507,0.00424704,0.00408178,0.00394387,0.00402618,0.00385251,0.00358938,0.00336463,0.00301999
0.00357514,0.00366756,0.00384232,0.00406103,0.00391459,0.00389187,0.00380813,0.00370999,0.00336766,0.00323403,0.00289556
0.00336227,0.00346189,0.00366169,0.00389347,0.00376759,0.00364682,0.00364932,0.00354009,0.00324451,0.00307461,0.00272442
0.00331943,0.00327792,0.00344415,0.00376522,0.00353238,0.00351571,0.00355224,0.00340991,0.00313461,0.00297808,0.00266745
0.00315923,0.00313359,0.00328195,0.00353649,0.00338668,0.00336126,0.00340021,0.00330271,0.00300092,0.00285541,0.00255045
0.00296797,0.00302962,0.00321069,0.0033828,0.0033278,0.0033259,0.00327622,0.00309206,0.0028727,0.00274048,0.00242446
0.00287904,0.00287757,0.00309464,0.00320239,0.00318096,0.00309677,0.00312191,0.00301564,0.00283212,0.00260381,0.00235461
0.00276723,0.0027188,0.00291547,0.00313643,0.00295178,0.00299201,0.00296241,0.00290489,0.00267955,0.00250963,0.00226937
0.0026099,0.00265133,0.002812,0.00297551,0.00288568,0.00288976,0.00291714,0.00273995,0.00260323,0.00242984,0.00214815
0.00249325,0.00251495,0.00272037,0.00289262,0.00276628,0.00274359,0.00275338,0.00268723,0.00247764,0.00235387,0.00207108
0.00240761,0.00241281,0.00255805,0.00278954,0.00264589,0.0026517,0.00265938,0.00259932,0.00239051,0.0022512,0.00199388
0.00228283,0.00231862,0.00239566,0.00276652,0.00253572,0.00245799,0.00255487,0.00249794,0.00227182,0.0021878,0.00191477
0.00216488,0.00220442,0.00239534,0.00259342,0.0024569,0.00244821,0.00248231,0.00238379,0.0022519,0.00208197,0.00183845
0.00211666,0.00212929,0.00229484,0.00250518,0.00236962,0.00235049,0.00239761,0.00233074,0.00216306,0.00203252,0.00174997
0.00202491,0.00206976,0.0021978,0.00244022,0.00224886,0.00223275,0.00229227,0.00224961,0.00209236,0.00190047,0.00171414
0.0019603,0.00200846,0.00211978,0.00229064,0.00225176,0.00220392,0.0022073,0.00212323,0.00200814,0.00186459,0.00164327
0.00182539,0.00192446,0.00205687,0.00223687,0.00214369,0.00213256,0.00214642,0.00207311,0.00196021,0.00180346,0.00157487
0.00179428,0.00182808,0.00195924,0.00211978,0.00207731,0.00204481,0.00205972,0.00199072,0.00191057,0.00174653,0.00151404
0.00172237,0.00176991,0.00192366,0.00203303,0.00199276,0.00198873,0.00203865,0.00187305,0.0018306,0.00167006,0.00145573
0.00163644,0.00168823,0.00185874,0.00199206,0.00193909,0.00192369,0.00192292,0.00186006,0.00176292,0.00161499,0.00141054
0.00160357,0.00164526,0.00178345,0.00190864,0.00184234,0.00185418,0.00184734,0.00180194,0.0017157,0.00155193,0.00137337
0.00151121,0.00155057,0.00170096,0.0018434,0.00177205,0.00177494,0.00180201,0.00173831,0.00164675,0.00150157,0.00131141
0.00144681,0.00149212,0.00163329,0.00179707,0.00171344,0.00173284,0.00172692,0.00167975,0.00160633,0.00146163,0.00127076
0.00139325,0.00145093,0.00155831,0.00172423,0.0016657,0.00167122,0.00169097,0.00162127,0.00154123,0.00141177,0.0012073
0.001362,0.00140022,0.00153261,0.00165408,0.00160271,0.00162525,0.00162208,0.00157496,0.00148973,0.00135761,0.00117912
0.00128892,0.00134064,0.00147844,0.001598,0.00155086,0.00156194,0.00156966,0.00152098,0.00144129,0.00130721,0.0011287
0.00124973,0.00128843,0.00142933,0.00154053,0.00150582,0.00151303,0.00151722,0.00146158,0.00139148,0.00126622,0.00108859
0.00119922,0.00125173,0.00139474,0.00151633,0.00143373,0.00143128,0.00147594,0.00142463,0.00134155,0.00121136,0.00105891
0.00115076,0.00120663,0.00132652,0.00144553,0.00141038,0.00141632,0.00143031,0.00138582,0.0013097,0.00118297,0.00101274
0.00109981,0.00115635,0.00129541,0.00138998,0.00136433,0.00137473,0.00137492,0.00133414,0.00126142,0.00114302,0.000975015
0.00104498,0.00111459,0.00125027,0.00135487,0.00132311,0.00132926,0.00132646,0.00128455,0.00122388,0.0011035,0.000942878
0.00101962,0.00108632,0.0012118,0.00129292,0.00127479,0.00129622,0.00129313,0.00125193,0.00118552,0.00106302,0.000908725
0.000989044,0.00103966,0.00117202,0.0012402,0.00124255,0.00124663,0.0012503,0.00121522,0.00113756,0.0010339,0.000877295
0.000951345,0.00100642,0.00113745,0.00121457,0.00121676,0.00121275,0.00121303,0.00117078,0.00109979,0.000994939,0.000843931
0.000909714,0.000966986,0.00110254,0.00116923,0.00117211,0.0011747,0.00117053,0.0011309,0.0010678,0.000963396,0.000813166
0.000883444,0.000946277,0.00107042,0.00112841,0.0011373,0.00115551,0.00113354,0.00109209,0.00102507,0.000940073,0.000782976
0.000838769,0.000902022,0.00104129,0.00109546,0.00109381,0.00110456,0.00109619,0.00106926,0.00100297,0.000898568,0.000763058
0.000811397,0.00085926,0.00099266,0.00105255,0.00105792,0.00107159,0.00107208,0.00103435,0.000974729,0.000873303,0.000733429
0.000768041,0.000843665,0.000965007,0.00102257,0.00102808,0.00104294,0.00104121,0.000998113,0.000945311,0.000838628,0.000710057
0.000763566,0.000804182,0.000928784,0.000990144,0.000997791,0.00101892,0.00099857,0.000963662,0.000906715,0.000815371,0.000680807
0.000703209,0.000787051,0.000893171,0.000952753,0.000968183,0.000975261,0.000969367,0.000949428,0.00087707,0.000791264,0.00065594
0.000689414,0.000763976,0.000867487,0.000927601,0.000937701,0.000954734,0.000945616,0.000908406,0.000851557,0.000764362,0.00063241
0.000673051,0.000723152,0.000829825,0.000887967,0.000912225,0.00091942,0.000916146,0.000878475,0.000818921,0.000740992,0.000603258
0.000636538,0.000696114,0.000815306,0.000865116,0.000871739,0.00089351,0.000887122,0.000854487,0.000798712,0.000711814,0.000586132
0.00061583,0.000680298,0.000786518,0.000830684,0.000851407,0.00085977,0.000858681,0.000825521,0.000775337,0.000682041,0.000567115
0.000592775,0.000649053,0.000754286,0.000804644,0.000832474,0.000838915,0.000836809,0.000803662,0.000743415,0.000666241,0.000539282
0.000573048,0.00063178,0.00073714,0.000778566,0.000802504,0.000807628,0.000806353,0.000777668,0.000724818,0.000647844,0.000525393
0.000551635,0.000609062,0.000706291,0.000748896,0.000778603,0.000787187,0.000784079,0.00075485,0.000695571,0.000625311,0.000507542
0.000529634,0.000588045,0.000684848,0.000726176,0.000754469,0.000763996,0.000759689,0.000728288,0.000677266,0.000603088,0.000486964
0.000518431,0.000561954,0.000665271,0.00071276,0.000724614,0.000736855,0.000739508,0.000708604,0.000656087,0.000578899,0.000472378
0.00049936,0.000549808,0.000648386,0.000684721,0.000711495,0.000713474,0.000712591,0.000679439,0.00063264,0.000565074,0.000449257
0.000474414,0.00052903,0.000623159,0.000664123,0.000684562,0.000694867,0.000687501,0.000663138,0.000617768,0.000541513,0.000437426
0.000461752,0.000506563,0.000598782,0.000636567,0.000665298,0.000671848,0.000674634,0.000648589,0.00059517,0.000525699,0.000425234
0.000445324,0.000482268,0.000572102,0.000614263,0.000642015,0.000650275,0.000647017,0.000625932,0.000570746,0.000505222,0.000406509
0.000430274,0.000474658,0.000556608,0.000588182,0.000623457,0.000629252,0.000625275,0.000604015,0.00055663,0.000486072,0.000391702
0.000408871,0.000464287,0.000534341,0.000571691,0.000596959,0.00060554,0.000612387,0.000588057,0.000539831,0.000471771,0.000378791
0.000402834,0.000441505,0.00051322,0.000541061,0.000593456,0.000584151,0.000588422,0.000574354,0.000518548,0.000457764,0.000366479
0.000381835,0.00042636,0.000501544,0.000534694,0.000568168,0.000575783,0.000568634,0.000558533,0.000508523,0.00044044,0.000353037
0.000369429,0.000413893,0.000485376,0.000516898,0.00054916,0.000552624,0.000552951,0.000532342,0.000488856,0.000429005,0.000337747
0.000355189,0.000402402,0.000469232,0.000497448,0.000530456,0.000541393,0.000538239,0.000519095,0.000470822,0.00041276,0.000327128
0.00034371,0.000382737,0.000454148,0.00048205,0.000514912,0.000522,0.000521079,0.000502259,0.000457507,0.000397687,0.000315153
0.000332084,0.000369347,0.00043421,0.000469771,0.000501887,0.000505333,0.000513468,0.000485934,0.000448045,0.000384684,0.000297185
0.000318507,0.000360855,0.000427438,0.000453524,0.00048795,0.000485029,0.000495419,0.000471726,0.000433022,0.000383397,0.000293346
0.000306473,0.000351477,0.000411572,0.000442694,0.000467716,0.000475686,0.000477614,0.000460217,0.000423207,0.000360444,0.00028278
0.000300939,0.000337553,0.000400055,0.000422245,0.000455347,0.000461195,0.000461366,0.000446502,0.000405227,0.000349659,0.000274316
0.000286628,0.000324984,0.000387471,0.00040959,0.000441318,0.000447125,0.000445804,0.000431319,0.000392935,0.000335866,0.000266727
0.000280372,0.000314577,0.000370564,0.00039294,0.000424758,0.000430111,0.000436535,0.000421002,0.000378278,0.00032819,0.00025392
0.000268241,0.000307763,0.000362799,0.000384802,0.000411372,0.00042203,0.000422177,0.000405919,0.000368857,0.000323659,0.000244449
0.00026283,0.000296747,0.000345602,0.000370779,0.000405301,0.000405731,0.000410008,0.000395131,0.00035469,0.000310892,0.000239431
0.000248523,0.000287439,0.000340334,0.00036642,0.000388108,0.000399084,0.000400398,0.000378725,0.000347367,0.00029844,0.000226995
0.000246212,0.000277596,0.000326361,0.000346228,0.000381863,0.000385388,0.00039055,0.000372229,0.000339601,0.000291752,0.000220695
0.00023034,0.000270063,0.000316337,0.000341152,0.000366681,0.000375177,0.000375842,0.000360205,0.000326917,0.00027997,0.000215356
0.000227762,0.000260716,0.000304751,0.000326406,0.000354803,0.000365206,0.000367259,0.000352516,0.00030985,0.000271191,0.000205837
0.000219204,0.000248569,0.000294788,0.000317716,0.000345258,0.000352263,0.000357364,0.000340677,0.00030679,0.00026857,0.000202893
0.000217859,0.000240006,0.000285312,0.000305319,0.000337415,0.000339422,0.000347836,0.000328954,0.000294981,0.000255551,0.000193362
0.000204172,0.000236595,0.000279183,0.000300621,0.00032542,0.000332097,0.00033197,0.000323799,0.000291988,0.000250724,0.00018822
0.000198796,0.000229179,0.000268776,0.000288801,0.0003144,0.000325639,0.000323351,0.000311074,0.000277624,0.000241624,0.000181881
0.000193244,0.000217792,0.000259738,0.000282784,0.000305134,0.000315166,0.000323249,0.000301395,0.00027136,0.00023307,0.000175367
0.000182213,0.000213465,0.000254375,0.000268325,0.000296723,0.000309069,0.000309235,0.000293976,0.00025972,0.000225226,0.000171592
0.000178101,0.000210477,0.000240357,0.000260416,0.000292194,0.000298772,0.000305711,0.000289214,0.000255852,0.000222131,0.000162482
0.000176555,0.000198451,0.000239394,0.000258723,0.000280188,0.000288138,0.000290951,0.00027661,0.000246216,0.000220331,0.000160705
0.000166936,0.000196969,0.000230918,0.000252921,0.000273719,0.000284584,0.00028418,0.000271991,0.000245906,0.000212839,0.000153023
0.000165086,0.00018787,0.000223483,0.000239551,0.000266083,0.000274641,0.000277387,0.0002612,0.000233668,0.000205214,0.000150581
0.000155553,0.000184926,0.000216109,0.000232945,0.000254449,0.000269688,0.000269165,0.000255385,0.000227729,0.000196091,0.000144902
0.000153079,0.000177602,0.000214131,0.000225277,0.000250041,0.000261102,0.000258481,0.000248802,0.00022021,0.000192281,0.000142042
0.000148996,0.00017297,0.000204441,0.000219413,0.000241798,0.000253808,0.000252462,0.000243282,0.000213323,0.000184326,0.000137351
0.000143357,0.000166511,0.000195458,0.000214816,0.000237644,0.000246394,0.000249155,0.000235557,0.000206685,0.000181409,0.000133826
0.000137106,0.000166981,0.000191639,0.000206645,0.000229044,0.000241076,0.00023894,0.000228622,0.00020398,0.000175223,0.000128746
0.000134601,0.000159238,0.00018495,0.000203218,0.000221443,0.000238505,0.000235747,0.000223871,0.00019554,0.000168658,0.000122543
0.000130542,0.000155339,0.000178584,0.000194477,0.000216758,0.000229332,0.000231259,0.000217202,0.000192151,0.000164426,0.000119789
0.000127363,0.000148888,0.000175821,0.00019024,0.000210637,0.000222618,0.000222007,0.000209888,0.000186373,0.000161873,0.000121583
0.00012151,0.000140347,0.000171443,0.000182514,0.000205093,0.000214461,0.000216181,0.000205207,0.000181675,0.00015488,0.000116785
0.000118648,0.000141485,0.000165475,0.000179101,0.000198481,0.000209927,0.000209741,0.000200227,0.000173956,0.000151365,0.000111602
0.000112701,0.000136924,0.000159989,0.000174637,0.000193346,0.000205085,0.000205617,0.000194256,0.000174522,0.000147125,0.000108427
0.000112246,0.000130455,0.000153567,0.000164698,0.00018996,0.0001989,0.000201483,0.000189571,0.000165973,0.00014403,0.000104414
0.000108019,0.000126747,0.000151166,0.000164314,0.000182574,0.000194965,0.000197101,0.000183037,0.000163322,0.000140381,0.000101751
0.000110132,0.000126379,0.000147736,0.000157796,0.000177591,0.000190829,0.000191352,0.00017957,0.000157377,0.000135305,9.98136e-05
0.000101712,0.000122891,0.000141729,0.000156616,0.00017461,0.000186195,0.000187326,0.00017266,0.000157265,0.000132762,9.44888e-05
9.99742e-05,0.00011674,0.000139053,0.000148231,0.000168752,0.000178045,0.000178898,0.000168919,0.000148815,0.000128185,9.41631e-05
9.49894e-05,0.00011492,0.00013146,0.000144629,0.000165874,0.000176876,0.00017531,0.000166367,0.00014534,0.000126775,9.27729e-05
9.50532e-05,0.000108923,0.00013036,0.000139997,0.000160328,0.000168333,0.000171116,0.000159683,0.000140349,0.000122886,8.97299e-05
8.76431e-05,0.000107948,0.000124727,0.000136842,0.000156325,0.00016402,0.000165329,0.000157107,0.000137007,0.000119535,8.6374e-05
8.86113e-05,0.000105606,0.000122492,0.000130865,0.000152335,0.000160299,0.000162017,0.000151524,0.000132022,0.000115606,8.3703e-05
8.71278e-05,0.000101183,0.000117839,0.000126666,0.000149315,0.0001583,0.000159546,0.000145638,0.000126805,0.000111909,8.04996e-05
8.64623e-05,9.81067e-05,0.000117452,0.000124683,0.000143805,0.000155334,0.000155276,0.000144018,0.000124935,0.000109098,7.97015e-05
7.97857e-05,9.80414e-05,0.000110735,0.000121756,0.000140292,0.00015054,0.000150907,0.000140728,0.000122275,0.000106502,7.78471e-05
7.84147e-05,9.16646e-05,0.000107209,0.000118394,0.000136269,0.000145818,0.00014765,0.000136674,0.000121314,0.000105342,7.38459e-05
7.52932e-05,8.9383e-05,0.000104322,0.00011403,0.000131924,0.000142118,0.000141708,0.000133103,0.00011664,0.000102179,7.22808e-05
7.36644e-05,8.72063e-05,0.000101491,0.000111921,0.000128525,0.000138306,0.000137803,0.000130764,0.000112483,9.97724e-05,7.26231e-05
6.98679e-05,8.36431e-05,9.8121e-05,0.000108018,0.000126314,0.00013384,0.000136073,0.00012565,0.000109402,9.69216e-05,6.8848e-05
6.82919e-05,8.23888e-05,9.58956e-05,0.000105063,0.000121856,0.000131187,0.000132646,0.000123567,0.000107541,9.42818e-05,6.74051e-05
6.73026e-05,8.0999e-05,9.42692e-05,0.00010262,0.000118694,0.000129239,0.000129219,0.000120611,0.000104789,9.22209e-05,6.59049e-05
6.51694e-05,7.77321e-05,9.11159e-05,0.000102238,0.00011645,0.000124613,0.000126779,0.000117002,0.000102268,9.01622e-05,6.44103e-05
6.23351e-05,7.58886e-05,8.94017e-05,9.64677e-05,0.000113136,0.000121137,0.000122733,0.000113473,9.89127e-05,8.7176e-05,6.23569e-05
6.08862e-05,7.27519e-05,8.69911e-05,9.32728e-05,0.000110505,0.00011841,0.000118108,0.000110568,9.655e-05,8.49294e-05,6.08153e-05
5.90436e-05,7.17731e-05,8.1989e-05,9.10177e-05,0.000107943,0.000116301,0.000117335,0.000107019,9.52342e-05,8.23579e-05,5.77709e-05
5.68296e-05,7.05321e-05,8.08724e-05,8.84264e-05,0.000104416,0.000113229,0.000113225,0.00010533,9.1575e-05,8.01214e-05,5.70745e-05
5.58684e-05,6.76943e-05,7.8691e-05,8.64122e-05,0.00010228,0.00010996,0.000110027,0.000101978,8.95799e-05,7.86834e-05,5.57882e-05
5.42739e-05,6.6331e-05,7.57685e-05,8.47037e-05,9.93996e-05,0.000108235,0.000107858,9.96584e-05,8.6836e-05,7.57865e-05,5.40969e-05
5.1927e-05,6.41215e-05,7.41898e-05,8.20531e-05,9.55164e-05,0.000105345,0.000104406,9.79357e-05,8.37837e-05,7.44488e-05,5.29338e-05
5.09931e-05,6.17937e-05,7.2675e-05,8.1695e-05,9.4363e-05,0.000101428,0.000102137,9.49515e-05,8.33061e-05,7.30677e-05,5.13365e-05
4.85213e-05,5.98777e-05,6.86531e-05,7.86887e-05,9.20488e-05,9.95367e-05,9.99716e-05,9.22427e-05,8.04739e-05,7.09255e-05,5.00923e-05
4.71391e-05,5.79213e-05,6.72511e-05,7.61515e-05,8.98506e-05,9.674e-05,9.67376e-05,8.98859e-05,7.88052e-05,6.90882e-05,4.82752e-05
4.48344e-05,5.69652e-05,6.46583e-05,7.1763e-05,8.79459e-05,9.33122e-05,9.35925e-05,8.70398e-05,7.64684e-05,6.75555e-05,4.74811e-05
4.42902e-05,5.53476e-05,6.38137e-05,7.24018e-05,8.55386e-05,9.1462e-05,9.26131e-05,8.49116e-05,7.45971e-05,6.47053e-05,4.6412e-05
4.32885e-05,5.37468e-05,6.21121e-05,6.85686e-05,8.26323e-05,8.97074e-05,8.99639e-05,8.25682e-05,7.29e-05,6.30356e-05,4.47315e-05
4.24507e-05,5.12176e-05,5.9681e-05,6.72014e-05,7.99549e-05,8.72326e-05,8.85322e-05,7.99233e-05,7.10252e-05,6.12218e-05,4.37592e-05
4.14026e-05,5.16503e-05,5.94084e-05,6.53313e-05,7.86122e-05,8.55064e-05,8.48581e-05,7.73838e-05,7.01652e-05,5.9481e-05,4.22658e-05
3.98729e-05,4.87507e-05,5.7442e-05,6.44675e-05,7.62464e-05,8.23353e-05,8.46075e-05,7.64588e-05,6.74165e-05,5.89199e-05,4.15262e-05
3.82658e-05,4.75215e-05,5.51455e-05,6.2829e-05,7.44776e-05,8.06528e-05,8.17221e-05,7.43932e-05,6.56346e-05,5.72058e-05,3.9902e-05
3.68644e-05,4.57705e-05,5.41749e-05,6.1208e-05,7.21941e-05,7.81048e-05,7.89693e-05,7.21663e-05,6.44444e-05,5.57926e-05,3.93889e-05
3.57166e-05,4.38285e-05,5.24378e-05,5.95896e-05,7.02507e-05,7.63238e-05,7.7628e-05,7.08755e-05,6.23136e-05,5.47533e-05,3.84977e-05
3.49252e-05,4.34603e-05,5.07772e-05,5.74775e-05,6.85956e-05,7.46388e-05,7.54185e-05,6.89345e-05,6.05416e-05,5.26814e-05,3.7443e-05
3.50147e-05,4.21806e-05,4.96531e-05,5.59081e-05,6.70843e-05,7.30048e-05,7.32899e-05,6.69593e-05,5.87982e-05,5.10682e-05,3.68771e-05
3.29288e-05,4.11563e-05,4.78764e-05,5.46001e-05,6.53785e-05,7.09418e-05,7.15004e-05,6.48821e-05,5.7656e-05,4.97183e-05,3.52528e-05
3.19447e-05,4.01556e-05,4.63618e-05,5.3259e-05,6.30797e-05,6.95e-05,6.99665e-05,6.36378e-05,5.55233e-05,4.86732e-05,3.43826e-05
3.04864e-05,3.91426e-05,4.51638e-05,5.11567e-05,6.22544e-05,6.71518e-05,6.817e-05,6.18142e-05,5.5417e-05,4.76881e-05,3.37112e-05
3.03084e-05,3.72749e-05,4.34287e-05,5.05249e-05,6.00129e-05,6.54306e-05,6.61653e-05,5.99655e-05,5.35736e-05,4.67235e-05,3.22088e-05
2.931e-05,3.59077e-05,4.26628e-05,4.87583e-05,5.8801e-05,6.408e-05,6.46686e-05,5.85423e-05,5.2024e-05,4.51627e-05,3.16191e-05
2.83179e-05,3.50467e-05,4.10165e-05,4.76444e-05,5.67816e-05,6.19776e-05,6.31111e-05,5.6982e-05,5.04407e-05,4.38978e-05,3.10695e-05
2.80013e-05,3.44301e-05,4.08732e-05,4.64968e-05,5.59801e-05,6.10825e-05,6.14802e-05,5.5336e-05,4.96836e-05,4.27567e-05,2.98826e-05
2.66086e-05,3.30762e-05,3.92488e-05,4.50066e-05,5.43434e-05,5.92385e-05,6.00404e-05,5.44695e-05,4.8232e-05,4.17378e-05,2.9467e-05
2.64314e-05,3.28724e-05,3.87585e-05,4.43637e-05,5.28998e-05,5.78261e-05,5.75957e-05,5.32672e-05,4.69213e-05,4.06154e-05,2.88968e-05
2.54364e-05,3.13314e-05,3.68001e-05,4.29576e-05,5.12878e-05,5.6543e-05,5.68767e-05,5.13607e-05,4.58301e-05,3.95453e-05,2.79184e-05
2.45884e-05,3.10866e-05,3.61e-05,4.20254e-05,5.0418e-05,5.47155e-05,5.57431e-05,5.00225e-05,4.50262e-05,3.8579e-05,2.71935e-05
2.37011e-05,3.01455e-05,3.55561e-05,4.0655e-05,4.94166e-05,5.37646e-05,5.4151e-05,4.86945e-05,4.36028e-05,3.7229e-05,2.63433e-05
2.30265e-05,2.86314e-05,3.44161e-05,3.92344e-05,4.77071e-05,5.2297e-05,5.25902e-05,4.78694e-05,4.25228e-05,3.64924e-05,2.5748e-05
2.2563e-05,2.81862e-05,3.31626e-05,3.89057e-05,4.63939e-05,5.10765e-05,5.1684e-05,4.6523e-05,4.15398e-05,3.5273e-05,2.48638e-05
2.18692e-05,2.75416e-05,3.27376e-05,3.80224e-05,4.51252e-05,4.98276e-05,5.05052e-05,4.55264e-05,4.00912e-05,3.42772e-05,2.46044e-05
2.11271e-05,2.6883e-05,3.14933e-05,3.70599e-05,4.39114e-05,4.85645e-05,4.89954e-05,4.41435e-05,3.92344e-05,3.36045e-05,2.3758e-05
2.11164e-05,2.59809e-05,3.07799e-05,3.58034e-05,4.30165e-05,4.75183e-05,4.7357e-05,4.29945e-05,3.82654e-05,3.27178e-05,2.29067e-05
1.98226e-05,2.47773e-05,3.0077e-05,3.52063e-05,4.1687e-05,4.63162e-05,4.68645e-05,4.24526e-05,3.73615e-05,3.20514e-05,2.26153e-05
1.93238e-05,2.46156e-05,2.92266e-05,3.43445e-05,4.08254e-05,4.48813e-05,4.573e-05,4.10214e-05,3.66881e-05,3.12377e-05,2.19813e-05
1.92413e-05,2.39808e-05,2.83322e-05,3.33843e-05,3.97492e-05,4.39298e-05,4.43364e-05,3.978e-05,3.57461e-05,3.03626e-05,2.12408e-05
1.8718e-05,2.32902e-05,2.74753e-05,3.20872e-05,3.92994e-05,4.2612e-05,4.29006e-05,3.88462e-05,3.48812e-05,2.95316e-05,2.07628e-05
1.77501e-05,2.25037e-05,2.69038e-05,3.15118e-05,3.7782e-05,4.16658e-05,4.21577e-05,3.8177e-05,3.41666e-05,2.85773e-05,2.03871e-05
1.71353e-05,2.21194e-05,2.64769e-05,3.04577e-05,3.71003e-05,4.07224e-05,4.10936e-05,3.66369e-05,3.32028e-05,2.7607e-05,1.97113e-05
1.7138e-05,2.16177e-05,2.55623e-05,3.01308e-05,3.56533e-05,3.97091e-05,4.00071e-05,3.60072e-05,3.2453e-05,2.71939e-05,1.92421e-05
1.65243e-05,2.07907e-05,2.46192e-05,2.94105e-05,3.51353e-05,3.87351e-05,3.89095e-05,3.54876e-05,3.13944e-05,2.66558e-05,1.8879e-05
1.62095e-05,2.04004e-05,2.43376e-05,2.86462e-05,3.41295e-05,3.76381e-05,3.83154e-05,3.43129e-05,3.08491e-05,2.57919e-05,1.81504e-05
1.57886e-05,1.97088e-05,2.36936e-05,2.76626e-05,3.31605e-05,3.68447e-05,3.73585e-05,3.31491e-05,3.02594e-05,2.51954e-05,1.77933e-05
1.52688e-05,1.93667e-05,2.30793e-05,2.68997e-05,3.21563e-05,3.55845e-05,3.64835e-05,3.24373e-05,2.92242e-05,2.45939e-05,1.71199e-05
1.48274e-05,1.86467e-05,2.24072e-05,2.61371e-05,3.18358e-05,3.49833e-05,3.51599e-05,3.1763e-05,2.86049e-05,2.39533e-05,1.68438e-05
1.46149e-05,1.82907e-05,2.1897e-05,2.56286e-05,3.10817e-05,3.42449e-05,3.43297e-05,3.04737e-05,2.80908e-05,2.29744e-05,1.6329e-05
1.38161e-05,1.79147e-05,2.11367e-05,2.53243e-05,3.00817e-05,3.3373e-05,3.37711e-05,3.06489e-05,2.71809e-05,2.264e-05,1.60833e-05
1.38798e-05,1.76204e-05,2.06076e-05,2.45375e-05,2.93227e-05,3.28254e-05,3.26821e-05,2.97794e-05,2.65866e-05,2.20476e-05,1.56008e-05
1.36108e-05,1.67802e-05,2.01793e-05,2.39825e-05,2.87626e-05,3.19474e-05,3.20923e-05,2.87219e-05,2.59693e-05,2.13842e-05,1.52679e-05
1.30931e-05,1.65236e-05,1.95251e-05,2.35657e-05,2.78354e-05,3.11342e-05,3.11519e-05,2.80476e-05,2.56244e-05,2.093e-05,1.48504e-05
1.27189e-05,1.58712e-05,1.90787e-05,2.29942e-05,2.72591e-05,3.02635e-05,3.09775e-05,2.73414e-05,2.50203e-05,2.0485e-05,1.45869e-05
1.24118e-05,1.57895e-05,1.87788e-05,2.25448e-05,2.65537e-05,2.97222e-05,2.97648e-05,2.67053e-05,2.43576e-05,1.9691e-05,1.42314e-05
1.2515e-05,1.52211e-05,1.84068e-05,2.17033e-05,2.58387e-05,2.91395e-05,2.89744e-05,2.62086e-05,2.36005e-05,1.93716e-05,1.36954e-05
1.18754e-05,1.48873e-05,1.77852e-05,2.10968e-05,2.53695e-05,2.82685e-05,2.82369e-05,2.54741e-05,2.29563e-05,1.87892e-05,1.33806e-05
1.16859e-05,1.45869e-05,1.74606e-05,2.05892e-05,2.4682e-05,2.73957e-05,2.77987e-05,2.47958e-05,2.24825e-05,1.86776e-05,1.31563e-05
1.13083e-05,1.40284e-05,1.66253e-05,2.02075e-05,2.40748e-05,2.70433e-05,2.7345e-05,2.4412e-05,2.21568e-05,1.81584e-05,1.26865e-05
1.09065e-05,1.38142e-05,1.66219e-05,1.97363e-05,2.35196e-05,2.63676e-05,2.61598e-05,2.39604e-05,2.14336e-05,1.75012e-05,1.23206e-05
1.05288e-05,1.33566e-05,1.61924e-05,1.91775e-05,2.30833e-05,2.58173e-05,2.60554e-05,2.32944e-05,2.11244e-05,1.72059e-05,1.2048e-05
1.03014e-05,1.34595e-05,1.58735e-05,1.85694e-05,2.25159e-05,2.48605e-05,2.54574e-05,2.28642e-05,2.04713e-05,1.65938e-05,1.1761e-05
1.0241e-05,1.28717e-05,1.53816e-05,1.81136e-05,2.19266e-05,2.4301e-05,2.45284e-05,2.22145e-05,1.99579e-05,1.62366e-05,1.13546e-05
1.00172e-05,1.24009e-05,1.49697e-05,1.80378e-05,2.1826e-05,2.3839e-05,2.42255e-05,2.15427e-05,1.95095e-05,1.58773e-05,1.12219e-05
9.83782e-06,1.23003e-05,1.47103e-05,1.76051e-05,2.09285e-05,2.31355e-05,2.36175e-05,2.10639e-05,1.89653e-05,1.53072e-05,1.08907e-05
9.5858e-06,1.18288e-05,1.4348e-05,1.70798e-05,2.05458e-05,2.29102e-05,2.28502e-05,2.04924e-05,1.87695e-05,1.49916e-05,1.05537e-05
9.39104e-06,1.17701e-05,1.40627e-05,1.68643e-05,1.98221e-05,2.21195e-05,2.23944e-05,1.99405e-05,1.82881e-05,1.47266e-05,1.03728e-05
9.14227e-06,1.13798e-05,1.34992e-05,1.64041e-05,1.9601e-05,2.17429e-05,2.17881e-05,1.97053e-05,1.77866e-05,1.44578e-05,1.00382e-05
8.78189e-06,1.10335e-05,1.3425e-05,1.59483e-05,1.90454e-05,2.09579e-05,2.1298e-05,1.93696e-05,1.7224e-05,1.40969e-05,9.88212e-06
8.71483e-06,1.1063e-05,1.29484e-05,1.55182e-05,1.86058e-05,2.04686e-05,2.08295e-05,1.85508e-05,1.67837e-05,1.34828e-05,9.59604e-06
8.5407e-06,1.05548e-05,1.28752e-05,1.51324e-05,1.81976e-05,2.02599e-05,2.04542e-05,1.82283e-05,1.67017e-05,1.34142e-05,9.23068e-06
8.57506e-06,1.04049e-05,1.25185e-05,1.48404e-05,1.7619e-05,1.99228e-05,1.98316e-05,1.79787e-05,1.61572e-05,1.27805e-05,9.05473e-06
7.8259e-06,9.98462e-06,1.24199e-05,1.45362e-05,1.74999e-05,1.91592e-05,1.94332e-05,1.7356e-05,1.57913e-05,1.28319e-05,8.86864e-06
7.86938e-06,9.74103e-06,1.19108e-05,1.43025e-05,1.68039e-05,1.89959e-05,1.89619e-05,1.69936e-05,1.54593e-05,1.25142e-05,8.62341e-06
7.70882e-06,9.75935e-06,1.15493e-05,1.42454e-05,1.65208e-05,1.84068e-05,1.8602e-05,1.67807e-05,1.50527e-05,1.21381e-05,8.4439e-06
7.62345e-06,9.52247e-06,1.14538e-05,1.36696e-05,1.63225e-05,1.81075e-05,1.78647e-05,1.61088e-05,1.48808e-05,1.16214e-05,8.19655e-06
7.5139e-06,9.12529e-06,1.11101e-05,1.34895e-05,1.56763e-05,1.75743e-05,1.75393e-05,1.58606e-05,1.44016e-05,1.13042e-05,7.87898e-06
7.16874e-06,8.96793e-06,1.08239e-05,1.30513e-05,1.54876e-05,1.70441e-05,1.74896e-05,1.55462e-05,1.41559e-05,1.13291e-05,7.7863e-06
7.12961e-06,8.7341e-06,1.06448e-05,1.25647e-05,1.49498e-05,1.68021e-05,1.69233e-05,1.49181e-05,1.38204e-05,1.06747e-05,7.50768e-06
6.84959e-06,8.69835e-06,1.05344e-05,1.25217e-05,1.47804e-05,1.63649e-05,1.62955e-05,1.52058e-05,1.33827e-05,1.06939e-05,7.50004e-06
6.70098e-06,8.30079e-06,1.00742e-05,1.21953e-05,1.41954e-05,1.60871e-05,1.61474e-05,1.45468e-05,1.31424e-05,1.02386e-05,7.11466e-06
6.60333e-06,8.14554e-06,9.85391e-06,1.17974e-05,1.38459e-05,1.56476e-05,1.58232e-05,1.39612e-05,1.28605e-05,9.95693e-06,6.98219e-06
6.62569e-06,7.96919e-06,9.81565e-06,1.14889e-05,1.3721e-05,1.51533e-05,1.54289e-05,1.36663e-05,1.25565e-05,9.85266e-06,6.80824e-06
6.30467e-06,7.72346e-06,9.65049e-06,1.12601e-05,1.31068e-05,1.4929e-05,1.50773e-05,1.35455e-05,1.20805e-05,9.79758e-06,6.6678e-06
6.16032e-06,7.70592e-06,9.43851e-06,1.11633e-05,1.29215e-05,1.42182e-05,1.48864e-05,1.32207e-05,1.18948e-05,9.36666e-06,6.50666e-06
6.04281e-06,7.39976e-06,9.09463e-06,1.06674e-05,1.25957e-05,1.43284e-05,1.43438e-05,1.27959e-05,1.16493e-05,9.00611e-06,6.26621e-06
5.85854e-06,7.18187e-06,8.79526e-06,1.05077e-05,1.2232e-05,1.4009e-05,1.38351e-05,1.26567e-05,1.14574e-05,9.00348e-06,6.14358e-06
5.64688e-06,7.11169e-06,8.67419e-06,1.03188e-05,1.20522e-05,1.34881e-05,1.38294e-05,1.22518e-05,1.11101e-05,8.76009e-06,6.01986e-06
5.8363e-06,7.07735e-06,8.6681e-06,9.82028e-06,1.16382e-05,1.30994e-05,1.34847e-05,1.21549e-05,1.05923e-05,8.40397e-06,5.8584e-06
5.5713e-06,6.81192e-06,8.30094e-06,9.77858e-06,1.15646e-05,1.29071e-05,1.30861e-05,1.18568e-05,1.05155e-05,8.30211e-06,5.67575e-06
5.37894e-06,6.64843e-06,8.14291e-06,9.69876e-06,1.12291e-05,1.27174e-05,1.27676e-05,1.13853e-05,1.03795e-05,8.06527e-06,5.65807e-06
5.24853e-06,6.39264e-06,7.93709e-06,9.51616e-06,1.09571e-05,1.24119e-05,1.23376e-05,1.13215e-05,1.01134e-05,7.94749e-06,5.36676e-06
5.11653e-06,6.15518e-06,7.7053e-06,9.23799e-06,1.08065e-05,1.2165e-05,1.2169e-05,1.11649e-05,9.80107e-06,7.63419e-06,5.14878e-06
4.90947e-06,6.33281e-06,7.58174e-06,8.89833e-06,1.03358e-05,1.19111e-05,1.19643e-05,1.08557e-05,9.53374e-06,7.34962e-06,5.15451e-06
4.95185e-06,6.01469e-06,7.35927e-06,8.83038e-06,1.03191e-05,1.17429e-05,1.15935e-05,1.04882e-05,9.46206e-06,7.28163e-06,4.97596e-06
4.82765e-06,5.8517e-06,7.28927e-06,8.43939e-06,1.01197e-05,1.13151e-05,1.12979e-05,1.00313e-05,9.16937e-06,7.1396e-06,4.84268e-06
4.95969e-06,5.741e-06,7.27202e-06,8.51017e-06,9.74141e-06,1.11003e-05,1.11195e-05,1.00405e-05,9.02518e-06,6.96532e-06,4.6477e-06
4.63886e-06,5.61461e-06,7.02675e-06,8.11539e-06,9.51422e-06,1.08923e-05,1.08573e-05,9.82926e-06,8.86473e-06,6.77555e-06,4.57683e-06
4.62952e-06,5.57493e-06,6.8586e-06,7.85896e-06,9.35877e-06,1.0527e-05,1.07598e-05,9.68152e-06,8.49824e-06,6.57831e-06,4.46783e-06
4.49682e-06,5.35367e-06,6.63689e-06,7.96501e-06,9.12769e-06,1.02373e-05,1.02976e-05,9.48192e-06,8.27213e-06,6.39089e-06,4.38039e-06
4.38942e-06,5.14482e-06,6.59218e-06,7.69437e-06,8.89414e-06,1.02364e-05,1.00688e-05,9.16847e-06,8.12561e-06,6.08179e-06,4.14692e-06
4.3055e-06,5.25573e-06,6.4026e-06,7.57907e-06,8.76948e-06,9.84236e-06,1.01385e-05,9.10475e-06,7.9773e-06,6.21471e-06,4.18533e-06
4.15269e-06,5.13379e-06,6.21671e-06,7.14684e-06,8.43571e-06,9.64394e-06,9.69719e-06,8.6571e-06,7.82144e-06,6.00962e-06,4.05112e-06
4.12911e-06,4.88996e-06,6.20276e-06,7.18359e-06,8.20356e-06,9.51624e-06,9.64368e-06,8.67266e-06,7.4442e-06,5.84427e-06,4.01737e-06
3.96104e-06,4.83043e-06,6.08338e-06,7.05626e-06,8.14192e-06,9.15818e-06,9.29342e-06,8.49267e-06,7.32543e-06,5.62775e-06,3.86904e-06
4.05679e-06,4.62747e-06,5.8371e-06,6.81239e-06,8.02117e-06,9.18114e-06,8.88484e-06,8.16429e-06,7.34753e-06,5.39802e-06,3.70506e-06
3.97817e-06,4.42615e-06,5.75254e-06,6.68232e-06,7.70748e-06,8.79029e-06,8.874e-06,8.11709e-06,7.19458e-06,5.44185e-06,3.60065e-06
3.83841e-06,4.37629e-06,5.60254e-06,6.50408e-06,7.40809e-06,8.58116e-06,8.52308e-06,7.80807e-06,6.81064e-06,5.19964e-06,3.47401e-06
3.71443e-06,4.46348e-06,5.51646e-06,6.30872e-06,7.13655e-06,8.6151e-06,8.30156e-06,7.68005e-06,6.73077e-06,4.99684e-06,3.39024e-06
3.69923e-06,4.23868e-06,5.34467e-06,6.33149e-06,7.16817e-06,8.3191e-06,8.29208e-06,7.53226e-06,6.55819e-06,5.11618e-06,3.35372e-06
3.64597e-06,4.15505e-06,5.20086e-06,6.05907e-06,6.95279e-06,8.11805e-06,8.02117e-06,7.28759e-06,6.5118e-06,4.85483e-06,3.24603e-06
3.46458e-06,4.13546e-06,5.11551e-06,5.97929e-06,7.0386e-06,7.81673e-06,7.92964e-06,7.19195e-06,6.27515e-06,4.91201e-06,3.26034e-06
3.43259e-06,3.95246e-06,5.04515e-06,5.66807e-06,6.5637e-06,7.74332e-06,7.63421e-06,7.00271e-06,6.13654e-06,4.61823e-06,3.10232e-06
3.39344e-06,3.97001e-06,4.79325e-06,5.67343e-06,6.50022e-06,7.69906e-06,7.31421e-06,6.93238e-06,5.86432e-06,4.49363e-06,3.01959e-06
3.31486e-06,3.7035e-06,4.8735e-06,5.57466e-06,6.3075e-06,7.44943e-06,7.20511e-06,6.69943e-06,5.76433e-06,4.38054e-06,2.87231e-06
3.26505e-06,3.77451e-06,4.71063e-06,5.32559e-06,6.34413e-06,7.23187e-06,7.1117e-06,6.45486e-06,5.77046e-06,4.15998e-06,2.75512e-06
3.19459e-06,3.64432e-06,4.60165e-06,5.45693e-06,6.15502e-06,7.11855e-06,7.06238e-06,6.45155e-06,5.6498e-06,4.24241e-06,2.70292e-06
3.00801e-06,3.57253e-06,4.40866e-06,5.22703e-06,5.88964e-06,6.95913e-06,6.89267e-06,6.21148e-06,5.35584e-06,3.98366e-06,2.64985e-06
2.95103e-06,3.54942e-06,4.32355e-06,5.16649e-06,5.81538e-06,6.81855e-06,6.63674e-06,6.1739e-06,5.29394e-06,3.87153e-06,2.55401e-06
2.94903e-06,3.40793e-06,4.22773e-06,5.07992e-06,5.67722e-06,6.66515e-06,6.55041e-06,5.97655e-06,5.12547e-06,3.94282e-06,2.5739e-06
3.06678e-06,3.31589e-06,4.14398e-06,4.84584e-06,5.57491e-06,6.47541e-06,6.40278e-06,5.79836e-06,4.98223e-06,3.66444e-06,2.46117e-06
2.82396e-06,3.28088e-06,4.09366e-06,4.838e-06,5.4458e-06,6.35833e-06,6.16739e-06,5.70977e-06,4.95931e-06,3.62217e-06,2.39727e-06
2.77775e-06,3.107e-06,3.93705e-06,4.69824e-06,5.24326e-06,6.14336e-06,6.03345e-06,5.52906e-06,4.77991e-06,3.6586e-06,2.34281e-06
2.69843e-06,3.04566e-06,3.95494e-06,4.57865e-06,5.16805e-06,6.01903e-06,5.91084e-06,5.46414e-06,4.69706e-06,3.5374e-06,2.22758e-06
2.69892e-06,3.02907e-06,3.88691e-06,4.48704e-06,5.07179e-06,5.8738e-06,5.84463e-06,5.34783e-06,4.52403e-06,3.38657e-06,2.22293e-06
2.58732e-06,2.98921e-06,3.79985e-06,4.51497e-06,4.96818e-06,5.93663e-06,5.63879e-06,5.23139e-06,4.45028e-06,3.27633e-06,2.1882e-06
2.43298e-06,2.90622e-06,3.73338e-06,4.3483e-06,4.84521e-06,5.76207e-06,5.54978e-06,5.15892e-06,4.43485e-06,3.20895e-06,2.05794e-06
2.52202e-06,2.8456e-06,3.55542e-06,4.23965e-06,4.71376e-06,5.54022e-06,5.4816e-06,5.07454e-06,4.19211e-06,3.04481e-06,2.04724e-06
2.3516e-06,2.82818e-06,3.56092e-06,3.97066e-06,4.68395e-06,5.30991e-06,5.24261e-06,4.94814e-06,4.05767e-06,3.06536e-06,1.93591e-06
2.40084e-06,2.75385e-06,3.45366e-06,4.01317e-06,4.59185e-06,5.20208e-06,5.21657e-06,4.66515e-06,4.02767e-06,2.91376e-06,1.90407e-06
2.3695e-06,2.69653e-06,3.30433e-06,4.01779e-06,4.466e-06,5.23377e-06,5.0049e-06,4.73124e-06,3.84149e-06,2.93455e-06,1.79037e-06
2.26768e-06,2.60635e-06,3.27252e-06,3.81461e-06,4.20082e-06,5.08433e-06,4.84285e-06,4.50038e-06,3.75559e-06,2.77459e-06,1.79271e-06
2.26597e-06,2.59405e-06,3.21699e-06,3.73028e-06,4.2384e-06,4.9848e-06,4.84009e-06,4.46938e-06,3.6481e-06,2.75957e-06,1.75268e-06
2.20972e-06,2.4854e-06,3.14923e-06,3.75435e-06,4.03197e-06,4.86202e-06,4.7545e-06,4.30253e-06,3.52153e-06,2.63302e-06,1.74282e-06
2.22172e-06,2.39476e-06,3.10782e-06,3.5508e-06,4.07925e-06,4.78521e-06,4.62204e-06,4.34656e-06,3.5176e-06,2.5124e-06,1.7052e-06
2.23517e-06,2.40903e-06,3.0686e-06,3.56022e-06,3.8896e-06,4.70559e-06,4.49037e-06,4.19952e-06,3.54681e-06,2.50025e-06,1.56176e-06
