0.0480728,0.0484291,0.0464304,0.0460082,0.0447377,0.0430723,0.0405509,0.0377766,0.0359445,0.0327207,0.0302583
0.0449507,0.0448127,0.0435164,0.0427493,0.0415921,0.0400207,0.037512,0.0355037,0.0330238,0.0304396,0.0279073
0.0420312,0.0419544,0.0405464,0.0402429,0.0389996,0.0373485,0.0352731,0.0326528,0.03101,0.0279919,0.0257248
0.0392414,0.0391565,0.0379341,0.0375681,0.0362955,0.0348242,0.0325747,0.0305911,0.0286405,0.0260317,0.0237871
0.0368192,0.0367351,0.0356434,0.0351901,0.0340002,0.032616,0.0304736,0.0286383,0.0266903,0.0242219,0.0220654
0.0346093,0.0344894,0.0335716,0.0330631,0.0319176,0.0305286,0.0285998,0.0270065,0.0249186,0.0226147,0.0205655
0.0326501,0.032515,0.0315847,0.0311596,0.0300405,0.0287746,0.0268526,0.0251901,0.0233524,0.0211277,0.0191601
0.0308628,0.0306417,0.0298918,0.0294781,0.0283542,0.0270747,0.0253181,0.0237424,0.0218677,0.0197262,0.0178836
0.029156,0.028962,0.0281749,0.0277591,0.0266912,0.0255229,0.0238377,0.0222626,0.0205819,0.0185661,0.0167508
0.0276584,0.0273558,0.0266304,0.0263021,0.025104,0.0241689,0.022305,0.0209889,0.0193527,0.0174053,0.0157673
0.0260207,0.0258181,0.0253007,0.0248791,0.0239399,0.0227934,0.0213438,0.0196369,0.0182473,0.0164921,0.0147513
0.0250008,0.0247051,0.0240025,0.0236275,0.0225772,0.0216561,0.0200691,0.0188658,0.0173756,0.015618,0.0140336
0.0236793,0.0233001,0.0227852,0.0223488,0.0213674,0.0204744,0.0190888,0.0176986,0.016294,0.0145457,0.0129698
0.0224036,0.0221584,0.0216576,0.0212238,0.020373,0.0193734,0.0181455,0.0167447,0.015405,0.0138202,0.0123618
0.0213506,0.021052,0.0205733,0.0202564,0.0193109,0.0184407,0.0171734,0.0158702,0.0145498,0.0130321,0.0115765
0.020255,0.0200742,0.0196309,0.0191568,0.0183494,0.0175106,0.0164053,0.0150372,0.0138442,0.0123132,0.0109623
0.0195447,0.0192292,0.0186038,0.0185633,0.0176037,0.0167406,0.015684,0.0142817,0.0131631,0.0117063,0.010363
0.0185459,0.0182875,0.0178368,0.0174177,0.0167145,0.0158588,0.014827,0.0136312,0.0124826,0.011089,0.0098974
0.0177011,0.0173831,0.0170764,0.0166766,0.0158035,0.0150966,0.0141559,0.0129556,0.0118557,0.0105106,0.00923518
0.0167646,0.0166636,0.0163464,0.0157635,0.0151205,0.014397,0.0134803,0.0124434,0.0112375,0.00999001,0.00883058
0.0161646,0.0159061,0.0156097,0.0152444,0.0144143,0.0137561,0.0128692,0.0117563,0.0107237,0.00947319,0.00830433
0.0154359,0.0152629,0.0150145,0.0144947,0.0139191,0.0130985,0.0122504,0.0112115,0.0102451,0.00902618,0.00799657
0.0147713,0.0146571,0.0143059,0.0140603,0.0132604,0.0126365,0.0117297,0.0106808,0.00978039,0.00858937,0.00751245
0.0142261,0.0140027,0.0137362,0.0133815,0.0128002,0.0120015,0.0111769,0.0102382,0.00935394,0.00820808,0.00723598
0.0135941,0.0134936,0.0130964,0.0128399,0.0121751,0.0115227,0.0107294,0.00978367,0.0089095,0.00780701,0.00678689
0.013044,0.0128895,0.0124907,0.012303,0.0116578,0.0109779,0.0101927,0.00937497,0.00848327,0.00748676,0.00650542
0.0125269,0.0123406,0.0120121,0.0117586,0.0111827,0.0105779,0.00979412,0.00893923,0.00815113,0.00713757,0.00620468
0.0119578,0.0118742,0.0114854,0.011281,0.010744,0.010078,0.00932658,0.00863692,0.00775482,0.00681669,0.00593099
0.0115193,0.0113455,0.0111104,0.0108436,0.0102598,0.00971239,0.00897884,0.00821371,0.00745418,0.0065195,0.00564637
0.0110704,0.0109407,0.0106372,0.0104202,0.00988193,0.00930049,0.00859676,0.00784559,0.00715798,0.00626297,0.00542088
0.0106438,0.0105152,0.0103016,0.00999907,0.00947501,0.0089939,0.00830384,0.00749548,0.00683677,0.00598364,0.00513147
0.0101822,0.0101036,0.00986687,0.00955616,0.00911735,0.00862117,0.00791853,0.00720111,0.00654598,0.00572761,0.00493308
0.00977806,0.00969651,0.00948472,0.00921866,0.00874364,0.00826645,0.00759935,0.00693292,0.00626408,0.0054747,0.004721
0.00942235,0.00930882,0.00914349,0.00884446,0.00840595,0.00791667,0.0072799,0.0066599,0.00602278,0.00527069,0.00451804
0.00902341,0.00902595,0.00877413,0.008509,0.00809147,0.00767477,0.00703791,0.00638525,0.00577357,0.0050468,0.00431458
0.00868253,0.00869976,0.00849955,0.00820815,0.00775516,0.00734785,0.00675975,0.00613804,0.00555175,0.00486681,0.00413848
0.00838231,0.00832643,0.00816829,0.00789919,0.00749989,0.00704797,0.00649814,0.00589099,0.00533394,0.00465108,0.00398148
0.00803878,0.00805605,0.00786551,0.00762387,0.00720041,0.00678191,0.00625122,0.00569265,0.00514021,0.00445985,0.00380324
0.00777518,0.00777654,0.00753293,0.00734172,0.00693529,0.00658937,0.00603519,0.00545257,0.00492225,0.00427109,0.00364469
0.00749376,0.00753663,0.00727755,0.00704229,0.00671465,0.00635812,0.0058051,0.00530421,0.00475322,0.00410954,0.00350909
0.00718095,0.00724817,0.00706574,0.00678116,0.00644097,0.00607528,0.0055888,0.00507418,0.00460236,0.00397099,0.00334723
0.00694477,0.00696051,0.00680417,0.00656818,0.00620357,0.00589084,0.00537892,0.00485458,0.00439996,0.0038113,0.0032145
0.00672149,0.00673485,0.00657797,0.00628642,0.00596574,0.0056588,0.00523614,0.00469112,0.00422965,0.00361774,0.00310971
0.0064559,0.00652758,0.0063515,0.00609585,0.00575229,0.00547409,0.00502485,0.00452289,0.00410147,0.00353237,0.00297587
0.00627002,0.00629739,0.00618744,0.00586665,0.00561583,0.00524144,0.00479728,0.00442439,0.00398451,0.00341647,0.00285998
0.00604194,0.00603061,0.00589965,0.00565719,0.0053768,0.00508172,0.00468281,0.00421339,0.00380033,0.00329858,0.00276872
0.00587975,0.00582448,0.00569994,0.00543128,0.00523023,0.00492276,0.0045241,0.00405051,0.00364976,0.0031568,0.00266793
0.0056491,0.00564846,0.00554128,0.00530883,0.00502812,0.0047395,0.00434483,0.00391936,0.00350446,0.00305601,0.00254023
0.00539994,0.00543302,0.00531812,0.00514387,0.00480379,0.00458789,0.00423005,0.00380015,0.00341175,0.00291396,0.0024751
0.00524695,0.00527271,0.005147,0.00498313,0.00464888,0.00445756,0.00408835,0.00365492,0.00329277,0.00285128,0.00236451
0.00505537,0.00511056,0.00496317,0.00474055,0.00449358,0.00427859,0.00396896,0.00353168,0.00319278,0.00271894,0.0022942
0.0049324,0.00484893,0.0047921,0.00463929,0.00433907,0.00417007,0.00377997,0.00338646,0.00305343,0.00266595,0.00222346
0.00478425,0.00474128,0.00462137,0.00447302,0.00420241,0.00403699,0.0037169,0.0032725,0.00293286,0.00253636,0.0021523
0.00460214,0.00459141,0.00450733,0.00434191,0.00410587,0.00388192,0.00355906,0.00318734,0.00283951,0.00245929,0.00204836
0.00441882,0.00446577,0.00437838,0.0041844,0.00396221,0.00375126,0.00343455,0.0030865,0.002756,0.00236721,0.00197625
0.00429837,0.00435431,0.004221,0.00402217,0.00385847,0.00364494,0.0033486,0.00298291,0.00267945,0.00229099,0.00190717
0.00415128,0.00417384,0.00409651,0.00392087,0.00371947,0.00350526,0.00322014,0.00288504,0.00258993,0.00222639,0.0018406
0.00402988,0.00402745,0.00395931,0.00379796,0.00361477,0.00340357,0.00312077,0.00280783,0.00248546,0.00214235,0.00178043
0.00389823,0.00391011,0.00383441,0.00367265,0.00347684,0.00328428,0.00301735,0.00269458,0.00240267,0.0020698,0.00171655
0.00378792,0.00377612,0.00369796,0.00355298,0.00337042,0.0031771,0.00291976,0.00260279,0.00232587,0.00200878,0.00166131
0.00367737,0.00368828,0.00361312,0.00344554,0.00326852,0.00309552,0.00281116,0.00252231,0.00226157,0.00195774,0.00159445
0.00355546,0.00353391,0.00349004,0.00334098,0.00316826,0.00297989,0.00273739,0.00245825,0.00216873,0.00187769,0.00153893
0.00343374,0.0034416,0.00337617,0.00323278,0.00306902,0.00288988,0.00264946,0.00236799,0.00210511,0.00181191,0.00149751
0.00334158,0.00334507,0.00326654,0.00312462,0.0029885,0.00279973,0.00256989,0.00229795,0.0020448,0.00175693,0.00144419
0.00322019,0.00324539,0.00316764,0.00303982,0.00287186,0.00270718,0.00248497,0.00221213,0.00197312,0.00168476,0.0014055
0.00313933,0.00314287,0.00307953,0.00293251,0.00279684,0.0026357,0.00241099,0.00214899,0.00191068,0.00163371,0.0013479
0.00305472,0.00300596,0.00297706,0.00286318,0.00272216,0.00253182,0.00233233,0.00209309,0.00183954,0.00158814,0.00131688
0.00295594,0.00294057,0.00287447,0.00276629,0.00262685,0.00247096,0.002266,0.00200997,0.00179706,0.00154074,0.00127235
0.00285993,0.00286457,0.00279294,0.00268226,0.00256564,0.00241608,0.0022031,0.00196057,0.00173774,0.00148572,0.00123341
0.0027556,0.00278637,0.00272542,0.00261065,0.00246716,0.00232578,0.0021255,0.00190189,0.0016812,0.00143536,0.00118737
0.00268544,0.00271072,0.00264922,0.00252087,0.00241158,0.00226441,0.00206625,0.00184738,0.00163088,0.00138833,0.00114828
0.00262296,0.0026199,0.00256639,0.00245773,0.00233768,0.0021756,0.00200289,0.00177637,0.0015759,0.00135353,0.00110163
0.00252832,0.00253482,0.00248726,0.00238424,0.00227461,0.00213564,0.00194517,0.0017303,0.00153186,0.00131265,0.00107528
0.00246611,0.00244555,0.00241439,0.00230027,0.00220687,0.00206755,0.00189203,0.00168541,0.00147332,0.00126828,0.0010392
0.00238889,0.00239629,0.00235174,0.00225237,0.00213574,0.00199968,0.00182478,0.00163244,0.00143607,0.00122127,0.00100913
0.00233225,0.00232363,0.00227235,0.00217828,0.00207709,0.00193291,0.00178421,0.00157092,0.00139826,0.00118962,0.000974101
0.00225216,0.00224728,0.00220482,0.0021125,0.00201144,0.00189361,0.00172382,0.00153078,0.00134479,0.00115201,0.00095002
0.00218952,0.00218208,0.00214032,0.00204844,0.00196866,0.00183408,0.00167091,0.0014867,0.00130838,0.0011165,0.000915227
0.00211681,0.00212571,0.00208619,0.00200321,0.00190823,0.00177794,0.00162018,0.00145859,0.00126763,0.00107823,0.000886017
0.00206882,0.00206313,0.00202369,0.00193943,0.00185135,0.00172608,0.00158282,0.00140691,0.00123131,0.00104931,0.000860736
0.00200985,0.00200958,0.00196927,0.00188204,0.00180299,0.00168372,0.00152804,0.00136271,0.00119448,0.00101589,0.000833055
0.0019584,0.0019544,0.0019038,0.00183462,0.00175332,0.00162756,0.00149223,0.0013221,0.00115842,0.000985321,0.000806457
0.00190986,0.00189684,0.0018441,0.00178513,0.00169048,0.00158279,0.00144505,0.00128676,0.00112255,0.000955707,0.000778102
0.00185082,0.00184077,0.00179067,0.00173709,0.00165405,0.00154134,0.00140285,0.00126218,0.00109835,0.000926526,0.000762159
0.00179722,0.00178495,0.00175287,0.00169061,0.00159703,0.00149909,0.00136019,0.00122079,0.00106101,0.000897905,0.000735585
0.00175108,0.00175375,0.00170367,0.00163619,0.00156301,0.001451,0.00132389,0.00118232,0.00102837,0.000870557,0.000711213
0.00170669,0.00168952,0.00165068,0.0015986,0.0015132,0.00141515,0.00128162,0.00115162,0.0010022,0.000850705,0.000694423
0.00165508,0.00164339,0.00160992,0.00154907,0.00147705,0.00137247,0.00125304,0.00111898,0.000973088,0.000818633,0.000669858
0.00161794,0.0016003,0.0015624,0.00150453,0.00144202,0.00133454,0.00121824,0.00107722,0.000939384,0.000798655,0.000645177
0.00157257,0.00156264,0.00153057,0.00146709,0.00140364,0.00129432,0.00119562,0.00105727,0.000920665,0.000765148,0.00063149
0.0015285,0.00151697,0.00147654,0.00143114,0.00135506,0.00126169,0.00113898,0.00102941,0.000892199,0.000749269,0.00060638
0.00148372,0.00147271,0.00143863,0.00138804,0.00132247,0.00122475,0.00111953,0.000998583,0.00086292,0.000729307,0.000592532
0.00144172,0.00144294,0.00140442,0.00135809,0.00128422,0.00119019,0.0010822,0.000972699,0.000840681,0.00070581,0.000572686
0.00140381,0.00139337,0.00135553,0.00131837,0.0012546,0.00115809,0.00105603,0.000945403,0.000815952,0.000684353,0.000555566
0.00136584,0.00135534,0.00132181,0.00128121,0.00122187,0.00113401,0.00102203,0.000920921,0.000786341,0.000670957,0.000542255
0.0013278,0.00131989,0.00129285,0.00123998,0.00119443,0.0011,0.00100456,0.000892093,0.000765704,0.00064923,0.000528047
0.00130038,0.00128808,0.0012604,0.00121263,0.00115403,0.00106937,0.000975017,0.000871299,0.000740991,0.000632914,0.000511349
0.00126355,0.00124977,0.00122337,0.00118456,0.00112896,0.00103702,0.000947834,0.000846466,0.000724973,0.000610966,0.000494599
0.00122731,0.00121732,0.00119432,0.0011521,0.0010978,0.00101213,0.00091661,0.000822965,0.000708806,0.000597279,0.000483139
0.00119709,0.00118495,0.00115575,0.00112345,0.00106952,0.000990058,0.000903226,0.000801686,0.000687337,0.000572662,0.000466214
0.00116238,0.00115857,0.0011278,0.00109037,0.00103869,0.000964416,0.000872816,0.00077747,0.000664366,0.000563576,0.000454186
0.00113659,0.00112499,0.00109776,0.00106127,0.00101312,0.000936712,0.000853401,0.000759319,0.000650129,0.000542563,0.000440602
0.00110709,0.00110305,0.00106865,0.00104178,0.000985261,0.000916546,0.00082718,0.000741538,0.000632993,0.000532583,0.000426574
0.00107657,0.00107349,0.00104448,0.00100016,0.000966424,0.000888688,0.00081093,0.000724743,0.000616043,0.000514189,0.000418628
0.0010455,0.00104328,0.00101976,0.000982237,0.000930695,0.000862516,0.000784878,0.00069974,0.00059367,0.00050124,0.000401768
0.00101794,0.00101496,0.000987283,0.000963563,0.000909859,0.000845246,0.000760769,0.00068053,0.00057866,0.0004909,0.000392817
0.00100232,0.000988748,0.000965924,0.000933983,0.000889986,0.000818832,0.000745389,0.000664471,0.000563571,0.000472729,0.000380464
0.00096877,0.000968366,0.000946021,0.000913322,0.000873147,0.000799503,0.000733255,0.000654175,0.000554609,0.00045983,0.000374811
0.000946711,0.000941652,0.000920069,0.00089323,0.000842182,0.00078724,0.000706708,0.000635187,0.00053739,0.000448932,0.000360812
0.000914444,0.00091678,0.000891172,0.000871733,0.000826078,0.000760974,0.000685452,0.000611481,0.000525738,0.000438467,0.000351428
0.000898261,0.00089676,0.000871144,0.000840601,0.000800599,0.000742318,0.00067372,0.000596968,0.000505319,0.000426123,0.00034213
0.000874737,0.000869438,0.000847009,0.000820252,0.000785593,0.00072401,0.0006502,0.000579887,0.000498604,0.000414126,0.000330575
0.000854664,0.000853182,0.000825624,0.000802748,0.000762916,0.000708805,0.000637797,0.00056829,0.000480207,0.000403656,0.000324093
0.000833545,0.000832268,0.000809751,0.000782838,0.000749186,0.000688309,0.000625088,0.000557919,0.000473214,0.000389476,0.000316673
0.000814865,0.000808838,0.000785052,0.00076397,0.000720057,0.000674225,0.00060327,0.000542196,0.000460822,0.000383283,0.000308032
0.000791656,0.000785377,0.000770972,0.00074429,0.000707867,0.000655058,0.000588262,0.000527484,0.000448635,0.000370447,0.000298291
0.000767062,0.000775717,0.000747758,0.000728694,0.0006861,0.000645898,0.000578095,0.000514826,0.000437166,0.000361626,0.000290532
0.000757683,0.000747439,0.00073237,0.000710324,0.000677521,0.000622989,0.000561038,0.000499634,0.000420646,0.000355718,0.000281858
0.00073365,0.000739073,0.000717475,0.000694022,0.000659763,0.000609646,0.000549163,0.000491324,0.000411283,0.000344784,0.000274991
0.000717707,0.000713196,0.00069362,0.000675412,0.000643555,0.000596629,0.000529252,0.000472346,0.000401254,0.000334326,0.00026835
0.000703682,0.000699284,0.00068075,0.000664793,0.000625545,0.000582408,0.000520849,0.000462367,0.000391187,0.000327981,0.000259839
0.000680546,0.000684737,0.000657024,0.000651852,0.000614625,0.000570793,0.000505093,0.000452912,0.000382221,0.0003195,0.000250553
0.000672358,0.000669869,0.000646329,0.00063107,0.000598825,0.000550173,0.000495127,0.000442957,0.000369671,0.000310605,0.000245506
0.00064917,0.000649753,0.000630116,0.000617221,0.000582695,0.000540792,0.000482058,0.000428771,0.000361308,0.000303255,0.000240167
0.000635041,0.000639032,0.000621702,0.000602291,0.000569895,0.000526454,0.000473992,0.000421116,0.000354079,0.000293326,0.000236031
0.000616493,0.000620307,0.000592935,0.000591091,0.0005561,0.00051741,0.00046238,0.00040938,0.000349126,0.000286446,0.000230186
0.000604822,0.000606887,0.000588212,0.00057385,0.000537691,0.000504956,0.00045062,0.00039928,0.000337524,0.000279577,0.000223149
0.000593886,0.00059162,0.000576219,0.000556127,0.000529469,0.000491318,0.000439248,0.000386903,0.000326642,0.000271649,0.000216352
0.000576889,0.000581145,0.000559372,0.000546127,0.000517841,0.000478865,0.000431639,0.000379002,0.000320379,0.000263511,0.000210663
0.000566866,0.000560407,0.000546489,0.00053606,0.000508667,0.000464143,0.000420328,0.000372184,0.000314144,0.00025926,0.000205297
0.000550148,0.000553274,0.000538209,0.000520755,0.00049403,0.000454828,0.000413506,0.000367553,0.000303649,0.000253585,0.000201059
0.000536902,0.000537808,0.000522557,0.00050831,0.000483508,0.000447119,0.00039986,0.000356192,0.000298151,0.000248171,0.000197186
0.000522794,0.000531047,0.00051498,0.000494858,0.000466486,0.000435989,0.000387658,0.000343911,0.000289633,0.000238987,0.000190275
0.000509865,0.000510944,0.00049869,0.000489536,0.000461539,0.000424233,0.000383364,0.000337202,0.000285772,0.000232963,0.000186071
0.000499494,0.000505006,0.000486973,0.000473632,0.000448576,0.000417455,0.000370769,0.000330516,0.000277884,0.000229021,0.000181987
0.000487744,0.000489748,0.000475412,0.000465146,0.000442953,0.000406232,0.000363657,0.00032213,0.00027204,0.000223635,0.000177405
0.000475488,0.000477784,0.000464948,0.000455967,0.000433542,0.00039639,0.000355534,0.000316763,0.000266655,0.000219089,0.000172205
0.000466504,0.000466599,0.00045598,0.000444759,0.000422592,0.000386439,0.000346784,0.000308383,0.000258892,0.00021253,0.000166424
0.000455821,0.000455874,0.000444535,0.000436226,0.000408296,0.000377893,0.000339894,0.000301483,0.000250194,0.000209381,0.000163382
0.000442713,0.000450025,0.000435104,0.000425388,0.000399091,0.000371703,0.000330033,0.000294003,0.000247308,0.000201898,0.000160661
0.000439197,0.000439656,0.000427473,0.000416092,0.000393066,0.000361278,0.000323136,0.000285995,0.000241664,0.000196736,0.000156315
0.000421788,0.000428566,0.000416474,0.000405011,0.000380978,0.000352414,0.000315342,0.000278345,0.000236167,0.00019206,0.000152228
0.000413722,0.000421917,0.000406255,0.000397938,0.000374636,0.000346291,0.000310621,0.000272343,0.000230643,0.000186869,0.000148543
0.000405985,0.000407431,0.000396518,0.000387729,0.000364481,0.000339096,0.000301177,0.000266086,0.000225054,0.000182806,0.000143852
0.000395051,0.000399176,0.000388763,0.000379684,0.000358404,0.000331052,0.000293188,0.000259945,0.000220778,0.000178516,0.000140528
0.000388169,0.00038907,0.000379509,0.000370005,0.00035009,0.000321252,0.000288729,0.000256859,0.000214658,0.000175485,0.000137663
0.000381721,0.000382187,0.000371247,0.000365996,0.00034353,0.000316713,0.000282673,0.00024942,0.000210545,0.000170621,0.000133341
0.000371136,0.000375232,0.000364293,0.000353901,0.000334348,0.000310986,0.000274761,0.0002448,0.000206337,0.00016555,0.000131771
0.000362488,0.000366573,0.000355471,0.000347568,0.000326665,0.000302522,0.00027189,0.000239336,0.000201385,0.000161688,0.000127706
0.000354335,0.000356624,0.000345925,0.000341369,0.000318892,0.000296034,0.000263355,0.000232505,0.000196238,0.000158399,0.000123798
0.0003446,0.000349906,0.000341768,0.000332931,0.000311966,0.000289249,0.000257327,0.00022745,0.000191495,0.000155915,0.000121845
0.00033752,0.000340398,0.00033255,0.000326883,0.000307082,0.000283097,0.00025105,0.000222795,0.000187907,0.000151384,0.000118472
0.000330578,0.000334646,0.000323318,0.000322815,0.000300246,0.000278585,0.000245301,0.000216522,0.00018283,0.000147956,0.000114923
0.000323155,0.00032798,0.00031901,0.000313903,0.000292352,0.000271258,0.000238667,0.000214381,0.000178712,0.00014529,0.000113299
0.000316615,0.000320952,0.000312263,0.000306874,0.000284887,0.00026416,0.000235715,0.000207198,0.000173977,0.000141404,0.000109922
0.000310973,0.0003142,0.000304915,0.000299164,0.000279301,0.000259333,0.000230218,0.00020296,0.000170695,0.000137286,0.000107992
0.000302504,0.000308317,0.00029993,0.000293115,0.000271761,0.000254078,0.000225194,0.000198756,0.000165836,0.000134946,0.000104672
0.000297708,0.00030062,0.000290268,0.000285652,0.000267803,0.000248342,0.000220767,0.000193995,0.000165381,0.000131283,0.000103503
0.000291495,0.00029411,0.000284365,0.000280501,0.000262024,0.000242167,0.000216562,0.000189838,0.000160441,0.000128386,0.000100416
0.000284317,0.000287591,0.000278873,0.00027523,0.000257177,0.000236791,0.000213653,0.000185596,0.000157771,0.00012406,9.79315e-05
0.00027683,0.000283138,0.000273307,0.000270345,0.000251351,0.000231487,0.000207942,0.000182361,0.00015276,0.000122985,9.58712e-05
0.000273193,0.000275687,0.000267833,0.000262596,0.000244603,0.000226781,0.000201714,0.000177778,0.000150241,0.000119546,9.3005e-05
0.000266344,0.000271302,0.000261753,0.00025702,0.000240932,0.000222126,0.000198752,0.000174917,0.000146654,0.000117027,9.15775e-05
0.000260575,0.000265126,0.000257504,0.000251121,0.000233926,0.000217822,0.00019312,0.000169792,0.000143091,0.000113249,8.90452e-05
0.000255911,0.000259276,0.000251634,0.000245611,0.000230582,0.000213463,0.000188632,0.000166093,0.000139785,0.000111223,8.68825e-05
0.000250435,0.000253034,0.000245519,0.000241663,0.000224989,0.000208717,0.000185342,0.000162513,0.00013729,0.000109009,8.50351e-05
0.000243197,0.000248555,0.000241753,0.000235946,0.000220456,0.000204291,0.000182398,0.000160404,0.00013423,0.00010596,8.26547e-05
0.000238968,0.000243547,0.000235003,0.000232223,0.000216235,0.000199926,0.000177319,0.000155695,0.000130772,0.000104568,8.09732e-05
0.000234813,0.000238018,0.000230453,0.000227524,0.000211205,0.000196666,0.000173518,0.000152241,0.000128709,0.000102673,7.90176e-05
0.000229683,0.000232786,0.000226747,0.000222848,0.00020503,0.00019108,0.000169431,0.000148956,0.000125069,0.000100363,7.74558e-05
0.00022542,0.000227804,0.000222035,0.000217298,0.00020223,0.000187658,0.000166355,0.000145607,0.000122125,9.73884e-05,7.60304e-05
0.000219883,0.000224664,0.000217013,0.000211737,0.000197808,0.00018401,0.000164148,0.00014385,0.000120719,9.43559e-05,7.41582e-05
0.000215378,0.000218347,0.000212295,0.000208781,0.000194097,0.000180114,0.000161211,0.000139946,0.000117978,9.2414e-05,7.22957e-05
0.000210965,0.000214187,0.00020803,0.000204692,0.000190379,0.000176211,0.000156388,0.000136774,0.000114672,9.10496e-05,7.07665e-05
0.000207051,0.000209881,0.000203848,0.00020022,0.000185662,0.000173008,0.000153045,0.000133723,0.000112259,8.86884e-05,6.87473e-05
0.000201979,0.00020502,0.000199747,0.00019722,0.000182925,0.000169477,0.000150638,0.000131904,0.000110198,8.66192e-05,6.74219e-05
0.000197602,0.000201382,0.000194653,0.000192988,0.000178107,0.000166061,0.000147625,0.000127768,0.000107804,8.47875e-05,6.58798e-05
0.0001942,0.00019644,0.00019136,0.0001887,0.000174472,0.000161902,0.00014443,0.000125534,0.000105617,8.33243e-05,6.44171e-05
0.000190535,0.000192191,0.00018664,0.000184673,0.000171302,0.000159046,0.000140853,0.000122867,0.000103498,8.13801e-05,6.26134e-05
0.00018674,0.000189814,0.000184809,0.000180139,0.000167001,0.000155871,0.000138466,0.000120456,0.000101001,7.88786e-05,6.13675e-05
0.000182554,0.000184962,0.000179471,0.000177356,0.000164168,0.0001528,0.000135434,0.000118377,9.9416e-05,7.7492e-05,5.97685e-05
0.000179188,0.00018073,0.000174747,0.000173174,0.000160186,0.000149889,0.00013267,0.000115176,9.7205e-05,7.54373e-05,5.83626e-05
0.000175024,0.000176814,0.000171882,0.000170263,0.000158447,0.000146736,0.000129603,0.000112661,9.46867e-05,7.45275e-05,5.73333e-05
0.000172272,0.00017397,0.000170049,0.000167704,0.000154993,0.000143812,0.000127305,0.000111135,9.28288e-05,7.28947e-05,5.57887e-05
0.000168002,0.000169817,0.000165662,0.000164198,0.000151431,0.000141922,0.00012465,0.000108447,9.12887e-05,7.08862e-05,5.44602e-05
0.000164919,0.000167088,0.000162078,0.00016066,0.00014784,0.000138239,0.000121518,0.000106508,8.86819e-05,7.03584e-05,5.34961e-05
0.00016041,0.00016412,0.000159796,0.000157803,0.000145334,0.000135051,0.000119939,0.000103831,8.66923e-05,6.80344e-05,5.21983e-05
0.000158664,0.000160441,0.000156587,0.000152715,0.000142032,0.000132614,0.00011676,0.000101954,8.53724e-05,6.61205e-05,5.07647e-05
0.000154759,0.000157865,0.000152705,0.000150708,0.00013929,0.00012992,0.000115894,9.9995e-05,8.34881e-05,6.54178e-05,5.01914e-05
0.000153755,0.000153773,0.00014955,0.000147687,0.000136397,0.000126598,0.000112196,9.72581e-05,8.17559e-05,6.35296e-05,4.89635e-05
0.000148686,0.000150095,0.000146391,0.000144867,0.000134129,0.000124671,0.000110786,9.63009e-05,7.99294e-05,6.21275e-05,4.75306e-05
0.000145796,0.00014713,0.000144511,0.00014233,0.000131319,0.00012228,0.000108564,9.38782e-05,7.8574e-05,6.05109e-05,4.65807e-05
0.000143664,0.000143882,0.000140956,0.000139175,0.000129402,0.000119586,0.000105858,9.18122e-05,7.64694e-05,5.97239e-05,4.55386e-05
0.000140769,0.000141752,0.000137878,0.000136723,0.00012672,0.000117995,0.000104464,8.99279e-05,7.48987e-05,5.83154e-05,4.46113e-05
0.000138059,0.000138813,0.000135764,0.000133553,0.000123796,0.000115766,0.000102392,8.84567e-05,7.30588e-05,5.76033e-05,4.35767e-05
0.000135131,0.000136278,0.000133664,0.000131136,0.000121252,0.000113475,0.000100181,8.65097e-05,7.20015e-05,5.5678e-05,4.22801e-05
0.000131569,0.000133651,0.000130148,0.000128435,0.000118914,0.000110299,9.839e-05,8.43497e-05,7.06739e-05,5.44056e-05,4.15573e-05
0.000129967,0.000129858,0.000127777,0.000126374,0.000117008,0.000108597,9.59194e-05,8.30971e-05,6.94977e-05,5.40799e-05,4.06336e-05
0.000126352,0.000128023,0.000124807,0.000123883,0.000114326,0.000106732,9.42389e-05,8.07205e-05,6.79261e-05,5.28565e-05,3.97171e-05
0.000124331,0.000124868,0.000122879,0.000120676,0.000112717,0.000104274,9.22245e-05,7.98441e-05,6.65869e-05,5.12839e-05,3.86733e-05
0.000121449,0.000123215,0.000120504,0.000118485,0.000109929,0.000102865,9.02614e-05,7.82003e-05,6.47325e-05,5.01156e-05,3.79965e-05
0.000118981,0.000120583,0.000117789,0.000116001,0.000108019,0.000100267,8.84681e-05,7.65131e-05,6.39048e-05,4.91827e-05,3.72955e-05
0.000118057,0.000118039,0.000115605,0.000114762,0.000105857,9.90731e-05,8.70776e-05,7.52286e-05,6.2218e-05,4.7859e-05,3.62125e-05
0.000115188,0.000116758,0.000113251,0.00011213,0.000103922,9.66021e-05,8.57016e-05,7.37502e-05,6.12701e-05,4.68731e-05,3.52774e-05
0.000112984,0.000113068,0.000111728,0.000109957,0.000101991,9.49026e-05,8.40346e-05,7.20997e-05,5.96927e-05,4.58291e-05,3.47722e-05
0.000110566,0.00011168,0.000109618,0.000108278,9.97446e-05,9.26596e-05,8.25245e-05,7.05558e-05,5.9e-05,4.49434e-05,3.40814e-05
0.000109427,0.000109557,0.00010705,0.000106433,9.86379e-05,9.16923e-05,8.12559e-05,6.97448e-05,5.75437e-05,4.41428e-05,3.30123e-05
0.000106655,0.000107648,0.000104626,0.000104096,9.60075e-05,8.98781e-05,7.92851e-05,6.80784e-05,5.66226e-05,4.33194e-05,3.24809e-05
0.000103529,0.000105034,0.000102568,0.000102073,9.43505e-05,8.75897e-05,7.70624e-05,6.65037e-05,5.53586e-05,4.25513e-05,3.19888e-05
0.000102938,0.000104063,0.000101695,0.000100162,9.23413e-05,8.60086e-05,7.58223e-05,6.493e-05,5.38513e-05,4.16072e-05,3.1263e-05
0.000101522,0.00010169,9.92344e-05,9.80589e-05,9.05177e-05,8.43806e-05,7.44026e-05,6.39678e-05,5.33671e-05,4.04316e-05,3.03401e-05
9.95189e-05,9.94517e-05,9.76079e-05,9.58298e-05,8.92477e-05,8.26313e-05,7.30795e-05,6.27755e-05,5.27165e-05,3.95744e-05,2.98878e-05
9.68465e-05,9.80563e-05,9.57105e-05,9.47127e-05,8.79956e-05,8.14505e-05,7.20036e-05,6.13611e-05,5.11145e-05,3.8951e-05,2.91732e-05
9.49365e-05,9.62298e-05,9.34414e-05,9.27379e-05,8.63125e-05,7.94894e-05,7.0419e-05,6.0476e-05,5.01003e-05,3.80367e-05,2.8469e-05
9.32699e-05,9.42281e-05,9.12768e-05,9.09445e-05,8.46105e-05,7.8388e-05,6.87903e-05,5.92907e-05,4.91582e-05,3.73932e-05,2.78437e-05
9.12421e-05,9.21427e-05,8.94784e-05,8.85718e-05,8.24485e-05,7.74996e-05,6.76627e-05,5.77606e-05,4.81278e-05,3.64594e-05,2.73403e-05
8.96716e-05,9.11888e-05,8.83997e-05,8.79957e-05,8.11384e-05,7.55656e-05,6.68897e-05,5.67378e-05,4.70725e-05,3.58095e-05,2.64933e-05
8.84395e-05,8.92228e-05,8.68248e-05,8.5641e-05,8.01076e-05,7.4103e-05,6.53343e-05,5.61338e-05,4.61711e-05,3.54732e-05,2.58548e-05
8.68029e-05,8.72197e-05,8.45359e-05,8.44741e-05,7.85288e-05,7.30656e-05,6.38453e-05,5.45545e-05,4.54134e-05,3.44783e-05,2.56027e-05
8.52005e-05,8.60471e-05,8.3306e-05,8.30159e-05,7.68447e-05,7.16434e-05,6.29229e-05,5.37188e-05,4.43893e-05,3.4046e-05,2.51001e-05
8.26725e-05,8.43789e-05,8.23386e-05,8.12661e-05,7.53275e-05,7.0011e-05,6.19242e-05,5.24023e-05,4.35045e-05,3.30028e-05,2.44309e-05
8.16051e-05,8.21635e-05,8.04088e-05,8.01603e-05,7.45896e-05,6.82636e-05,6.06947e-05,5.17429e-05,4.27187e-05,3.25267e-05,2.37906e-05
7.98636e-05,8.03728e-05,7.93584e-05,7.85033e-05,7.28873e-05,6.73439e-05,5.96374e-05,5.06189e-05,4.18753e-05,3.18771e-05,2.32764e-05
7.82438e-05,7.93031e-05,7.73081e-05,7.70168e-05,7.18893e-05,6.58618e-05,5.84145e-05,4.9931e-05,4.09453e-05,3.10388e-05,2.28656e-05
7.71849e-05,7.75628e-05,7.56149e-05,7.49586e-05,7.05047e-05,6.48734e-05,5.74186e-05,4.90572e-05,4.02978e-05,3.03455e-05,2.2179e-05
7.58344e-05,7.63004e-05,7.50017e-05,7.35918e-05,6.88869e-05,6.37229e-05,5.58923e-05,4.78578e-05,3.93473e-05,2.99893e-05,2.18891e-05
7.47636e-05,7.46652e-05,7.3702e-05,7.25637e-05,6.73445e-05,6.27345e-05,5.50968e-05,4.6912e-05,3.85687e-05,2.93154e-05,2.14342e-05
7.37584e-05,7.36572e-05,7.17643e-05,7.13236e-05,6.67952e-05,6.15577e-05,5.37958e-05,4.61825e-05,3.8049e-05,2.85517e-05,2.07083e-05
7.1289e-05,7.21113e-05,7.01415e-05,6.93378e-05,6.56268e-05,6.06493e-05,5.30025e-05,4.52443e-05,3.70751e-05,2.81578e-05,2.04759e-05
6.97569e-05,7.08875e-05,6.91381e-05,6.8647e-05,6.44129e-05,5.87449e-05,5.25053e-05,4.4481e-05,3.63717e-05,2.76731e-05,2.00237e-05
6.92165e-05,6.9128e-05,6.79418e-05,6.7291e-05,6.31807e-05,5.7873e-05,5.12806e-05,4.36349e-05,3.56506e-05,2.70197e-05,1.94076e-05
6.78158e-05,6.86543e-05,6.67051e-05,6.61936e-05,6.22082e-05,5.65757e-05,5.03153e-05,4.26716e-05,3.48629e-05,2.65952e-05,1.92721e-05
6.62061e-05,6.716e-05,6.57529e-05,6.42116e-05,6.12382e-05,5.58746e-05,4.93931e-05,4.2029e-05,3.437e-05,2.5966e-05,1.88189e-05
6.54351e-05,6.60608e-05,6.43971e-05,6.37887e-05,5.99484e-05,5.49303e-05,4.83418e-05,4.0903e-05,3.35453e-05,2.56258e-05,1.85303e-05
6.48273e-05,6.46066e-05,6.30993e-05,6.27725e-05,5.84838e-05,5.44327e-05,4.75629e-05,4.05028e-05,3.30339e-05,2.52932e-05,1.78735e-05
6.31968e-05,6.35605e-05,6.18268e-05,6.10738e-05,5.76696e-05,5.31238e-05,4.67129e-05,3.96996e-05,3.24575e-05,2.45989e-05,1.75672e-05
6.18221e-05,6.24321e-05,6.12507e-05,6.04349e-05,5.63391e-05,5.25373e-05,4.61665e-05,3.86733e-05,3.16564e-05,2.43027e-05,1.7385e-05
6.0869e-05,6.11829e-05,6.02533e-05,5.93631e-05,5.57976e-05,5.1018e-05,4.50604e-05,3.82227e-05,3.11758e-05,2.32706e-05,1.67755e-05
5.9809e-05,6.02683e-05,5.83615e-05,5.7806e-05,5.49604e-05,5.02943e-05,4.41625e-05,3.75903e-05,3.05967e-05,2.32999e-05,1.63902e-05
5.77274e-05,5.91053e-05,5.78124e-05,5.74781e-05,5.36885e-05,4.90636e-05,4.39728e-05,3.68099e-05,3.0076e-05,2.26195e-05,1.61511e-05
5.80167e-05,5.72784e-05,5.65912e-05,5.62703e-05,5.3078e-05,4.84286e-05,4.28932e-05,3.62177e-05,2.96808e-05,2.20711e-05,1.58636e-05
5.65754e-05,5.65938e-05,5.633e-05,5.4627e-05,5.25033e-05,4.74146e-05,4.16236e-05,3.53145e-05,2.88983e-05,2.14783e-05,1.54223e-05
5.57655e-05,5.55575e-05,5.45054e-05,5.41685e-05,5.09527e-05,4.67601e-05,4.12662e-05,3.49016e-05,2.81324e-05,2.12652e-05,1.50864e-05
5.51785e-05,5.53148e-05,5.36551e-05,5.35038e-05,5.00916e-05,4.60448e-05,4.04547e-05,3.40927e-05,2.75779e-05,2.07469e-05,1.48182e-05
5.34605e-05,5.3619e-05,5.25375e-05,5.25156e-05,4.95273e-05,4.51372e-05,3.98227e-05,3.33119e-05,2.70827e-05,2.05234e-05,1.45172e-05
5.2614e-05,5.28628e-05,5.2037e-05,5.18234e-05,4.83947e-05,4.40722e-05,3.91701e-05,3.28488e-05,2.67306e-05,1.99116e-05,1.41579e-05
5.12207e-05,5.22144e-05,5.12139e-05,5.04832e-05,4.74538e-05,4.34593e-05,3.84018e-05,3.1786e-05,2.64565e-05,1.97589e-05,1.40055e-05
5.14108e-05,5.1534e-05,5.03234e-05,4.9576e-05,4.67571e-05,4.27526e-05,3.76846e-05,3.15102e-05,2.57084e-05,1.94137e-05,1.3498e-05
4.9715e-05,5.03047e-05,4.89516e-05,4.79305e-05,4.61977e-05,4.2238e-05,3.67363e-05,3.11209e-05,2.54819e-05,1.90616e-05,1.31531e-05
4.8757e-05,4.985e-05,4.85624e-05,4.76734e-05,4.52843e-05,4.09032e-05,3.61206e-05,3.00836e-05,2.46792e-05,1.8564e-05,1.30397e-05
4.85374e-05,4.87221e-05,4.7586e-05,4.68998e-05,4.44513e-05,4.06118e-05,3.55328e-05,2.99968e-05,2.42712e-05,1.79821e-05,1.2791e-05
4.78326e-05,4.74761e-05,4.64909e-05,4.60698e-05,4.39964e-05,3.96774e-05,3.47512e-05,2.92601e-05,2.37298e-05,1.77636e-05,1.2522e-05
4.64388e-05,4.68322e-05,4.5768e-05,4.53386e-05,4.28851e-05,3.8981e-05,3.4469e-05,2.89453e-05,2.32337e-05,1.74929e-05,1.21719e-05
4.61782e-05,4.58424e-05,4.46375e-05,4.47952e-05,4.19613e-05,3.86742e-05,3.36856e-05,2.83431e-05,2.29883e-05,1.72166e-05,1.2044e-05
4.53672e-05,4.52296e-05,4.42534e-05,4.38236e-05,4.13375e-05,3.72497e-05,3.31019e-05,2.75433e-05,2.26921e-05,1.67717e-05,1.17584e-05
4.48226e-05,4.45911e-05,4.34785e-05,4.30073e-05,4.06336e-05,3.70056e-05,3.26349e-05,2.75806e-05,2.22474e-05,1.63831e-05,1.13442e-05
4.3681e-05,4.32777e-05,4.29848e-05,4.25787e-05,4.01524e-05,3.62459e-05,3.23712e-05,2.65954e-05,2.16729e-05,1.61308e-05,1.11741e-05
4.28573e-05,4.29843e-05,4.18576e-05,4.18294e-05,3.93151e-05,3.58484e-05,3.17912e-05,2.62458e-05,2.11826e-05,1.5909e-05,1.09716e-05
4.25255e-05,4.23632e-05,4.07758e-05,4.09117e-05,3.86221e-05,3.52302e-05,3.08257e-05,2.5772e-05,2.09277e-05,1.54878e-05,1.07151e-05
4.1201e-05,4.15559e-05,4.04292e-05,3.99346e-05,3.78005e-05,3.44328e-05,3.03633e-05,2.526e-05,2.05927e-05,1.50862e-05,1.05232e-05
4.08603e-05,4.07524e-05,3.95904e-05,3.95778e-05,3.74069e-05,3.45705e-05,3.00484e-05,2.50871e-05,2.03073e-05,1.49628e-05,1.02124e-05
4.00401e-05,4.0061e-05,3.86483e-05,3.91185e-05,3.66413e-05,3.35879e-05,2.96823e-05,2.44179e-05,1.95236e-05,1.46167e-05,1.0163e-05
3.91625e-05,3.96571e-05,3.8068e-05,3.84402e-05,3.59888e-05,3.28968e-05,2.9092e-05,2.4082e-05,1.94976e-05,1.44266e-05,9.78869e-06
3.86658e-05,3.88709e-05,3.77716e-05,3.7398e-05,3.55809e-05,3.23824e-05,2.79331e-05,2.35171e-05,1.90726e-05,1.40897e-05,9.75147e-06
3.80149e-05,3.77255e-05,3.72858e-05,3.67916e-05,3.48448e-05,3.14661e-05,2.79057e-05,2.31744e-05,1.88368e-05,1.38326e-05,9.41152e-06
3.64589e-05,3.72533e-05,3.66516e-05,3.61783e-05,3.41206e-05,3.10959e-05,2.72894e-05,2.27646e-05,1.81927e-05,1.36319e-05,9.24454e-06
3.66222e-05,3.66864e-05,3.56502e-05,3.54846e-05,3.37003e-05,3.05128e-05,2.67791e-05,2.2229e-05,1.79582e-05,1.34068e-05,9.08432e-06
3.62041e-05,3.60617e-05,3.48115e-05,3.5213e-05,3.2833e-05,2.99762e-05,2.62152e-05,2.17629e-05,1.76917e-05,1.31041e-05,8.92149e-06
3.56628e-05,3.54948e-05,3.45229e-05,3.45247e-05,3.24705e-05,2.95382e-05,2.57657e-05,2.14435e-05,1.72569e-05,1.28565e-05,8.66765e-06
3.4747e-05,3.49529e-05,3.38688e-05,3.37985e-05,3.18911e-05,2.88776e-05,2.5505e-05,2.11849e-05,1.69588e-05,1.25633e-05,8.57359e-06
3.43958e-05,3.45822e-05,3.33357e-05,3.35949e-05,3.12136e-05,2.87212e-05,2.51857e-05,2.07948e-05,1.65492e-05,1.24148e-05,8.36413e-06
3.35719e-05,3.37296e-05,3.28191e-05,3.25568e-05,3.09173e-05,2.80079e-05,2.44945e-05,2.02012e-05,1.63561e-05,1.19547e-05,8.24148e-06
3.3134e-05,3.31959e-05,3.20764e-05,3.2051e-05,3.04586e-05,2.74913e-05,2.41732e-05,1.99627e-05,1.61372e-05,1.19149e-05,8.06323e-06
3.23718e-05,3.23133e-05,3.18158e-05,3.15628e-05,2.99439e-05,2.70613e-05,2.36915e-05,1.96835e-05,1.56833e-05,1.17356e-05,7.84638e-06
3.17908e-05,3.167e-05,3.11895e-05,3.06607e-05,2.96627e-05,2.65219e-05,2.32581e-05,1.92168e-05,1.54781e-05,1.15538e-05,7.60773e-06
3.14165e-05,3.14264e-05,3.07482e-05,3.07077e-05,2.88205e-05,2.5963e-05,2.31802e-05,1.89735e-05,1.50641e-05,1.12335e-05,7.59172e-06
3.08314e-05,3.09247e-05,2.98656e-05,3.02462e-05,2.83762e-05,2.57032e-05,2.25719e-05,1.83886e-05,1.48197e-05,1.11214e-05,7.39133e-06
3.06432e-05,3.05402e-05,2.96532e-05,2.95194e-05,2.80226e-05,2.57226e-05,2.20784e-05,1.83855e-05,1.4758e-05,1.08086e-05,7.11612e-06
2.98374e-05,3.02221e-05,2.91138e-05,2.8612e-05,2.74368e-05,2.48995e-05,2.1805e-05,1.78546e-05,1.42729e-05,1.05646e-05,7.00696e-06
2.93495e-05,2.95877e-05,2.86646e-05,2.84253e-05,2.72432e-05,2.46108e-05,2.14094e-05,1.76007e-05,1.4174e-05,1.04395e-05,6.84662e-06
2.88508e-05,2.90828e-05,2.8142e-05,2.8323e-05,2.65809e-05,2.41223e-05,2.12047e-05,1.71331e-05,1.38555e-05,1.01442e-05,6.82034e-06
2.85275e-05,2.85435e-05,2.77208e-05,2.74624e-05,2.6414e-05,2.37718e-05,2.07447e-05,1.68538e-05,1.35384e-05,9.95853e-06,6.64885e-06
2.77096e-05,2.8083e-05,2.70065e-05,2.72648e-05,2.57662e-05,2.31495e-05,2.03279e-05,1.66315e-05,1.33052e-05,9.90293e-06,6.54148e-06
2.75095e-05,2.7581e-05,2.69374e-05,2.67236e-05,2.52433e-05,2.2706e-05,1.99899e-05,1.64298e-05,1.31799e-05,9.59991e-06,6.37004e-06
