8.07046e-06,8.05125e-06,8.14304e-06,8.16977e-06,8.23869e-06,8.28692e-06,8.35571e-06,8.40519e-06,8.48005e-06,8.52146e-06,8.51245e-06,8.51307e-06,8.49529e-06,8.45029e-06,8.43884e-06,8.37028e-06,8.30655e-06,8.22018e-06,8.19882e-06,8.12954e-06,8.05528e-06,8.11869e-06
7.46009e-06,7.45345e-06,7.51578e-06,7.58168e-06,7.63343e-06,7.68176e-06,7.75445e-06,7.79018e-06,7.86685e-06,7.90066e-06,7.9047e-06,7.8812e-06,7.86951e-06,7.82692e-06,7.82602e-06,7.75329e-06,7.71578e-06,7.62111e-06,7.56651e-06,7.50744e-06,7.45276e-06,7.48864e-06
6.90154e-06,6.90625e-06,6.96794e-06,7.02741e-06,7.09178e-06,7.13338e-06,7.20505e-06,7.24714e-06,7.31775e-06,7.36238e-06,7.35277e-06,7.3579e-06,7.35419e-06,7.31286e-06,7.27716e-06,7.2248e-06,7.16594e-06,7.07731e-06,7.06639e-06,6.98899e-06,6.90759e-06,6.90845e-06
6.38513e-06,6.40725e-06,6.46553e-06,6.5307e-06,6.58636e-06,6.63731e-06,6.70908e-06,6.75363e-06,6.80541e-06,6.84967e-06,6.8549e-06,6.84827e-06,6.83541e-06,6.79451e-06,6.76333e-06,6.71175e-06,6.66419e-06,6.57652e-06,6.54093e-06,6.49001e-06,6.40867e-06,6.39649e-06
5.97009e-06,5.99841e-06,6.05225e-06,6.11568e-06,6.17627e-06,6.22609e-06,6.29426e-06,6.3434e-06,6.38688e-06,6.4323e-06,6.43767e-06,6.43431e-06,6.41997e-06,6.37926e-06,6.34676e-06,6.29919e-06,6.25281e-06,6.16851e-06,6.12521e-06,6.08304e-06,6.00063e-06,5.97536e-06
5.61492e-06,5.64949e-06,5.70374e-06,5.75855e-06,5.82634e-06,5.87677e-06,5.94076e-06,5.99424e-06,6.02136e-06,6.07818e-06,6.07402e-06,6.07772e-06,6.06966e-06,6.01352e-06,5.9937e-06,5.94867e-06,5.91514e-06,5.82287e-06,5.77343e-06,5.75362e-06,5.65139e-06,5.61789e-06
5.28431e-06,5.31496e-06,5.36474e-06,5.42166e-06,5.48981e-06,5.53754e-06,5.5983e-06,5.65535e-06,5.68461e-06,5.73088e-06,5.73528e-06,5.73687e-06,5.71862e-06,5.67903e-06,5.65239e-06,5.60905e-06,5.5615e-06,5.48834e-06,5.43121e-06,5.39439e-06,5.31736e-06,5.28015e-06
4.99735e-06,5.0266e-06,5.07568e-06,5.1306e-06,5.19891e-06,5.24654e-06,5.30358e-06,5.36315e-06,5.38751e-06,5.43267e-06,5.43725e-06,5.43935e-06,5.41942e-06,5.38152e-06,5.35997e-06,5.31645e-06,5.26849e-06,5.20182e-06,5.14122e-06,5.09945e-06,5.02834e-06,4.98797e-06
4.73758e-06,4.76653e-06,4.81543e-06,4.86847e-06,4.93446e-06,4.98343e-06,5.03694e-06,5.09739e-06,5.11821e-06,5.16175e-06,5.16719e-06,5.16856e-06,5.14717e-06,5.11194e-06,5.09477e-06,5.05053e-06,5.00241e-06,4.9421e-06,4.8813e-06,4.8317e-06,4.76679e-06,4.72502e-06
4.50462e-06,4.53063e-06,4.58475e-06,4.63256e-06,4.69931e-06,4.74656e-06,4.79763e-06,4.85926e-06,4.87626e-06,4.91857e-06,4.92655e-06,4.92456e-06,4.90297e-06,4.86935e-06,4.85258e-06,4.81184e-06,4.76155e-06,4.70723e-06,4.64837e-06,4.59065e-06,4.53149e-06,4.4926e-06
4.28719e-06,4.31587e-06,4.36666e-06,4.41657e-06,4.4762e-06,4.52762e-06,4.57602e-06,4.63446e-06,4.65168e-06,4.69147e-06,4.69795e-06,4.69527e-06,4.67462e-06,4.64518e-06,4.63331e-06,4.58691e-06,4.54135e-06,4.48977e-06,4.43436e-06,4.3695e-06,4.31404e-06,4.27296e-06
4.09082e-06,4.12459e-06,4.17486e-06,4.22036e-06,4.27506e-06,4.32977e-06,4.3771e-06,4.43235e-06,4.44924e-06,4.48805e-06,4.49395e-06,4.49063e-06,4.47013e-06,4.44162e-06,4.43076e-06,4.38574e-06,4.34226e-06,4.29153e-06,4.24706e-06,4.17044e-06,4.11699e-06,4.08026e-06
3.90278e-06,3.93606e-06,3.98821e-06,4.03496e-06,4.0901e-06,4.14134e-06,4.18663e-06,4.23998e-06,4.25766e-06,4.29269e-06,4.30075e-06,4.29495e-06,4.27798e-06,4.2521e-06,4.2392e-06,4.19375e-06,4.1506e-06,4.10643e-06,4.05463e-06,3.98394e-06,3.93185e-06,3.8987e-06
3.73411e-06,3.76839e-06,3.82138e-06,3.86673e-06,3.91985e-06,3.96966e-06,4.01541e-06,4.06528e-06,4.08337e-06,4.11691e-06,4.1251e-06,4.11876e-06,4.10226e-06,4.07906e-06,4.06529e-06,4.01924e-06,3.9779e-06,3.93225e-06,3.88668e-06,3.81737e-06,3.7675e-06,3.73026e-06
3.57671e-06,3.61113e-06,3.6634e-06,3.70749e-06,3.75976e-06,3.80796e-06,3.85391e-06,3.90064e-06,3.91962e-06,3.95168e-06,3.9592e-06,3.95302e-06,3.93963e-06,3.91621e-06,3.89939e-06,3.85641e-06,3.81509e-06,3.77255e-06,3.72662e-06,3.66082e-06,3.60927e-06,3.57877e-06
3.43514e-06,3.46906e-06,3.52124e-06,3.56409e-06,3.61614e-06,3.66115e-06,3.70845e-06,3.75368e-06,3.7712e-06,3.80413e-06,3.80789e-06,3.80107e-06,3.78752e-06,3.76892e-06,3.74812e-06,3.70869e-06,3.6683e-06,3.62645e-06,3.58236e-06,3.51832e-06,3.46742e-06,3.4403e-06
3.30442e-06,3.33491e-06,3.38592e-06,3.42772e-06,3.47672e-06,3.52347e-06,3.57122e-06,3.61219e-06,3.63034e-06,3.66178e-06,3.67075e-06,3.66408e-06,3.65356e-06,3.62951e-06,3.6078e-06,3.56775e-06,3.52803e-06,3.48668e-06,3.44845e-06,3.38767e-06,3.33677e-06,3.31401e-06
3.17138e-06,3.20971e-06,3.25821e-06,3.29812e-06,3.34762e-06,3.38833e-06,3.43663e-06,3.47514e-06,3.49643e-06,3.52389e-06,3.52968e-06,3.52646e-06,3.51262e-06,3.49575e-06,3.47128e-06,3.43655e-06,3.39489e-06,3.35585e-06,3.311e-06,3.25842e-06,3.20935e-06,3.18347e-06
3.05665e-06,3.09492e-06,3.14147e-06,3.18046e-06,3.22916e-06,3.26968e-06,3.31541e-06,3.35173e-06,3.37317e-06,3.39944e-06,3.40544e-06,3.40224e-06,3.39892e-06,3.37314e-06,3.34912e-06,3.3153e-06,3.27325e-06,3.23632e-06,3.19211e-06,3.14251e-06,3.09876e-06,3.07072e-06
2.94747e-06,2.98997e-06,3.0305e-06,3.07141e-06,3.11936e-06,3.15659e-06,3.20166e-06,3.23774e-06,3.25847e-06,3.28389e-06,3.28863e-06,3.28779e-06,3.27687e-06,3.2589e-06,3.23332e-06,3.20133e-06,3.1598e-06,3.12497e-06,3.07918e-06,3.03217e-06,2.99213e-06,2.96351e-06
2.84737e-06,2.88477e-06,2.92725e-06,2.96364e-06,3.01003e-06,3.04809e-06,3.09248e-06,3.12551e-06,3.14813e-06,3.17159e-06,3.17676e-06,3.17529e-06,3.17596e-06,3.14813e-06,3.12315e-06,3.09283e-06,3.0507e-06,3.01497e-06,2.97067e-06,2.92862e-06,2.89036e-06,2.8615e-06
2.7495e-06,2.78953e-06,2.82823e-06,2.86488e-06,2.9103e-06,2.9442e-06,2.99099e-06,3.02373e-06,3.04533e-06,3.06737e-06,3.07271e-06,3.0732e-06,3.06243e-06,3.04631e-06,3.02078e-06,2.98954e-06,2.94979e-06,2.90947e-06,2.86959e-06,2.82922e-06,2.79534e-06,2.76013e-06
2.66363e-06,2.69932e-06,2.73507e-06,2.76843e-06,2.81533e-06,2.85111e-06,2.895e-06,2.92651e-06,2.94706e-06,2.96863e-06,2.97473e-06,2.97478e-06,2.98884e-06,2.9482e-06,2.9247e-06,2.89415e-06,2.85337e-06,2.81555e-06,2.77611e-06,2.73853e-06,2.70463e-06,2.67522e-06
2.58218e-06,2.61199e-06,2.64917e-06,2.68399e-06,2.7271e-06,2.75915e-06,2.8068e-06,2.83605e-06,2.85927e-06,2.87788e-06,2.8836e-06,2.88427e-06,2.87578e-06,2.85938e-06,2.83263e-06,2.80586e-06,2.76578e-06,2.72719e-06,2.68699e-06,2.65302e-06,2.61614e-06,2.59174e-06
2.50313e-06,2.53629e-06,2.56724e-06,2.59757e-06,2.64317e-06,2.67609e-06,2.71831e-06,2.7492e-06,2.77055e-06,2.79143e-06,2.79495e-06,2.79622e-06,2.79937e-06,2.77026e-06,2.74832e-06,2.71835e-06,2.6795e-06,2.64113e-06,2.60421e-06,2.57176e-06,2.5406e-06,2.50951e-06
2.42546e-06,2.4531e-06,2.48599e-06,2.51786e-06,2.55883e-06,2.59207e-06,2.63442e-06,2.66293e-06,2.6863e-06,2.7042e-06,2.70792e-06,2.70923e-06,2.71123e-06,2.68716e-06,2.66121e-06,2.6345e-06,2.59639e-06,2.55841e-06,2.52057e-06,2.4888e-06,2.45769e-06,2.43172e-06
2.35752e-06,2.38342e-06,2.41738e-06,2.44398e-06,2.48408e-06,2.5193e-06,2.55997e-06,2.58783e-06,2.61174e-06,2.62875e-06,2.63224e-06,2.63366e-06,2.63492e-06,2.61074e-06,2.58626e-06,2.56131e-06,2.52312e-06,2.48521e-06,2.44569e-06,2.41872e-06,2.3871e-06,2.3628e-06
2.29181e-06,2.31516e-06,2.3431e-06,2.37619e-06,2.41432e-06,2.44723e-06,2.48675e-06,2.51474e-06,2.53781e-06,2.55496e-06,2.55721e-06,2.56058e-06,2.55958e-06,2.53812e-06,2.51342e-06,2.48587e-06,2.45065e-06,2.41464e-06,2.37856e-06,2.34789e-06,2.31795e-06,2.2958e-06
2.22687e-06,2.25187e-06,2.28153e-06,2.30763e-06,2.34592e-06,2.3796e-06,2.41806e-06,2.44477e-06,2.46812e-06,2.48362e-06,2.48756e-06,2.48904e-06,2.48866e-06,2.46694e-06,2.44347e-06,2.4187e-06,2.38263e-06,2.34542e-06,2.31025e-06,2.28273e-06,2.25516e-06,2.23278e-06
2.17076e-06,2.19048e-06,2.22112e-06,2.24927e-06,2.28338e-06,2.31535e-06,2.35572e-06,2.38005e-06,2.40504e-06,2.4188e-06,2.42282e-06,2.42355e-06,2.42102e-06,2.40537e-06,2.37853e-06,2.35622e-06,2.32018e-06,2.28234e-06,2.24992e-06,2.2243e-06,2.19502e-06,2.17359e-06
2.11105e-06,2.13419e-06,2.16158e-06,2.18589e-06,2.22156e-06,2.25478e-06,2.29136e-06,2.31691e-06,2.33995e-06,2.35443e-06,2.35876e-06,2.36037e-06,2.35725e-06,2.33931e-06,2.31582e-06,2.29189e-06,2.25745e-06,2.22119e-06,2.18846e-06,2.16227e-06,2.13668e-06,2.11699e-06
2.05624e-06,2.07838e-06,2.10362e-06,2.13014e-06,2.16312e-06,2.19555e-06,2.23175e-06,2.25687e-06,2.27929e-06,2.29338e-06,2.29777e-06,2.29976e-06,2.29523e-06,2.2804e-06,2.2556e-06,2.23184e-06,2.19816e-06,2.16246e-06,2.13164e-06,2.10571e-06,2.08077e-06,2.06143e-06
2.00553e-06,2.02593e-06,2.0505e-06,2.07634e-06,2.10866e-06,2.14047e-06,2.17553e-06,2.20025e-06,2.2224e-06,2.23603e-06,2.24099e-06,2.24294e-06,2.23715e-06,2.22345e-06,2.19903e-06,2.17563e-06,2.14251e-06,2.10799e-06,2.07782e-06,2.05251e-06,2.02863e-06,2.01069e-06
1.95649e-06,1.97667e-06,2.0002e-06,2.02566e-06,2.0566e-06,2.08804e-06,2.12213e-06,2.1464e-06,2.16834e-06,2.18151e-06,2.18688e-06,2.18881e-06,2.18198e-06,2.16944e-06,2.14535e-06,2.12223e-06,2.08969e-06,2.05627e-06,2.02669e-06,2.0021e-06,1.97907e-06,1.96219e-06
1.91176e-06,1.92974e-06,1.95232e-06,1.97741e-06,2.00726e-06,2.03883e-06,2.07137e-06,2.09543e-06,2.11684e-06,2.13039e-06,2.13561e-06,2.13788e-06,2.13021e-06,2.11828e-06,2.09443e-06,2.07084e-06,2.04001e-06,2.00797e-06,1.97863e-06,1.95408e-06,1.93254e-06,1.91729e-06
1.86598e-06,1.88615e-06,1.90664e-06,1.93003e-06,1.9596e-06,1.99033e-06,2.02194e-06,2.04548e-06,2.06708e-06,2.0795e-06,2.08607e-06,2.08828e-06,2.08024e-06,2.06868e-06,2.04472e-06,2.02217e-06,1.99125e-06,1.95967e-06,1.93225e-06,1.90661e-06,1.8864e-06,1.87323e-06
1.82258e-06,1.84078e-06,1.86258e-06,1.88563e-06,1.91289e-06,1.94319e-06,1.97477e-06,1.99734e-06,2.01841e-06,2.03102e-06,2.03738e-06,2.03885e-06,2.03092e-06,2.01946e-06,1.99658e-06,1.97428e-06,1.94387e-06,1.91382e-06,1.88603e-06,1.86341e-06,1.8424e-06,1.82904e-06
1.78126e-06,1.79825e-06,1.81925e-06,1.84175e-06,1.86846e-06,1.89799e-06,1.92877e-06,1.95083e-06,1.9717e-06,1.98406e-06,1.99066e-06,1.99201e-06,1.984e-06,1.9727e-06,1.95037e-06,1.92815e-06,1.89897e-06,1.86955e-06,1.84221e-06,1.8201e-06,1.80004e-06,1.78752e-06
1.74154e-06,1.75716e-06,1.77813e-06,1.79994e-06,1.82552e-06,1.85513e-06,1.88417e-06,1.90614e-06,1.92642e-06,1.93887e-06,1.94593e-06,1.94657e-06,1.93877e-06,1.92836e-06,1.9053e-06,1.88334e-06,1.85566e-06,1.8268e-06,1.79973e-06,1.77698e-06,1.76131e-06,1.74784e-06
1.70059e-06,1.7199e-06,1.73927e-06,1.75903e-06,1.78352e-06,1.81278e-06,1.84163e-06,1.863e-06,1.8825e-06,1.89526e-06,1.90104e-06,1.90242e-06,1.89583e-06,1.88478e-06,1.86231e-06,1.83999e-06,1.81376e-06,1.78557e-06,1.758e-06,1.73808e-06,1.72006e-06,1.70815e-06
1.66187e-06,1.67741e-06,1.69615e-06,1.71694e-06,1.74195e-06,1.7689e-06,1.79668e-06,1.81796e-06,1.83811e-06,1.84973e-06,1.85745e-06,1.85768e-06,1.84996e-06,1.83921e-06,1.81788e-06,1.79617e-06,1.76989e-06,1.74361e-06,1.7169e-06,1.69528e-06,1.67879e-06,1.66809e-06
1.62356e-06,1.63837e-06,1.65633e-06,1.67715e-06,1.70105e-06,1.72738e-06,1.75421e-06,1.775e-06,1.7951e-06,1.80652e-06,1.81408e-06,1.81424e-06,1.80659e-06,1.79588e-06,1.77492e-06,1.75355e-06,1.72794e-06,1.70234e-06,1.67602e-06,1.65508e-06,1.64057e-06,1.62946e-06
1.58842e-06,1.60159e-06,1.6199e-06,1.63908e-06,1.6628e-06,1.6881e-06,1.71466e-06,1.73442e-06,1.75393e-06,1.76569e-06,1.7735e-06,1.77335e-06,1.76587e-06,1.75564e-06,1.73463e-06,1.71347e-06,1.68891e-06,1.66453e-06,1.63887e-06,1.6175e-06,1.6029e-06,1.59362e-06
1.54679e-06,1.56011e-06,1.57745e-06,1.59673e-06,1.6198e-06,1.64437e-06,1.66941e-06,1.68965e-06,1.70914e-06,1.72017e-06,1.7278e-06,1.72755e-06,1.72037e-06,1.70977e-06,1.68971e-06,1.6689e-06,1.64502e-06,1.62136e-06,1.59576e-06,1.5756e-06,1.56211e-06,1.55176e-06
1.51129e-06,1.52664e-06,1.54149e-06,1.56087e-06,1.58419e-06,1.60761e-06,1.63113e-06,1.65159e-06,1.67179e-06,1.68169e-06,1.68936e-06,1.68917e-06,1.68163e-06,1.67173e-06,1.65249e-06,1.63158e-06,1.6077e-06,1.58571e-06,1.5593e-06,1.54067e-06,1.52807e-06,1.5168e-06
1.46917e-06,1.48126e-06,1.49736e-06,1.51621e-06,1.53809e-06,1.56098e-06,1.58436e-06,1.60423e-06,1.62275e-06,1.6335e-06,1.64087e-06,1.64012e-06,1.63365e-06,1.62313e-06,1.60421e-06,1.58409e-06,1.56176e-06,1.53916e-06,1.51479e-06,1.49579e-06,1.48362e-06,1.47346e-06
1.43644e-06,1.44742e-06,1.46311e-06,1.48039e-06,1.50256e-06,1.52469e-06,1.54742e-06,1.56643e-06,1.58484e-06,1.59569e-06,1.60272e-06,1.60201e-06,1.59584e-06,1.58546e-06,1.5666e-06,1.54714e-06,1.52541e-06,1.50372e-06,1.47973e-06,1.4617e-06,1.45055e-06,1.43992e-06
1.39009e-06,1.40197e-06,1.4163e-06,1.43494e-06,1.45482e-06,1.47668e-06,1.49779e-06,1.51726e-06,1.53573e-06,1.54581e-06,1.55265e-06,1.5521e-06,1.54543e-06,1.5352e-06,1.51739e-06,1.49797e-06,1.47716e-06,1.45688e-06,1.43281e-06,1.41459e-06,1.40301e-06,1.39273e-06
1.34999e-06,1.35957e-06,1.37564e-06,1.39235e-06,1.41318e-06,1.4335e-06,1.45412e-06,1.47325e-06,1.49037e-06,1.50035e-06,1.50738e-06,1.50613e-06,1.49973e-06,1.49032e-06,1.47295e-06,1.45433e-06,1.43435e-06,1.41272e-06,1.38996e-06,1.37369e-06,1.36231e-06,1.35256e-06
1.31008e-06,1.31875e-06,1.33436e-06,1.35008e-06,1.37034e-06,1.39003e-06,1.41014e-06,1.42896e-06,1.44582e-06,1.4553e-06,1.46193e-06,1.46082e-06,1.45491e-06,1.44526e-06,1.42826e-06,1.41022e-06,1.39077e-06,1.37009e-06,1.34816e-06,1.33251e-06,1.32196e-06,1.31216e-06
1.26766e-06,1.27593e-06,1.29127e-06,1.30682e-06,1.32709e-06,1.34566e-06,1.36499e-06,1.38335e-06,1.39927e-06,1.40885e-06,1.41547e-06,1.41414e-06,1.40823e-06,1.39908e-06,1.38276e-06,1.36531e-06,1.34637e-06,1.32617e-06,1.30462e-06,1.28966e-06,1.27877e-06,1.26905e-06
1.22687e-06,1.23358e-06,1.24691e-06,1.26407e-06,1.28255e-06,1.30193e-06,1.32007e-06,1.33772e-06,1.35346e-06,1.36251e-06,1.36849e-06,1.36689e-06,1.3617e-06,1.35237e-06,1.33727e-06,1.31985e-06,1.30169e-06,1.28216e-06,1.26159e-06,1.24729e-06,1.23913e-06,1.22821e-06
1.18592e-06,1.18929e-06,1.20534e-06,1.22188e-06,1.23819e-06,1.25707e-06,1.27547e-06,1.29254e-06,1.30634e-06,1.31615e-06,1.3217e-06,1.32078e-06,1.31557e-06,1.30643e-06,1.29079e-06,1.27426e-06,1.25694e-06,1.23939e-06,1.2203e-06,1.20378e-06,1.19296e-06,1.18533e-06
1.14064e-06,1.14657e-06,1.16027e-06,1.17524e-06,1.19288e-06,1.21022e-06,1.22712e-06,1.2444e-06,1.25986e-06,1.26808e-06,1.27354e-06,1.27296e-06,1.2665e-06,1.25793e-06,1.24372e-06,1.2276e-06,1.21069e-06,1.19368e-06,1.173e-06,1.16046e-06,1.14943e-06,1.14043e-06
1.09658e-06,1.10259e-06,1.11551e-06,1.12986e-06,1.14745e-06,1.16417e-06,1.18043e-06,1.19728e-06,1.21094e-06,1.21941e-06,1.22477e-06,1.2237e-06,1.21858e-06,1.20982e-06,1.19624e-06,1.18078e-06,1.1645e-06,1.14766e-06,1.12864e-06,1.11626e-06,1.10545e-06,1.09642e-06
1.05414e-06,1.06037e-06,1.07072e-06,1.085e-06,1.10237e-06,1.11896e-06,1.13471e-06,1.15101e-06,1.16411e-06,1.17197e-06,1.17741e-06,1.17655e-06,1.1715e-06,1.16238e-06,1.1497e-06,1.13431e-06,1.11883e-06,1.10317e-06,1.08413e-06,1.07285e-06,1.06206e-06,1.05409e-06
1.01005e-06,1.01485e-06,1.02705e-06,1.03918e-06,1.05797e-06,1.07257e-06,1.08718e-06,1.10349e-06,1.11696e-06,1.12396e-06,1.12886e-06,1.128e-06,1.12305e-06,1.11474e-06,1.10264e-06,1.08836e-06,1.07249e-06,1.05682e-06,1.03828e-06,1.02902e-06,1.01878e-06,1.00989e-06
9.65667e-07,9.70467e-07,9.82427e-07,9.95177e-07,1.01148e-06,1.02638e-06,1.04059e-06,1.05609e-06,1.06788e-06,1.07545e-06,1.08006e-06,1.07944e-06,1.0745e-06,1.06643e-06,1.05485e-06,1.04093e-06,1.02659e-06,1.01145e-06,9.94422e-07,9.8414e-07,9.72911e-07,9.64807e-07
9.21812e-07,9.26548e-07,9.38203e-07,9.50584e-07,9.66185e-07,9.80577e-07,9.94261e-07,1.00933e-06,1.02041e-06,1.02765e-06,1.03199e-06,1.03132e-06,1.02672e-06,1.01884e-06,1.0079e-06,9.94542e-07,9.80616e-07,9.66165e-07,9.49781e-07,9.40205e-07,9.2885e-07,9.209e-07
8.78707e-07,8.83663e-07,8.95022e-07,9.07798e-07,9.22213e-07,9.35601e-07,9.49166e-07,9.64482e-07,9.75664e-07,9.81963e-07,9.85845e-07,9.85871e-07,9.80617e-07,9.72708e-07,9.623e-07,9.49545e-07,9.36067e-07,9.2237e-07,9.05851e-07,8.97221e-07,8.84958e-07,8.78246e-07
8.35861e-07,8.42155e-07,8.52344e-07,8.64742e-07,8.77689e-07,8.92811e-07,9.03769e-07,9.18761e-07,9.28778e-07,9.34668e-07,9.38173e-07,9.37727e-07,9.3444e-07,9.26365e-07,9.17293e-07,9.03939e-07,8.91141e-07,8.79102e-07,8.64196e-07,8.54552e-07,8.42607e-07,8.34444e-07
7.93769e-07,7.97903e-07,8.08682e-07,8.19699e-07,8.33975e-07,8.46599e-07,8.58718e-07,8.72384e-07,8.81569e-07,8.87827e-07,8.91425e-07,8.9116e-07,8.86935e-07,8.79763e-07,8.70629e-07,8.58808e-07,8.46573e-07,8.33635e-07,8.1929e-07,8.11342e-07,7.99783e-07,7.9276e-07
7.52209e-07,7.56226e-07,7.66774e-07,7.77407e-07,7.91078e-07,8.03413e-07,8.14866e-07,8.2794e-07,8.36641e-07,8.4266e-07,8.46118e-07,8.45851e-07,8.41789e-07,8.3481e-07,8.26318e-07,8.14966e-07,8.03307e-07,7.90939e-07,7.77087e-07,7.69675e-07,7.58032e-07,7.51308e-07
7.12747e-07,7.1744e-07,7.25239e-07,7.36163e-07,7.49244e-07,7.61752e-07,7.72753e-07,7.85459e-07,7.93478e-07,7.98723e-07,8.02293e-07,8.02277e-07,7.98421e-07,7.91236e-07,7.83497e-07,7.72008e-07,7.6121e-07,7.49868e-07,7.3595e-07,7.29302e-07,7.17779e-07,7.12148e-07
6.7245e-07,6.76206e-07,6.86319e-07,6.96159e-07,7.08935e-07,7.20341e-07,7.30806e-07,7.42866e-07,7.50515e-07,7.55965e-07,7.59055e-07,7.58947e-07,7.55177e-07,7.48648e-07,7.41276e-07,7.30808e-07,7.20234e-07,7.08777e-07,6.96078e-07,6.89451e-07,6.7787e-07,6.71744e-07
6.52581e-07,6.55575e-07,6.6706e-07,6.75112e-07,6.88758e-07,6.99572e-07,7.0924e-07,7.20606e-07,7.28425e-07,7.33958e-07,7.36723e-07,7.37055e-07,7.32403e-07,7.2693e-07,7.19707e-07,7.09447e-07,6.98922e-07,6.88505e-07,6.74942e-07,6.7049e-07,6.5811e-07,6.51999e-07
5.97155e-07,6.02535e-07,6.11015e-07,6.2062e-07,6.32876e-07,6.42821e-07,6.53006e-07,6.64485e-07,6.70654e-07,6.75641e-07,6.78214e-07,6.78221e-07,6.75292e-07,6.68785e-07,6.62669e-07,6.52859e-07,6.43828e-07,6.3187e-07,6.20855e-07,6.14477e-07,6.02533e-07,5.97901e-07
5.62514e-07,5.65969e-07,5.75425e-07,5.84447e-07,5.95777e-07,6.06146e-07,6.15208e-07,6.25745e-07,6.3207e-07,6.36733e-07,6.39395e-07,6.39447e-07,6.3615e-07,6.30327e-07,6.24435e-07,6.15121e-07,6.06026e-07,5.96e-07,5.84511e-07,5.78852e-07,5.67501e-07,5.62112e-07
5.30584e-07,5.32237e-07,5.42237e-07,5.50379e-07,5.61622e-07,5.72505e-07,5.80749e-07,5.90225e-07,5.96801e-07,6.00939e-07,6.03163e-07,6.03623e-07,6.00493e-07,5.94698e-07,5.89505e-07,5.8019e-07,5.71772e-07,5.62086e-07,5.51114e-07,5.45862e-07,5.35129e-07,5.29653e-07
4.96839e-07,5.00335e-07,5.09395e-07,5.17822e-07,5.28483e-07,5.38048e-07,5.464e-07,5.56089e-07,5.61576e-07,5.65834e-07,5.6826e-07,5.68347e-07,5.65378e-07,5.599e-07,5.54892e-07,5.46292e-07,5.38071e-07,5.28608e-07,5.18185e-07,5.1276e-07,5.0189e-07,4.96961e-07
4.66593e-07,4.70129e-07,4.79026e-07,4.86835e-07,4.97787e-07,5.0686e-07,5.14993e-07,5.24216e-07,5.29334e-07,5.3339e-07,5.35646e-07,5.35787e-07,5.33253e-07,5.27663e-07,5.23164e-07,5.14745e-07,5.06934e-07,4.97462e-07,4.87881e-07,4.82259e-07,4.71865e-07,4.67212e-07
4.39024e-07,4.42796e-07,4.51905e-07,4.60252e-07,4.68898e-07,4.77952e-07,4.85824e-07,4.94847e-07,5.00759e-07,5.03818e-07,5.0609e-07,5.06108e-07,5.02751e-07,4.98406e-07,4.93573e-07,4.85674e-07,4.77842e-07,4.69558e-07,4.59269e-07,4.54289e-07,4.43658e-07,4.39152e-07
4.12914e-07,4.15275e-07,4.23949e-07,4.31809e-07,4.41962e-07,4.5008e-07,4.57366e-07,4.65867e-07,4.7068e-07,4.7459e-07,4.7706e-07,4.77572e-07,4.7428e-07,4.69271e-07,4.64828e-07,4.57434e-07,4.50148e-07,4.41883e-07,4.32663e-07,4.27272e-07,4.1734e-07,4.1324e-07
3.87538e-07,3.91069e-07,3.99261e-07,4.06857e-07,4.16152e-07,4.24428e-07,4.31684e-07,4.39707e-07,4.44177e-07,4.47702e-07,4.49754e-07,4.49945e-07,4.47494e-07,4.42913e-07,4.3908e-07,4.31514e-07,4.24865e-07,4.16223e-07,4.07501e-07,4.02082e-07,3.92495e-07,3.88367e-07
3.65123e-07,3.68693e-07,3.76626e-07,3.84037e-07,3.93051e-07,4.01099e-07,4.08119e-07,4.15788e-07,4.20077e-07,4.23466e-07,4.25454e-07,4.2563e-07,4.23331e-07,4.18934e-07,4.15329e-07,4.07952e-07,4.01607e-07,3.9319e-07,3.84718e-07,3.7926e-07,3.70012e-07,3.66096e-07
3.45332e-07,3.48568e-07,3.56047e-07,3.63511e-07,3.72534e-07,3.79894e-07,3.87148e-07,3.94159e-07,3.98348e-07,4.01989e-07,4.04252e-07,4.04385e-07,4.02085e-07,3.9764e-07,3.93159e-07,3.87128e-07,3.80239e-07,3.72923e-07,3.64342e-07,3.58675e-07,3.50171e-07,3.45876e-07
3.26085e-07,3.29855e-07,3.37158e-07,3.44423e-07,3.52743e-07,3.60406e-07,3.67047e-07,3.74069e-07,3.78085e-07,3.81232e-07,3.83099e-07,3.83282e-07,3.81221e-07,3.772e-07,3.73903e-07,3.66928e-07,3.61078e-07,3.53061e-07,3.4513e-07,3.39545e-07,3.30981e-07,3.27293e-07
3.09372e-07,3.13221e-07,3.20254e-07,3.27397e-07,3.35419e-07,3.42916e-07,3.49389e-07,3.56145e-07,3.60051e-07,3.63095e-07,3.6492e-07,3.65088e-07,3.63143e-07,3.5928e-07,3.56099e-07,3.49305e-07,3.43659e-07,3.35798e-07,3.28048e-07,3.22412e-07,3.14294e-07,3.10658e-07
2.94455e-07,2.98338e-07,3.05112e-07,3.1218e-07,3.19911e-07,3.27248e-07,3.33589e-07,3.40068e-07,3.43905e-07,3.46863e-07,3.48636e-07,3.48803e-07,3.46971e-07,3.4328e-07,3.40148e-07,3.33542e-07,3.28043e-07,3.20375e-07,3.12859e-07,3.07168e-07,2.9936e-07,2.95774e-07
2.8114e-07,2.85183e-07,2.91625e-07,2.98565e-07,3.06014e-07,3.13205e-07,3.19407e-07,3.25658e-07,3.29426e-07,3.3231e-07,3.3404e-07,3.34194e-07,3.32458e-07,3.28894e-07,3.25852e-07,3.19409e-07,3.14053e-07,3.06547e-07,2.99194e-07,2.9344e-07,2.86035e-07,2.82609e-07
2.69561e-07,2.73565e-07,2.79777e-07,2.86455e-07,2.93786e-07,3.00705e-07,3.06938e-07,3.12969e-07,3.16656e-07,3.1948e-07,3.2117e-07,3.21341e-07,3.19677e-07,3.16233e-07,3.13214e-07,3.06922e-07,3.01712e-07,2.94378e-07,2.87299e-07,2.81358e-07,2.74368e-07,2.71108e-07
2.59173e-07,2.63289e-07,2.69149e-07,2.75802e-07,2.82692e-07,2.89751e-07,2.95938e-07,3.01413e-07,3.05195e-07,3.08025e-07,3.09667e-07,3.09768e-07,3.08292e-07,3.04845e-07,3.0194e-07,2.95751e-07,2.90643e-07,2.83451e-07,2.76417e-07,2.70634e-07,2.64034e-07,2.6088e-07
2.49858e-07,2.54129e-07,2.59665e-07,2.66325e-07,2.73021e-07,2.79832e-07,2.85701e-07,2.91328e-07,2.95002e-07,2.97717e-07,2.99318e-07,2.99453e-07,2.97968e-07,2.94783e-07,2.91788e-07,2.85844e-07,2.807e-07,2.73716e-07,2.66898e-07,2.6108e-07,2.54668e-07,2.51506e-07
2.42114e-07,2.46155e-07,2.51432e-07,2.5798e-07,2.64424e-07,2.71289e-07,2.76861e-07,2.82295e-07,2.86024e-07,2.88729e-07,2.90344e-07,2.90573e-07,2.88977e-07,2.85904e-07,2.82728e-07,2.77084e-07,2.72228e-07,2.65271e-07,2.58465e-07,2.5283e-07,2.46613e-07,2.43502e-07
2.34737e-07,2.38955e-07,2.44014e-07,2.50305e-07,2.5664e-07,2.63108e-07,2.68925e-07,2.74191e-07,2.77823e-07,2.80452e-07,2.81984e-07,2.82136e-07,2.8078e-07,2.77787e-07,2.74944e-07,2.69087e-07,2.63983e-07,2.5765e-07,2.50933e-07,2.4521e-07,2.39322e-07,2.36202e-07
2.28084e-07,2.32469e-07,2.37244e-07,2.43579e-07,2.49547e-07,2.56069e-07,2.61646e-07,2.66861e-07,2.70423e-07,2.73055e-07,2.74552e-07,2.74622e-07,2.73356e-07,2.70419e-07,2.6746e-07,2.61937e-07,2.56853e-07,2.50527e-07,2.43956e-07,2.38446e-07,2.32711e-07,2.29662e-07
2.22309e-07,2.26515e-07,2.31099e-07,2.37056e-07,2.43008e-07,2.49328e-07,2.5488e-07,2.59933e-07,2.63536e-07,2.66105e-07,2.67563e-07,2.67668e-07,2.66417e-07,2.63582e-07,2.60518e-07,2.55154e-07,2.50118e-07,2.43893e-07,2.37602e-07,2.3215e-07,2.26607e-07,2.23782e-07
2.16687e-07,2.20908e-07,2.25365e-07,2.31288e-07,2.36987e-07,2.43204e-07,2.48668e-07,2.53613e-07,2.57197e-07,2.59738e-07,2.61175e-07,2.6124e-07,2.60047e-07,2.57281e-07,2.54233e-07,2.48975e-07,2.43975e-07,2.37869e-07,2.31699e-07,2.26303e-07,2.21111e-07,2.18109e-07
2.11748e-07,2.15954e-07,2.20176e-07,2.25864e-07,2.31526e-07,2.3752e-07,2.42978e-07,2.47848e-07,2.51387e-07,2.53879e-07,2.55272e-07,2.55359e-07,2.5419e-07,2.5149e-07,2.48438e-07,2.43268e-07,2.38303e-07,2.32353e-07,2.26323e-07,2.2099e-07,2.16068e-07,2.13181e-07
2.06817e-07,2.10932e-07,2.15198e-07,2.20741e-07,2.26169e-07,2.3216e-07,2.37491e-07,2.42243e-07,2.45772e-07,2.48256e-07,2.49623e-07,2.49661e-07,2.48552e-07,2.45914e-07,2.42839e-07,2.37848e-07,2.32904e-07,2.27082e-07,2.21164e-07,2.15974e-07,2.11151e-07,2.08133e-07
2.02386e-07,2.06281e-07,2.104e-07,2.15837e-07,2.21114e-07,2.27027e-07,2.32229e-07,2.36906e-07,2.40406e-07,2.42827e-07,2.44187e-07,2.44229e-07,2.43129e-07,2.40558e-07,2.37446e-07,2.32607e-07,2.27677e-07,2.21967e-07,2.1619e-07,2.11223e-07,2.06479e-07,2.03558e-07
1.97881e-07,2.01832e-07,2.05737e-07,2.11097e-07,2.16199e-07,2.22069e-07,2.27175e-07,2.31757e-07,2.35249e-07,2.37641e-07,2.3898e-07,2.38997e-07,2.37939e-07,2.35415e-07,2.32262e-07,2.27565e-07,2.2272e-07,2.17143e-07,2.1145e-07,2.0654e-07,2.01969e-07,1.99092e-07
1.93665e-07,1.97627e-07,2.01387e-07,2.06456e-07,2.11592e-07,2.17191e-07,2.22307e-07,2.26784e-07,2.30241e-07,2.3261e-07,2.3394e-07,2.33937e-07,2.3292e-07,2.30415e-07,2.27378e-07,2.22685e-07,2.17829e-07,2.12459e-07,2.06874e-07,2.0203e-07,1.97616e-07,1.94798e-07
1.89431e-07,1.93272e-07,1.96967e-07,2.02012e-07,2.06917e-07,2.12521e-07,2.17548e-07,2.21921e-07,2.25354e-07,2.27674e-07,2.28974e-07,2.28977e-07,2.27973e-07,2.25531e-07,2.22508e-07,2.1791e-07,2.13145e-07,2.07795e-07,2.02369e-07,1.97671e-07,1.93372e-07,1.90593e-07
1.85356e-07,1.89088e-07,1.92683e-07,1.976e-07,2.02467e-07,2.07966e-07,2.12875e-07,2.17223e-07,2.20594e-07,2.22883e-07,2.24155e-07,2.24151e-07,2.23162e-07,2.20789e-07,2.1775e-07,2.13281e-07,2.08569e-07,2.03337e-07,1.97989e-07,1.93423e-07,1.89225e-07,1.86517e-07
1.81342e-07,1.85201e-07,1.88556e-07,1.93356e-07,1.9813e-07,2.03534e-07,2.0837e-07,2.12641e-07,2.15978e-07,2.18236e-07,2.19462e-07,2.19472e-07,2.18514e-07,2.1615e-07,2.1317e-07,2.08765e-07,2.04141e-07,1.99011e-07,1.93792e-07,1.89197e-07,1.85167e-07,1.82419e-07
1.77482e-07,1.81144e-07,1.84597e-07,1.89187e-07,1.93875e-07,1.99135e-07,2.03919e-07,2.08135e-07,2.1141e-07,2.13621e-07,2.14852e-07,2.14845e-07,2.13903e-07,2.11601e-07,2.08637e-07,2.0434e-07,1.99755e-07,1.94692e-07,1.89608e-07,1.85139e-07,1.81269e-07,1.78511e-07
1.73592e-07,1.77272e-07,1.80563e-07,1.85116e-07,1.89653e-07,1.94859e-07,1.99565e-07,2.03698e-07,2.06942e-07,2.09114e-07,2.10314e-07,2.1031e-07,2.09371e-07,2.07112e-07,2.04182e-07,1.99956e-07,1.95493e-07,1.90517e-07,1.85504e-07,1.81154e-07,1.77335e-07,1.74602e-07
1.6987e-07,1.73487e-07,1.76682e-07,1.81076e-07,1.85577e-07,1.90649e-07,1.95288e-07,1.9936e-07,2.02542e-07,2.04679e-07,2.05888e-07,2.05869e-07,2.04945e-07,2.02726e-07,1.99841e-07,1.95691e-07,1.9126e-07,1.86364e-07,1.81482e-07,1.77193e-07,1.73484e-07,1.70837e-07
1.66114e-07,1.697e-07,1.72868e-07,1.77196e-07,1.81562e-07,1.86572e-07,1.91144e-07,1.95137e-07,1.98281e-07,2.00384e-07,2.0155e-07,2.01544e-07,2.00621e-07,1.98447e-07,1.9561e-07,1.91543e-07,1.87183e-07,1.82379e-07,1.77611e-07,1.73376e-07,1.69847e-07,1.67062e-07
1.62593e-07,1.66153e-07,1.69036e-07,1.73271e-07,1.77621e-07,1.82539e-07,1.87e-07,1.90936e-07,1.94023e-07,1.9611e-07,1.97262e-07,1.97225e-07,1.96346e-07,1.94184e-07,1.91399e-07,1.87407e-07,1.83116e-07,1.78385e-07,1.73735e-07,1.69559e-07,1.66031e-07,1.63468e-07
1.58874e-07,1.62435e-07,1.65428e-07,1.69538e-07,1.73728e-07,1.78593e-07,1.8301e-07,1.86852e-07,1.89884e-07,1.91901e-07,1.93061e-07,1.93027e-07,1.92152e-07,1.90037e-07,1.87288e-07,1.83368e-07,1.79184e-07,1.74554e-07,1.69937e-07,1.6594e-07,1.62412e-07,1.59785e-07
1.55492e-07,1.5894e-07,1.61819e-07,1.65768e-07,1.70007e-07,1.7475e-07,1.79053e-07,1.82813e-07,1.85801e-07,1.87798e-07,1.8894e-07,1.88897e-07,1.88034e-07,1.85979e-07,1.83274e-07,1.79452e-07,1.7529e-07,1.70705e-07,1.66207e-07,1.62357e-07,1.59001e-07,1.56327e-07
1.51961e-07,1.55336e-07,1.58285e-07,1.62139e-07,1.66193e-07,1.70861e-07,1.75129e-07,1.78861e-07,1.81768e-07,1.83731e-07,1.8485e-07,1.84807e-07,1.83959e-07,1.81916e-07,1.79269e-07,1.75508e-07,1.71469e-07,1.67022e-07,1.6256e-07,1.5865e-07,1.55331e-07,1.5273e-07
1.48544e-07,1.51858e-07,1.54669e-07,1.58488e-07,1.62488e-07,1.67046e-07,1.71248e-07,1.74893e-07,1.77757e-07,1.79662e-07,1.80782e-07,1.80735e-07,1.79899e-07,1.7791e-07,1.75304e-07,1.71616e-07,1.67631e-07,1.63205e-07,1.58874e-07,1.5512e-07,1.51861e-07,1.49307e-07
1.45103e-07,1.48374e-07,1.5121e-07,1.54943e-07,1.58884e-07,1.63341e-07,1.67465e-07,1.71054e-07,1.73855e-07,1.75733e-07,1.7683e-07,1.76772e-07,1.75966e-07,1.74016e-07,1.7143e-07,1.67841e-07,1.63928e-07,1.59548e-07,1.55312e-07,1.51624e-07,1.48485e-07,1.45919e-07
1.42217e-07,1.45409e-07,1.48107e-07,1.51807e-07,1.55617e-07,1.60027e-07,1.64077e-07,1.67654e-07,1.70372e-07,1.72221e-07,1.73256e-07,1.73251e-07,1.72376e-07,1.70516e-07,1.67976e-07,1.64413e-07,1.60617e-07,1.56334e-07,1.522e-07,1.48533e-07,1.45459e-07,1.42897e-07
1.38934e-07,1.42223e-07,1.4477e-07,1.48398e-07,1.52096e-07,1.56466e-07,1.60428e-07,1.63953e-07,1.66629e-07,1.68435e-07,1.69446e-07,1.69442e-07,1.68582e-07,1.66742e-07,1.64261e-07,1.60753e-07,1.57044e-07,1.52861e-07,1.48778e-07,1.45203e-07,1.42085e-07,1.39619e-07
1.35782e-07,1.38813e-07,1.41548e-07,1.45025e-07,1.4867e-07,1.52941e-07,1.56819e-07,1.60272e-07,1.62873e-07,1.6467e-07,1.6567e-07,1.65631e-07,1.64788e-07,1.63013e-07,1.60585e-07,1.57147e-07,1.53483e-07,1.49373e-07,1.45401e-07,1.41855e-07,1.38915e-07,1.36395e-07
1.32028e-07,1.35225e-07,1.37804e-07,1.41195e-07,1.4485e-07,1.48982e-07,1.52819e-07,1.56127e-07,1.58718e-07,1.60455e-07,1.61496e-07,1.61418e-07,1.60656e-07,1.58859e-07,1.56483e-07,1.53164e-07,1.49542e-07,1.45482e-07,1.41488e-07,1.38072e-07,1.35148e-07,1.32775e-07
1.28851e-07,1.31908e-07,1.3449e-07,1.37847e-07,1.41419e-07,1.45492e-07,1.49261e-07,1.52498e-07,1.55029e-07,1.56726e-07,1.57765e-07,1.57668e-07,1.5692e-07,1.55154e-07,1.52836e-07,1.49583e-07,1.46033e-07,1.42029e-07,1.38215e-07,1.34827e-07,1.31914e-07,1.29502e-07
1.25761e-07,1.28812e-07,1.31363e-07,1.346e-07,1.38143e-07,1.42155e-07,1.4585e-07,1.48916e-07,1.51453e-07,1.53101e-07,1.54201e-07,1.54044e-07,1.53378e-07,1.51591e-07,1.49359e-07,1.46175e-07,1.42561e-07,1.38683e-07,1.34892e-07,1.31725e-07,1.28765e-07,1.26429e-07
1.22625e-07,1.25577e-07,1.28116e-07,1.31357e-07,1.34786e-07,1.3871e-07,1.42312e-07,1.4544e-07,1.47865e-07,1.49495e-07,1.50494e-07,1.50392e-07,1.49673e-07,1.47973e-07,1.4575e-07,1.42644e-07,1.39222e-07,1.35365e-07,1.31688e-07,1.28422e-07,1.25583e-07,1.23244e-07
1.19498e-07,1.22557e-07,1.25069e-07,1.28155e-07,1.31575e-07,1.35408e-07,1.38993e-07,1.42049e-07,1.44402e-07,1.45943e-07,1.46987e-07,1.46897e-07,1.46189e-07,1.44495e-07,1.42347e-07,1.39304e-07,1.35908e-07,1.32147e-07,1.28566e-07,1.25287e-07,1.22453e-07,1.20163e-07
1.16605e-07,1.19437e-07,1.22013e-07,1.25018e-07,1.28311e-07,1.32111e-07,1.35566e-07,1.38608e-07,1.40904e-07,1.42424e-07,1.43441e-07,1.43349e-07,1.42635e-07,1.4099e-07,1.38929e-07,1.35936e-07,1.32551e-07,1.28888e-07,1.25388e-07,1.22155e-07,1.19502e-07,1.17146e-07
1.13496e-07,1.16382e-07,1.18834e-07,1.21899e-07,1.25149e-07,1.28847e-07,1.32267e-07,1.35166e-07,1.37442e-07,1.38941e-07,1.39925e-07,1.39798e-07,1.39116e-07,1.37531e-07,1.35449e-07,1.32543e-07,1.29323e-07,1.25658e-07,1.22183e-07,1.19089e-07,1.16393e-07,1.14108e-07
1.10602e-07,1.13473e-07,1.15896e-07,1.18859e-07,1.22073e-07,1.25741e-07,1.29072e-07,1.31798e-07,1.34091e-07,1.35556e-07,1.36616e-07,1.36401e-07,1.35819e-07,1.34191e-07,1.32194e-07,1.29358e-07,1.26047e-07,1.22505e-07,1.19072e-07,1.16192e-07,1.1344e-07,1.11224e-07
1.07659e-07,1.10434e-07,1.1287e-07,1.15835e-07,1.18947e-07,1.22513e-07,1.25771e-07,1.28566e-07,1.30754e-07,1.32154e-07,1.33108e-07,1.33006e-07,1.32356e-07,1.30819e-07,1.28852e-07,1.26052e-07,1.22959e-07,1.19463e-07,1.16074e-07,1.13102e-07,1.10446e-07,1.0822e-07
1.04753e-07,1.07468e-07,1.09903e-07,1.12805e-07,1.15859e-07,1.19352e-07,1.2256e-07,1.25277e-07,1.274e-07,1.28807e-07,1.29738e-07,1.29612e-07,1.28979e-07,1.27471e-07,1.25548e-07,1.22816e-07,1.19789e-07,1.1635e-07,1.13078e-07,1.10104e-07,1.07506e-07,1.05274e-07
1.01877e-07,1.04663e-07,1.07039e-07,1.09898e-07,1.129e-07,1.16339e-07,1.19492e-07,1.22139e-07,1.24202e-07,1.25569e-07,1.26482e-07,1.26358e-07,1.25761e-07,1.24266e-07,1.22382e-07,1.19698e-07,1.16754e-07,1.13402e-07,1.10167e-07,1.07249e-07,1.04573e-07,1.02421e-07
9.92032e-08,1.01763e-07,1.04347e-07,1.06973e-07,1.09997e-07,1.13294e-07,1.16388e-07,1.18996e-07,1.21012e-07,1.22358e-07,1.23261e-07,1.23131e-07,1.22525e-07,1.21091e-07,1.19234e-07,1.16655e-07,1.13694e-07,1.1041e-07,1.07353e-07,1.04314e-07,1.01881e-07,9.96813e-08
9.64962e-08,9.9124e-08,1.01525e-07,1.04332e-07,1.07222e-07,1.10531e-07,1.13551e-07,1.15932e-07,1.17984e-07,1.19333e-07,1.20264e-07,1.19999e-07,1.19539e-07,1.1806e-07,1.16273e-07,1.13731e-07,1.10864e-07,1.07619e-07,1.04372e-07,1.01749e-07,9.91107e-08,9.7073e-08
9.37447e-08,9.6372e-08,9.86208e-08,1.01443e-07,1.04198e-07,1.07435e-07,1.10389e-07,1.1289e-07,1.14847e-07,1.16126e-07,1.16937e-07,1.16817e-07,1.16238e-07,1.14852e-07,1.13078e-07,1.10607e-07,1.07938e-07,1.04716e-07,1.01571e-07,9.87704e-08,9.62846e-08,9.42251e-08
9.10321e-08,9.35498e-08,9.58978e-08,9.85997e-08,1.01382e-07,1.04527e-07,1.07443e-07,1.09879e-07,1.11746e-07,1.13e-07,1.13828e-07,1.13737e-07,1.13165e-07,1.11803e-07,1.10092e-07,1.07631e-07,1.04924e-07,1.0179e-07,9.88482e-08,9.60495e-08,9.36172e-08,9.14397e-08
8.839e-08,9.08908e-08,9.32335e-08,9.58905e-08,9.86164e-08,1.01704e-07,1.04584e-07,1.0694e-07,1.08762e-07,1.09984e-07,1.10807e-07,1.10708e-07,1.10134e-07,1.08811e-07,1.07133e-07,1.04749e-07,1.02088e-07,9.90166e-08,9.61105e-08,9.33658e-08,9.09541e-08,8.87774e-08
8.58154e-08,8.82732e-08,9.06052e-08,9.32509e-08,9.59475e-08,9.89594e-08,1.01697e-07,1.04036e-07,1.05843e-07,1.07033e-07,1.07847e-07,1.0772e-07,1.07189e-07,1.05876e-07,1.04253e-07,1.01943e-07,9.92907e-08,9.62988e-08,9.34304e-08,9.07291e-08,8.83122e-08,8.62451e-08
8.33621e-08,8.56803e-08,8.81196e-08,9.0619e-08,9.32713e-08,9.62343e-08,9.89255e-08,1.01202e-07,1.02956e-07,1.04122e-07,1.04929e-07,1.04786e-07,1.04257e-07,1.02989e-07,1.014e-07,9.91409e-08,9.65156e-08,9.36238e-08,9.08418e-08,8.81077e-08,8.58062e-08,8.36796e-08
8.08123e-08,8.31654e-08,8.55479e-08,8.81235e-08,9.06951e-08,9.36176e-08,9.62405e-08,9.84274e-08,1.00153e-07,1.01291e-07,1.02116e-07,1.01921e-07,1.01443e-07,1.00181e-07,9.86524e-08,9.64401e-08,9.39152e-08,9.10228e-08,8.82429e-08,8.56489e-08,8.32136e-08,8.12224e-08
7.83664e-08,8.06876e-08,8.30052e-08,8.55372e-08,8.81071e-08,9.09412e-08,9.35405e-08,9.56888e-08,9.73678e-08,9.84722e-08,9.92607e-08,9.91095e-08,9.86118e-08,9.73871e-08,9.58676e-08,9.37081e-08,9.12276e-08,8.84047e-08,8.57181e-08,8.30784e-08,8.07563e-08,7.87048e-08
7.59981e-08,7.82998e-08,8.06146e-08,8.31217e-08,8.56469e-08,8.84117e-08,9.09599e-08,9.3062e-08,9.47043e-08,9.57803e-08,9.65346e-08,9.64197e-08,9.59132e-08,9.47237e-08,9.32371e-08,9.11189e-08,8.86898e-08,8.59222e-08,8.32431e-08,8.06732e-08,7.83586e-08,7.63223e-08
7.36995e-08,7.59392e-08,7.8258e-08,8.07216e-08,8.32276e-08,8.59142e-08,8.84288e-08,9.04693e-08,9.20785e-08,9.31261e-08,9.3877e-08,9.37394e-08,9.32523e-08,9.20889e-08,9.06477e-08,8.85369e-08,8.61827e-08,8.34854e-08,8.09083e-08,7.83015e-08,7.60311e-08,7.39642e-08
7.13787e-08,7.36147e-08,7.59189e-08,7.8352e-08,8.08118e-08,8.34711e-08,8.59123e-08,8.7908e-08,8.94764e-08,9.05034e-08,9.1235e-08,9.11015e-08,9.06311e-08,8.94737e-08,8.80635e-08,8.60494e-08,8.37136e-08,8.10628e-08,7.84937e-08,7.59598e-08,7.36983e-08,7.16585e-08
6.91733e-08,7.13682e-08,7.3656e-08,7.60784e-08,7.85109e-08,8.111e-08,8.34889e-08,8.54509e-08,8.69857e-08,8.79879e-08,8.87165e-08,8.85678e-08,8.81118e-08,8.69862e-08,8.55939e-08,8.3629e-08,8.13322e-08,7.87366e-08,7.62361e-08,7.36927e-08,7.14591e-08,6.94404e-08
6.76817e-08,6.97938e-08,7.20192e-08,7.4478e-08,7.6808e-08,7.93558e-08,8.16731e-08,8.37086e-08,8.51595e-08,8.61519e-08,8.67526e-08,8.67264e-08,8.61691e-08,8.51564e-08,8.37564e-08,8.17812e-08,7.96103e-08,7.70664e-08,7.46215e-08,7.20684e-08,6.99486e-08,6.78669e-08
6.48938e-08,6.7026e-08,6.92942e-08,7.16589e-08,7.40303e-08,7.65087e-08,7.87983e-08,8.06614e-08,8.21313e-08,8.30874e-08,8.37886e-08,8.36402e-08,8.32051e-08,8.21154e-08,8.07901e-08,7.89138e-08,7.67135e-08,7.42031e-08,7.18057e-08,6.93031e-08,6.71182e-08,6.51276e-08
6.28664e-08,6.49628e-08,6.72126e-08,6.9569e-08,7.18947e-08,7.43158e-08,7.65643e-08,7.83959e-08,7.98345e-08,8.07617e-08,8.14341e-08,8.13027e-08,8.08725e-08,7.98209e-08,7.8508e-08,7.66867e-08,7.45135e-08,7.20553e-08,6.96609e-08,6.72305e-08,6.50085e-08,6.30708e-08
6.08268e-08,6.29362e-08,6.51591e-08,6.74845e-08,6.98289e-08,7.21623e-08,7.43721e-08,7.61523e-08,7.75593e-08,7.84833e-08,7.91456e-08,7.89814e-08,7.85775e-08,7.75609e-08,7.6263e-08,7.44664e-08,7.23517e-08,6.99232e-08,6.76324e-08,6.51565e-08,6.2997e-08,6.10513e-08
5.88806e-08,6.09838e-08,6.31975e-08,6.54836e-08,6.77668e-08,7.0086e-08,7.22563e-08,7.40017e-08,7.53755e-08,7.6266e-08,7.68931e-08,7.67717e-08,7.63614e-08,7.536e-08,7.4112e-08,7.23344e-08,7.02643e-08,6.78935e-08,6.55714e-08,6.31746e-08,6.10331e-08,5.90753e-08
5.70303e-08,5.90297e-08,6.12546e-08,6.35614e-08,6.58034e-08,6.81027e-08,7.01772e-08,7.18993e-08,7.32584e-08,7.41311e-08,7.47543e-08,7.4624e-08,7.42306e-08,7.32368e-08,7.19991e-08,7.03011e-08,6.82354e-08,6.59188e-08,6.36463e-08,6.12613e-08,5.91308e-08,5.71772e-08
5.51817e-08,5.72166e-08,5.9403e-08,6.16716e-08,6.38942e-08,6.6125e-08,6.8207e-08,6.98863e-08,7.11905e-08,7.20753e-08,7.26596e-08,7.25392e-08,7.21272e-08,7.11741e-08,6.99476e-08,6.82398e-08,6.62648e-08,6.39992e-08,6.17689e-08,5.93919e-08,5.73055e-08,5.53459e-08
5.34269e-08,5.54164e-08,5.76036e-08,5.98472e-08,6.20273e-08,6.42367e-08,6.62938e-08,6.7911e-08,6.91944e-08,7.00361e-08,7.06307e-08,7.0521e-08,7.01069e-08,6.91741e-08,6.79839e-08,6.63268e-08,6.43525e-08,6.21388e-08,5.99005e-08,5.75834e-08,5.54986e-08,5.35656e-08
5.1699e-08,5.37065e-08,5.58741e-08,5.80809e-08,6.0246e-08,6.24003e-08,6.43942e-08,6.60042e-08,6.72664e-08,6.8091e-08,6.86541e-08,6.85551e-08,6.81666e-08,6.72403e-08,6.60752e-08,6.44465e-08,6.25191e-08,6.03286e-08,5.81431e-08,5.58261e-08,5.37848e-08,5.18585e-08
5.00738e-08,5.20119e-08,5.41692e-08,5.63631e-08,5.85091e-08,6.0609e-08,6.25701e-08,6.41475e-08,6.53855e-08,6.6192e-08,6.67564e-08,6.665e-08,6.62629e-08,6.53596e-08,6.42126e-08,6.26133e-08,6.07121e-08,5.85694e-08,5.64213e-08,5.4143e-08,5.20884e-08,5.01822e-08
4.8489e-08,5.0432e-08,5.25532e-08,5.47259e-08,5.68655e-08,5.89123e-08,6.08398e-08,6.23787e-08,6.35966e-08,6.43858e-08,6.49317e-08,6.48267e-08,6.44524e-08,6.3567e-08,6.24406e-08,6.08733e-08,5.90157e-08,5.69019e-08,5.47896e-08,5.25217e-08,5.04899e-08,4.85824e-08
4.69814e-08,4.88835e-08,5.09918e-08,5.31361e-08,5.5253e-08,5.7287e-08,5.91734e-08,6.06793e-08,6.18753e-08,6.26509e-08,6.31807e-08,6.30747e-08,6.27093e-08,6.18388e-08,6.07428e-08,5.91952e-08,5.73646e-08,5.52973e-08,5.32013e-08,5.09517e-08,4.89599e-08,4.70498e-08
4.55449e-08,4.74306e-08,4.94875e-08,5.16292e-08,5.37173e-08,5.57056e-08,5.75755e-08,5.9044e-08,6.02205e-08,6.09793e-08,6.1487e-08,6.13903e-08,6.10346e-08,6.01874e-08,5.90906e-08,5.75787e-08,5.57773e-08,5.37259e-08,5.16717e-08,4.94519e-08,4.74887e-08,4.55546e-08
4.41235e-08,4.5993e-08,4.80418e-08,5.01834e-08,5.22643e-08,5.41908e-08,5.60203e-08,5.74681e-08,5.86218e-08,5.93688e-08,5.98707e-08,5.97654e-08,5.94174e-08,5.85986e-08,5.74901e-08,5.60201e-08,5.42672e-08,5.2245e-08,5.02013e-08,4.80113e-08,4.60156e-08,4.41869e-08
4.27451e-08,4.46009e-08,4.66478e-08,4.87192e-08,5.07721e-08,5.26847e-08,5.44814e-08,5.59062e-08,5.70396e-08,5.77755e-08,5.82633e-08,5.81716e-08,5.7819e-08,5.70004e-08,5.59407e-08,5.44854e-08,5.27428e-08,5.0776e-08,4.87619e-08,4.66093e-08,4.46315e-08,4.27713e-08
4.14627e-08,4.3285e-08,4.5301e-08,4.73852e-08,4.94005e-08,5.12705e-08,5.30489e-08,5.44524e-08,5.55592e-08,5.62991e-08,5.67577e-08,5.66689e-08,5.63149e-08,5.55317e-08,5.44768e-08,5.30131e-08,5.13249e-08,4.93932e-08,4.74354e-08,4.52685e-08,4.33502e-08,4.14629e-08
4.02174e-08,4.20074e-08,4.40198e-08,4.60692e-08,4.80843e-08,4.99213e-08,5.16573e-08,5.30249e-08,5.41232e-08,5.48332e-08,5.52911e-08,5.52168e-08,5.4865e-08,5.40893e-08,5.30527e-08,5.1638e-08,4.99609e-08,4.80605e-08,4.61056e-08,4.39717e-08,4.20587e-08,4.0215e-08
3.902e-08,4.08064e-08,4.28027e-08,4.4835e-08,4.67901e-08,4.86263e-08,5.03317e-08,5.16899e-08,5.27643e-08,5.34648e-08,5.39091e-08,5.38351e-08,5.34914e-08,5.27249e-08,5.17084e-08,5.03201e-08,4.86519e-08,4.6801e-08,4.48564e-08,4.27597e-08,4.0861e-08,3.90315e-08
3.79083e-08,3.96743e-08,4.16474e-08,4.36569e-08,4.56103e-08,4.73846e-08,4.9075e-08,5.04056e-08,5.14639e-08,5.21504e-08,5.25838e-08,5.25125e-08,5.21768e-08,5.14304e-08,5.04224e-08,4.90478e-08,4.74284e-08,4.55702e-08,4.3672e-08,4.15902e-08,3.97169e-08,3.78877e-08
3.68206e-08,3.85846e-08,4.05321e-08,4.25193e-08,4.44669e-08,4.62014e-08,4.78643e-08,4.91754e-08,5.02166e-08,5.08915e-08,5.13136e-08,5.12509e-08,5.09129e-08,5.01807e-08,4.91854e-08,4.78313e-08,4.62356e-08,4.44189e-08,4.25209e-08,4.0472e-08,3.8604e-08,3.68359e-08
3.58077e-08,3.75618e-08,3.94592e-08,4.14401e-08,4.33438e-08,4.50697e-08,4.67154e-08,4.7993e-08,4.90186e-08,4.96874e-08,5.00898e-08,5.00359e-08,4.97005e-08,4.89837e-08,4.79867e-08,4.6665e-08,4.50959e-08,4.32853e-08,4.14397e-08,3.94043e-08,3.75865e-08,3.57609e-08
3.48042e-08,3.6536e-08,3.84428e-08,4.03863e-08,4.2268e-08,4.39658e-08,4.5575e-08,4.68489e-08,4.78585e-08,4.85133e-08,4.89082e-08,4.88557e-08,4.85265e-08,4.78273e-08,4.68534e-08,4.55331e-08,4.39892e-08,4.22231e-08,4.03877e-08,3.83711e-08,3.66034e-08,3.4786e-08
3.38776e-08,3.55946e-08,3.74584e-08,3.93821e-08,4.1234e-08,4.29104e-08,4.44954e-08,4.57539e-08,4.67454e-08,4.73967e-08,4.77799e-08,4.77441e-08,4.74047e-08,4.6711e-08,4.57562e-08,4.44593e-08,4.29203e-08,4.11936e-08,3.9365e-08,3.74119e-08,3.56197e-08,3.38447e-08
3.29794e-08,3.47064e-08,3.65453e-08,3.84531e-08,4.02956e-08,4.19352e-08,4.34933e-08,4.47327e-08,4.57101e-08,4.63515e-08,4.67245e-08,4.66681e-08,4.63601e-08,4.56754e-08,4.47329e-08,4.34575e-08,4.19487e-08,4.02584e-08,3.84459e-08,3.64896e-08,3.47359e-08,3.2983e-08
3.21747e-08,3.38451e-08,3.56575e-08,3.75363e-08,3.93548e-08,4.09677e-08,4.25058e-08,4.37218e-08,4.46925e-08,4.53262e-08,4.56891e-08,4.56646e-08,4.53261e-08,4.46634e-08,4.3727e-08,4.2466e-08,4.09617e-08,3.92909e-08,3.75164e-08,3.5615e-08,3.38461e-08,3.20938e-08
3.13638e-08,3.29922e-08,3.48035e-08,3.66476e-08,3.84371e-08,4.00431e-08,4.15606e-08,4.27542e-08,4.37062e-08,4.43282e-08,4.46786e-08,4.46472e-08,4.43227e-08,4.36741e-08,4.27499e-08,4.15037e-08,4.0034e-08,3.83824e-08,3.66321e-08,3.47296e-08,3.30076e-08,3.12853e-08
3.05988e-08,3.22337e-08,3.40098e-08,3.58221e-08,3.75967e-08,3.91617e-08,4.06712e-08,4.18528e-08,4.27891e-08,4.33991e-08,4.37413e-08,4.37098e-08,4.33954e-08,4.27613e-08,4.18476e-08,4.0606e-08,3.91764e-08,3.75353e-08,3.58025e-08,3.39315e-08,3.22521e-08,3.05226e-08
2.99042e-08,3.14973e-08,3.32482e-08,3.50434e-08,3.67649e-08,3.83369e-08,3.98309e-08,4.09845e-08,4.1911e-08,4.25123e-08,4.28455e-08,4.28183e-08,4.25026e-08,4.1876e-08,4.09796e-08,3.97635e-08,3.83263e-08,3.67249e-08,3.50223e-08,3.31812e-08,3.1492e-08,2.97777e-08
2.91681e-08,3.07792e-08,3.24853e-08,3.42827e-08,3.59974e-08,3.75207e-08,3.89795e-08,4.01281e-08,4.10425e-08,4.16389e-08,4.19602e-08,4.19403e-08,4.16259e-08,4.10155e-08,4.01192e-08,3.89202e-08,3.7521e-08,3.5921e-08,3.42401e-08,3.24222e-08,3.07884e-08,2.90914e-08
2.84905e-08,3.00832e-08,3.17767e-08,3.35325e-08,3.52245e-08,3.67322e-08,3.81701e-08,3.93052e-08,4.02062e-08,4.07927e-08,4.11078e-08,4.10892e-08,4.07778e-08,4.01765e-08,3.92965e-08,3.81073e-08,3.67249e-08,3.51679e-08,3.35106e-08,3.17125e-08,3.01065e-08,2.84137e-08
2.78919e-08,2.94522e-08,3.11101e-08,3.28352e-08,3.45129e-08,3.59973e-08,3.74184e-08,3.85382e-08,3.94264e-08,4.00085e-08,4.03122e-08,4.02981e-08,3.9995e-08,3.93977e-08,3.85262e-08,3.73637e-08,3.59974e-08,3.44567e-08,3.27912e-08,3.10613e-08,2.9464e-08,2.77885e-08
2.72826e-08,2.88102e-08,3.04567e-08,3.21587e-08,3.38091e-08,3.52736e-08,3.66633e-08,3.778e-08,3.86552e-08,3.92273e-08,3.95236e-08,3.95122e-08,3.92065e-08,3.86256e-08,3.77642e-08,3.66157e-08,3.52656e-08,3.37524e-08,3.21133e-08,3.03915e-08,2.88217e-08,2.71972e-08
2.66743e-08,2.82071e-08,2.98322e-08,3.15044e-08,3.3127e-08,3.45703e-08,3.59499e-08,3.70443e-08,3.79065e-08,3.84698e-08,3.87611e-08,3.8752e-08,3.84521e-08,3.78786e-08,3.70302e-08,3.58905e-08,3.45639e-08,3.30715e-08,3.14598e-08,2.97615e-08,2.82112e-08,2.65999e-08
2.6102e-08,2.76519e-08,2.92536e-08,3.0883e-08,3.2496e-08,3.39172e-08,3.52824e-08,3.63577e-08,3.72116e-08,3.77666e-08,3.80515e-08,3.80374e-08,3.77501e-08,3.71867e-08,3.6346e-08,3.52158e-08,3.39173e-08,3.24393e-08,3.08408e-08,2.91834e-08,2.76519e-08,2.60471e-08
2.55948e-08,2.70692e-08,2.86593e-08,3.02917e-08,3.18593e-08,3.3262e-08,3.46017e-08,3.56686e-08,3.6508e-08,3.7056e-08,3.73332e-08,3.73292e-08,3.70345e-08,3.64809e-08,3.56542e-08,3.45437e-08,3.3253e-08,3.18034e-08,3.02401e-08,2.85863e-08,2.70758e-08,2.55077e-08
2.50786e-08,2.65356e-08,2.81015e-08,2.97083e-08,3.12525e-08,3.26352e-08,3.39568e-08,3.50102e-08,3.58381e-08,3.63786e-08,3.66496e-08,3.66477e-08,3.63565e-08,3.58122e-08,3.49962e-08,3.38998e-08,3.26267e-08,3.11981e-08,2.96553e-08,2.80282e-08,2.65408e-08,2.49919e-08
2.45942e-08,2.60308e-08,2.75676e-08,2.9149e-08,3.06736e-08,3.20371e-08,3.33339e-08,3.43768e-08,3.51987e-08,3.57285e-08,3.5993e-08,3.59966e-08,3.5704e-08,3.51714e-08,3.43604e-08,3.32874e-08,3.20298e-08,3.06234e-08,2.90949e-08,2.75011e-08,2.60408e-08,2.45106e-08
2.40809e-08,2.55322e-08,2.70635e-08,2.86008e-08,3.00798e-08,3.14379e-08,3.27253e-08,3.37678e-08,3.45653e-08,3.50915e-08,3.53535e-08,3.53584e-08,3.50706e-08,3.4539e-08,3.37511e-08,3.26819e-08,3.14318e-08,3.00464e-08,2.85461e-08,2.69784e-08,2.55282e-08,2.40261e-08
2.36037e-08,2.50571e-08,2.6536e-08,2.80551e-08,2.95301e-08,3.08625e-08,3.21367e-08,3.31538e-08,3.39466e-08,3.44656e-08,3.47215e-08,3.47203e-08,3.44447e-08,3.39257e-08,3.31422e-08,3.20834e-08,3.08624e-08,2.94919e-08,2.80077e-08,2.64766e-08,2.50671e-08,2.35348e-08
2.31552e-08,2.45752e-08,2.60405e-08,2.7539e-08,2.89871e-08,3.02932e-08,3.15479e-08,3.2555e-08,3.33357e-08,3.3845e-08,3.40964e-08,3.40968e-08,3.38256e-08,3.33151e-08,3.25406e-08,3.14974e-08,3.02973e-08,2.89446e-08,2.74813e-08,2.59641e-08,2.45704e-08,2.30896e-08
2.27154e-08,2.41068e-08,2.55567e-08,2.70176e-08,2.84342e-08,2.97411e-08,3.09806e-08,3.19728e-08,3.27424e-08,3.32435e-08,3.34893e-08,3.34919e-08,3.32202e-08,3.2718e-08,3.19624e-08,3.09321e-08,2.97385e-08,2.84117e-08,2.69704e-08,2.54787e-08,2.41023e-08,2.26435e-08
2.22865e-08,2.3654e-08,2.50767e-08,2.65239e-08,2.79326e-08,2.92077e-08,3.04182e-08,3.14009e-08,3.21633e-08,3.26582e-08,3.28992e-08,3.29059e-08,3.26354e-08,3.21414e-08,3.13919e-08,3.03795e-08,2.92074e-08,2.78984e-08,2.64736e-08,2.50055e-08,2.36506e-08,2.22179e-08
2.18667e-08,2.3226e-08,2.46167e-08,2.60451e-08,2.74275e-08,2.86898e-08,2.98952e-08,3.08484e-08,3.16032e-08,3.20915e-08,3.23278e-08,3.23342e-08,3.20716e-08,3.15801e-08,3.08411e-08,2.98438e-08,2.86874e-08,2.73925e-08,2.59866e-08,2.45548e-08,2.32169e-08,2.17991e-08
2.14195e-08,2.27798e-08,2.4176e-08,2.55489e-08,2.69205e-08,2.81723e-08,2.93553e-08,3.03073e-08,3.10456e-08,3.15261e-08,3.17597e-08,3.1767e-08,3.15045e-08,3.10261e-08,3.02994e-08,2.93065e-08,2.81713e-08,2.69009e-08,2.5512e-08,2.40957e-08,2.27865e-08,2.13753e-08
2.10254e-08,2.2369e-08,2.37156e-08,2.50969e-08,2.64403e-08,2.76596e-08,2.88267e-08,2.97635e-08,3.04971e-08,3.09692e-08,3.11974e-08,3.12044e-08,3.09479e-08,3.04767e-08,2.97586e-08,2.8786e-08,2.76669e-08,2.64112e-08,2.50484e-08,2.365e-08,2.23624e-08,2.09667e-08
2.06355e-08,2.19437e-08,2.32847e-08,2.46287e-08,2.5969e-08,2.71691e-08,2.83178e-08,2.92358e-08,2.99603e-08,3.04259e-08,3.06499e-08,3.06611e-08,3.04033e-08,2.99406e-08,2.92348e-08,2.82725e-08,2.71709e-08,2.59374e-08,2.45917e-08,2.3212e-08,2.19401e-08,2.05703e-08
2.0237e-08,2.15325e-08,2.28448e-08,2.41819e-08,2.54784e-08,2.66712e-08,2.77996e-08,2.87173e-08,2.94288e-08,2.98888e-08,3.01085e-08,3.01176e-08,2.9868e-08,2.94101e-08,2.87168e-08,2.7771e-08,2.66788e-08,2.54605e-08,2.41316e-08,2.27871e-08,2.15331e-08,2.01733e-08
1.9833e-08,2.11271e-08,2.24259e-08,2.37323e-08,2.50107e-08,2.61859e-08,2.73027e-08,2.82024e-08,2.89043e-08,2.93553e-08,2.95735e-08,2.95819e-08,2.93343e-08,2.88857e-08,2.82044e-08,2.72655e-08,2.61923e-08,2.49932e-08,2.36968e-08,2.23555e-08,2.11271e-08,1.97764e-08
1.94482e-08,2.07359e-08,2.20176e-08,2.32808e-08,2.4568e-08,2.57149e-08,2.68169e-08,2.77031e-08,2.83945e-08,2.88389e-08,2.90544e-08,2.90636e-08,2.88201e-08,2.83775e-08,2.77067e-08,2.67794e-08,2.57278e-08,2.45452e-08,2.3253e-08,2.19463e-08,2.07219e-08,1.9401e-08
1.90867e-08,2.03301e-08,2.16024e-08,2.2871e-08,2.41077e-08,2.52483e-08,2.63316e-08,2.72063e-08,2.78881e-08,2.83261e-08,2.85359e-08,2.85447e-08,2.83045e-08,2.78699e-08,2.72096e-08,2.62997e-08,2.52559e-08,2.40907e-08,2.28293e-08,2.15295e-08,2.03302e-08,1.90229e-08
1.87108e-08,1.99387e-08,2.12033e-08,2.24465e-08,2.36523e-08,2.47858e-08,2.58536e-08,2.67204e-08,2.73904e-08,2.78206e-08,2.80271e-08,2.80353e-08,2.77994e-08,2.73714e-08,2.67258e-08,2.5826e-08,2.47945e-08,2.36481e-08,2.24078e-08,2.11274e-08,1.99358e-08,1.865e-08
1.83375e-08,1.95763e-08,2.08012e-08,2.20169e-08,2.32351e-08,2.43333e-08,2.53812e-08,2.62364e-08,2.68991e-08,2.73234e-08,2.75277e-08,2.75388e-08,2.73052e-08,2.68827e-08,2.62458e-08,2.53579e-08,2.4352e-08,2.32198e-08,2.19846e-08,2.07312e-08,1.95664e-08,1.82983e-08
1.79667e-08,1.92031e-08,2.04113e-08,2.1613e-08,2.27954e-08,2.38838e-08,2.49204e-08,2.57621e-08,2.64156e-08,2.68319e-08,2.70335e-08,2.70464e-08,2.68143e-08,2.63978e-08,2.57703e-08,2.48975e-08,2.39019e-08,2.2787e-08,2.15753e-08,2.0344e-08,1.91963e-08,1.79331e-08
1.761e-08,1.88258e-08,2.00225e-08,2.11981e-08,2.23628e-08,2.34397e-08,2.44625e-08,2.52903e-08,2.59327e-08,2.63438e-08,2.65415e-08,2.65515e-08,2.63264e-08,2.59169e-08,2.53014e-08,2.4438e-08,2.3459e-08,2.23581e-08,2.11652e-08,1.99492e-08,1.88188e-08,1.75735e-08
1.72612e-08,1.84576e-08,1.96327e-08,2.07991e-08,2.19421e-08,2.30063e-08,2.40115e-08,2.48269e-08,2.54608e-08,2.58664e-08,2.60601e-08,2.60694e-08,2.5849e-08,2.54461e-08,2.48398e-08,2.39915e-08,2.30238e-08,2.19416e-08,2.07628e-08,1.95745e-08,1.84581e-08,1.72172e-08
1.69141e-08,1.80968e-08,1.92645e-08,2.04025e-08,2.15346e-08,2.25806e-08,2.35678e-08,2.43726e-08,2.49972e-08,2.53954e-08,2.55883e-08,2.55967e-08,2.53785e-08,2.49829e-08,2.43877e-08,2.35493e-08,2.25959e-08,2.15304e-08,2.03767e-08,1.91919e-08,1.80858e-08,1.68738e-08
1.65809e-08,1.77384e-08,1.88964e-08,2.00159e-08,2.1126e-08,2.21612e-08,2.31352e-08,2.39251e-08,2.45407e-08,2.49334e-08,2.51218e-08,2.51326e-08,2.49147e-08,2.45268e-08,2.39412e-08,2.31154e-08,2.21761e-08,2.11275e-08,1.99923e-08,1.88229e-08,1.7732e-08,1.6536e-08
1.62353e-08,1.73903e-08,1.85261e-08,1.96307e-08,2.07248e-08,2.17417e-08,2.27024e-08,2.34802e-08,2.40874e-08,2.44724e-08,2.46583e-08,2.46676e-08,2.44567e-08,2.40729e-08,2.34982e-08,2.26838e-08,2.17613e-08,2.0726e-08,1.96053e-08,1.84604e-08,1.73865e-08,1.61954e-08
1.58975e-08,1.70431e-08,1.81664e-08,1.92546e-08,2.03321e-08,2.1336e-08,2.22756e-08,2.30458e-08,2.36446e-08,2.40243e-08,2.42067e-08,2.42172e-08,2.40075e-08,2.36299e-08,2.3064e-08,2.22639e-08,2.13543e-08,2.03411e-08,1.92282e-08,1.81056e-08,1.70466e-08,1.58726e-08
1.55708e-08,1.67024e-08,1.78115e-08,1.88803e-08,1.99421e-08,2.09283e-08,2.1857e-08,2.26149e-08,2.32041e-08,2.35769e-08,2.37578e-08,2.37672e-08,2.35613e-08,2.3191e-08,2.26353e-08,2.18447e-08,2.09506e-08,1.99473e-08,1.88579e-08,1.77453e-08,1.67013e-08,1.55411e-08
1.525e-08,1.63656e-08,1.74644e-08,1.85146e-08,1.95541e-08,2.05313e-08,2.1446e-08,2.21945e-08,2.27734e-08,2.31401e-08,2.33178e-08,2.33272e-08,2.31247e-08,2.27606e-08,2.22161e-08,2.14365e-08,2.05533e-08,1.95668e-08,1.84939e-08,1.73993e-08,1.63661e-08,1.52205e-08
1.49303e-08,1.6037e-08,1.71182e-08,1.81545e-08,1.91834e-08,2.0142e-08,2.10424e-08,2.17773e-08,2.23491e-08,2.27105e-08,2.28847e-08,2.28949e-08,2.26957e-08,2.23375e-08,2.18009e-08,2.10329e-08,2.0167e-08,1.9194e-08,1.8136e-08,1.70561e-08,1.60382e-08,1.49048e-08
1.46179e-08,1.57148e-08,1.67765e-08,1.77999e-08,1.88118e-08,1.97561e-08,2.06416e-08,2.13661e-08,2.19292e-08,2.22857e-08,2.24567e-08,2.24659e-08,2.22713e-08,2.19186e-08,2.13915e-08,2.06354e-08,1.97827e-08,1.88231e-08,1.77781e-08,1.67223e-08,1.57187e-08,1.45925e-08
1.43118e-08,1.53934e-08,1.64486e-08,1.74511e-08,1.845e-08,1.93813e-08,2.02504e-08,2.09653e-08,2.15203e-08,2.18686e-08,2.20388e-08,2.20485e-08,2.18559e-08,2.1509e-08,2.09904e-08,2.02446e-08,1.94065e-08,1.84602e-08,1.74351e-08,1.63883e-08,1.53952e-08,1.42878e-08
1.40054e-08,1.50766e-08,1.61182e-08,1.71054e-08,1.8092e-08,1.9008e-08,1.98634e-08,2.05669e-08,2.11132e-08,2.14569e-08,2.16247e-08,2.1634e-08,2.14443e-08,2.11024e-08,2.05931e-08,1.98604e-08,1.90334e-08,1.81054e-08,1.70915e-08,1.60597e-08,1.50799e-08,1.39882e-08
1.37159e-08,1.47593e-08,1.57978e-08,1.6774e-08,1.77435e-08,1.86469e-08,1.94877e-08,2.01776e-08,2.07182e-08,2.10545e-08,2.12211e-08,2.12298e-08,2.10427e-08,2.07071e-08,2.02052e-08,1.94843e-08,1.86695e-08,1.77533e-08,1.67602e-08,1.57385e-08,1.47687e-08,1.36901e-08
1.3413e-08,1.44598e-08,1.54763e-08,1.64339e-08,1.73902e-08,1.8279e-08,1.911e-08,1.97893e-08,2.032e-08,2.06522e-08,2.08158e-08,2.08246e-08,2.06406e-08,2.03109e-08,1.98189e-08,1.91066e-08,1.83067e-08,1.74027e-08,1.64221e-08,1.5421e-08,1.44666e-08,1.33956e-08
1.3123e-08,1.41591e-08,1.51642e-08,1.61068e-08,1.70492e-08,1.79246e-08,1.87402e-08,1.94113e-08,1.99337e-08,2.02608e-08,2.0422e-08,2.04316e-08,2.02493e-08,1.9925e-08,1.94416e-08,1.87403e-08,1.79529e-08,1.7063e-08,1.60959e-08,1.51083e-08,1.41658e-08,1.31082e-08
1.28379e-08,1.38642e-08,1.48576e-08,1.57866e-08,1.67157e-08,1.75773e-08,1.83789e-08,1.90404e-08,1.95562e-08,1.9877e-08,2.00367e-08,2.00445e-08,1.98672e-08,1.95473e-08,1.90722e-08,1.83815e-08,1.76072e-08,1.67292e-08,1.57762e-08,1.48028e-08,1.38732e-08,1.28265e-08
1.2559e-08,1.35707e-08,1.45528e-08,1.54678e-08,1.6383e-08,1.7235e-08,1.80216e-08,1.86731e-08,1.91803e-08,1.9496e-08,1.96534e-08,1.96632e-08,1.94865e-08,1.91726e-08,1.87053e-08,1.8025e-08,1.72626e-08,1.63999e-08,1.54592e-08,1.44996e-08,1.35815e-08,1.25482e-08
1.22866e-08,1.32881e-08,1.42545e-08,1.5159e-08,1.60602e-08,1.6901e-08,1.76766e-08,1.83158e-08,1.88168e-08,1.91269e-08,1.92832e-08,1.92905e-08,1.91186e-08,1.88102e-08,1.83496e-08,1.76813e-08,1.69286e-08,1.60784e-08,1.51525e-08,1.42078e-08,1.32993e-08,1.22754e-08
1.2015e-08,1.30037e-08,1.39614e-08,1.48485e-08,1.57406e-08,1.65666e-08,1.73284e-08,1.79593e-08,1.84516e-08,1.87577e-08,1.89102e-08,1.89193e-08,1.87487e-08,1.84462e-08,1.79937e-08,1.73341e-08,1.65964e-08,1.57574e-08,1.48447e-08,1.39139e-08,1.30156e-08,1.20057e-08
1.17486e-08,1.27276e-08,1.36763e-08,1.45477e-08,1.54281e-08,1.62426e-08,1.69921e-08,1.76135e-08,1.80974e-08,1.83984e-08,1.85502e-08,1.85581e-08,1.83905e-08,1.80929e-08,1.76476e-08,1.69984e-08,1.62716e-08,1.54469e-08,1.45449e-08,1.36267e-08,1.27399e-08,1.17422e-08
1.14895e-08,1.24591e-08,1.33937e-08,1.4255e-08,1.51222e-08,1.5924e-08,1.66605e-08,1.72726e-08,1.77495e-08,1.80465e-08,1.81957e-08,1.82042e-08,1.80386e-08,1.77456e-08,1.73083e-08,1.66682e-08,1.59531e-08,1.51402e-08,1.42534e-08,1.3345e-08,1.24695e-08,1.14835e-08
1.12327e-08,1.2189e-08,1.31128e-08,1.39644e-08,1.48227e-08,1.56088e-08,1.63323e-08,1.69357e-08,1.74067e-08,1.76986e-08,1.78457e-08,1.78539e-08,1.76912e-08,1.74035e-08,1.69723e-08,1.63435e-08,1.56395e-08,1.48377e-08,1.39648e-08,1.30718e-08,1.2203e-08,1.12284e-08
1.09822e-08,1.19291e-08,1.28425e-08,1.36828e-08,1.4529e-08,1.53058e-08,1.6018e-08,1.66095e-08,1.70759e-08,1.73595e-08,1.75074e-08,1.7513e-08,1.73562e-08,1.70702e-08,1.66454e-08,1.60285e-08,1.53329e-08,1.45437e-08,1.36835e-08,1.28013e-08,1.19465e-08,1.09786e-08
1.07358e-08,1.16686e-08,1.25735e-08,1.34012e-08,1.42338e-08,1.50001e-08,1.57035e-08,1.6286e-08,1.67426e-08,1.70242e-08,1.71695e-08,1.71764e-08,1.70186e-08,1.67399e-08,1.63227e-08,1.57129e-08,1.50322e-08,1.42548e-08,1.34032e-08,1.2533e-08,1.16896e-08,1.07349e-08
1.04926e-08,1.14195e-08,1.23097e-08,1.31277e-08,1.3948e-08,1.47043e-08,1.53948e-08,1.5968e-08,1.64185e-08,1.66961e-08,1.68385e-08,1.68455e-08,1.66909e-08,1.64167e-08,1.60057e-08,1.54053e-08,1.47356e-08,1.39667e-08,1.31305e-08,1.22714e-08,1.14365e-08,1.04931e-08
1.02567e-08,1.11744e-08,1.2052e-08,1.28602e-08,1.367e-08,1.44152e-08,1.50944e-08,1.56594e-08,1.61061e-08,1.63767e-08,1.6519e-08,1.65231e-08,1.63745e-08,1.61018e-08,1.56979e-08,1.5107e-08,1.44464e-08,1.36901e-08,1.28609e-08,1.20207e-08,1.11922e-08,1.02572e-08
1.00235e-08,1.09287e-08,1.17995e-08,1.25952e-08,1.33953e-08,1.4129e-08,1.47972e-08,1.53535e-08,1.57915e-08,1.60589e-08,1.6199e-08,1.6205e-08,1.60564e-08,1.57892e-08,1.53917e-08,1.481e-08,1.41601e-08,1.3414e-08,1.25986e-08,1.1765e-08,1.0949e-08,1.00256e-08
9.79735e-09,1.06904e-08,1.15537e-08,1.23401e-08,1.31329e-08,1.38577e-08,1.45104e-08,1.50592e-08,1.54932e-08,1.57527e-08,1.58934e-08,1.58976e-08,1.57534e-08,1.54889e-08,1.50964e-08,1.45265e-08,1.38826e-08,1.31477e-08,1.23437e-08,1.1523e-08,1.07149e-08,9.79888e-09
9.57466e-09,1.04581e-08,1.13101e-08,1.20871e-08,1.28667e-08,1.35795e-08,1.42261e-08,1.47649e-08,1.51908e-08,1.54501e-08,1.55868e-08,1.55919e-08,1.54485e-08,1.51903e-08,1.4803e-08,1.42407e-08,1.36101e-08,1.28848e-08,1.20906e-08,1.12781e-08,1.04829e-08,9.57728e-09
9.35602e-09,1.02309e-08,1.10737e-08,1.18382e-08,1.26092e-08,1.33121e-08,1.39483e-08,1.44793e-08,1.48984e-08,1.51538e-08,1.52895e-08,1.52946e-08,1.51528e-08,1.48977e-08,1.45176e-08,1.39628e-08,1.33427e-08,1.26269e-08,1.18441e-08,1.10456e-08,1.02528e-08,9.35993e-09
9.13921e-09,1.00061e-08,1.08358e-08,1.15921e-08,1.23484e-08,1.30399e-08,1.36685e-08,1.41931e-08,1.46039e-08,1.48574e-08,1.49882e-08,1.49967e-08,1.48545e-08,1.46048e-08,1.42316e-08,1.36832e-08,1.30749e-08,1.23697e-08,1.15957e-08,1.08078e-08,1.00299e-08,9.14513e-09
8.93493e-09,9.7932e-09,1.06112e-08,1.13605e-08,1.21095e-08,1.27968e-08,1.34132e-08,1.39274e-08,1.43352e-08,1.45828e-08,1.47132e-08,1.47182e-08,1.45831e-08,1.43358e-08,1.39662e-08,1.34273e-08,1.28274e-08,1.21296e-08,1.13693e-08,1.05862e-08,9.81539e-09,8.93982e-09
8.72843e-09,9.5716e-09,1.03869e-08,1.11265e-08,1.18681e-08,1.254e-08,1.3147e-08,1.36547e-08,1.40551e-08,1.42991e-08,1.44292e-08,1.44353e-08,1.43011e-08,1.4056e-08,1.36926e-08,1.31635e-08,1.2569e-08,1.18848e-08,1.1135e-08,1.03651e-08,9.60156e-09,8.73593e-09
8.53026e-09,9.36975e-09,1.01725e-08,1.09011e-08,1.16357e-08,1.23014e-08,1.28982e-08,1.33973e-08,1.37937e-08,1.40333e-08,1.41638e-08,1.41665e-08,1.40353e-08,1.37948e-08,1.34358e-08,1.29158e-08,1.23322e-08,1.16529e-08,1.09107e-08,1.01532e-08,9.39304e-09,8.5375e-09
8.33246e-09,9.16514e-09,9.95772e-09,1.06779e-08,1.13975e-08,1.20511e-08,1.2642e-08,1.31372e-08,1.35257e-08,1.37634e-08,1.38882e-08,1.38966e-08,1.37623e-08,1.35264e-08,1.31748e-08,1.26577e-08,1.20866e-08,1.14189e-08,1.06823e-08,9.93613e-09,9.19099e-09,8.34228e-09
8.14529e-09,8.96695e-09,9.75396e-09,1.04635e-08,1.1181e-08,1.1829e-08,1.24083e-08,1.28923e-08,1.32801e-08,1.35098e-08,1.36393e-08,1.36407e-08,1.35155e-08,1.32805e-08,1.293e-08,1.2426e-08,1.18572e-08,1.1199e-08,1.04739e-08,9.73536e-09,8.99324e-09,8.15456e-09
7.95879e-09,8.77188e-09,9.55069e-09,1.02526e-08,1.09622e-08,1.16008e-08,1.21711e-08,1.26483e-08,1.3029e-08,1.32567e-08,1.33845e-08,1.33861e-08,1.32614e-08,1.30314e-08,1.26852e-08,1.2189e-08,1.16309e-08,1.09786e-08,1.02626e-08,9.53299e-09,8.79974e-09,7.96895e-09
7.78011e-09,8.58193e-09,9.35295e-09,1.00485e-08,1.07574e-08,1.13874e-08,1.19454e-08,1.24136e-08,1.27928e-08,1.30131e-08,1.31437e-08,1.31404e-08,1.30226e-08,1.27928e-08,1.24498e-08,1.19648e-08,1.14079e-08,1.0768e-08,1.00645e-08,9.3452e-09,8.61263e-09,7.78887e-09
7.6012e-09,8.39998e-09,9.1563e-09,9.8465e-09,1.05394e-08,1.11624e-08,1.17152e-08,1.21778e-08,1.25491e-08,1.27699e-08,1.28951e-08,1.28957e-08,1.27758e-08,1.25523e-08,1.22145e-08,1.1733e-08,1.11898e-08,1.05537e-08,9.85756e-09,9.14491e-09,8.42582e-09,7.61237e-09
7.43018e-09,8.21977e-09,8.97256e-09,9.65164e-09,1.03365e-08,1.09512e-08,1.14961e-08,1.19533e-08,1.23197e-08,1.25366e-08,1.26608e-08,1.26619e-08,1.25431e-08,1.23213e-08,1.19896e-08,1.15147e-08,1.09798e-08,1.03518e-08,9.66288e-09,8.95939e-09,8.24721e-09,7.44176e-09
7.26196e-09,8.04229e-09,8.78861e-09,9.46064e-09,1.01378e-08,1.07449e-08,1.12822e-08,1.17323e-08,1.2093e-08,1.23066e-08,1.24306e-08,1.24303e-08,1.23151e-08,1.20972e-08,1.17677e-08,1.13004e-08,1.07723e-08,1.01534e-08,9.47399e-09,8.77821e-09,8.0734e-09,7.27464e-09
7.09972e-09,7.87253e-09,8.60874e-09,9.27359e-09,9.94503e-09,1.0546e-08,1.10739e-08,1.15175e-08,1.18737e-08,1.2085e-08,1.22073e-08,1.2207e-08,1.20928e-08,1.1878e-08,1.15517e-08,1.10925e-08,1.05706e-08,9.95901e-09,9.28427e-09,8.60055e-09,7.90248e-09,7.11025e-09
6.94269e-09,7.70478e-09,8.43459e-09,9.09403e-09,9.76635e-09,1.03583e-08,1.08752e-08,1.13106e-08,1.16662e-08,1.18691e-08,1.1995e-08,1.199e-08,1.18835e-08,1.16678e-08,1.13435e-08,1.08966e-08,1.03725e-08,9.77119e-09,9.11041e-09,8.43088e-09,7.73536e-09,6.95374e-09
6.7865e-09,7.54103e-09,8.26408e-09,8.91638e-09,9.57318e-09,1.01573e-08,1.06716e-08,1.1103e-08,1.145e-08,1.16551e-08,1.17753e-08,1.17743e-08,1.16645e-08,1.14554e-08,1.11361e-08,1.06906e-08,1.0182e-08,9.58598e-09,8.92823e-09,8.25889e-09,7.5742e-09,6.79912e-09
6.63642e-09,7.38835e-09,8.09914e-09,8.74528e-09,9.3954e-09,9.97271e-09,1.04798e-08,1.09061e-08,1.12484e-08,1.1451e-08,1.15707e-08,1.15695e-08,1.14605e-08,1.12527e-08,1.09387e-08,1.04993e-08,9.99893e-09,9.40831e-09,8.7569e-09,8.09771e-09,7.41715e-09,6.64919e-09
6.4901e-09,7.23312e-09,7.93917e-09,8.5762e-09,9.22081e-09,9.79277e-09,1.02918e-08,1.07109e-08,1.10527e-08,1.12486e-08,1.13699e-08,1.13649e-08,1.1262e-08,1.10553e-08,1.07426e-08,1.03113e-08,9.81405e-09,9.23168e-09,8.58897e-09,7.93554e-09,7.26231e-09,6.50335e-09
6.34996e-09,7.08416e-09,7.78214e-09,8.41355e-09,9.05242e-09,9.61715e-09,1.01098e-08,1.05237e-08,1.08581e-08,1.10535e-08,1.11722e-08,1.11686e-08,1.10652e-08,1.08632e-08,1.05538e-08,1.01285e-08,9.63991e-09,9.06235e-09,8.42674e-09,7.7776e-09,7.11689e-09,6.36172e-09
6.21183e-09,6.94035e-09,7.63169e-09,8.25694e-09,8.89873e-09,9.45713e-09,9.93821e-09,1.03436e-08,1.06798e-08,1.08665e-08,1.09891e-08,1.09799e-08,1.08851e-08,1.06827e-08,1.03722e-08,9.95869e-09,9.46766e-09,8.90266e-09,8.27662e-09,7.63494e-09,6.97152e-09,6.22632e-09
6.07517e-09,6.80162e-09,7.48854e-09,8.10336e-09,8.72965e-09,9.28125e-09,9.75954e-09,1.01628e-08,1.04893e-08,1.06805e-08,1.07974e-08,1.07919e-08,1.06922e-08,1.04946e-08,1.01916e-08,9.77841e-09,9.30551e-09,8.73827e-09,8.1184e-09,7.48222e-09,6.82782e-09,6.09112e-09
5.94654e-09,6.66108e-09,7.33929e-09,7.95049e-09,8.57053e-09,9.11684e-09,9.5895e-09,9.98657e-09,1.03099e-08,1.04974e-08,1.06135e-08,1.06083e-08,1.05103e-08,1.0316e-08,1.00147e-08,9.60794e-09,9.13715e-09,8.57938e-09,7.96466e-09,7.33944e-09,6.69171e-09,5.96028e-09
5.82291e-09,6.53287e-09,7.20464e-09,7.80763e-09,8.42265e-09,8.9664e-09,9.43333e-09,9.82357e-09,1.01424e-08,1.03281e-08,1.04463e-08,1.04363e-08,1.03424e-08,1.01523e-08,9.85141e-09,9.45079e-09,8.99091e-09,8.43333e-09,7.82454e-09,7.20534e-09,6.56344e-09,5.83651e-09
5.69929e-09,6.40283e-09,7.06489e-09,7.66405e-09,8.27253e-09,8.80747e-09,9.268e-09,9.65537e-09,9.97217e-09,1.01529e-08,1.02677e-08,1.02618e-08,1.01672e-08,9.97754e-09,9.68201e-09,9.28602e-09,8.82467e-09,8.27999e-09,7.67899e-09,7.0663e-09,6.43175e-09,5.71321e-09
5.58298e-09,6.27663e-09,6.93446e-09,7.5297e-09,8.14284e-09,8.67263e-09,9.12012e-09,9.5e-09,9.81761e-09,9.99127e-09,1.01089e-08,1.0098e-08,1.0013e-08,9.82023e-09,9.52355e-09,9.14146e-09,8.67618e-09,8.13882e-09,7.55017e-09,6.94292e-09,6.30835e-09,5.59544e-09
5.4658e-09,6.15463e-09,6.80556e-09,7.39342e-09,7.9905e-09,8.51338e-09,8.96256e-09,9.34033e-09,9.64869e-09,9.82638e-09,9.93979e-09,9.93214e-09,9.84098e-09,9.65599e-09,9.36454e-09,8.98097e-09,8.53132e-09,7.99689e-09,7.40662e-09,6.80939e-09,6.18428e-09,5.47914e-09
5.35493e-09,6.03768e-09,6.67902e-09,7.2633e-09,7.85544e-09,8.37459e-09,8.81871e-09,9.19057e-09,9.49652e-09,9.67221e-09,9.78583e-09,9.77485e-09,9.68684e-09,9.503e-09,9.21463e-09,8.83686e-09,8.39221e-09,7.86514e-09,7.27769e-09,6.69036e-09,6.06955e-09,5.37018e-09
5.2497e-09,5.92791e-09,6.56782e-09,7.14257e-09,7.72466e-09,8.24473e-09,8.68373e-09,9.04802e-09,9.35407e-09,9.52414e-09,9.64146e-09,9.62769e-09,9.54441e-09,9.36145e-09,9.07331e-09,8.69984e-09,8.26095e-09,7.73577e-09,7.15637e-09,6.57413e-09,5.95967e-09,5.26457e-09
5.14121e-09,5.81532e-09,6.4452e-09,7.01716e-09,7.59639e-09,8.10453e-09,8.53824e-09,8.90199e-09,9.20012e-09,9.37112e-09,9.4817e-09,9.47324e-09,9.38713e-09,9.20701e-09,8.92316e-09,8.5539e-09,8.12065e-09,7.60434e-09,7.03194e-09,6.4529e-09,5.84578e-09,5.1591e-09
5.03862e-09,5.69894e-09,6.32242e-09,6.8885e-09,7.46487e-09,7.96427e-09,8.39135e-09,8.75221e-09,9.04706e-09,9.21645e-09,9.32203e-09,9.31748e-09,9.23144e-09,9.05179e-09,8.7724e-09,8.40967e-09,7.97511e-09,7.46745e-09,6.90618e-09,6.33443e-09,5.73083e-09,5.05195e-09
4.94485e-09,5.60807e-09,6.22303e-09,6.78592e-09,7.35388e-09,7.851e-09,8.27453e-09,8.63084e-09,8.9241e-09,9.09047e-09,9.19861e-09,9.19036e-09,9.10514e-09,8.92829e-09,8.65218e-09,8.29196e-09,7.8685e-09,7.35705e-09,6.79964e-09,6.2322e-09,5.63444e-09,4.95978e-09
4.84304e-09,5.49545e-09,6.10383e-09,6.65936e-09,7.21064e-09,7.70054e-09,8.12572e-09,8.48089e-09,8.76248e-09,8.93619e-09,9.03367e-09,9.03519e-09,8.94348e-09,8.77405e-09,8.5012e-09,8.13977e-09,7.72718e-09,7.22418e-09,6.66789e-09,6.10945e-09,5.52518e-09,4.85771e-09
4.75934e-09,5.40631e-09,6.02032e-09,6.56264e-09,7.12261e-09,7.61454e-09,8.03116e-09,8.37387e-09,8.65967e-09,8.82309e-09,8.93534e-09,8.92042e-09,8.8411e-09,8.67176e-09,8.39345e-09,8.04409e-09,7.63506e-09,7.13193e-09,6.58149e-09,6.02653e-09,5.43695e-09,4.77608e-09
4.6695e-09,5.31071e-09,5.91107e-09,6.45522e-09,7.01106e-09,7.4943e-09,7.904e-09,8.24651e-09,8.52973e-09,8.69029e-09,8.79708e-09,8.78665e-09,8.70731e-09,8.53685e-09,8.26467e-09,7.919e-09,7.50815e-09,7.01512e-09,6.47189e-09,5.92345e-09,5.33875e-09,4.68376e-09
4.58648e-09,5.2181e-09,5.8159e-09,6.35526e-09,6.9198e-09,7.39854e-09,7.79685e-09,8.13178e-09,8.419e-09,8.5695e-09,8.68236e-09,8.66444e-09,8.59565e-09,8.42072e-09,8.14644e-09,7.81503e-09,7.39543e-09,6.9117e-09,6.38248e-09,5.83385e-09,5.24811e-09,4.59997e-09
4.5009e-09,5.13352e-09,5.72328e-09,6.25684e-09,6.80064e-09,7.27549e-09,7.67626e-09,8.01249e-09,8.29127e-09,8.4478e-09,8.55181e-09,8.54195e-09,8.46343e-09,8.29514e-09,8.02931e-09,7.69201e-09,7.28989e-09,6.80285e-09,6.27349e-09,5.73287e-09,5.15921e-09,4.51644e-09
4.42069e-09,5.04422e-09,5.62897e-09,6.15847e-09,6.69623e-09,7.16883e-09,7.56413e-09,7.89476e-09,8.16913e-09,8.32507e-09,8.42929e-09,8.41798e-09,8.34232e-09,8.17677e-09,7.91021e-09,7.57791e-09,7.17785e-09,6.69973e-09,6.17654e-09,5.63915e-09,5.07091e-09,4.43491e-09
4.34265e-09,4.96331e-09,5.54631e-09,6.06546e-09,6.59927e-09,7.07183e-09,7.46543e-09,7.78842e-09,8.06478e-09,8.21389e-09,8.32532e-09,8.30596e-09,8.23719e-09,8.07197e-09,7.80402e-09,7.4765e-09,7.08266e-09,6.60953e-09,6.08176e-09,5.55529e-09,4.9906e-09,4.3609e-09
4.26523e-09,4.87931e-09,5.45167e-09,5.97129e-09,6.50223e-09,6.96462e-09,7.35211e-09,7.67632e-09,7.94587e-09,8.09687e-09,8.19972e-09,8.18795e-09,8.11408e-09,7.9528e-09,7.69039e-09,7.36631e-09,6.97468e-09,6.50451e-09,5.98793e-09,5.46382e-09,4.90586e-09,4.27886e-09
4.19718e-09,4.8016e-09,5.36945e-09,5.88474e-09,6.42639e-09,6.88506e-09,7.26107e-09,7.57878e-09,7.85107e-09,7.99401e-09,8.10216e-09,8.08138e-09,8.01889e-09,7.8504e-09,7.58906e-09,7.2786e-09,6.87994e-09,6.41541e-09,5.91476e-09,5.3902e-09,4.82585e-09,4.2088e-09
4.12062e-09,4.72256e-09,5.28546e-09,5.79471e-09,6.31638e-09,6.77048e-09,7.15022e-09,7.46698e-09,7.73095e-09,7.87939e-09,7.98025e-09,7.96758e-09,7.89605e-09,7.73826e-09,7.47947e-09,7.16293e-09,6.77953e-09,6.3173e-09,5.81177e-09,5.29813e-09,4.7484e-09,4.13523e-09
4.0517e-09,4.64817e-09,5.20589e-09,5.71155e-09,6.22809e-09,6.67847e-09,7.0538e-09,7.36736e-09,7.62926e-09,7.77529e-09,7.87596e-09,7.8626e-09,7.79276e-09,7.63808e-09,7.37893e-09,7.06686e-09,6.6866e-09,6.22807e-09,5.72914e-09,5.2197e-09,4.67757e-09,4.06555e-09
3.98631e-09,4.57888e-09,5.13647e-09,5.6308e-09,6.14247e-09,6.59406e-09,6.96742e-09,7.27379e-09,7.53216e-09,7.67706e-09,7.78229e-09,7.76364e-09,7.69672e-09,7.54358e-09,7.28584e-09,6.97735e-09,6.60518e-09,6.14835e-09,5.65004e-09,5.14633e-09,4.60572e-09,4.00299e-09
3.92013e-09,4.50595e-09,5.05384e-09,5.54842e-09,6.05807e-09,6.49929e-09,6.86637e-09,7.17436e-09,7.43012e-09,7.57422e-09,7.67295e-09,7.65942e-09,7.59017e-09,7.43685e-09,7.18332e-09,6.87988e-09,6.50585e-09,6.05629e-09,5.56563e-09,5.06663e-09,4.53e-09,3.93387e-09
3.86178e-09,4.44241e-09,4.98456e-09,5.47564e-09,5.99439e-09,6.43559e-09,6.79161e-09,7.08928e-09,7.34829e-09,7.48578e-09,7.58809e-09,7.56942e-09,7.50772e-09,7.3574e-09,7.09652e-09,6.80603e-09,6.42481e-09,5.98222e-09,5.50629e-09,5.0052e-09,4.46716e-09,3.87504e-09
3.79747e-09,4.3692e-09,4.91171e-09,5.39687e-09,5.89621e-09,6.33128e-09,6.69077e-09,6.99106e-09,7.23919e-09,7.38356e-09,7.47846e-09,7.46877e-09,7.3956e-09,7.25269e-09,7.00045e-09,6.70179e-09,6.33874e-09,5.89816e-09,5.41548e-09,4.92087e-09,4.39667e-09,3.81104e-09
3.73634e-09,4.30649e-09,4.83909e-09,5.32214e-09,5.81608e-09,6.24816e-09,6.60418e-09,6.90146e-09,7.14646e-09,7.28953e-09,7.38386e-09,7.37271e-09,7.30202e-09,7.15954e-09,6.9093e-09,6.61487e-09,6.25384e-09,5.81595e-09,5.33891e-09,4.85153e-09,4.32956e-09,3.74929e-09
3.6797e-09,4.24736e-09,4.77752e-09,5.25302e-09,5.74078e-09,6.17433e-09,6.52783e-09,6.8177e-09,7.06048e-09,7.20253e-09,7.30091e-09,7.28437e-09,7.2164e-09,7.07906e-09,6.82666e-09,6.53476e-09,6.18179e-09,5.74436e-09,5.26953e-09,4.78807e-09,4.27111e-09,3.69503e-09
3.61822e-09,4.18004e-09,4.70079e-09,5.17502e-09,5.65978e-09,6.0845e-09,6.43453e-09,6.72635e-09,6.97046e-09,7.10638e-09,7.20096e-09,7.18664e-09,7.12197e-09,6.97644e-09,6.73297e-09,6.44592e-09,6.08878e-09,5.65787e-09,5.19274e-09,4.71252e-09,4.2018e-09,3.63261e-09
3.5689e-09,4.12497e-09,4.64209e-09,5.11217e-09,5.60677e-09,6.02716e-09,6.367e-09,6.65259e-09,6.90472e-09,7.02802e-09,7.12864e-09,7.10732e-09,7.05285e-09,6.89858e-09,6.65863e-09,6.38163e-09,6.0151e-09,5.59075e-09,5.14068e-09,4.66102e-09,4.1438e-09,3.58195e-09
3.50902e-09,4.05878e-09,4.57374e-09,5.03603e-09,5.51364e-09,5.93057e-09,6.27368e-09,6.55983e-09,6.79947e-09,6.93285e-09,7.02559e-09,7.01079e-09,6.94776e-09,6.805e-09,6.56503e-09,6.28444e-09,5.9337e-09,5.51183e-09,5.05376e-09,4.58306e-09,4.08058e-09,3.52246e-09
3.4546e-09,4.00114e-09,4.50874e-09,4.9705e-09,5.44126e-09,5.85505e-09,6.19534e-09,6.47823e-09,6.71641e-09,6.84772e-09,6.94009e-09,6.92519e-09,6.86271e-09,6.72133e-09,6.48417e-09,6.20621e-09,5.85926e-09,5.43849e-09,4.98738e-09,4.51975e-09,4.02218e-09,3.4696e-09
3.40356e-09,3.94273e-09,4.44709e-09,4.90472e-09,5.36963e-09,5.78036e-09,6.11869e-09,6.39867e-09,6.63357e-09,6.76388e-09,6.85578e-09,6.8404e-09,6.77964e-09,6.63858e-09,6.40418e-09,6.12764e-09,5.78498e-09,5.36672e-09,4.92063e-09,4.46e-09,3.96587e-09,3.41669e-09
3.352e-09,3.88796e-09,4.38656e-09,4.83914e-09,5.30272e-09,5.70861e-09,6.04355e-09,6.3204e-09,6.55378e-09,6.68292e-09,6.77398e-09,6.7585e-09,6.69807e-09,6.558e-09,6.32544e-09,6.05249e-09,5.71183e-09,5.30068e-09,4.85631e-09,4.39978e-09,3.90815e-09,3.36645e-09
3.30782e-09,3.83568e-09,4.33049e-09,4.77819e-09,5.25513e-09,5.65691e-09,5.98062e-09,6.25049e-09,6.48999e-09,6.60819e-09,6.70558e-09,6.68181e-09,6.63294e-09,6.48736e-09,6.25428e-09,5.99373e-09,5.64167e-09,5.24005e-09,4.80783e-09,4.35209e-09,3.8556e-09,3.32133e-09
3.25373e-09,3.78026e-09,4.26939e-09,4.71344e-09,5.16764e-09,5.56793e-09,5.89673e-09,6.16802e-09,6.39616e-09,6.52272e-09,6.61218e-09,6.5966e-09,6.53765e-09,6.40038e-09,6.17175e-09,5.90484e-09,5.57008e-09,5.16605e-09,4.73039e-09,4.28154e-09,3.79934e-09,3.26754e-09
3.19876e-09,3.7199e-09,4.20079e-09,4.64266e-09,5.07943e-09,5.47128e-09,5.80276e-09,6.07926e-09,6.29486e-09,6.43209e-09,6.50774e-09,6.50469e-09,6.43422e-09,6.30049e-09,6.08224e-09,5.80962e-09,5.49202e-09,5.08384e-09,4.65075e-09,4.20874e-09,3.73623e-09,3.21227e-09
3.15975e-09,3.67775e-09,4.15763e-09,4.59307e-09,5.04057e-09,5.43483e-09,5.75644e-09,6.02295e-09,6.2463e-09,6.37098e-09,6.45862e-09,6.44351e-09,6.38518e-09,6.25074e-09,6.02473e-09,5.76406e-09,5.4356e-09,5.03674e-09,4.61038e-09,4.16873e-09,3.69484e-09,3.17473e-09
3.11218e-09,3.62446e-09,4.10079e-09,4.53301e-09,4.97514e-09,5.3649e-09,5.68464e-09,5.94825e-09,6.17028e-09,6.29296e-09,6.37997e-09,6.3641e-09,6.30703e-09,6.17371e-09,5.95119e-09,5.69223e-09,5.36672e-09,4.97337e-09,4.54977e-09,4.11248e-09,3.64212e-09,3.12607e-09
3.07087e-09,3.57547e-09,4.04882e-09,4.47758e-09,4.93277e-09,5.31933e-09,5.62643e-09,5.88358e-09,6.11219e-09,6.22445e-09,6.31803e-09,6.29434e-09,6.248e-09,6.10876e-09,5.8853e-09,5.63884e-09,5.30183e-09,4.91724e-09,4.50597e-09,4.06851e-09,3.59234e-09,3.08285e-09
3.02321e-09,3.52765e-09,3.99528e-09,4.418e-09,4.85308e-09,5.23791e-09,5.55165e-09,5.80995e-09,6.03282e-09,6.14854e-09,6.23721e-09,6.21817e-09,6.16667e-09,6.03078e-09,5.81202e-09,5.55991e-09,5.23599e-09,4.85175e-09,4.43471e-09,4.00679e-09,3.54203e-09,3.03819e-09
2.97915e-09,3.47926e-09,3.9424e-09,4.36223e-09,4.7929e-09,5.17333e-09,5.48445e-09,5.73997e-09,5.9558e-09,6.07577e-09,6.15958e-09,6.14392e-09,6.08894e-09,5.95903e-09,5.74358e-09,5.49135e-09,5.17435e-09,4.79156e-09,4.37893e-09,3.95345e-09,3.49428e-09,2.99389e-09
2.9359e-09,3.4306e-09,3.88944e-09,4.30547e-09,4.73201e-09,5.10946e-09,5.41734e-09,5.67133e-09,5.88462e-09,6.0033e-09,6.08693e-09,6.07144e-09,6.01606e-09,5.88715e-09,5.67273e-09,5.42389e-09,5.11082e-09,4.73015e-09,4.32349e-09,3.90058e-09,3.44527e-09,2.94983e-09
2.89616e-09,3.3835e-09,3.83935e-09,4.25561e-09,4.67732e-09,5.04915e-09,5.35505e-09,5.60611e-09,5.81891e-09,5.93482e-09,6.01794e-09,6.00188e-09,5.94844e-09,5.82278e-09,5.60841e-09,5.36125e-09,5.05184e-09,4.67537e-09,4.26941e-09,3.84979e-09,3.40326e-09,2.90863e-09
2.8567e-09,3.33618e-09,3.79099e-09,4.20121e-09,4.63579e-09,5.0055e-09,5.2998e-09,5.54577e-09,5.76257e-09,5.86828e-09,5.95918e-09,5.93528e-09,5.8915e-09,5.75777e-09,5.54449e-09,5.31116e-09,4.98756e-09,4.62008e-09,4.22869e-09,3.81038e-09,3.35158e-09,2.87068e-09
2.81064e-09,3.29097e-09,3.7384e-09,4.14378e-09,4.55732e-09,4.92603e-09,5.22605e-09,5.47295e-09,5.67935e-09,5.79443e-09,5.87691e-09,5.86004e-09,5.80713e-09,5.6818e-09,5.47366e-09,5.23232e-09,4.92731e-09,4.55639e-09,4.16031e-09,3.74917e-09,3.30446e-09,2.82489e-09
2.7701e-09,3.24632e-09,3.68894e-09,4.09059e-09,4.50206e-09,4.86777e-09,5.16381e-09,5.40829e-09,5.61347e-09,5.72735e-09,5.80806e-09,5.7922e-09,5.7395e-09,5.61577e-09,5.40893e-09,5.17044e-09,4.86851e-09,4.50125e-09,4.10743e-09,3.69908e-09,3.2596e-09,2.78547e-09
2.73093e-09,3.20224e-09,3.64081e-09,4.04104e-09,4.44698e-09,4.80821e-09,5.10291e-09,5.3445e-09,5.54801e-09,5.66074e-09,5.74116e-09,5.72531e-09,5.67269e-09,5.5502e-09,5.34584e-09,5.10935e-09,4.80883e-09,4.44469e-09,4.05614e-09,3.65103e-09,3.21429e-09,2.74504e-09
2.69155e-09,3.1582e-09,3.59369e-09,3.98856e-09,4.39199e-09,4.75012e-09,5.04185e-09,5.28118e-09,5.4824e-09,5.59472e-09,5.67357e-09,5.65783e-09,5.60566e-09,5.48427e-09,5.28275e-09,5.04752e-09,4.75068e-09,4.38988e-09,4.0033e-09,3.60426e-09,3.17005e-09,2.70585e-09
2.65826e-09,3.1165e-09,3.54857e-09,3.94283e-09,4.35537e-09,4.71187e-09,4.99338e-09,5.22612e-09,5.43275e-09,5.53534e-09,5.62134e-09,5.59761e-09,5.55605e-09,5.42834e-09,5.22547e-09,5.00166e-09,4.69486e-09,4.3445e-09,3.96783e-09,3.56699e-09,3.12909e-09,2.6701e-09
