# xi1
# underflow	 -509.17393    	 0.49091267    
# overflow	 -1.8878220    	 0.56853296E-01
# sum	 -729.02105    	 0.96444512    
# xmin	xmax	cross	numerror
  1034.0000    	  1035.0000    	-0.75078430    	 0.54031281E-01
  1035.0000    	  1036.0000    	-0.59421759    	 0.52266241E-01
  1036.0000    	  1037.0000    	-0.59718494    	 0.50081347E-01
  1037.0000    	  1038.0000    	-0.66059203    	 0.48815067E-01
  1038.0000    	  1039.0000    	-0.58699782    	 0.42918003E-01
  1039.0000    	  1040.0000    	-0.47456281    	 0.39080118E-01
  1040.0000    	  1041.0000    	-0.46232447    	 0.38966416E-01
  1041.0000    	  1042.0000    	-0.39176828    	 0.33333301E-01
  1042.0000    	  1043.0000    	-0.32980328    	 0.28597359E-01
  1043.0000    	  1044.0000    	-0.25763415    	 0.23002838E-01
  1044.0000    	  1045.0000    	-0.20322178    	 0.18836843E-01
  1045.0000    	  1046.0000    	-0.56326524    	 0.52890249E-01
  1046.0000    	  1047.0000    	-0.65587557    	 0.51060426E-01
  1047.0000    	  1048.0000    	-0.65745395    	 0.53184493E-01
  1048.0000    	  1049.0000    	-0.59482075    	 0.48123191E-01
  1049.0000    	  1050.0000    	-0.57505609    	 0.45133679E-01
  1050.0000    	  1051.0000    	-0.43779677    	 0.39365257E-01
  1051.0000    	  1052.0000    	-0.47110419    	 0.35466955E-01
  1052.0000    	  1053.0000    	-0.37381368    	 0.32671379E-01
  1053.0000    	  1054.0000    	-0.33370124    	 0.28605294E-01
  1054.0000    	  1055.0000    	-0.25029808    	 0.22814299E-01
  1055.0000    	  1056.0000    	-0.22203501    	 0.19153420E-01
  1056.0000    	  1057.0000    	-0.72571203    	 0.53683083E-01
  1057.0000    	  1058.0000    	-0.72329514    	 0.53023434E-01
  1058.0000    	  1059.0000    	-0.65693206    	 0.55441209E-01
  1059.0000    	  1060.0000    	-0.59857949    	 0.47747483E-01
  1060.0000    	  1061.0000    	-0.47906073    	 0.45615744E-01
  1061.0000    	  1062.0000    	-0.47092601    	 0.36898232E-01
  1062.0000    	  1063.0000    	-0.43940926    	 0.36405422E-01
  1063.0000    	  1064.0000    	-0.36165838    	 0.31404460E-01
  1064.0000    	  1065.0000    	-0.32808041    	 0.29275620E-01
  1065.0000    	  1066.0000    	-0.23698274    	 0.21220920E-01
  1066.0000    	  1067.0000    	-0.17793889    	 0.18595656E-01
  1067.0000    	  1068.0000    	-0.75671973    	 0.51108443E-01
  1068.0000    	  1069.0000    	-0.63462716    	 0.54106780E-01
  1069.0000    	  1070.0000    	-0.57234978    	 0.53349737E-01
  1070.0000    	  1071.0000    	-0.54051720    	 0.49956284E-01
  1071.0000    	  1072.0000    	-0.52240262    	 0.43685955E-01
  1072.0000    	  1073.0000    	-0.52609038    	 0.39315049E-01
  1073.0000    	  1074.0000    	-0.40345538    	 0.32741078E-01
  1074.0000    	  1075.0000    	-0.36258207    	 0.32596332E-01
  1075.0000    	  1076.0000    	-0.30245481    	 0.26432365E-01
  1076.0000    	  1077.0000    	-0.22648535    	 0.24732100E-01
  1077.0000    	  1078.0000    	-0.18610594    	 0.19608046E-01
  1078.0000    	  1079.0000    	-0.65175891    	 0.50924218E-01
  1079.0000    	  1080.0000    	-0.61354948    	 0.51748692E-01
  1080.0000    	  1081.0000    	-0.61417333    	 0.49163171E-01
  1081.0000    	  1082.0000    	-0.53978938    	 0.48065585E-01
  1082.0000    	  1083.0000    	-0.49519974    	 0.41663469E-01
  1083.0000    	  1084.0000    	-0.47052266    	 0.37536810E-01
  1084.0000    	  1085.0000    	-0.37571676    	 0.32542630E-01
  1085.0000    	  1086.0000    	-0.35028796    	 0.30020745E-01
  1086.0000    	  1087.0000    	-0.28210313    	 0.24900186E-01
  1087.0000    	  1088.0000    	-0.27662245    	 0.22873358E-01
  1088.0000    	  1089.0000    	-0.21586822    	 0.19349622E-01
  1089.0000    	  1090.0000    	-0.54369307    	 0.52849806E-01
  1090.0000    	  1091.0000    	-0.60202861    	 0.51143179E-01
  1091.0000    	  1092.0000    	-0.57336876    	 0.49971637E-01
  1092.0000    	  1093.0000    	-0.49666156    	 0.46509563E-01
  1093.0000    	  1094.0000    	-0.47024667    	 0.39918895E-01
  1094.0000    	  1095.0000    	-0.43237723    	 0.37528506E-01
  1095.0000    	  1096.0000    	-0.38229202    	 0.33650462E-01
  1096.0000    	  1097.0000    	-0.29810354    	 0.30705471E-01
  1097.0000    	  1098.0000    	-0.27499093    	 0.26505792E-01
  1098.0000    	  1099.0000    	-0.20296545    	 0.23670451E-01
  1099.0000    	  1100.0000    	-0.16017657    	 0.19764924E-01
  1100.0000    	  1101.0000    	-0.65616884    	 0.52935166E-01
  1101.0000    	  1102.0000    	-0.59709611    	 0.46820913E-01
  1102.0000    	  1103.0000    	-0.59109679    	 0.46579676E-01
  1103.0000    	  1104.0000    	-0.57551322    	 0.49835048E-01
  1104.0000    	  1105.0000    	-0.48322124    	 0.41344327E-01
  1105.0000    	  1106.0000    	-0.47576317    	 0.36978059E-01
  1106.0000    	  1107.0000    	-0.39691794    	 0.34873224E-01
  1107.0000    	  1108.0000    	-0.36209890    	 0.33693772E-01
  1108.0000    	  1109.0000    	-0.27373368    	 0.24521902E-01
  1109.0000    	  1110.0000    	-0.23394072    	 0.23254921E-01
  1110.0000    	  1111.0000    	-0.12339672    	 0.20235012E-01
  1111.0000    	  1112.0000    	-0.55731468    	 0.49486494E-01
  1112.0000    	  1113.0000    	-0.60431033    	 0.48045881E-01
  1113.0000    	  1114.0000    	-0.53715427    	 0.45042282E-01
  1114.0000    	  1115.0000    	-0.56947646    	 0.48313361E-01
  1115.0000    	  1116.0000    	-0.52307594    	 0.43822386E-01
  1116.0000    	  1117.0000    	-0.39905532    	 0.38825592E-01
  1117.0000    	  1118.0000    	-0.37406685    	 0.33374672E-01
  1118.0000    	  1119.0000    	-0.30745535    	 0.27681216E-01
  1119.0000    	  1120.0000    	-0.30776762    	 0.25025597E-01
  1120.0000    	  1121.0000    	-0.23687804    	 0.23054866E-01
  1121.0000    	  1122.0000    	-0.18089463    	 0.20328745E-01
  1122.0000    	  1123.0000    	-0.58881703    	 0.51168656E-01
  1123.0000    	  1124.0000    	-0.65767506    	 0.51055324E-01
  1124.0000    	  1125.0000    	-0.59280746    	 0.46290589E-01
  1125.0000    	  1126.0000    	-0.59516344    	 0.45615130E-01
  1126.0000    	  1127.0000    	-0.47959935    	 0.40297062E-01
  1127.0000    	  1128.0000    	-0.42352328    	 0.36910576E-01
  1128.0000    	  1129.0000    	-0.34111775    	 0.33241075E-01
  1129.0000    	  1130.0000    	-0.32600097    	 0.27816260E-01
  1130.0000    	  1131.0000    	-0.24724267    	 0.25294605E-01
  1131.0000    	  1132.0000    	-0.22973329    	 0.20538566E-01
  1132.0000    	  1133.0000    	-0.16863738    	 0.19388581E-01
  1133.0000    	  1134.0000    	-0.56307934    	 0.49700690E-01
  1134.0000    	  1135.0000    	-0.51890388    	 0.50144006E-01
  1135.0000    	  1136.0000    	-0.58262213    	 0.46278604E-01
  1136.0000    	  1137.0000    	-0.57319904    	 0.44879807E-01
  1137.0000    	  1138.0000    	-0.48243599    	 0.39120199E-01
  1138.0000    	  1139.0000    	-0.43581402    	 0.35759166E-01
  1139.0000    	  1140.0000    	-0.39396710    	 0.33895700E-01
  1140.0000    	  1141.0000    	-0.27212910    	 0.26186397E-01
  1141.0000    	  1142.0000    	-0.25262465    	 0.24245802E-01
  1142.0000    	  1143.0000    	-0.19836938    	 0.20002111E-01
  1143.0000    	  1144.0000    	-0.20439885    	 0.18005828E-01
  1144.0000    	  1145.0000    	-0.55279819    	 0.46555545E-01
  1145.0000    	  1146.0000    	-0.52434106    	 0.48648430E-01
  1146.0000    	  1147.0000    	-0.63732000    	 0.48222616E-01
  1147.0000    	  1148.0000    	-0.55390723    	 0.41638574E-01
  1148.0000    	  1149.0000    	-0.43743356    	 0.37520224E-01
  1149.0000    	  1150.0000    	-0.36916239    	 0.37487938E-01
  1150.0000    	  1151.0000    	-0.38196233    	 0.33262958E-01
  1151.0000    	  1152.0000    	-0.32288145    	 0.25932805E-01
  1152.0000    	  1153.0000    	-0.23457559    	 0.23171009E-01
  1153.0000    	  1154.0000    	-0.19137901    	 0.19921002E-01
  1154.0000    	  1155.0000    	-0.17164865    	 0.18614626E-01
  1155.0000    	  1156.0000    	-0.57347479    	 0.49716000E-01
  1156.0000    	  1157.0000    	-0.57926513    	 0.46656698E-01
  1157.0000    	  1158.0000    	-0.51150219    	 0.45159358E-01
  1158.0000    	  1159.0000    	-0.46174309    	 0.40385220E-01
  1159.0000    	  1160.0000    	-0.48038111    	 0.39772823E-01
  1160.0000    	  1161.0000    	-0.42377162    	 0.41882360E-01
  1161.0000    	  1162.0000    	-0.35210638    	 0.33533421E-01
  1162.0000    	  1163.0000    	-0.33404054    	 0.27071708E-01
  1163.0000    	  1164.0000    	-0.24745367    	 0.22711289E-01
  1164.0000    	  1165.0000    	-0.24225616    	 0.19525959E-01
  1165.0000    	  1166.0000    	-0.14187726    	 0.15308354E-01
  1166.0000    	  1167.0000    	-0.55565804    	 0.49363979E-01
  1167.0000    	  1168.0000    	-0.59603695    	 0.45981839E-01
  1168.0000    	  1169.0000    	-0.45442084    	 0.43883143E-01
  1169.0000    	  1170.0000    	-0.53190592    	 0.42386283E-01
  1170.0000    	  1171.0000    	-0.36114963    	 0.43290003E-01
  1171.0000    	  1172.0000    	-0.36984949    	 0.40593176E-01
  1172.0000    	  1173.0000    	-0.27628278    	 0.35054518E-01
  1173.0000    	  1174.0000    	-0.22889174    	 0.29179530E-01
  1174.0000    	  1175.0000    	-0.22425101    	 0.22665952E-01
  1175.0000    	  1176.0000    	-0.18009342    	 0.18496983E-01
  1176.0000    	  1177.0000    	-0.15455085    	 0.14333106E-01
  1177.0000    	  1178.0000    	-0.64820246    	 0.49009159E-01
  1178.0000    	  1179.0000    	-0.57524748    	 0.47693920E-01
  1179.0000    	  1180.0000    	-0.51593559    	 0.44282762E-01
  1180.0000    	  1181.0000    	-0.48439423    	 0.42166669E-01
  1181.0000    	  1182.0000    	-0.37349220    	 0.38017003E-01
  1182.0000    	  1183.0000    	-0.34421704    	 0.35182097E-01
  1183.0000    	  1184.0000    	-0.35726153    	 0.36110284E-01
  1184.0000    	  1185.0000    	-0.31876825    	 0.29808051E-01
  1185.0000    	  1186.0000    	-0.19671152    	 0.23327899E-01
  1186.0000    	  1187.0000    	-0.18821811    	 0.21434315E-01
  1187.0000    	  1188.0000    	-0.16478518    	 0.16297032E-01
  1188.0000    	  1189.0000    	-0.52360323    	 0.48100147E-01
  1189.0000    	  1190.0000    	-0.54556440    	 0.45459354E-01
  1190.0000    	  1191.0000    	-0.48533687    	 0.42555389E-01
  1191.0000    	  1192.0000    	-0.43749406    	 0.41698168E-01
  1192.0000    	  1193.0000    	-0.42930526    	 0.36500048E-01
  1193.0000    	  1194.0000    	-0.36163132    	 0.34883838E-01
  1194.0000    	  1195.0000    	-0.28743303    	 0.28649865E-01
  1195.0000    	  1196.0000    	-0.28539277    	 0.30917796E-01
  1196.0000    	  1197.0000    	-0.25836710    	 0.23453285E-01
  1197.0000    	  1198.0000    	-0.19870928    	 0.20516144E-01
  1198.0000    	  1199.0000    	-0.14151608    	 0.16294883E-01
  1199.0000    	  1200.0000    	-0.45361482    	 0.47662367E-01
  1200.0000    	  1201.0000    	-0.58150594    	 0.46734689E-01
  1201.0000    	  1202.0000    	-0.43063793    	 0.43257932E-01
  1202.0000    	  1203.0000    	-0.46262684    	 0.42426148E-01
  1203.0000    	  1204.0000    	-0.45751975    	 0.39430450E-01
  1204.0000    	  1205.0000    	-0.39403300    	 0.33784921E-01
  1205.0000    	  1206.0000    	-0.35603895    	 0.29327253E-01
  1206.0000    	  1207.0000    	-0.24809597    	 0.25817057E-01
  1207.0000    	  1208.0000    	-0.23039554    	 0.23937512E-01
  1208.0000    	  1209.0000    	-0.16420202    	 0.19749278E-01
  1209.0000    	  1210.0000    	-0.13945538    	 0.14553489E-01
  1210.0000    	  1211.0000    	-0.56000054    	 0.49422772E-01
  1211.0000    	  1212.0000    	-0.43729898    	 0.48890850E-01
  1212.0000    	  1213.0000    	-0.46580993    	 0.43727698E-01
  1213.0000    	  1214.0000    	-0.39774921    	 0.40687729E-01
  1214.0000    	  1215.0000    	-0.41714184    	 0.35497737E-01
  1215.0000    	  1216.0000    	-0.38948570    	 0.33979956E-01
  1216.0000    	  1217.0000    	-0.26181251    	 0.31313606E-01
  1217.0000    	  1218.0000    	-0.24006100    	 0.25163642E-01
  1218.0000    	  1219.0000    	-0.21814768    	 0.22195678E-01
  1219.0000    	  1220.0000    	-0.18839971    	 0.17181950E-01
  1220.0000    	  1221.0000    	-0.14414804    	 0.14904660E-01
  1221.0000    	  1222.0000    	-0.44461303    	 0.44741639E-01
  1222.0000    	  1223.0000    	-0.50258507    	 0.44991175E-01
  1223.0000    	  1224.0000    	-0.57153324    	 0.45160935E-01
  1224.0000    	  1225.0000    	-0.43237299    	 0.39871391E-01
  1225.0000    	  1226.0000    	-0.36915502    	 0.34423632E-01
  1226.0000    	  1227.0000    	-0.36501651    	 0.34944594E-01
  1227.0000    	  1228.0000    	-0.30166795    	 0.30457286E-01
  1228.0000    	  1229.0000    	-0.23921401    	 0.23761618E-01
  1229.0000    	  1230.0000    	-0.18965172    	 0.20539904E-01
  1230.0000    	  1231.0000    	-0.17365600    	 0.16755163E-01
  1231.0000    	  1232.0000    	-0.14372990    	 0.14410249E-01
  1232.0000    	  1233.0000    	-0.49574255    	 0.43227378E-01
  1233.0000    	  1234.0000    	-0.40740417    	 0.45116940E-01
  1234.0000    	  1235.0000    	-0.42230454    	 0.42466722E-01
  1235.0000    	  1236.0000    	-0.35987547    	 0.39979712E-01
  1236.0000    	  1237.0000    	-0.42571194    	 0.34294587E-01
  1237.0000    	  1238.0000    	-0.28121598    	 0.32179642E-01
  1238.0000    	  1239.0000    	-0.35862501    	 0.28048798E-01
  1239.0000    	  1240.0000    	-0.28824689    	 0.24762765E-01
  1240.0000    	  1241.0000    	-0.23454084    	 0.21739180E-01
  1241.0000    	  1242.0000    	-0.15513860    	 0.17715876E-01
  1242.0000    	  1243.0000    	-0.14064121    	 0.13435022E-01
  1243.0000    	  1244.0000    	-0.51777026    	 0.48025315E-01
  1244.0000    	  1245.0000    	-0.41138370    	 0.43460595E-01
  1245.0000    	  1246.0000    	-0.37053315    	 0.42919167E-01
  1246.0000    	  1247.0000    	-0.51745814    	 0.40232198E-01
  1247.0000    	  1248.0000    	-0.39246356    	 0.37295851E-01
  1248.0000    	  1249.0000    	-0.38065460    	 0.31068270E-01
  1249.0000    	  1250.0000    	-0.30731048    	 0.27353133E-01
  1250.0000    	  1251.0000    	-0.26538781    	 0.24701306E-01
  1251.0000    	  1252.0000    	-0.19379202    	 0.21439546E-01
  1252.0000    	  1253.0000    	-0.18349405    	 0.17376719E-01
  1253.0000    	  1254.0000    	-0.10961358    	 0.14216789E-01
  1254.0000    	  1255.0000    	-0.47907127    	 0.47866557E-01
  1255.0000    	  1256.0000    	-0.47341201    	 0.43412935E-01
  1256.0000    	  1257.0000    	-0.48869571    	 0.39523493E-01
  1257.0000    	  1258.0000    	-0.39561288    	 0.38879043E-01
  1258.0000    	  1259.0000    	-0.35540635    	 0.34409216E-01
  1259.0000    	  1260.0000    	-0.34656748    	 0.30652911E-01
  1260.0000    	  1261.0000    	-0.32691170    	 0.27350710E-01
  1261.0000    	  1262.0000    	-0.17813534    	 0.23970143E-01
  1262.0000    	  1263.0000    	-0.20116084    	 0.22058163E-01
  1263.0000    	  1264.0000    	-0.15908299    	 0.15920517E-01
  1264.0000    	  1265.0000    	-0.14771176    	 0.14073870E-01
  1265.0000    	  1266.0000    	-0.43286615    	 0.44407407E-01
  1266.0000    	  1267.0000    	-0.50613468    	 0.40716950E-01
  1267.0000    	  1268.0000    	-0.46879299    	 0.39106829E-01
  1268.0000    	  1269.0000    	-0.38007953    	 0.37504058E-01
  1269.0000    	  1270.0000    	-0.34757056    	 0.33282818E-01
  1270.0000    	  1271.0000    	-0.37767146    	 0.32372891E-01
  1271.0000    	  1272.0000    	-0.27096769    	 0.27652689E-01
  1272.0000    	  1273.0000    	-0.24300830    	 0.23710293E-01
  1273.0000    	  1274.0000    	-0.23835724    	 0.20013513E-01
  1274.0000    	  1275.0000    	-0.16385374    	 0.17940110E-01
  1275.0000    	  1276.0000    	-0.12810239    	 0.13749471E-01
  1276.0000    	  1277.0000    	-0.45182854    	 0.47349598E-01
  1277.0000    	  1278.0000    	-0.50107379    	 0.41754649E-01
  1278.0000    	  1279.0000    	-0.41299556    	 0.40108232E-01
  1279.0000    	  1280.0000    	-0.38152228    	 0.36353350E-01
  1280.0000    	  1281.0000    	-0.36565518    	 0.36546630E-01
  1281.0000    	  1282.0000    	-0.34312623    	 0.33059283E-01
  1282.0000    	  1283.0000    	-0.27503156    	 0.25920136E-01
  1283.0000    	  1284.0000    	-0.18601989    	 0.21399805E-01
  1284.0000    	  1285.0000    	-0.16018580    	 0.21734005E-01
  1285.0000    	  1286.0000    	-0.12806572    	 0.19020339E-01
  1286.0000    	  1287.0000    	-0.95757154E-01	 0.12473405E-01
  1287.0000    	  1288.0000    	-0.39017860    	 0.44241697E-01
  1288.0000    	  1289.0000    	-0.42889302    	 0.40590976E-01
  1289.0000    	  1290.0000    	-0.39089502    	 0.37976073E-01
  1290.0000    	  1291.0000    	-0.44874989    	 0.40389463E-01
  1291.0000    	  1292.0000    	-0.33108942    	 0.40599648E-01
  1292.0000    	  1293.0000    	-0.30142259    	 0.33957878E-01
  1293.0000    	  1294.0000    	-0.26560837    	 0.28136757E-01
  1294.0000    	  1295.0000    	-0.23938050    	 0.21341589E-01
  1295.0000    	  1296.0000    	-0.20982418    	 0.20353516E-01
  1296.0000    	  1297.0000    	-0.15814886    	 0.15859321E-01
  1297.0000    	  1298.0000    	-0.12722226    	 0.13464780E-01
  1298.0000    	  1299.0000    	-0.46557800    	 0.43993500E-01
  1299.0000    	  1300.0000    	-0.44517068    	 0.42173064E-01
  1300.0000    	  1301.0000    	-0.38100161    	 0.40137562E-01
  1301.0000    	  1302.0000    	-0.34133787    	 0.36522871E-01
  1302.0000    	  1303.0000    	-0.33927568    	 0.40286439E-01
  1303.0000    	  1304.0000    	-0.32693620    	 0.33407849E-01
  1304.0000    	  1305.0000    	-0.24259298    	 0.28247093E-01
  1305.0000    	  1306.0000    	-0.20901981    	 0.21255617E-01
  1306.0000    	  1307.0000    	-0.17524875    	 0.19106329E-01
  1307.0000    	  1308.0000    	-0.14833116    	 0.14075742E-01
  1308.0000    	  1309.0000    	-0.15794296    	 0.13617178E-01
  1309.0000    	  1310.0000    	-0.41262186    	 0.41841723E-01
  1310.0000    	  1311.0000    	-0.33450921    	 0.42223301E-01
  1311.0000    	  1312.0000    	-0.41780421    	 0.40536921E-01
  1312.0000    	  1313.0000    	-0.38678832    	 0.35139698E-01
  1313.0000    	  1314.0000    	-0.29664629    	 0.34626853E-01
  1314.0000    	  1315.0000    	-0.30666384    	 0.30106600E-01
  1315.0000    	  1316.0000    	-0.27255817    	 0.24749846E-01
  1316.0000    	  1317.0000    	-0.24022967    	 0.21587102E-01
  1317.0000    	  1318.0000    	-0.16027312    	 0.20774934E-01
  1318.0000    	  1319.0000    	-0.12950817    	 0.16040360E-01
  1319.0000    	  1320.0000    	-0.98584457E-01	 0.13314147E-01
  1320.0000    	  1321.0000    	-0.42888436    	 0.44776258E-01
  1321.0000    	  1322.0000    	-0.40514359    	 0.42648879E-01
  1322.0000    	  1323.0000    	-0.42242928    	 0.38585040E-01
  1323.0000    	  1324.0000    	-0.44241148    	 0.34428506E-01
  1324.0000    	  1325.0000    	-0.33170183    	 0.34790286E-01
  1325.0000    	  1326.0000    	-0.24211061    	 0.28966264E-01
  1326.0000    	  1327.0000    	-0.24158360    	 0.27014999E-01
  1327.0000    	  1328.0000    	-0.21098242    	 0.20110809E-01
  1328.0000    	  1329.0000    	-0.15054668    	 0.19401628E-01
  1329.0000    	  1330.0000    	-0.14564052    	 0.15557474E-01
  1330.0000    	  1331.0000    	-0.12036917    	 0.12838418E-01
  1331.0000    	  1332.0000    	-0.45453315    	 0.45787576E-01
  1332.0000    	  1333.0000    	-0.38816473    	 0.43361342E-01
  1333.0000    	  1334.0000    	-0.32373493    	 0.40373243E-01
  1334.0000    	  1335.0000    	-0.35134726    	 0.36695261E-01
  1335.0000    	  1336.0000    	-0.33790171    	 0.32620924E-01
  1336.0000    	  1337.0000    	-0.28379000    	 0.28587765E-01
  1337.0000    	  1338.0000    	-0.24919678    	 0.26001157E-01
  1338.0000    	  1339.0000    	-0.22798860    	 0.20772646E-01
  1339.0000    	  1340.0000    	-0.18292645    	 0.17884180E-01
  1340.0000    	  1341.0000    	-0.16069005    	 0.16093770E-01
  1341.0000    	  1342.0000    	-0.10286549    	 0.12222959E-01
  1342.0000    	  1343.0000    	-0.42107055    	 0.39885296E-01
  1343.0000    	  1344.0000    	-0.43883573    	 0.38972592E-01
  1344.0000    	  1345.0000    	-0.45841611    	 0.40960845E-01
  1345.0000    	  1346.0000    	-0.32097923    	 0.34027120E-01
  1346.0000    	  1347.0000    	-0.29021158    	 0.30008938E-01
  1347.0000    	  1348.0000    	-0.27547475    	 0.28420154E-01
  1348.0000    	  1349.0000    	-0.25244616    	 0.25869178E-01
  1349.0000    	  1350.0000    	-0.21222697    	 0.20189813E-01
  1350.0000    	  1351.0000    	-0.16562669    	 0.18457529E-01
  1351.0000    	  1352.0000    	-0.10550078    	 0.14936659E-01
  1352.0000    	  1353.0000    	-0.11361385    	 0.13215760E-01
  1353.0000    	  1354.0000    	-0.43164009    	 0.43065776E-01
  1354.0000    	  1355.0000    	-0.43798997    	 0.38480237E-01
  1355.0000    	  1356.0000    	-0.33855186    	 0.38168544E-01
  1356.0000    	  1357.0000    	-0.31793308    	 0.32589091E-01
  1357.0000    	  1358.0000    	-0.34059135    	 0.28686197E-01
  1358.0000    	  1359.0000    	-0.32495294    	 0.30381019E-01
  1359.0000    	  1360.0000    	-0.22618546    	 0.23594376E-01
  1360.0000    	  1361.0000    	-0.16234837    	 0.22133536E-01
  1361.0000    	  1362.0000    	-0.17826595    	 0.17002307E-01
  1362.0000    	  1363.0000    	-0.12579539    	 0.14292151E-01
  1363.0000    	  1364.0000    	-0.83868367E-01	 0.12563856E-01
  1364.0000    	  1365.0000    	-0.39236518    	 0.41346093E-01
  1365.0000    	  1366.0000    	-0.39192114    	 0.37345618E-01
  1366.0000    	  1367.0000    	-0.34842661    	 0.36454507E-01
  1367.0000    	  1368.0000    	-0.35726134    	 0.34095729E-01
  1368.0000    	  1369.0000    	-0.32678038    	 0.31112510E-01
  1369.0000    	  1370.0000    	-0.23298845    	 0.27679717E-01
  1370.0000    	  1371.0000    	-0.20952369    	 0.24114283E-01
  1371.0000    	  1372.0000    	-0.19147924    	 0.20063146E-01
  1372.0000    	  1373.0000    	-0.15601282    	 0.16235498E-01
  1373.0000    	  1374.0000    	-0.12085893    	 0.13404042E-01
  1374.0000    	  1375.0000    	-0.83175378E-01	 0.12015513E-01
  1375.0000    	  1376.0000    	-0.31788337    	 0.42382916E-01
  1376.0000    	  1377.0000    	-0.36520806    	 0.40753437E-01
  1377.0000    	  1378.0000    	-0.37556255    	 0.35748009E-01
  1378.0000    	  1379.0000    	-0.36928079    	 0.35469908E-01
  1379.0000    	  1380.0000    	-0.27834884    	 0.30756226E-01
  1380.0000    	  1381.0000    	-0.28518353    	 0.28359909E-01
  1381.0000    	  1382.0000    	-0.27607092    	 0.24497278E-01
  1382.0000    	  1383.0000    	-0.21461716    	 0.19795834E-01
  1383.0000    	  1384.0000    	-0.12825138    	 0.15906172E-01
  1384.0000    	  1385.0000    	-0.14435191    	 0.13999658E-01
  1385.0000    	  1386.0000    	-0.99693232E-01	 0.12010114E-01
  1386.0000    	  1387.0000    	-0.40937236    	 0.38538329E-01
  1387.0000    	  1388.0000    	-0.35529338    	 0.38699555E-01
  1388.0000    	  1389.0000    	-0.40357166    	 0.35635310E-01
  1389.0000    	  1390.0000    	-0.32249155    	 0.36096790E-01
  1390.0000    	  1391.0000    	-0.25574484    	 0.30790209E-01
  1391.0000    	  1392.0000    	-0.26684356    	 0.24725921E-01
  1392.0000    	  1393.0000    	-0.22321155    	 0.23358316E-01
  1393.0000    	  1394.0000    	-0.19555952    	 0.20881150E-01
  1394.0000    	  1395.0000    	-0.14849403    	 0.15850641E-01
  1395.0000    	  1396.0000    	-0.83980655E-01	 0.12766876E-01
  1396.0000    	  1397.0000    	-0.66604445E-01	 0.10595724E-01
  1397.0000    	  1398.0000    	-0.29690880    	 0.37720088E-01
  1398.0000    	  1399.0000    	-0.37298487    	 0.37027907E-01
  1399.0000    	  1400.0000    	-0.29604074    	 0.35878919E-01
  1400.0000    	  1401.0000    	-0.28295631    	 0.31549934E-01
  1401.0000    	  1402.0000    	-0.26364382    	 0.28843237E-01
  1402.0000    	  1403.0000    	-0.26945339    	 0.26879249E-01
  1403.0000    	  1404.0000    	-0.21391197    	 0.23550281E-01
  1404.0000    	  1405.0000    	-0.15654082    	 0.21673123E-01
  1405.0000    	  1406.0000    	-0.12671547    	 0.17119502E-01
  1406.0000    	  1407.0000    	-0.10146710    	 0.14160506E-01
  1407.0000    	  1408.0000    	-0.89624801E-01	 0.10851670E-01
  1408.0000    	  1409.0000    	-0.39892336    	 0.42817197E-01
  1409.0000    	  1410.0000    	-0.34879035    	 0.38320972E-01
  1410.0000    	  1411.0000    	-0.36371475    	 0.38385137E-01
  1411.0000    	  1412.0000    	-0.32205129    	 0.30531106E-01
  1412.0000    	  1413.0000    	-0.26744522    	 0.31064013E-01
  1413.0000    	  1414.0000    	-0.25007223    	 0.27904036E-01
  1414.0000    	  1415.0000    	-0.18992953    	 0.22519462E-01
  1415.0000    	  1416.0000    	-0.18101124    	 0.18781925E-01
  1416.0000    	  1417.0000    	-0.13863166    	 0.17422555E-01
  1417.0000    	  1418.0000    	-0.97014499E-01	 0.13788549E-01
  1418.0000    	  1419.0000    	-0.76001634E-01	 0.10049133E-01
  1419.0000    	  1420.0000    	-0.36801110    	 0.42732160E-01
  1420.0000    	  1421.0000    	-0.29311006    	 0.39577084E-01
  1421.0000    	  1422.0000    	-0.35317461    	 0.36478506E-01
  1422.0000    	  1423.0000    	-0.31849755    	 0.31703901E-01
  1423.0000    	  1424.0000    	-0.27615828    	 0.29979301E-01
  1424.0000    	  1425.0000    	-0.22103502    	 0.25575879E-01
  1425.0000    	  1426.0000    	-0.21432722    	 0.22226596E-01
  1426.0000    	  1427.0000    	-0.16757989    	 0.18469287E-01
  1427.0000    	  1428.0000    	-0.13394957    	 0.16591669E-01
  1428.0000    	  1429.0000    	-0.13487134    	 0.13365732E-01
  1429.0000    	  1430.0000    	-0.89405693E-01	 0.90893070E-02
  1430.0000    	  1431.0000    	-0.31031215    	 0.40450121E-01
  1431.0000    	  1432.0000    	-0.30803945    	 0.37373965E-01
  1432.0000    	  1433.0000    	-0.29993903    	 0.37650588E-01
  1433.0000    	  1434.0000    	-0.27436075    	 0.30335925E-01
  1434.0000    	  1435.0000    	-0.29331112    	 0.30172228E-01
  1435.0000    	  1436.0000    	-0.26594857    	 0.24039345E-01
  1436.0000    	  1437.0000    	-0.17376006    	 0.22552556E-01
  1437.0000    	  1438.0000    	-0.18050712    	 0.19445069E-01
  1438.0000    	  1439.0000    	-0.11039457    	 0.15390530E-01
  1439.0000    	  1440.0000    	-0.12271879    	 0.11714770E-01
  1440.0000    	  1441.0000    	-0.95609390E-01	 0.91381768E-02
  1441.0000    	  1442.0000    	-0.41573701    	 0.38762309E-01
  1442.0000    	  1443.0000    	-0.34348445    	 0.38403896E-01
  1443.0000    	  1444.0000    	-0.29605196    	 0.34218352E-01
  1444.0000    	  1445.0000    	-0.27025442    	 0.30633553E-01
  1445.0000    	  1446.0000    	-0.22910120    	 0.29114324E-01
  1446.0000    	  1447.0000    	-0.22436664    	 0.22151402E-01
  1447.0000    	  1448.0000    	-0.22659631    	 0.20380852E-01
  1448.0000    	  1449.0000    	-0.15856153    	 0.18437382E-01
  1449.0000    	  1450.0000    	-0.15388231    	 0.14626161E-01
  1450.0000    	  1451.0000    	-0.93292988E-01	 0.11682075E-01
  1451.0000    	  1452.0000    	-0.76405509E-01	 0.78689304E-02
  1452.0000    	  1453.0000    	-0.31649153    	 0.36907445E-01
  1453.0000    	  1454.0000    	-0.36037242    	 0.41093398E-01
  1454.0000    	  1455.0000    	-0.33855695    	 0.34356530E-01
  1455.0000    	  1456.0000    	-0.26352250    	 0.30585835E-01
  1456.0000    	  1457.0000    	-0.27731825    	 0.31208843E-01
  1457.0000    	  1458.0000    	-0.26195185    	 0.24677387E-01
  1458.0000    	  1459.0000    	-0.17071938    	 0.21026134E-01
  1459.0000    	  1460.0000    	-0.16122424    	 0.17321001E-01
  1460.0000    	  1461.0000    	-0.13543220    	 0.14248810E-01
  1461.0000    	  1462.0000    	-0.11262220    	 0.12401752E-01
  1462.0000    	  1463.0000    	-0.85438528E-01	 0.95504433E-02
  1463.0000    	  1464.0000    	-0.34554266    	 0.35644937E-01
  1464.0000    	  1465.0000    	-0.36633489    	 0.39459350E-01
  1465.0000    	  1466.0000    	-0.28933956    	 0.33918913E-01
  1466.0000    	  1467.0000    	-0.33291670    	 0.28688000E-01
  1467.0000    	  1468.0000    	-0.22475715    	 0.28383918E-01
  1468.0000    	  1469.0000    	-0.18215931    	 0.27950117E-01
  1469.0000    	  1470.0000    	-0.20593629    	 0.20773925E-01
  1470.0000    	  1471.0000    	-0.14930512    	 0.16842528E-01
  1471.0000    	  1472.0000    	-0.10316276    	 0.14348817E-01
  1472.0000    	  1473.0000    	-0.10461019    	 0.12924542E-01
  1473.0000    	  1474.0000    	-0.80939233E-01	 0.10174199E-01
  1474.0000    	  1475.0000    	-0.30830568    	 0.36573824E-01
  1475.0000    	  1476.0000    	-0.23499482    	 0.33238873E-01
  1476.0000    	  1477.0000    	-0.33031159    	 0.34107126E-01
  1477.0000    	  1478.0000    	-0.27217652    	 0.30243145E-01
  1478.0000    	  1479.0000    	-0.23535931    	 0.28441531E-01
  1479.0000    	  1480.0000    	-0.25547189    	 0.27686362E-01
  1480.0000    	  1481.0000    	-0.16607994    	 0.22414261E-01
  1481.0000    	  1482.0000    	-0.15923573    	 0.16960443E-01
  1482.0000    	  1483.0000    	-0.14444646    	 0.14504003E-01
  1483.0000    	  1484.0000    	-0.10376468    	 0.11942466E-01
  1484.0000    	  1485.0000    	-0.87957484E-01	 0.82148694E-02
  1485.0000    	  1486.0000    	-0.32457098    	 0.36785477E-01
  1486.0000    	  1487.0000    	-0.35518836    	 0.33417301E-01
  1487.0000    	  1488.0000    	-0.31015239    	 0.33138177E-01
  1488.0000    	  1489.0000    	-0.26670276    	 0.29006649E-01
  1489.0000    	  1490.0000    	-0.28155542    	 0.28160306E-01
  1490.0000    	  1491.0000    	-0.23834847    	 0.24443402E-01
  1491.0000    	  1492.0000    	-0.18255718    	 0.20862872E-01
  1492.0000    	  1493.0000    	-0.13966199    	 0.16824642E-01
  1493.0000    	  1494.0000    	-0.10392193    	 0.14157911E-01
  1494.0000    	  1495.0000    	-0.96480282E-01	 0.11458851E-01
  1495.0000    	  1496.0000    	-0.78710554E-01	 0.92763984E-02
  1496.0000    	  1497.0000    	-0.27650764    	 0.36787655E-01
  1497.0000    	  1498.0000    	-0.28574595    	 0.33692358E-01
  1498.0000    	  1499.0000    	-0.26035177    	 0.31052055E-01
  1499.0000    	  1500.0000    	-0.22935251    	 0.30230896E-01
  1500.0000    	  1501.0000    	-0.22050624    	 0.27006452E-01
  1501.0000    	  1502.0000    	-0.23493582    	 0.24485874E-01
  1502.0000    	  1503.0000    	-0.18249806    	 0.18664003E-01
  1503.0000    	  1504.0000    	-0.14689869    	 0.17585806E-01
  1504.0000    	  1505.0000    	-0.14280410    	 0.15619482E-01
  1505.0000    	  1506.0000    	-0.80483058E-01	 0.11545758E-01
  1506.0000    	  1507.0000    	-0.69941297E-01	 0.90118250E-02
  1507.0000    	  1508.0000    	-0.33639424    	 0.38137334E-01
  1508.0000    	  1509.0000    	-0.28141669    	 0.33147487E-01
  1509.0000    	  1510.0000    	-0.29690731    	 0.31677992E-01
  1510.0000    	  1511.0000    	-0.30723630    	 0.30790040E-01
  1511.0000    	  1512.0000    	-0.20701692    	 0.25089073E-01
  1512.0000    	  1513.0000    	-0.20006579    	 0.25405285E-01
  1513.0000    	  1514.0000    	-0.18212465    	 0.21142363E-01
  1514.0000    	  1515.0000    	-0.14734085    	 0.18175964E-01
  1515.0000    	  1516.0000    	-0.12375610    	 0.13683578E-01
  1516.0000    	  1517.0000    	-0.80730238E-01	 0.10502456E-01
  1517.0000    	  1518.0000    	-0.61463368E-01	 0.85174791E-02
  1518.0000    	  1519.0000    	-0.25615788    	 0.36953926E-01
  1519.0000    	  1520.0000    	-0.27325983    	 0.31900695E-01
  1520.0000    	  1521.0000    	-0.26321909    	 0.31545726E-01
  1521.0000    	  1522.0000    	-0.23633016    	 0.28629208E-01
  1522.0000    	  1523.0000    	-0.22235672    	 0.24552363E-01
  1523.0000    	  1524.0000    	-0.20202560    	 0.24674344E-01
  1524.0000    	  1525.0000    	-0.16974201    	 0.21525400E-01
  1525.0000    	  1526.0000    	-0.16049321    	 0.15712513E-01
  1526.0000    	  1527.0000    	-0.13392938    	 0.13343837E-01
  1527.0000    	  1528.0000    	-0.10629444    	 0.10793720E-01
  1528.0000    	  1529.0000    	-0.59279484E-01	 0.89240916E-02
  1529.0000    	  1530.0000    	-0.32973091    	 0.34471733E-01
  1530.0000    	  1531.0000    	-0.28211199    	 0.31085751E-01
  1531.0000    	  1532.0000    	-0.23877570    	 0.31471098E-01
  1532.0000    	  1533.0000    	-0.23899321    	 0.27433302E-01
  1533.0000    	  1534.0000    	-0.24593245    	 0.25397074E-01
  1534.0000    	  1535.0000    	-0.15116941    	 0.21766762E-01
  1535.0000    	  1536.0000    	-0.16778847    	 0.19491370E-01
  1536.0000    	  1537.0000    	-0.14473468    	 0.16874749E-01
  1537.0000    	  1538.0000    	-0.11193230    	 0.12286915E-01
  1538.0000    	  1539.0000    	-0.77301191E-01	 0.99504013E-02
  1539.0000    	  1540.0000    	-0.67683672E-01	 0.81567939E-02
  1540.0000    	  1541.0000    	-0.28235471    	 0.32603169E-01
  1541.0000    	  1542.0000    	-0.27275225    	 0.31540189E-01
  1542.0000    	  1543.0000    	-0.27333582    	 0.32209732E-01
  1543.0000    	  1544.0000    	-0.21127800    	 0.26757710E-01
  1544.0000    	  1545.0000    	-0.19555565    	 0.24869624E-01
  1545.0000    	  1546.0000    	-0.20531133    	 0.21758432E-01
  1546.0000    	  1547.0000    	-0.14688813    	 0.17517429E-01
  1547.0000    	  1548.0000    	-0.12430074    	 0.17687873E-01
  1548.0000    	  1549.0000    	-0.10619740    	 0.13714818E-01
  1549.0000    	  1550.0000    	-0.73593641E-01	 0.99065032E-02
  1550.0000    	  1551.0000    	-0.62667441E-01	 0.81413424E-02
  1551.0000    	  1552.0000    	-0.27504348    	 0.33166198E-01
  1552.0000    	  1553.0000    	-0.26852727    	 0.35362852E-01
  1553.0000    	  1554.0000    	-0.26600494    	 0.28662989E-01
  1554.0000    	  1555.0000    	-0.22679615    	 0.26484320E-01
  1555.0000    	  1556.0000    	-0.19640901    	 0.24136558E-01
  1556.0000    	  1557.0000    	-0.18506758    	 0.21781220E-01
  1557.0000    	  1558.0000    	-0.17350291    	 0.17440221E-01
  1558.0000    	  1559.0000    	-0.10382932    	 0.17304069E-01
  1559.0000    	  1560.0000    	-0.10365591    	 0.13473320E-01
  1560.0000    	  1561.0000    	-0.88562806E-01	 0.10543785E-01
  1561.0000    	  1562.0000    	-0.69991616E-01	 0.79746703E-02
  1562.0000    	  1563.0000    	-0.36920858    	 0.35714148E-01
  1563.0000    	  1564.0000    	-0.28596217    	 0.35012231E-01
  1564.0000    	  1565.0000    	-0.24029301    	 0.27240579E-01
  1565.0000    	  1566.0000    	-0.26537900    	 0.27621903E-01
  1566.0000    	  1567.0000    	-0.22949527    	 0.25094975E-01
  1567.0000    	  1568.0000    	-0.14546336    	 0.21291794E-01
  1568.0000    	  1569.0000    	-0.15818136    	 0.18123404E-01
  1569.0000    	  1570.0000    	-0.12473096    	 0.16280702E-01
  1570.0000    	  1571.0000    	-0.10563215    	 0.12262434E-01
  1571.0000    	  1572.0000    	-0.80138730E-01	 0.10654545E-01
  1572.0000    	  1573.0000    	-0.70111853E-01	 0.91048270E-02
  1573.0000    	  1574.0000    	-0.21024073    	 0.35110421E-01
  1574.0000    	  1575.0000    	-0.24699702    	 0.32150498E-01
  1575.0000    	  1576.0000    	-0.24379869    	 0.30607334E-01
  1576.0000    	  1577.0000    	-0.22497895    	 0.29110014E-01
  1577.0000    	  1578.0000    	-0.19060623    	 0.24980164E-01
  1578.0000    	  1579.0000    	-0.16570452    	 0.20080367E-01
  1579.0000    	  1580.0000    	-0.16262543    	 0.16458601E-01
  1580.0000    	  1581.0000    	-0.10246250    	 0.13530154E-01
  1581.0000    	  1582.0000    	-0.98088147E-01	 0.12518740E-01
  1582.0000    	  1583.0000    	-0.72378686E-01	 0.99414130E-02
  1583.0000    	  1584.0000    	-0.61908019E-01	 0.74052442E-02
  1584.0000    	  1585.0000    	-0.25259911    	 0.32300998E-01
  1585.0000    	  1586.0000    	-0.28607708    	 0.29915430E-01
  1586.0000    	  1587.0000    	-0.24002326    	 0.30189540E-01
  1587.0000    	  1588.0000    	-0.24904869    	 0.27597275E-01
  1588.0000    	  1589.0000    	-0.22323079    	 0.23419627E-01
  1589.0000    	  1590.0000    	-0.18261690    	 0.24819298E-01
  1590.0000    	  1591.0000    	-0.12813905    	 0.18544425E-01
  1591.0000    	  1592.0000    	-0.13844881    	 0.15170512E-01
  1592.0000    	  1593.0000    	-0.66380899E-01	 0.13203074E-01
  1593.0000    	  1594.0000    	-0.74538886E-01	 0.85266887E-02
  1594.0000    	  1595.0000    	-0.67621713E-01	 0.82990743E-02
  1595.0000    	  1596.0000    	-0.26263628    	 0.29131765E-01
  1596.0000    	  1597.0000    	-0.28235879    	 0.29801879E-01
  1597.0000    	  1598.0000    	-0.22311807    	 0.28788168E-01
  1598.0000    	  1599.0000    	-0.21493052    	 0.25228394E-01
  1599.0000    	  1600.0000    	-0.16426843    	 0.21966058E-01
  1600.0000    	  1601.0000    	-0.18828475    	 0.23609385E-01
  1601.0000    	  1602.0000    	-0.12806781    	 0.18046676E-01
  1602.0000    	  1603.0000    	-0.11925825    	 0.13247081E-01
  1603.0000    	  1604.0000    	-0.10140279    	 0.12199166E-01
  1604.0000    	  1605.0000    	-0.75291668E-01	 0.86226822E-02
  1605.0000    	  1606.0000    	-0.54496785E-01	 0.82024467E-02
  1606.0000    	  1607.0000    	-0.22829597    	 0.28483248E-01
  1607.0000    	  1608.0000    	-0.24068537    	 0.30540035E-01
  1608.0000    	  1609.0000    	-0.25339587    	 0.28563962E-01
  1609.0000    	  1610.0000    	-0.22370626    	 0.25307521E-01
  1610.0000    	  1611.0000    	-0.21963572    	 0.23640512E-01
  1611.0000    	  1612.0000    	-0.16551986    	 0.19509732E-01
  1612.0000    	  1613.0000    	-0.14708117    	 0.16358281E-01
  1613.0000    	  1614.0000    	-0.95922683E-01	 0.15248508E-01
  1614.0000    	  1615.0000    	-0.10694499    	 0.12157532E-01
  1615.0000    	  1616.0000    	-0.79163515E-01	 0.93759853E-02
  1616.0000    	  1617.0000    	-0.49305756E-01	 0.65817500E-02
  1617.0000    	  1618.0000    	-0.21999854    	 0.29002115E-01
  1618.0000    	  1619.0000    	-0.23570899    	 0.30850177E-01
  1619.0000    	  1620.0000    	-0.21788170    	 0.25778503E-01
  1620.0000    	  1621.0000    	-0.24445965    	 0.27083193E-01
  1621.0000    	  1622.0000    	-0.20493363    	 0.23765409E-01
  1622.0000    	  1623.0000    	-0.14911505    	 0.19444945E-01
  1623.0000    	  1624.0000    	-0.14734949    	 0.16494646E-01
  1624.0000    	  1625.0000    	-0.14084951    	 0.14704013E-01
  1625.0000    	  1626.0000    	-0.93351657E-01	 0.10879007E-01
  1626.0000    	  1627.0000    	-0.57142684E-01	 0.93850807E-02
  1627.0000    	  1628.0000    	-0.63424172E-01	 0.73442925E-02
  1628.0000    	  1629.0000    	-0.23175443    	 0.25319751E-01
  1629.0000    	  1630.0000    	-0.23117183    	 0.29038972E-01
  1630.0000    	  1631.0000    	-0.25311807    	 0.25154361E-01
  1631.0000    	  1632.0000    	-0.19716056    	 0.26835903E-01
  1632.0000    	  1633.0000    	-0.16147196    	 0.22300645E-01
  1633.0000    	  1634.0000    	-0.17496268    	 0.18977143E-01
  1634.0000    	  1635.0000    	-0.12238480    	 0.16275521E-01
  1635.0000    	  1636.0000    	-0.10285449    	 0.13204316E-01
  1636.0000    	  1637.0000    	-0.91503754E-01	 0.11098900E-01
  1637.0000    	  1638.0000    	-0.69921326E-01	 0.95388156E-02
  1638.0000    	  1639.0000    	-0.57629311E-01	 0.71834067E-02
  1639.0000    	  1640.0000    	-0.26273555    	 0.29558056E-01
  1640.0000    	  1641.0000    	-0.17115994    	 0.27962393E-01
  1641.0000    	  1642.0000    	-0.21545980    	 0.26914028E-01
  1642.0000    	  1643.0000    	-0.20969786    	 0.24440507E-01
  1643.0000    	  1644.0000    	-0.18882634    	 0.21836282E-01
  1644.0000    	  1645.0000    	-0.15531580    	 0.18340933E-01
  1645.0000    	  1646.0000    	-0.16057787    	 0.15777549E-01
  1646.0000    	  1647.0000    	-0.10963218    	 0.13687245E-01
  1647.0000    	  1648.0000    	-0.10202530    	 0.11041027E-01
  1648.0000    	  1649.0000    	-0.62850405E-01	 0.98141364E-02
  1649.0000    	  1650.0000    	-0.53835584E-01	 0.61192109E-02
  1650.0000    	  1651.0000    	-0.22208849    	 0.28706788E-01
  1651.0000    	  1652.0000    	-0.23943551    	 0.25740375E-01
  1652.0000    	  1653.0000    	-0.17075565    	 0.26117157E-01
  1653.0000    	  1654.0000    	-0.18415130    	 0.23056881E-01
  1654.0000    	  1655.0000    	-0.19614445    	 0.21432010E-01
  1655.0000    	  1656.0000    	-0.18005897    	 0.17728930E-01
  1656.0000    	  1657.0000    	-0.12341896    	 0.16688288E-01
  1657.0000    	  1658.0000    	-0.10649059    	 0.13062501E-01
  1658.0000    	  1659.0000    	-0.85270989E-01	 0.92645826E-02
  1659.0000    	  1660.0000    	-0.78473635E-01	 0.80738953E-02
  1660.0000    	  1661.0000    	-0.58069806E-01	 0.64648063E-02
  1661.0000    	  1662.0000    	-0.21030586    	 0.30095712E-01
  1662.0000    	  1663.0000    	-0.24318369    	 0.28478935E-01
  1663.0000    	  1664.0000    	-0.23468739    	 0.25851468E-01
  1664.0000    	  1665.0000    	-0.19971699    	 0.22533968E-01
  1665.0000    	  1666.0000    	-0.17106383    	 0.19427747E-01
  1666.0000    	  1667.0000    	-0.15314149    	 0.16626979E-01
  1667.0000    	  1668.0000    	-0.11735330    	 0.13793121E-01
  1668.0000    	  1669.0000    	-0.91730615E-01	 0.13284547E-01
  1669.0000    	  1670.0000    	-0.78255768E-01	 0.10494193E-01
  1670.0000    	  1671.0000    	-0.65233963E-01	 0.87233702E-02
  1671.0000    	  1672.0000    	-0.48938193E-01	 0.65506024E-02
  1672.0000    	  1673.0000    	-0.23100939    	 0.28515052E-01
  1673.0000    	  1674.0000    	-0.19477976    	 0.28922155E-01
  1674.0000    	  1675.0000    	-0.18373425    	 0.26058684E-01
  1675.0000    	  1676.0000    	-0.19177635    	 0.21137243E-01
  1676.0000    	  1677.0000    	-0.15665974    	 0.20622316E-01
  1677.0000    	  1678.0000    	-0.12229190    	 0.16613357E-01
  1678.0000    	  1679.0000    	-0.13561593    	 0.15617952E-01
  1679.0000    	  1680.0000    	-0.86509667E-01	 0.13936018E-01
  1680.0000    	  1681.0000    	-0.73331454E-01	 0.11511590E-01
  1681.0000    	  1682.0000    	-0.65542808E-01	 0.89430040E-02
  1682.0000    	  1683.0000    	-0.64840858E-01	 0.63894648E-02
  1683.0000    	  1684.0000    	-0.19750133    	 0.28709185E-01
  1684.0000    	  1685.0000    	-0.23998473    	 0.26750930E-01
  1685.0000    	  1686.0000    	-0.20041065    	 0.24328546E-01
  1686.0000    	  1687.0000    	-0.16459725    	 0.22618693E-01
  1687.0000    	  1688.0000    	-0.17811627    	 0.19379637E-01
  1688.0000    	  1689.0000    	-0.11583279    	 0.17443036E-01
  1689.0000    	  1690.0000    	-0.11639619    	 0.17339690E-01
  1690.0000    	  1691.0000    	-0.10035539    	 0.11991590E-01
  1691.0000    	  1692.0000    	-0.87538802E-01	 0.10885386E-01
  1692.0000    	  1693.0000    	-0.62647740E-01	 0.84412311E-02
  1693.0000    	  1694.0000    	-0.49564815E-01	 0.61809534E-02
  1694.0000    	  1695.0000    	-0.18267319    	 0.28159527E-01
  1695.0000    	  1696.0000    	-0.20123967    	 0.25930866E-01
  1696.0000    	  1697.0000    	-0.20841304    	 0.23774373E-01
  1697.0000    	  1698.0000    	-0.18899986    	 0.23288717E-01
  1698.0000    	  1699.0000    	-0.14083342    	 0.19865916E-01
  1699.0000    	  1700.0000    	-0.14443292    	 0.16156092E-01
  1700.0000    	  1701.0000    	-0.92937940E-01	 0.14410994E-01
  1701.0000    	  1702.0000    	-0.87984628E-01	 0.12585310E-01
  1702.0000    	  1703.0000    	-0.63117556E-01	 0.98451766E-02
  1703.0000    	  1704.0000    	-0.61199561E-01	 0.79589410E-02
  1704.0000    	  1705.0000    	-0.41062794E-01	 0.65332895E-02
  1705.0000    	  1706.0000    	-0.19313318    	 0.29370252E-01
  1706.0000    	  1707.0000    	-0.20237677    	 0.27126531E-01
  1707.0000    	  1708.0000    	-0.20518234    	 0.24910135E-01
  1708.0000    	  1709.0000    	-0.19144760    	 0.22978760E-01
  1709.0000    	  1710.0000    	-0.16707723    	 0.22106387E-01
  1710.0000    	  1711.0000    	-0.13583753    	 0.19010210E-01
  1711.0000    	  1712.0000    	-0.11467993    	 0.16105211E-01
  1712.0000    	  1713.0000    	-0.92215846E-01	 0.11233609E-01
  1713.0000    	  1714.0000    	-0.78073175E-01	 0.98189053E-02
  1714.0000    	  1715.0000    	-0.62977856E-01	 0.76107139E-02
  1715.0000    	  1716.0000    	-0.49146477E-01	 0.56948508E-02
  1716.0000    	  1717.0000    	-0.22327581    	 0.26449033E-01
  1717.0000    	  1718.0000    	-0.17888542    	 0.27771528E-01
  1718.0000    	  1719.0000    	-0.22793214    	 0.23134841E-01
  1719.0000    	  1720.0000    	-0.14670406    	 0.21437587E-01
  1720.0000    	  1721.0000    	-0.14723264    	 0.19340348E-01
  1721.0000    	  1722.0000    	-0.11019491    	 0.16746205E-01
  1722.0000    	  1723.0000    	-0.10939381    	 0.15208911E-01
  1723.0000    	  1724.0000    	-0.11080915    	 0.12681120E-01
  1724.0000    	  1725.0000    	-0.71752139E-01	 0.94402466E-02
  1725.0000    	  1726.0000    	-0.52779287E-01	 0.76390824E-02
  1726.0000    	  1727.0000    	-0.37101904E-01	 0.58347386E-02
  1727.0000    	  1728.0000    	-0.20666405    	 0.25888456E-01
  1728.0000    	  1729.0000    	-0.22371718    	 0.26020978E-01
  1729.0000    	  1730.0000    	-0.17743093    	 0.22142951E-01
  1730.0000    	  1731.0000    	-0.19253509    	 0.20786150E-01
  1731.0000    	  1732.0000    	-0.14126791    	 0.19766321E-01
  1732.0000    	  1733.0000    	-0.11829428    	 0.17009983E-01
  1733.0000    	  1734.0000    	-0.11963748    	 0.14229995E-01
  1734.0000    	  1735.0000    	-0.80584212E-01	 0.11283752E-01
  1735.0000    	  1736.0000    	-0.77869724E-01	 0.10177672E-01
  1736.0000    	  1737.0000    	-0.48043908E-01	 0.77709995E-02
  1737.0000    	  1738.0000    	-0.44923434E-01	 0.54380162E-02
  1738.0000    	  1739.0000    	-0.23319723    	 0.26790626E-01
  1739.0000    	  1740.0000    	-0.14711042    	 0.24676289E-01
  1740.0000    	  1741.0000    	-0.23976850    	 0.21218271E-01
  1741.0000    	  1742.0000    	-0.16951147    	 0.19794562E-01
  1742.0000    	  1743.0000    	-0.12885966    	 0.20178014E-01
  1743.0000    	  1744.0000    	-0.13949794    	 0.16432614E-01
  1744.0000    	  1745.0000    	-0.79142642E-01	 0.13377679E-01
  1745.0000    	  1746.0000    	-0.98652331E-01	 0.13359027E-01
  1746.0000    	  1747.0000    	-0.86028717E-01	 0.88505225E-02
  1747.0000    	  1748.0000    	-0.47323481E-01	 0.86076692E-02
  1748.0000    	  1749.0000    	-0.34777603E-01	 0.59522864E-02
  1749.0000    	  1750.0000    	-0.17341541    	 0.25911317E-01
  1750.0000    	  1751.0000    	-0.19333618    	 0.23155877E-01
  1751.0000    	  1752.0000    	-0.13876193    	 0.21196162E-01
  1752.0000    	  1753.0000    	-0.17355443    	 0.19398578E-01
  1753.0000    	  1754.0000    	-0.18196480    	 0.18963470E-01
  1754.0000    	  1755.0000    	-0.13695329    	 0.16547262E-01
  1755.0000    	  1756.0000    	-0.13069586    	 0.14787206E-01
  1756.0000    	  1757.0000    	-0.69237748E-01	 0.11410086E-01
  1757.0000    	  1758.0000    	-0.69004164E-01	 0.86831108E-02
  1758.0000    	  1759.0000    	-0.63239697E-01	 0.83701918E-02
  1759.0000    	  1760.0000    	-0.43076615E-01	 0.59497153E-02
  1760.0000    	  1761.0000    	-0.15241410    	 0.25684520E-01
  1761.0000    	  1762.0000    	-0.20157580    	 0.23263721E-01
  1762.0000    	  1763.0000    	-0.17053568    	 0.22628586E-01
  1763.0000    	  1764.0000    	-0.12738612    	 0.22173401E-01
  1764.0000    	  1765.0000    	-0.13743965    	 0.17589436E-01
  1765.0000    	  1766.0000    	-0.11037524    	 0.16041000E-01
  1766.0000    	  1767.0000    	-0.10141018    	 0.14173664E-01
  1767.0000    	  1768.0000    	-0.81017369E-01	 0.12404632E-01
  1768.0000    	  1769.0000    	-0.74989627E-01	 0.88325524E-02
  1769.0000    	  1770.0000    	-0.58921954E-01	 0.71404967E-02
  1770.0000    	  1771.0000    	-0.48400779E-01	 0.55368182E-02
  1771.0000    	  1772.0000    	-0.23809305    	 0.24776269E-01
  1772.0000    	  1773.0000    	-0.18849623    	 0.25679861E-01
  1773.0000    	  1774.0000    	-0.17938097    	 0.21800747E-01
  1774.0000    	  1775.0000    	-0.20322220    	 0.22614173E-01
  1775.0000    	  1776.0000    	-0.12404320    	 0.17624271E-01
  1776.0000    	  1777.0000    	-0.11163150    	 0.16797386E-01
  1777.0000    	  1778.0000    	-0.82907240E-01	 0.12764916E-01
  1778.0000    	  1779.0000    	-0.92727299E-01	 0.12296441E-01
  1779.0000    	  1780.0000    	-0.73779607E-01	 0.87065172E-02
  1780.0000    	  1781.0000    	-0.68720551E-01	 0.78422751E-02
  1781.0000    	  1782.0000    	-0.28520646E-01	 0.59147520E-02
  1782.0000    	  1783.0000    	-0.13193930    	 0.21457332E-01
  1783.0000    	  1784.0000    	-0.19421563    	 0.25006501E-01
  1784.0000    	  1785.0000    	-0.19690488    	 0.21710076E-01
  1785.0000    	  1786.0000    	-0.13350422    	 0.20665644E-01
  1786.0000    	  1787.0000    	-0.15428815    	 0.17177395E-01
  1787.0000    	  1788.0000    	-0.13818858    	 0.15581687E-01
  1788.0000    	  1789.0000    	-0.10688275    	 0.13854022E-01
  1789.0000    	  1790.0000    	-0.85908605E-01	 0.11552747E-01
  1790.0000    	  1791.0000    	-0.46782516E-01	 0.79745857E-02
  1791.0000    	  1792.0000    	-0.47910634E-01	 0.76248343E-02
  1792.0000    	  1793.0000    	-0.31842150E-01	 0.46661602E-02
  1793.0000    	  1794.0000    	-0.19304952    	 0.24541095E-01
  1794.0000    	  1795.0000    	-0.18605654    	 0.24157237E-01
  1795.0000    	  1796.0000    	-0.17289185    	 0.20706663E-01
  1796.0000    	  1797.0000    	-0.11769796    	 0.19149054E-01
  1797.0000    	  1798.0000    	-0.11265829    	 0.18374711E-01
  1798.0000    	  1799.0000    	-0.11063850    	 0.14992343E-01
  1799.0000    	  1800.0000    	-0.92115308E-01	 0.12574713E-01
  1800.0000    	  1801.0000    	-0.84271511E-01	 0.10946596E-01
  1801.0000    	  1802.0000    	-0.71959795E-01	 0.84269077E-02
  1802.0000    	  1803.0000    	-0.58987941E-01	 0.78370334E-02
  1803.0000    	  1804.0000    	-0.39786207E-01	 0.53138042E-02
  1804.0000    	  1805.0000    	-0.13444542    	 0.24093563E-01
  1805.0000    	  1806.0000    	-0.14196856    	 0.23210013E-01
  1806.0000    	  1807.0000    	-0.14747648    	 0.22675996E-01
  1807.0000    	  1808.0000    	-0.15994846    	 0.19046133E-01
  1808.0000    	  1809.0000    	-0.15261978    	 0.18311732E-01
  1809.0000    	  1810.0000    	-0.11950564    	 0.15174911E-01
  1810.0000    	  1811.0000    	-0.88208854E-01	 0.11641778E-01
  1811.0000    	  1812.0000    	-0.73994126E-01	 0.97118599E-02
  1812.0000    	  1813.0000    	-0.53019450E-01	 0.54846093E-02
  1813.0000    	  1814.0000    	-0.60512362E-01	 0.65059565E-02
  1814.0000    	  1815.0000    	-0.35708790E-01	 0.53649726E-02
  1815.0000    	  1816.0000    	-0.17645849    	 0.23133262E-01
  1816.0000    	  1817.0000    	-0.14584203    	 0.22786906E-01
  1817.0000    	  1818.0000    	-0.18242685    	 0.22966280E-01
  1818.0000    	  1819.0000    	-0.14738293    	 0.18409600E-01
  1819.0000    	  1820.0000    	-0.15690027    	 0.18016073E-01
  1820.0000    	  1821.0000    	-0.11578500    	 0.14590635E-01
  1821.0000    	  1822.0000    	-0.11334886    	 0.13487584E-01
  1822.0000    	  1823.0000    	-0.92937631E-01	 0.97884321E-02
  1823.0000    	  1824.0000    	-0.61978755E-01	 0.89816734E-02
  1824.0000    	  1825.0000    	-0.46683505E-01	 0.77178233E-02
  1825.0000    	  1826.0000    	-0.32742037E-01	 0.46927295E-02
  1826.0000    	  1827.0000    	-0.16479156    	 0.26510315E-01
  1827.0000    	  1828.0000    	-0.17128013    	 0.22416647E-01
  1828.0000    	  1829.0000    	-0.18270696    	 0.21387906E-01
  1829.0000    	  1830.0000    	-0.12758572    	 0.18672320E-01
  1830.0000    	  1831.0000    	-0.13837531    	 0.18241220E-01
  1831.0000    	  1832.0000    	-0.10883253    	 0.15677709E-01
  1832.0000    	  1833.0000    	-0.79096773E-01	 0.12446802E-01
  1833.0000    	  1834.0000    	-0.76369005E-01	 0.10032454E-01
  1834.0000    	  1835.0000    	-0.48986586E-01	 0.87652805E-02
  1835.0000    	  1836.0000    	-0.42255425E-01	 0.70745240E-02
  1836.0000    	  1837.0000    	-0.36067247E-01	 0.41545572E-02
  1837.0000    	  1838.0000    	-0.16377022    	 0.23187491E-01
  1838.0000    	  1839.0000    	-0.13222135    	 0.23028105E-01
  1839.0000    	  1840.0000    	-0.14567730    	 0.20681923E-01
  1840.0000    	  1841.0000    	-0.12071046    	 0.19135440E-01
  1841.0000    	  1842.0000    	-0.11375956    	 0.18033346E-01
  1842.0000    	  1843.0000    	-0.11532797    	 0.15191194E-01
  1843.0000    	  1844.0000    	-0.84856858E-01	 0.13114722E-01
  1844.0000    	  1845.0000    	-0.71020909E-01	 0.10121986E-01
  1845.0000    	  1846.0000    	-0.75856961E-01	 0.88308178E-02
  1846.0000    	  1847.0000    	-0.33607879E-01	 0.71857091E-02
  1847.0000    	  1848.0000    	-0.33797596E-01	 0.46274948E-02
  1848.0000    	  1849.0000    	-0.19329129    	 0.21594121E-01
  1849.0000    	  1850.0000    	-0.16522273    	 0.23154148E-01
  1850.0000    	  1851.0000    	-0.13414466    	 0.20501992E-01
  1851.0000    	  1852.0000    	-0.15334477    	 0.17799849E-01
  1852.0000    	  1853.0000    	-0.11746686    	 0.17035466E-01
  1853.0000    	  1854.0000    	-0.10727839    	 0.13236556E-01
  1854.0000    	  1855.0000    	-0.10100424    	 0.13050493E-01
  1855.0000    	  1856.0000    	-0.67721019E-01	 0.10359705E-01
  1856.0000    	  1857.0000    	-0.61052955E-01	 0.87488511E-02
  1857.0000    	  1858.0000    	-0.40076776E-01	 0.63772658E-02
  1858.0000    	  1859.0000    	-0.30606268E-01	 0.48512984E-02
  1859.0000    	  1860.0000    	-0.18470583    	 0.21338872E-01
  1860.0000    	  1861.0000    	-0.16076303    	 0.20179876E-01
  1861.0000    	  1862.0000    	-0.15611020    	 0.20957412E-01
  1862.0000    	  1863.0000    	-0.14791053    	 0.19323182E-01
  1863.0000    	  1864.0000    	-0.12819284    	 0.15886162E-01
  1864.0000    	  1865.0000    	-0.11881379    	 0.15053160E-01
  1865.0000    	  1866.0000    	-0.92146718E-01	 0.12642934E-01
  1866.0000    	  1867.0000    	-0.73155501E-01	 0.97545056E-02
  1867.0000    	  1868.0000    	-0.50437311E-01	 0.82837527E-02
  1868.0000    	  1869.0000    	-0.38890695E-01	 0.64094834E-02
  1869.0000    	  1870.0000    	-0.33541309E-01	 0.44119966E-02
  1870.0000    	  1871.0000    	-0.15818702    	 0.21001069E-01
  1871.0000    	  1872.0000    	-0.15807611    	 0.20460689E-01
  1872.0000    	  1873.0000    	-0.12888950    	 0.18521169E-01
  1873.0000    	  1874.0000    	-0.13054855    	 0.19853770E-01
  1874.0000    	  1875.0000    	-0.88914792E-01	 0.15664842E-01
  1875.0000    	  1876.0000    	-0.10339980    	 0.14638724E-01
  1876.0000    	  1877.0000    	-0.10768752    	 0.12735182E-01
  1877.0000    	  1878.0000    	-0.63889769E-01	 0.85498010E-02
  1878.0000    	  1879.0000    	-0.46096311E-01	 0.71041649E-02
  1879.0000    	  1880.0000    	-0.48288150E-01	 0.65059834E-02
  1880.0000    	  1881.0000    	-0.28160527E-01	 0.39735357E-02
  1881.0000    	  1882.0000    	-0.15496457    	 0.21174122E-01
  1882.0000    	  1883.0000    	-0.16668472    	 0.20084382E-01
  1883.0000    	  1884.0000    	-0.16911925    	 0.18269468E-01
  1884.0000    	  1885.0000    	-0.13030964    	 0.18321841E-01
  1885.0000    	  1886.0000    	-0.92650971E-01	 0.15039076E-01
  1886.0000    	  1887.0000    	-0.10536115    	 0.13101043E-01
  1887.0000    	  1888.0000    	-0.47782841E-01	 0.11590482E-01
  1888.0000    	  1889.0000    	-0.67567807E-01	 0.91627309E-02
  1889.0000    	  1890.0000    	-0.58906546E-01	 0.71065579E-02
  1890.0000    	  1891.0000    	-0.43837072E-01	 0.57443673E-02
  1891.0000    	  1892.0000    	-0.35942573E-01	 0.43707274E-02
  1892.0000    	  1893.0000    	-0.18018102    	 0.21026253E-01
  1893.0000    	  1894.0000    	-0.12633542    	 0.19456386E-01
  1894.0000    	  1895.0000    	-0.15030695    	 0.19109067E-01
  1895.0000    	  1896.0000    	-0.13804214    	 0.18073123E-01
  1896.0000    	  1897.0000    	-0.14474474    	 0.15907263E-01
  1897.0000    	  1898.0000    	-0.89407626E-01	 0.13031895E-01
  1898.0000    	  1899.0000    	-0.82905655E-01	 0.10520987E-01
  1899.0000    	  1900.0000    	-0.73118521E-01	 0.95948727E-02
  1900.0000    	  1901.0000    	-0.65275107E-01	 0.74754590E-02
  1901.0000    	  1902.0000    	-0.47717219E-01	 0.58745961E-02
  1902.0000    	  1903.0000    	-0.24468076E-01	 0.46049743E-02
  1903.0000    	  1904.0000    	-0.14409954    	 0.20191223E-01
  1904.0000    	  1905.0000    	-0.14267251    	 0.21202796E-01
  1905.0000    	  1906.0000    	-0.14242168    	 0.18319397E-01
  1906.0000    	  1907.0000    	-0.12695090    	 0.18602141E-01
  1907.0000    	  1908.0000    	-0.10571087    	 0.15123924E-01
  1908.0000    	  1909.0000    	-0.84102117E-01	 0.13202757E-01
  1909.0000    	  1910.0000    	-0.96889632E-01	 0.12140252E-01
  1910.0000    	  1911.0000    	-0.54908633E-01	 0.95022584E-02
  1911.0000    	  1912.0000    	-0.52887526E-01	 0.77840085E-02
  1912.0000    	  1913.0000    	-0.41084296E-01	 0.47869747E-02
  1913.0000    	  1914.0000    	-0.28161324E-01	 0.49139644E-02
  1914.0000    	  1915.0000    	-0.13144410    	 0.21252061E-01
  1915.0000    	  1916.0000    	-0.14223076    	 0.22531272E-01
  1916.0000    	  1917.0000    	-0.86640710E-01	 0.17378986E-01
  1917.0000    	  1918.0000    	-0.10891903    	 0.17722316E-01
  1918.0000    	  1919.0000    	-0.10070952    	 0.15094677E-01
  1919.0000    	  1920.0000    	-0.83057719E-01	 0.12376856E-01
  1920.0000    	  1921.0000    	-0.84912702E-01	 0.11062542E-01
  1921.0000    	  1922.0000    	-0.62489797E-01	 0.95304790E-02
  1922.0000    	  1923.0000    	-0.48098434E-01	 0.67339025E-02
  1923.0000    	  1924.0000    	-0.40327922E-01	 0.53745846E-02
  1924.0000    	  1925.0000    	-0.10011798E-01	 0.42402915E-02
  1925.0000    	  1926.0000    	-0.16614881    	 0.19144314E-01
  1926.0000    	  1927.0000    	-0.17480602    	 0.21241051E-01
  1927.0000    	  1928.0000    	-0.13849349    	 0.16643543E-01
  1928.0000    	  1929.0000    	-0.11319786    	 0.16563048E-01
  1929.0000    	  1930.0000    	-0.93160770E-01	 0.14836689E-01
  1930.0000    	  1931.0000    	-0.10662036    	 0.13244873E-01
  1931.0000    	  1932.0000    	-0.69815296E-01	 0.10946037E-01
  1932.0000    	  1933.0000    	-0.57279618E-01	 0.84169039E-02
  1933.0000    	  1934.0000    	-0.53624440E-01	 0.61213578E-02
  1934.0000    	  1935.0000    	-0.32796178E-01	 0.54278025E-02
  1935.0000    	  1936.0000    	-0.24467629E-01	 0.46216689E-02
  1936.0000    	  1937.0000    	-0.94185966E-01	 0.18739506E-01
  1937.0000    	  1938.0000    	-0.11895023    	 0.20030449E-01
  1938.0000    	  1939.0000    	-0.14782936    	 0.18325944E-01
  1939.0000    	  1940.0000    	-0.11464068    	 0.17338775E-01
  1940.0000    	  1941.0000    	-0.10949948    	 0.15738006E-01
  1941.0000    	  1942.0000    	-0.91030968E-01	 0.12590394E-01
  1942.0000    	  1943.0000    	-0.78423071E-01	 0.98288454E-02
  1943.0000    	  1944.0000    	-0.64622177E-01	 0.80517880E-02
  1944.0000    	  1945.0000    	-0.39397921E-01	 0.65830579E-02
  1945.0000    	  1946.0000    	-0.57530145E-01	 0.53033616E-02
  1946.0000    	  1947.0000    	-0.22305023E-01	 0.40518660E-02
  1947.0000    	  1948.0000    	-0.13576048    	 0.17198561E-01
  1948.0000    	  1949.0000    	-0.16701268    	 0.19592722E-01
  1949.0000    	  1950.0000    	-0.15487375    	 0.17145724E-01
  1950.0000    	  1951.0000    	-0.12442454    	 0.16703299E-01
  1951.0000    	  1952.0000    	-0.92384940E-01	 0.14439994E-01
  1952.0000    	  1953.0000    	-0.81793091E-01	 0.12913712E-01
  1953.0000    	  1954.0000    	-0.66922530E-01	 0.96513103E-02
  1954.0000    	  1955.0000    	-0.62978731E-01	 0.79370829E-02
  1955.0000    	  1956.0000    	-0.45845770E-01	 0.61359723E-02
  1956.0000    	  1957.0000    	-0.30626615E-01	 0.51549343E-02
  1957.0000    	  1958.0000    	-0.18646776E-01	 0.41286808E-02
  1958.0000    	  1959.0000    	-0.17101100    	 0.18857494E-01
  1959.0000    	  1960.0000    	-0.99526420E-01	 0.20564408E-01
  1960.0000    	  1961.0000    	-0.97508620E-01	 0.15857544E-01
  1961.0000    	  1962.0000    	-0.11850773    	 0.15821031E-01
  1962.0000    	  1963.0000    	-0.95779964E-01	 0.13592192E-01
  1963.0000    	  1964.0000    	-0.90663685E-01	 0.13833535E-01
  1964.0000    	  1965.0000    	-0.72186155E-01	 0.10734871E-01
  1965.0000    	  1966.0000    	-0.59294592E-01	 0.79453175E-02
  1966.0000    	  1967.0000    	-0.48905886E-01	 0.57474958E-02
  1967.0000    	  1968.0000    	-0.25993196E-01	 0.49645981E-02
  1968.0000    	  1969.0000    	-0.31137818E-01	 0.39469809E-02
  1969.0000    	  1970.0000    	-0.13202415    	 0.23014141E-01
  1970.0000    	  1971.0000    	-0.13312126    	 0.19870253E-01
  1971.0000    	  1972.0000    	-0.12766848    	 0.15767451E-01
  1972.0000    	  1973.0000    	-0.90073794E-01	 0.16180640E-01
  1973.0000    	  1974.0000    	-0.11869069    	 0.12873516E-01
  1974.0000    	  1975.0000    	-0.88242982E-01	 0.11772750E-01
  1975.0000    	  1976.0000    	-0.83041942E-01	 0.10652583E-01
  1976.0000    	  1977.0000    	-0.64776309E-01	 0.80503625E-02
  1977.0000    	  1978.0000    	-0.41867288E-01	 0.68357047E-02
  1978.0000    	  1979.0000    	-0.36246395E-01	 0.45833727E-02
  1979.0000    	  1980.0000    	-0.25748402E-01	 0.33407355E-02
  1980.0000    	  1981.0000    	-0.12066281    	 0.19471221E-01
  1981.0000    	  1982.0000    	-0.12753827    	 0.17508631E-01
  1982.0000    	  1983.0000    	-0.99413459E-01	 0.16035940E-01
  1983.0000    	  1984.0000    	-0.12473553    	 0.15987356E-01
  1984.0000    	  1985.0000    	-0.99031054E-01	 0.13829805E-01
  1985.0000    	  1986.0000    	-0.76682302E-01	 0.10372703E-01
  1986.0000    	  1987.0000    	-0.77009905E-01	 0.10467669E-01
  1987.0000    	  1988.0000    	-0.56376308E-01	 0.75769585E-02
  1988.0000    	  1989.0000    	-0.48263742E-01	 0.62054572E-02
  1989.0000    	  1990.0000    	-0.29593502E-01	 0.46953066E-02
  1990.0000    	  1991.0000    	-0.28345528E-01	 0.33666894E-02
  1991.0000    	  1992.0000    	-0.13441242    	 0.18651289E-01
  1992.0000    	  1993.0000    	-0.14266013    	 0.17196740E-01
  1993.0000    	  1994.0000    	-0.13751787    	 0.14620572E-01
  1994.0000    	  1995.0000    	-0.10789332    	 0.13973038E-01
  1995.0000    	  1996.0000    	-0.87202669E-01	 0.13470330E-01
  1996.0000    	  1997.0000    	-0.92324234E-01	 0.11163529E-01
  1997.0000    	  1998.0000    	-0.58781520E-01	 0.11240598E-01
  1998.0000    	  1999.0000    	-0.60021024E-01	 0.76800463E-02
  1999.0000    	  2000.0000    	-0.36390482E-01	 0.60749032E-02
  2000.0000    	  2001.0000    	-0.34415968E-01	 0.48493191E-02
  2001.0000    	  2002.0000    	-0.26244314E-01	 0.33769907E-02
  2002.0000    	  2003.0000    	-0.12171804    	 0.18006535E-01
  2003.0000    	  2004.0000    	-0.10561979    	 0.16964809E-01
  2004.0000    	  2005.0000    	-0.98962437E-01	 0.14858458E-01
  2005.0000    	  2006.0000    	-0.10172959    	 0.16080058E-01
  2006.0000    	  2007.0000    	-0.78575581E-01	 0.13574135E-01
  2007.0000    	  2008.0000    	-0.74915524E-01	 0.10042704E-01
  2008.0000    	  2009.0000    	-0.69209094E-01	 0.95536862E-02
  2009.0000    	  2010.0000    	-0.52490633E-01	 0.81153977E-02
  2010.0000    	  2011.0000    	-0.45764335E-01	 0.60177261E-02
  2011.0000    	  2012.0000    	-0.78386430E-02	 0.46367584E-02
  2012.0000    	  2013.0000    	-0.21440108E-01	 0.38648777E-02
  2013.0000    	  2014.0000    	-0.10457107    	 0.17212085E-01
  2014.0000    	  2015.0000    	-0.11562159    	 0.17669994E-01
  2015.0000    	  2016.0000    	-0.95808205E-01	 0.15665658E-01
  2016.0000    	  2017.0000    	-0.10546880    	 0.15318329E-01
  2017.0000    	  2018.0000    	-0.10294982    	 0.12817773E-01
  2018.0000    	  2019.0000    	-0.74431513E-01	 0.10549136E-01
  2019.0000    	  2020.0000    	-0.63581379E-01	 0.93343451E-02
  2020.0000    	  2021.0000    	-0.55797070E-01	 0.78483987E-02
  2021.0000    	  2022.0000    	-0.31869373E-01	 0.69802816E-02
  2022.0000    	  2023.0000    	-0.31786333E-01	 0.47202674E-02
  2023.0000    	  2024.0000    	-0.95201388E-02	 0.36518990E-02
