# xi3
# underflow	 -117.13346    	 0.50927825    
# overflow	  1.2392691    	 0.68770075E-01
# sum	 -52.591056    	 0.73637578    
# xmin	xmax	cross	numerror
  1034.0000    	  1035.0000    	 0.28820040E-01	 0.22468111E-01
  1035.0000    	  1036.0000    	 0.23864862E-01	 0.20578112E-01
  1036.0000    	  1037.0000    	 0.37706315E-01	 0.23748102E-01
  1037.0000    	  1038.0000    	 0.73851878E-01	 0.19658754E-01
  1038.0000    	  1039.0000    	 0.10164452    	 0.20799039E-01
  1039.0000    	  1040.0000    	 0.46606021E-01	 0.23003328E-01
  1040.0000    	  1041.0000    	-0.10712023E-01	 0.22333913E-01
  1041.0000    	  1042.0000    	 0.96062111E-01	 0.22345272E-01
  1042.0000    	  1043.0000    	 0.20026958E-01	 0.19593624E-01
  1043.0000    	  1044.0000    	 0.65415387E-01	 0.23058896E-01
  1044.0000    	  1045.0000    	 0.61759341E-01	 0.22720660E-01
  1045.0000    	  1046.0000    	 0.30015077E-01	 0.22833293E-01
  1046.0000    	  1047.0000    	 0.18430468E-01	 0.20097281E-01
  1047.0000    	  1048.0000    	 0.42306385E-01	 0.21470131E-01
  1048.0000    	  1049.0000    	 0.39762694E-01	 0.19447049E-01
  1049.0000    	  1050.0000    	 0.64248076E-01	 0.19554295E-01
  1050.0000    	  1051.0000    	 0.57778825E-01	 0.24374201E-01
  1051.0000    	  1052.0000    	 0.10806575    	 0.21311619E-01
  1052.0000    	  1053.0000    	 0.57864589E-01	 0.22451716E-01
  1053.0000    	  1054.0000    	 0.12411853E-01	 0.22784725E-01
  1054.0000    	  1055.0000    	 0.77334208E-01	 0.22247128E-01
  1055.0000    	  1056.0000    	 0.11605860    	 0.23224153E-01
  1056.0000    	  1057.0000    	 0.14813804E-01	 0.22894632E-01
  1057.0000    	  1058.0000    	 0.16706975E-01	 0.21731944E-01
  1058.0000    	  1059.0000    	 0.16639371E-01	 0.22349804E-01
  1059.0000    	  1060.0000    	 0.68307605E-01	 0.19931411E-01
  1060.0000    	  1061.0000    	 0.86088703E-01	 0.19430964E-01
  1061.0000    	  1062.0000    	 0.67995732E-01	 0.20654381E-01
  1062.0000    	  1063.0000    	 0.77247593E-01	 0.20714878E-01
  1063.0000    	  1064.0000    	 0.43965360E-01	 0.20841118E-01
  1064.0000    	  1065.0000    	 0.12142625    	 0.21819322E-01
  1065.0000    	  1066.0000    	 0.10780804    	 0.21761303E-01
  1066.0000    	  1067.0000    	 0.65827094E-01	 0.22318568E-01
  1067.0000    	  1068.0000    	 0.13276378E-01	 0.20530621E-01
  1068.0000    	  1069.0000    	 0.33637156E-01	 0.19791617E-01
  1069.0000    	  1070.0000    	 0.46735933E-01	 0.20454806E-01
  1070.0000    	  1071.0000    	 0.26578210E-01	 0.20830174E-01
  1071.0000    	  1072.0000    	 0.29692281E-01	 0.19561134E-01
  1072.0000    	  1073.0000    	 0.10526633    	 0.18057636E-01
  1073.0000    	  1074.0000    	 0.10856244    	 0.23293466E-01
  1074.0000    	  1075.0000    	 0.12120443    	 0.21686206E-01
  1075.0000    	  1076.0000    	 0.67058012E-01	 0.20627075E-01
  1076.0000    	  1077.0000    	 0.15571898E-01	 0.23957627E-01
  1077.0000    	  1078.0000    	 0.87114649E-01	 0.21841565E-01
  1078.0000    	  1079.0000    	 0.18636533E-01	 0.19421586E-01
  1079.0000    	  1080.0000    	 0.72607763E-01	 0.19803118E-01
  1080.0000    	  1081.0000    	 0.25375205E-01	 0.20196806E-01
  1081.0000    	  1082.0000    	 0.31601483E-01	 0.20873717E-01
  1082.0000    	  1083.0000    	 0.72653311E-01	 0.20222275E-01
  1083.0000    	  1084.0000    	 0.10784079    	 0.19875829E-01
  1084.0000    	  1085.0000    	 0.83646443E-01	 0.20524269E-01
  1085.0000    	  1086.0000    	 0.12657969    	 0.21275364E-01
  1086.0000    	  1087.0000    	 0.94651480E-01	 0.22921995E-01
  1087.0000    	  1088.0000    	 0.11158455    	 0.22749819E-01
  1088.0000    	  1089.0000    	 0.78715437E-01	 0.22244818E-01
  1089.0000    	  1090.0000    	 0.61676545E-01	 0.19091433E-01
  1090.0000    	  1091.0000    	 0.44990010E-01	 0.20967188E-01
  1091.0000    	  1092.0000    	 0.65574907E-01	 0.19986825E-01
  1092.0000    	  1093.0000    	 0.87907593E-01	 0.19976481E-01
  1093.0000    	  1094.0000    	 0.61095147E-01	 0.20013077E-01
  1094.0000    	  1095.0000    	 0.11592377    	 0.21611474E-01
  1095.0000    	  1096.0000    	 0.72725862E-01	 0.19133087E-01
  1096.0000    	  1097.0000    	 0.97256464E-01	 0.19210339E-01
  1097.0000    	  1098.0000    	 0.11319483    	 0.20473913E-01
  1098.0000    	  1099.0000    	 0.15886894    	 0.22386379E-01
  1099.0000    	  1100.0000    	 0.11507610    	 0.23152518E-01
  1100.0000    	  1101.0000    	 0.11384900E-01	 0.19213186E-01
  1101.0000    	  1102.0000    	 0.88103387E-01	 0.23073970E-01
  1102.0000    	  1103.0000    	 0.17865073E-01	 0.19855845E-01
  1103.0000    	  1104.0000    	 0.57056551E-01	 0.20274660E-01
  1104.0000    	  1105.0000    	 0.91370089E-01	 0.20511422E-01
  1105.0000    	  1106.0000    	 0.66890869E-01	 0.19542755E-01
  1106.0000    	  1107.0000    	 0.11458414    	 0.20553785E-01
  1107.0000    	  1108.0000    	 0.12459572    	 0.20427584E-01
  1108.0000    	  1109.0000    	 0.63613204E-01	 0.21544440E-01
  1109.0000    	  1110.0000    	 0.67037986E-01	 0.22089978E-01
  1110.0000    	  1111.0000    	 0.75416261E-01	 0.21594083E-01
  1111.0000    	  1112.0000    	 0.33658939E-01	 0.18286544E-01
  1112.0000    	  1113.0000    	-0.71208059E-02	 0.20338912E-01
  1113.0000    	  1114.0000    	 0.59376149E-01	 0.19376118E-01
  1114.0000    	  1115.0000    	 0.51228267E-01	 0.17949378E-01
  1115.0000    	  1116.0000    	 0.34098309E-01	 0.19354256E-01
  1116.0000    	  1117.0000    	 0.68021936E-01	 0.22346464E-01
  1117.0000    	  1118.0000    	 0.76164712E-01	 0.21038109E-01
  1118.0000    	  1119.0000    	 0.99327542E-01	 0.20024357E-01
  1119.0000    	  1120.0000    	 0.14130653    	 0.22446550E-01
  1120.0000    	  1121.0000    	 0.11649663    	 0.21867953E-01
  1121.0000    	  1122.0000    	 0.10440738    	 0.19981021E-01
  1122.0000    	  1123.0000    	 0.11986252E-01	 0.18552520E-01
  1123.0000    	  1124.0000    	 0.65041762E-01	 0.21894534E-01
  1124.0000    	  1125.0000    	 0.32092008E-01	 0.19750311E-01
  1125.0000    	  1126.0000    	 0.32042101E-01	 0.19745218E-01
  1126.0000    	  1127.0000    	 0.90674047E-01	 0.19489540E-01
  1127.0000    	  1128.0000    	 0.11464168    	 0.21133926E-01
  1128.0000    	  1129.0000    	 0.90877009E-01	 0.20245113E-01
  1129.0000    	  1130.0000    	 0.86332443E-01	 0.21715066E-01
  1130.0000    	  1131.0000    	 0.10471421    	 0.22473665E-01
  1131.0000    	  1132.0000    	 0.95292399E-01	 0.22641518E-01
  1132.0000    	  1133.0000    	 0.88897294E-01	 0.22372813E-01
  1133.0000    	  1134.0000    	 0.71088728E-01	 0.19168123E-01
  1134.0000    	  1135.0000    	 0.19833339E-01	 0.19349616E-01
  1135.0000    	  1136.0000    	 0.61837254E-01	 0.20226942E-01
  1136.0000    	  1137.0000    	 0.58000523E-01	 0.20940546E-01
  1137.0000    	  1138.0000    	 0.78238194E-01	 0.20487328E-01
  1138.0000    	  1139.0000    	 0.61665010E-01	 0.21269888E-01
  1139.0000    	  1140.0000    	 0.11021798    	 0.19792009E-01
  1140.0000    	  1141.0000    	 0.11141414    	 0.20396953E-01
  1141.0000    	  1142.0000    	 0.11815795    	 0.22314406E-01
  1142.0000    	  1143.0000    	 0.10843387    	 0.23944089E-01
  1143.0000    	  1144.0000    	 0.64510474E-01	 0.22224378E-01
  1144.0000    	  1145.0000    	 0.37364489E-01	 0.19461616E-01
  1145.0000    	  1146.0000    	 0.58220825E-01	 0.19196099E-01
  1146.0000    	  1147.0000    	 0.43912484E-01	 0.17259331E-01
  1147.0000    	  1148.0000    	 0.55356313E-01	 0.21672018E-01
  1148.0000    	  1149.0000    	 0.98395298E-01	 0.18942393E-01
  1149.0000    	  1150.0000    	 0.71930201E-01	 0.19858708E-01
  1150.0000    	  1151.0000    	 0.64719782E-01	 0.18774112E-01
  1151.0000    	  1152.0000    	 0.10798442    	 0.20814011E-01
  1152.0000    	  1153.0000    	 0.83434104E-01	 0.23434012E-01
  1153.0000    	  1154.0000    	 0.10486521    	 0.21333003E-01
  1154.0000    	  1155.0000    	 0.90946642E-01	 0.21600457E-01
  1155.0000    	  1156.0000    	 0.26992387E-01	 0.20640686E-01
  1156.0000    	  1157.0000    	 0.24666912E-01	 0.18849205E-01
  1157.0000    	  1158.0000    	 0.63170595E-01	 0.19335637E-01
  1158.0000    	  1159.0000    	 0.77665337E-01	 0.20369314E-01
  1159.0000    	  1160.0000    	 0.65970140E-01	 0.19174507E-01
  1160.0000    	  1161.0000    	 0.11147251    	 0.20026969E-01
  1161.0000    	  1162.0000    	 0.10453040    	 0.20869522E-01
  1162.0000    	  1163.0000    	 0.10799764    	 0.21399925E-01
  1163.0000    	  1164.0000    	 0.11665521    	 0.20489880E-01
  1164.0000    	  1165.0000    	 0.10375395    	 0.21914126E-01
  1165.0000    	  1166.0000    	 0.13724954    	 0.21336551E-01
  1166.0000    	  1167.0000    	 0.77589031E-01	 0.21502549E-01
  1167.0000    	  1168.0000    	 0.34237823E-01	 0.18804183E-01
  1168.0000    	  1169.0000    	 0.71805765E-01	 0.20876574E-01
  1169.0000    	  1170.0000    	 0.88462728E-01	 0.18510510E-01
  1170.0000    	  1171.0000    	 0.10148128    	 0.19340376E-01
  1171.0000    	  1172.0000    	 0.13369880    	 0.19590216E-01
  1172.0000    	  1173.0000    	 0.78177563E-01	 0.21316769E-01
  1173.0000    	  1174.0000    	 0.11986183    	 0.21171959E-01
  1174.0000    	  1175.0000    	 0.12656414    	 0.23562503E-01
  1175.0000    	  1176.0000    	 0.80684673E-01	 0.19953001E-01
  1176.0000    	  1177.0000    	 0.80595896E-01	 0.20257051E-01
  1177.0000    	  1178.0000    	 0.14460421E-01	 0.22015217E-01
  1178.0000    	  1179.0000    	 0.29685955E-01	 0.17918081E-01
  1179.0000    	  1180.0000    	 0.47790665E-01	 0.18082975E-01
  1180.0000    	  1181.0000    	 0.35174434E-01	 0.16784142E-01
  1181.0000    	  1182.0000    	 0.68198626E-01	 0.19729580E-01
  1182.0000    	  1183.0000    	 0.80471194E-01	 0.19572701E-01
  1183.0000    	  1184.0000    	 0.11395882    	 0.21394514E-01
  1184.0000    	  1185.0000    	 0.90706229E-01	 0.21171059E-01
  1185.0000    	  1186.0000    	 0.12178084    	 0.23860978E-01
  1186.0000    	  1187.0000    	 0.12570377    	 0.21945891E-01
  1187.0000    	  1188.0000    	 0.80156911E-01	 0.20891620E-01
  1188.0000    	  1189.0000    	 0.46685120E-01	 0.18389608E-01
  1189.0000    	  1190.0000    	 0.33924261E-01	 0.18736732E-01
  1190.0000    	  1191.0000    	 0.67634577E-01	 0.18086965E-01
  1191.0000    	  1192.0000    	 0.65378574E-01	 0.16603586E-01
  1192.0000    	  1193.0000    	 0.88668889E-01	 0.19249201E-01
  1193.0000    	  1194.0000    	 0.69659613E-01	 0.21425847E-01
  1194.0000    	  1195.0000    	 0.11408587    	 0.20192021E-01
  1195.0000    	  1196.0000    	 0.11259065    	 0.20884046E-01
  1196.0000    	  1197.0000    	 0.92056279E-01	 0.20347502E-01
  1197.0000    	  1198.0000    	 0.10016267    	 0.20666786E-01
  1198.0000    	  1199.0000    	 0.73198485E-01	 0.23022578E-01
  1199.0000    	  1200.0000    	 0.29659403E-01	 0.16595058E-01
  1200.0000    	  1201.0000    	 0.46414301E-01	 0.17066190E-01
  1201.0000    	  1202.0000    	 0.55636840E-01	 0.18167843E-01
  1202.0000    	  1203.0000    	 0.46666091E-01	 0.18192500E-01
  1203.0000    	  1204.0000    	 0.71694731E-01	 0.18886505E-01
  1204.0000    	  1205.0000    	 0.95443460E-01	 0.19997525E-01
  1205.0000    	  1206.0000    	 0.84424353E-01	 0.20793173E-01
  1206.0000    	  1207.0000    	 0.13261886    	 0.22796989E-01
  1207.0000    	  1208.0000    	 0.97889451E-01	 0.21393057E-01
  1208.0000    	  1209.0000    	 0.93006971E-01	 0.19607087E-01
  1209.0000    	  1210.0000    	 0.60070032E-01	 0.20360991E-01
  1210.0000    	  1211.0000    	 0.43389819E-01	 0.17049147E-01
  1211.0000    	  1212.0000    	 0.33448587E-01	 0.18671125E-01
  1212.0000    	  1213.0000    	 0.21983805E-01	 0.18024470E-01
  1213.0000    	  1214.0000    	 0.10335126    	 0.20980685E-01
  1214.0000    	  1215.0000    	 0.84027472E-01	 0.20600882E-01
  1215.0000    	  1216.0000    	 0.96628006E-01	 0.18343269E-01
  1216.0000    	  1217.0000    	 0.95438159E-01	 0.21934567E-01
  1217.0000    	  1218.0000    	 0.58155919E-01	 0.20078369E-01
  1218.0000    	  1219.0000    	 0.72538428E-01	 0.21199940E-01
  1219.0000    	  1220.0000    	 0.10232831    	 0.20572195E-01
  1220.0000    	  1221.0000    	 0.10310365    	 0.19671219E-01
  1221.0000    	  1222.0000    	 0.22238581E-01	 0.17743439E-01
  1222.0000    	  1223.0000    	 0.85909347E-01	 0.17732971E-01
  1223.0000    	  1224.0000    	 0.65741480E-01	 0.19477617E-01
  1224.0000    	  1225.0000    	 0.51567267E-01	 0.19726384E-01
  1225.0000    	  1226.0000    	 0.68499440E-01	 0.21078698E-01
  1226.0000    	  1227.0000    	 0.11721399    	 0.20135336E-01
  1227.0000    	  1228.0000    	 0.10583443    	 0.19667097E-01
  1228.0000    	  1229.0000    	 0.11522163    	 0.20845596E-01
  1229.0000    	  1230.0000    	 0.12727028    	 0.22022435E-01
  1230.0000    	  1231.0000    	 0.12099880    	 0.20629786E-01
  1231.0000    	  1232.0000    	 0.75687193E-01	 0.20931682E-01
  1232.0000    	  1233.0000    	 0.53802798E-01	 0.16532096E-01
  1233.0000    	  1234.0000    	 0.43688344E-01	 0.19725083E-01
  1234.0000    	  1235.0000    	 0.68606312E-01	 0.19282989E-01
  1235.0000    	  1236.0000    	 0.37435483E-01	 0.19784777E-01
  1236.0000    	  1237.0000    	 0.78593812E-01	 0.19563536E-01
  1237.0000    	  1238.0000    	 0.73516142E-01	 0.20992517E-01
  1238.0000    	  1239.0000    	 0.12770290    	 0.20346850E-01
  1239.0000    	  1240.0000    	 0.91714065E-01	 0.20103915E-01
  1240.0000    	  1241.0000    	 0.11017735    	 0.19462824E-01
  1241.0000    	  1242.0000    	 0.72902778E-01	 0.20709001E-01
  1242.0000    	  1243.0000    	 0.78774340E-01	 0.20810761E-01
  1243.0000    	  1244.0000    	 0.98465101E-02	 0.15897708E-01
  1244.0000    	  1245.0000    	 0.28378853E-01	 0.15856863E-01
  1245.0000    	  1246.0000    	 0.39351525E-01	 0.17585651E-01
  1246.0000    	  1247.0000    	 0.83505728E-01	 0.19239740E-01
  1247.0000    	  1248.0000    	 0.89966526E-01	 0.19075414E-01
  1248.0000    	  1249.0000    	 0.79238191E-01	 0.21849966E-01
  1249.0000    	  1250.0000    	 0.11051108    	 0.19960174E-01
  1250.0000    	  1251.0000    	 0.69394993E-01	 0.19720216E-01
  1251.0000    	  1252.0000    	 0.91070701E-01	 0.21010961E-01
  1252.0000    	  1253.0000    	 0.10027957    	 0.21460352E-01
  1253.0000    	  1254.0000    	 0.80691648E-01	 0.19696738E-01
  1254.0000    	  1255.0000    	 0.67563672E-01	 0.15740505E-01
  1255.0000    	  1256.0000    	 0.72248753E-01	 0.18299442E-01
  1256.0000    	  1257.0000    	 0.49134391E-01	 0.17845689E-01
  1257.0000    	  1258.0000    	 0.85864795E-01	 0.19250469E-01
  1258.0000    	  1259.0000    	 0.74278695E-01	 0.19473801E-01
  1259.0000    	  1260.0000    	 0.79531999E-01	 0.22880072E-01
  1260.0000    	  1261.0000    	 0.11796744    	 0.21002710E-01
  1261.0000    	  1262.0000    	 0.12694656    	 0.19645650E-01
  1262.0000    	  1263.0000    	 0.10283208    	 0.21513339E-01
  1263.0000    	  1264.0000    	 0.11018800    	 0.20241981E-01
  1264.0000    	  1265.0000    	 0.66292923E-01	 0.17693205E-01
  1265.0000    	  1266.0000    	 0.36233888E-01	 0.14600919E-01
  1266.0000    	  1267.0000    	 0.78839088E-02	 0.16764112E-01
  1267.0000    	  1268.0000    	 0.57210116E-01	 0.16251953E-01
  1268.0000    	  1269.0000    	 0.55297865E-01	 0.18587456E-01
  1269.0000    	  1270.0000    	 0.49454702E-01	 0.17309850E-01
  1270.0000    	  1271.0000    	 0.92963267E-01	 0.21207934E-01
  1271.0000    	  1272.0000    	 0.86207074E-01	 0.21338094E-01
  1272.0000    	  1273.0000    	 0.95037555E-01	 0.20665733E-01
  1273.0000    	  1274.0000    	 0.94082082E-01	 0.19701450E-01
  1274.0000    	  1275.0000    	 0.95132862E-01	 0.21115797E-01
  1275.0000    	  1276.0000    	 0.63180114E-01	 0.17680765E-01
  1276.0000    	  1277.0000    	 0.66486408E-01	 0.16371245E-01
  1277.0000    	  1278.0000    	 0.54754783E-01	 0.17049819E-01
  1278.0000    	  1279.0000    	 0.62646607E-01	 0.18990344E-01
  1279.0000    	  1280.0000    	 0.60728203E-01	 0.18833972E-01
  1280.0000    	  1281.0000    	 0.76744360E-01	 0.17140329E-01
  1281.0000    	  1282.0000    	 0.77402206E-01	 0.17669292E-01
  1282.0000    	  1283.0000    	 0.93388795E-01	 0.19917820E-01
  1283.0000    	  1284.0000    	 0.65635679E-01	 0.20630421E-01
  1284.0000    	  1285.0000    	 0.10260793    	 0.22801687E-01
  1285.0000    	  1286.0000    	 0.89736783E-01	 0.19228432E-01
  1286.0000    	  1287.0000    	 0.75999069E-01	 0.18257707E-01
  1287.0000    	  1288.0000    	 0.29389021E-01	 0.16065068E-01
  1288.0000    	  1289.0000    	 0.66857134E-01	 0.16256748E-01
  1289.0000    	  1290.0000    	 0.77741146E-01	 0.19923288E-01
  1290.0000    	  1291.0000    	 0.63652154E-01	 0.17068579E-01
  1291.0000    	  1292.0000    	 0.73270942E-01	 0.19818213E-01
  1292.0000    	  1293.0000    	 0.93129872E-01	 0.20678794E-01
  1293.0000    	  1294.0000    	 0.92626695E-01	 0.19972097E-01
  1294.0000    	  1295.0000    	 0.10845305    	 0.21267412E-01
  1295.0000    	  1296.0000    	 0.91869510E-01	 0.23271779E-01
  1296.0000    	  1297.0000    	 0.96171870E-01	 0.19604329E-01
  1297.0000    	  1298.0000    	 0.67370880E-01	 0.18491249E-01
  1298.0000    	  1299.0000    	 0.66257798E-01	 0.16459350E-01
  1299.0000    	  1300.0000    	 0.13201845E-01	 0.17018752E-01
  1300.0000    	  1301.0000    	 0.68623194E-01	 0.17985959E-01
  1301.0000    	  1302.0000    	 0.86472941E-01	 0.17419361E-01
  1302.0000    	  1303.0000    	 0.77616846E-01	 0.18266976E-01
  1303.0000    	  1304.0000    	 0.98453563E-01	 0.19191126E-01
  1304.0000    	  1305.0000    	 0.91896224E-01	 0.20316756E-01
  1305.0000    	  1306.0000    	 0.84397219E-01	 0.21434107E-01
  1306.0000    	  1307.0000    	 0.12372871    	 0.23853034E-01
  1307.0000    	  1308.0000    	 0.10842864    	 0.20499647E-01
  1308.0000    	  1309.0000    	 0.10022387    	 0.19602020E-01
  1309.0000    	  1310.0000    	 0.54959010E-01	 0.16611723E-01
  1310.0000    	  1311.0000    	 0.81145142E-01	 0.16004796E-01
  1311.0000    	  1312.0000    	 0.62416105E-01	 0.17952490E-01
  1312.0000    	  1313.0000    	 0.70129585E-01	 0.17531736E-01
  1313.0000    	  1314.0000    	 0.80559945E-01	 0.18245751E-01
  1314.0000    	  1315.0000    	 0.70373746E-01	 0.17650905E-01
  1315.0000    	  1316.0000    	 0.86298505E-01	 0.20047851E-01
  1316.0000    	  1317.0000    	 0.12009650    	 0.20436218E-01
  1317.0000    	  1318.0000    	 0.11001747    	 0.19663148E-01
  1318.0000    	  1319.0000    	 0.44949852E-01	 0.22404655E-01
  1319.0000    	  1320.0000    	 0.70599132E-01	 0.19304890E-01
  1320.0000    	  1321.0000    	 0.33291720E-01	 0.17305808E-01
  1321.0000    	  1322.0000    	 0.39418092E-01	 0.13036929E-01
  1322.0000    	  1323.0000    	 0.36022763E-01	 0.17728416E-01
  1323.0000    	  1324.0000    	 0.40734766E-01	 0.17056135E-01
  1324.0000    	  1325.0000    	 0.86739087E-01	 0.17051611E-01
  1325.0000    	  1326.0000    	 0.68038307E-01	 0.19303361E-01
  1326.0000    	  1327.0000    	 0.10308957    	 0.19433825E-01
  1327.0000    	  1328.0000    	 0.10392493    	 0.20556027E-01
  1328.0000    	  1329.0000    	 0.11014366    	 0.19063440E-01
  1329.0000    	  1330.0000    	 0.12943118    	 0.22781900E-01
  1330.0000    	  1331.0000    	 0.62179680E-01	 0.19149390E-01
  1331.0000    	  1332.0000    	 0.34778430E-01	 0.16556980E-01
  1332.0000    	  1333.0000    	 0.43407950E-01	 0.16594431E-01
  1333.0000    	  1334.0000    	 0.69654950E-01	 0.18140522E-01
  1334.0000    	  1335.0000    	 0.89285294E-01	 0.16861454E-01
  1335.0000    	  1336.0000    	 0.67814294E-01	 0.17784670E-01
  1336.0000    	  1337.0000    	 0.10553740    	 0.18613032E-01
  1337.0000    	  1338.0000    	 0.11966278    	 0.19201815E-01
  1338.0000    	  1339.0000    	 0.10621572    	 0.20307804E-01
  1339.0000    	  1340.0000    	 0.10695180    	 0.22016708E-01
  1340.0000    	  1341.0000    	 0.64176020E-01	 0.21140783E-01
  1341.0000    	  1342.0000    	 0.93481827E-01	 0.19727169E-01
  1342.0000    	  1343.0000    	 0.36763304E-01	 0.15793481E-01
  1343.0000    	  1344.0000    	 0.74053735E-01	 0.17251675E-01
  1344.0000    	  1345.0000    	 0.32188803E-01	 0.17276524E-01
  1345.0000    	  1346.0000    	 0.63780515E-01	 0.16141181E-01
  1346.0000    	  1347.0000    	 0.63939109E-01	 0.17572358E-01
  1347.0000    	  1348.0000    	 0.84808087E-01	 0.17757143E-01
  1348.0000    	  1349.0000    	 0.88525677E-01	 0.19557680E-01
  1349.0000    	  1350.0000    	 0.11930661    	 0.19590070E-01
  1350.0000    	  1351.0000    	 0.71035930E-01	 0.20604278E-01
  1351.0000    	  1352.0000    	 0.10999153    	 0.20460674E-01
  1352.0000    	  1353.0000    	 0.31403594E-01	 0.18572557E-01
  1353.0000    	  1354.0000    	 0.31504129E-01	 0.16164975E-01
  1354.0000    	  1355.0000    	 0.52741191E-01	 0.18124173E-01
  1355.0000    	  1356.0000    	 0.65120279E-01	 0.17316080E-01
  1356.0000    	  1357.0000    	 0.69436919E-01	 0.16556782E-01
  1357.0000    	  1358.0000    	 0.72860206E-01	 0.16033457E-01
  1358.0000    	  1359.0000    	 0.10259053    	 0.18498199E-01
  1359.0000    	  1360.0000    	 0.93099478E-01	 0.21121101E-01
  1360.0000    	  1361.0000    	 0.48049991E-01	 0.17898396E-01
  1361.0000    	  1362.0000    	 0.10201344    	 0.21868364E-01
  1362.0000    	  1363.0000    	 0.48932291E-01	 0.20476710E-01
  1363.0000    	  1364.0000    	 0.66974655E-01	 0.18290626E-01
  1364.0000    	  1365.0000    	 0.64765194E-01	 0.15745683E-01
  1365.0000    	  1366.0000    	 0.37475874E-01	 0.16824274E-01
  1366.0000    	  1367.0000    	 0.54987548E-01	 0.16908596E-01
  1367.0000    	  1368.0000    	 0.63859183E-01	 0.15191116E-01
  1368.0000    	  1369.0000    	 0.92086886E-01	 0.16241100E-01
  1369.0000    	  1370.0000    	 0.64667434E-01	 0.20256057E-01
  1370.0000    	  1371.0000    	 0.88410857E-01	 0.20326946E-01
  1371.0000    	  1372.0000    	 0.84812194E-01	 0.17993569E-01
  1372.0000    	  1373.0000    	 0.76520825E-01	 0.20782095E-01
  1373.0000    	  1374.0000    	 0.11055475    	 0.20014550E-01
  1374.0000    	  1375.0000    	 0.10676202    	 0.19757608E-01
  1375.0000    	  1376.0000    	 0.44475495E-01	 0.15960369E-01
  1376.0000    	  1377.0000    	 0.50192772E-01	 0.16265875E-01
  1377.0000    	  1378.0000    	 0.74925012E-01	 0.15388288E-01
  1378.0000    	  1379.0000    	 0.87331468E-01	 0.17217151E-01
  1379.0000    	  1380.0000    	 0.82835830E-01	 0.18290711E-01
  1380.0000    	  1381.0000    	 0.69351854E-01	 0.19377753E-01
  1381.0000    	  1382.0000    	 0.80380709E-01	 0.19008114E-01
  1382.0000    	  1383.0000    	 0.11025597    	 0.19556152E-01
  1383.0000    	  1384.0000    	 0.74261851E-01	 0.18561226E-01
  1384.0000    	  1385.0000    	 0.74097579E-01	 0.19035448E-01
  1385.0000    	  1386.0000    	 0.69923659E-01	 0.18968463E-01
  1386.0000    	  1387.0000    	 0.60136993E-01	 0.16012917E-01
  1387.0000    	  1388.0000    	 0.75211062E-01	 0.15978266E-01
  1388.0000    	  1389.0000    	 0.18849949E-01	 0.17438063E-01
  1389.0000    	  1390.0000    	 0.37254774E-01	 0.16382026E-01
  1390.0000    	  1391.0000    	 0.59603238E-01	 0.18696587E-01
  1391.0000    	  1392.0000    	 0.10318568    	 0.17446978E-01
  1392.0000    	  1393.0000    	 0.92916704E-01	 0.19390978E-01
  1393.0000    	  1394.0000    	 0.13072281    	 0.19344699E-01
  1394.0000    	  1395.0000    	 0.73821501E-01	 0.21305185E-01
  1395.0000    	  1396.0000    	 0.10043589    	 0.18510022E-01
  1396.0000    	  1397.0000    	 0.71538257E-01	 0.17541838E-01
  1397.0000    	  1398.0000    	 0.46445571E-01	 0.15901818E-01
  1398.0000    	  1399.0000    	 0.10716574E-01	 0.15497410E-01
  1399.0000    	  1400.0000    	 0.68898228E-01	 0.15811439E-01
  1400.0000    	  1401.0000    	 0.65819474E-01	 0.14420655E-01
  1401.0000    	  1402.0000    	 0.77567062E-01	 0.19570859E-01
  1402.0000    	  1403.0000    	 0.76081255E-01	 0.18552430E-01
  1403.0000    	  1404.0000    	 0.10621596    	 0.19389376E-01
  1404.0000    	  1405.0000    	 0.49468271E-01	 0.19694394E-01
  1405.0000    	  1406.0000    	 0.93180152E-01	 0.21975121E-01
  1406.0000    	  1407.0000    	 0.39155054E-01	 0.18104439E-01
  1407.0000    	  1408.0000    	 0.68456681E-01	 0.17316120E-01
  1408.0000    	  1409.0000    	 0.47982938E-01	 0.14448883E-01
  1409.0000    	  1410.0000    	 0.57610095E-01	 0.14678259E-01
  1410.0000    	  1411.0000    	 0.32933026E-01	 0.14140454E-01
  1411.0000    	  1412.0000    	 0.73586737E-01	 0.15807302E-01
  1412.0000    	  1413.0000    	 0.89618561E-01	 0.17745196E-01
  1413.0000    	  1414.0000    	 0.63879934E-01	 0.19271259E-01
  1414.0000    	  1415.0000    	 0.96970918E-01	 0.17567697E-01
  1415.0000    	  1416.0000    	 0.95966212E-01	 0.18043996E-01
  1416.0000    	  1417.0000    	 0.66631780E-01	 0.21097686E-01
  1417.0000    	  1418.0000    	 0.80999276E-01	 0.17632281E-01
  1418.0000    	  1419.0000    	 0.58673580E-01	 0.16648002E-01
  1419.0000    	  1420.0000    	 0.40012353E-01	 0.14782570E-01
  1420.0000    	  1421.0000    	 0.56307158E-01	 0.14798502E-01
  1421.0000    	  1422.0000    	 0.76766290E-01	 0.14653784E-01
  1422.0000    	  1423.0000    	 0.68902679E-01	 0.15335313E-01
  1423.0000    	  1424.0000    	 0.92758457E-01	 0.17694068E-01
  1424.0000    	  1425.0000    	 0.78573572E-01	 0.17451139E-01
  1425.0000    	  1426.0000    	 0.72065996E-01	 0.15986368E-01
  1426.0000    	  1427.0000    	 0.77993975E-01	 0.19293927E-01
  1427.0000    	  1428.0000    	 0.89534423E-01	 0.20037196E-01
  1428.0000    	  1429.0000    	 0.88770350E-01	 0.19011108E-01
  1429.0000    	  1430.0000    	 0.77298916E-01	 0.16553700E-01
  1430.0000    	  1431.0000    	 0.55364848E-01	 0.15431075E-01
  1431.0000    	  1432.0000    	 0.69205772E-01	 0.16503580E-01
  1432.0000    	  1433.0000    	 0.51411917E-01	 0.14058654E-01
  1433.0000    	  1434.0000    	 0.42689158E-01	 0.16055721E-01
  1434.0000    	  1435.0000    	 0.59155678E-01	 0.17197689E-01
  1435.0000    	  1436.0000    	 0.12271816    	 0.18426559E-01
  1436.0000    	  1437.0000    	 0.87990888E-01	 0.15906489E-01
  1437.0000    	  1438.0000    	 0.94277838E-01	 0.16612087E-01
  1438.0000    	  1439.0000    	 0.64358824E-01	 0.18296857E-01
  1439.0000    	  1440.0000    	 0.62060423E-01	 0.19248690E-01
  1440.0000    	  1441.0000    	 0.80430001E-01	 0.16887213E-01
  1441.0000    	  1442.0000    	 0.59992157E-01	 0.15645011E-01
  1442.0000    	  1443.0000    	 0.39764906E-01	 0.13911128E-01
  1443.0000    	  1444.0000    	 0.82827516E-01	 0.16190643E-01
  1444.0000    	  1445.0000    	 0.89412997E-01	 0.15962056E-01
  1445.0000    	  1446.0000    	 0.89610151E-01	 0.17848093E-01
  1446.0000    	  1447.0000    	 0.11528786    	 0.19611606E-01
  1447.0000    	  1448.0000    	 0.69939805E-01	 0.16615979E-01
  1448.0000    	  1449.0000    	 0.86338720E-01	 0.19401017E-01
  1449.0000    	  1450.0000    	 0.13068526    	 0.20820882E-01
  1450.0000    	  1451.0000    	 0.82528655E-01	 0.19124338E-01
  1451.0000    	  1452.0000    	 0.37952182E-01	 0.18292523E-01
  1452.0000    	  1453.0000    	 0.55093449E-01	 0.15864691E-01
  1453.0000    	  1454.0000    	 0.76313914E-01	 0.16526308E-01
  1454.0000    	  1455.0000    	 0.32556819E-01	 0.15672179E-01
  1455.0000    	  1456.0000    	 0.52667962E-01	 0.17352119E-01
  1456.0000    	  1457.0000    	 0.89393825E-01	 0.20305444E-01
  1457.0000    	  1458.0000    	 0.10034170    	 0.19195048E-01
  1458.0000    	  1459.0000    	 0.72597726E-01	 0.18905497E-01
  1459.0000    	  1460.0000    	 0.56109910E-01	 0.18231333E-01
  1460.0000    	  1461.0000    	 0.94350451E-01	 0.21355813E-01
  1461.0000    	  1462.0000    	 0.88859622E-01	 0.19060533E-01
  1462.0000    	  1463.0000    	 0.81268639E-01	 0.16225973E-01
  1463.0000    	  1464.0000    	 0.36570022E-01	 0.15134472E-01
  1464.0000    	  1465.0000    	 0.56654353E-01	 0.16101518E-01
  1465.0000    	  1466.0000    	 0.77627993E-01	 0.13550793E-01
  1466.0000    	  1467.0000    	 0.83265595E-01	 0.15464753E-01
  1467.0000    	  1468.0000    	 0.73672094E-01	 0.19275534E-01
  1468.0000    	  1469.0000    	 0.67083652E-01	 0.17435358E-01
  1469.0000    	  1470.0000    	 0.13547709    	 0.18959863E-01
  1470.0000    	  1471.0000    	 0.84531348E-01	 0.18547889E-01
  1471.0000    	  1472.0000    	 0.10550813    	 0.20547011E-01
  1472.0000    	  1473.0000    	 0.58070150E-01	 0.20679262E-01
  1473.0000    	  1474.0000    	 0.61176331E-01	 0.16481713E-01
  1474.0000    	  1475.0000    	 0.59990688E-01	 0.15785928E-01
  1475.0000    	  1476.0000    	 0.51565790E-01	 0.15582571E-01
  1476.0000    	  1477.0000    	 0.49831723E-01	 0.16135834E-01
  1477.0000    	  1478.0000    	 0.59137847E-01	 0.14011611E-01
  1478.0000    	  1479.0000    	 0.55097859E-01	 0.17887525E-01
  1479.0000    	  1480.0000    	 0.85230258E-01	 0.15109864E-01
  1480.0000    	  1481.0000    	 0.72233569E-01	 0.17632889E-01
  1481.0000    	  1482.0000    	 0.95212565E-01	 0.17845295E-01
  1482.0000    	  1483.0000    	 0.78487987E-01	 0.18663168E-01
  1483.0000    	  1484.0000    	 0.83918993E-01	 0.20319601E-01
  1484.0000    	  1485.0000    	 0.11504177    	 0.19542249E-01
  1485.0000    	  1486.0000    	 0.47381661E-01	 0.15486157E-01
  1486.0000    	  1487.0000    	 0.86199436E-01	 0.15940456E-01
  1487.0000    	  1488.0000    	 0.50933875E-01	 0.14398400E-01
  1488.0000    	  1489.0000    	 0.74445717E-01	 0.15738181E-01
  1489.0000    	  1490.0000    	 0.73858975E-01	 0.15884868E-01
  1490.0000    	  1491.0000    	 0.94307607E-01	 0.16197972E-01
  1491.0000    	  1492.0000    	 0.69689208E-01	 0.17787115E-01
  1492.0000    	  1493.0000    	 0.88184868E-01	 0.18288183E-01
  1493.0000    	  1494.0000    	 0.51410094E-01	 0.19174451E-01
  1494.0000    	  1495.0000    	 0.71807336E-01	 0.16576414E-01
  1495.0000    	  1496.0000    	 0.66647588E-01	 0.17954315E-01
  1496.0000    	  1497.0000    	 0.46637159E-01	 0.14298645E-01
  1497.0000    	  1498.0000    	 0.42811092E-01	 0.16391545E-01
  1498.0000    	  1499.0000    	 0.32597239E-01	 0.12933045E-01
  1499.0000    	  1500.0000    	 0.57484359E-01	 0.14260400E-01
  1500.0000    	  1501.0000    	 0.70182768E-01	 0.15868609E-01
  1501.0000    	  1502.0000    	 0.10644385    	 0.16964813E-01
  1502.0000    	  1503.0000    	 0.89980998E-01	 0.18257629E-01
  1503.0000    	  1504.0000    	 0.98329465E-01	 0.17546571E-01
  1504.0000    	  1505.0000    	 0.85708819E-01	 0.19827228E-01
  1505.0000    	  1506.0000    	 0.10438170    	 0.17938572E-01
  1506.0000    	  1507.0000    	 0.61190325E-01	 0.17652490E-01
  1507.0000    	  1508.0000    	 0.49679484E-01	 0.13169279E-01
  1508.0000    	  1509.0000    	 0.54549804E-01	 0.14907185E-01
  1509.0000    	  1510.0000    	 0.77610525E-01	 0.13942292E-01
  1510.0000    	  1511.0000    	 0.58153221E-01	 0.15235451E-01
  1511.0000    	  1512.0000    	 0.92643878E-01	 0.15919739E-01
  1512.0000    	  1513.0000    	 0.65246323E-01	 0.16185353E-01
  1513.0000    	  1514.0000    	 0.91475375E-01	 0.20452193E-01
  1514.0000    	  1515.0000    	 0.92232214E-01	 0.18624556E-01
  1515.0000    	  1516.0000    	 0.92444941E-01	 0.13005549E-01
  1516.0000    	  1517.0000    	 0.90941459E-01	 0.19079998E-01
  1517.0000    	  1518.0000    	 0.43826190E-01	 0.16430799E-01
  1518.0000    	  1519.0000    	 0.51902603E-01	 0.12801477E-01
  1519.0000    	  1520.0000    	 0.36252168E-01	 0.92156241E-02
  1520.0000    	  1521.0000    	 0.58670237E-01	 0.14718608E-01
  1521.0000    	  1522.0000    	 0.10008882    	 0.14961296E-01
  1522.0000    	  1523.0000    	 0.50495374E-01	 0.16702623E-01
  1523.0000    	  1524.0000    	 0.91694344E-01	 0.17127607E-01
  1524.0000    	  1525.0000    	 0.90159071E-01	 0.17790564E-01
  1525.0000    	  1526.0000    	 0.10142825    	 0.19019805E-01
  1526.0000    	  1527.0000    	 0.10541030    	 0.18467723E-01
  1527.0000    	  1528.0000    	 0.81610535E-01	 0.19865736E-01
  1528.0000    	  1529.0000    	 0.64647826E-01	 0.15247594E-01
  1529.0000    	  1530.0000    	 0.48055634E-01	 0.11958753E-01
  1530.0000    	  1531.0000    	 0.62827234E-01	 0.14534617E-01
  1531.0000    	  1532.0000    	 0.44870797E-01	 0.14320589E-01
  1532.0000    	  1533.0000    	 0.53529609E-01	 0.15715488E-01
  1533.0000    	  1534.0000    	 0.10074291    	 0.15992834E-01
  1534.0000    	  1535.0000    	 0.88039961E-01	 0.19199465E-01
  1535.0000    	  1536.0000    	 0.76173113E-01	 0.15022532E-01
  1536.0000    	  1537.0000    	 0.80762858E-01	 0.20359971E-01
  1537.0000    	  1538.0000    	 0.85109601E-01	 0.20001477E-01
  1538.0000    	  1539.0000    	 0.73497336E-01	 0.17169313E-01
  1539.0000    	  1540.0000    	 0.56660354E-01	 0.14973153E-01
  1540.0000    	  1541.0000    	 0.53635144E-01	 0.14795355E-01
  1541.0000    	  1542.0000    	 0.67422951E-01	 0.14360226E-01
  1542.0000    	  1543.0000    	 0.68901458E-01	 0.13696804E-01
  1543.0000    	  1544.0000    	 0.64546227E-01	 0.13552613E-01
  1544.0000    	  1545.0000    	 0.66944903E-01	 0.15349943E-01
  1545.0000    	  1546.0000    	 0.64018366E-01	 0.18862016E-01
  1546.0000    	  1547.0000    	 0.12523848    	 0.18457011E-01
  1547.0000    	  1548.0000    	 0.10036749    	 0.20471748E-01
  1548.0000    	  1549.0000    	 0.90963746E-01	 0.19312509E-01
  1549.0000    	  1550.0000    	 0.77343329E-01	 0.18594285E-01
  1550.0000    	  1551.0000    	 0.38601574E-01	 0.17312260E-01
  1551.0000    	  1552.0000    	 0.22161454E-01	 0.13927087E-01
  1552.0000    	  1553.0000    	 0.26643773E-01	 0.11654100E-01
  1553.0000    	  1554.0000    	 0.50936920E-01	 0.11379135E-01
  1554.0000    	  1555.0000    	 0.64340962E-01	 0.16306441E-01
  1555.0000    	  1556.0000    	 0.72142608E-01	 0.14387095E-01
  1556.0000    	  1557.0000    	 0.70614567E-01	 0.15781857E-01
  1557.0000    	  1558.0000    	 0.77463453E-01	 0.18303795E-01
  1558.0000    	  1559.0000    	 0.56399448E-01	 0.18156418E-01
  1559.0000    	  1560.0000    	 0.42596202E-01	 0.17099437E-01
  1560.0000    	  1561.0000    	 0.62127793E-01	 0.19752292E-01
  1561.0000    	  1562.0000    	 0.42898518E-01	 0.16980095E-01
  1562.0000    	  1563.0000    	 0.49367298E-01	 0.14011317E-01
  1563.0000    	  1564.0000    	 0.71947369E-01	 0.13472550E-01
  1564.0000    	  1565.0000    	 0.74017816E-01	 0.13999168E-01
  1565.0000    	  1566.0000    	 0.79431463E-01	 0.14095946E-01
  1566.0000    	  1567.0000    	 0.54312467E-01	 0.15825353E-01
  1567.0000    	  1568.0000    	 0.93892512E-01	 0.15540664E-01
  1568.0000    	  1569.0000    	 0.43919615E-01	 0.17672819E-01
  1569.0000    	  1570.0000    	 0.36820871E-01	 0.18329073E-01
  1570.0000    	  1571.0000    	 0.98852693E-01	 0.19493656E-01
  1571.0000    	  1572.0000    	 0.63262365E-01	 0.16816406E-01
  1572.0000    	  1573.0000    	 0.52444355E-01	 0.17138920E-01
  1573.0000    	  1574.0000    	 0.47732118E-01	 0.13706272E-01
  1574.0000    	  1575.0000    	 0.56207372E-01	 0.13608270E-01
  1575.0000    	  1576.0000    	 0.64837885E-01	 0.14397891E-01
  1576.0000    	  1577.0000    	 0.72867566E-01	 0.14110910E-01
  1577.0000    	  1578.0000    	 0.66706848E-01	 0.16062296E-01
  1578.0000    	  1579.0000    	 0.68820886E-01	 0.15874376E-01
  1579.0000    	  1580.0000    	 0.79696891E-01	 0.16747531E-01
  1580.0000    	  1581.0000    	 0.13643624    	 0.20751901E-01
  1581.0000    	  1582.0000    	 0.88396729E-01	 0.19575155E-01
  1582.0000    	  1583.0000    	 0.63150728E-01	 0.16923506E-01
  1583.0000    	  1584.0000    	 0.39710779E-01	 0.16619390E-01
  1584.0000    	  1585.0000    	 0.36421891E-01	 0.14382966E-01
  1585.0000    	  1586.0000    	 0.28058367E-01	 0.13589197E-01
  1586.0000    	  1587.0000    	 0.56981634E-01	 0.15707363E-01
  1587.0000    	  1588.0000    	 0.62452919E-01	 0.14961731E-01
  1588.0000    	  1589.0000    	 0.10333756    	 0.16854114E-01
  1589.0000    	  1590.0000    	 0.62302588E-01	 0.18439088E-01
  1590.0000    	  1591.0000    	 0.90056696E-01	 0.17529024E-01
  1591.0000    	  1592.0000    	 0.92406553E-01	 0.18496062E-01
  1592.0000    	  1593.0000    	 0.10002010    	 0.18011333E-01
  1593.0000    	  1594.0000    	 0.82424619E-01	 0.15972165E-01
  1594.0000    	  1595.0000    	 0.56802639E-01	 0.16770378E-01
  1595.0000    	  1596.0000    	 0.39906208E-02	 0.15872413E-01
  1596.0000    	  1597.0000    	 0.42161447E-01	 0.13630687E-01
  1597.0000    	  1598.0000    	 0.57170808E-01	 0.15605423E-01
  1598.0000    	  1599.0000    	 0.73236357E-01	 0.15086119E-01
  1599.0000    	  1600.0000    	 0.10005581    	 0.16076214E-01
  1600.0000    	  1601.0000    	 0.83909775E-01	 0.19039247E-01
  1601.0000    	  1602.0000    	 0.88077636E-01	 0.16740704E-01
  1602.0000    	  1603.0000    	 0.70521326E-01	 0.18126815E-01
  1603.0000    	  1604.0000    	 0.81715634E-01	 0.19122860E-01
  1604.0000    	  1605.0000    	 0.74248894E-01	 0.16990227E-01
  1605.0000    	  1606.0000    	 0.41167060E-01	 0.15315849E-01
  1606.0000    	  1607.0000    	 0.52782033E-01	 0.13519894E-01
  1607.0000    	  1608.0000    	 0.61651051E-01	 0.13895119E-01
  1608.0000    	  1609.0000    	 0.38859031E-01	 0.16738236E-01
  1609.0000    	  1610.0000    	 0.54377041E-01	 0.14533422E-01
  1610.0000    	  1611.0000    	 0.83500884E-01	 0.15957299E-01
  1611.0000    	  1612.0000    	 0.71582250E-01	 0.16478302E-01
  1612.0000    	  1613.0000    	 0.69968758E-01	 0.17585306E-01
  1613.0000    	  1614.0000    	 0.66316223E-01	 0.17892229E-01
  1614.0000    	  1615.0000    	 0.71292691E-01	 0.17282806E-01
  1615.0000    	  1616.0000    	 0.37338778E-01	 0.16823858E-01
  1616.0000    	  1617.0000    	 0.40564872E-01	 0.14306323E-01
  1617.0000    	  1618.0000    	 0.53592349E-01	 0.13609647E-01
  1618.0000    	  1619.0000    	 0.47462792E-01	 0.13462727E-01
  1619.0000    	  1620.0000    	 0.87097718E-01	 0.16523772E-01
  1620.0000    	  1621.0000    	 0.55748611E-01	 0.14063512E-01
  1621.0000    	  1622.0000    	 0.80154640E-01	 0.15454565E-01
  1622.0000    	  1623.0000    	 0.85293280E-01	 0.16883051E-01
  1623.0000    	  1624.0000    	 0.45937922E-01	 0.17095727E-01
  1624.0000    	  1625.0000    	 0.77380079E-01	 0.18071648E-01
  1625.0000    	  1626.0000    	 0.44631627E-01	 0.16234489E-01
  1626.0000    	  1627.0000    	 0.54619348E-01	 0.13509622E-01
  1627.0000    	  1628.0000    	 0.55608500E-01	 0.13352319E-01
  1628.0000    	  1629.0000    	 0.19731728E-01	 0.14664865E-01
  1629.0000    	  1630.0000    	 0.50525856E-01	 0.13291889E-01
  1630.0000    	  1631.0000    	 0.22003845E-01	 0.14128694E-01
  1631.0000    	  1632.0000    	 0.80811210E-01	 0.15682500E-01
  1632.0000    	  1633.0000    	 0.67011185E-01	 0.15384847E-01
  1633.0000    	  1634.0000    	 0.87541052E-01	 0.15269726E-01
  1634.0000    	  1635.0000    	 0.69306666E-01	 0.16639383E-01
  1635.0000    	  1636.0000    	 0.95331906E-01	 0.17849028E-01
  1636.0000    	  1637.0000    	 0.75574563E-01	 0.16469811E-01
  1637.0000    	  1638.0000    	 0.74912571E-01	 0.13928317E-01
  1638.0000    	  1639.0000    	 0.51542687E-01	 0.14415179E-01
  1639.0000    	  1640.0000    	 0.28271521E-01	 0.13221786E-01
  1640.0000    	  1641.0000    	 0.63465960E-01	 0.13374139E-01
  1641.0000    	  1642.0000    	 0.29341622E-01	 0.12416157E-01
  1642.0000    	  1643.0000    	 0.78888131E-01	 0.15283728E-01
  1643.0000    	  1644.0000    	 0.81842831E-01	 0.13591309E-01
  1644.0000    	  1645.0000    	 0.88923503E-01	 0.14852349E-01
  1645.0000    	  1646.0000    	 0.71806357E-01	 0.15461649E-01
  1646.0000    	  1647.0000    	 0.89365049E-01	 0.18775937E-01
  1647.0000    	  1648.0000    	 0.56225759E-01	 0.15877895E-01
  1648.0000    	  1649.0000    	 0.66212647E-01	 0.14458276E-01
  1649.0000    	  1650.0000    	 0.46762064E-01	 0.15674371E-01
  1650.0000    	  1651.0000    	 0.95058738E-02	 0.12057102E-01
  1651.0000    	  1652.0000    	 0.27795493E-01	 0.12745534E-01
  1652.0000    	  1653.0000    	 0.20319016E-01	 0.13192742E-01
  1653.0000    	  1654.0000    	 0.36180954E-01	 0.14305782E-01
  1654.0000    	  1655.0000    	 0.72902498E-01	 0.16107019E-01
  1655.0000    	  1656.0000    	 0.67045620E-01	 0.17533770E-01
  1656.0000    	  1657.0000    	 0.83916051E-01	 0.16386236E-01
  1657.0000    	  1658.0000    	 0.76689244E-01	 0.18465758E-01
  1658.0000    	  1659.0000    	 0.73399861E-01	 0.15578973E-01
  1659.0000    	  1660.0000    	 0.74767972E-01	 0.14862825E-01
  1660.0000    	  1661.0000    	 0.42876715E-01	 0.10697432E-01
  1661.0000    	  1662.0000    	 0.32090314E-01	 0.13977717E-01
  1662.0000    	  1663.0000    	 0.38599984E-01	 0.11983648E-01
  1663.0000    	  1664.0000    	 0.67350375E-01	 0.12054899E-01
  1664.0000    	  1665.0000    	 0.58816473E-01	 0.13689097E-01
  1665.0000    	  1666.0000    	 0.48382412E-01	 0.13780537E-01
  1666.0000    	  1667.0000    	 0.10215576    	 0.17583180E-01
  1667.0000    	  1668.0000    	 0.62511113E-01	 0.13968932E-01
  1668.0000    	  1669.0000    	 0.66926281E-01	 0.18618540E-01
  1669.0000    	  1670.0000    	 0.50830426E-01	 0.18297892E-01
  1670.0000    	  1671.0000    	 0.66001794E-01	 0.15626430E-01
  1671.0000    	  1672.0000    	 0.40674575E-01	 0.15466730E-01
  1672.0000    	  1673.0000    	 0.16008843E-01	 0.14194391E-01
  1673.0000    	  1674.0000    	 0.40803378E-01	 0.11288357E-01
  1674.0000    	  1675.0000    	 0.39994803E-01	 0.12874656E-01
  1675.0000    	  1676.0000    	 0.39795641E-01	 0.12787411E-01
  1676.0000    	  1677.0000    	 0.65995848E-01	 0.13663822E-01
  1677.0000    	  1678.0000    	 0.67249393E-01	 0.17117879E-01
  1678.0000    	  1679.0000    	 0.63872439E-01	 0.16508500E-01
  1679.0000    	  1680.0000    	 0.90132866E-01	 0.18025863E-01
  1680.0000    	  1681.0000    	 0.81763433E-01	 0.15368190E-01
  1681.0000    	  1682.0000    	 0.64118433E-01	 0.15624275E-01
  1682.0000    	  1683.0000    	 0.53251401E-01	 0.13301307E-01
  1683.0000    	  1684.0000    	 0.36769066E-01	 0.12449311E-01
  1684.0000    	  1685.0000    	 0.28177308E-01	 0.12399819E-01
  1685.0000    	  1686.0000    	 0.48398046E-01	 0.12913930E-01
  1686.0000    	  1687.0000    	 0.68818517E-01	 0.13364454E-01
  1687.0000    	  1688.0000    	 0.10570684    	 0.15770017E-01
  1688.0000    	  1689.0000    	 0.52710901E-01	 0.15336969E-01
  1689.0000    	  1690.0000    	 0.80360022E-01	 0.15529440E-01
  1690.0000    	  1691.0000    	 0.66283179E-01	 0.15578165E-01
  1691.0000    	  1692.0000    	 0.45940382E-01	 0.14678804E-01
  1692.0000    	  1693.0000    	 0.45890028E-01	 0.14104014E-01
  1693.0000    	  1694.0000    	 0.43337129E-01	 0.12195409E-01
  1694.0000    	  1695.0000    	 0.53542813E-01	 0.15031703E-01
  1695.0000    	  1696.0000    	 0.39009233E-01	 0.13008046E-01
  1696.0000    	  1697.0000    	 0.56308113E-01	 0.11368079E-01
  1697.0000    	  1698.0000    	 0.55513447E-01	 0.14547330E-01
  1698.0000    	  1699.0000    	 0.68524348E-01	 0.14429412E-01
  1699.0000    	  1700.0000    	 0.70153704E-01	 0.14157094E-01
  1700.0000    	  1701.0000    	 0.63103303E-01	 0.16780172E-01
  1701.0000    	  1702.0000    	 0.53637462E-01	 0.15486286E-01
  1702.0000    	  1703.0000    	 0.10091462    	 0.17576820E-01
  1703.0000    	  1704.0000    	 0.58677219E-01	 0.14506270E-01
  1704.0000    	  1705.0000    	 0.27545063E-01	 0.13370338E-01
  1705.0000    	  1706.0000    	 0.32912803E-01	 0.11344542E-01
  1706.0000    	  1707.0000    	 0.54243506E-01	 0.14172915E-01
  1707.0000    	  1708.0000    	 0.48064240E-01	 0.12478509E-01
  1708.0000    	  1709.0000    	 0.67009267E-01	 0.14041365E-01
  1709.0000    	  1710.0000    	 0.62427224E-01	 0.15269703E-01
  1710.0000    	  1711.0000    	 0.78821251E-01	 0.15111740E-01
  1711.0000    	  1712.0000    	 0.72963638E-01	 0.17007079E-01
  1712.0000    	  1713.0000    	 0.69745074E-01	 0.17763677E-01
  1713.0000    	  1714.0000    	 0.69947856E-01	 0.16098190E-01
  1714.0000    	  1715.0000    	 0.64850267E-01	 0.14648494E-01
  1715.0000    	  1716.0000    	 0.59658871E-01	 0.12618725E-01
  1716.0000    	  1717.0000    	 0.35607840E-01	 0.11865163E-01
  1717.0000    	  1718.0000    	 0.43169471E-01	 0.12277764E-01
  1718.0000    	  1719.0000    	 0.47746004E-01	 0.11777050E-01
  1719.0000    	  1720.0000    	 0.66724643E-01	 0.12846795E-01
  1720.0000    	  1721.0000    	 0.63404543E-01	 0.15744626E-01
  1721.0000    	  1722.0000    	 0.95382209E-01	 0.15067660E-01
  1722.0000    	  1723.0000    	 0.60195741E-01	 0.15377958E-01
  1723.0000    	  1724.0000    	 0.88774665E-01	 0.16392069E-01
  1724.0000    	  1725.0000    	 0.76236533E-01	 0.16676295E-01
  1725.0000    	  1726.0000    	 0.47079490E-01	 0.14926582E-01
  1726.0000    	  1727.0000    	 0.20899091E-01	 0.11829028E-01
  1727.0000    	  1728.0000    	 0.67547777E-01	 0.13107025E-01
  1728.0000    	  1729.0000    	 0.59094997E-01	 0.13030213E-01
  1729.0000    	  1730.0000    	 0.20110485E-01	 0.12916466E-01
  1730.0000    	  1731.0000    	 0.58707465E-01	 0.12280467E-01
  1731.0000    	  1732.0000    	 0.29687854E-01	 0.13317908E-01
  1732.0000    	  1733.0000    	 0.55248084E-01	 0.14650670E-01
  1733.0000    	  1734.0000    	 0.65558390E-01	 0.10251592E-01
  1734.0000    	  1735.0000    	 0.61632784E-01	 0.16757137E-01
  1735.0000    	  1736.0000    	 0.68270857E-01	 0.15458516E-01
  1736.0000    	  1737.0000    	 0.37225181E-01	 0.14352954E-01
  1737.0000    	  1738.0000    	 0.40605838E-01	 0.99068165E-02
  1738.0000    	  1739.0000    	 0.15736231E-01	 0.11219431E-01
  1739.0000    	  1740.0000    	 0.44275828E-01	 0.11904755E-01
  1740.0000    	  1741.0000    	 0.62210552E-01	 0.12296082E-01
  1741.0000    	  1742.0000    	 0.66180126E-01	 0.13081207E-01
  1742.0000    	  1743.0000    	 0.75633900E-01	 0.14461229E-01
  1743.0000    	  1744.0000    	 0.72490522E-01	 0.16641845E-01
  1744.0000    	  1745.0000    	 0.77942421E-01	 0.16413293E-01
  1745.0000    	  1746.0000    	 0.75757774E-01	 0.15395155E-01
  1746.0000    	  1747.0000    	 0.72302181E-01	 0.15529458E-01
  1747.0000    	  1748.0000    	 0.29594881E-01	 0.14316750E-01
  1748.0000    	  1749.0000    	 0.45159461E-01	 0.13044431E-01
  1749.0000    	  1750.0000    	 0.28445291E-01	 0.12898903E-01
  1750.0000    	  1751.0000    	 0.36690923E-01	 0.12313122E-01
  1751.0000    	  1752.0000    	 0.73290720E-01	 0.13437668E-01
  1752.0000    	  1753.0000    	 0.41698935E-01	 0.12265300E-01
  1753.0000    	  1754.0000    	 0.87576300E-01	 0.14199366E-01
  1754.0000    	  1755.0000    	 0.73349553E-01	 0.16254388E-01
  1755.0000    	  1756.0000    	 0.10298997    	 0.15433279E-01
  1756.0000    	  1757.0000    	 0.69433452E-01	 0.14752650E-01
  1757.0000    	  1758.0000    	 0.73213653E-01	 0.14192437E-01
  1758.0000    	  1759.0000    	 0.85579128E-01	 0.14580395E-01
  1759.0000    	  1760.0000    	 0.54723408E-01	 0.12396765E-01
  1760.0000    	  1761.0000    	 0.41685966E-01	 0.12296084E-01
  1761.0000    	  1762.0000    	 0.21710372E-01	 0.14083718E-01
  1762.0000    	  1763.0000    	 0.41049022E-01	 0.14753504E-01
  1763.0000    	  1764.0000    	 0.47851519E-01	 0.97602570E-02
  1764.0000    	  1765.0000    	 0.57872034E-01	 0.14528163E-01
  1765.0000    	  1766.0000    	 0.68197541E-01	 0.12237631E-01
  1766.0000    	  1767.0000    	 0.64811531E-01	 0.16614230E-01
  1767.0000    	  1768.0000    	 0.74923299E-01	 0.15707028E-01
  1768.0000    	  1769.0000    	 0.57467312E-01	 0.15109122E-01
  1769.0000    	  1770.0000    	 0.52494203E-01	 0.13602162E-01
  1770.0000    	  1771.0000    	 0.44781299E-01	 0.11693873E-01
  1771.0000    	  1772.0000    	 0.31769035E-01	 0.12844479E-01
  1772.0000    	  1773.0000    	 0.38637206E-01	 0.14118723E-01
  1773.0000    	  1774.0000    	 0.42373534E-01	 0.13437095E-01
  1774.0000    	  1775.0000    	 0.69862612E-01	 0.12404184E-01
  1775.0000    	  1776.0000    	 0.72680449E-01	 0.15238577E-01
  1776.0000    	  1777.0000    	 0.70839015E-01	 0.16498433E-01
  1777.0000    	  1778.0000    	 0.83338537E-01	 0.16271532E-01
  1778.0000    	  1779.0000    	 0.83287459E-01	 0.16595721E-01
  1779.0000    	  1780.0000    	 0.54757582E-01	 0.17443521E-01
  1780.0000    	  1781.0000    	 0.55297836E-01	 0.14418470E-01
  1781.0000    	  1782.0000    	 0.47137086E-01	 0.12896927E-01
  1782.0000    	  1783.0000    	 0.68949608E-02	 0.12014166E-01
  1783.0000    	  1784.0000    	 0.63522108E-01	 0.12793215E-01
  1784.0000    	  1785.0000    	 0.57755536E-01	 0.11682492E-01
  1785.0000    	  1786.0000    	 0.48049427E-01	 0.11863170E-01
  1786.0000    	  1787.0000    	 0.76118751E-01	 0.15087943E-01
  1787.0000    	  1788.0000    	 0.49301368E-01	 0.14947520E-01
  1788.0000    	  1789.0000    	 0.61010607E-01	 0.14257158E-01
  1789.0000    	  1790.0000    	 0.55371333E-01	 0.15953582E-01
  1790.0000    	  1791.0000    	 0.61112589E-01	 0.12741633E-01
  1791.0000    	  1792.0000    	 0.74811997E-01	 0.15727949E-01
  1792.0000    	  1793.0000    	 0.57147858E-01	 0.14509158E-01
  1793.0000    	  1794.0000    	 0.23704795E-01	 0.11779122E-01
  1794.0000    	  1795.0000    	 0.57156079E-01	 0.11747397E-01
  1795.0000    	  1796.0000    	 0.29413075E-02	 0.11791709E-01
  1796.0000    	  1797.0000    	 0.38322803E-01	 0.13294731E-01
  1797.0000    	  1798.0000    	 0.70214245E-01	 0.15150371E-01
  1798.0000    	  1799.0000    	 0.61689382E-01	 0.15555916E-01
  1799.0000    	  1800.0000    	 0.63842008E-01	 0.15212016E-01
  1800.0000    	  1801.0000    	 0.59016355E-01	 0.13711261E-01
  1801.0000    	  1802.0000    	 0.71359617E-01	 0.14703392E-01
  1802.0000    	  1803.0000    	 0.54972359E-01	 0.12976864E-01
  1803.0000    	  1804.0000    	 0.36729192E-01	 0.12964692E-01
  1804.0000    	  1805.0000    	 0.30790612E-01	 0.12199615E-01
  1805.0000    	  1806.0000    	 0.24580579E-01	 0.11789919E-01
  1806.0000    	  1807.0000    	 0.68325145E-01	 0.13255938E-01
  1807.0000    	  1808.0000    	 0.56899894E-01	 0.14039702E-01
  1808.0000    	  1809.0000    	 0.18558515E-01	 0.13372594E-01
  1809.0000    	  1810.0000    	 0.77665006E-01	 0.14689684E-01
  1810.0000    	  1811.0000    	 0.10418545    	 0.17219350E-01
  1811.0000    	  1812.0000    	 0.55015582E-01	 0.14152445E-01
  1812.0000    	  1813.0000    	 0.35440229E-01	 0.14664921E-01
  1813.0000    	  1814.0000    	 0.53169882E-01	 0.14844001E-01
  1814.0000    	  1815.0000    	 0.35195770E-01	 0.12443491E-01
  1815.0000    	  1816.0000    	 0.20156701E-01	 0.11417050E-01
  1816.0000    	  1817.0000    	 0.25201624E-01	 0.98309402E-02
  1817.0000    	  1818.0000    	 0.43725677E-01	 0.10836442E-01
  1818.0000    	  1819.0000    	 0.60714874E-01	 0.12432608E-01
  1819.0000    	  1820.0000    	 0.80239325E-01	 0.15205677E-01
  1820.0000    	  1821.0000    	 0.42216377E-01	 0.12823186E-01
  1821.0000    	  1822.0000    	 0.74488323E-01	 0.17367266E-01
  1822.0000    	  1823.0000    	 0.74918549E-01	 0.13796946E-01
  1823.0000    	  1824.0000    	 0.91962367E-01	 0.15289603E-01
  1824.0000    	  1825.0000    	 0.97541224E-02	 0.13061710E-01
  1825.0000    	  1826.0000    	 0.41394376E-01	 0.13269118E-01
  1826.0000    	  1827.0000    	-0.75916681E-03	 0.12960473E-01
  1827.0000    	  1828.0000    	 0.35716855E-01	 0.96546815E-02
  1828.0000    	  1829.0000    	 0.58814015E-01	 0.12763565E-01
  1829.0000    	  1830.0000    	 0.20092344E-02	 0.11935347E-01
  1830.0000    	  1831.0000    	 0.35542676E-01	 0.13865599E-01
  1831.0000    	  1832.0000    	 0.91215745E-01	 0.13683443E-01
  1832.0000    	  1833.0000    	 0.77209384E-01	 0.15033381E-01
  1833.0000    	  1834.0000    	 0.89881108E-01	 0.14800108E-01
  1834.0000    	  1835.0000    	 0.59884729E-01	 0.13488089E-01
  1835.0000    	  1836.0000    	 0.48226985E-01	 0.12711410E-01
  1836.0000    	  1837.0000    	 0.32146213E-01	 0.10126675E-01
  1837.0000    	  1838.0000    	 0.80015383E-02	 0.13617932E-01
  1838.0000    	  1839.0000    	 0.16240773E-01	 0.11911884E-01
  1839.0000    	  1840.0000    	 0.57935220E-01	 0.11483735E-01
  1840.0000    	  1841.0000    	 0.38166985E-01	 0.13124117E-01
  1841.0000    	  1842.0000    	 0.60095611E-01	 0.13089835E-01
  1842.0000    	  1843.0000    	 0.38714150E-01	 0.13068019E-01
  1843.0000    	  1844.0000    	 0.53097975E-01	 0.15286374E-01
  1844.0000    	  1845.0000    	 0.77379161E-01	 0.13300971E-01
  1845.0000    	  1846.0000    	 0.44872664E-01	 0.11740684E-01
  1846.0000    	  1847.0000    	 0.47167498E-01	 0.13583899E-01
  1847.0000    	  1848.0000    	 0.47846754E-01	 0.11056452E-01
  1848.0000    	  1849.0000    	 0.19064647E-01	 0.11662006E-01
  1849.0000    	  1850.0000    	 0.69977467E-02	 0.82071997E-02
  1850.0000    	  1851.0000    	 0.58366266E-01	 0.13805432E-01
  1851.0000    	  1852.0000    	 0.53039329E-01	 0.14060625E-01
  1852.0000    	  1853.0000    	 0.73359456E-01	 0.14737188E-01
  1853.0000    	  1854.0000    	 0.71378727E-01	 0.14641763E-01
  1854.0000    	  1855.0000    	 0.66571590E-01	 0.14450787E-01
  1855.0000    	  1856.0000    	 0.55632496E-01	 0.16278165E-01
  1856.0000    	  1857.0000    	 0.42017558E-01	 0.13467526E-01
  1857.0000    	  1858.0000    	 0.43575789E-01	 0.13912690E-01
  1858.0000    	  1859.0000    	 0.29339361E-01	 0.11092998E-01
  1859.0000    	  1860.0000    	 0.38096537E-01	 0.11058280E-01
  1860.0000    	  1861.0000    	 0.32764593E-01	 0.11805416E-01
  1861.0000    	  1862.0000    	 0.56499508E-01	 0.12245538E-01
  1862.0000    	  1863.0000    	 0.39301427E-01	 0.10490760E-01
  1863.0000    	  1864.0000    	 0.38237279E-01	 0.14385770E-01
  1864.0000    	  1865.0000    	 0.82997776E-01	 0.15614531E-01
  1865.0000    	  1866.0000    	 0.57727982E-01	 0.14392201E-01
  1866.0000    	  1867.0000    	 0.72555372E-01	 0.14710897E-01
  1867.0000    	  1868.0000    	 0.19491766E-01	 0.14248191E-01
  1868.0000    	  1869.0000    	 0.71481177E-01	 0.13953252E-01
  1869.0000    	  1870.0000    	 0.38910498E-01	 0.90837427E-02
  1870.0000    	  1871.0000    	 0.28065652E-01	 0.11108243E-01
  1871.0000    	  1872.0000    	 0.44802047E-01	 0.11901070E-01
  1872.0000    	  1873.0000    	 0.61076719E-01	 0.11417218E-01
  1873.0000    	  1874.0000    	 0.62795153E-01	 0.12840289E-01
  1874.0000    	  1875.0000    	 0.64692823E-01	 0.14116883E-01
  1875.0000    	  1876.0000    	 0.62932185E-01	 0.12779917E-01
  1876.0000    	  1877.0000    	 0.55150128E-01	 0.15339358E-01
  1877.0000    	  1878.0000    	 0.51676667E-01	 0.14235509E-01
  1878.0000    	  1879.0000    	 0.68525147E-01	 0.13737835E-01
  1879.0000    	  1880.0000    	 0.25286174E-01	 0.11496967E-01
  1880.0000    	  1881.0000    	 0.26438064E-01	 0.10575776E-01
  1881.0000    	  1882.0000    	 0.51392147E-01	 0.11195850E-01
  1882.0000    	  1883.0000    	 0.35547702E-01	 0.11581194E-01
  1883.0000    	  1884.0000    	 0.40131443E-01	 0.84903666E-02
  1884.0000    	  1885.0000    	 0.56151431E-01	 0.12129243E-01
  1885.0000    	  1886.0000    	 0.43269479E-01	 0.12850020E-01
  1886.0000    	  1887.0000    	 0.53474487E-01	 0.13573427E-01
  1887.0000    	  1888.0000    	 0.62622517E-01	 0.13904141E-01
  1888.0000    	  1889.0000    	 0.79546091E-01	 0.14628858E-01
  1889.0000    	  1890.0000    	 0.42124696E-01	 0.12566212E-01
  1890.0000    	  1891.0000    	 0.36939885E-01	 0.10253502E-01
  1891.0000    	  1892.0000    	 0.51384815E-01	 0.10018659E-01
  1892.0000    	  1893.0000    	 0.26030248E-01	 0.98047805E-02
  1893.0000    	  1894.0000    	 0.39022108E-01	 0.12563156E-01
  1894.0000    	  1895.0000    	 0.42261662E-01	 0.10827796E-01
  1895.0000    	  1896.0000    	 0.39233710E-01	 0.93354236E-02
  1896.0000    	  1897.0000    	 0.42165318E-01	 0.14100191E-01
  1897.0000    	  1898.0000    	 0.39939007E-01	 0.14649051E-01
  1898.0000    	  1899.0000    	 0.92028410E-01	 0.13136967E-01
  1899.0000    	  1900.0000    	 0.50707599E-01	 0.13734340E-01
  1900.0000    	  1901.0000    	 0.62505959E-01	 0.13175191E-01
  1901.0000    	  1902.0000    	 0.31987260E-01	 0.11144957E-01
  1902.0000    	  1903.0000    	 0.21207181E-01	 0.95646984E-02
  1903.0000    	  1904.0000    	 0.24372437E-01	 0.10183423E-01
  1904.0000    	  1905.0000    	 0.34346796E-01	 0.72020463E-02
  1905.0000    	  1906.0000    	 0.30070295E-01	 0.11536109E-01
  1906.0000    	  1907.0000    	 0.15157877E-01	 0.11198464E-01
  1907.0000    	  1908.0000    	 0.57294726E-01	 0.13417935E-01
  1908.0000    	  1909.0000    	 0.94192728E-01	 0.14373936E-01
  1909.0000    	  1910.0000    	 0.48658826E-01	 0.13239433E-01
  1910.0000    	  1911.0000    	 0.37385300E-01	 0.15050732E-01
  1911.0000    	  1912.0000    	 0.48557208E-01	 0.13672559E-01
  1912.0000    	  1913.0000    	 0.58203964E-01	 0.10875194E-01
  1913.0000    	  1914.0000    	 0.28093056E-01	 0.10533562E-01
  1914.0000    	  1915.0000    	 0.26204469E-01	 0.11213252E-01
  1915.0000    	  1916.0000    	 0.29188905E-01	 0.11765691E-01
  1916.0000    	  1917.0000    	 0.45879326E-01	 0.11568473E-01
  1917.0000    	  1918.0000    	 0.45493791E-01	 0.11534776E-01
  1918.0000    	  1919.0000    	 0.54265105E-01	 0.12252991E-01
  1919.0000    	  1920.0000    	 0.55124456E-01	 0.12790075E-01
  1920.0000    	  1921.0000    	 0.71894237E-01	 0.12906227E-01
  1921.0000    	  1922.0000    	 0.31673323E-01	 0.17775828E-01
  1922.0000    	  1923.0000    	 0.59533060E-01	 0.12701286E-01
  1923.0000    	  1924.0000    	 0.52553691E-01	 0.10843129E-01
  1924.0000    	  1925.0000    	 0.32225687E-01	 0.10382484E-01
  1925.0000    	  1926.0000    	 0.22456015E-01	 0.10817069E-01
  1926.0000    	  1927.0000    	 0.26178892E-02	 0.12861500E-01
  1927.0000    	  1928.0000    	 0.56642928E-01	 0.10371752E-01
  1928.0000    	  1929.0000    	 0.48671967E-01	 0.11992689E-01
  1929.0000    	  1930.0000    	 0.30039929E-01	 0.11825763E-01
  1930.0000    	  1931.0000    	 0.56862727E-01	 0.12195158E-01
  1931.0000    	  1932.0000    	 0.47165469E-01	 0.13588787E-01
  1932.0000    	  1933.0000    	 0.77900747E-01	 0.14358591E-01
  1933.0000    	  1934.0000    	 0.47735609E-01	 0.88388143E-02
  1934.0000    	  1935.0000    	 0.22926416E-01	 0.11045477E-01
  1935.0000    	  1936.0000    	 0.35648469E-01	 0.94494551E-02
  1936.0000    	  1937.0000    	 0.40590578E-01	 0.10278528E-01
  1937.0000    	  1938.0000    	 0.39453056E-01	 0.11558692E-01
  1938.0000    	  1939.0000    	 0.71744339E-01	 0.11090144E-01
  1939.0000    	  1940.0000    	 0.87714196E-01	 0.12176834E-01
  1940.0000    	  1941.0000    	 0.52982245E-01	 0.12402489E-01
  1941.0000    	  1942.0000    	 0.60959877E-01	 0.11991744E-01
  1942.0000    	  1943.0000    	 0.39768394E-01	 0.13911997E-01
  1943.0000    	  1944.0000    	 0.54166167E-01	 0.14399727E-01
  1944.0000    	  1945.0000    	 0.65683761E-01	 0.12171425E-01
  1945.0000    	  1946.0000    	 0.59727736E-01	 0.12322403E-01
  1946.0000    	  1947.0000    	 0.23008823E-01	 0.10371722E-01
  1947.0000    	  1948.0000    	 0.33286711E-02	 0.10968056E-01
  1948.0000    	  1949.0000    	 0.12873772E-01	 0.11586133E-01
  1949.0000    	  1950.0000    	 0.47146416E-01	 0.12364421E-01
  1950.0000    	  1951.0000    	 0.45202131E-01	 0.13804054E-01
  1951.0000    	  1952.0000    	 0.45357801E-01	 0.13011166E-01
  1952.0000    	  1953.0000    	 0.47855567E-01	 0.13836553E-01
  1953.0000    	  1954.0000    	 0.55134308E-01	 0.12069382E-01
  1954.0000    	  1955.0000    	 0.55969124E-01	 0.14171764E-01
  1955.0000    	  1956.0000    	 0.43107065E-01	 0.11284007E-01
  1956.0000    	  1957.0000    	 0.48387065E-01	 0.10873922E-01
  1957.0000    	  1958.0000    	 0.32100006E-01	 0.88159902E-02
  1958.0000    	  1959.0000    	 0.19126180E-01	 0.83554885E-02
  1959.0000    	  1960.0000    	 0.85598198E-02	 0.95329945E-02
  1960.0000    	  1961.0000    	 0.23913871E-01	 0.99193335E-02
  1961.0000    	  1962.0000    	 0.44365144E-01	 0.11215006E-01
  1962.0000    	  1963.0000    	 0.69320908E-01	 0.13409711E-01
  1963.0000    	  1964.0000    	 0.47802929E-01	 0.13197890E-01
  1964.0000    	  1965.0000    	 0.72192382E-01	 0.10955013E-01
  1965.0000    	  1966.0000    	 0.54141088E-01	 0.13663600E-01
  1966.0000    	  1967.0000    	 0.35834272E-01	 0.12070053E-01
  1967.0000    	  1968.0000    	-0.65725317E-02	 0.10355560E-01
  1968.0000    	  1969.0000    	 0.31696646E-01	 0.94292589E-02
  1969.0000    	  1970.0000    	 0.30920017E-01	 0.10727766E-01
  1970.0000    	  1971.0000    	 0.28765424E-01	 0.10023911E-01
  1971.0000    	  1972.0000    	 0.31830641E-01	 0.11257661E-01
  1972.0000    	  1973.0000    	 0.56503846E-01	 0.11977521E-01
  1973.0000    	  1974.0000    	 0.78750469E-01	 0.12656448E-01
  1974.0000    	  1975.0000    	 0.55328813E-01	 0.11721725E-01
  1975.0000    	  1976.0000    	 0.46393619E-01	 0.13819833E-01
  1976.0000    	  1977.0000    	 0.50477743E-01	 0.13010045E-01
  1977.0000    	  1978.0000    	 0.57613984E-01	 0.13030195E-01
  1978.0000    	  1979.0000    	 0.30830441E-01	 0.11421005E-01
  1979.0000    	  1980.0000    	 0.30189933E-01	 0.85936012E-02
  1980.0000    	  1981.0000    	 0.13242508E-01	 0.12176169E-01
  1981.0000    	  1982.0000    	 0.46860158E-01	 0.12574988E-01
  1982.0000    	  1983.0000    	 0.39250815E-01	 0.12655726E-01
  1983.0000    	  1984.0000    	 0.55482049E-01	 0.12042638E-01
  1984.0000    	  1985.0000    	 0.25629697E-01	 0.13222331E-01
  1985.0000    	  1986.0000    	 0.69484464E-01	 0.11768092E-01
  1986.0000    	  1987.0000    	 0.55485621E-01	 0.13348004E-01
  1987.0000    	  1988.0000    	 0.26780456E-01	 0.13019966E-01
  1988.0000    	  1989.0000    	 0.43190143E-01	 0.11549141E-01
  1989.0000    	  1990.0000    	 0.36720222E-01	 0.11190304E-01
  1990.0000    	  1991.0000    	 0.25099288E-01	 0.96393812E-02
  1991.0000    	  1992.0000    	 0.35924936E-02	 0.11001471E-01
  1992.0000    	  1993.0000    	 0.14620223E-01	 0.76904281E-02
  1993.0000    	  1994.0000    	 0.56530489E-01	 0.12199751E-01
  1994.0000    	  1995.0000    	 0.47527704E-01	 0.10278787E-01
  1995.0000    	  1996.0000    	 0.74639341E-01	 0.14566055E-01
  1996.0000    	  1997.0000    	 0.43811374E-01	 0.11789163E-01
  1997.0000    	  1998.0000    	 0.51613448E-01	 0.13206216E-01
  1998.0000    	  1999.0000    	 0.25739406E-01	 0.11722626E-01
  1999.0000    	  2000.0000    	 0.44912732E-01	 0.13071929E-01
  2000.0000    	  2001.0000    	 0.44304955E-01	 0.10271311E-01
  2001.0000    	  2002.0000    	 0.31423093E-01	 0.96957238E-02
  2002.0000    	  2003.0000    	 0.11744054E-01	 0.96299719E-02
  2003.0000    	  2004.0000    	 0.27638522E-01	 0.11134256E-01
  2004.0000    	  2005.0000    	 0.77964970E-02	 0.90178855E-02
  2005.0000    	  2006.0000    	 0.35374659E-01	 0.97565522E-02
  2006.0000    	  2007.0000    	 0.51707469E-01	 0.11976061E-01
  2007.0000    	  2008.0000    	 0.45632706E-01	 0.12182808E-01
  2008.0000    	  2009.0000    	 0.37561804E-01	 0.13665767E-01
  2009.0000    	  2010.0000    	 0.67669357E-01	 0.11432395E-01
  2010.0000    	  2011.0000    	 0.37868565E-01	 0.13234235E-01
  2011.0000    	  2012.0000    	 0.49142244E-01	 0.11436069E-01
  2012.0000    	  2013.0000    	 0.38504398E-01	 0.90746396E-02
  2013.0000    	  2014.0000    	 0.38445625E-01	 0.12278971E-01
  2014.0000    	  2015.0000    	 0.58236591E-01	 0.11361732E-01
  2015.0000    	  2016.0000    	 0.58648516E-01	 0.11502267E-01
  2016.0000    	  2017.0000    	 0.42131998E-01	 0.99985364E-02
  2017.0000    	  2018.0000    	 0.54849643E-01	 0.11474396E-01
  2018.0000    	  2019.0000    	 0.59490755E-01	 0.14506611E-01
  2019.0000    	  2020.0000    	 0.64208517E-01	 0.13185463E-01
  2020.0000    	  2021.0000    	 0.54837406E-01	 0.11345629E-01
  2021.0000    	  2022.0000    	 0.54090479E-01	 0.11248952E-01
  2022.0000    	  2023.0000    	 0.28636160E-01	 0.10923148E-01
  2023.0000    	  2024.0000    	 0.28314141E-01	 0.99790973E-02
