# xi4
# underflow	 -9.9378462    	 0.18263415    
# overflow	 0.39394493    	 0.26612358E-01
# sum	  5.8342024    	 0.26646863    
# xmin	xmax	cross	numerror
  1034.0000    	  1035.0000    	-0.16460037E-02	 0.61662407E-02
  1035.0000    	  1036.0000    	 0.14609135E-01	 0.66784269E-02
  1036.0000    	  1037.0000    	 0.49194899E-02	 0.68492019E-02
  1037.0000    	  1038.0000    	 0.31644975E-01	 0.70297350E-02
  1038.0000    	  1039.0000    	 0.38393966E-01	 0.81608882E-02
  1039.0000    	  1040.0000    	 0.62948442E-01	 0.81408941E-02
  1040.0000    	  1041.0000    	-0.52301767E-02	 0.95256575E-02
  1041.0000    	  1042.0000    	 0.41945962E-01	 0.95626265E-02
  1042.0000    	  1043.0000    	 0.49997499E-01	 0.99843252E-02
  1043.0000    	  1044.0000    	 0.61026838E-01	 0.12234825E-01
  1044.0000    	  1045.0000    	-0.63200926E-02	 0.10886077E-01
  1045.0000    	  1046.0000    	 0.12214625E-01	 0.68249280E-02
  1046.0000    	  1047.0000    	 0.64764955E-02	 0.64226216E-02
  1047.0000    	  1048.0000    	 0.30712140E-01	 0.73311911E-02
  1048.0000    	  1049.0000    	-0.16471231E-02	 0.73744163E-02
  1049.0000    	  1050.0000    	 0.24261209E-01	 0.69504102E-02
  1050.0000    	  1051.0000    	 0.44114299E-01	 0.80526087E-02
  1051.0000    	  1052.0000    	 0.52438795E-01	 0.88218567E-02
  1052.0000    	  1053.0000    	 0.22210289E-01	 0.85786537E-02
  1053.0000    	  1054.0000    	 0.19392985E-01	 0.98846995E-02
  1054.0000    	  1055.0000    	-0.93998933E-02	 0.11129928E-01
  1055.0000    	  1056.0000    	-0.24105609E-01	 0.10597382E-01
  1056.0000    	  1057.0000    	-0.49672110E-02	 0.64729123E-02
  1057.0000    	  1058.0000    	 0.11345725E-01	 0.68418368E-02
  1058.0000    	  1059.0000    	 0.21062478E-01	 0.66613459E-02
  1059.0000    	  1060.0000    	 0.13579868E-01	 0.63291891E-02
  1060.0000    	  1061.0000    	 0.26635661E-01	 0.78804515E-02
  1061.0000    	  1062.0000    	 0.42505008E-01	 0.77220280E-02
  1062.0000    	  1063.0000    	 0.66764125E-01	 0.92874726E-02
  1063.0000    	  1064.0000    	 0.62622871E-01	 0.92325116E-02
  1064.0000    	  1065.0000    	 0.59893012E-01	 0.10539722E-01
  1065.0000    	  1066.0000    	 0.78963970E-02	 0.10970583E-01
  1066.0000    	  1067.0000    	-0.31002545E-01	 0.10107627E-01
  1067.0000    	  1068.0000    	-0.73043810E-02	 0.47506891E-02
  1068.0000    	  1069.0000    	 0.18108338E-01	 0.69914063E-02
  1069.0000    	  1070.0000    	 0.20984605E-01	 0.64396102E-02
  1070.0000    	  1071.0000    	 0.26030831E-01	 0.70605896E-02
  1071.0000    	  1072.0000    	 0.11125117E-01	 0.86601570E-02
  1072.0000    	  1073.0000    	 0.37886532E-01	 0.79957112E-02
  1073.0000    	  1074.0000    	-0.11492071E-01	 0.85478555E-02
  1074.0000    	  1075.0000    	-0.69581274E-03	 0.88109571E-02
  1075.0000    	  1076.0000    	 0.49452641E-01	 0.95734287E-02
  1076.0000    	  1077.0000    	 0.45901049E-01	 0.11837131E-01
  1077.0000    	  1078.0000    	-0.90167390E-02	 0.99799357E-02
  1078.0000    	  1079.0000    	 0.86139930E-02	 0.64998510E-02
  1079.0000    	  1080.0000    	 0.44731361E-02	 0.47239459E-02
  1080.0000    	  1081.0000    	 0.10004480E-01	 0.65012916E-02
  1081.0000    	  1082.0000    	 0.27125919E-01	 0.71812801E-02
  1082.0000    	  1083.0000    	 0.46101335E-01	 0.75986119E-02
  1083.0000    	  1084.0000    	 0.38935580E-01	 0.72730954E-02
  1084.0000    	  1085.0000    	 0.42144778E-01	 0.82050691E-02
  1085.0000    	  1086.0000    	 0.48958184E-01	 0.86589920E-02
  1086.0000    	  1087.0000    	 0.50258485E-01	 0.11435921E-01
  1087.0000    	  1088.0000    	-0.15422698E-01	 0.10588212E-01
  1088.0000    	  1089.0000    	 0.29073485E-01	 0.10578992E-01
  1089.0000    	  1090.0000    	 0.17138594E-01	 0.72577103E-02
  1090.0000    	  1091.0000    	 0.97035219E-02	 0.59241287E-02
  1091.0000    	  1092.0000    	 0.24451939E-01	 0.70964113E-02
  1092.0000    	  1093.0000    	 0.30391001E-01	 0.75146394E-02
  1093.0000    	  1094.0000    	 0.33182885E-01	 0.76841868E-02
  1094.0000    	  1095.0000    	 0.46717717E-01	 0.78204854E-02
  1095.0000    	  1096.0000    	 0.46063772E-01	 0.77174276E-02
  1096.0000    	  1097.0000    	 0.48980984E-01	 0.86875268E-02
  1097.0000    	  1098.0000    	 0.57576303E-01	 0.11339814E-01
  1098.0000    	  1099.0000    	 0.31597000E-01	 0.10082478E-01
  1099.0000    	  1100.0000    	 0.39199696E-01	 0.10480375E-01
  1100.0000    	  1101.0000    	-0.21517751E-02	 0.68318443E-02
  1101.0000    	  1102.0000    	-0.21608554E-02	 0.57944619E-02
  1102.0000    	  1103.0000    	 0.23861978E-01	 0.76408580E-02
  1103.0000    	  1104.0000    	-0.11349888E-01	 0.72973466E-02
  1104.0000    	  1105.0000    	 0.27810080E-01	 0.76441739E-02
  1105.0000    	  1106.0000    	 0.39672809E-01	 0.74112385E-02
  1106.0000    	  1107.0000    	 0.23736558E-01	 0.87624197E-02
  1107.0000    	  1108.0000    	 0.60752380E-01	 0.10675204E-01
  1108.0000    	  1109.0000    	 0.47151668E-01	 0.11659784E-01
  1109.0000    	  1110.0000    	 0.10007340E-02	 0.94078650E-02
  1110.0000    	  1111.0000    	 0.36468502E-01	 0.11158707E-01
  1111.0000    	  1112.0000    	 0.42056531E-02	 0.60522618E-02
  1112.0000    	  1113.0000    	-0.49835874E-02	 0.57949544E-02
  1113.0000    	  1114.0000    	 0.11724370E-01	 0.70775462E-02
  1114.0000    	  1115.0000    	 0.48583664E-02	 0.69172300E-02
  1115.0000    	  1116.0000    	 0.14068234E-01	 0.79327123E-02
  1116.0000    	  1117.0000    	 0.47253591E-01	 0.73332848E-02
  1117.0000    	  1118.0000    	 0.36339502E-01	 0.97061049E-02
  1118.0000    	  1119.0000    	 0.36315541E-01	 0.93704110E-02
  1119.0000    	  1120.0000    	-0.18895055E-02	 0.10861500E-01
  1120.0000    	  1121.0000    	 0.30288425E-01	 0.10521069E-01
  1121.0000    	  1122.0000    	 0.64056444E-01	 0.11148813E-01
  1122.0000    	  1123.0000    	 0.11265388E-01	 0.63167301E-02
  1123.0000    	  1124.0000    	 0.10420803E-01	 0.50063340E-02
  1124.0000    	  1125.0000    	 0.12565784E-02	 0.72942306E-02
  1125.0000    	  1126.0000    	 0.25621001E-01	 0.74721231E-02
  1126.0000    	  1127.0000    	 0.23095507E-01	 0.75429466E-02
  1127.0000    	  1128.0000    	 0.16318799E-01	 0.67931160E-02
  1128.0000    	  1129.0000    	 0.29632733E-01	 0.87329719E-02
  1129.0000    	  1130.0000    	 0.57596349E-01	 0.84582115E-02
  1130.0000    	  1131.0000    	 0.50711299E-01	 0.97534746E-02
  1131.0000    	  1132.0000    	 0.50835462E-01	 0.10214481E-01
  1132.0000    	  1133.0000    	 0.41937417E-01	 0.96932350E-02
  1133.0000    	  1134.0000    	 0.10743937E-02	 0.59577998E-02
  1134.0000    	  1135.0000    	-0.53904558E-02	 0.45794042E-02
  1135.0000    	  1136.0000    	 0.25470117E-01	 0.69041257E-02
  1136.0000    	  1137.0000    	 0.27990137E-01	 0.72421095E-02
  1137.0000    	  1138.0000    	 0.31767044E-01	 0.65832707E-02
  1138.0000    	  1139.0000    	 0.31250311E-01	 0.70505663E-02
  1139.0000    	  1140.0000    	 0.52238129E-01	 0.93978387E-02
  1140.0000    	  1141.0000    	 0.52618652E-01	 0.93199401E-02
  1141.0000    	  1142.0000    	 0.42610184E-01	 0.94797729E-02
  1142.0000    	  1143.0000    	 0.53874248E-01	 0.10812333E-01
  1143.0000    	  1144.0000    	 0.64927901E-01	 0.11501120E-01
  1144.0000    	  1145.0000    	-0.13618773E-02	 0.56440500E-02
  1145.0000    	  1146.0000    	 0.11027969E-01	 0.54913905E-02
  1146.0000    	  1147.0000    	-0.11571252E-02	 0.48881502E-02
  1147.0000    	  1148.0000    	 0.91384867E-02	 0.73503868E-02
  1148.0000    	  1149.0000    	 0.27178115E-01	 0.71944591E-02
  1149.0000    	  1150.0000    	 0.50658502E-01	 0.73931734E-02
  1150.0000    	  1151.0000    	 0.48959496E-01	 0.82523084E-02
  1151.0000    	  1152.0000    	 0.45520420E-01	 0.89857651E-02
  1152.0000    	  1153.0000    	 0.49704211E-01	 0.10769502E-01
  1153.0000    	  1154.0000    	-0.22198503E-01	 0.95193111E-02
  1154.0000    	  1155.0000    	 0.34081739E-01	 0.11313129E-01
  1155.0000    	  1156.0000    	-0.81366967E-02	 0.59253175E-02
  1156.0000    	  1157.0000    	 0.23978592E-02	 0.61892698E-02
  1157.0000    	  1158.0000    	 0.27110882E-02	 0.55620580E-02
  1158.0000    	  1159.0000    	 0.25707349E-01	 0.68396995E-02
  1159.0000    	  1160.0000    	 0.39625539E-01	 0.68073287E-02
  1160.0000    	  1161.0000    	 0.43045019E-01	 0.71483142E-02
  1161.0000    	  1162.0000    	 0.47952272E-01	 0.93073059E-02
  1162.0000    	  1163.0000    	 0.68813339E-01	 0.96080974E-02
  1163.0000    	  1164.0000    	 0.53908003E-01	 0.10830736E-01
  1164.0000    	  1165.0000    	 0.46954220E-01	 0.10877332E-01
  1165.0000    	  1166.0000    	 0.31986072E-01	 0.98543830E-02
  1166.0000    	  1167.0000    	 0.10218765E-01	 0.59530578E-02
  1167.0000    	  1168.0000    	 0.19145791E-01	 0.60847827E-02
  1168.0000    	  1169.0000    	 0.16546927E-01	 0.67800750E-02
  1169.0000    	  1170.0000    	 0.23791943E-01	 0.62944456E-02
  1170.0000    	  1171.0000    	 0.19900568E-01	 0.73372047E-02
  1171.0000    	  1172.0000    	 0.34918297E-01	 0.73140337E-02
  1172.0000    	  1173.0000    	 0.40354361E-01	 0.93552923E-02
  1173.0000    	  1174.0000    	 0.13070159E-01	 0.89450161E-02
  1174.0000    	  1175.0000    	 0.57114809E-01	 0.97396727E-02
  1175.0000    	  1176.0000    	 0.31466687E-01	 0.93283938E-02
  1176.0000    	  1177.0000    	 0.45854851E-01	 0.96356177E-02
  1177.0000    	  1178.0000    	-0.66276646E-02	 0.57941480E-02
  1178.0000    	  1179.0000    	 0.77759444E-02	 0.61659253E-02
  1179.0000    	  1180.0000    	 0.95743287E-05	 0.62799483E-02
  1180.0000    	  1181.0000    	 0.23568429E-01	 0.65895781E-02
  1181.0000    	  1182.0000    	 0.31875470E-01	 0.69842161E-02
  1182.0000    	  1183.0000    	 0.42966804E-01	 0.76625908E-02
  1183.0000    	  1184.0000    	 0.81902296E-02	 0.83356623E-02
  1184.0000    	  1185.0000    	 0.13295424E-01	 0.97917273E-02
  1185.0000    	  1186.0000    	 0.35899522E-01	 0.98313608E-02
  1186.0000    	  1187.0000    	 0.44981986E-01	 0.95092911E-02
  1187.0000    	  1188.0000    	 0.20505372E-01	 0.98490467E-02
  1188.0000    	  1189.0000    	-0.44802196E-02	 0.56503714E-02
  1189.0000    	  1190.0000    	 0.60321298E-02	 0.52040271E-02
  1190.0000    	  1191.0000    	 0.14982386E-01	 0.64040378E-02
  1191.0000    	  1192.0000    	 0.31291256E-01	 0.59789353E-02
  1192.0000    	  1193.0000    	 0.22191099E-01	 0.67067877E-02
  1193.0000    	  1194.0000    	 0.29563235E-01	 0.84240484E-02
  1194.0000    	  1195.0000    	 0.42388964E-01	 0.82852347E-02
  1195.0000    	  1196.0000    	 0.33400473E-01	 0.74436209E-02
  1196.0000    	  1197.0000    	 0.45378436E-01	 0.97213862E-02
  1197.0000    	  1198.0000    	 0.41765850E-01	 0.99289356E-02
  1198.0000    	  1199.0000    	 0.33286769E-01	 0.12572299E-01
  1199.0000    	  1200.0000    	-0.13914089E-02	 0.56138730E-02
  1200.0000    	  1201.0000    	-0.67785022E-03	 0.58109518E-02
  1201.0000    	  1202.0000    	 0.27536846E-02	 0.55992875E-02
  1202.0000    	  1203.0000    	-0.12082177E-02	 0.53479279E-02
  1203.0000    	  1204.0000    	-0.69371082E-02	 0.63819626E-02
  1204.0000    	  1205.0000    	 0.30981605E-01	 0.68198334E-02
  1205.0000    	  1206.0000    	 0.46317694E-01	 0.75393174E-02
  1206.0000    	  1207.0000    	 0.46452614E-01	 0.88062585E-02
  1207.0000    	  1208.0000    	 0.57629560E-01	 0.10414541E-01
  1208.0000    	  1209.0000    	 0.29628771E-01	 0.10737429E-01
  1209.0000    	  1210.0000    	 0.32695655E-01	 0.10855348E-01
  1210.0000    	  1211.0000    	 0.10188680E-01	 0.50889869E-02
  1211.0000    	  1212.0000    	-0.90864539E-03	 0.64001528E-02
  1212.0000    	  1213.0000    	 0.14010130E-01	 0.56220036E-02
  1213.0000    	  1214.0000    	-0.16108405E-02	 0.61592280E-02
  1214.0000    	  1215.0000    	 0.24457905E-01	 0.72604356E-02
  1215.0000    	  1216.0000    	 0.46514726E-01	 0.73947813E-02
  1216.0000    	  1217.0000    	 0.38027981E-01	 0.76530494E-02
  1217.0000    	  1218.0000    	 0.54764228E-01	 0.90061032E-02
  1218.0000    	  1219.0000    	 0.24126909E-01	 0.10589632E-01
  1219.0000    	  1220.0000    	 0.37410529E-01	 0.88529868E-02
  1220.0000    	  1221.0000    	 0.32833092E-01	 0.84140906E-02
  1221.0000    	  1222.0000    	 0.40426653E-02	 0.52365849E-02
  1222.0000    	  1223.0000    	 0.99890222E-02	 0.54513430E-02
  1223.0000    	  1224.0000    	 0.24244791E-01	 0.61771499E-02
  1224.0000    	  1225.0000    	 0.35053765E-01	 0.64650325E-02
  1225.0000    	  1226.0000    	 0.34979948E-01	 0.64701320E-02
  1226.0000    	  1227.0000    	 0.36127047E-01	 0.70516983E-02
  1227.0000    	  1228.0000    	 0.25843509E-01	 0.71387708E-02
  1228.0000    	  1229.0000    	 0.36716759E-01	 0.91528898E-02
  1229.0000    	  1230.0000    	 0.49301891E-01	 0.85428519E-02
  1230.0000    	  1231.0000    	 0.40358185E-01	 0.99245007E-02
  1231.0000    	  1232.0000    	 0.27309171E-01	 0.10082392E-01
  1232.0000    	  1233.0000    	-0.63634582E-02	 0.51928028E-02
  1233.0000    	  1234.0000    	 0.19553984E-01	 0.57967674E-02
  1234.0000    	  1235.0000    	 0.13444625E-01	 0.58442795E-02
  1235.0000    	  1236.0000    	 0.18425018E-01	 0.55996863E-02
  1236.0000    	  1237.0000    	 0.37618698E-01	 0.73943876E-02
  1237.0000    	  1238.0000    	 0.41195243E-01	 0.71181247E-02
  1238.0000    	  1239.0000    	 0.34977105E-01	 0.78195107E-02
  1239.0000    	  1240.0000    	 0.54006837E-01	 0.84451991E-02
  1240.0000    	  1241.0000    	 0.40086781E-01	 0.91825719E-02
  1241.0000    	  1242.0000    	 0.38846333E-01	 0.78069961E-02
  1242.0000    	  1243.0000    	 0.30049591E-01	 0.86281478E-02
  1243.0000    	  1244.0000    	-0.25610512E-02	 0.47775912E-02
  1244.0000    	  1245.0000    	 0.12664823E-01	 0.57604460E-02
  1245.0000    	  1246.0000    	 0.21242515E-02	 0.52860668E-02
  1246.0000    	  1247.0000    	 0.23830097E-01	 0.63285790E-02
  1247.0000    	  1248.0000    	 0.22381049E-01	 0.71511748E-02
  1248.0000    	  1249.0000    	 0.40628868E-01	 0.73163352E-02
  1249.0000    	  1250.0000    	 0.47643172E-01	 0.74697256E-02
  1250.0000    	  1251.0000    	 0.51225684E-01	 0.86165098E-02
  1251.0000    	  1252.0000    	 0.32404650E-01	 0.83142760E-02
  1252.0000    	  1253.0000    	 0.46304035E-01	 0.98257781E-02
  1253.0000    	  1254.0000    	 0.25752412E-01	 0.88563675E-02
  1254.0000    	  1255.0000    	 0.70935615E-02	 0.50405383E-02
  1255.0000    	  1256.0000    	 0.33564228E-02	 0.55644361E-02
  1256.0000    	  1257.0000    	 0.10713177E-01	 0.52867636E-02
  1257.0000    	  1258.0000    	 0.22662743E-01	 0.58599897E-02
  1258.0000    	  1259.0000    	 0.32853290E-01	 0.59255229E-02
  1259.0000    	  1260.0000    	 0.38172158E-01	 0.71365017E-02
  1260.0000    	  1261.0000    	 0.31620822E-01	 0.69449783E-02
  1261.0000    	  1262.0000    	 0.30198186E-01	 0.85102662E-02
  1262.0000    	  1263.0000    	 0.42535201E-01	 0.93007023E-02
  1263.0000    	  1264.0000    	 0.32428661E-01	 0.10093484E-01
  1264.0000    	  1265.0000    	 0.30922200E-01	 0.92165976E-02
  1265.0000    	  1266.0000    	-0.54260070E-02	 0.39415485E-02
  1266.0000    	  1267.0000    	-0.35261043E-02	 0.55185680E-02
  1267.0000    	  1268.0000    	 0.22602160E-01	 0.59738422E-02
  1268.0000    	  1269.0000    	 0.16961568E-01	 0.61594467E-02
  1269.0000    	  1270.0000    	 0.34516651E-01	 0.62644528E-02
  1270.0000    	  1271.0000    	 0.38586593E-01	 0.65699787E-02
  1271.0000    	  1272.0000    	 0.32429336E-01	 0.77708070E-02
  1272.0000    	  1273.0000    	 0.31869885E-01	 0.85207466E-02
  1273.0000    	  1274.0000    	 0.30259265E-01	 0.81479201E-02
  1274.0000    	  1275.0000    	 0.59290897E-02	 0.95890786E-02
  1275.0000    	  1276.0000    	 0.37699099E-01	 0.99051345E-02
  1276.0000    	  1277.0000    	-0.45919286E-02	 0.57652116E-02
  1277.0000    	  1278.0000    	 0.55962004E-02	 0.52719064E-02
  1278.0000    	  1279.0000    	-0.52175947E-03	 0.55671221E-02
  1279.0000    	  1280.0000    	 0.19038088E-01	 0.61536690E-02
  1280.0000    	  1281.0000    	 0.19802205E-01	 0.62926647E-02
  1281.0000    	  1282.0000    	 0.35633893E-01	 0.63999495E-02
  1282.0000    	  1283.0000    	 0.33772907E-01	 0.66734072E-02
  1283.0000    	  1284.0000    	 0.50413064E-01	 0.91682307E-02
  1284.0000    	  1285.0000    	 0.50567439E-01	 0.94847571E-02
  1285.0000    	  1286.0000    	 0.52486548E-01	 0.97538497E-02
  1286.0000    	  1287.0000    	 0.25985655E-01	 0.99668679E-02
  1287.0000    	  1288.0000    	 0.19274774E-02	 0.59532434E-02
  1288.0000    	  1289.0000    	 0.15091153E-02	 0.46190080E-02
  1289.0000    	  1290.0000    	 0.24955879E-02	 0.58661716E-02
  1290.0000    	  1291.0000    	 0.22101111E-01	 0.62198968E-02
  1291.0000    	  1292.0000    	 0.19698168E-01	 0.60180997E-02
  1292.0000    	  1293.0000    	 0.25993145E-01	 0.70989468E-02
  1293.0000    	  1294.0000    	 0.32615063E-01	 0.81240953E-02
  1294.0000    	  1295.0000    	 0.36526945E-01	 0.74968354E-02
  1295.0000    	  1296.0000    	 0.45382344E-01	 0.91556933E-02
  1296.0000    	  1297.0000    	 0.34032184E-01	 0.97768052E-02
  1297.0000    	  1298.0000    	 0.22319834E-01	 0.87995128E-02
  1298.0000    	  1299.0000    	-0.24271062E-02	 0.55301794E-02
  1299.0000    	  1300.0000    	 0.24292526E-03	 0.59753412E-02
  1300.0000    	  1301.0000    	-0.28934381E-03	 0.70964896E-02
  1301.0000    	  1302.0000    	 0.31164929E-03	 0.59347777E-02
  1302.0000    	  1303.0000    	 0.23449686E-01	 0.60537438E-02
  1303.0000    	  1304.0000    	 0.37881594E-01	 0.77741054E-02
  1304.0000    	  1305.0000    	 0.33117559E-01	 0.71599197E-02
  1305.0000    	  1306.0000    	 0.47031311E-01	 0.76439690E-02
  1306.0000    	  1307.0000    	 0.40217182E-01	 0.92036463E-02
  1307.0000    	  1308.0000    	 0.39751232E-01	 0.10237580E-01
  1308.0000    	  1309.0000    	 0.24577979E-02	 0.87150144E-02
  1309.0000    	  1310.0000    	 0.19809009E-02	 0.53372172E-02
  1310.0000    	  1311.0000    	-0.40896656E-03	 0.49660579E-02
  1311.0000    	  1312.0000    	 0.10927530E-01	 0.58003413E-02
  1312.0000    	  1313.0000    	-0.67035525E-02	 0.58603473E-02
  1313.0000    	  1314.0000    	 0.17836633E-01	 0.58373893E-02
  1314.0000    	  1315.0000    	 0.23050451E-01	 0.66401176E-02
  1315.0000    	  1316.0000    	 0.35263925E-01	 0.72465405E-02
  1316.0000    	  1317.0000    	 0.30906038E-01	 0.80471603E-02
  1317.0000    	  1318.0000    	 0.34597596E-01	 0.85924880E-02
  1318.0000    	  1319.0000    	 0.39757446E-01	 0.97316188E-02
  1319.0000    	  1320.0000    	 0.48776143E-01	 0.98477338E-02
  1320.0000    	  1321.0000    	-0.49427647E-03	 0.47418697E-02
  1321.0000    	  1322.0000    	 0.27571752E-01	 0.53570094E-02
  1322.0000    	  1323.0000    	 0.67842819E-02	 0.53378450E-02
  1323.0000    	  1324.0000    	 0.28222337E-01	 0.55051195E-02
  1324.0000    	  1325.0000    	 0.14626932E-01	 0.58818530E-02
  1325.0000    	  1326.0000    	 0.48963416E-01	 0.67578055E-02
  1326.0000    	  1327.0000    	 0.33680988E-01	 0.76086497E-02
  1327.0000    	  1328.0000    	 0.31609784E-01	 0.80658062E-02
  1328.0000    	  1329.0000    	 0.24973661E-01	 0.78548996E-02
  1329.0000    	  1330.0000    	 0.56484412E-01	 0.86210547E-02
  1330.0000    	  1331.0000    	 0.91431969E-02	 0.82671514E-02
  1331.0000    	  1332.0000    	 0.88829112E-03	 0.46570195E-02
  1332.0000    	  1333.0000    	 0.86230070E-03	 0.54435690E-02
  1333.0000    	  1334.0000    	 0.11510576E-01	 0.57049431E-02
  1334.0000    	  1335.0000    	 0.14575226E-01	 0.50649565E-02
  1335.0000    	  1336.0000    	 0.32535031E-01	 0.55327403E-02
  1336.0000    	  1337.0000    	 0.37423513E-01	 0.66091671E-02
  1337.0000    	  1338.0000    	 0.32136132E-01	 0.72394980E-02
  1338.0000    	  1339.0000    	 0.38264433E-01	 0.83446603E-02
  1339.0000    	  1340.0000    	 0.40077752E-01	 0.85514827E-02
  1340.0000    	  1341.0000    	 0.16885819E-01	 0.91143124E-02
  1341.0000    	  1342.0000    	 0.33997849E-01	 0.95704691E-02
  1342.0000    	  1343.0000    	 0.42781154E-02	 0.46330396E-02
  1343.0000    	  1344.0000    	 0.81236426E-02	 0.27714489E-02
  1344.0000    	  1345.0000    	-0.15028151E-02	 0.49911590E-02
  1345.0000    	  1346.0000    	 0.76328570E-02	 0.49339799E-02
  1346.0000    	  1347.0000    	 0.26822033E-01	 0.63481596E-02
  1347.0000    	  1348.0000    	 0.29931208E-01	 0.69060741E-02
  1348.0000    	  1349.0000    	 0.34254340E-01	 0.72057848E-02
  1349.0000    	  1350.0000    	 0.35157639E-01	 0.82788523E-02
  1350.0000    	  1351.0000    	 0.45990810E-01	 0.89128928E-02
  1351.0000    	  1352.0000    	 0.25015885E-01	 0.86601956E-02
  1352.0000    	  1353.0000    	 0.35527090E-01	 0.91581221E-02
  1353.0000    	  1354.0000    	 0.36254484E-02	 0.47299308E-02
  1354.0000    	  1355.0000    	-0.88544075E-02	 0.50961116E-02
  1355.0000    	  1356.0000    	-0.29514140E-02	 0.45121146E-02
  1356.0000    	  1357.0000    	 0.25736463E-01	 0.53378326E-02
  1357.0000    	  1358.0000    	 0.31734367E-01	 0.57523342E-02
  1358.0000    	  1359.0000    	 0.28484132E-01	 0.64707901E-02
  1359.0000    	  1360.0000    	 0.25930605E-01	 0.62809969E-02
  1360.0000    	  1361.0000    	 0.34955192E-01	 0.82043955E-02
  1361.0000    	  1362.0000    	 0.36476080E-01	 0.76353630E-02
  1362.0000    	  1363.0000    	 0.43448000E-01	 0.55754652E-02
  1363.0000    	  1364.0000    	 0.15228913E-01	 0.90387968E-02
  1364.0000    	  1365.0000    	 0.52892721E-02	 0.49227195E-02
  1365.0000    	  1366.0000    	 0.56673681E-02	 0.52708424E-02
  1366.0000    	  1367.0000    	-0.13145356E-02	 0.44613177E-02
  1367.0000    	  1368.0000    	 0.27082815E-01	 0.55901098E-02
  1368.0000    	  1369.0000    	 0.11163525E-01	 0.61950888E-02
  1369.0000    	  1370.0000    	 0.30493701E-01	 0.63759255E-02
  1370.0000    	  1371.0000    	 0.40189075E-01	 0.66685820E-02
  1371.0000    	  1372.0000    	 0.22616576E-01	 0.70603852E-02
  1372.0000    	  1373.0000    	 0.21976083E-01	 0.79425267E-02
  1373.0000    	  1374.0000    	 0.32604501E-01	 0.76400038E-02
  1374.0000    	  1375.0000    	 0.22661468E-01	 0.96477255E-02
  1375.0000    	  1376.0000    	 0.90004248E-03	 0.49302949E-02
  1376.0000    	  1377.0000    	 0.18427491E-02	 0.46237680E-02
  1377.0000    	  1378.0000    	 0.33776631E-02	 0.51762319E-02
  1378.0000    	  1379.0000    	 0.99004091E-02	 0.50899568E-02
  1379.0000    	  1380.0000    	 0.25759171E-01	 0.80185300E-02
  1380.0000    	  1381.0000    	 0.28949918E-01	 0.67293857E-02
  1381.0000    	  1382.0000    	 0.41407111E-01	 0.69583173E-02
  1382.0000    	  1383.0000    	 0.29240982E-01	 0.78958417E-02
  1383.0000    	  1384.0000    	 0.49476381E-01	 0.78641489E-02
  1384.0000    	  1385.0000    	 0.20104929E-01	 0.92220716E-02
  1385.0000    	  1386.0000    	 0.19837996E-01	 0.77078245E-02
  1386.0000    	  1387.0000    	 0.92741340E-02	 0.47120992E-02
  1387.0000    	  1388.0000    	-0.74372862E-02	 0.49203085E-02
  1388.0000    	  1389.0000    	 0.66998169E-02	 0.48246399E-02
  1389.0000    	  1390.0000    	 0.65263450E-02	 0.48005882E-02
  1390.0000    	  1391.0000    	 0.15398110E-01	 0.70543874E-02
  1391.0000    	  1392.0000    	 0.23392681E-01	 0.60837187E-02
  1392.0000    	  1393.0000    	 0.36858748E-01	 0.55228465E-02
  1393.0000    	  1394.0000    	 0.27765844E-01	 0.75346208E-02
  1394.0000    	  1395.0000    	 0.13082890E-01	 0.77197246E-02
  1395.0000    	  1396.0000    	 0.11758585E-01	 0.89300194E-02
  1396.0000    	  1397.0000    	-0.23942531E-01	 0.83821726E-02
  1397.0000    	  1398.0000    	 0.17436815E-01	 0.48035735E-02
  1398.0000    	  1399.0000    	 0.16710428E-01	 0.54627393E-02
  1399.0000    	  1400.0000    	 0.62757538E-02	 0.51124568E-02
  1400.0000    	  1401.0000    	 0.22696349E-01	 0.47745241E-02
  1401.0000    	  1402.0000    	 0.33617253E-01	 0.57595761E-02
  1402.0000    	  1403.0000    	 0.32093932E-01	 0.65004230E-02
  1403.0000    	  1404.0000    	 0.30403741E-01	 0.66611178E-02
  1404.0000    	  1405.0000    	 0.35814029E-01	 0.73456286E-02
  1405.0000    	  1406.0000    	 0.42627910E-01	 0.87825122E-02
  1406.0000    	  1407.0000    	 0.36918315E-01	 0.78805753E-02
  1407.0000    	  1408.0000    	 0.72033529E-02	 0.89129374E-02
  1408.0000    	  1409.0000    	 0.25424395E-02	 0.50684412E-02
  1409.0000    	  1410.0000    	 0.11839018E-01	 0.51703962E-02
  1410.0000    	  1411.0000    	 0.14110427E-01	 0.51831210E-02
  1411.0000    	  1412.0000    	 0.85964812E-02	 0.57563016E-02
  1412.0000    	  1413.0000    	 0.96287933E-03	 0.57433151E-02
  1413.0000    	  1414.0000    	 0.26472270E-01	 0.49902673E-02
  1414.0000    	  1415.0000    	 0.28358232E-01	 0.64249499E-02
  1415.0000    	  1416.0000    	 0.34877732E-01	 0.68566192E-02
  1416.0000    	  1417.0000    	 0.21011123E-01	 0.69649577E-02
  1417.0000    	  1418.0000    	 0.80268493E-03	 0.73470431E-02
  1418.0000    	  1419.0000    	 0.21308092E-01	 0.11105055E-01
  1419.0000    	  1420.0000    	 0.27983578E-02	 0.45094266E-02
  1420.0000    	  1421.0000    	 0.27476402E-02	 0.48097365E-02
  1421.0000    	  1422.0000    	 0.44087383E-02	 0.54022096E-02
  1422.0000    	  1423.0000    	 0.21621388E-01	 0.51490397E-02
  1423.0000    	  1424.0000    	 0.24985464E-01	 0.52250560E-02
  1424.0000    	  1425.0000    	-0.35870948E-02	 0.62302928E-02
  1425.0000    	  1426.0000    	 0.28029191E-01	 0.52776093E-02
  1426.0000    	  1427.0000    	 0.18879242E-01	 0.69611352E-02
  1427.0000    	  1428.0000    	 0.29285612E-01	 0.78751347E-02
  1428.0000    	  1429.0000    	 0.29744371E-01	 0.79683198E-02
  1429.0000    	  1430.0000    	 0.73976677E-02	 0.79232176E-02
  1430.0000    	  1431.0000    	-0.14088443E-03	 0.52174633E-02
  1431.0000    	  1432.0000    	-0.27915249E-02	 0.40929177E-02
  1432.0000    	  1433.0000    	 0.27119733E-02	 0.49908454E-02
  1433.0000    	  1434.0000    	 0.17257626E-01	 0.45656807E-02
  1434.0000    	  1435.0000    	 0.11944093E-01	 0.57032053E-02
  1435.0000    	  1436.0000    	 0.12554026E-01	 0.65940385E-02
  1436.0000    	  1437.0000    	 0.34056160E-01	 0.62378445E-02
  1437.0000    	  1438.0000    	 0.35627735E-01	 0.74142489E-02
  1438.0000    	  1439.0000    	 0.37665653E-01	 0.75811143E-02
  1439.0000    	  1440.0000    	-0.12872793E-01	 0.82607296E-02
  1440.0000    	  1441.0000    	 0.24416239E-01	 0.91056109E-02
  1441.0000    	  1442.0000    	 0.80112697E-02	 0.39902721E-02
  1442.0000    	  1443.0000    	 0.57503556E-02	 0.39692970E-02
  1443.0000    	  1444.0000    	 0.18257201E-01	 0.54767992E-02
  1444.0000    	  1445.0000    	 0.11723720E-01	 0.51870769E-02
  1445.0000    	  1446.0000    	 0.18315251E-01	 0.52352744E-02
  1446.0000    	  1447.0000    	 0.17890034E-01	 0.73074197E-02
  1447.0000    	  1448.0000    	 0.20944940E-01	 0.67932548E-02
  1448.0000    	  1449.0000    	 0.29634370E-01	 0.70811002E-02
  1449.0000    	  1450.0000    	 0.24876580E-01	 0.74024294E-02
  1450.0000    	  1451.0000    	 0.18776222E-01	 0.76604806E-02
  1451.0000    	  1452.0000    	 0.34402466E-01	 0.84951009E-02
  1452.0000    	  1453.0000    	 0.52228442E-02	 0.41775347E-02
  1453.0000    	  1454.0000    	 0.65430623E-02	 0.42483495E-02
  1454.0000    	  1455.0000    	-0.67564615E-02	 0.42747889E-02
  1455.0000    	  1456.0000    	 0.35279117E-01	 0.55727294E-02
  1456.0000    	  1457.0000    	 0.10558049E-01	 0.54159127E-02
  1457.0000    	  1458.0000    	 0.28741616E-01	 0.58256844E-02
  1458.0000    	  1459.0000    	 0.34229408E-01	 0.66775388E-02
  1459.0000    	  1460.0000    	 0.29558636E-01	 0.60641460E-02
  1460.0000    	  1461.0000    	 0.13403584E-01	 0.72832842E-02
  1461.0000    	  1462.0000    	 0.23744971E-01	 0.83080716E-02
  1462.0000    	  1463.0000    	 0.54688505E-02	 0.73604358E-02
  1463.0000    	  1464.0000    	 0.33722669E-02	 0.47047045E-02
  1464.0000    	  1465.0000    	 0.11070807E-01	 0.42974021E-02
  1465.0000    	  1466.0000    	 0.22081190E-02	 0.47235530E-02
  1466.0000    	  1467.0000    	 0.15688474E-01	 0.50230695E-02
  1467.0000    	  1468.0000    	 0.17334387E-01	 0.54424842E-02
  1468.0000    	  1469.0000    	 0.24986808E-01	 0.59797109E-02
  1469.0000    	  1470.0000    	 0.23358108E-01	 0.64591416E-02
  1470.0000    	  1471.0000    	 0.30051158E-01	 0.70735201E-02
  1471.0000    	  1472.0000    	 0.43153549E-01	 0.76336315E-02
  1472.0000    	  1473.0000    	 0.20899966E-01	 0.55026180E-02
  1473.0000    	  1474.0000    	-0.40680049E-02	 0.74613764E-02
  1474.0000    	  1475.0000    	 0.28283891E-02	 0.44270845E-02
  1475.0000    	  1476.0000    	-0.41722609E-02	 0.43267245E-02
  1476.0000    	  1477.0000    	 0.73439734E-02	 0.47983154E-02
  1477.0000    	  1478.0000    	 0.10475569E-02	 0.47301997E-02
  1478.0000    	  1479.0000    	 0.13837744E-01	 0.50173258E-02
  1479.0000    	  1480.0000    	 0.31048346E-01	 0.61906973E-02
  1480.0000    	  1481.0000    	 0.33228995E-01	 0.64115551E-02
  1481.0000    	  1482.0000    	 0.32180525E-01	 0.71331174E-02
  1482.0000    	  1483.0000    	 0.28235378E-01	 0.72109198E-02
  1483.0000    	  1484.0000    	 0.34780727E-02	 0.65001556E-02
  1484.0000    	  1485.0000    	 0.12345500E-01	 0.74358198E-02
  1485.0000    	  1486.0000    	 0.13916284E-01	 0.42131534E-02
  1486.0000    	  1487.0000    	-0.13552113E-02	 0.46407156E-02
  1487.0000    	  1488.0000    	 0.12835447E-01	 0.43915084E-02
  1488.0000    	  1489.0000    	 0.21065199E-01	 0.45202312E-02
  1489.0000    	  1490.0000    	 0.84544651E-02	 0.47503522E-02
  1490.0000    	  1491.0000    	 0.26984188E-01	 0.57240929E-02
  1491.0000    	  1492.0000    	 0.14239042E-01	 0.58119574E-02
  1492.0000    	  1493.0000    	 0.27839595E-01	 0.70395980E-02
  1493.0000    	  1494.0000    	 0.15247196E-01	 0.78616072E-02
  1494.0000    	  1495.0000    	 0.28352266E-01	 0.73558430E-02
  1495.0000    	  1496.0000    	-0.90063003E-02	 0.91199902E-02
  1496.0000    	  1497.0000    	 0.10004894E-02	 0.37899716E-02
  1497.0000    	  1498.0000    	 0.83064740E-02	 0.35477534E-02
  1498.0000    	  1499.0000    	 0.29100390E-02	 0.45046323E-02
  1499.0000    	  1500.0000    	 0.19967878E-01	 0.37016795E-02
  1500.0000    	  1501.0000    	 0.22776429E-01	 0.47937662E-02
  1501.0000    	  1502.0000    	 0.14816718E-02	 0.55461625E-02
  1502.0000    	  1503.0000    	 0.26189127E-01	 0.68046388E-02
  1503.0000    	  1504.0000    	 0.21380406E-01	 0.72276076E-02
  1504.0000    	  1505.0000    	 0.17086405E-01	 0.71855013E-02
  1505.0000    	  1506.0000    	 0.29861346E-01	 0.67259979E-02
  1506.0000    	  1507.0000    	 0.11852155E-02	 0.79978746E-02
  1507.0000    	  1508.0000    	 0.23331936E-02	 0.47256632E-02
  1508.0000    	  1509.0000    	 0.86804768E-02	 0.49833575E-02
  1509.0000    	  1510.0000    	 0.26830622E-02	 0.41571688E-02
  1510.0000    	  1511.0000    	-0.41159473E-02	 0.45032409E-02
  1511.0000    	  1512.0000    	 0.21697808E-01	 0.50558298E-02
  1512.0000    	  1513.0000    	 0.21545232E-01	 0.49894615E-02
  1513.0000    	  1514.0000    	 0.26856192E-01	 0.60620461E-02
  1514.0000    	  1515.0000    	 0.35285581E-01	 0.68210736E-02
  1515.0000    	  1516.0000    	 0.21342477E-01	 0.84708507E-02
  1516.0000    	  1517.0000    	 0.21592351E-01	 0.61191007E-02
  1517.0000    	  1518.0000    	 0.11942084E-01	 0.73628896E-02
  1518.0000    	  1519.0000    	 0.42826690E-03	 0.37103583E-02
  1519.0000    	  1520.0000    	 0.21432020E-02	 0.45487027E-02
  1520.0000    	  1521.0000    	 0.64188312E-02	 0.46087678E-02
  1521.0000    	  1522.0000    	 0.24050027E-02	 0.45749219E-02
  1522.0000    	  1523.0000    	 0.25010885E-01	 0.47934421E-02
  1523.0000    	  1524.0000    	 0.18523237E-01	 0.43820285E-02
  1524.0000    	  1525.0000    	 0.36429112E-01	 0.63996437E-02
  1525.0000    	  1526.0000    	 0.26161447E-01	 0.61118451E-02
  1526.0000    	  1527.0000    	 0.25473704E-01	 0.77732695E-02
  1527.0000    	  1528.0000    	 0.26876615E-01	 0.61926801E-02
  1528.0000    	  1529.0000    	 0.20205308E-01	 0.73812652E-02
  1529.0000    	  1530.0000    	 0.38902323E-02	 0.43463601E-02
  1530.0000    	  1531.0000    	-0.25319914E-02	 0.48147936E-02
  1531.0000    	  1532.0000    	 0.29055746E-02	 0.48697584E-02
  1532.0000    	  1533.0000    	 0.18339398E-01	 0.45377960E-02
  1533.0000    	  1534.0000    	 0.82275674E-02	 0.51433634E-02
  1534.0000    	  1535.0000    	 0.13543948E-01	 0.54046366E-02
  1535.0000    	  1536.0000    	 0.26724703E-01	 0.67497588E-02
  1536.0000    	  1537.0000    	 0.26939343E-01	 0.64079483E-02
  1537.0000    	  1538.0000    	 0.18835131E-02	 0.72712192E-02
  1538.0000    	  1539.0000    	-0.58790128E-03	 0.61325486E-02
  1539.0000    	  1540.0000    	 0.18898842E-01	 0.72014583E-02
  1540.0000    	  1541.0000    	 0.78865066E-02	 0.44242516E-02
  1541.0000    	  1542.0000    	 0.15862004E-01	 0.39720259E-02
  1542.0000    	  1543.0000    	-0.12842432E-03	 0.46680115E-02
  1543.0000    	  1544.0000    	 0.13149275E-01	 0.43840433E-02
  1544.0000    	  1545.0000    	 0.13279778E-01	 0.45222389E-02
  1545.0000    	  1546.0000    	 0.15909959E-01	 0.51029292E-02
  1546.0000    	  1547.0000    	 0.25331472E-01	 0.60274794E-02
  1547.0000    	  1548.0000    	 0.35436484E-01	 0.64270067E-02
  1548.0000    	  1549.0000    	 0.33132140E-01	 0.67641562E-02
  1549.0000    	  1550.0000    	 0.13817437E-01	 0.72998485E-02
  1550.0000    	  1551.0000    	 0.58140338E-02	 0.60595686E-02
  1551.0000    	  1552.0000    	-0.14564701E-02	 0.30554662E-02
  1552.0000    	  1553.0000    	 0.92761543E-02	 0.43675248E-02
  1553.0000    	  1554.0000    	 0.72977766E-02	 0.24300126E-02
  1554.0000    	  1555.0000    	 0.18554999E-01	 0.30224741E-02
  1555.0000    	  1556.0000    	 0.24192989E-01	 0.42659621E-02
  1556.0000    	  1557.0000    	 0.31731482E-01	 0.43613000E-02
  1557.0000    	  1558.0000    	 0.16578882E-01	 0.56300950E-02
  1558.0000    	  1559.0000    	 0.12835712E-01	 0.49839540E-02
  1559.0000    	  1560.0000    	 0.26344560E-01	 0.64229614E-02
  1560.0000    	  1561.0000    	 0.25092525E-01	 0.70970925E-02
  1561.0000    	  1562.0000    	 0.24264840E-01	 0.79704172E-02
  1562.0000    	  1563.0000    	 0.18736873E-02	 0.41377393E-02
  1563.0000    	  1564.0000    	 0.39564285E-02	 0.25768511E-02
  1564.0000    	  1565.0000    	 0.12896667E-01	 0.52063416E-02
  1565.0000    	  1566.0000    	 0.31303816E-02	 0.46143133E-02
  1566.0000    	  1567.0000    	 0.10048746E-01	 0.41690392E-02
  1567.0000    	  1568.0000    	 0.15923143E-01	 0.45260851E-02
  1568.0000    	  1569.0000    	 0.30099232E-01	 0.54643593E-02
  1569.0000    	  1570.0000    	 0.19078159E-01	 0.59706609E-02
  1570.0000    	  1571.0000    	 0.12055044E-01	 0.70789439E-02
  1571.0000    	  1572.0000    	 0.21108575E-01	 0.61122966E-02
  1572.0000    	  1573.0000    	 0.19256052E-01	 0.83688855E-02
  1573.0000    	  1574.0000    	 0.75061590E-02	 0.37014460E-02
  1574.0000    	  1575.0000    	-0.47045566E-03	 0.32887140E-02
  1575.0000    	  1576.0000    	 0.17095863E-01	 0.41597161E-02
  1576.0000    	  1577.0000    	 0.80616063E-02	 0.51939065E-02
  1577.0000    	  1578.0000    	 0.18923455E-01	 0.47819983E-02
  1578.0000    	  1579.0000    	 0.31553809E-01	 0.50809420E-02
  1579.0000    	  1580.0000    	 0.26801405E-01	 0.56949473E-02
  1580.0000    	  1581.0000    	 0.25560325E-01	 0.44512018E-02
  1581.0000    	  1582.0000    	-0.12305461E-01	 0.67636506E-02
  1582.0000    	  1583.0000    	 0.34218132E-01	 0.73693813E-02
  1583.0000    	  1584.0000    	 0.11331348E-02	 0.79541572E-02
  1584.0000    	  1585.0000    	 0.30065243E-02	 0.16966826E-02
  1585.0000    	  1586.0000    	 0.37850594E-02	 0.38820503E-02
  1586.0000    	  1587.0000    	 0.29680258E-02	 0.38605734E-02
  1587.0000    	  1588.0000    	-0.35726480E-02	 0.45160247E-02
  1588.0000    	  1589.0000    	 0.16435171E-01	 0.52589377E-02
  1589.0000    	  1590.0000    	 0.22833743E-01	 0.55364003E-02
  1590.0000    	  1591.0000    	 0.21810310E-01	 0.58713115E-02
  1591.0000    	  1592.0000    	 0.12325884E-01	 0.63023871E-02
  1592.0000    	  1593.0000    	 0.15856265E-01	 0.32486749E-02
  1593.0000    	  1594.0000    	 0.17522679E-01	 0.71716973E-02
  1594.0000    	  1595.0000    	 0.24237597E-01	 0.79974485E-02
  1595.0000    	  1596.0000    	-0.18532340E-02	 0.31983952E-02
  1596.0000    	  1597.0000    	-0.30304252E-02	 0.38868738E-02
  1597.0000    	  1598.0000    	 0.94401915E-03	 0.42370287E-02
  1598.0000    	  1599.0000    	 0.19313658E-01	 0.45591042E-02
  1599.0000    	  1600.0000    	 0.11339842E-01	 0.43671687E-02
  1600.0000    	  1601.0000    	 0.23568780E-01	 0.53120181E-02
  1601.0000    	  1602.0000    	 0.26047798E-01	 0.66207096E-02
  1602.0000    	  1603.0000    	 0.13857257E-01	 0.61286515E-02
  1603.0000    	  1604.0000    	 0.27256304E-01	 0.65020908E-02
  1604.0000    	  1605.0000    	 0.18413824E-01	 0.68020454E-02
  1605.0000    	  1606.0000    	 0.48715336E-02	 0.78138919E-02
  1606.0000    	  1607.0000    	 0.77620501E-02	 0.37350621E-02
  1607.0000    	  1608.0000    	 0.34748519E-02	 0.15955598E-02
  1608.0000    	  1609.0000    	 0.14887755E-01	 0.40228333E-02
  1609.0000    	  1610.0000    	 0.84760603E-02	 0.44653511E-02
  1610.0000    	  1611.0000    	 0.72276919E-02	 0.45716834E-02
  1611.0000    	  1612.0000    	 0.17767206E-01	 0.38137745E-02
  1612.0000    	  1613.0000    	 0.17437646E-01	 0.58089039E-02
  1613.0000    	  1614.0000    	 0.24809270E-01	 0.64494917E-02
  1614.0000    	  1615.0000    	 0.24880848E-01	 0.68120656E-02
  1615.0000    	  1616.0000    	 0.21288444E-01	 0.71401385E-02
  1616.0000    	  1617.0000    	 0.19517240E-01	 0.64478744E-02
  1617.0000    	  1618.0000    	-0.32536651E-02	 0.34845924E-02
  1618.0000    	  1619.0000    	-0.80025991E-03	 0.38585294E-02
  1619.0000    	  1620.0000    	 0.50791022E-02	 0.39115465E-02
  1620.0000    	  1621.0000    	 0.11783577E-02	 0.40609077E-02
  1621.0000    	  1622.0000    	 0.19500294E-01	 0.52722609E-02
  1622.0000    	  1623.0000    	 0.17905791E-01	 0.35148671E-02
  1623.0000    	  1624.0000    	 0.19789058E-01	 0.56135374E-02
  1624.0000    	  1625.0000    	 0.25104169E-01	 0.59626341E-02
  1625.0000    	  1626.0000    	 0.34871272E-02	 0.54599406E-02
  1626.0000    	  1627.0000    	 0.15553140E-01	 0.49580013E-02
  1627.0000    	  1628.0000    	 0.94964756E-02	 0.63682079E-02
  1628.0000    	  1629.0000    	 0.97233754E-03	 0.34596084E-02
  1629.0000    	  1630.0000    	 0.16421518E-02	 0.37561108E-02
  1630.0000    	  1631.0000    	 0.23875462E-02	 0.37403009E-02
  1631.0000    	  1632.0000    	 0.81704020E-02	 0.43631044E-02
  1632.0000    	  1633.0000    	 0.10817037E-01	 0.50012176E-02
  1633.0000    	  1634.0000    	 0.18879797E-01	 0.55011807E-02
  1634.0000    	  1635.0000    	 0.23905940E-01	 0.54234542E-02
  1635.0000    	  1636.0000    	 0.22520713E-01	 0.61020603E-02
  1636.0000    	  1637.0000    	 0.18102036E-02	 0.64109943E-02
  1637.0000    	  1638.0000    	 0.27998367E-01	 0.70356767E-02
  1638.0000    	  1639.0000    	 0.16503385E-01	 0.68357059E-02
  1639.0000    	  1640.0000    	 0.38090613E-02	 0.25954909E-02
  1640.0000    	  1641.0000    	-0.10294782E-02	 0.29275739E-02
  1641.0000    	  1642.0000    	 0.75869118E-02	 0.28372746E-02
  1642.0000    	  1643.0000    	 0.86702761E-02	 0.40628235E-02
  1643.0000    	  1644.0000    	 0.10173187E-01	 0.50619962E-02
  1644.0000    	  1645.0000    	 0.17888422E-01	 0.52486051E-02
  1645.0000    	  1646.0000    	 0.11511391E-01	 0.50014194E-02
  1646.0000    	  1647.0000    	 0.29726241E-01	 0.60044390E-02
  1647.0000    	  1648.0000    	 0.10604581E-01	 0.67179940E-02
  1648.0000    	  1649.0000    	 0.14647784E-01	 0.58924631E-02
  1649.0000    	  1650.0000    	 0.95286867E-02	 0.58226958E-02
  1650.0000    	  1651.0000    	 0.38429879E-02	 0.32066944E-02
  1651.0000    	  1652.0000    	 0.22043853E-02	 0.35540483E-02
  1652.0000    	  1653.0000    	 0.65257235E-02	 0.32953507E-02
  1653.0000    	  1654.0000    	 0.67633749E-02	 0.44274395E-02
  1654.0000    	  1655.0000    	 0.83071931E-02	 0.41738575E-02
  1655.0000    	  1656.0000    	 0.21505561E-01	 0.53981010E-02
  1656.0000    	  1657.0000    	 0.10428911E-01	 0.57129030E-02
  1657.0000    	  1658.0000    	 0.19682951E-01	 0.56472161E-02
  1658.0000    	  1659.0000    	 0.25623384E-01	 0.63818171E-02
  1659.0000    	  1660.0000    	 0.20738678E-02	 0.54112728E-02
  1660.0000    	  1661.0000    	 0.18408870E-01	 0.61802714E-02
  1661.0000    	  1662.0000    	-0.10662689E-02	 0.38869227E-02
  1662.0000    	  1663.0000    	 0.10119257E-01	 0.39851777E-02
  1663.0000    	  1664.0000    	 0.32204637E-03	 0.35930858E-02
  1664.0000    	  1665.0000    	 0.10565697E-01	 0.36804902E-02
  1665.0000    	  1666.0000    	 0.17568866E-01	 0.41644918E-02
  1666.0000    	  1667.0000    	-0.29926193E-02	 0.48941477E-02
  1667.0000    	  1668.0000    	 0.22247567E-01	 0.58623804E-02
  1668.0000    	  1669.0000    	-0.89686766E-02	 0.52564776E-02
  1669.0000    	  1670.0000    	 0.13384837E-01	 0.54220894E-02
  1670.0000    	  1671.0000    	 0.12440383E-01	 0.62655618E-02
  1671.0000    	  1672.0000    	 0.45591904E-02	 0.84011200E-02
  1672.0000    	  1673.0000    	-0.38257171E-02	 0.32730970E-02
  1673.0000    	  1674.0000    	 0.15225261E-02	 0.45152150E-02
  1674.0000    	  1675.0000    	 0.44368223E-02	 0.39306772E-02
  1675.0000    	  1676.0000    	 0.37359334E-02	 0.41800266E-02
  1676.0000    	  1677.0000    	 0.38440418E-02	 0.35940804E-02
  1677.0000    	  1678.0000    	 0.27179423E-01	 0.48704221E-02
  1678.0000    	  1679.0000    	 0.81124254E-02	 0.20794809E-02
  1679.0000    	  1680.0000    	 0.30902043E-01	 0.55002766E-02
  1680.0000    	  1681.0000    	 0.18514985E-01	 0.65957212E-02
  1681.0000    	  1682.0000    	 0.20632157E-01	 0.67268500E-02
  1682.0000    	  1683.0000    	 0.15332735E-01	 0.59010578E-02
  1683.0000    	  1684.0000    	 0.53037193E-02	 0.29592189E-02
  1684.0000    	  1685.0000    	 0.26659714E-02	 0.35322175E-02
  1685.0000    	  1686.0000    	-0.20030398E-02	 0.39335129E-02
  1686.0000    	  1687.0000    	-0.28631620E-02	 0.38031708E-02
  1687.0000    	  1688.0000    	 0.18689293E-01	 0.43501778E-02
  1688.0000    	  1689.0000    	 0.14157654E-01	 0.50531525E-02
  1689.0000    	  1690.0000    	 0.22207836E-01	 0.50096610E-02
  1690.0000    	  1691.0000    	 0.18185398E-01	 0.47761135E-02
  1691.0000    	  1692.0000    	 0.11618156E-01	 0.64111703E-02
  1692.0000    	  1693.0000    	-0.84537629E-02	 0.76322043E-02
  1693.0000    	  1694.0000    	 0.39657309E-02	 0.55914976E-02
  1694.0000    	  1695.0000    	-0.61084976E-03	 0.32159647E-02
  1695.0000    	  1696.0000    	 0.41244598E-02	 0.35965186E-02
  1696.0000    	  1697.0000    	-0.17968070E-02	 0.36400314E-02
  1697.0000    	  1698.0000    	 0.47013847E-02	 0.36565256E-02
  1698.0000    	  1699.0000    	 0.15449218E-01	 0.43714505E-02
  1699.0000    	  1700.0000    	 0.17381684E-01	 0.47458604E-02
  1700.0000    	  1701.0000    	 0.18321744E-01	 0.46330508E-02
  1701.0000    	  1702.0000    	 0.20890120E-01	 0.56910677E-02
  1702.0000    	  1703.0000    	 0.41039358E-02	 0.57843788E-02
  1703.0000    	  1704.0000    	 0.15673357E-01	 0.71206703E-02
  1704.0000    	  1705.0000    	 0.17612617E-01	 0.57886078E-02
  1705.0000    	  1706.0000    	-0.15310668E-02	 0.13477358E-02
  1706.0000    	  1707.0000    	 0.65828723E-02	 0.37966745E-02
  1707.0000    	  1708.0000    	-0.27141938E-03	 0.39141094E-02
  1708.0000    	  1709.0000    	 0.83615806E-04	 0.43658019E-02
  1709.0000    	  1710.0000    	 0.11873798E-01	 0.38918225E-02
  1710.0000    	  1711.0000    	 0.65029429E-02	 0.35939270E-02
  1711.0000    	  1712.0000    	 0.20396990E-01	 0.51371881E-02
  1712.0000    	  1713.0000    	 0.17248747E-01	 0.54613778E-02
  1713.0000    	  1714.0000    	 0.18017690E-01	 0.56028519E-02
  1714.0000    	  1715.0000    	 0.73145303E-02	 0.58660869E-02
  1715.0000    	  1716.0000    	 0.72996849E-02	 0.65347557E-02
  1716.0000    	  1717.0000    	 0.16797406E-02	 0.23842616E-02
  1717.0000    	  1718.0000    	 0.13681746E-03	 0.40289838E-02
  1718.0000    	  1719.0000    	 0.12776310E-01	 0.39410123E-02
  1719.0000    	  1720.0000    	-0.28485469E-03	 0.38622473E-02
  1720.0000    	  1721.0000    	-0.70813816E-03	 0.39890148E-02
  1721.0000    	  1722.0000    	 0.16904325E-01	 0.47506462E-02
  1722.0000    	  1723.0000    	 0.23867794E-01	 0.53841690E-02
  1723.0000    	  1724.0000    	 0.17400495E-01	 0.59662272E-02
  1724.0000    	  1725.0000    	 0.51116676E-02	 0.39163017E-02
  1725.0000    	  1726.0000    	 0.37840854E-02	 0.64291512E-02
  1726.0000    	  1727.0000    	-0.78593017E-02	 0.60065552E-02
  1727.0000    	  1728.0000    	 0.82928557E-02	 0.43863408E-02
  1728.0000    	  1729.0000    	 0.43320460E-02	 0.32351039E-02
  1729.0000    	  1730.0000    	-0.71672071E-03	 0.29230513E-02
  1730.0000    	  1731.0000    	 0.11557979E-01	 0.41899774E-02
  1731.0000    	  1732.0000    	 0.47318784E-02	 0.34828492E-02
  1732.0000    	  1733.0000    	 0.21509707E-01	 0.46298787E-02
  1733.0000    	  1734.0000    	 0.14789794E-01	 0.49155921E-02
  1734.0000    	  1735.0000    	 0.61894406E-02	 0.57209194E-02
  1735.0000    	  1736.0000    	 0.86300196E-02	 0.54317543E-02
  1736.0000    	  1737.0000    	 0.27120637E-02	 0.56440771E-02
  1737.0000    	  1738.0000    	 0.18380358E-01	 0.53838564E-02
  1738.0000    	  1739.0000    	 0.59702609E-02	 0.38534111E-02
  1739.0000    	  1740.0000    	 0.24736158E-02	 0.39401688E-02
  1740.0000    	  1741.0000    	 0.11112592E-01	 0.28488982E-02
  1741.0000    	  1742.0000    	 0.11496830E-01	 0.36549963E-02
  1742.0000    	  1743.0000    	 0.84364949E-02	 0.47867135E-02
  1743.0000    	  1744.0000    	 0.40178027E-02	 0.50787418E-02
  1744.0000    	  1745.0000    	 0.16717774E-01	 0.45212503E-02
  1745.0000    	  1746.0000    	 0.22672638E-01	 0.50582380E-02
  1746.0000    	  1747.0000    	 0.21542649E-01	 0.51072839E-02
  1747.0000    	  1748.0000    	 0.12477607E-01	 0.34639276E-02
  1748.0000    	  1749.0000    	 0.13850114E-01	 0.61491061E-02
  1749.0000    	  1750.0000    	 0.50075875E-02	 0.32224696E-02
  1750.0000    	  1751.0000    	 0.30487573E-02	 0.20430483E-02
  1751.0000    	  1752.0000    	 0.61032796E-02	 0.22037045E-02
  1752.0000    	  1753.0000    	 0.27653281E-03	 0.33577136E-02
  1753.0000    	  1754.0000    	 0.21403829E-01	 0.35883119E-02
  1754.0000    	  1755.0000    	 0.19167724E-01	 0.47409452E-02
  1755.0000    	  1756.0000    	 0.45527194E-02	 0.51203746E-02
  1756.0000    	  1757.0000    	 0.15367692E-01	 0.55493682E-02
  1757.0000    	  1758.0000    	 0.19827921E-01	 0.49793768E-02
  1758.0000    	  1759.0000    	 0.74771682E-02	 0.55651062E-02
  1759.0000    	  1760.0000    	 0.42418945E-02	 0.62129782E-02
  1760.0000    	  1761.0000    	-0.72572647E-03	 0.20248462E-02
  1761.0000    	  1762.0000    	-0.32741605E-02	 0.30084771E-02
  1762.0000    	  1763.0000    	 0.10105473E-02	 0.14653719E-02
  1763.0000    	  1764.0000    	 0.48479731E-02	 0.38947814E-02
  1764.0000    	  1765.0000    	 0.35693653E-02	 0.34834112E-02
  1765.0000    	  1766.0000    	 0.12309377E-01	 0.44556294E-02
  1766.0000    	  1767.0000    	 0.17208237E-01	 0.46653302E-02
  1767.0000    	  1768.0000    	 0.76516682E-02	 0.54254193E-02
  1768.0000    	  1769.0000    	 0.17078079E-01	 0.54947356E-02
  1769.0000    	  1770.0000    	 0.15892302E-01	 0.44617888E-02
  1770.0000    	  1771.0000    	 0.40740556E-02	 0.56542614E-02
  1771.0000    	  1772.0000    	-0.18721540E-02	 0.30891071E-02
  1772.0000    	  1773.0000    	 0.44364869E-02	 0.24918697E-02
  1773.0000    	  1774.0000    	 0.45558383E-02	 0.30572259E-02
  1774.0000    	  1775.0000    	 0.13336307E-01	 0.37838934E-02
  1775.0000    	  1776.0000    	 0.90742382E-02	 0.37827768E-02
  1776.0000    	  1777.0000    	 0.87934560E-02	 0.50004478E-02
  1777.0000    	  1778.0000    	 0.33545541E-02	 0.48741414E-02
  1778.0000    	  1779.0000    	 0.23097158E-01	 0.47359884E-02
  1779.0000    	  1780.0000    	 0.23142561E-01	 0.56656414E-02
  1780.0000    	  1781.0000    	-0.36753661E-02	 0.43318756E-02
  1781.0000    	  1782.0000    	 0.11450870E-01	 0.66011225E-02
  1782.0000    	  1783.0000    	 0.55544892E-02	 0.37649093E-02
  1783.0000    	  1784.0000    	-0.22383464E-02	 0.30216151E-02
  1784.0000    	  1785.0000    	 0.12181634E-01	 0.31185175E-02
  1785.0000    	  1786.0000    	 0.85929245E-02	 0.36887376E-02
  1786.0000    	  1787.0000    	 0.95434728E-02	 0.41927363E-02
  1787.0000    	  1788.0000    	 0.14372959E-01	 0.44946009E-02
  1788.0000    	  1789.0000    	 0.20756894E-01	 0.40196333E-02
  1789.0000    	  1790.0000    	 0.14056600E-01	 0.39269991E-02
  1790.0000    	  1791.0000    	 0.18662277E-01	 0.45307029E-02
  1791.0000    	  1792.0000    	 0.43379215E-02	 0.58401864E-02
  1792.0000    	  1793.0000    	 0.69046767E-02	 0.36191968E-02
  1793.0000    	  1794.0000    	 0.48725386E-03	 0.34411836E-02
  1794.0000    	  1795.0000    	-0.21511232E-03	 0.31213826E-02
  1795.0000    	  1796.0000    	-0.15031843E-03	 0.35936405E-02
  1796.0000    	  1797.0000    	 0.93552842E-02	 0.31564155E-02
  1797.0000    	  1798.0000    	 0.51003969E-02	 0.40957762E-02
  1798.0000    	  1799.0000    	 0.15580806E-01	 0.37925904E-02
  1799.0000    	  1800.0000    	 0.21121046E-01	 0.44363744E-02
  1800.0000    	  1801.0000    	 0.94747821E-02	 0.46631513E-02
  1801.0000    	  1802.0000    	 0.87565773E-02	 0.45119411E-02
  1802.0000    	  1803.0000    	 0.13457397E-01	 0.46055602E-02
  1803.0000    	  1804.0000    	-0.97820980E-02	 0.54381810E-02
  1804.0000    	  1805.0000    	 0.15116296E-02	 0.25391698E-02
  1805.0000    	  1806.0000    	 0.13015982E-01	 0.40368513E-02
  1806.0000    	  1807.0000    	 0.33674174E-02	 0.33536568E-02
  1807.0000    	  1808.0000    	 0.45150378E-02	 0.37016502E-02
  1808.0000    	  1809.0000    	 0.10601129E-01	 0.39612817E-02
  1809.0000    	  1810.0000    	 0.14372089E-01	 0.40241263E-02
  1810.0000    	  1811.0000    	 0.25412982E-01	 0.37579445E-02
  1811.0000    	  1812.0000    	 0.10938933E-01	 0.46549235E-02
  1812.0000    	  1813.0000    	 0.13502004E-01	 0.49968320E-02
  1813.0000    	  1814.0000    	-0.72928049E-02	 0.74581640E-02
  1814.0000    	  1815.0000    	 0.51963841E-02	 0.73428022E-02
  1815.0000    	  1816.0000    	-0.77307656E-03	 0.22398090E-02
  1816.0000    	  1817.0000    	-0.79030666E-03	 0.31064521E-02
  1817.0000    	  1818.0000    	 0.94307185E-03	 0.33428041E-02
  1818.0000    	  1819.0000    	 0.19432840E-01	 0.42460234E-02
  1819.0000    	  1820.0000    	 0.83444161E-02	 0.33678704E-02
  1820.0000    	  1821.0000    	 0.11149427E-01	 0.43805285E-02
  1821.0000    	  1822.0000    	 0.12378126E-01	 0.33261782E-02
  1822.0000    	  1823.0000    	-0.37419065E-02	 0.42021141E-02
  1823.0000    	  1824.0000    	 0.17417736E-01	 0.42302685E-02
  1824.0000    	  1825.0000    	 0.12496156E-01	 0.52604699E-02
  1825.0000    	  1826.0000    	 0.87010414E-02	 0.53219929E-02
  1826.0000    	  1827.0000    	 0.75135957E-03	 0.32271970E-02
  1827.0000    	  1828.0000    	-0.27339117E-02	 0.34535694E-02
  1828.0000    	  1829.0000    	 0.89464248E-02	 0.33833810E-02
  1829.0000    	  1830.0000    	 0.70826613E-02	 0.32935745E-02
  1830.0000    	  1831.0000    	 0.25139172E-01	 0.39650996E-02
  1831.0000    	  1832.0000    	 0.19149916E-01	 0.44924009E-02
  1832.0000    	  1833.0000    	 0.92019053E-02	 0.41021213E-02
  1833.0000    	  1834.0000    	 0.22374174E-01	 0.48869770E-02
  1834.0000    	  1835.0000    	 0.15458239E-01	 0.34072101E-02
  1835.0000    	  1836.0000    	 0.70185054E-02	 0.61784441E-02
  1836.0000    	  1837.0000    	 0.68360873E-02	 0.49552492E-02
  1837.0000    	  1838.0000    	 0.22255007E-02	 0.18391772E-02
  1838.0000    	  1839.0000    	 0.19601411E-02	 0.10964855E-02
  1839.0000    	  1840.0000    	-0.11524148E-02	 0.24063914E-02
  1840.0000    	  1841.0000    	 0.33713863E-02	 0.32311259E-02
  1841.0000    	  1842.0000    	 0.24691930E-02	 0.30432950E-02
  1842.0000    	  1843.0000    	 0.10766453E-01	 0.46367847E-02
  1843.0000    	  1844.0000    	 0.16848284E-01	 0.40109647E-02
  1844.0000    	  1845.0000    	 0.19215908E-01	 0.44233131E-02
  1845.0000    	  1846.0000    	 0.18031047E-01	 0.41811146E-02
  1846.0000    	  1847.0000    	 0.17450880E-01	 0.56283849E-02
  1847.0000    	  1848.0000    	-0.33555681E-02	 0.73203672E-02
  1848.0000    	  1849.0000    	 0.22683432E-02	 0.30614560E-02
  1849.0000    	  1850.0000    	 0.33965641E-02	 0.25612879E-02
  1850.0000    	  1851.0000    	-0.74441281E-03	 0.31824655E-02
  1851.0000    	  1852.0000    	 0.12400568E-01	 0.32944171E-02
  1852.0000    	  1853.0000    	 0.36801336E-02	 0.38807558E-02
  1853.0000    	  1854.0000    	 0.11792999E-01	 0.37499678E-02
  1854.0000    	  1855.0000    	 0.15203895E-01	 0.46534717E-02
  1855.0000    	  1856.0000    	-0.75939759E-02	 0.45194533E-02
  1856.0000    	  1857.0000    	 0.12581048E-01	 0.49222246E-02
  1857.0000    	  1858.0000    	 0.13869622E-02	 0.50626281E-02
  1858.0000    	  1859.0000    	 0.25313116E-02	 0.71145879E-02
  1859.0000    	  1860.0000    	 0.33715262E-02	 0.25078275E-02
  1860.0000    	  1861.0000    	 0.36375678E-02	 0.25794962E-02
  1861.0000    	  1862.0000    	 0.41893412E-02	 0.28521557E-02
  1862.0000    	  1863.0000    	 0.17303389E-01	 0.29405781E-02
  1863.0000    	  1864.0000    	 0.11288001E-01	 0.38460992E-02
  1864.0000    	  1865.0000    	 0.13576812E-01	 0.31382530E-02
  1865.0000    	  1866.0000    	 0.20513057E-01	 0.47596955E-02
  1866.0000    	  1867.0000    	 0.93595776E-02	 0.44861146E-02
  1867.0000    	  1868.0000    	-0.23224362E-02	 0.37801085E-02
  1868.0000    	  1869.0000    	 0.91026762E-02	 0.53494112E-02
  1869.0000    	  1870.0000    	 0.73953410E-02	 0.38346881E-02
  1870.0000    	  1871.0000    	 0.14821534E-02	 0.30668479E-02
  1871.0000    	  1872.0000    	 0.22472032E-03	 0.31989361E-02
  1872.0000    	  1873.0000    	 0.34310029E-02	 0.24889916E-02
  1873.0000    	  1874.0000    	 0.22113610E-02	 0.33574540E-02
  1874.0000    	  1875.0000    	 0.40043052E-02	 0.34698393E-02
  1875.0000    	  1876.0000    	 0.12253698E-01	 0.40840264E-02
  1876.0000    	  1877.0000    	 0.11246354E-01	 0.46790991E-02
  1877.0000    	  1878.0000    	-0.23746250E-03	 0.41478543E-02
  1878.0000    	  1879.0000    	 0.85502328E-02	 0.37146946E-02
  1879.0000    	  1880.0000    	 0.19935854E-01	 0.40068063E-02
  1880.0000    	  1881.0000    	-0.22686606E-02	 0.35007682E-02
  1881.0000    	  1882.0000    	 0.37817313E-02	 0.27973303E-02
  1882.0000    	  1883.0000    	 0.23348575E-02	 0.31931833E-02
  1883.0000    	  1884.0000    	 0.12498521E-02	 0.26684449E-02
  1884.0000    	  1885.0000    	 0.10182697E-02	 0.34087734E-02
  1885.0000    	  1886.0000    	 0.32166602E-02	 0.37839045E-02
  1886.0000    	  1887.0000    	 0.13934431E-01	 0.44898746E-02
  1887.0000    	  1888.0000    	 0.14075657E-01	 0.41356523E-02
  1888.0000    	  1889.0000    	 0.13020058E-01	 0.44104213E-02
  1889.0000    	  1890.0000    	 0.23972646E-02	 0.54224411E-02
  1890.0000    	  1891.0000    	-0.51765641E-02	 0.41224007E-02
  1891.0000    	  1892.0000    	-0.74721004E-02	 0.49146081E-02
  1892.0000    	  1893.0000    	 0.93916716E-03	 0.27557234E-02
  1893.0000    	  1894.0000    	 0.63046228E-02	 0.30315574E-02
  1894.0000    	  1895.0000    	 0.48321818E-02	 0.31145382E-02
  1895.0000    	  1896.0000    	-0.41329000E-02	 0.25325193E-02
  1896.0000    	  1897.0000    	 0.51617136E-02	 0.33454170E-02
  1897.0000    	  1898.0000    	 0.28662795E-02	 0.46828331E-02
  1898.0000    	  1899.0000    	 0.16521174E-01	 0.49828037E-02
  1899.0000    	  1900.0000    	-0.17776052E-02	 0.47296577E-02
  1900.0000    	  1901.0000    	 0.18152958E-01	 0.44910102E-02
  1901.0000    	  1902.0000    	-0.40635148E-03	 0.45512103E-02
  1902.0000    	  1903.0000    	 0.11153033E-01	 0.38632439E-02
  1903.0000    	  1904.0000    	 0.32585273E-02	 0.31321124E-02
  1904.0000    	  1905.0000    	-0.51427626E-02	 0.33175783E-02
  1905.0000    	  1906.0000    	 0.58016447E-02	 0.34224137E-02
  1906.0000    	  1907.0000    	 0.92695919E-02	 0.28311741E-02
  1907.0000    	  1908.0000    	 0.92760128E-02	 0.36143133E-02
  1908.0000    	  1909.0000    	 0.49855066E-03	 0.41599883E-02
  1909.0000    	  1910.0000    	 0.10756535E-01	 0.40139044E-02
  1910.0000    	  1911.0000    	 0.63479533E-02	 0.42346030E-02
  1911.0000    	  1912.0000    	 0.13201108E-01	 0.50548081E-02
  1912.0000    	  1913.0000    	-0.48761500E-02	 0.47641024E-02
  1913.0000    	  1914.0000    	 0.51973576E-02	 0.49611320E-02
  1914.0000    	  1915.0000    	 0.20971219E-02	 0.33804999E-02
  1915.0000    	  1916.0000    	 0.30214692E-02	 0.31551462E-02
  1916.0000    	  1917.0000    	 0.51704107E-03	 0.25972269E-02
  1917.0000    	  1918.0000    	 0.91885035E-02	 0.20180126E-02
  1918.0000    	  1919.0000    	-0.13177536E-02	 0.36389308E-02
  1919.0000    	  1920.0000    	 0.18897672E-01	 0.40400852E-02
  1920.0000    	  1921.0000    	-0.32507096E-02	 0.39689875E-02
  1921.0000    	  1922.0000    	 0.14368366E-01	 0.45020949E-02
  1922.0000    	  1923.0000    	 0.45312588E-02	 0.36451035E-02
  1923.0000    	  1924.0000    	 0.44090789E-02	 0.23654723E-02
  1924.0000    	  1925.0000    	-0.24352820E-02	 0.42771447E-02
  1925.0000    	  1926.0000    	 0.41332040E-02	 0.32661268E-02
  1926.0000    	  1927.0000    	 0.32745617E-02	 0.33458110E-02
  1927.0000    	  1928.0000    	-0.25749958E-02	 0.31063735E-02
  1928.0000    	  1929.0000    	 0.50359635E-03	 0.27413973E-02
  1929.0000    	  1930.0000    	 0.13153365E-01	 0.29644372E-02
  1930.0000    	  1931.0000    	-0.16716062E-02	 0.33342656E-02
  1931.0000    	  1932.0000    	 0.92270941E-02	 0.41075404E-02
  1932.0000    	  1933.0000    	 0.13856426E-01	 0.43872670E-02
  1933.0000    	  1934.0000    	-0.12767379E-02	 0.45265650E-02
  1934.0000    	  1935.0000    	 0.13613160E-01	 0.61834078E-02
  1935.0000    	  1936.0000    	 0.16115845E-01	 0.57606626E-02
  1936.0000    	  1937.0000    	-0.66935295E-03	 0.79866221E-03
  1937.0000    	  1938.0000    	 0.35690910E-02	 0.20662922E-02
  1938.0000    	  1939.0000    	 0.90382073E-02	 0.20203163E-02
  1939.0000    	  1940.0000    	 0.13867948E-01	 0.29006184E-02
  1940.0000    	  1941.0000    	 0.93008520E-02	 0.36464653E-02
  1941.0000    	  1942.0000    	 0.52604903E-02	 0.35595923E-02
  1942.0000    	  1943.0000    	 0.12150226E-01	 0.43489737E-02
  1943.0000    	  1944.0000    	 0.13493195E-01	 0.33283667E-02
  1944.0000    	  1945.0000    	 0.71507617E-02	 0.44546835E-02
  1945.0000    	  1946.0000    	 0.14852119E-01	 0.58815328E-02
  1946.0000    	  1947.0000    	-0.23906697E-03	 0.34900508E-02
  1947.0000    	  1948.0000    	-0.42182592E-02	 0.24343549E-02
  1948.0000    	  1949.0000    	 0.23416620E-02	 0.32794096E-02
  1949.0000    	  1950.0000    	-0.22772513E-02	 0.32282911E-02
  1950.0000    	  1951.0000    	-0.80542519E-03	 0.32193931E-02
  1951.0000    	  1952.0000    	 0.21816160E-02	 0.25029275E-02
  1952.0000    	  1953.0000    	 0.75245515E-02	 0.33930328E-02
  1953.0000    	  1954.0000    	 0.76629699E-02	 0.43124832E-02
  1954.0000    	  1955.0000    	 0.11012267E-01	 0.43565709E-02
  1955.0000    	  1956.0000    	 0.34470708E-02	 0.42439868E-02
  1956.0000    	  1957.0000    	 0.99293043E-02	 0.26816677E-02
  1957.0000    	  1958.0000    	 0.79529168E-02	 0.53069088E-02
  1958.0000    	  1959.0000    	 0.53799041E-02	 0.31208509E-02
  1959.0000    	  1960.0000    	 0.74809298E-02	 0.27390157E-02
  1960.0000    	  1961.0000    	-0.17993239E-02	 0.20551456E-02
  1961.0000    	  1962.0000    	 0.45764814E-02	 0.34767571E-02
  1962.0000    	  1963.0000    	 0.95578078E-02	 0.35940724E-02
  1963.0000    	  1964.0000    	 0.17544248E-01	 0.38537640E-02
  1964.0000    	  1965.0000    	 0.45212471E-02	 0.43493722E-02
  1965.0000    	  1966.0000    	 0.54655066E-03	 0.37882125E-02
  1966.0000    	  1967.0000    	 0.44836677E-02	 0.20354756E-02
  1967.0000    	  1968.0000    	 0.10858947E-01	 0.45766267E-02
  1968.0000    	  1969.0000    	 0.42882997E-02	 0.30278247E-02
  1969.0000    	  1970.0000    	-0.13813271E-02	 0.22939691E-02
  1970.0000    	  1971.0000    	 0.19249747E-03	 0.19126748E-02
  1971.0000    	  1972.0000    	 0.14802930E-01	 0.29384700E-02
  1972.0000    	  1973.0000    	 0.14279390E-01	 0.31163270E-02
  1973.0000    	  1974.0000    	 0.94395687E-02	 0.38886775E-02
  1974.0000    	  1975.0000    	 0.12627457E-01	 0.31836543E-02
  1975.0000    	  1976.0000    	 0.95107510E-02	 0.38395438E-02
  1976.0000    	  1977.0000    	 0.12333760E-01	 0.43744315E-02
  1977.0000    	  1978.0000    	 0.75612547E-02	 0.42924399E-02
  1978.0000    	  1979.0000    	 0.60663983E-02	 0.47460504E-02
  1979.0000    	  1980.0000    	 0.45304806E-02	 0.45815975E-02
  1980.0000    	  1981.0000    	 0.20210224E-03	 0.14186293E-02
  1981.0000    	  1982.0000    	 0.31386179E-02	 0.25671081E-02
  1982.0000    	  1983.0000    	-0.28754277E-03	 0.23035791E-02
  1983.0000    	  1984.0000    	-0.29380132E-02	 0.32037943E-02
  1984.0000    	  1985.0000    	 0.22182401E-02	 0.33158919E-02
  1985.0000    	  1986.0000    	 0.12222334E-01	 0.41696982E-02
  1986.0000    	  1987.0000    	 0.18028026E-01	 0.44359035E-02
  1987.0000    	  1988.0000    	 0.90866643E-02	 0.45860267E-02
  1988.0000    	  1989.0000    	 0.35478898E-02	 0.43231602E-02
  1989.0000    	  1990.0000    	 0.65329370E-02	 0.35414784E-02
  1990.0000    	  1991.0000    	 0.15660747E-02	 0.37502495E-02
  1991.0000    	  1992.0000    	 0.34797436E-02	 0.25351406E-02
  1992.0000    	  1993.0000    	 0.21031988E-02	 0.20982143E-02
  1993.0000    	  1994.0000    	 0.52928212E-03	 0.23777302E-02
  1994.0000    	  1995.0000    	 0.40605166E-02	 0.24571263E-02
  1995.0000    	  1996.0000    	 0.78133497E-02	 0.33946992E-02
  1996.0000    	  1997.0000    	 0.65976800E-02	 0.36445319E-02
  1997.0000    	  1998.0000    	 0.14604999E-02	 0.34100979E-02
  1998.0000    	  1999.0000    	 0.55832037E-02	 0.40311373E-02
  1999.0000    	  2000.0000    	 0.23572365E-01	 0.43451741E-02
  2000.0000    	  2001.0000    	 0.77058121E-02	 0.37843617E-02
  2001.0000    	  2002.0000    	 0.43066986E-02	 0.28099345E-02
  2002.0000    	  2003.0000    	 0.28643640E-02	 0.17658050E-02
  2003.0000    	  2004.0000    	 0.13195969E-02	 0.26998729E-02
  2004.0000    	  2005.0000    	 0.19690928E-02	 0.18633213E-02
  2005.0000    	  2006.0000    	-0.32019253E-02	 0.16594446E-02
  2006.0000    	  2007.0000    	 0.48778676E-02	 0.30373964E-02
  2007.0000    	  2008.0000    	 0.11432486E-01	 0.31075468E-02
  2008.0000    	  2009.0000    	 0.74729320E-02	 0.38319377E-02
  2009.0000    	  2010.0000    	 0.84728521E-02	 0.29058667E-02
  2010.0000    	  2011.0000    	 0.13131894E-01	 0.44389666E-02
  2011.0000    	  2012.0000    	-0.49852626E-02	 0.43032842E-02
  2012.0000    	  2013.0000    	 0.10965358E-02	 0.45667797E-02
  2013.0000    	  2014.0000    	-0.37873243E-03	 0.18253926E-02
  2014.0000    	  2015.0000    	 0.39546524E-02	 0.20220325E-02
  2015.0000    	  2016.0000    	 0.86700160E-02	 0.26816178E-02
  2016.0000    	  2017.0000    	-0.15022753E-02	 0.21540049E-02
  2017.0000    	  2018.0000    	-0.62363445E-02	 0.31151232E-02
  2018.0000    	  2019.0000    	 0.17564584E-02	 0.34076455E-02
  2019.0000    	  2020.0000    	 0.10587241E-01	 0.19012625E-02
  2020.0000    	  2021.0000    	 0.67673141E-02	 0.50271600E-02
  2021.0000    	  2022.0000    	 0.74061381E-02	 0.40345587E-02
  2022.0000    	  2023.0000    	 0.70251454E-02	 0.52016639E-02
  2023.0000    	  2024.0000    	 0.20870588E-02	 0.23867273E-02
