# xi2
# underflow	 -112.26496    	 0.16957989    
# overflow	-0.29058523    	 0.12046065E-01
# sum	 -130.83698    	 0.19484239    
# xmin	xmax	cross	numerror
  3124.0000    	  3125.0000    	-0.33019999E-01	 0.53816534E-02
  3125.0000    	  3126.0000    	-0.32845628E-01	 0.44755274E-02
  3126.0000    	  3127.0000    	-0.28686780E-01	 0.39793323E-02
  3127.0000    	  3128.0000    	-0.37389388E-01	 0.41548261E-02
  3128.0000    	  3129.0000    	-0.28112132E-01	 0.34506123E-02
  3129.0000    	  3130.0000    	-0.24399939E-01	 0.37310226E-02
  3130.0000    	  3131.0000    	-0.22296483E-01	 0.34477612E-02
  3131.0000    	  3132.0000    	-0.18156519E-01	 0.30868352E-02
  3132.0000    	  3133.0000    	-0.17483782E-01	 0.33302461E-02
  3133.0000    	  3134.0000    	-0.14254685E-01	 0.32634125E-02
  3134.0000    	  3135.0000    	-0.13058633E-01	 0.37635732E-02
  3135.0000    	  3136.0000    	-0.15642023E-01	 0.47212679E-02
  3136.0000    	  3137.0000    	-0.34173040E-01	 0.51582172E-02
  3137.0000    	  3138.0000    	-0.25320786E-01	 0.41635126E-02
  3138.0000    	  3139.0000    	-0.26323536E-01	 0.47436549E-02
  3139.0000    	  3140.0000    	-0.23299709E-01	 0.29967612E-02
  3140.0000    	  3141.0000    	-0.15693313E-01	 0.36638941E-02
  3141.0000    	  3142.0000    	-0.14129979E-01	 0.31695830E-02
  3142.0000    	  3143.0000    	-0.16257356E-01	 0.31133366E-02
  3143.0000    	  3144.0000    	-0.22786822E-01	 0.32692989E-02
  3144.0000    	  3145.0000    	-0.20911131E-01	 0.36718621E-02
  3145.0000    	  3146.0000    	-0.14724894E-01	 0.33923169E-02
  3146.0000    	  3147.0000    	-0.29643477E-01	 0.47546392E-02
  3147.0000    	  3148.0000    	-0.27377925E-01	 0.43326121E-02
  3148.0000    	  3149.0000    	-0.26453996E-01	 0.49804847E-02
  3149.0000    	  3150.0000    	-0.27064684E-01	 0.47604192E-02
  3150.0000    	  3151.0000    	-0.28768595E-01	 0.40142107E-02
  3151.0000    	  3152.0000    	-0.31884395E-01	 0.36184297E-02
  3152.0000    	  3153.0000    	-0.80261450E-02	 0.30003191E-02
  3153.0000    	  3154.0000    	-0.19065663E-01	 0.29660788E-02
  3154.0000    	  3155.0000    	-0.18243848E-01	 0.25668464E-02
  3155.0000    	  3156.0000    	-0.18844855E-01	 0.34640988E-02
  3156.0000    	  3157.0000    	-0.17650158E-01	 0.20129219E-02
  3157.0000    	  3158.0000    	-0.38405863E-01	 0.50062634E-02
  3158.0000    	  3159.0000    	-0.41015603E-01	 0.45660859E-02
  3159.0000    	  3160.0000    	-0.32045032E-01	 0.52625791E-02
  3160.0000    	  3161.0000    	-0.29588771E-01	 0.40356318E-02
  3161.0000    	  3162.0000    	-0.26487434E-01	 0.32252922E-02
  3162.0000    	  3163.0000    	-0.23924108E-01	 0.35046095E-02
  3163.0000    	  3164.0000    	-0.33912187E-01	 0.31828267E-02
  3164.0000    	  3165.0000    	-0.21409217E-01	 0.29980863E-02
  3165.0000    	  3166.0000    	-0.22684758E-01	 0.32626816E-02
  3166.0000    	  3167.0000    	-0.19170195E-01	 0.25748297E-02
  3167.0000    	  3168.0000    	-0.90552812E-02	 0.36592642E-02
  3168.0000    	  3169.0000    	-0.37286516E-01	 0.47590720E-02
  3169.0000    	  3170.0000    	-0.25838183E-01	 0.39636034E-02
  3170.0000    	  3171.0000    	-0.30403040E-01	 0.47287316E-02
  3171.0000    	  3172.0000    	-0.30177214E-01	 0.39441183E-02
  3172.0000    	  3173.0000    	-0.24430611E-01	 0.38364857E-02
  3173.0000    	  3174.0000    	-0.28829128E-01	 0.35358654E-02
  3174.0000    	  3175.0000    	-0.20411484E-01	 0.20516984E-02
  3175.0000    	  3176.0000    	-0.20096163E-01	 0.29823695E-02
  3176.0000    	  3177.0000    	-0.18836756E-01	 0.29685721E-02
  3177.0000    	  3178.0000    	-0.16971470E-01	 0.30968940E-02
  3178.0000    	  3179.0000    	-0.20227669E-01	 0.36721016E-02
  3179.0000    	  3180.0000    	-0.33311643E-01	 0.44812844E-02
  3180.0000    	  3181.0000    	-0.37614580E-01	 0.47031574E-02
  3181.0000    	  3182.0000    	-0.20219343E-01	 0.36938822E-02
  3182.0000    	  3183.0000    	-0.29868993E-01	 0.40215460E-02
  3183.0000    	  3184.0000    	-0.26372582E-01	 0.37134915E-02
  3184.0000    	  3185.0000    	-0.23905202E-01	 0.28830477E-02
  3185.0000    	  3186.0000    	-0.23652217E-01	 0.33306609E-02
  3186.0000    	  3187.0000    	-0.15268437E-01	 0.12309950E-02
  3187.0000    	  3188.0000    	-0.18838554E-01	 0.32393635E-02
  3188.0000    	  3189.0000    	-0.18836993E-01	 0.34772630E-02
  3189.0000    	  3190.0000    	-0.22240887E-01	 0.39114419E-02
  3190.0000    	  3191.0000    	-0.20586051E-01	 0.32388331E-02
  3191.0000    	  3192.0000    	-0.29547482E-01	 0.45659518E-02
  3192.0000    	  3193.0000    	-0.32631390E-01	 0.39076788E-02
  3193.0000    	  3194.0000    	-0.25567780E-01	 0.44209966E-02
  3194.0000    	  3195.0000    	-0.23214846E-01	 0.16007952E-02
  3195.0000    	  3196.0000    	-0.23207475E-01	 0.28866993E-02
  3196.0000    	  3197.0000    	-0.18902060E-01	 0.12655581E-02
  3197.0000    	  3198.0000    	-0.19903738E-01	 0.18500555E-02
  3198.0000    	  3199.0000    	-0.18363040E-01	 0.34670367E-02
  3199.0000    	  3200.0000    	-0.20601376E-01	 0.37754473E-02
  3200.0000    	  3201.0000    	-0.15918287E-01	 0.36578167E-02
  3201.0000    	  3202.0000    	-0.39396302E-01	 0.45708608E-02
  3202.0000    	  3203.0000    	-0.30022195E-01	 0.42259491E-02
  3203.0000    	  3204.0000    	-0.31571207E-01	 0.49629911E-02
  3204.0000    	  3205.0000    	-0.31615702E-01	 0.38877171E-02
  3205.0000    	  3206.0000    	-0.24343024E-01	 0.36624346E-02
  3206.0000    	  3207.0000    	-0.27466011E-01	 0.32832576E-02
  3207.0000    	  3208.0000    	-0.16459013E-01	 0.35336543E-02
  3208.0000    	  3209.0000    	-0.22050450E-01	 0.34964061E-02
  3209.0000    	  3210.0000    	-0.25605198E-01	 0.35086352E-02
  3210.0000    	  3211.0000    	-0.13322302E-01	 0.37114469E-02
  3211.0000    	  3212.0000    	-0.18273556E-01	 0.29289495E-02
  3212.0000    	  3213.0000    	-0.29279246E-01	 0.45866973E-02
  3213.0000    	  3214.0000    	-0.29346474E-01	 0.49969826E-02
  3214.0000    	  3215.0000    	-0.25456726E-01	 0.46060642E-02
  3215.0000    	  3216.0000    	-0.29314050E-01	 0.40143983E-02
  3216.0000    	  3217.0000    	-0.28180235E-01	 0.32457460E-02
  3217.0000    	  3218.0000    	-0.25092094E-01	 0.32084079E-02
  3218.0000    	  3219.0000    	-0.24279285E-01	 0.24638567E-02
  3219.0000    	  3220.0000    	-0.21336821E-01	 0.32698710E-02
  3220.0000    	  3221.0000    	-0.20848769E-01	 0.32670068E-02
  3221.0000    	  3222.0000    	-0.17668890E-01	 0.38775440E-02
  3222.0000    	  3223.0000    	-0.17222718E-01	 0.35053191E-02
  3223.0000    	  3224.0000    	-0.33665962E-01	 0.44077861E-02
  3224.0000    	  3225.0000    	-0.28076077E-01	 0.43375546E-02
  3225.0000    	  3226.0000    	-0.27110857E-01	 0.39851284E-02
  3226.0000    	  3227.0000    	-0.30064321E-01	 0.42416745E-02
  3227.0000    	  3228.0000    	-0.24595556E-01	 0.33197289E-02
  3228.0000    	  3229.0000    	-0.19510046E-01	 0.31197676E-02
  3229.0000    	  3230.0000    	-0.23307769E-01	 0.23171168E-02
  3230.0000    	  3231.0000    	-0.26051216E-01	 0.31126468E-02
  3231.0000    	  3232.0000    	-0.20909991E-01	 0.29847250E-02
  3232.0000    	  3233.0000    	-0.82371171E-02	 0.35322132E-02
  3233.0000    	  3234.0000    	-0.16597161E-01	 0.35092451E-02
  3234.0000    	  3235.0000    	-0.30033884E-01	 0.45763657E-02
  3235.0000    	  3236.0000    	-0.27839684E-01	 0.47454862E-02
  3236.0000    	  3237.0000    	-0.19826804E-01	 0.37315990E-02
  3237.0000    	  3238.0000    	-0.23016289E-01	 0.40272218E-02
  3238.0000    	  3239.0000    	-0.32192496E-01	 0.36840838E-02
  3239.0000    	  3240.0000    	-0.26616626E-01	 0.33584626E-02
  3240.0000    	  3241.0000    	-0.22502770E-01	 0.28732960E-02
  3241.0000    	  3242.0000    	-0.19244175E-01	 0.30718787E-02
  3242.0000    	  3243.0000    	-0.23952647E-01	 0.28251444E-02
  3243.0000    	  3244.0000    	-0.14352766E-01	 0.30063555E-02
  3244.0000    	  3245.0000    	-0.17971944E-01	 0.30005680E-02
  3245.0000    	  3246.0000    	-0.24594543E-01	 0.44479241E-02
  3246.0000    	  3247.0000    	-0.26542345E-01	 0.38552569E-02
  3247.0000    	  3248.0000    	-0.31321811E-01	 0.37148556E-02
  3248.0000    	  3249.0000    	-0.24926032E-01	 0.38634742E-02
  3249.0000    	  3250.0000    	-0.21347085E-01	 0.36810114E-02
  3250.0000    	  3251.0000    	-0.22883002E-01	 0.31066867E-02
  3251.0000    	  3252.0000    	-0.20908014E-01	 0.28130044E-02
  3252.0000    	  3253.0000    	-0.20198390E-01	 0.29964513E-02
  3253.0000    	  3254.0000    	-0.20630120E-01	 0.33950492E-02
  3254.0000    	  3255.0000    	-0.19716529E-01	 0.33964627E-02
  3255.0000    	  3256.0000    	-0.13198089E-01	 0.37082983E-02
  3256.0000    	  3257.0000    	-0.25797384E-01	 0.39890507E-02
  3257.0000    	  3258.0000    	-0.29630398E-01	 0.32292969E-02
  3258.0000    	  3259.0000    	-0.31030337E-01	 0.38821259E-02
  3259.0000    	  3260.0000    	-0.32554210E-01	 0.42488311E-02
  3260.0000    	  3261.0000    	-0.19505181E-01	 0.41088029E-02
  3261.0000    	  3262.0000    	-0.24965521E-01	 0.33489182E-02
  3262.0000    	  3263.0000    	-0.22483786E-01	 0.29751201E-02
  3263.0000    	  3264.0000    	-0.16601887E-01	 0.31286144E-02
  3264.0000    	  3265.0000    	-0.17157170E-01	 0.32271887E-02
  3265.0000    	  3266.0000    	-0.16566939E-01	 0.29099101E-02
  3266.0000    	  3267.0000    	-0.13873315E-01	 0.37375667E-02
  3267.0000    	  3268.0000    	-0.33720949E-01	 0.45542593E-02
  3268.0000    	  3269.0000    	-0.29498790E-01	 0.42602624E-02
  3269.0000    	  3270.0000    	-0.30812840E-01	 0.35776008E-02
  3270.0000    	  3271.0000    	-0.23501934E-01	 0.42161944E-02
  3271.0000    	  3272.0000    	-0.21651067E-01	 0.38172447E-02
  3272.0000    	  3273.0000    	-0.24784332E-01	 0.31722305E-02
  3273.0000    	  3274.0000    	-0.25242139E-01	 0.29488036E-02
  3274.0000    	  3275.0000    	-0.16838245E-01	 0.29717617E-02
  3275.0000    	  3276.0000    	-0.21274346E-01	 0.33656280E-02
  3276.0000    	  3277.0000    	-0.17014128E-01	 0.28330342E-02
  3277.0000    	  3278.0000    	-0.16314430E-01	 0.32823854E-02
  3278.0000    	  3279.0000    	-0.26727011E-01	 0.36610601E-02
  3279.0000    	  3280.0000    	-0.31680547E-01	 0.40216125E-02
  3280.0000    	  3281.0000    	-0.23919388E-01	 0.33366549E-02
  3281.0000    	  3282.0000    	-0.27944166E-01	 0.39775264E-02
  3282.0000    	  3283.0000    	-0.25814280E-01	 0.34322920E-02
  3283.0000    	  3284.0000    	-0.26621040E-01	 0.34676010E-02
  3284.0000    	  3285.0000    	-0.16480877E-01	 0.16298412E-02
  3285.0000    	  3286.0000    	-0.24224612E-01	 0.31391161E-02
  3286.0000    	  3287.0000    	-0.21010084E-01	 0.32581324E-02
  3287.0000    	  3288.0000    	-0.17215914E-01	 0.28089790E-02
  3288.0000    	  3289.0000    	-0.15344109E-01	 0.39391457E-02
  3289.0000    	  3290.0000    	-0.31267250E-01	 0.39591045E-02
  3290.0000    	  3291.0000    	-0.29724112E-01	 0.42854221E-02
  3291.0000    	  3292.0000    	-0.32672934E-01	 0.41077418E-02
  3292.0000    	  3293.0000    	-0.22498326E-01	 0.33804428E-02
  3293.0000    	  3294.0000    	-0.23178812E-01	 0.35652702E-02
  3294.0000    	  3295.0000    	-0.22287836E-01	 0.33511263E-02
  3295.0000    	  3296.0000    	-0.16975754E-01	 0.12646315E-02
  3296.0000    	  3297.0000    	-0.19155565E-01	 0.31963172E-02
  3297.0000    	  3298.0000    	-0.24929436E-01	 0.32296395E-02
  3298.0000    	  3299.0000    	-0.16404967E-01	 0.25422534E-02
  3299.0000    	  3300.0000    	-0.11174713E-01	 0.33074672E-02
  3300.0000    	  3301.0000    	-0.29766089E-01	 0.44732125E-02
  3301.0000    	  3302.0000    	-0.33163950E-01	 0.43413648E-02
  3302.0000    	  3303.0000    	-0.25957625E-01	 0.35627007E-02
  3303.0000    	  3304.0000    	-0.24051647E-01	 0.31591807E-02
  3304.0000    	  3305.0000    	-0.24838686E-01	 0.38836417E-02
  3305.0000    	  3306.0000    	-0.21652134E-01	 0.27611105E-02
  3306.0000    	  3307.0000    	-0.20506564E-01	 0.28809704E-02
  3307.0000    	  3308.0000    	-0.21455128E-01	 0.23562629E-02
  3308.0000    	  3309.0000    	-0.18149549E-01	 0.33348264E-02
  3309.0000    	  3310.0000    	-0.17805534E-01	 0.37775102E-02
  3310.0000    	  3311.0000    	-0.15905845E-01	 0.35592515E-02
  3311.0000    	  3312.0000    	-0.21570289E-01	 0.31351968E-02
  3312.0000    	  3313.0000    	-0.23519824E-01	 0.44196835E-02
  3313.0000    	  3314.0000    	-0.25887973E-01	 0.40726215E-02
  3314.0000    	  3315.0000    	-0.26271638E-01	 0.43514436E-02
  3315.0000    	  3316.0000    	-0.22821023E-01	 0.37201064E-02
  3316.0000    	  3317.0000    	-0.29200565E-01	 0.36190546E-02
  3317.0000    	  3318.0000    	-0.18349911E-01	 0.29832690E-02
  3318.0000    	  3319.0000    	-0.17514255E-01	 0.33239913E-02
  3319.0000    	  3320.0000    	-0.17403565E-01	 0.32199933E-02
  3320.0000    	  3321.0000    	-0.20310449E-01	 0.35555709E-02
  3321.0000    	  3322.0000    	-0.13859312E-01	 0.36463187E-02
  3322.0000    	  3323.0000    	-0.29925210E-01	 0.49156070E-02
  3323.0000    	  3324.0000    	-0.35804422E-01	 0.47929208E-02
  3324.0000    	  3325.0000    	-0.24579065E-01	 0.37896778E-02
  3325.0000    	  3326.0000    	-0.22465899E-01	 0.39279830E-02
  3326.0000    	  3327.0000    	-0.31417374E-01	 0.37650460E-02
  3327.0000    	  3328.0000    	-0.18092555E-01	 0.28064191E-02
  3328.0000    	  3329.0000    	-0.22747072E-01	 0.29142509E-02
  3329.0000    	  3330.0000    	-0.16885157E-01	 0.22199804E-02
  3330.0000    	  3331.0000    	-0.19727949E-01	 0.26903679E-02
  3331.0000    	  3332.0000    	-0.95004692E-02	 0.33115262E-02
  3332.0000    	  3333.0000    	-0.18035652E-01	 0.37580470E-02
  3333.0000    	  3334.0000    	-0.28471726E-01	 0.48919190E-02
  3334.0000    	  3335.0000    	-0.27230143E-01	 0.39548820E-02
  3335.0000    	  3336.0000    	-0.22993225E-01	 0.36987069E-02
  3336.0000    	  3337.0000    	-0.24006975E-01	 0.37721416E-02
  3337.0000    	  3338.0000    	-0.17346880E-01	 0.36559296E-02
  3338.0000    	  3339.0000    	-0.18150993E-01	 0.20789189E-02
  3339.0000    	  3340.0000    	-0.22331932E-01	 0.28323715E-02
  3340.0000    	  3341.0000    	-0.21542392E-01	 0.32124680E-02
  3341.0000    	  3342.0000    	-0.19520547E-01	 0.25635514E-02
  3342.0000    	  3343.0000    	-0.16471984E-01	 0.35640379E-02
  3343.0000    	  3344.0000    	-0.18057139E-01	 0.36712131E-02
  3344.0000    	  3345.0000    	-0.25118489E-01	 0.48469829E-02
  3345.0000    	  3346.0000    	-0.32356542E-01	 0.42569873E-02
  3346.0000    	  3347.0000    	-0.22770441E-01	 0.26259712E-02
  3347.0000    	  3348.0000    	-0.30034494E-01	 0.39150138E-02
  3348.0000    	  3349.0000    	-0.23015585E-01	 0.34412057E-02
  3349.0000    	  3350.0000    	-0.20270504E-01	 0.32155217E-02
  3350.0000    	  3351.0000    	-0.20186539E-01	 0.32246885E-02
  3351.0000    	  3352.0000    	-0.19675796E-01	 0.32272506E-02
  3352.0000    	  3353.0000    	-0.18758560E-01	 0.35338476E-02
  3353.0000    	  3354.0000    	-0.17110857E-01	 0.30513334E-02
  3354.0000    	  3355.0000    	-0.17501832E-01	 0.36975947E-02
  3355.0000    	  3356.0000    	-0.21300363E-01	 0.45424744E-02
  3356.0000    	  3357.0000    	-0.29023260E-01	 0.42177311E-02
  3357.0000    	  3358.0000    	-0.22954292E-01	 0.36925469E-02
  3358.0000    	  3359.0000    	-0.21793469E-01	 0.36732154E-02
  3359.0000    	  3360.0000    	-0.19587763E-01	 0.21812212E-02
  3360.0000    	  3361.0000    	-0.23128919E-01	 0.35605551E-02
  3361.0000    	  3362.0000    	-0.26745850E-01	 0.32602666E-02
  3362.0000    	  3363.0000    	-0.17679174E-01	 0.34367774E-02
  3363.0000    	  3364.0000    	-0.19432780E-01	 0.31315875E-02
  3364.0000    	  3365.0000    	-0.16641287E-01	 0.33747885E-02
  3365.0000    	  3366.0000    	-0.14911328E-01	 0.20733784E-02
  3366.0000    	  3367.0000    	-0.17786993E-01	 0.43972903E-02
  3367.0000    	  3368.0000    	-0.27604898E-01	 0.38657412E-02
  3368.0000    	  3369.0000    	-0.25203332E-01	 0.37946033E-02
  3369.0000    	  3370.0000    	-0.20307857E-01	 0.38037950E-02
  3370.0000    	  3371.0000    	-0.27273475E-01	 0.35279788E-02
  3371.0000    	  3372.0000    	-0.22492336E-01	 0.28952886E-02
  3372.0000    	  3373.0000    	-0.25433613E-01	 0.31247120E-02
  3373.0000    	  3374.0000    	-0.20475508E-01	 0.32634643E-02
  3374.0000    	  3375.0000    	-0.16535643E-01	 0.35371753E-02
  3375.0000    	  3376.0000    	-0.13411568E-01	 0.31243450E-02
  3376.0000    	  3377.0000    	-0.15153696E-01	 0.33990131E-02
  3377.0000    	  3378.0000    	-0.20298038E-01	 0.33837573E-02
  3378.0000    	  3379.0000    	-0.20343125E-01	 0.42955934E-02
  3379.0000    	  3380.0000    	-0.25067454E-01	 0.38275296E-02
  3380.0000    	  3381.0000    	-0.21605360E-01	 0.39113345E-02
  3381.0000    	  3382.0000    	-0.18416481E-01	 0.33967368E-02
  3382.0000    	  3383.0000    	-0.18687565E-01	 0.24905263E-02
  3383.0000    	  3384.0000    	-0.22786266E-01	 0.31994756E-02
  3384.0000    	  3385.0000    	-0.20046580E-01	 0.35999964E-02
  3385.0000    	  3386.0000    	-0.17998137E-01	 0.28443387E-02
  3386.0000    	  3387.0000    	-0.10424934E-01	 0.33565493E-02
  3387.0000    	  3388.0000    	-0.11143232E-01	 0.27674769E-02
  3388.0000    	  3389.0000    	-0.30801807E-01	 0.46255436E-02
  3389.0000    	  3390.0000    	-0.18309290E-01	 0.42263243E-02
  3390.0000    	  3391.0000    	-0.23405584E-01	 0.35603223E-02
  3391.0000    	  3392.0000    	-0.17979341E-01	 0.40972413E-02
  3392.0000    	  3393.0000    	-0.23364873E-01	 0.33785741E-02
  3393.0000    	  3394.0000    	-0.18372447E-01	 0.20301038E-02
  3394.0000    	  3395.0000    	-0.19200187E-01	 0.30222388E-02
  3395.0000    	  3396.0000    	-0.20026705E-01	 0.19286722E-02
  3396.0000    	  3397.0000    	-0.24079343E-01	 0.33622187E-02
  3397.0000    	  3398.0000    	-0.17794679E-01	 0.31573308E-02
  3398.0000    	  3399.0000    	-0.12034438E-01	 0.19681211E-02
  3399.0000    	  3400.0000    	-0.21717210E-01	 0.45017955E-02
  3400.0000    	  3401.0000    	-0.29802261E-01	 0.40539085E-02
  3401.0000    	  3402.0000    	-0.26039251E-01	 0.41117822E-02
  3402.0000    	  3403.0000    	-0.22745362E-01	 0.35808882E-02
  3403.0000    	  3404.0000    	-0.21271279E-01	 0.31147395E-02
  3404.0000    	  3405.0000    	-0.21610691E-01	 0.27909100E-02
  3405.0000    	  3406.0000    	-0.19499940E-01	 0.29543658E-02
  3406.0000    	  3407.0000    	-0.22308524E-01	 0.33770513E-02
  3407.0000    	  3408.0000    	-0.18298192E-01	 0.29615940E-02
  3408.0000    	  3409.0000    	-0.15451782E-01	 0.34071725E-02
  3409.0000    	  3410.0000    	-0.11344385E-01	 0.35482146E-02
  3410.0000    	  3411.0000    	-0.27174944E-01	 0.35931149E-02
  3411.0000    	  3412.0000    	-0.23454134E-01	 0.33123304E-02
  3412.0000    	  3413.0000    	-0.19744339E-01	 0.25183588E-02
  3413.0000    	  3414.0000    	-0.27951874E-01	 0.34211958E-02
  3414.0000    	  3415.0000    	-0.19526766E-01	 0.30979913E-02
  3415.0000    	  3416.0000    	-0.24131520E-01	 0.30512600E-02
  3416.0000    	  3417.0000    	-0.20873705E-01	 0.26744250E-02
  3417.0000    	  3418.0000    	-0.19975152E-01	 0.31868127E-02
  3418.0000    	  3419.0000    	-0.15550105E-01	 0.33520760E-02
  3419.0000    	  3420.0000    	-0.11033758E-01	 0.23994498E-02
  3420.0000    	  3421.0000    	-0.16391326E-01	 0.35635254E-02
  3421.0000    	  3422.0000    	-0.24300151E-01	 0.33884927E-02
  3422.0000    	  3423.0000    	-0.30023877E-01	 0.44795240E-02
  3423.0000    	  3424.0000    	-0.24351493E-01	 0.36159519E-02
  3424.0000    	  3425.0000    	-0.27278995E-01	 0.35194055E-02
  3425.0000    	  3426.0000    	-0.22155726E-01	 0.31823130E-02
  3426.0000    	  3427.0000    	-0.19966585E-01	 0.25107988E-02
  3427.0000    	  3428.0000    	-0.23979909E-01	 0.28148139E-02
  3428.0000    	  3429.0000    	-0.20489007E-01	 0.30364998E-02
  3429.0000    	  3430.0000    	-0.15252678E-01	 0.23809967E-02
  3430.0000    	  3431.0000    	-0.15107482E-01	 0.33028901E-02
  3431.0000    	  3432.0000    	-0.18709776E-01	 0.35430955E-02
  3432.0000    	  3433.0000    	-0.19332426E-01	 0.21973331E-02
  3433.0000    	  3434.0000    	-0.13864169E-01	 0.45342063E-02
  3434.0000    	  3435.0000    	-0.18900105E-01	 0.26310024E-02
  3435.0000    	  3436.0000    	-0.27617076E-01	 0.29971615E-02
  3436.0000    	  3437.0000    	-0.23065153E-01	 0.31975717E-02
  3437.0000    	  3438.0000    	-0.23058700E-01	 0.29864762E-02
  3438.0000    	  3439.0000    	-0.16563397E-01	 0.26793667E-02
  3439.0000    	  3440.0000    	-0.15976156E-01	 0.31720170E-02
  3440.0000    	  3441.0000    	-0.18441837E-01	 0.24872900E-02
  3441.0000    	  3442.0000    	-0.94843472E-02	 0.26774935E-02
  3442.0000    	  3443.0000    	-0.98126904E-02	 0.34183871E-02
  3443.0000    	  3444.0000    	-0.28013679E-01	 0.42080737E-02
  3444.0000    	  3445.0000    	-0.26665886E-01	 0.44677237E-02
  3445.0000    	  3446.0000    	-0.17291138E-01	 0.26769533E-02
  3446.0000    	  3447.0000    	-0.26718224E-01	 0.33220537E-02
  3447.0000    	  3448.0000    	-0.25893516E-01	 0.31694105E-02
  3448.0000    	  3449.0000    	-0.17055840E-01	 0.34314065E-02
  3449.0000    	  3450.0000    	-0.22921835E-01	 0.29970598E-02
  3450.0000    	  3451.0000    	-0.21974838E-01	 0.30167250E-02
  3451.0000    	  3452.0000    	-0.20777598E-01	 0.28664179E-02
  3452.0000    	  3453.0000    	-0.18160759E-01	 0.30097092E-02
  3453.0000    	  3454.0000    	-0.13691977E-01	 0.33795900E-02
  3454.0000    	  3455.0000    	-0.22506941E-01	 0.30094320E-02
  3455.0000    	  3456.0000    	-0.16546565E-01	 0.20169457E-02
  3456.0000    	  3457.0000    	-0.19185122E-01	 0.39080675E-02
  3457.0000    	  3458.0000    	-0.24125671E-01	 0.35720315E-02
  3458.0000    	  3459.0000    	-0.17190986E-01	 0.34897890E-02
  3459.0000    	  3460.0000    	-0.19813838E-01	 0.29955145E-02
  3460.0000    	  3461.0000    	-0.18989662E-01	 0.30450246E-02
  3461.0000    	  3462.0000    	-0.21269132E-01	 0.29893946E-02
  3462.0000    	  3463.0000    	-0.11256722E-01	 0.33712336E-02
  3463.0000    	  3464.0000    	-0.16313177E-01	 0.42296568E-02
  3464.0000    	  3465.0000    	-0.55362436E-02	 0.26093566E-02
  3465.0000    	  3466.0000    	-0.22418268E-01	 0.40151876E-02
  3466.0000    	  3467.0000    	-0.22505821E-01	 0.35254451E-02
  3467.0000    	  3468.0000    	-0.14686845E-01	 0.14096878E-02
  3468.0000    	  3469.0000    	-0.21159951E-01	 0.33076965E-02
  3469.0000    	  3470.0000    	-0.19489387E-01	 0.32588380E-02
  3470.0000    	  3471.0000    	-0.25760354E-01	 0.30254097E-02
  3471.0000    	  3472.0000    	-0.17757745E-01	 0.31037921E-02
  3472.0000    	  3473.0000    	-0.19027624E-01	 0.29424173E-02
  3473.0000    	  3474.0000    	-0.18665568E-01	 0.29137134E-02
  3474.0000    	  3475.0000    	-0.14792235E-01	 0.23552789E-02
  3475.0000    	  3476.0000    	-0.14093735E-01	 0.13335485E-02
  3476.0000    	  3477.0000    	-0.24179878E-01	 0.38996164E-02
  3477.0000    	  3478.0000    	-0.21381512E-01	 0.36282732E-02
  3478.0000    	  3479.0000    	-0.23173784E-01	 0.29659297E-02
  3479.0000    	  3480.0000    	-0.19707094E-01	 0.35442479E-02
  3480.0000    	  3481.0000    	-0.27717739E-01	 0.36727462E-02
  3481.0000    	  3482.0000    	-0.13397564E-01	 0.30286157E-02
  3482.0000    	  3483.0000    	-0.16582670E-01	 0.31671134E-02
  3483.0000    	  3484.0000    	-0.18137841E-01	 0.31699178E-02
  3484.0000    	  3485.0000    	-0.16360482E-01	 0.30544633E-02
  3485.0000    	  3486.0000    	-0.12654746E-01	 0.31835414E-02
  3486.0000    	  3487.0000    	-0.85167099E-02	 0.38217499E-02
  3487.0000    	  3488.0000    	-0.20779340E-01	 0.41336774E-02
  3488.0000    	  3489.0000    	-0.27744773E-01	 0.38591126E-02
  3489.0000    	  3490.0000    	-0.21155009E-01	 0.38945556E-02
  3490.0000    	  3491.0000    	-0.23031190E-01	 0.29893255E-02
  3491.0000    	  3492.0000    	-0.15563156E-01	 0.22326576E-02
  3492.0000    	  3493.0000    	-0.21311106E-01	 0.33211952E-02
  3493.0000    	  3494.0000    	-0.22353634E-01	 0.34841445E-02
  3494.0000    	  3495.0000    	-0.17102432E-01	 0.25582889E-02
  3495.0000    	  3496.0000    	-0.14936547E-01	 0.29524814E-02
  3496.0000    	  3497.0000    	-0.22089667E-01	 0.29492995E-02
  3497.0000    	  3498.0000    	-0.15130519E-01	 0.34672040E-02
  3498.0000    	  3499.0000    	-0.19974588E-01	 0.39488756E-02
  3499.0000    	  3500.0000    	-0.21709566E-01	 0.31768235E-02
  3500.0000    	  3501.0000    	-0.25441719E-01	 0.40799198E-02
  3501.0000    	  3502.0000    	-0.23906963E-01	 0.28466269E-02
  3502.0000    	  3503.0000    	-0.21955731E-01	 0.31922990E-02
  3503.0000    	  3504.0000    	-0.16464128E-01	 0.27228054E-02
  3504.0000    	  3505.0000    	-0.19244217E-01	 0.32978189E-02
  3505.0000    	  3506.0000    	-0.14664002E-01	 0.24778652E-02
  3506.0000    	  3507.0000    	-0.18979980E-01	 0.24756010E-02
  3507.0000    	  3508.0000    	-0.10038094E-01	 0.25354416E-02
  3508.0000    	  3509.0000    	-0.39521240E-02	 0.27229862E-02
  3509.0000    	  3510.0000    	-0.31092158E-01	 0.40427776E-02
  3510.0000    	  3511.0000    	-0.15092653E-01	 0.98308410E-03
  3511.0000    	  3512.0000    	-0.25759911E-01	 0.37419008E-02
  3512.0000    	  3513.0000    	-0.24702928E-01	 0.30647499E-02
  3513.0000    	  3514.0000    	-0.23173668E-01	 0.32337019E-02
  3514.0000    	  3515.0000    	-0.24073181E-01	 0.34106331E-02
  3515.0000    	  3516.0000    	-0.17253847E-01	 0.31977813E-02
  3516.0000    	  3517.0000    	-0.20542738E-01	 0.28816488E-02
  3517.0000    	  3518.0000    	-0.16139481E-01	 0.32402809E-02
  3518.0000    	  3519.0000    	-0.18512501E-01	 0.32323298E-02
  3519.0000    	  3520.0000    	-0.11535513E-01	 0.31417498E-02
  3520.0000    	  3521.0000    	-0.22745182E-01	 0.32588845E-02
  3521.0000    	  3522.0000    	-0.17728228E-01	 0.34157511E-02
  3522.0000    	  3523.0000    	-0.18818576E-01	 0.25886098E-02
  3523.0000    	  3524.0000    	-0.20878142E-01	 0.31930001E-02
  3524.0000    	  3525.0000    	-0.18004568E-01	 0.30187062E-02
  3525.0000    	  3526.0000    	-0.15201390E-01	 0.22165204E-02
  3526.0000    	  3527.0000    	-0.18496990E-01	 0.27932429E-02
  3527.0000    	  3528.0000    	-0.19337492E-01	 0.25393671E-02
  3528.0000    	  3529.0000    	-0.15203624E-01	 0.27371747E-02
  3529.0000    	  3530.0000    	-0.74017918E-02	 0.29681124E-02
  3530.0000    	  3531.0000    	-0.14725655E-01	 0.31757953E-02
  3531.0000    	  3532.0000    	-0.25667839E-01	 0.41021498E-02
  3532.0000    	  3533.0000    	-0.20678207E-01	 0.38110209E-02
  3533.0000    	  3534.0000    	-0.18478105E-01	 0.36255623E-02
  3534.0000    	  3535.0000    	-0.21932691E-01	 0.30950491E-02
  3535.0000    	  3536.0000    	-0.24357797E-01	 0.25658375E-02
  3536.0000    	  3537.0000    	-0.13068284E-01	 0.26110449E-02
  3537.0000    	  3538.0000    	-0.15042916E-01	 0.19841046E-02
  3538.0000    	  3539.0000    	-0.11147364E-01	 0.24420036E-02
  3539.0000    	  3540.0000    	-0.21529892E-01	 0.32473793E-02
  3540.0000    	  3541.0000    	-0.16365716E-01	 0.33057585E-02
  3541.0000    	  3542.0000    	-0.11704919E-01	 0.34486308E-02
  3542.0000    	  3543.0000    	-0.25462855E-01	 0.42498644E-02
  3543.0000    	  3544.0000    	-0.18278649E-01	 0.37766411E-02
  3544.0000    	  3545.0000    	-0.21406621E-01	 0.32540634E-02
  3545.0000    	  3546.0000    	-0.21941627E-01	 0.35220116E-02
  3546.0000    	  3547.0000    	-0.17557604E-01	 0.28794211E-02
  3547.0000    	  3548.0000    	-0.16057779E-01	 0.29752763E-02
  3548.0000    	  3549.0000    	-0.16282347E-01	 0.22461281E-02
  3549.0000    	  3550.0000    	-0.13407429E-01	 0.30832769E-02
  3550.0000    	  3551.0000    	-0.18663513E-01	 0.33595028E-02
  3551.0000    	  3552.0000    	-0.12241219E-01	 0.24845148E-02
  3552.0000    	  3553.0000    	-0.12090433E-01	 0.36549273E-02
  3553.0000    	  3554.0000    	-0.16644648E-01	 0.33747893E-02
  3554.0000    	  3555.0000    	-0.20110897E-01	 0.33657743E-02
  3555.0000    	  3556.0000    	-0.29415060E-01	 0.35584177E-02
  3556.0000    	  3557.0000    	-0.15625472E-01	 0.36088803E-02
  3557.0000    	  3558.0000    	-0.18670723E-01	 0.29896790E-02
  3558.0000    	  3559.0000    	-0.20128227E-01	 0.28809537E-02
  3559.0000    	  3560.0000    	-0.21622322E-01	 0.27967255E-02
  3560.0000    	  3561.0000    	-0.20079863E-01	 0.28930155E-02
  3561.0000    	  3562.0000    	-0.82954990E-02	 0.36287653E-02
  3562.0000    	  3563.0000    	-0.85242877E-02	 0.26637835E-02
  3563.0000    	  3564.0000    	-0.90012884E-02	 0.22882545E-02
  3564.0000    	  3565.0000    	-0.17022901E-01	 0.37267601E-02
  3565.0000    	  3566.0000    	-0.25318902E-01	 0.30993939E-02
  3566.0000    	  3567.0000    	-0.13104036E-01	 0.33071927E-02
  3567.0000    	  3568.0000    	-0.15146467E-01	 0.29946591E-02
  3568.0000    	  3569.0000    	-0.20503681E-01	 0.30330038E-02
  3569.0000    	  3570.0000    	-0.23222015E-01	 0.29417659E-02
  3570.0000    	  3571.0000    	-0.21070320E-01	 0.28399968E-02
  3571.0000    	  3572.0000    	-0.18388808E-01	 0.27815962E-02
  3572.0000    	  3573.0000    	-0.19287934E-01	 0.32325694E-02
  3573.0000    	  3574.0000    	-0.17648486E-01	 0.30386791E-02
  3574.0000    	  3575.0000    	-0.15316855E-01	 0.34909611E-02
  3575.0000    	  3576.0000    	-0.19544992E-01	 0.34032163E-02
  3576.0000    	  3577.0000    	-0.16980158E-01	 0.31133273E-02
  3577.0000    	  3578.0000    	-0.18546447E-01	 0.31518196E-02
  3578.0000    	  3579.0000    	-0.21140632E-01	 0.25644737E-02
  3579.0000    	  3580.0000    	-0.14713697E-01	 0.26569018E-02
  3580.0000    	  3581.0000    	-0.20309075E-01	 0.30930417E-02
  3581.0000    	  3582.0000    	-0.12589742E-01	 0.20359542E-02
  3582.0000    	  3583.0000    	-0.17158735E-01	 0.27717885E-02
  3583.0000    	  3584.0000    	-0.14187571E-01	 0.30562215E-02
  3584.0000    	  3585.0000    	-0.12204009E-01	 0.13240935E-02
  3585.0000    	  3586.0000    	-0.83913149E-03	 0.29968391E-02
  3586.0000    	  3587.0000    	-0.18802403E-01	 0.35606037E-02
  3587.0000    	  3588.0000    	-0.20217423E-01	 0.35176711E-02
  3588.0000    	  3589.0000    	-0.22199128E-01	 0.31595683E-02
  3589.0000    	  3590.0000    	-0.24342746E-01	 0.29030908E-02
  3590.0000    	  3591.0000    	-0.19014051E-01	 0.17331518E-02
  3591.0000    	  3592.0000    	-0.14421023E-01	 0.24903543E-02
  3592.0000    	  3593.0000    	-0.21684875E-01	 0.32018577E-02
  3593.0000    	  3594.0000    	-0.15163007E-01	 0.26472438E-02
  3594.0000    	  3595.0000    	-0.17698782E-01	 0.30882067E-02
  3595.0000    	  3596.0000    	-0.11065540E-01	 0.31356842E-02
  3596.0000    	  3597.0000    	-0.11512468E-01	 0.28962377E-02
  3597.0000    	  3598.0000    	-0.24249909E-01	 0.34960295E-02
  3598.0000    	  3599.0000    	-0.20706203E-01	 0.30813071E-02
  3599.0000    	  3600.0000    	-0.21741825E-01	 0.32249785E-02
  3600.0000    	  3601.0000    	-0.15787223E-01	 0.23684490E-02
  3601.0000    	  3602.0000    	-0.20679694E-01	 0.26737473E-02
  3602.0000    	  3603.0000    	-0.21131382E-01	 0.31416280E-02
  3603.0000    	  3604.0000    	-0.16749767E-01	 0.32442292E-02
  3604.0000    	  3605.0000    	-0.18793657E-01	 0.28180523E-02
  3605.0000    	  3606.0000    	-0.12964027E-01	 0.29206475E-02
  3606.0000    	  3607.0000    	-0.62201704E-02	 0.32982648E-02
  3607.0000    	  3608.0000    	-0.11064846E-01	 0.27354636E-02
  3608.0000    	  3609.0000    	-0.18831593E-01	 0.34700168E-02
  3609.0000    	  3610.0000    	-0.17281504E-01	 0.21878637E-02
  3610.0000    	  3611.0000    	-0.19983772E-01	 0.33072330E-02
  3611.0000    	  3612.0000    	-0.26942746E-01	 0.30721780E-02
  3612.0000    	  3613.0000    	-0.21337132E-01	 0.29699863E-02
  3613.0000    	  3614.0000    	-0.20019177E-01	 0.31104308E-02
  3614.0000    	  3615.0000    	-0.22144970E-01	 0.30856208E-02
  3615.0000    	  3616.0000    	-0.16246277E-01	 0.27302049E-02
  3616.0000    	  3617.0000    	-0.21143212E-01	 0.28351483E-02
  3617.0000    	  3618.0000    	-0.14045346E-01	 0.28516838E-02
  3618.0000    	  3619.0000    	-0.13203791E-01	 0.30689358E-02
  3619.0000    	  3620.0000    	-0.16752820E-01	 0.23200515E-02
  3620.0000    	  3621.0000    	-0.24103766E-01	 0.33394139E-02
  3621.0000    	  3622.0000    	-0.18280018E-01	 0.33301970E-02
  3622.0000    	  3623.0000    	-0.17947902E-01	 0.28224483E-02
  3623.0000    	  3624.0000    	-0.17237819E-01	 0.24991290E-02
  3624.0000    	  3625.0000    	-0.13306145E-01	 0.28820320E-02
  3625.0000    	  3626.0000    	-0.15546591E-01	 0.18667616E-02
  3626.0000    	  3627.0000    	-0.14367145E-01	 0.31067259E-02
  3627.0000    	  3628.0000    	-0.11547264E-01	 0.97482429E-03
  3628.0000    	  3629.0000    	-0.12613662E-01	 0.30025622E-02
  3629.0000    	  3630.0000    	-0.13128030E-01	 0.34262309E-02
  3630.0000    	  3631.0000    	-0.28501134E-01	 0.33181727E-02
  3631.0000    	  3632.0000    	-0.20582668E-01	 0.33745049E-02
  3632.0000    	  3633.0000    	-0.15221965E-01	 0.16035651E-02
  3633.0000    	  3634.0000    	-0.14746791E-01	 0.14801990E-02
  3634.0000    	  3635.0000    	-0.14882933E-01	 0.19014996E-02
  3635.0000    	  3636.0000    	-0.16935734E-01	 0.22971264E-02
  3636.0000    	  3637.0000    	-0.16002817E-01	 0.24751455E-02
  3637.0000    	  3638.0000    	-0.16440891E-01	 0.27843543E-02
  3638.0000    	  3639.0000    	-0.15271593E-01	 0.29173407E-02
  3639.0000    	  3640.0000    	-0.19728416E-01	 0.25729152E-02
  3640.0000    	  3641.0000    	-0.13768451E-01	 0.31854277E-02
  3641.0000    	  3642.0000    	-0.19263700E-01	 0.28192363E-02
  3642.0000    	  3643.0000    	-0.23846778E-01	 0.32258434E-02
  3643.0000    	  3644.0000    	-0.18181124E-01	 0.27237951E-02
  3644.0000    	  3645.0000    	-0.12167894E-01	 0.22294024E-02
  3645.0000    	  3646.0000    	-0.16544113E-01	 0.24823180E-02
  3646.0000    	  3647.0000    	-0.17131298E-01	 0.26662218E-02
  3647.0000    	  3648.0000    	-0.17214880E-01	 0.27484596E-02
  3648.0000    	  3649.0000    	-0.17127959E-01	 0.23927474E-02
  3649.0000    	  3650.0000    	-0.14221035E-01	 0.24007103E-02
  3650.0000    	  3651.0000    	-0.11918874E-01	 0.28131115E-02
  3651.0000    	  3652.0000    	-0.10099887E-01	 0.33822521E-02
  3652.0000    	  3653.0000    	-0.12836980E-01	 0.25559712E-02
  3653.0000    	  3654.0000    	-0.21414695E-01	 0.33419547E-02
  3654.0000    	  3655.0000    	-0.22612801E-01	 0.30204698E-02
  3655.0000    	  3656.0000    	-0.19083132E-01	 0.26567281E-02
  3656.0000    	  3657.0000    	-0.11585012E-01	 0.29149243E-02
  3657.0000    	  3658.0000    	-0.17250006E-01	 0.24703262E-02
  3658.0000    	  3659.0000    	-0.16340234E-01	 0.27048042E-02
  3659.0000    	  3660.0000    	-0.15510509E-01	 0.28141605E-02
  3660.0000    	  3661.0000    	-0.10984272E-01	 0.33448024E-02
  3661.0000    	  3662.0000    	-0.10038937E-01	 0.34503780E-02
  3662.0000    	  3663.0000    	-0.80076520E-02	 0.29534089E-02
  3663.0000    	  3664.0000    	-0.13125641E-01	 0.16798171E-02
  3664.0000    	  3665.0000    	-0.14139227E-01	 0.18900470E-02
  3665.0000    	  3666.0000    	-0.20138747E-01	 0.30072384E-02
  3666.0000    	  3667.0000    	-0.17155885E-01	 0.23189573E-02
  3667.0000    	  3668.0000    	-0.22422728E-01	 0.31385788E-02
  3668.0000    	  3669.0000    	-0.12236728E-01	 0.74646508E-03
  3669.0000    	  3670.0000    	-0.19737756E-01	 0.30839523E-02
  3670.0000    	  3671.0000    	-0.15081539E-01	 0.22225616E-02
  3671.0000    	  3672.0000    	-0.14305579E-01	 0.27538638E-02
  3672.0000    	  3673.0000    	-0.10711840E-01	 0.33292761E-02
  3673.0000    	  3674.0000    	-0.48768381E-02	 0.27844208E-02
  3674.0000    	  3675.0000    	-0.15634672E-01	 0.31434150E-02
  3675.0000    	  3676.0000    	-0.12090143E-01	 0.16964525E-02
  3676.0000    	  3677.0000    	-0.21433269E-01	 0.30064541E-02
  3677.0000    	  3678.0000    	-0.16971361E-01	 0.30350905E-02
  3678.0000    	  3679.0000    	-0.14826724E-01	 0.22868062E-02
  3679.0000    	  3680.0000    	-0.16594845E-01	 0.26364063E-02
  3680.0000    	  3681.0000    	-0.19978439E-01	 0.28523852E-02
  3681.0000    	  3682.0000    	-0.14044744E-01	 0.22910977E-02
  3682.0000    	  3683.0000    	-0.18491294E-01	 0.35500414E-02
  3683.0000    	  3684.0000    	-0.16062580E-01	 0.30250796E-02
  3684.0000    	  3685.0000    	-0.11906518E-01	 0.31450931E-02
  3685.0000    	  3686.0000    	-0.16277056E-01	 0.31702176E-02
  3686.0000    	  3687.0000    	-0.17457751E-01	 0.31595174E-02
  3687.0000    	  3688.0000    	-0.18766505E-01	 0.29390013E-02
  3688.0000    	  3689.0000    	-0.12672547E-01	 0.12161220E-02
  3689.0000    	  3690.0000    	-0.13545328E-01	 0.22943369E-02
  3690.0000    	  3691.0000    	-0.20187741E-01	 0.25977672E-02
  3691.0000    	  3692.0000    	-0.69635009E-02	 0.26584489E-02
  3692.0000    	  3693.0000    	-0.17595247E-01	 0.23517496E-02
  3693.0000    	  3694.0000    	-0.86349752E-02	 0.26676513E-02
  3694.0000    	  3695.0000    	-0.18301916E-01	 0.37421371E-02
  3695.0000    	  3696.0000    	-0.11252590E-01	 0.30946966E-02
  3696.0000    	  3697.0000    	-0.18716265E-01	 0.27256085E-02
  3697.0000    	  3698.0000    	-0.15329019E-01	 0.28538382E-02
  3698.0000    	  3699.0000    	-0.16753856E-01	 0.28106749E-02
  3699.0000    	  3700.0000    	-0.16523947E-01	 0.25087859E-02
  3700.0000    	  3701.0000    	-0.15885026E-01	 0.31703524E-02
  3701.0000    	  3702.0000    	-0.19799351E-01	 0.25266979E-02
  3702.0000    	  3703.0000    	-0.17915670E-01	 0.26681066E-02
  3703.0000    	  3704.0000    	-0.11689522E-01	 0.13658892E-02
  3704.0000    	  3705.0000    	-0.13893169E-01	 0.26386208E-02
  3705.0000    	  3706.0000    	-0.11664097E-01	 0.28508570E-02
  3706.0000    	  3707.0000    	-0.87437314E-02	 0.21325517E-02
  3707.0000    	  3708.0000    	-0.23815111E-01	 0.32822619E-02
  3708.0000    	  3709.0000    	-0.21353193E-01	 0.31630168E-02
  3709.0000    	  3710.0000    	-0.20529737E-01	 0.31632044E-02
  3710.0000    	  3711.0000    	-0.16498078E-01	 0.29211632E-02
  3711.0000    	  3712.0000    	-0.22014927E-01	 0.28597590E-02
  3712.0000    	  3713.0000    	-0.16617577E-01	 0.27701217E-02
  3713.0000    	  3714.0000    	-0.16301344E-01	 0.28699538E-02
  3714.0000    	  3715.0000    	-0.13485892E-01	 0.24856646E-02
  3715.0000    	  3716.0000    	-0.15464821E-01	 0.34186214E-02
  3716.0000    	  3717.0000    	-0.12835324E-01	 0.27951227E-02
  3717.0000    	  3718.0000    	-0.91263928E-02	 0.25593939E-02
  3718.0000    	  3719.0000    	-0.15819953E-01	 0.12070235E-02
  3719.0000    	  3720.0000    	-0.13659224E-01	 0.29375489E-02
  3720.0000    	  3721.0000    	-0.16999701E-01	 0.26405541E-02
  3721.0000    	  3722.0000    	-0.20876301E-01	 0.27646492E-02
  3722.0000    	  3723.0000    	-0.19621926E-01	 0.26884944E-02
  3723.0000    	  3724.0000    	-0.13477936E-01	 0.23126029E-02
  3724.0000    	  3725.0000    	-0.16498332E-01	 0.30014751E-02
  3725.0000    	  3726.0000    	-0.15652144E-01	 0.24977985E-02
  3726.0000    	  3727.0000    	-0.11852356E-01	 0.26171858E-02
  3727.0000    	  3728.0000    	-0.12933381E-01	 0.28763338E-02
  3728.0000    	  3729.0000    	-0.92522910E-02	 0.27114109E-02
  3729.0000    	  3730.0000    	-0.17028334E-01	 0.29801691E-02
  3730.0000    	  3731.0000    	-0.21276085E-01	 0.27601828E-02
  3731.0000    	  3732.0000    	-0.17676279E-01	 0.25943233E-02
  3732.0000    	  3733.0000    	-0.15078706E-01	 0.26862260E-02
  3733.0000    	  3734.0000    	-0.11377356E-01	 0.18241088E-02
  3734.0000    	  3735.0000    	-0.18993740E-01	 0.27114157E-02
  3735.0000    	  3736.0000    	-0.12670034E-01	 0.27420544E-02
  3736.0000    	  3737.0000    	-0.14858672E-01	 0.28504190E-02
  3737.0000    	  3738.0000    	-0.14759369E-01	 0.26216829E-02
  3738.0000    	  3739.0000    	-0.11244476E-01	 0.27959373E-02
  3739.0000    	  3740.0000    	-0.86824586E-02	 0.29113381E-02
  3740.0000    	  3741.0000    	-0.15137344E-01	 0.16884249E-02
  3741.0000    	  3742.0000    	-0.18948997E-01	 0.30052148E-02
  3742.0000    	  3743.0000    	-0.16903482E-01	 0.25832735E-02
  3743.0000    	  3744.0000    	-0.17768902E-01	 0.30348949E-02
  3744.0000    	  3745.0000    	-0.12707133E-01	 0.28294468E-02
  3745.0000    	  3746.0000    	-0.14164719E-01	 0.25566139E-02
  3746.0000    	  3747.0000    	-0.16747457E-01	 0.26782162E-02
  3747.0000    	  3748.0000    	-0.13095783E-01	 0.28782823E-02
  3748.0000    	  3749.0000    	-0.18059549E-01	 0.25964949E-02
  3749.0000    	  3750.0000    	-0.11832054E-01	 0.19673204E-02
  3750.0000    	  3751.0000    	-0.11222822E-01	 0.28025977E-02
  3751.0000    	  3752.0000    	-0.16892157E-01	 0.28651410E-02
  3752.0000    	  3753.0000    	-0.20658523E-01	 0.29757958E-02
  3753.0000    	  3754.0000    	-0.21185700E-01	 0.33015043E-02
  3754.0000    	  3755.0000    	-0.19748161E-01	 0.27552693E-02
  3755.0000    	  3756.0000    	-0.13553240E-01	 0.18515407E-02
  3756.0000    	  3757.0000    	-0.14012853E-01	 0.23522250E-02
  3757.0000    	  3758.0000    	-0.12922756E-01	 0.22947254E-02
  3758.0000    	  3759.0000    	-0.11702827E-01	 0.25541966E-02
  3759.0000    	  3760.0000    	-0.14623878E-01	 0.26149532E-02
  3760.0000    	  3761.0000    	-0.11818943E-01	 0.27111665E-02
  3761.0000    	  3762.0000    	-0.12508823E-01	 0.22999265E-02
  3762.0000    	  3763.0000    	-0.13995136E-01	 0.16818230E-02
  3763.0000    	  3764.0000    	-0.15884699E-01	 0.30785236E-02
  3764.0000    	  3765.0000    	-0.16795068E-01	 0.28648508E-02
  3765.0000    	  3766.0000    	-0.21331626E-01	 0.30969046E-02
  3766.0000    	  3767.0000    	-0.18471844E-01	 0.25138985E-02
  3767.0000    	  3768.0000    	-0.14819966E-01	 0.19540237E-02
  3768.0000    	  3769.0000    	-0.19198970E-01	 0.25076490E-02
  3769.0000    	  3770.0000    	-0.20279159E-01	 0.27658277E-02
  3770.0000    	  3771.0000    	-0.91292818E-02	 0.13894361E-02
  3771.0000    	  3772.0000    	-0.10181907E-01	 0.22344655E-02
  3772.0000    	  3773.0000    	-0.89503257E-02	 0.25459872E-02
  3773.0000    	  3774.0000    	-0.14593366E-01	 0.16487500E-02
  3774.0000    	  3775.0000    	-0.15175924E-01	 0.16913862E-02
  3775.0000    	  3776.0000    	-0.17124195E-01	 0.26120671E-02
  3776.0000    	  3777.0000    	-0.14740935E-01	 0.27064323E-02
  3777.0000    	  3778.0000    	-0.18218554E-01	 0.29196528E-02
  3778.0000    	  3779.0000    	-0.12914645E-01	 0.75196389E-03
  3779.0000    	  3780.0000    	-0.15142426E-01	 0.26932461E-02
  3780.0000    	  3781.0000    	-0.11775790E-01	 0.26371568E-02
  3781.0000    	  3782.0000    	-0.15147756E-01	 0.29948037E-02
  3782.0000    	  3783.0000    	-0.11239179E-01	 0.25232942E-02
  3783.0000    	  3784.0000    	-0.13238471E-01	 0.31164129E-02
  3784.0000    	  3785.0000    	-0.18212570E-01	 0.22080694E-02
  3785.0000    	  3786.0000    	-0.16532650E-01	 0.28038541E-02
  3786.0000    	  3787.0000    	-0.19290432E-01	 0.24730267E-02
  3787.0000    	  3788.0000    	-0.23735230E-01	 0.28990097E-02
  3788.0000    	  3789.0000    	-0.16811719E-01	 0.27898589E-02
  3789.0000    	  3790.0000    	-0.14572048E-01	 0.24501694E-02
  3790.0000    	  3791.0000    	-0.13915908E-01	 0.27146942E-02
  3791.0000    	  3792.0000    	-0.15422979E-01	 0.26942493E-02
  3792.0000    	  3793.0000    	-0.19009130E-01	 0.31176429E-02
  3793.0000    	  3794.0000    	-0.64495057E-02	 0.23257770E-02
  3794.0000    	  3795.0000    	-0.13797888E-01	 0.25595407E-02
  3795.0000    	  3796.0000    	-0.10000547E-01	 0.19070742E-02
  3796.0000    	  3797.0000    	-0.16379592E-01	 0.28187009E-02
  3797.0000    	  3798.0000    	-0.13463887E-01	 0.23009037E-02
  3798.0000    	  3799.0000    	-0.14167231E-01	 0.30353343E-02
  3799.0000    	  3800.0000    	-0.16489219E-01	 0.28408980E-02
  3800.0000    	  3801.0000    	-0.16159912E-01	 0.26812732E-02
  3801.0000    	  3802.0000    	-0.93168614E-02	 0.28797914E-02
  3802.0000    	  3803.0000    	-0.15543563E-01	 0.25273640E-02
  3803.0000    	  3804.0000    	-0.12926533E-01	 0.25350169E-02
  3804.0000    	  3805.0000    	-0.18611563E-01	 0.25216252E-02
  3805.0000    	  3806.0000    	-0.13173946E-01	 0.26586705E-02
  3806.0000    	  3807.0000    	-0.15146756E-01	 0.17947895E-02
  3807.0000    	  3808.0000    	-0.22142248E-01	 0.25768913E-02
  3808.0000    	  3809.0000    	-0.20557204E-01	 0.29638666E-02
  3809.0000    	  3810.0000    	-0.18656995E-01	 0.23323866E-02
  3810.0000    	  3811.0000    	-0.21125896E-01	 0.28119097E-02
  3811.0000    	  3812.0000    	-0.15406345E-01	 0.30365759E-02
  3812.0000    	  3813.0000    	-0.17216104E-01	 0.27018025E-02
  3813.0000    	  3814.0000    	-0.14532528E-01	 0.25209479E-02
  3814.0000    	  3815.0000    	-0.13225850E-01	 0.27304442E-02
  3815.0000    	  3816.0000    	-0.10310732E-01	 0.23933146E-02
  3816.0000    	  3817.0000    	-0.57332284E-02	 0.29175781E-02
  3817.0000    	  3818.0000    	-0.15141950E-01	 0.30623748E-02
  3818.0000    	  3819.0000    	-0.15718616E-01	 0.28050836E-02
  3819.0000    	  3820.0000    	-0.19871137E-01	 0.31103207E-02
  3820.0000    	  3821.0000    	-0.14932613E-01	 0.25923679E-02
  3821.0000    	  3822.0000    	-0.17056012E-01	 0.25533301E-02
  3822.0000    	  3823.0000    	-0.15927292E-01	 0.20821112E-02
  3823.0000    	  3824.0000    	-0.13392884E-01	 0.26726273E-02
  3824.0000    	  3825.0000    	-0.14225577E-01	 0.26977804E-02
  3825.0000    	  3826.0000    	-0.14615372E-01	 0.26704128E-02
  3826.0000    	  3827.0000    	-0.90634977E-02	 0.23288682E-02
  3827.0000    	  3828.0000    	-0.10539452E-01	 0.26779603E-02
  3828.0000    	  3829.0000    	-0.15612869E-01	 0.26739739E-02
  3829.0000    	  3830.0000    	-0.17156206E-01	 0.27613740E-02
  3830.0000    	  3831.0000    	-0.11200970E-01	 0.25154890E-02
  3831.0000    	  3832.0000    	-0.13276512E-01	 0.22695169E-02
  3832.0000    	  3833.0000    	-0.16038272E-01	 0.23594946E-02
  3833.0000    	  3834.0000    	-0.16479583E-01	 0.26537486E-02
  3834.0000    	  3835.0000    	-0.17625983E-01	 0.23387805E-02
  3835.0000    	  3836.0000    	-0.13383578E-01	 0.28187599E-02
  3836.0000    	  3837.0000    	-0.14059170E-01	 0.30494982E-02
  3837.0000    	  3838.0000    	-0.86071457E-02	 0.22336062E-02
  3838.0000    	  3839.0000    	-0.12318900E-01	 0.25377440E-02
  3839.0000    	  3840.0000    	-0.13221858E-01	 0.28099798E-02
  3840.0000    	  3841.0000    	-0.16525132E-01	 0.26622558E-02
  3841.0000    	  3842.0000    	-0.17538013E-01	 0.28583629E-02
  3842.0000    	  3843.0000    	-0.19923451E-01	 0.25331353E-02
  3843.0000    	  3844.0000    	-0.18336227E-01	 0.26944455E-02
  3844.0000    	  3845.0000    	-0.10853372E-01	 0.23545563E-02
  3845.0000    	  3846.0000    	-0.10606053E-01	 0.19885811E-02
  3846.0000    	  3847.0000    	-0.97838107E-02	 0.21238346E-02
  3847.0000    	  3848.0000    	-0.83908206E-02	 0.26618683E-02
  3848.0000    	  3849.0000    	-0.12389056E-01	 0.30173089E-02
  3849.0000    	  3850.0000    	-0.76401750E-02	 0.26979387E-02
  3850.0000    	  3851.0000    	-0.14333487E-01	 0.15777146E-02
  3851.0000    	  3852.0000    	-0.16383404E-01	 0.24764871E-02
  3852.0000    	  3853.0000    	-0.11057044E-01	 0.24820526E-02
  3853.0000    	  3854.0000    	-0.11859460E-01	 0.20864620E-02
  3854.0000    	  3855.0000    	-0.17428489E-01	 0.20515867E-02
  3855.0000    	  3856.0000    	-0.12756343E-01	 0.19479353E-02
  3856.0000    	  3857.0000    	-0.14445238E-01	 0.25877017E-02
  3857.0000    	  3858.0000    	-0.13590725E-01	 0.22416769E-02
  3858.0000    	  3859.0000    	-0.15394718E-01	 0.26867709E-02
  3859.0000    	  3860.0000    	-0.16837298E-01	 0.29610149E-02
  3860.0000    	  3861.0000    	-0.71841134E-02	 0.24286864E-02
  3861.0000    	  3862.0000    	-0.19651177E-01	 0.26306402E-02
  3862.0000    	  3863.0000    	-0.16799524E-01	 0.22618941E-02
  3863.0000    	  3864.0000    	-0.20807383E-01	 0.29886065E-02
  3864.0000    	  3865.0000    	-0.12050782E-01	 0.26307706E-02
  3865.0000    	  3866.0000    	-0.13552642E-01	 0.20219579E-02
  3866.0000    	  3867.0000    	-0.14842080E-01	 0.23527482E-02
  3867.0000    	  3868.0000    	-0.16567066E-01	 0.26280559E-02
  3868.0000    	  3869.0000    	-0.17806614E-01	 0.25984274E-02
  3869.0000    	  3870.0000    	-0.10954657E-01	 0.26596784E-02
  3870.0000    	  3871.0000    	-0.11573394E-01	 0.27590372E-02
  3871.0000    	  3872.0000    	-0.82067972E-02	 0.19934230E-02
  3872.0000    	  3873.0000    	-0.15084818E-01	 0.27294550E-02
  3873.0000    	  3874.0000    	-0.14186486E-01	 0.27048955E-02
  3874.0000    	  3875.0000    	-0.16450023E-01	 0.26172815E-02
  3875.0000    	  3876.0000    	-0.14411017E-01	 0.25320201E-02
  3876.0000    	  3877.0000    	-0.11335425E-01	 0.21755533E-02
  3877.0000    	  3878.0000    	-0.14156471E-01	 0.29832092E-02
  3878.0000    	  3879.0000    	-0.13388535E-01	 0.25320763E-02
  3879.0000    	  3880.0000    	-0.16856819E-01	 0.24041033E-02
  3880.0000    	  3881.0000    	-0.70876287E-02	 0.25355203E-02
  3881.0000    	  3882.0000    	-0.92250889E-02	 0.24046033E-02
  3882.0000    	  3883.0000    	-0.13512517E-01	 0.21643414E-02
  3883.0000    	  3884.0000    	-0.14437276E-01	 0.30532991E-02
  3884.0000    	  3885.0000    	-0.99595755E-02	 0.16380807E-02
  3885.0000    	  3886.0000    	-0.13044750E-01	 0.23752048E-02
  3886.0000    	  3887.0000    	-0.15868133E-01	 0.20327136E-02
  3887.0000    	  3888.0000    	-0.15244067E-01	 0.28001683E-02
  3888.0000    	  3889.0000    	-0.13362859E-01	 0.22859480E-02
  3889.0000    	  3890.0000    	-0.12298570E-01	 0.24654194E-02
  3890.0000    	  3891.0000    	-0.13879298E-01	 0.24249905E-02
  3891.0000    	  3892.0000    	-0.13635493E-01	 0.25766560E-02
  3892.0000    	  3893.0000    	-0.74544178E-02	 0.27311011E-02
  3893.0000    	  3894.0000    	-0.98670697E-02	 0.23422009E-02
  3894.0000    	  3895.0000    	-0.19214557E-01	 0.27734203E-02
  3895.0000    	  3896.0000    	-0.13339107E-01	 0.22736529E-02
  3896.0000    	  3897.0000    	-0.13383002E-01	 0.25103545E-02
  3897.0000    	  3898.0000    	-0.14181158E-01	 0.22247532E-02
  3898.0000    	  3899.0000    	-0.13561901E-01	 0.27517934E-02
  3899.0000    	  3900.0000    	-0.13759113E-01	 0.25207498E-02
  3900.0000    	  3901.0000    	-0.12838161E-01	 0.22460630E-02
  3901.0000    	  3902.0000    	-0.11890957E-01	 0.24588301E-02
  3902.0000    	  3903.0000    	-0.98309923E-02	 0.18799062E-02
  3903.0000    	  3904.0000    	-0.11025635E-01	 0.19775328E-02
  3904.0000    	  3905.0000    	-0.12832017E-01	 0.25670713E-02
  3905.0000    	  3906.0000    	-0.11241424E-01	 0.84801678E-03
  3906.0000    	  3907.0000    	-0.17900623E-01	 0.28467476E-02
  3907.0000    	  3908.0000    	-0.15944703E-01	 0.25263107E-02
  3908.0000    	  3909.0000    	-0.14239958E-01	 0.19045256E-02
  3909.0000    	  3910.0000    	-0.19370738E-01	 0.24167317E-02
  3910.0000    	  3911.0000    	-0.16102966E-01	 0.24822034E-02
  3911.0000    	  3912.0000    	-0.11920679E-01	 0.25319908E-02
  3912.0000    	  3913.0000    	-0.18240677E-01	 0.26610140E-02
  3913.0000    	  3914.0000    	-0.13181288E-01	 0.21186847E-02
  3914.0000    	  3915.0000    	-0.15195221E-01	 0.22805176E-02
  3915.0000    	  3916.0000    	-0.93968005E-02	 0.94446761E-03
  3916.0000    	  3917.0000    	-0.10875348E-01	 0.25535253E-02
  3917.0000    	  3918.0000    	-0.16446475E-01	 0.29309381E-02
  3918.0000    	  3919.0000    	-0.11668713E-01	 0.10394497E-02
  3919.0000    	  3920.0000    	-0.98730860E-02	 0.73131797E-03
  3920.0000    	  3921.0000    	-0.12638120E-01	 0.24650589E-02
  3921.0000    	  3922.0000    	-0.15764644E-01	 0.21942924E-02
  3922.0000    	  3923.0000    	-0.13747214E-01	 0.23903987E-02
  3923.0000    	  3924.0000    	-0.13862543E-01	 0.25452779E-02
  3924.0000    	  3925.0000    	-0.16677899E-01	 0.28895369E-02
  3925.0000    	  3926.0000    	-0.67853438E-02	 0.15155491E-02
  3926.0000    	  3927.0000    	-0.91548596E-02	 0.68690488E-03
  3927.0000    	  3928.0000    	-0.17361005E-01	 0.24903980E-02
  3928.0000    	  3929.0000    	-0.19530366E-01	 0.27317630E-02
  3929.0000    	  3930.0000    	-0.11097977E-01	 0.12563176E-02
  3930.0000    	  3931.0000    	-0.16867053E-01	 0.22052790E-02
  3931.0000    	  3932.0000    	-0.17415407E-01	 0.19927235E-02
  3932.0000    	  3933.0000    	-0.14419758E-01	 0.23481232E-02
  3933.0000    	  3934.0000    	-0.14115309E-01	 0.20105022E-02
  3934.0000    	  3935.0000    	-0.14954229E-01	 0.26095197E-02
  3935.0000    	  3936.0000    	-0.83155074E-02	 0.83491682E-03
  3936.0000    	  3937.0000    	-0.93401232E-02	 0.21958838E-02
  3937.0000    	  3938.0000    	-0.87508628E-02	 0.21984135E-02
  3938.0000    	  3939.0000    	-0.14646907E-01	 0.24341744E-02
  3939.0000    	  3940.0000    	-0.86887437E-02	 0.13942015E-02
  3940.0000    	  3941.0000    	-0.13808701E-01	 0.25119824E-02
  3941.0000    	  3942.0000    	-0.15252642E-01	 0.24523730E-02
  3942.0000    	  3943.0000    	-0.14523232E-01	 0.22779068E-02
  3943.0000    	  3944.0000    	-0.11236025E-01	 0.13450176E-02
  3944.0000    	  3945.0000    	-0.10825917E-01	 0.24507782E-02
  3945.0000    	  3946.0000    	-0.98761287E-02	 0.18523938E-02
  3946.0000    	  3947.0000    	-0.10583742E-01	 0.20025742E-02
  3947.0000    	  3948.0000    	-0.48938652E-03	 0.23781785E-02
  3948.0000    	  3949.0000    	-0.95516527E-02	 0.11223225E-02
  3949.0000    	  3950.0000    	-0.12416943E-01	 0.16580316E-02
  3950.0000    	  3951.0000    	-0.16159566E-01	 0.30461367E-02
  3951.0000    	  3952.0000    	-0.10857893E-01	 0.20052037E-02
  3952.0000    	  3953.0000    	-0.10680461E-01	 0.24203968E-02
  3953.0000    	  3954.0000    	-0.75479211E-02	 0.24140551E-02
  3954.0000    	  3955.0000    	-0.16735259E-01	 0.24247347E-02
  3955.0000    	  3956.0000    	-0.14776169E-01	 0.19109946E-02
  3956.0000    	  3957.0000    	-0.16223989E-01	 0.27226042E-02
  3957.0000    	  3958.0000    	-0.74708547E-02	 0.26798606E-02
  3958.0000    	  3959.0000    	-0.12679000E-01	 0.24081740E-02
  3959.0000    	  3960.0000    	-0.69424601E-02	 0.13536620E-02
  3960.0000    	  3961.0000    	-0.17580038E-01	 0.31893218E-02
  3961.0000    	  3962.0000    	-0.13306061E-01	 0.15438641E-02
  3962.0000    	  3963.0000    	-0.12796758E-01	 0.17890664E-02
  3963.0000    	  3964.0000    	-0.13582110E-01	 0.21595872E-02
  3964.0000    	  3965.0000    	-0.13393947E-01	 0.26010519E-02
  3965.0000    	  3966.0000    	-0.89830315E-02	 0.84649746E-03
  3966.0000    	  3967.0000    	-0.93778509E-02	 0.77739905E-03
  3967.0000    	  3968.0000    	-0.10938543E-01	 0.20937785E-02
  3968.0000    	  3969.0000    	-0.20673068E-01	 0.28738917E-02
  3969.0000    	  3970.0000    	-0.66931127E-02	 0.17972225E-02
  3970.0000    	  3971.0000    	-0.55832342E-03	 0.82617028E-03
  3971.0000    	  3972.0000    	-0.14440549E-01	 0.17223184E-02
  3972.0000    	  3973.0000    	-0.10689106E-01	 0.16947137E-02
  3973.0000    	  3974.0000    	-0.14982552E-01	 0.26209330E-02
  3974.0000    	  3975.0000    	-0.15144752E-01	 0.23759701E-02
  3975.0000    	  3976.0000    	-0.13667685E-01	 0.23244877E-02
  3976.0000    	  3977.0000    	-0.93508675E-02	 0.25098273E-02
  3977.0000    	  3978.0000    	-0.87058939E-02	 0.18317050E-02
  3978.0000    	  3979.0000    	-0.10611424E-01	 0.24334774E-02
  3979.0000    	  3980.0000    	-0.92686375E-02	 0.18561827E-02
  3980.0000    	  3981.0000    	-0.61903035E-02	 0.21846436E-02
  3981.0000    	  3982.0000    	-0.86772957E-02	 0.20049637E-02
  3982.0000    	  3983.0000    	-0.13390571E-01	 0.22349865E-02
  3983.0000    	  3984.0000    	-0.15474368E-01	 0.26996681E-02
  3984.0000    	  3985.0000    	-0.13802570E-01	 0.23864981E-02
  3985.0000    	  3986.0000    	-0.11742958E-01	 0.24417724E-02
  3986.0000    	  3987.0000    	-0.10866319E-01	 0.13687505E-02
  3987.0000    	  3988.0000    	-0.12325542E-01	 0.20085663E-02
  3988.0000    	  3989.0000    	-0.13027460E-01	 0.25272725E-02
  3989.0000    	  3990.0000    	-0.15491101E-01	 0.25733533E-02
  3990.0000    	  3991.0000    	-0.11605098E-01	 0.27098947E-02
  3991.0000    	  3992.0000    	-0.63312675E-02	 0.21917172E-02
  3992.0000    	  3993.0000    	-0.58830545E-02	 0.24361333E-02
  3993.0000    	  3994.0000    	-0.10966197E-01	 0.11059268E-02
  3994.0000    	  3995.0000    	-0.17918297E-01	 0.28229680E-02
  3995.0000    	  3996.0000    	-0.15195146E-01	 0.22311132E-02
  3996.0000    	  3997.0000    	-0.83612768E-02	 0.13458327E-02
  3997.0000    	  3998.0000    	-0.12407928E-01	 0.22404731E-02
  3998.0000    	  3999.0000    	-0.15957921E-01	 0.23075958E-02
  3999.0000    	  4000.0000    	-0.14960683E-01	 0.20807451E-02
  4000.0000    	  4001.0000    	-0.10424473E-01	 0.18324178E-02
  4001.0000    	  4002.0000    	-0.92632275E-02	 0.20042503E-02
  4002.0000    	  4003.0000    	-0.84548017E-02	 0.24284945E-02
  4003.0000    	  4004.0000    	-0.71747695E-02	 0.22726291E-02
  4004.0000    	  4005.0000    	-0.15426407E-01	 0.22669177E-02
  4005.0000    	  4006.0000    	-0.13706316E-01	 0.25421681E-02
  4006.0000    	  4007.0000    	-0.11464245E-01	 0.10518004E-02
  4007.0000    	  4008.0000    	-0.12780035E-01	 0.20546067E-02
  4008.0000    	  4009.0000    	-0.11252238E-01	 0.14963217E-02
  4009.0000    	  4010.0000    	-0.96167308E-02	 0.15902268E-02
  4010.0000    	  4011.0000    	-0.12490761E-01	 0.22435895E-02
  4011.0000    	  4012.0000    	-0.86095876E-02	 0.26263772E-02
  4012.0000    	  4013.0000    	-0.11855066E-01	 0.22023924E-02
  4013.0000    	  4014.0000    	-0.11694440E-01	 0.23624583E-02
  4014.0000    	  4015.0000    	-0.77712956E-02	 0.84658063E-03
  4015.0000    	  4016.0000    	-0.97615313E-02	 0.28136467E-02
  4016.0000    	  4017.0000    	-0.15055455E-01	 0.29329186E-02
  4017.0000    	  4018.0000    	-0.12233451E-01	 0.26134122E-02
  4018.0000    	  4019.0000    	-0.14580563E-01	 0.22676092E-02
  4019.0000    	  4020.0000    	-0.17067619E-01	 0.25586053E-02
  4020.0000    	  4021.0000    	-0.11413142E-01	 0.19527487E-02
  4021.0000    	  4022.0000    	-0.13937888E-01	 0.23600624E-02
  4022.0000    	  4023.0000    	-0.11510217E-01	 0.24132735E-02
  4023.0000    	  4024.0000    	-0.13631973E-01	 0.25929143E-02
  4024.0000    	  4025.0000    	-0.10392528E-01	 0.20570455E-02
  4025.0000    	  4026.0000    	-0.10513127E-01	 0.27830529E-02
  4026.0000    	  4027.0000    	-0.13621347E-01	 0.21688907E-02
  4027.0000    	  4028.0000    	-0.10690659E-01	 0.20910771E-02
  4028.0000    	  4029.0000    	-0.15709962E-01	 0.23131495E-02
  4029.0000    	  4030.0000    	-0.11417156E-01	 0.12087403E-02
  4030.0000    	  4031.0000    	-0.11630325E-01	 0.25454196E-02
  4031.0000    	  4032.0000    	-0.10424858E-01	 0.21027410E-02
  4032.0000    	  4033.0000    	-0.10245925E-01	 0.20191505E-02
  4033.0000    	  4034.0000    	-0.11196241E-01	 0.21755583E-02
  4034.0000    	  4035.0000    	-0.10466338E-01	 0.15001142E-02
  4035.0000    	  4036.0000    	-0.57045240E-02	 0.24735232E-02
  4036.0000    	  4037.0000    	-0.85854440E-02	 0.21448253E-02
  4037.0000    	  4038.0000    	-0.14049221E-01	 0.19691642E-02
  4038.0000    	  4039.0000    	-0.13507757E-01	 0.24759106E-02
  4039.0000    	  4040.0000    	-0.17483158E-01	 0.25331558E-02
  4040.0000    	  4041.0000    	-0.15343436E-01	 0.24063630E-02
  4041.0000    	  4042.0000    	-0.98845517E-02	 0.13859262E-02
  4042.0000    	  4043.0000    	-0.13316176E-01	 0.22489731E-02
  4043.0000    	  4044.0000    	-0.13073739E-01	 0.21290191E-02
  4044.0000    	  4045.0000    	-0.11565397E-01	 0.19560439E-02
  4045.0000    	  4046.0000    	-0.91922745E-02	 0.23362533E-02
  4046.0000    	  4047.0000    	-0.57752281E-02	 0.24799770E-02
  4047.0000    	  4048.0000    	-0.65427793E-02	 0.21334875E-02
  4048.0000    	  4049.0000    	-0.15019267E-01	 0.26232558E-02
  4049.0000    	  4050.0000    	-0.11292948E-01	 0.22337320E-02
  4050.0000    	  4051.0000    	-0.12742555E-01	 0.18722637E-02
  4051.0000    	  4052.0000    	-0.10335026E-01	 0.11990958E-02
  4052.0000    	  4053.0000    	-0.15576708E-01	 0.21589677E-02
  4053.0000    	  4054.0000    	-0.11039488E-01	 0.20652064E-02
  4054.0000    	  4055.0000    	-0.13737354E-01	 0.22439737E-02
  4055.0000    	  4056.0000    	-0.11848269E-01	 0.23899600E-02
  4056.0000    	  4057.0000    	-0.90846143E-02	 0.14884109E-02
  4057.0000    	  4058.0000    	-0.12385730E-01	 0.23815128E-02
  4058.0000    	  4059.0000    	-0.67340332E-02	 0.20469369E-02
  4059.0000    	  4060.0000    	-0.13650028E-01	 0.16634496E-02
  4060.0000    	  4061.0000    	-0.76982605E-02	 0.18359688E-02
  4061.0000    	  4062.0000    	-0.13492042E-01	 0.20952143E-02
  4062.0000    	  4063.0000    	-0.15362668E-01	 0.20996230E-02
  4063.0000    	  4064.0000    	-0.13668459E-01	 0.25880970E-02
  4064.0000    	  4065.0000    	-0.12212053E-01	 0.24254301E-02
  4065.0000    	  4066.0000    	-0.14390998E-01	 0.23127584E-02
  4066.0000    	  4067.0000    	-0.85916169E-02	 0.49640605E-03
  4067.0000    	  4068.0000    	-0.79539419E-02	 0.12634769E-02
  4068.0000    	  4069.0000    	-0.85203835E-02	 0.12197926E-02
  4069.0000    	  4070.0000    	-0.58485235E-02	 0.20384098E-02
  4070.0000    	  4071.0000    	-0.91421553E-02	 0.91767187E-03
  4071.0000    	  4072.0000    	-0.19475178E-01	 0.29333089E-02
  4072.0000    	  4073.0000    	-0.16334240E-01	 0.28628030E-02
  4073.0000    	  4074.0000    	-0.12554381E-01	 0.21400164E-02
  4074.0000    	  4075.0000    	-0.10833903E-01	 0.21630864E-02
  4075.0000    	  4076.0000    	-0.91924816E-02	 0.16874334E-02
  4076.0000    	  4077.0000    	-0.93569259E-02	 0.22407050E-02
  4077.0000    	  4078.0000    	-0.80638563E-02	 0.20508919E-02
  4078.0000    	  4079.0000    	-0.11114989E-01	 0.22101370E-02
  4079.0000    	  4080.0000    	-0.73198340E-02	 0.12208041E-02
  4080.0000    	  4081.0000    	-0.46842426E-02	 0.23221442E-02
  4081.0000    	  4082.0000    	-0.14380693E-01	 0.23928522E-02
  4082.0000    	  4083.0000    	-0.91537888E-02	 0.10377904E-02
  4083.0000    	  4084.0000    	-0.11409440E-01	 0.22513239E-02
  4084.0000    	  4085.0000    	-0.13456434E-01	 0.19872663E-02
  4085.0000    	  4086.0000    	-0.11969834E-01	 0.21857287E-02
  4086.0000    	  4087.0000    	-0.15222140E-01	 0.20627159E-02
  4087.0000    	  4088.0000    	-0.93227601E-02	 0.16774728E-02
  4088.0000    	  4089.0000    	-0.13271057E-01	 0.22284957E-02
  4089.0000    	  4090.0000    	-0.11604823E-01	 0.17897113E-02
  4090.0000    	  4091.0000    	-0.14618601E-01	 0.29613676E-02
  4091.0000    	  4092.0000    	-0.65098287E-02	 0.94054664E-03
  4092.0000    	  4093.0000    	-0.10179057E-01	 0.17282278E-02
  4093.0000    	  4094.0000    	-0.12998080E-01	 0.19915495E-02
  4094.0000    	  4095.0000    	-0.12499473E-01	 0.21516970E-02
  4095.0000    	  4096.0000    	-0.91052544E-02	 0.47470161E-03
  4096.0000    	  4097.0000    	-0.12203022E-01	 0.12040041E-02
  4097.0000    	  4098.0000    	-0.16217689E-01	 0.24431371E-02
  4098.0000    	  4099.0000    	-0.10985192E-01	 0.21391442E-02
  4099.0000    	  4100.0000    	-0.88051209E-02	 0.89075713E-03
  4100.0000    	  4101.0000    	-0.69982898E-02	 0.16361501E-02
  4101.0000    	  4102.0000    	-0.89514425E-02	 0.16799581E-02
  4102.0000    	  4103.0000    	-0.57371729E-02	 0.72396021E-03
  4103.0000    	  4104.0000    	-0.13215662E-01	 0.18464966E-02
  4104.0000    	  4105.0000    	-0.10156609E-01	 0.21541746E-02
  4105.0000    	  4106.0000    	-0.15683852E-01	 0.23471379E-02
  4106.0000    	  4107.0000    	-0.14265443E-01	 0.22108420E-02
  4107.0000    	  4108.0000    	-0.11114362E-01	 0.15102082E-02
  4108.0000    	  4109.0000    	-0.83261823E-02	 0.14715902E-02
  4109.0000    	  4110.0000    	-0.74340367E-02	 0.14778494E-02
  4110.0000    	  4111.0000    	-0.87030594E-02	 0.83599868E-03
  4111.0000    	  4112.0000    	-0.99710605E-02	 0.13182549E-02
  4112.0000    	  4113.0000    	-0.13647721E-01	 0.27566217E-02
  4113.0000    	  4114.0000    	-0.66396197E-02	 0.20570301E-02
  4114.0000    	  4115.0000    	-0.11406747E-01	 0.17505090E-02
  4115.0000    	  4116.0000    	-0.12622607E-01	 0.22520898E-02
  4116.0000    	  4117.0000    	-0.89505185E-02	 0.70315008E-03
  4117.0000    	  4118.0000    	-0.11336499E-01	 0.20143818E-02
  4118.0000    	  4119.0000    	-0.11682275E-01	 0.17453703E-02
  4119.0000    	  4120.0000    	-0.12343161E-01	 0.18748946E-02
  4120.0000    	  4121.0000    	-0.10318826E-01	 0.16802330E-02
  4121.0000    	  4122.0000    	-0.13425014E-01	 0.22789143E-02
  4122.0000    	  4123.0000    	-0.12458612E-01	 0.25914101E-02
  4123.0000    	  4124.0000    	-0.52462099E-02	 0.20602019E-02
  4124.0000    	  4125.0000    	-0.49353310E-02	 0.23603681E-02
  4125.0000    	  4126.0000    	-0.13764743E-01	 0.17476545E-02
  4126.0000    	  4127.0000    	-0.10050584E-01	 0.18847120E-02
  4127.0000    	  4128.0000    	-0.89250083E-02	 0.11702081E-02
  4128.0000    	  4129.0000    	-0.12308402E-01	 0.20352376E-02
  4129.0000    	  4130.0000    	-0.10985326E-01	 0.14301795E-02
  4130.0000    	  4131.0000    	-0.14181143E-01	 0.23757762E-02
  4131.0000    	  4132.0000    	-0.11918615E-01	 0.21857642E-02
  4132.0000    	  4133.0000    	-0.11596120E-01	 0.24483918E-02
  4133.0000    	  4134.0000    	-0.12944293E-01	 0.23921308E-02
  4134.0000    	  4135.0000    	-0.29311189E-02	 0.18439666E-02
  4135.0000    	  4136.0000    	-0.74123830E-02	 0.16248774E-02
  4136.0000    	  4137.0000    	-0.10952557E-01	 0.19570855E-02
  4137.0000    	  4138.0000    	-0.77979643E-02	 0.76343822E-03
  4138.0000    	  4139.0000    	-0.12110523E-01	 0.15972058E-02
  4139.0000    	  4140.0000    	-0.87889974E-02	 0.20891630E-02
  4140.0000    	  4141.0000    	-0.11314529E-01	 0.19832547E-02
  4141.0000    	  4142.0000    	-0.11114456E-01	 0.18353095E-02
  4142.0000    	  4143.0000    	-0.12714311E-01	 0.22252092E-02
  4143.0000    	  4144.0000    	-0.12017071E-01	 0.27693804E-02
  4144.0000    	  4145.0000    	-0.82961974E-02	 0.18646963E-02
  4145.0000    	  4146.0000    	-0.10125358E-01	 0.19747991E-02
  4146.0000    	  4147.0000    	-0.68427344E-02	 0.20133474E-02
  4147.0000    	  4148.0000    	-0.86991373E-02	 0.14563950E-02
  4148.0000    	  4149.0000    	-0.98177403E-02	 0.14469771E-02
  4149.0000    	  4150.0000    	-0.10481307E-01	 0.11611132E-02
  4150.0000    	  4151.0000    	-0.13827463E-01	 0.16794628E-02
  4151.0000    	  4152.0000    	-0.11721001E-01	 0.16399297E-02
  4152.0000    	  4153.0000    	-0.13369483E-01	 0.17988665E-02
  4153.0000    	  4154.0000    	-0.14215755E-01	 0.22263476E-02
  4154.0000    	  4155.0000    	-0.16734739E-01	 0.25209439E-02
  4155.0000    	  4156.0000    	-0.94162688E-02	 0.22530956E-02
  4156.0000    	  4157.0000    	-0.52381338E-02	 0.17413410E-02
  4157.0000    	  4158.0000    	-0.46891976E-02	 0.71118478E-03
  4158.0000    	  4159.0000    	-0.12122976E-01	 0.17323128E-02
  4159.0000    	  4160.0000    	-0.18966593E-01	 0.22701364E-02
  4160.0000    	  4161.0000    	-0.93468236E-02	 0.70338226E-03
  4161.0000    	  4162.0000    	-0.86185877E-02	 0.65966797E-03
  4162.0000    	  4163.0000    	-0.10578049E-01	 0.14756230E-02
  4163.0000    	  4164.0000    	-0.14771362E-01	 0.22978856E-02
  4164.0000    	  4165.0000    	-0.83771619E-02	 0.12681267E-02
  4165.0000    	  4166.0000    	-0.80880551E-02	 0.23792998E-02
  4166.0000    	  4167.0000    	-0.12121225E-01	 0.23972691E-02
  4167.0000    	  4168.0000    	-0.82483273E-02	 0.12817955E-02
  4168.0000    	  4169.0000    	-0.51790916E-02	 0.12524239E-02
  4169.0000    	  4170.0000    	-0.10847851E-01	 0.24176185E-02
  4170.0000    	  4171.0000    	-0.77800922E-02	 0.58970029E-03
  4171.0000    	  4172.0000    	-0.10430535E-01	 0.11493544E-02
  4172.0000    	  4173.0000    	-0.85945596E-02	 0.75394260E-03
  4173.0000    	  4174.0000    	-0.10821828E-01	 0.17440913E-02
  4174.0000    	  4175.0000    	-0.12837923E-01	 0.18371099E-02
  4175.0000    	  4176.0000    	-0.93352928E-02	 0.64836603E-03
  4176.0000    	  4177.0000    	-0.10116580E-01	 0.20170446E-02
  4177.0000    	  4178.0000    	-0.71679132E-02	 0.12716167E-02
  4178.0000    	  4179.0000    	-0.53704210E-02	 0.13242570E-02
  4179.0000    	  4180.0000    	-0.49634299E-02	 0.13400708E-02
  4180.0000    	  4181.0000    	-0.61614588E-02	 0.18925252E-02
  4181.0000    	  4182.0000    	-0.83711814E-02	 0.16627587E-02
  4182.0000    	  4183.0000    	-0.12366310E-01	 0.25318563E-02
  4183.0000    	  4184.0000    	-0.11071847E-01	 0.18517877E-02
  4184.0000    	  4185.0000    	-0.13634084E-01	 0.20275528E-02
  4185.0000    	  4186.0000    	-0.16307209E-01	 0.25031450E-02
  4186.0000    	  4187.0000    	-0.90997134E-02	 0.18640485E-02
  4187.0000    	  4188.0000    	-0.83882526E-02	 0.23680702E-02
  4188.0000    	  4189.0000    	-0.85556095E-02	 0.14964368E-02
  4189.0000    	  4190.0000    	-0.10311192E-01	 0.21439269E-02
  4190.0000    	  4191.0000    	-0.85619210E-02	 0.22063887E-02
  4191.0000    	  4192.0000    	-0.13760383E-01	 0.21956313E-02
  4192.0000    	  4193.0000    	-0.74822101E-02	 0.19107062E-02
  4193.0000    	  4194.0000    	-0.12767849E-01	 0.22324804E-02
  4194.0000    	  4195.0000    	-0.81924252E-02	 0.20590315E-02
  4195.0000    	  4196.0000    	-0.11822258E-01	 0.18507065E-02
  4196.0000    	  4197.0000    	-0.90552223E-02	 0.24037110E-02
  4197.0000    	  4198.0000    	-0.98134993E-02	 0.18095084E-02
  4198.0000    	  4199.0000    	-0.12987933E-01	 0.19858151E-02
  4199.0000    	  4200.0000    	-0.78931326E-02	 0.81132783E-03
  4200.0000    	  4201.0000    	-0.10691518E-01	 0.25730724E-02
  4201.0000    	  4202.0000    	-0.84189384E-02	 0.13855044E-02
  4202.0000    	  4203.0000    	-0.81548316E-02	 0.64590634E-03
  4203.0000    	  4204.0000    	-0.95397886E-02	 0.81239106E-03
  4204.0000    	  4205.0000    	-0.10856395E-01	 0.18914191E-02
  4205.0000    	  4206.0000    	-0.13687876E-01	 0.17851648E-02
  4206.0000    	  4207.0000    	-0.10438028E-01	 0.20009166E-02
  4207.0000    	  4208.0000    	-0.11081783E-01	 0.20977784E-02
  4208.0000    	  4209.0000    	-0.11361403E-01	 0.19412623E-02
  4209.0000    	  4210.0000    	-0.66427558E-02	 0.16612541E-02
  4210.0000    	  4211.0000    	-0.71715412E-02	 0.54925169E-03
  4211.0000    	  4212.0000    	-0.74613691E-02	 0.60543082E-03
  4212.0000    	  4213.0000    	-0.55921483E-02	 0.20532687E-02
  4213.0000    	  4214.0000    	-0.16780727E-01	 0.23078245E-02
  4214.0000    	  4215.0000    	-0.19230803E-01	 0.25528810E-02
  4215.0000    	  4216.0000    	-0.11860699E-01	 0.21717417E-02
  4216.0000    	  4217.0000    	-0.11756093E-01	 0.20076367E-02
  4217.0000    	  4218.0000    	-0.10256931E-01	 0.18980808E-02
  4218.0000    	  4219.0000    	-0.84906898E-02	 0.77294630E-03
  4219.0000    	  4220.0000    	-0.12541413E-01	 0.21566933E-02
  4220.0000    	  4221.0000    	-0.78638698E-02	 0.18118777E-02
  4221.0000    	  4222.0000    	-0.84765239E-02	 0.16277513E-02
  4222.0000    	  4223.0000    	-0.65902616E-02	 0.60651816E-03
  4223.0000    	  4224.0000    	-0.62322146E-02	 0.66362434E-03
