# xi4
# underflow	  33.561606    	 0.61035124    
# overflow	  1.8734973    	 0.99614521E-01
# sum	  135.79371    	  1.0744405    
# xmin	xmax	cross	numerror
  0.0000000    	  1.0000000    	 0.32016701    	 0.55941959E-01
  1.0000000    	  2.0000000    	-0.68289678E-01	 0.51377870E-01
  2.0000000    	  3.0000000    	 0.17528810    	 0.51237501E-01
  3.0000000    	  4.0000000    	 0.19381439    	 0.51155278E-01
  4.0000000    	  5.0000000    	 0.28625832    	 0.50156836E-01
  5.0000000    	  6.0000000    	 0.47383386    	 0.53587583E-01
  6.0000000    	  7.0000000    	 0.34205449    	 0.51999828E-01
  7.0000000    	  8.0000000    	 0.26827445    	 0.50267848E-01
  8.0000000    	  9.0000000    	 0.46985253    	 0.49559988E-01
  9.0000000    	  10.000000    	 0.57276713E-01	 0.44508668E-01
  10.000000    	  11.000000    	 0.26861967    	 0.43714137E-01
  11.000000    	  12.000000    	-0.14242133E-01	 0.47901552E-01
  12.000000    	  13.000000    	 0.19587733    	 0.50784307E-01
  13.000000    	  14.000000    	 0.19100025    	 0.49662316E-01
  14.000000    	  15.000000    	 0.12150995    	 0.46387175E-01
  15.000000    	  16.000000    	 0.16311910    	 0.48564882E-01
  16.000000    	  17.000000    	 0.27067762    	 0.54945049E-01
  17.000000    	  18.000000    	 0.38035406    	 0.49035603E-01
  18.000000    	  19.000000    	 0.36136113    	 0.50067583E-01
  19.000000    	  20.000000    	 0.35263348    	 0.47276160E-01
  20.000000    	  21.000000    	 0.25960843    	 0.43140148E-01
  21.000000    	  22.000000    	 0.32298335    	 0.42581026E-01
  22.000000    	  23.000000    	-0.14226843    	 0.46109364E-01
  23.000000    	  24.000000    	 0.60463251E-01	 0.47852733E-01
  24.000000    	  25.000000    	 0.26960022    	 0.49846609E-01
  25.000000    	  26.000000    	 0.18021995    	 0.48140852E-01
  26.000000    	  27.000000    	 0.34848053    	 0.47718937E-01
  27.000000    	  28.000000    	 0.25065921    	 0.50732267E-01
  28.000000    	  29.000000    	 0.36676540    	 0.49751326E-01
  29.000000    	  30.000000    	 0.42071180    	 0.48269194E-01
  30.000000    	  31.000000    	 0.31722446    	 0.44664214E-01
  31.000000    	  32.000000    	 0.36210474    	 0.40836418E-01
  32.000000    	  33.000000    	 0.24787624    	 0.39174003E-01
  33.000000    	  34.000000    	 0.40668700    	 0.52305582E-01
  34.000000    	  35.000000    	 0.17715636    	 0.44390228E-01
  35.000000    	  36.000000    	 0.31339374    	 0.46218263E-01
  36.000000    	  37.000000    	 0.14209553    	 0.45133212E-01
  37.000000    	  38.000000    	 0.33507496    	 0.48934071E-01
  38.000000    	  39.000000    	 0.19696520    	 0.47016225E-01
  39.000000    	  40.000000    	 0.42502658    	 0.49603580E-01
  40.000000    	  41.000000    	 0.33724848    	 0.43577739E-01
  41.000000    	  42.000000    	 0.39417308    	 0.44909235E-01
  42.000000    	  43.000000    	 0.41228826    	 0.41414184E-01
  43.000000    	  44.000000    	 0.35864490    	 0.39960607E-01
  44.000000    	  45.000000    	 0.23632850    	 0.47387919E-01
  45.000000    	  46.000000    	 0.21824272    	 0.46752236E-01
  46.000000    	  47.000000    	 0.25182495    	 0.45038060E-01
  47.000000    	  48.000000    	 0.21377510    	 0.42821248E-01
  48.000000    	  49.000000    	 0.27818861    	 0.46503211E-01
  49.000000    	  50.000000    	 0.34746106    	 0.48177612E-01
  50.000000    	  51.000000    	 0.29093816    	 0.43832932E-01
  51.000000    	  52.000000    	 0.33718081    	 0.40857570E-01
  52.000000    	  53.000000    	 0.29163910    	 0.40532914E-01
  53.000000    	  54.000000    	 0.36069193    	 0.40285792E-01
  54.000000    	  55.000000    	 0.37818024    	 0.42838782E-01
  55.000000    	  56.000000    	-0.16284166    	 0.40844454E-01
  56.000000    	  57.000000    	 0.28915977    	 0.45073590E-01
  57.000000    	  58.000000    	 0.11037265    	 0.42987807E-01
  58.000000    	  59.000000    	 0.31949790    	 0.47109800E-01
  59.000000    	  60.000000    	 0.22138607    	 0.47053262E-01
  60.000000    	  61.000000    	 0.25592003    	 0.43587877E-01
  61.000000    	  62.000000    	 0.34356212    	 0.44940242E-01
  62.000000    	  63.000000    	 0.32018215    	 0.43822577E-01
  63.000000    	  64.000000    	 0.33801054    	 0.40385546E-01
  64.000000    	  65.000000    	 0.20682450    	 0.37736203E-01
  65.000000    	  66.000000    	 0.34711032    	 0.40651726E-01
  66.000000    	  67.000000    	 0.36430863E-01	 0.40721007E-01
  67.000000    	  68.000000    	 0.26070335    	 0.44989839E-01
  68.000000    	  69.000000    	-0.46411528E-02	 0.40451095E-01
  69.000000    	  70.000000    	-0.56499247E-01	 0.42199296E-01
  70.000000    	  71.000000    	 0.31111405    	 0.44684121E-01
  71.000000    	  72.000000    	 0.23841066    	 0.45552517E-01
  72.000000    	  73.000000    	 0.32793313    	 0.43051537E-01
  73.000000    	  74.000000    	 0.30936802    	 0.41722096E-01
  74.000000    	  75.000000    	 0.33011567    	 0.37116334E-01
  75.000000    	  76.000000    	 0.41816410    	 0.38212266E-01
  76.000000    	  77.000000    	 0.36768958    	 0.37139452E-01
  77.000000    	  78.000000    	 0.11729871E-01	 0.41651625E-01
  78.000000    	  79.000000    	-0.46519170E-01	 0.40710755E-01
  79.000000    	  80.000000    	 0.19736082    	 0.44765227E-01
  80.000000    	  81.000000    	 0.14044434    	 0.43814239E-01
  81.000000    	  82.000000    	 0.20195443    	 0.40413322E-01
  82.000000    	  83.000000    	 0.19598638    	 0.40682320E-01
  83.000000    	  84.000000    	 0.24296233    	 0.39207132E-01
  84.000000    	  85.000000    	 0.26939406    	 0.40969695E-01
  85.000000    	  86.000000    	 0.32194311    	 0.40150136E-01
  86.000000    	  87.000000    	 0.32293737    	 0.38897520E-01
  87.000000    	  88.000000    	 0.32541742    	 0.35771592E-01
  88.000000    	  89.000000    	 0.64701081E-01	 0.39473859E-01
  89.000000    	  90.000000    	 0.23392649    	 0.42419553E-01
  90.000000    	  91.000000    	 0.17199801    	 0.40236369E-01
  91.000000    	  92.000000    	 0.16545147    	 0.40868415E-01
  92.000000    	  93.000000    	 0.15981646    	 0.37367172E-01
  93.000000    	  94.000000    	 0.31081834    	 0.36921130E-01
  94.000000    	  95.000000    	 0.27376139    	 0.41396079E-01
  95.000000    	  96.000000    	 0.25707084    	 0.39041319E-01
  96.000000    	  97.000000    	 0.31506453    	 0.37350068E-01
  97.000000    	  98.000000    	 0.26437247    	 0.38074905E-01
  98.000000    	  99.000000    	 0.25139396    	 0.35395748E-01
  99.000000    	  100.00000    	 0.81581743E-01	 0.36224511E-01
  100.00000    	  101.00000    	 0.16126605    	 0.39170707E-01
  101.00000    	  102.00000    	 0.14584292    	 0.38007865E-01
  102.00000    	  103.00000    	 0.15412922    	 0.36690652E-01
  103.00000    	  104.00000    	 0.23765998    	 0.37669335E-01
  104.00000    	  105.00000    	 0.21533883    	 0.35659182E-01
  105.00000    	  106.00000    	 0.26857386    	 0.39359438E-01
  106.00000    	  107.00000    	 0.29494227    	 0.37134457E-01
  107.00000    	  108.00000    	 0.30880677    	 0.39349891E-01
  108.00000    	  109.00000    	 0.96270909E-01	 0.35286871E-01
  109.00000    	  110.00000    	 0.33430565    	 0.35260240E-01
  110.00000    	  111.00000    	-0.92048916E-01	 0.32942979E-01
  111.00000    	  112.00000    	 0.16948688    	 0.38504139E-01
  112.00000    	  113.00000    	 0.17467186    	 0.37535813E-01
  113.00000    	  114.00000    	 0.16003296    	 0.35869882E-01
  114.00000    	  115.00000    	 0.68127014E-01	 0.38448849E-01
  115.00000    	  116.00000    	 0.18844780    	 0.34279494E-01
  116.00000    	  117.00000    	 0.24382641    	 0.38428275E-01
  117.00000    	  118.00000    	 0.29255677    	 0.38705463E-01
  118.00000    	  119.00000    	 0.29256927    	 0.40400995E-01
  119.00000    	  120.00000    	 0.28128285    	 0.38316476E-01
  120.00000    	  121.00000    	 0.30721589    	 0.34580109E-01
  121.00000    	  122.00000    	 0.10625376    	 0.36444353E-01
  122.00000    	  123.00000    	 0.82653897E-01	 0.39842223E-01
  123.00000    	  124.00000    	 0.19435920    	 0.37551501E-01
  124.00000    	  125.00000    	 0.19742917    	 0.37507758E-01
  125.00000    	  126.00000    	 0.23275947    	 0.36967832E-01
  126.00000    	  127.00000    	 0.23505182    	 0.35779257E-01
  127.00000    	  128.00000    	 0.23233743    	 0.36280877E-01
  128.00000    	  129.00000    	 0.24475373    	 0.37137023E-01
  129.00000    	  130.00000    	 0.31845390    	 0.38426985E-01
  130.00000    	  131.00000    	 0.30724017    	 0.36423648E-01
  131.00000    	  132.00000    	 0.32511204    	 0.35944985E-01
  132.00000    	  133.00000    	-0.47237662E-01	 0.37145277E-01
  133.00000    	  134.00000    	 0.49103042E-01	 0.34636141E-01
  134.00000    	  135.00000    	 0.11798441    	 0.35666402E-01
  135.00000    	  136.00000    	 0.14442823    	 0.31093028E-01
  136.00000    	  137.00000    	 0.17768889    	 0.36637680E-01
  137.00000    	  138.00000    	 0.17719005    	 0.35246888E-01
  138.00000    	  139.00000    	 0.25337094    	 0.36469011E-01
  139.00000    	  140.00000    	 0.24852254    	 0.36531431E-01
  140.00000    	  141.00000    	 0.17581520    	 0.35771467E-01
  141.00000    	  142.00000    	 0.21852491    	 0.37739751E-01
  142.00000    	  143.00000    	 0.28525421    	 0.37255655E-01
  143.00000    	  144.00000    	 0.46062162E-02	 0.33869293E-01
  144.00000    	  145.00000    	 0.13789677    	 0.36155919E-01
  145.00000    	  146.00000    	 0.14953462    	 0.36195955E-01
  146.00000    	  147.00000    	 0.11004650    	 0.35653714E-01
  147.00000    	  148.00000    	 0.17102465    	 0.32905229E-01
  148.00000    	  149.00000    	 0.22113514    	 0.37684114E-01
  149.00000    	  150.00000    	 0.24685478    	 0.35835558E-01
  150.00000    	  151.00000    	 0.30951457    	 0.34220728E-01
  151.00000    	  152.00000    	 0.28808220    	 0.32846618E-01
  152.00000    	  153.00000    	 0.33385665    	 0.35409575E-01
  153.00000    	  154.00000    	 0.33921262    	 0.37082836E-01
  154.00000    	  155.00000    	 0.15476922    	 0.33921236E-01
  155.00000    	  156.00000    	 0.51752505E-01	 0.33760418E-01
  156.00000    	  157.00000    	 0.88870927E-01	 0.32507153E-01
  157.00000    	  158.00000    	 0.24768648    	 0.35336628E-01
  158.00000    	  159.00000    	 0.13858121    	 0.32716925E-01
  159.00000    	  160.00000    	 0.25199516    	 0.39792309E-01
  160.00000    	  161.00000    	 0.14214683    	 0.35674457E-01
  161.00000    	  162.00000    	 0.25577367    	 0.32431637E-01
  162.00000    	  163.00000    	 0.24045283    	 0.31728985E-01
  163.00000    	  164.00000    	 0.25615155    	 0.33922771E-01
  164.00000    	  165.00000    	 0.24429459    	 0.35143933E-01
  165.00000    	  166.00000    	 0.19481359E-01	 0.36225103E-01
  166.00000    	  167.00000    	 0.56666591E-01	 0.34937580E-01
  167.00000    	  168.00000    	 0.12905662    	 0.30083291E-01
  168.00000    	  169.00000    	 0.19518193    	 0.35082185E-01
  169.00000    	  170.00000    	 0.20576324    	 0.34560457E-01
  170.00000    	  171.00000    	 0.11731719    	 0.34894514E-01
  171.00000    	  172.00000    	 0.15219969    	 0.35423148E-01
  172.00000    	  173.00000    	 0.15737620    	 0.35521108E-01
  173.00000    	  174.00000    	 0.23953921    	 0.34472469E-01
  174.00000    	  175.00000    	 0.27576240    	 0.32227204E-01
  175.00000    	  176.00000    	 0.30848744    	 0.33258084E-01
  176.00000    	  177.00000    	-0.76006497E-01	 0.32248124E-01
  177.00000    	  178.00000    	-0.19700822E-03	 0.39120371E-01
  178.00000    	  179.00000    	 0.14210056    	 0.32197099E-01
  179.00000    	  180.00000    	 0.15409821    	 0.30781263E-01
  180.00000    	  181.00000    	 0.38719521E-01	 0.32596285E-01
  181.00000    	  182.00000    	 0.19093025    	 0.32834914E-01
  182.00000    	  183.00000    	 0.26382723    	 0.35530907E-01
  183.00000    	  184.00000    	 0.24665534    	 0.33460764E-01
  184.00000    	  185.00000    	 0.21724952    	 0.38886818E-01
  185.00000    	  186.00000    	 0.27251411    	 0.31253671E-01
  186.00000    	  187.00000    	 0.22899997    	 0.31767122E-01
  187.00000    	  188.00000    	 0.11828322    	 0.32753985E-01
  188.00000    	  189.00000    	 0.17047040    	 0.36933208E-01
  189.00000    	  190.00000    	 0.82562340E-01	 0.30932543E-01
  190.00000    	  191.00000    	 0.10608993    	 0.27941377E-01
  191.00000    	  192.00000    	 0.22314087    	 0.32507680E-01
  192.00000    	  193.00000    	 0.15729631    	 0.30560418E-01
  193.00000    	  194.00000    	 0.16195420    	 0.34145792E-01
  194.00000    	  195.00000    	 0.20986937    	 0.30468469E-01
  195.00000    	  196.00000    	 0.18945910    	 0.33585628E-01
  196.00000    	  197.00000    	 0.27390084    	 0.30651364E-01
  197.00000    	  198.00000    	 0.28748237    	 0.33121528E-01
  198.00000    	  199.00000    	-0.97127510E-01	 0.27420072E-01
  199.00000    	  200.00000    	 0.28883407E-01	 0.29171918E-01
  200.00000    	  201.00000    	 0.14326012    	 0.30103532E-01
  201.00000    	  202.00000    	 0.19876772    	 0.30172680E-01
  202.00000    	  203.00000    	 0.35498376E-01	 0.30999036E-01
  203.00000    	  204.00000    	 0.66854528E-01	 0.28796915E-01
  204.00000    	  205.00000    	 0.10309368    	 0.30092603E-01
  205.00000    	  206.00000    	 0.22269618    	 0.31208233E-01
  206.00000    	  207.00000    	 0.23398878    	 0.34458729E-01
  207.00000    	  208.00000    	 0.26498716    	 0.28620879E-01
  208.00000    	  209.00000    	 0.30528556    	 0.32019911E-01
  209.00000    	  210.00000    	-0.73042247E-01	 0.28956168E-01
  210.00000    	  211.00000    	 0.49427862E-01	 0.31319499E-01
  211.00000    	  212.00000    	 0.95312294E-01	 0.29028446E-01
  212.00000    	  213.00000    	 0.12925415    	 0.33250691E-01
  213.00000    	  214.00000    	 0.16912457    	 0.29358055E-01
  214.00000    	  215.00000    	 0.11918820    	 0.29089971E-01
  215.00000    	  216.00000    	 0.18049300    	 0.31211962E-01
  216.00000    	  217.00000    	 0.19498613    	 0.33737123E-01
  217.00000    	  218.00000    	 0.19529068    	 0.29697071E-01
  218.00000    	  219.00000    	 0.22004353    	 0.30123986E-01
  219.00000    	  220.00000    	 0.23384918    	 0.32302757E-01
  220.00000    	  221.00000    	 0.49265265E-01	 0.31033900E-01
  221.00000    	  222.00000    	 0.10050646    	 0.30894106E-01
  222.00000    	  223.00000    	 0.78414909E-01	 0.30476634E-01
  223.00000    	  224.00000    	 0.15738012    	 0.32040040E-01
  224.00000    	  225.00000    	 0.17854856    	 0.33454336E-01
  225.00000    	  226.00000    	 0.15820554    	 0.30385339E-01
  226.00000    	  227.00000    	 0.19603609    	 0.34594028E-01
  227.00000    	  228.00000    	 0.24925877    	 0.32944595E-01
  228.00000    	  229.00000    	 0.20174413    	 0.35288128E-01
  229.00000    	  230.00000    	 0.25563057    	 0.31872488E-01
  230.00000    	  231.00000    	 0.24499720    	 0.34685838E-01
  231.00000    	  232.00000    	 0.73988120E-01	 0.27665756E-01
  232.00000    	  233.00000    	 0.92938530E-01	 0.28117970E-01
  233.00000    	  234.00000    	-0.47563938E-01	 0.28488380E-01
  234.00000    	  235.00000    	 0.45517047E-01	 0.30956361E-01
  235.00000    	  236.00000    	 0.15878001    	 0.29564237E-01
  236.00000    	  237.00000    	 0.20207587    	 0.29911306E-01
  237.00000    	  238.00000    	 0.13821162    	 0.33932062E-01
  238.00000    	  239.00000    	 0.18226165    	 0.32425802E-01
  239.00000    	  240.00000    	 0.23001938    	 0.32440076E-01
  240.00000    	  241.00000    	 0.23652858    	 0.33236756E-01
  241.00000    	  242.00000    	 0.24924519    	 0.33605180E-01
  242.00000    	  243.00000    	 0.36018383E-01	 0.28152787E-01
  243.00000    	  244.00000    	 0.89862892E-01	 0.27436721E-01
  244.00000    	  245.00000    	 0.12506381    	 0.29137115E-01
  245.00000    	  246.00000    	 0.97334848E-01	 0.32918917E-01
  246.00000    	  247.00000    	 0.10235656    	 0.29215255E-01
  247.00000    	  248.00000    	 0.17783798    	 0.28533105E-01
  248.00000    	  249.00000    	 0.12981088    	 0.29345797E-01
  249.00000    	  250.00000    	 0.15965192    	 0.32074245E-01
  250.00000    	  251.00000    	 0.72556123E-01	 0.31221636E-01
  251.00000    	  252.00000    	 0.22259406    	 0.33311457E-01
  252.00000    	  253.00000    	 0.21933770    	 0.30410599E-01
  253.00000    	  254.00000    	 0.42962942E-02	 0.30478696E-01
  254.00000    	  255.00000    	 0.42254015E-01	 0.26406241E-01
  255.00000    	  256.00000    	 0.74970033E-01	 0.30451051E-01
  256.00000    	  257.00000    	 0.10943158    	 0.33219791E-01
  257.00000    	  258.00000    	 0.11641874    	 0.28895563E-01
  258.00000    	  259.00000    	 0.12052965    	 0.28111813E-01
  259.00000    	  260.00000    	 0.19593790    	 0.26772511E-01
  260.00000    	  261.00000    	 0.18430607    	 0.31384243E-01
  261.00000    	  262.00000    	 0.22567554    	 0.31749117E-01
  262.00000    	  263.00000    	 0.22843201    	 0.35627748E-01
  263.00000    	  264.00000    	 0.23500972    	 0.33170213E-01
  264.00000    	  265.00000    	 0.73390010E-02	 0.26202146E-01
  265.00000    	  266.00000    	-0.13991828E-01	 0.29396612E-01
  266.00000    	  267.00000    	 0.85777101E-01	 0.26436535E-01
  267.00000    	  268.00000    	 0.75696391E-01	 0.29601444E-01
  268.00000    	  269.00000    	 0.13080568    	 0.26685149E-01
  269.00000    	  270.00000    	 0.16071246    	 0.28242496E-01
  270.00000    	  271.00000    	 0.15110101    	 0.29674040E-01
  271.00000    	  272.00000    	 0.19318924    	 0.30734893E-01
  272.00000    	  273.00000    	 0.17506331    	 0.32849106E-01
  273.00000    	  274.00000    	 0.23714014    	 0.32392753E-01
  274.00000    	  275.00000    	 0.24296262    	 0.31345621E-01
  275.00000    	  276.00000    	 0.51398140E-01	 0.27530074E-01
  276.00000    	  277.00000    	 0.80023202E-02	 0.27241220E-01
  277.00000    	  278.00000    	 0.59292097E-01	 0.26795869E-01
  278.00000    	  279.00000    	 0.10901110    	 0.29924041E-01
  279.00000    	  280.00000    	 0.11523389    	 0.30295588E-01
  280.00000    	  281.00000    	 0.15520108    	 0.26375717E-01
  281.00000    	  282.00000    	 0.14055888    	 0.28154526E-01
  282.00000    	  283.00000    	 0.20375091    	 0.30113164E-01
  283.00000    	  284.00000    	 0.19774803    	 0.30042160E-01
  284.00000    	  285.00000    	 0.79668601E-01	 0.27980472E-01
  285.00000    	  286.00000    	 0.15989341    	 0.28855895E-01
  286.00000    	  287.00000    	 0.48714775E-01	 0.26486427E-01
  287.00000    	  288.00000    	 0.70442567E-01	 0.26395409E-01
  288.00000    	  289.00000    	-0.21892398E-02	 0.26571690E-01
  289.00000    	  290.00000    	 0.80472737E-01	 0.27264094E-01
  290.00000    	  291.00000    	 0.12274118    	 0.26492785E-01
  291.00000    	  292.00000    	 0.66443329E-01	 0.26158528E-01
  292.00000    	  293.00000    	 0.17577896    	 0.28758494E-01
  293.00000    	  294.00000    	 0.16691090    	 0.29257009E-01
  294.00000    	  295.00000    	 0.23644173    	 0.31680070E-01
  295.00000    	  296.00000    	 0.21168912    	 0.31684002E-01
  296.00000    	  297.00000    	 0.25442881    	 0.29200711E-01
  297.00000    	  298.00000    	 0.31330292E-01	 0.26257355E-01
  298.00000    	  299.00000    	 0.89528107E-01	 0.25498275E-01
  299.00000    	  300.00000    	 0.55713744E-01	 0.25946388E-01
  300.00000    	  301.00000    	 0.98791733E-01	 0.25249693E-01
  301.00000    	  302.00000    	 0.11040003    	 0.25801386E-01
  302.00000    	  303.00000    	-0.30713718E-01	 0.28578525E-01
  303.00000    	  304.00000    	 0.15761955    	 0.28672833E-01
  304.00000    	  305.00000    	 0.11815905    	 0.30656183E-01
  305.00000    	  306.00000    	 0.20178146    	 0.27596316E-01
  306.00000    	  307.00000    	 0.22930889    	 0.27975620E-01
  307.00000    	  308.00000    	 0.18142194    	 0.28412808E-01
  308.00000    	  309.00000    	 0.19191951E-02	 0.25241618E-01
  309.00000    	  310.00000    	 0.62613533E-02	 0.26432530E-01
  310.00000    	  311.00000    	 0.10522118    	 0.26336995E-01
  311.00000    	  312.00000    	 0.10470896    	 0.25622321E-01
  312.00000    	  313.00000    	 0.14211564    	 0.28232713E-01
  313.00000    	  314.00000    	 0.15683364    	 0.26315754E-01
  314.00000    	  315.00000    	 0.71014590E-01	 0.25879008E-01
  315.00000    	  316.00000    	 0.12119937    	 0.30961607E-01
  316.00000    	  317.00000    	-0.38861826E-01	 0.29752665E-01
  317.00000    	  318.00000    	 0.14801357    	 0.27678895E-01
  318.00000    	  319.00000    	 0.25569511    	 0.32541914E-01
  319.00000    	  320.00000    	 0.14197780E-01	 0.26619180E-01
  320.00000    	  321.00000    	-0.50335831E-01	 0.23924648E-01
  321.00000    	  322.00000    	 0.10729319    	 0.27844130E-01
  322.00000    	  323.00000    	 0.93651793E-01	 0.25773867E-01
  323.00000    	  324.00000    	-0.92509230E-02	 0.27136369E-01
  324.00000    	  325.00000    	 0.12761843    	 0.27872763E-01
  325.00000    	  326.00000    	 0.14524636    	 0.27028926E-01
  326.00000    	  327.00000    	 0.18113194    	 0.30245033E-01
  327.00000    	  328.00000    	 0.19681653    	 0.29502657E-01
  328.00000    	  329.00000    	 0.19677758    	 0.27243853E-01
  329.00000    	  330.00000    	 0.19236660    	 0.30501152E-01
  330.00000    	  331.00000    	 0.50429765E-02	 0.25097429E-01
  331.00000    	  332.00000    	 0.50722403E-01	 0.25396308E-01
  332.00000    	  333.00000    	 0.73595501E-02	 0.25797810E-01
  333.00000    	  334.00000    	 0.11125680    	 0.26781119E-01
  334.00000    	  335.00000    	 0.11479267    	 0.24139160E-01
  335.00000    	  336.00000    	 0.12510215    	 0.26272333E-01
  336.00000    	  337.00000    	 0.11696436    	 0.26817123E-01
  337.00000    	  338.00000    	 0.17599092    	 0.30231850E-01
  338.00000    	  339.00000    	 0.13164739    	 0.31187922E-01
  339.00000    	  340.00000    	 0.20670111    	 0.29101184E-01
  340.00000    	  341.00000    	 0.19696338    	 0.29023630E-01
  341.00000    	  342.00000    	-0.14004056E-01	 0.22185581E-01
  342.00000    	  343.00000    	 0.60643336E-01	 0.23908553E-01
  343.00000    	  344.00000    	-0.35522460E-01	 0.22472032E-01
  344.00000    	  345.00000    	 0.87123297E-01	 0.24179084E-01
  345.00000    	  346.00000    	 0.10746343    	 0.26387242E-01
  346.00000    	  347.00000    	 0.12276641    	 0.25279778E-01
  347.00000    	  348.00000    	 0.15816281    	 0.26403324E-01
  348.00000    	  349.00000    	 0.10165679    	 0.32394283E-01
  349.00000    	  350.00000    	 0.17300904    	 0.31211707E-01
  350.00000    	  351.00000    	 0.14746969    	 0.30211144E-01
  351.00000    	  352.00000    	 0.16972745    	 0.30469961E-01
  352.00000    	  353.00000    	 0.57729866E-02	 0.22512025E-01
  353.00000    	  354.00000    	-0.11472231E-01	 0.22243153E-01
  354.00000    	  355.00000    	 0.46708682E-01	 0.22196385E-01
  355.00000    	  356.00000    	 0.62141212E-01	 0.25867119E-01
  356.00000    	  357.00000    	 0.66108180E-01	 0.24547340E-01
  357.00000    	  358.00000    	 0.11953668    	 0.24517954E-01
  358.00000    	  359.00000    	 0.15480566    	 0.28241838E-01
  359.00000    	  360.00000    	 0.17433350    	 0.33244923E-01
  360.00000    	  361.00000    	 0.23449605    	 0.30994465E-01
  361.00000    	  362.00000    	 0.15566419    	 0.30597568E-01
  362.00000    	  363.00000    	 0.16997722    	 0.30075861E-01
  363.00000    	  364.00000    	 0.23345175E-01	 0.21799347E-01
  364.00000    	  365.00000    	 0.38354102E-02	 0.26318763E-01
  365.00000    	  366.00000    	 0.65199772E-01	 0.23656808E-01
  366.00000    	  367.00000    	 0.13683329    	 0.23690660E-01
  367.00000    	  368.00000    	 0.14481138    	 0.29161171E-01
  368.00000    	  369.00000    	 0.97029998E-01	 0.24996796E-01
  369.00000    	  370.00000    	 0.55234546E-02	 0.27482052E-01
  370.00000    	  371.00000    	 0.73096030E-01	 0.24676553E-01
  371.00000    	  372.00000    	 0.15785774    	 0.28659665E-01
  372.00000    	  373.00000    	 0.20940311    	 0.27440329E-01
  373.00000    	  374.00000    	 0.17764689    	 0.32892045E-01
  374.00000    	  375.00000    	-0.29697873E-01	 0.21760344E-01
  375.00000    	  376.00000    	-0.20013166E-01	 0.23523970E-01
  376.00000    	  377.00000    	 0.67591097E-01	 0.25022861E-01
  377.00000    	  378.00000    	 0.36808675E-01	 0.23071800E-01
  378.00000    	  379.00000    	 0.75807361E-01	 0.28628343E-01
  379.00000    	  380.00000    	 0.14053582    	 0.26573491E-01
  380.00000    	  381.00000    	 0.15427166    	 0.28833677E-01
  381.00000    	  382.00000    	 0.15315777    	 0.26910923E-01
  382.00000    	  383.00000    	 0.15878854    	 0.26333944E-01
  383.00000    	  384.00000    	 0.21500200    	 0.27082796E-01
  384.00000    	  385.00000    	 0.18760716    	 0.30170814E-01
  385.00000    	  386.00000    	 0.27270325E-01	 0.21779122E-01
  386.00000    	  387.00000    	-0.27037028E-01	 0.21755596E-01
  387.00000    	  388.00000    	 0.29108847E-01	 0.23627491E-01
  388.00000    	  389.00000    	 0.95055320E-01	 0.25151142E-01
  389.00000    	  390.00000    	 0.79577443E-01	 0.27392577E-01
  390.00000    	  391.00000    	 0.13143162    	 0.25528780E-01
  391.00000    	  392.00000    	 0.16988477    	 0.28145994E-01
  392.00000    	  393.00000    	 0.15256687    	 0.27560429E-01
  393.00000    	  394.00000    	 0.21172149    	 0.25616942E-01
  394.00000    	  395.00000    	 0.16620921    	 0.29161106E-01
  395.00000    	  396.00000    	 0.18313837    	 0.28777170E-01
  396.00000    	  397.00000    	 0.32690304E-01	 0.23576211E-01
  397.00000    	  398.00000    	 0.59604366E-01	 0.23638602E-01
  398.00000    	  399.00000    	 0.59674765E-01	 0.20681772E-01
  399.00000    	  400.00000    	 0.48424403E-01	 0.23639751E-01
  400.00000    	  401.00000    	 0.12581823    	 0.22156612E-01
  401.00000    	  402.00000    	 0.48176410E-01	 0.24805719E-01
  402.00000    	  403.00000    	 0.88297827E-01	 0.25087891E-01
  403.00000    	  404.00000    	 0.70143463E-01	 0.25287468E-01
  404.00000    	  405.00000    	 0.16207573    	 0.24708334E-01
  405.00000    	  406.00000    	 0.15256184    	 0.29576148E-01
  406.00000    	  407.00000    	 0.14707092    	 0.31540628E-01
  407.00000    	  408.00000    	-0.61897994E-02	 0.20354874E-01
  408.00000    	  409.00000    	-0.33533289E-03	 0.26186161E-01
  409.00000    	  410.00000    	 0.10033725    	 0.21048071E-01
  410.00000    	  411.00000    	 0.79045095E-01	 0.24414762E-01
  411.00000    	  412.00000    	 0.10127580    	 0.22243799E-01
  412.00000    	  413.00000    	-0.31692414E-01	 0.26335733E-01
  413.00000    	  414.00000    	 0.16221604    	 0.29207866E-01
  414.00000    	  415.00000    	 0.19011711    	 0.28804216E-01
  415.00000    	  416.00000    	 0.14572565    	 0.28153483E-01
  416.00000    	  417.00000    	 0.22756757    	 0.30665886E-01
  417.00000    	  418.00000    	 0.20110438    	 0.28437243E-01
  418.00000    	  419.00000    	 0.42567633E-01	 0.19701557E-01
  419.00000    	  420.00000    	-0.17732632E-02	 0.23726939E-01
  420.00000    	  421.00000    	 0.34664253E-01	 0.23677830E-01
  421.00000    	  422.00000    	 0.26562276E-01	 0.21653018E-01
  422.00000    	  423.00000    	 0.95445954E-01	 0.24515076E-01
  423.00000    	  424.00000    	 0.57670994E-01	 0.24985021E-01
  424.00000    	  425.00000    	 0.10045953    	 0.25910513E-01
  425.00000    	  426.00000    	 0.12946964    	 0.26849438E-01
  426.00000    	  427.00000    	 0.98378743E-01	 0.25622141E-01
  427.00000    	  428.00000    	 0.12109011    	 0.28467113E-01
  428.00000    	  429.00000    	 0.97812711E-01	 0.29990710E-01
  429.00000    	  430.00000    	 0.36633141E-01	 0.22139211E-01
  430.00000    	  431.00000    	 0.38216004E-01	 0.21029466E-01
  431.00000    	  432.00000    	 0.86637033E-01	 0.24531572E-01
  432.00000    	  433.00000    	 0.38746442E-01	 0.22147485E-01
  433.00000    	  434.00000    	 0.82496692E-01	 0.21019245E-01
  434.00000    	  435.00000    	-0.13465025E-01	 0.23432077E-01
  435.00000    	  436.00000    	-0.46893785E-01	 0.26813717E-01
  436.00000    	  437.00000    	 0.11530396    	 0.27642591E-01
  437.00000    	  438.00000    	 0.14605379    	 0.25370567E-01
  438.00000    	  439.00000    	 0.13973485    	 0.27623475E-01
  439.00000    	  440.00000    	 0.16253652    	 0.27696622E-01
  440.00000    	  441.00000    	-0.39966326E-01	 0.21452600E-01
  441.00000    	  442.00000    	 0.85980852E-02	 0.19128923E-01
  442.00000    	  443.00000    	 0.26070338E-01	 0.22945178E-01
  443.00000    	  444.00000    	-0.27362982E-01	 0.23157596E-01
  444.00000    	  445.00000    	 0.69707451E-01	 0.22920426E-01
  445.00000    	  446.00000    	 0.13983565    	 0.24649940E-01
  446.00000    	  447.00000    	 0.12987498    	 0.25962346E-01
  447.00000    	  448.00000    	 0.12529941E-01	 0.24123290E-01
  448.00000    	  449.00000    	 0.59580292E-01	 0.28357176E-01
  449.00000    	  450.00000    	 0.97576085E-01	 0.27899866E-01
  450.00000    	  451.00000    	 0.17034083    	 0.27833191E-01
  451.00000    	  452.00000    	-0.18331253E-02	 0.19876654E-01
  452.00000    	  453.00000    	-0.23776938E-01	 0.19023984E-01
  453.00000    	  454.00000    	 0.45210080E-01	 0.23382938E-01
  454.00000    	  455.00000    	 0.32653851E-01	 0.22009553E-01
  455.00000    	  456.00000    	 0.96000475E-01	 0.22422580E-01
  456.00000    	  457.00000    	 0.12281975    	 0.25738763E-01
  457.00000    	  458.00000    	 0.17119361    	 0.26162077E-01
  458.00000    	  459.00000    	 0.11236863    	 0.25222031E-01
  459.00000    	  460.00000    	 0.11512320    	 0.28982523E-01
  460.00000    	  461.00000    	 0.11298029    	 0.25714694E-01
  461.00000    	  462.00000    	 0.12937231    	 0.30707285E-01
  462.00000    	  463.00000    	 0.40371356E-01	 0.20279230E-01
  463.00000    	  464.00000    	 0.11027640E-01	 0.19844589E-01
  464.00000    	  465.00000    	 0.91854430E-01	 0.22117526E-01
  465.00000    	  466.00000    	 0.88903069E-01	 0.21209046E-01
  466.00000    	  467.00000    	 0.58621704E-01	 0.24797344E-01
  467.00000    	  468.00000    	 0.11389964    	 0.24103161E-01
  468.00000    	  469.00000    	 0.12577218    	 0.25495766E-01
  469.00000    	  470.00000    	 0.14488107    	 0.26058477E-01
  470.00000    	  471.00000    	-0.87418919E-01	 0.25010041E-01
  471.00000    	  472.00000    	 0.66196945E-01	 0.25462099E-01
  472.00000    	  473.00000    	 0.19858130    	 0.29259389E-01
  473.00000    	  474.00000    	 0.13020693E-01	 0.19360835E-01
  474.00000    	  475.00000    	-0.10719243E-01	 0.20134774E-01
  475.00000    	  476.00000    	-0.79525498E-02	 0.21469959E-01
  476.00000    	  477.00000    	-0.55962124E-01	 0.20618131E-01
  477.00000    	  478.00000    	 0.76748531E-01	 0.21696639E-01
  478.00000    	  479.00000    	 0.72821188E-01	 0.22085649E-01
  479.00000    	  480.00000    	 0.10314967    	 0.23825317E-01
  480.00000    	  481.00000    	 0.17120437    	 0.24949086E-01
  481.00000    	  482.00000    	 0.12933024    	 0.24938059E-01
  482.00000    	  483.00000    	 0.17008991    	 0.26553434E-01
  483.00000    	  484.00000    	 0.16845869    	 0.26620974E-01
  484.00000    	  485.00000    	-0.24403083E-01	 0.19749971E-01
  485.00000    	  486.00000    	 0.58896495E-01	 0.19960130E-01
  486.00000    	  487.00000    	 0.79062355E-01	 0.21534480E-01
  487.00000    	  488.00000    	 0.11484270    	 0.22347696E-01
  488.00000    	  489.00000    	 0.29828314E-01	 0.21294909E-01
  489.00000    	  490.00000    	 0.87173241E-01	 0.23458923E-01
  490.00000    	  491.00000    	 0.12687530    	 0.21723269E-01
  491.00000    	  492.00000    	 0.13703605    	 0.28390642E-01
  492.00000    	  493.00000    	 0.13516046    	 0.26702894E-01
  493.00000    	  494.00000    	 0.17925216    	 0.25757430E-01
  494.00000    	  495.00000    	 0.11205259    	 0.27740180E-01
  495.00000    	  496.00000    	 0.65048367E-01	 0.22358098E-01
  496.00000    	  497.00000    	 0.70958686E-01	 0.24141023E-01
  497.00000    	  498.00000    	 0.75512693E-01	 0.20367453E-01
  498.00000    	  499.00000    	 0.37856938E-01	 0.20203380E-01
  499.00000    	  500.00000    	 0.87583418E-01	 0.24582157E-01
  500.00000    	  501.00000    	 0.11957681    	 0.24868668E-01
  501.00000    	  502.00000    	-0.13932925E-01	 0.20585777E-01
  502.00000    	  503.00000    	 0.17783972    	 0.26074961E-01
  503.00000    	  504.00000    	 0.20892227    	 0.28858843E-01
  504.00000    	  505.00000    	-0.18425077E-01	 0.26260473E-01
  505.00000    	  506.00000    	 0.14333299    	 0.29203983E-01
  506.00000    	  507.00000    	 0.52576497E-01	 0.20696746E-01
  507.00000    	  508.00000    	-0.42879461E-01	 0.20010945E-01
  508.00000    	  509.00000    	-0.16052384E-02	 0.16738439E-01
  509.00000    	  510.00000    	 0.19618296E-01	 0.20785325E-01
  510.00000    	  511.00000    	 0.64556856E-01	 0.22786777E-01
  511.00000    	  512.00000    	 0.93030791E-01	 0.25402725E-01
  512.00000    	  513.00000    	 0.67684652E-01	 0.23430009E-01
  513.00000    	  514.00000    	 0.17857146    	 0.26421449E-01
  514.00000    	  515.00000    	 0.15771443    	 0.26668250E-01
  515.00000    	  516.00000    	 0.76991649E-01	 0.26934658E-01
  516.00000    	  517.00000    	 0.94700289E-01	 0.26124745E-01
  517.00000    	  518.00000    	 0.34190365E-01	 0.21060444E-01
  518.00000    	  519.00000    	 0.67221032E-01	 0.23448015E-01
  519.00000    	  520.00000    	 0.21079794E-01	 0.17870999E-01
  520.00000    	  521.00000    	 0.83246546E-01	 0.23131277E-01
  521.00000    	  522.00000    	 0.93750070E-01	 0.21913984E-01
  522.00000    	  523.00000    	 0.13742717    	 0.22957407E-01
  523.00000    	  524.00000    	 0.59599910E-01	 0.22747581E-01
  524.00000    	  525.00000    	 0.88340648E-01	 0.27059209E-01
  525.00000    	  526.00000    	 0.10498614    	 0.25423872E-01
  526.00000    	  527.00000    	 0.16766240    	 0.26628231E-01
  527.00000    	  528.00000    	 0.11980723    	 0.23787602E-01
  528.00000    	  529.00000    	 0.15550628E-01	 0.20265620E-01
  529.00000    	  530.00000    	 0.15082303E-01	 0.20142688E-01
  530.00000    	  531.00000    	 0.23763873E-01	 0.19964015E-01
  531.00000    	  532.00000    	 0.12273783E-01	 0.22453018E-01
  532.00000    	  533.00000    	 0.64418878E-01	 0.20876476E-01
  533.00000    	  534.00000    	 0.80533568E-01	 0.24745886E-01
  534.00000    	  535.00000    	 0.54595667E-01	 0.24541847E-01
  535.00000    	  536.00000    	 0.81433296E-01	 0.25283959E-01
  536.00000    	  537.00000    	 0.18058931    	 0.28107117E-01
  537.00000    	  538.00000    	 0.16966795    	 0.28821547E-01
  538.00000    	  539.00000    	 0.12631617    	 0.24953850E-01
  539.00000    	  540.00000    	-0.35437305E-01	 0.18654180E-01
  540.00000    	  541.00000    	 0.58844618E-01	 0.19542429E-01
  541.00000    	  542.00000    	 0.38713103E-02	 0.19445341E-01
  542.00000    	  543.00000    	 0.42141016E-02	 0.21390630E-01
  543.00000    	  544.00000    	 0.78915679E-01	 0.22554851E-01
  544.00000    	  545.00000    	 0.84440584E-01	 0.22527604E-01
  545.00000    	  546.00000    	 0.96470482E-01	 0.24234540E-01
  546.00000    	  547.00000    	 0.98365698E-01	 0.24916123E-01
  547.00000    	  548.00000    	 0.15760329    	 0.28707511E-01
  548.00000    	  549.00000    	 0.14192158    	 0.27281771E-01
  549.00000    	  550.00000    	 0.12813176    	 0.26844927E-01
  550.00000    	  551.00000    	-0.62671687E-02	 0.18310555E-01
  551.00000    	  552.00000    	 0.28515971E-01	 0.18255062E-01
  552.00000    	  553.00000    	 0.31771029E-01	 0.19421517E-01
  553.00000    	  554.00000    	 0.62384071E-01	 0.19009773E-01
  554.00000    	  555.00000    	 0.90044552E-01	 0.21717878E-01
  555.00000    	  556.00000    	 0.68500774E-01	 0.24512774E-01
  556.00000    	  557.00000    	 0.13528693    	 0.24213055E-01
  557.00000    	  558.00000    	 0.13382970    	 0.24640268E-01
  558.00000    	  559.00000    	 0.12963553    	 0.28202798E-01
  559.00000    	  560.00000    	 0.95283135E-01	 0.26975247E-01
  560.00000    	  561.00000    	 0.15808419    	 0.25199076E-01
  561.00000    	  562.00000    	 0.34235145E-01	 0.18026537E-01
  562.00000    	  563.00000    	 0.91388392E-03	 0.18440751E-01
  563.00000    	  564.00000    	 0.59692177E-01	 0.23051028E-01
  564.00000    	  565.00000    	 0.15531344E-01	 0.18759310E-01
  565.00000    	  566.00000    	 0.76514049E-01	 0.21660935E-01
  566.00000    	  567.00000    	-0.20407051E-01	 0.24291660E-01
  567.00000    	  568.00000    	 0.69619570E-01	 0.21881009E-01
  568.00000    	  569.00000    	 0.89478387E-01	 0.23973475E-01
  569.00000    	  570.00000    	 0.11383650    	 0.25233942E-01
  570.00000    	  571.00000    	 0.11278834    	 0.26302584E-01
  571.00000    	  572.00000    	 0.96023559E-01	 0.25634828E-01
  572.00000    	  573.00000    	-0.15097146E-01	 0.19689340E-01
  573.00000    	  574.00000    	 0.36369607E-01	 0.19088509E-01
  574.00000    	  575.00000    	 0.32573606E-01	 0.18767717E-01
  575.00000    	  576.00000    	 0.49222100E-01	 0.19118660E-01
  576.00000    	  577.00000    	 0.65914203E-01	 0.24428299E-01
  577.00000    	  578.00000    	 0.83611804E-01	 0.23017076E-01
  578.00000    	  579.00000    	 0.12178954    	 0.22389386E-01
  579.00000    	  580.00000    	 0.65589509E-01	 0.25267365E-01
  580.00000    	  581.00000    	 0.59378340E-01	 0.23184355E-01
  581.00000    	  582.00000    	 0.14274092    	 0.29558052E-01
  582.00000    	  583.00000    	 0.17658944    	 0.26929740E-01
  583.00000    	  584.00000    	 0.33365263E-01	 0.18334951E-01
  584.00000    	  585.00000    	 0.33334016E-01	 0.18634393E-01
  585.00000    	  586.00000    	 0.44987243E-01	 0.19274532E-01
  586.00000    	  587.00000    	 0.75172382E-01	 0.19035032E-01
  587.00000    	  588.00000    	 0.36077356E-01	 0.24558101E-01
  588.00000    	  589.00000    	-0.53991810E-02	 0.22424185E-01
  589.00000    	  590.00000    	 0.80836534E-01	 0.23415716E-01
  590.00000    	  591.00000    	 0.10581311    	 0.29153607E-01
  591.00000    	  592.00000    	 0.15552270    	 0.25800376E-01
  592.00000    	  593.00000    	 0.21093357E-02	 0.28409998E-01
  593.00000    	  594.00000    	-0.39564985E-01	 0.23585292E-01
  594.00000    	  595.00000    	 0.11076883E-01	 0.16257297E-01
  595.00000    	  596.00000    	 0.29845849E-01	 0.18605253E-01
  596.00000    	  597.00000    	 0.43990058E-01	 0.18110660E-01
  597.00000    	  598.00000    	 0.10593904E-01	 0.17823967E-01
  598.00000    	  599.00000    	 0.58513396E-01	 0.22167418E-01
  599.00000    	  600.00000    	 0.36505210E-01	 0.22160874E-01
  600.00000    	  601.00000    	 0.97283264E-01	 0.23236830E-01
  601.00000    	  602.00000    	 0.10211858    	 0.24791632E-01
  602.00000    	  603.00000    	 0.12927973    	 0.24726343E-01
  603.00000    	  604.00000    	 0.13800510    	 0.28566162E-01
  604.00000    	  605.00000    	 0.16194643    	 0.24941641E-01
  605.00000    	  606.00000    	 0.21550666E-01	 0.18421378E-01
  606.00000    	  607.00000    	 0.48637218E-01	 0.17494037E-01
  607.00000    	  608.00000    	 0.69347261E-02	 0.20299498E-01
  608.00000    	  609.00000    	 0.46123212E-01	 0.21635135E-01
  609.00000    	  610.00000    	 0.77932001E-01	 0.19738315E-01
  610.00000    	  611.00000    	 0.87926380E-01	 0.21197962E-01
  611.00000    	  612.00000    	 0.10270657    	 0.22300726E-01
  612.00000    	  613.00000    	 0.96446741E-01	 0.24068671E-01
  613.00000    	  614.00000    	 0.12599770E-01	 0.22294006E-01
  614.00000    	  615.00000    	 0.83868133E-01	 0.27542810E-01
  615.00000    	  616.00000    	 0.75063106E-01	 0.24280812E-01
  616.00000    	  617.00000    	-0.89696725E-02	 0.18708654E-01
  617.00000    	  618.00000    	 0.13923305E-01	 0.18067560E-01
  618.00000    	  619.00000    	 0.15154004E-01	 0.17268723E-01
  619.00000    	  620.00000    	 0.69619519E-01	 0.20410854E-01
  620.00000    	  621.00000    	 0.40311667E-01	 0.21541494E-01
  621.00000    	  622.00000    	 0.51681496E-01	 0.21155462E-01
  622.00000    	  623.00000    	 0.62425067E-01	 0.24282537E-01
  623.00000    	  624.00000    	 0.14703585    	 0.28121353E-01
  624.00000    	  625.00000    	 0.42383646E-01	 0.25744496E-01
  625.00000    	  626.00000    	 0.14554045    	 0.29101801E-01
  626.00000    	  627.00000    	 0.92740048E-01	 0.27573479E-01
  627.00000    	  628.00000    	 0.40484902E-01	 0.20714680E-01
  628.00000    	  629.00000    	 0.95218353E-02	 0.17783747E-01
  629.00000    	  630.00000    	 0.33000137E-01	 0.17046534E-01
  630.00000    	  631.00000    	 0.72232439E-01	 0.19943333E-01
  631.00000    	  632.00000    	 0.50142251E-01	 0.22389725E-01
  632.00000    	  633.00000    	 0.64807004E-01	 0.21750373E-01
  633.00000    	  634.00000    	 0.11627565    	 0.23706242E-01
  634.00000    	  635.00000    	 0.12600431    	 0.23574090E-01
  635.00000    	  636.00000    	 0.14097564    	 0.24456727E-01
  636.00000    	  637.00000    	 0.25763261E-01	 0.28462928E-01
  637.00000    	  638.00000    	 0.81459253E-01	 0.27425938E-01
  638.00000    	  639.00000    	 0.52842824E-02	 0.15468920E-01
  639.00000    	  640.00000    	 0.13260897E-01	 0.17908651E-01
  640.00000    	  641.00000    	 0.68093525E-01	 0.19942941E-01
  641.00000    	  642.00000    	 0.78708071E-01	 0.20556793E-01
  642.00000    	  643.00000    	 0.61280365E-01	 0.19843327E-01
  643.00000    	  644.00000    	 0.11537368    	 0.20974781E-01
  644.00000    	  645.00000    	 0.10273609    	 0.23399038E-01
  645.00000    	  646.00000    	 0.41704758E-01	 0.22737106E-01
  646.00000    	  647.00000    	 0.12077140    	 0.25414511E-01
  647.00000    	  648.00000    	 0.69520087E-01	 0.30030013E-01
  648.00000    	  649.00000    	 0.15873617    	 0.26257728E-01
  649.00000    	  650.00000    	 0.51940353E-02	 0.17721061E-01
  650.00000    	  651.00000    	-0.11020887E-01	 0.16159516E-01
  651.00000    	  652.00000    	 0.29692927E-01	 0.17123247E-01
  652.00000    	  653.00000    	 0.33259994E-02	 0.18563841E-01
  653.00000    	  654.00000    	 0.74608228E-01	 0.18164199E-01
  654.00000    	  655.00000    	 0.91173955E-01	 0.20737088E-01
  655.00000    	  656.00000    	 0.89780597E-01	 0.23217519E-01
  656.00000    	  657.00000    	 0.14753411    	 0.23257935E-01
  657.00000    	  658.00000    	 0.10866077    	 0.24673470E-01
  658.00000    	  659.00000    	 0.13028492    	 0.26550561E-01
  659.00000    	  660.00000    	 0.12080801    	 0.27670113E-01
  660.00000    	  661.00000    	 0.95809142E-02	 0.16480747E-01
  661.00000    	  662.00000    	 0.24499898E-01	 0.20979638E-01
  662.00000    	  663.00000    	 0.16995867E-01	 0.18031945E-01
  663.00000    	  664.00000    	 0.29788052E-01	 0.19247921E-01
  664.00000    	  665.00000    	 0.94350467E-01	 0.20181100E-01
  665.00000    	  666.00000    	 0.11693304    	 0.19467180E-01
  666.00000    	  667.00000    	 0.86209109E-01	 0.24140056E-01
  667.00000    	  668.00000    	 0.10830463    	 0.22420286E-01
  668.00000    	  669.00000    	 0.99435060E-01	 0.24541429E-01
  669.00000    	  670.00000    	 0.16640642    	 0.25449511E-01
  670.00000    	  671.00000    	 0.33152854E-01	 0.26959873E-01
  671.00000    	  672.00000    	 0.13760758E-01	 0.15874867E-01
  672.00000    	  673.00000    	-0.19458817E-01	 0.19056099E-01
  673.00000    	  674.00000    	 0.28692906E-01	 0.17343425E-01
  674.00000    	  675.00000    	 0.23915631E-01	 0.18753844E-01
  675.00000    	  676.00000    	 0.68594791E-01	 0.23827320E-01
  676.00000    	  677.00000    	 0.31791585E-01	 0.20710437E-01
  677.00000    	  678.00000    	-0.16019561E-01	 0.24086428E-01
  678.00000    	  679.00000    	 0.10781649    	 0.22047042E-01
  679.00000    	  680.00000    	 0.83371036E-01	 0.21264037E-01
  680.00000    	  681.00000    	 0.11631494    	 0.26190505E-01
  681.00000    	  682.00000    	 0.13063652    	 0.26938148E-01
  682.00000    	  683.00000    	 0.72667466E-01	 0.18014519E-01
  683.00000    	  684.00000    	-0.66968347E-02	 0.17161952E-01
  684.00000    	  685.00000    	-0.78838432E-03	 0.17706119E-01
  685.00000    	  686.00000    	 0.66839257E-01	 0.17293465E-01
  686.00000    	  687.00000    	-0.20594812E-01	 0.23260126E-01
  687.00000    	  688.00000    	 0.89289229E-01	 0.18986667E-01
  688.00000    	  689.00000    	 0.41264986E-01	 0.24055067E-01
  689.00000    	  690.00000    	-0.23163837E-01	 0.21117350E-01
  690.00000    	  691.00000    	 0.11034627    	 0.25697158E-01
  691.00000    	  692.00000    	 0.62562104E-01	 0.24830964E-01
  692.00000    	  693.00000    	 0.96849347E-01	 0.26598910E-01
  693.00000    	  694.00000    	-0.34661585E-01	 0.16843961E-01
  694.00000    	  695.00000    	 0.48532195E-01	 0.18623051E-01
  695.00000    	  696.00000    	 0.57873964E-01	 0.17779101E-01
  696.00000    	  697.00000    	 0.30684656E-01	 0.16930465E-01
  697.00000    	  698.00000    	 0.59095764E-01	 0.18563400E-01
  698.00000    	  699.00000    	-0.49801003E-01	 0.19689742E-01
  699.00000    	  700.00000    	 0.48827023E-01	 0.19719781E-01
  700.00000    	  701.00000    	 0.96657070E-01	 0.24349652E-01
  701.00000    	  702.00000    	 0.96764514E-01	 0.25017071E-01
  702.00000    	  703.00000    	 0.92776588E-01	 0.25570104E-01
  703.00000    	  704.00000    	 0.84071806E-01	 0.24088686E-01
  704.00000    	  705.00000    	 0.22804897E-01	 0.15833195E-01
  705.00000    	  706.00000    	 0.30431270E-02	 0.18777486E-01
  706.00000    	  707.00000    	-0.58651272E-02	 0.16784590E-01
  707.00000    	  708.00000    	 0.42106034E-01	 0.18656596E-01
  708.00000    	  709.00000    	-0.30404778E-02	 0.18855655E-01
  709.00000    	  710.00000    	 0.65118214E-01	 0.21417932E-01
  710.00000    	  711.00000    	-0.29833914E-01	 0.18084852E-01
  711.00000    	  712.00000    	-0.53336389E-02	 0.21693437E-01
  712.00000    	  713.00000    	 0.36087925E-01	 0.22213572E-01
  713.00000    	  714.00000    	 0.85826297E-01	 0.23450277E-01
  714.00000    	  715.00000    	 0.12605360    	 0.24768214E-01
  715.00000    	  716.00000    	 0.14059633E-01	 0.16891621E-01
  716.00000    	  717.00000    	 0.42590261E-01	 0.15169798E-01
  717.00000    	  718.00000    	-0.15744873E-02	 0.18376635E-01
  718.00000    	  719.00000    	-0.11765186E-01	 0.17410411E-01
  719.00000    	  720.00000    	-0.15882900E-02	 0.18100347E-01
  720.00000    	  721.00000    	 0.72304312E-01	 0.21553815E-01
  721.00000    	  722.00000    	 0.87418210E-01	 0.20487443E-01
  722.00000    	  723.00000    	-0.15764811E-01	 0.19932189E-01
  723.00000    	  724.00000    	 0.83685544E-01	 0.24241037E-01
  724.00000    	  725.00000    	 0.11198651    	 0.22969224E-01
  725.00000    	  726.00000    	 0.10871420    	 0.25789342E-01
  726.00000    	  727.00000    	 0.31687931E-01	 0.17921046E-01
  727.00000    	  728.00000    	 0.46128504E-01	 0.16778724E-01
  728.00000    	  729.00000    	 0.60112824E-01	 0.19528585E-01
  729.00000    	  730.00000    	 0.80064960E-02	 0.15729392E-01
  730.00000    	  731.00000    	 0.15630200E-01	 0.16253941E-01
  731.00000    	  732.00000    	 0.10749317    	 0.19012400E-01
  732.00000    	  733.00000    	 0.55705968E-01	 0.21519969E-01
  733.00000    	  734.00000    	 0.14911757    	 0.24055769E-01
  734.00000    	  735.00000    	 0.80065511E-01	 0.20740786E-01
  735.00000    	  736.00000    	 0.78262226E-01	 0.26455689E-01
  736.00000    	  737.00000    	 0.72117761E-01	 0.25878270E-01
  737.00000    	  738.00000    	-0.74883972E-02	 0.17265403E-01
  738.00000    	  739.00000    	-0.89044721E-02	 0.18032441E-01
  739.00000    	  740.00000    	 0.14126059E-01	 0.16018195E-01
  740.00000    	  741.00000    	 0.71787470E-01	 0.17408459E-01
  741.00000    	  742.00000    	 0.77552019E-01	 0.17533021E-01
  742.00000    	  743.00000    	-0.98033797E-02	 0.18583915E-01
  743.00000    	  744.00000    	 0.82426216E-01	 0.19872330E-01
  744.00000    	  745.00000    	 0.64814035E-01	 0.24920922E-01
  745.00000    	  746.00000    	 0.12907900    	 0.21908775E-01
  746.00000    	  747.00000    	 0.12306135    	 0.24584174E-01
  747.00000    	  748.00000    	-0.25803418E-01	 0.26053930E-01
  748.00000    	  749.00000    	-0.12791225E-02	 0.16823445E-01
  749.00000    	  750.00000    	 0.10522306E-01	 0.16430136E-01
  750.00000    	  751.00000    	 0.70229009E-01	 0.16982754E-01
  751.00000    	  752.00000    	-0.17600472E-01	 0.17126302E-01
  752.00000    	  753.00000    	 0.10387953E-02	 0.17188643E-01
  753.00000    	  754.00000    	-0.26230314E-01	 0.17077638E-01
  754.00000    	  755.00000    	 0.15070674    	 0.22480601E-01
  755.00000    	  756.00000    	 0.15008633    	 0.25714980E-01
  756.00000    	  757.00000    	 0.51154664E-01	 0.24365000E-01
  757.00000    	  758.00000    	-0.34357056E-01	 0.26958032E-01
  758.00000    	  759.00000    	 0.21601209E-01	 0.25268105E-01
  759.00000    	  760.00000    	 0.82584746E-02	 0.15992085E-01
  760.00000    	  761.00000    	 0.83446037E-02	 0.14355348E-01
  761.00000    	  762.00000    	-0.13211313E-01	 0.16502482E-01
  762.00000    	  763.00000    	 0.17047966E-01	 0.15567343E-01
  763.00000    	  764.00000    	 0.79519096E-01	 0.20736243E-01
  764.00000    	  765.00000    	 0.96037048E-01	 0.18763092E-01
  765.00000    	  766.00000    	 0.43849392E-01	 0.22583469E-01
  766.00000    	  767.00000    	 0.34095730E-01	 0.23622588E-01
  767.00000    	  768.00000    	 0.22279181E-01	 0.21983121E-01
  768.00000    	  769.00000    	 0.10859270    	 0.26434575E-01
  769.00000    	  770.00000    	 0.90680930E-01	 0.25854961E-01
  770.00000    	  771.00000    	-0.91278229E-02	 0.14559221E-01
  771.00000    	  772.00000    	 0.12733436E-01	 0.15784413E-01
  772.00000    	  773.00000    	-0.21485725E-02	 0.16743742E-01
  773.00000    	  774.00000    	-0.24915520E-01	 0.17511858E-01
  774.00000    	  775.00000    	 0.49006350E-02	 0.18977505E-01
  775.00000    	  776.00000    	 0.34382406E-01	 0.18372536E-01
  776.00000    	  777.00000    	 0.37044401E-01	 0.20570596E-01
  777.00000    	  778.00000    	 0.88212532E-01	 0.22120102E-01
  778.00000    	  779.00000    	 0.15364714    	 0.23412272E-01
  779.00000    	  780.00000    	 0.13296711    	 0.23451187E-01
  780.00000    	  781.00000    	 0.10211418    	 0.25679325E-01
  781.00000    	  782.00000    	 0.13285596E-01	 0.15954430E-01
  782.00000    	  783.00000    	-0.16774208E-02	 0.14640691E-01
  783.00000    	  784.00000    	 0.77850527E-02	 0.19480153E-01
  784.00000    	  785.00000    	 0.64540146E-01	 0.16807661E-01
  785.00000    	  786.00000    	 0.44887562E-01	 0.18454491E-01
  786.00000    	  787.00000    	 0.45502968E-01	 0.18710271E-01
  787.00000    	  788.00000    	-0.73260383E-02	 0.24728011E-01
  788.00000    	  789.00000    	 0.13815767    	 0.22411170E-01
  789.00000    	  790.00000    	-0.30127856E-01	 0.24994982E-01
  790.00000    	  791.00000    	 0.10014472    	 0.25037163E-01
  791.00000    	  792.00000    	-0.12074494E-01	 0.24377663E-01
  792.00000    	  793.00000    	 0.25483267E-01	 0.15351666E-01
  793.00000    	  794.00000    	 0.40753193E-02	 0.14404323E-01
  794.00000    	  795.00000    	 0.90717793E-02	 0.17131827E-01
  795.00000    	  796.00000    	 0.23830625E-01	 0.15767438E-01
  796.00000    	  797.00000    	 0.83470290E-01	 0.20838352E-01
  797.00000    	  798.00000    	 0.20595217E-01	 0.18074532E-01
  798.00000    	  799.00000    	 0.51154333E-01	 0.21693159E-01
  799.00000    	  800.00000    	-0.25062056E-01	 0.21160609E-01
  800.00000    	  801.00000    	 0.96304468E-01	 0.23811741E-01
  801.00000    	  802.00000    	 0.45323698E-01	 0.24887723E-01
  802.00000    	  803.00000    	 0.11105118    	 0.28566471E-01
  803.00000    	  804.00000    	 0.20908070E-01	 0.13264052E-01
  804.00000    	  805.00000    	-0.21516305E-01	 0.14138777E-01
  805.00000    	  806.00000    	-0.32819950E-01	 0.17070612E-01
  806.00000    	  807.00000    	 0.65863196E-01	 0.18022737E-01
  807.00000    	  808.00000    	-0.28978151E-01	 0.17325831E-01
  808.00000    	  809.00000    	-0.12318550E-01	 0.21284399E-01
  809.00000    	  810.00000    	 0.73461229E-01	 0.22008698E-01
  810.00000    	  811.00000    	 0.83633883E-01	 0.21470193E-01
  811.00000    	  812.00000    	 0.88045480E-01	 0.23696635E-01
  812.00000    	  813.00000    	 0.65971958E-01	 0.28428246E-01
  813.00000    	  814.00000    	 0.58442292E-01	 0.24505419E-01
  814.00000    	  815.00000    	-0.42621111E-02	 0.15487001E-01
  815.00000    	  816.00000    	 0.11886703E-01	 0.13793687E-01
  816.00000    	  817.00000    	-0.12990247E-01	 0.15634080E-01
  817.00000    	  818.00000    	-0.11104054E-01	 0.17401632E-01
  818.00000    	  819.00000    	 0.81979786E-02	 0.16738688E-01
  819.00000    	  820.00000    	 0.91486951E-01	 0.17130383E-01
  820.00000    	  821.00000    	 0.43777370E-01	 0.19468436E-01
  821.00000    	  822.00000    	-0.91852323E-02	 0.20388110E-01
  822.00000    	  823.00000    	 0.91735173E-01	 0.19048338E-01
  823.00000    	  824.00000    	 0.93209192E-01	 0.25543933E-01
  824.00000    	  825.00000    	 0.70768311E-01	 0.23773710E-01
  825.00000    	  826.00000    	 0.14565102E-01	 0.17747687E-01
  826.00000    	  827.00000    	-0.12720378E-01	 0.15864022E-01
  827.00000    	  828.00000    	 0.16353680E-01	 0.16059856E-01
  828.00000    	  829.00000    	-0.75486797E-02	 0.18424873E-01
  829.00000    	  830.00000    	 0.21996252E-01	 0.19107255E-01
  830.00000    	  831.00000    	 0.22147310E-01	 0.17561662E-01
  831.00000    	  832.00000    	 0.12134929E-01	 0.19125800E-01
  832.00000    	  833.00000    	-0.12229246E-01	 0.19158185E-01
  833.00000    	  834.00000    	-0.20795639E-03	 0.21708666E-01
  834.00000    	  835.00000    	 0.12363486    	 0.25305676E-01
  835.00000    	  836.00000    	 0.61274263E-01	 0.23128659E-01
  836.00000    	  837.00000    	 0.79857962E-02	 0.14620437E-01
  837.00000    	  838.00000    	 0.24564550E-01	 0.17500312E-01
  838.00000    	  839.00000    	 0.13342875E-01	 0.15199257E-01
  839.00000    	  840.00000    	 0.29706265E-01	 0.18871814E-01
  840.00000    	  841.00000    	 0.10047681    	 0.19065355E-01
  841.00000    	  842.00000    	 0.31738791E-01	 0.18124708E-01
  842.00000    	  843.00000    	 0.56769644E-02	 0.19565109E-01
  843.00000    	  844.00000    	 0.72467721E-01	 0.22310403E-01
  844.00000    	  845.00000    	 0.62892171E-01	 0.18986344E-01
  845.00000    	  846.00000    	 0.49245201E-01	 0.24369327E-01
  846.00000    	  847.00000    	 0.24144886E-01	 0.25564686E-01
  847.00000    	  848.00000    	 0.56121154E-03	 0.14017223E-01
  848.00000    	  849.00000    	 0.61711904E-01	 0.15567067E-01
  849.00000    	  850.00000    	-0.19851582E-01	 0.14834303E-01
  850.00000    	  851.00000    	-0.35426186E-02	 0.18081458E-01
  851.00000    	  852.00000    	-0.44336175E-02	 0.20639561E-01
  852.00000    	  853.00000    	-0.18007697E-01	 0.16867149E-01
  853.00000    	  854.00000    	 0.28116249E-02	 0.19964474E-01
  854.00000    	  855.00000    	 0.84614882E-01	 0.23004887E-01
  855.00000    	  856.00000    	 0.82501173E-01	 0.21634416E-01
  856.00000    	  857.00000    	 0.82923755E-01	 0.24949225E-01
  857.00000    	  858.00000    	 0.82166409E-01	 0.26153348E-01
  858.00000    	  859.00000    	 0.15163525E-01	 0.16029375E-01
  859.00000    	  860.00000    	 0.59044841E-02	 0.14389368E-01
  860.00000    	  861.00000    	-0.23290433E-01	 0.15176038E-01
  861.00000    	  862.00000    	-0.62475537E-02	 0.17917201E-01
  862.00000    	  863.00000    	 0.98109816E-02	 0.18473638E-01
  863.00000    	  864.00000    	 0.11835471E-01	 0.18008317E-01
  864.00000    	  865.00000    	-0.32733421E-01	 0.17090454E-01
  865.00000    	  866.00000    	 0.11538159    	 0.23019659E-01
  866.00000    	  867.00000    	 0.63281504E-01	 0.20536236E-01
  867.00000    	  868.00000    	 0.88216313E-01	 0.21993356E-01
  868.00000    	  869.00000    	 0.56337296E-01	 0.23253915E-01
  869.00000    	  870.00000    	 0.19870966E-01	 0.13960236E-01
  870.00000    	  871.00000    	 0.82869142E-03	 0.12341247E-01
  871.00000    	  872.00000    	 0.17421741E-01	 0.16602356E-01
  872.00000    	  873.00000    	-0.18215150E-01	 0.16346176E-01
  873.00000    	  874.00000    	 0.34358743E-01	 0.16894112E-01
  874.00000    	  875.00000    	 0.52847101E-01	 0.19913934E-01
  875.00000    	  876.00000    	 0.74847471E-01	 0.19934746E-01
  876.00000    	  877.00000    	-0.12166098E-01	 0.21280409E-01
  877.00000    	  878.00000    	 0.62211106E-01	 0.22543321E-01
  878.00000    	  879.00000    	 0.11834296    	 0.20469811E-01
  879.00000    	  880.00000    	 0.35237002E-01	 0.25170361E-01
  880.00000    	  881.00000    	 0.80742340E-02	 0.14210816E-01
  881.00000    	  882.00000    	 0.20366218E-01	 0.13377318E-01
  882.00000    	  883.00000    	-0.44472990E-02	 0.15350264E-01
  883.00000    	  884.00000    	 0.40308055E-03	 0.14886810E-01
  884.00000    	  885.00000    	 0.19048098E-01	 0.15852093E-01
  885.00000    	  886.00000    	 0.33527541E-02	 0.20075801E-01
  886.00000    	  887.00000    	 0.16566911E-01	 0.24640612E-01
  887.00000    	  888.00000    	 0.77857912E-01	 0.23494874E-01
  888.00000    	  889.00000    	 0.68249236E-01	 0.26170377E-01
  889.00000    	  890.00000    	 0.28618631E-01	 0.16461482E-01
  890.00000    	  891.00000    	 0.47288082E-01	 0.25171306E-01
  891.00000    	  892.00000    	 0.22787141E-01	 0.13573822E-01
  892.00000    	  893.00000    	 0.16156676E-01	 0.13829063E-01
  893.00000    	  894.00000    	 0.20188235E-01	 0.14418108E-01
  894.00000    	  895.00000    	 0.41301154E-01	 0.15797272E-01
  895.00000    	  896.00000    	 0.24158102E-01	 0.15714117E-01
  896.00000    	  897.00000    	-0.66058339E-02	 0.16361673E-01
  897.00000    	  898.00000    	 0.32965780E-01	 0.17466188E-01
  898.00000    	  899.00000    	 0.11310592    	 0.20652665E-01
  899.00000    	  900.00000    	 0.66197807E-01	 0.24761962E-01
  900.00000    	  901.00000    	 0.78238530E-01	 0.22862180E-01
  901.00000    	  902.00000    	 0.76160458E-01	 0.24932262E-01
  902.00000    	  903.00000    	 0.13525215E-01	 0.12411233E-01
  903.00000    	  904.00000    	 0.27706119E-01	 0.14919135E-01
  904.00000    	  905.00000    	-0.16014820E-01	 0.14452331E-01
  905.00000    	  906.00000    	 0.29098317E-01	 0.14991590E-01
  906.00000    	  907.00000    	 0.90627230E-03	 0.19552682E-01
  907.00000    	  908.00000    	 0.63842803E-01	 0.17683743E-01
  908.00000    	  909.00000    	 0.45503632E-01	 0.18860386E-01
  909.00000    	  910.00000    	 0.12390993E-01	 0.20522524E-01
  910.00000    	  911.00000    	 0.12356042    	 0.21900022E-01
  911.00000    	  912.00000    	 0.80989737E-01	 0.22099656E-01
  912.00000    	  913.00000    	-0.57894105E-02	 0.25466671E-01
  913.00000    	  914.00000    	-0.10831188E-01	 0.11385041E-01
  914.00000    	  915.00000    	 0.23674622E-01	 0.13618155E-01
  915.00000    	  916.00000    	 0.16013438E-01	 0.15228103E-01
  916.00000    	  917.00000    	 0.81748479E-02	 0.14227744E-01
  917.00000    	  918.00000    	 0.59725896E-01	 0.15831900E-01
  918.00000    	  919.00000    	-0.76054543E-02	 0.17376834E-01
  919.00000    	  920.00000    	 0.58503229E-03	 0.22778830E-01
  920.00000    	  921.00000    	 0.11896652E-01	 0.15798106E-01
  921.00000    	  922.00000    	 0.69414487E-01	 0.24680064E-01
  922.00000    	  923.00000    	 0.74577158E-01	 0.20925519E-01
  923.00000    	  924.00000    	 0.12715087E-01	 0.21514712E-01
  924.00000    	  925.00000    	 0.36386044E-01	 0.14932309E-01
  925.00000    	  926.00000    	-0.10758078E-02	 0.16743570E-01
  926.00000    	  927.00000    	 0.50656735E-01	 0.15495762E-01
  927.00000    	  928.00000    	-0.69300604E-02	 0.14432454E-01
  928.00000    	  929.00000    	 0.38117412E-01	 0.17690703E-01
  929.00000    	  930.00000    	-0.10088554E-01	 0.16421929E-01
  930.00000    	  931.00000    	 0.50331759E-01	 0.21601367E-01
  931.00000    	  932.00000    	 0.26251299E-01	 0.20738478E-01
  932.00000    	  933.00000    	 0.49798628E-01	 0.26236305E-01
  933.00000    	  934.00000    	 0.67401623E-01	 0.21708587E-01
  934.00000    	  935.00000    	 0.37386968E-01	 0.21063563E-01
  935.00000    	  936.00000    	-0.32313186E-01	 0.14624576E-01
  936.00000    	  937.00000    	-0.18820324E-01	 0.12620111E-01
  937.00000    	  938.00000    	 0.10453668E-01	 0.10917177E-01
  938.00000    	  939.00000    	-0.25444228E-01	 0.16885681E-01
  939.00000    	  940.00000    	 0.16925744E-01	 0.16248325E-01
  940.00000    	  941.00000    	 0.53668997E-01	 0.19636966E-01
  941.00000    	  942.00000    	 0.61912016E-01	 0.18287461E-01
  942.00000    	  943.00000    	 0.84647945E-01	 0.19510964E-01
  943.00000    	  944.00000    	 0.40058891E-01	 0.21222867E-01
  944.00000    	  945.00000    	 0.57004005E-01	 0.22633172E-01
  945.00000    	  946.00000    	 0.94376766E-01	 0.24141412E-01
  946.00000    	  947.00000    	 0.37630752E-02	 0.12448343E-01
  947.00000    	  948.00000    	 0.44902101E-02	 0.12312175E-01
  948.00000    	  949.00000    	 0.18864448E-01	 0.15768595E-01
  949.00000    	  950.00000    	 0.47626544E-03	 0.15033044E-01
  950.00000    	  951.00000    	 0.51222507E-01	 0.19125573E-01
  951.00000    	  952.00000    	-0.15969128E-02	 0.19016930E-01
  952.00000    	  953.00000    	 0.84136743E-03	 0.14830771E-01
  953.00000    	  954.00000    	 0.75950377E-01	 0.18792970E-01
  954.00000    	  955.00000    	 0.56204342E-01	 0.19161340E-01
  955.00000    	  956.00000    	 0.88503194E-01	 0.24157690E-01
  956.00000    	  957.00000    	 0.65354388E-01	 0.24232799E-01
  957.00000    	  958.00000    	 0.98627126E-02	 0.12904845E-01
  958.00000    	  959.00000    	 0.35553842E-01	 0.14116993E-01
  959.00000    	  960.00000    	 0.19008874E-01	 0.12782477E-01
  960.00000    	  961.00000    	 0.18680390E-01	 0.12253886E-01
  961.00000    	  962.00000    	 0.39803963E-02	 0.17768429E-01
  962.00000    	  963.00000    	-0.19709658E-01	 0.17593433E-01
  963.00000    	  964.00000    	 0.62971710E-01	 0.20201416E-01
  964.00000    	  965.00000    	 0.64891445E-01	 0.20499945E-01
  965.00000    	  966.00000    	 0.67354822E-01	 0.21663955E-01
  966.00000    	  967.00000    	 0.62565440E-01	 0.23821282E-01
  967.00000    	  968.00000    	 0.47702731E-01	 0.21946350E-01
  968.00000    	  969.00000    	-0.65108898E-02	 0.14544951E-01
  969.00000    	  970.00000    	-0.82041303E-02	 0.13278935E-01
  970.00000    	  971.00000    	 0.41554025E-01	 0.14268105E-01
  971.00000    	  972.00000    	 0.44609405E-01	 0.13362182E-01
  972.00000    	  973.00000    	 0.15853051E-01	 0.15103314E-01
  973.00000    	  974.00000    	 0.16509868E-01	 0.19314290E-01
  974.00000    	  975.00000    	-0.36026063E-01	 0.20136701E-01
  975.00000    	  976.00000    	 0.41981099E-01	 0.21519779E-01
  976.00000    	  977.00000    	 0.34400369E-01	 0.20360393E-01
  977.00000    	  978.00000    	 0.61800018E-01	 0.21703426E-01
  978.00000    	  979.00000    	 0.64340036E-01	 0.21711016E-01
  979.00000    	  980.00000    	 0.21189903E-01	 0.14528301E-01
  980.00000    	  981.00000    	 0.11829351E-01	 0.12938512E-01
  981.00000    	  982.00000    	-0.22948958E-01	 0.12369169E-01
  982.00000    	  983.00000    	-0.24793487E-02	 0.14477299E-01
  983.00000    	  984.00000    	-0.32352076E-02	 0.15830199E-01
  984.00000    	  985.00000    	 0.57885076E-02	 0.18727964E-01
  985.00000    	  986.00000    	 0.35091282E-01	 0.16853651E-01
  986.00000    	  987.00000    	 0.47264161E-01	 0.17988069E-01
  987.00000    	  988.00000    	-0.16280092E-01	 0.19694623E-01
  988.00000    	  989.00000    	 0.47704624E-01	 0.22363279E-01
  989.00000    	  990.00000    	-0.12749139E-01	 0.20719142E-01
  990.00000    	  991.00000    	 0.27668112E-01	 0.12792663E-01
  991.00000    	  992.00000    	 0.98525270E-02	 0.13684175E-01
  992.00000    	  993.00000    	-0.11342779E-02	 0.13085537E-01
  993.00000    	  994.00000    	 0.14632166E-02	 0.16530039E-01
  994.00000    	  995.00000    	 0.56286988E-01	 0.13781271E-01
  995.00000    	  996.00000    	 0.23043243E-01	 0.16594526E-01
  996.00000    	  997.00000    	 0.39082470E-01	 0.17857801E-01
  997.00000    	  998.00000    	 0.32609118E-01	 0.20322864E-01
  998.00000    	  999.00000    	 0.68167462E-01	 0.19047760E-01
  999.00000    	  1000.0000    	 0.53886385E-01	 0.22161153E-01
  1000.0000    	  1001.0000    	 0.67458822E-01	 0.20838124E-01
  1001.0000    	  1002.0000    	 0.11475721E-01	 0.13421402E-01
  1002.0000    	  1003.0000    	 0.16611913E-01	 0.12372795E-01
  1003.0000    	  1004.0000    	 0.26724700E-01	 0.15214677E-01
  1004.0000    	  1005.0000    	 0.81772819E-02	 0.13465897E-01
  1005.0000    	  1006.0000    	 0.10579228E-01	 0.18612875E-01
  1006.0000    	  1007.0000    	 0.56641169E-01	 0.17209524E-01
  1007.0000    	  1008.0000    	-0.29130737E-01	 0.18390089E-01
  1008.0000    	  1009.0000    	 0.32397566E-01	 0.15979731E-01
  1009.0000    	  1010.0000    	 0.74209199E-01	 0.19584663E-01
  1010.0000    	  1011.0000    	 0.19386665E-01	 0.20779245E-01
  1011.0000    	  1012.0000    	-0.20209272E-01	 0.15112332E-01
  1012.0000    	  1013.0000    	-0.14070885E-01	 0.11385760E-01
  1013.0000    	  1014.0000    	-0.14026157E-01	 0.12708377E-01
  1014.0000    	  1015.0000    	 0.17362894E-01	 0.12281231E-01
  1015.0000    	  1016.0000    	 0.58240480E-01	 0.14167599E-01
  1016.0000    	  1017.0000    	-0.97948239E-03	 0.17340110E-01
  1017.0000    	  1018.0000    	-0.12630688E-01	 0.17091532E-01
  1018.0000    	  1019.0000    	 0.39002001E-01	 0.18368545E-01
  1019.0000    	  1020.0000    	 0.10401988E-02	 0.18892158E-01
  1020.0000    	  1021.0000    	 0.88740181E-02	 0.18087956E-01
  1021.0000    	  1022.0000    	 0.84222572E-01	 0.22582501E-01
  1022.0000    	  1023.0000    	 0.63539781E-01	 0.22009842E-01
  1023.0000    	  1024.0000    	 0.20639175E-02	 0.11946136E-01
  1024.0000    	  1025.0000    	 0.87103154E-02	 0.11253630E-01
  1025.0000    	  1026.0000    	 0.21650160E-01	 0.12905303E-01
  1026.0000    	  1027.0000    	 0.25958900E-01	 0.12874400E-01
  1027.0000    	  1028.0000    	-0.84862829E-02	 0.14512412E-01
  1028.0000    	  1029.0000    	 0.52597625E-01	 0.16997769E-01
  1029.0000    	  1030.0000    	 0.70760840E-01	 0.16197167E-01
  1030.0000    	  1031.0000    	 0.55256154E-01	 0.19991739E-01
  1031.0000    	  1032.0000    	 0.34872624E-01	 0.19787257E-01
  1032.0000    	  1033.0000    	 0.21599103E-01	 0.21629600E-01
  1033.0000    	  1034.0000    	 0.10744820E-01	 0.20621327E-01
