# xi2
# underflow	 -1919.0861    	  2.5816725    
# overflow	-0.69889355    	 0.11610462    
# sum	 -2486.9597    	  3.0251412    
# xmin	xmax	cross	numerror
  0.0000000    	  1.0000000    	 -2.2405984    	 0.99382415E-01
  1.0000000    	  2.0000000    	 -2.2499865    	 0.10306396    
  2.0000000    	  3.0000000    	 -2.1315273    	 0.97578052E-01
  3.0000000    	  4.0000000    	 -2.3074961    	 0.90499006E-01
  4.0000000    	  5.0000000    	 -2.2359049    	 0.91989703E-01
  5.0000000    	  6.0000000    	 -2.3183042    	 0.85372182E-01
  6.0000000    	  7.0000000    	 -2.2842957    	 0.88084205E-01
  7.0000000    	  8.0000000    	 -2.5171038    	 0.93322317E-01
  8.0000000    	  9.0000000    	 -2.4653653    	 0.97489709E-01
  9.0000000    	  10.000000    	 -2.4195662    	 0.96562052E-01
  10.000000    	  11.000000    	 -2.0303562    	 0.95720619E-01
  11.000000    	  12.000000    	 -2.0258822    	 0.93724214E-01
  12.000000    	  13.000000    	 -2.2089398    	 0.94957550E-01
  13.000000    	  14.000000    	 -2.1570170    	 0.10019388    
  14.000000    	  15.000000    	 -2.1961703    	 0.89826711E-01
  15.000000    	  16.000000    	 -2.3619509    	 0.88031674E-01
  16.000000    	  17.000000    	 -2.0839698    	 0.90645900E-01
  17.000000    	  18.000000    	 -2.2257234    	 0.85189249E-01
  18.000000    	  19.000000    	 -2.2071098    	 0.88077035E-01
  19.000000    	  20.000000    	 -2.0481850    	 0.88936386E-01
  20.000000    	  21.000000    	 -2.2237122    	 0.86426970E-01
  21.000000    	  22.000000    	 -2.2995089    	 0.86477013E-01
  22.000000    	  23.000000    	 -2.0979743    	 0.95879907E-01
  23.000000    	  24.000000    	 -1.8778416    	 0.96320385E-01
  24.000000    	  25.000000    	 -1.8411235    	 0.94414310E-01
  25.000000    	  26.000000    	 -1.9503475    	 0.89285444E-01
  26.000000    	  27.000000    	 -2.0233272    	 0.83184543E-01
  27.000000    	  28.000000    	 -2.1062439    	 0.81495526E-01
  28.000000    	  29.000000    	 -2.0040776    	 0.86174465E-01
  29.000000    	  30.000000    	 -2.1706070    	 0.85616344E-01
  30.000000    	  31.000000    	 -2.1156517    	 0.81311573E-01
  31.000000    	  32.000000    	 -2.0746668    	 0.86844704E-01
  32.000000    	  33.000000    	 -2.1120976    	 0.98934693E-01
  33.000000    	  34.000000    	 -2.0401224    	 0.91094858E-01
  34.000000    	  35.000000    	 -1.9090836    	 0.89560523E-01
  35.000000    	  36.000000    	 -1.9569531    	 0.85629895E-01
  36.000000    	  37.000000    	 -2.0754862    	 0.78272383E-01
  37.000000    	  38.000000    	 -2.0250279    	 0.80134945E-01
  38.000000    	  39.000000    	 -2.0313420    	 0.78095650E-01
  39.000000    	  40.000000    	 -1.9901144    	 0.83141061E-01
  40.000000    	  41.000000    	 -1.9626212    	 0.78080660E-01
  41.000000    	  42.000000    	 -2.0245593    	 0.88306954E-01
  42.000000    	  43.000000    	 -1.8017498    	 0.83788012E-01
  43.000000    	  44.000000    	 -1.9395674    	 0.92829040E-01
  44.000000    	  45.000000    	 -1.7407941    	 0.93707624E-01
  45.000000    	  46.000000    	 -2.0245774    	 0.84426850E-01
  46.000000    	  47.000000    	 -1.7601742    	 0.83554863E-01
  47.000000    	  48.000000    	 -1.9590914    	 0.74458405E-01
  48.000000    	  49.000000    	 -1.8799376    	 0.89453110E-01
  49.000000    	  50.000000    	 -1.9158214    	 0.77097027E-01
  50.000000    	  51.000000    	 -1.7837758    	 0.75642027E-01
  51.000000    	  52.000000    	 -1.7901361    	 0.82205074E-01
  52.000000    	  53.000000    	 -1.7962255    	 0.86692058E-01
  53.000000    	  54.000000    	 -1.9403551    	 0.85060023E-01
  54.000000    	  55.000000    	 -1.7846281    	 0.85166064E-01
  55.000000    	  56.000000    	 -1.8738800    	 0.85955721E-01
  56.000000    	  57.000000    	 -1.7432002    	 0.78176318E-01
  57.000000    	  58.000000    	 -1.8145367    	 0.78219038E-01
  58.000000    	  59.000000    	 -1.7758765    	 0.77816616E-01
  59.000000    	  60.000000    	 -1.8157492    	 0.88224460E-01
  60.000000    	  61.000000    	 -1.7810355    	 0.78705731E-01
  61.000000    	  62.000000    	 -1.7313506    	 0.83432418E-01
  62.000000    	  63.000000    	 -1.6880727    	 0.81420611E-01
  63.000000    	  64.000000    	 -1.7252798    	 0.82583057E-01
  64.000000    	  65.000000    	 -1.7446914    	 0.80242948E-01
  65.000000    	  66.000000    	 -1.5908261    	 0.80390341E-01
  66.000000    	  67.000000    	 -1.6545198    	 0.80256850E-01
  67.000000    	  68.000000    	 -1.7895511    	 0.82504114E-01
  68.000000    	  69.000000    	 -1.7666341    	 0.80866186E-01
  69.000000    	  70.000000    	 -1.6402037    	 0.80471073E-01
  70.000000    	  71.000000    	 -1.6926185    	 0.84329207E-01
  71.000000    	  72.000000    	 -1.6839603    	 0.79759597E-01
  72.000000    	  73.000000    	 -1.8070328    	 0.79641438E-01
  73.000000    	  74.000000    	 -1.7895275    	 0.75312701E-01
  74.000000    	  75.000000    	 -1.6896334    	 0.79379709E-01
  75.000000    	  76.000000    	 -1.5475246    	 0.74867464E-01
  76.000000    	  77.000000    	 -1.4936140    	 0.77124546E-01
  77.000000    	  78.000000    	 -1.6438903    	 0.82996345E-01
  78.000000    	  79.000000    	 -1.5852453    	 0.82080062E-01
  79.000000    	  80.000000    	 -1.6363030    	 0.83541904E-01
  80.000000    	  81.000000    	 -1.7197419    	 0.75731901E-01
  81.000000    	  82.000000    	 -1.6614287    	 0.75617051E-01
  82.000000    	  83.000000    	 -1.7447786    	 0.76010373E-01
  83.000000    	  84.000000    	 -1.5344906    	 0.77301027E-01
  84.000000    	  85.000000    	 -1.5715318    	 0.75615743E-01
  85.000000    	  86.000000    	 -1.5788831    	 0.71592328E-01
  86.000000    	  87.000000    	 -1.5634728    	 0.67829867E-01
  87.000000    	  88.000000    	 -1.4443398    	 0.70541511E-01
  88.000000    	  89.000000    	 -1.7022562    	 0.80145390E-01
  89.000000    	  90.000000    	 -1.7276976    	 0.80321750E-01
  90.000000    	  91.000000    	 -1.5884143    	 0.84544988E-01
  91.000000    	  92.000000    	 -1.6565692    	 0.70663964E-01
  92.000000    	  93.000000    	 -1.5679705    	 0.67174911E-01
  93.000000    	  94.000000    	 -1.6468657    	 0.77903773E-01
  94.000000    	  95.000000    	 -1.5237927    	 0.74443151E-01
  95.000000    	  96.000000    	 -1.4944075    	 0.70859499E-01
  96.000000    	  97.000000    	 -1.3354341    	 0.71428079E-01
  97.000000    	  98.000000    	 -1.3513027    	 0.68000024E-01
  98.000000    	  99.000000    	 -1.4497238    	 0.65607457E-01
  99.000000    	  100.00000    	 -1.6720867    	 0.79122660E-01
  100.00000    	  101.00000    	 -1.4869080    	 0.75339987E-01
  101.00000    	  102.00000    	 -1.5296953    	 0.76326967E-01
  102.00000    	  103.00000    	 -1.4525337    	 0.68276049E-01
  103.00000    	  104.00000    	 -1.5708112    	 0.70058311E-01
  104.00000    	  105.00000    	 -1.5556442    	 0.72506413E-01
  105.00000    	  106.00000    	 -1.4348180    	 0.67289208E-01
  106.00000    	  107.00000    	 -1.4233677    	 0.78432868E-01
  107.00000    	  108.00000    	 -1.5351741    	 0.68053020E-01
  108.00000    	  109.00000    	 -1.3492618    	 0.69647582E-01
  109.00000    	  110.00000    	 -1.3714931    	 0.68120990E-01
  110.00000    	  111.00000    	 -1.3756821    	 0.76894158E-01
  111.00000    	  112.00000    	 -1.5187554    	 0.72421647E-01
  112.00000    	  113.00000    	 -1.4264407    	 0.71287279E-01
  113.00000    	  114.00000    	 -1.4778678    	 0.67512348E-01
  114.00000    	  115.00000    	 -1.3899820    	 0.70860153E-01
  115.00000    	  116.00000    	 -1.3759667    	 0.66795268E-01
  116.00000    	  117.00000    	 -1.5526279    	 0.69355448E-01
  117.00000    	  118.00000    	 -1.4124879    	 0.81610564E-01
  118.00000    	  119.00000    	 -1.3608941    	 0.67175665E-01
  119.00000    	  120.00000    	 -1.3692195    	 0.71066550E-01
  120.00000    	  121.00000    	 -1.2404052    	 0.63507401E-01
  121.00000    	  122.00000    	 -1.5722678    	 0.74955352E-01
  122.00000    	  123.00000    	 -1.3883537    	 0.73908580E-01
  123.00000    	  124.00000    	 -1.3968286    	 0.70260491E-01
  124.00000    	  125.00000    	 -1.3973378    	 0.67079451E-01
  125.00000    	  126.00000    	 -1.4441115    	 0.68630401E-01
  126.00000    	  127.00000    	 -1.4201784    	 0.68941926E-01
  127.00000    	  128.00000    	 -1.2408410    	 0.78748204E-01
  128.00000    	  129.00000    	 -1.2498039    	 0.68096554E-01
  129.00000    	  130.00000    	 -1.1949271    	 0.57412901E-01
  130.00000    	  131.00000    	 -1.2031067    	 0.69578970E-01
  131.00000    	  132.00000    	 -1.1796428    	 0.63681064E-01
  132.00000    	  133.00000    	 -1.4745763    	 0.73699001E-01
  133.00000    	  134.00000    	 -1.3853227    	 0.70176579E-01
  134.00000    	  135.00000    	 -1.3123299    	 0.75600121E-01
  135.00000    	  136.00000    	 -1.4765868    	 0.69889432E-01
  136.00000    	  137.00000    	 -1.2876106    	 0.73846918E-01
  137.00000    	  138.00000    	 -1.1939955    	 0.69452450E-01
  138.00000    	  139.00000    	 -1.3093476    	 0.72597089E-01
  139.00000    	  140.00000    	 -1.1830544    	 0.62988764E-01
  140.00000    	  141.00000    	 -1.3175045    	 0.64417302E-01
  141.00000    	  142.00000    	 -1.0704965    	 0.62212906E-01
  142.00000    	  143.00000    	 -1.0166950    	 0.66676743E-01
  143.00000    	  144.00000    	 -1.2925187    	 0.69349865E-01
  144.00000    	  145.00000    	 -1.2478401    	 0.67487856E-01
  145.00000    	  146.00000    	 -1.4107875    	 0.71224329E-01
  146.00000    	  147.00000    	 -1.2944302    	 0.72450501E-01
  147.00000    	  148.00000    	 -1.2848525    	 0.68447597E-01
  148.00000    	  149.00000    	 -1.2107830    	 0.66506287E-01
  149.00000    	  150.00000    	 -1.2375849    	 0.65137300E-01
  150.00000    	  151.00000    	 -1.2375709    	 0.66401192E-01
  151.00000    	  152.00000    	 -1.1806720    	 0.74074235E-01
  152.00000    	  153.00000    	 -1.0917672    	 0.66641049E-01
  153.00000    	  154.00000    	-0.96334363    	 0.62735797E-01
  154.00000    	  155.00000    	 -1.1989868    	 0.73623370E-01
  155.00000    	  156.00000    	 -1.4055845    	 0.66931869E-01
  156.00000    	  157.00000    	 -1.2085938    	 0.67892525E-01
  157.00000    	  158.00000    	 -1.2447149    	 0.67439016E-01
  158.00000    	  159.00000    	 -1.2730788    	 0.64778117E-01
  159.00000    	  160.00000    	 -1.2391065    	 0.65522842E-01
  160.00000    	  161.00000    	 -1.2141549    	 0.61570221E-01
  161.00000    	  162.00000    	 -1.0613218    	 0.61218613E-01
  162.00000    	  163.00000    	 -1.0598078    	 0.67813508E-01
  163.00000    	  164.00000    	 -1.1616500    	 0.60793714E-01
  164.00000    	  165.00000    	-0.95969133    	 0.57156945E-01
  165.00000    	  166.00000    	 -1.2692271    	 0.72234035E-01
  166.00000    	  167.00000    	 -1.1911994    	 0.67687646E-01
  167.00000    	  168.00000    	 -1.1591838    	 0.67237173E-01
  168.00000    	  169.00000    	 -1.0694822    	 0.66098120E-01
  169.00000    	  170.00000    	 -1.3119379    	 0.66007782E-01
  170.00000    	  171.00000    	 -1.0183156    	 0.62001077E-01
  171.00000    	  172.00000    	 -1.0966528    	 0.60193145E-01
  172.00000    	  173.00000    	-0.99187741    	 0.58882216E-01
  173.00000    	  174.00000    	-0.98842153    	 0.61090834E-01
  174.00000    	  175.00000    	-0.88149172    	 0.60920527E-01
  175.00000    	  176.00000    	-0.95279859    	 0.52758885E-01
  176.00000    	  177.00000    	 -1.2970953    	 0.72911399E-01
  177.00000    	  178.00000    	 -1.2052374    	 0.67568782E-01
  178.00000    	  179.00000    	 -1.2695880    	 0.66303656E-01
  179.00000    	  180.00000    	 -1.2941456    	 0.62143937E-01
  180.00000    	  181.00000    	 -1.1207098    	 0.65806071E-01
  181.00000    	  182.00000    	 -1.2140009    	 0.60124543E-01
  182.00000    	  183.00000    	 -1.0812750    	 0.57645904E-01
  183.00000    	  184.00000    	 -1.0082970    	 0.56666792E-01
  184.00000    	  185.00000    	 -1.0668057    	 0.57677211E-01
  185.00000    	  186.00000    	-0.95871461    	 0.59318384E-01
  186.00000    	  187.00000    	-0.89646094    	 0.53075890E-01
  187.00000    	  188.00000    	 -1.0904725    	 0.74514617E-01
  188.00000    	  189.00000    	 -1.1843028    	 0.63370648E-01
  189.00000    	  190.00000    	 -1.0963176    	 0.65640441E-01
  190.00000    	  191.00000    	 -1.0695996    	 0.68005235E-01
  191.00000    	  192.00000    	 -1.1077542    	 0.65125152E-01
  192.00000    	  193.00000    	 -1.1198283    	 0.63879868E-01
  193.00000    	  194.00000    	-0.98673191    	 0.59613363E-01
  194.00000    	  195.00000    	 -1.0159931    	 0.59948306E-01
  195.00000    	  196.00000    	-0.91495473    	 0.58569346E-01
  196.00000    	  197.00000    	-0.81928103    	 0.57403115E-01
  197.00000    	  198.00000    	-0.90910608    	 0.51757700E-01
  198.00000    	  199.00000    	 -1.0181996    	 0.66946817E-01
  199.00000    	  200.00000    	 -1.0445396    	 0.66417611E-01
  200.00000    	  201.00000    	 -1.0313678    	 0.62144640E-01
  201.00000    	  202.00000    	 -1.0302233    	 0.74205195E-01
  202.00000    	  203.00000    	 -1.1035083    	 0.62138967E-01
  203.00000    	  204.00000    	-0.93292949    	 0.63502629E-01
  204.00000    	  205.00000    	-0.96755071    	 0.61312094E-01
  205.00000    	  206.00000    	-0.92760640    	 0.56052027E-01
  206.00000    	  207.00000    	-0.95447592    	 0.56423916E-01
  207.00000    	  208.00000    	-0.86966905    	 0.56627107E-01
  208.00000    	  209.00000    	-0.68983918    	 0.55218986E-01
  209.00000    	  210.00000    	 -1.0333141    	 0.68347204E-01
  210.00000    	  211.00000    	 -1.0225824    	 0.66783089E-01
  211.00000    	  212.00000    	 -1.0544044    	 0.61140415E-01
  212.00000    	  213.00000    	 -1.0573809    	 0.64941536E-01
  213.00000    	  214.00000    	-0.97751503    	 0.66261620E-01
  214.00000    	  215.00000    	-0.99707884    	 0.63470501E-01
  215.00000    	  216.00000    	 -1.0082106    	 0.55100916E-01
  216.00000    	  217.00000    	-0.93470685    	 0.61734749E-01
  217.00000    	  218.00000    	-0.82728685    	 0.59181826E-01
  218.00000    	  219.00000    	-0.74062545    	 0.51917365E-01
  219.00000    	  220.00000    	-0.68794300    	 0.57051694E-01
  220.00000    	  221.00000    	 -1.0761060    	 0.67994106E-01
  221.00000    	  222.00000    	 -1.0752366    	 0.63086985E-01
  222.00000    	  223.00000    	-0.97458510    	 0.67669588E-01
  223.00000    	  224.00000    	 -1.0114125    	 0.60928615E-01
  224.00000    	  225.00000    	-0.90685883    	 0.59837887E-01
  225.00000    	  226.00000    	-0.82634505    	 0.61730446E-01
  226.00000    	  227.00000    	-0.83879042    	 0.56190203E-01
  227.00000    	  228.00000    	-0.75960985    	 0.55097120E-01
  228.00000    	  229.00000    	-0.74573435    	 0.55600673E-01
  229.00000    	  230.00000    	-0.87962507    	 0.51371164E-01
  230.00000    	  231.00000    	-0.64362785    	 0.54820283E-01
  231.00000    	  232.00000    	 -1.0842991    	 0.64602453E-01
  232.00000    	  233.00000    	-0.99258771    	 0.59910840E-01
  233.00000    	  234.00000    	 -1.0136897    	 0.66740997E-01
  234.00000    	  235.00000    	-0.85838722    	 0.63915196E-01
  235.00000    	  236.00000    	-0.93034598    	 0.57767870E-01
  236.00000    	  237.00000    	-0.92418173    	 0.59878515E-01
  237.00000    	  238.00000    	-0.87737609    	 0.55217351E-01
  238.00000    	  239.00000    	-0.88816062    	 0.51557006E-01
  239.00000    	  240.00000    	-0.84479338    	 0.51773427E-01
  240.00000    	  241.00000    	-0.75948778    	 0.50636225E-01
  241.00000    	  242.00000    	-0.66187729    	 0.50843158E-01
  242.00000    	  243.00000    	 -1.0742531    	 0.69100896E-01
  243.00000    	  244.00000    	 -1.0224801    	 0.58022617E-01
  244.00000    	  245.00000    	-0.90296479    	 0.62184801E-01
  245.00000    	  246.00000    	-0.95426032    	 0.60010139E-01
  246.00000    	  247.00000    	-0.84447838    	 0.57164376E-01
  247.00000    	  248.00000    	-0.80341961    	 0.57944653E-01
  248.00000    	  249.00000    	-0.82465845    	 0.51398616E-01
  249.00000    	  250.00000    	-0.81041867    	 0.53250104E-01
  250.00000    	  251.00000    	-0.75307011    	 0.51316311E-01
  251.00000    	  252.00000    	-0.59413430    	 0.46922604E-01
  252.00000    	  253.00000    	-0.62779780    	 0.49525967E-01
  253.00000    	  254.00000    	-0.95466527    	 0.69535459E-01
  254.00000    	  255.00000    	 -1.0825549    	 0.60277278E-01
  255.00000    	  256.00000    	 -1.0138668    	 0.57693686E-01
  256.00000    	  257.00000    	-0.92472625    	 0.65410478E-01
  257.00000    	  258.00000    	-0.80389828    	 0.56298453E-01
  258.00000    	  259.00000    	-0.92837940    	 0.56358766E-01
  259.00000    	  260.00000    	-0.86069639    	 0.52372795E-01
  260.00000    	  261.00000    	-0.67894259    	 0.50891398E-01
  261.00000    	  262.00000    	-0.74509154    	 0.52546164E-01
  262.00000    	  263.00000    	-0.59993898    	 0.47096550E-01
  263.00000    	  264.00000    	-0.60158935    	 0.49399214E-01
  264.00000    	  265.00000    	-0.82372760    	 0.64932596E-01
  265.00000    	  266.00000    	-0.88018062    	 0.59204666E-01
  266.00000    	  267.00000    	-0.84136128    	 0.58430266E-01
  267.00000    	  268.00000    	-0.83678453    	 0.59878724E-01
  268.00000    	  269.00000    	-0.83760087    	 0.53676154E-01
  269.00000    	  270.00000    	-0.71043085    	 0.51221318E-01
  270.00000    	  271.00000    	-0.73061599    	 0.57789856E-01
  271.00000    	  272.00000    	-0.74285872    	 0.50640574E-01
  272.00000    	  273.00000    	-0.74819259    	 0.53015738E-01
  273.00000    	  274.00000    	-0.71453151    	 0.47704317E-01
  274.00000    	  275.00000    	-0.65425051    	 0.50196936E-01
  275.00000    	  276.00000    	-0.83560908    	 0.63244958E-01
  276.00000    	  277.00000    	-0.95653933    	 0.63023768E-01
  277.00000    	  278.00000    	-0.88753394    	 0.56181131E-01
  278.00000    	  279.00000    	-0.76266923    	 0.58502625E-01
  279.00000    	  280.00000    	-0.84606149    	 0.56211856E-01
  280.00000    	  281.00000    	-0.76899623    	 0.50366668E-01
  281.00000    	  282.00000    	-0.63283666    	 0.50323140E-01
  282.00000    	  283.00000    	-0.67052292    	 0.48358909E-01
  283.00000    	  284.00000    	-0.63108024    	 0.52113614E-01
  284.00000    	  285.00000    	-0.48782645    	 0.55398497E-01
  285.00000    	  286.00000    	-0.56023199    	 0.48435801E-01
  286.00000    	  287.00000    	-0.84658433    	 0.65037854E-01
  287.00000    	  288.00000    	-0.85239465    	 0.64394421E-01
  288.00000    	  289.00000    	-0.81813573    	 0.60019011E-01
  289.00000    	  290.00000    	-0.78896550    	 0.56858502E-01
  290.00000    	  291.00000    	-0.75558234    	 0.60642797E-01
  291.00000    	  292.00000    	-0.74915797    	 0.56365781E-01
  292.00000    	  293.00000    	-0.67823872    	 0.50469426E-01
  293.00000    	  294.00000    	-0.68490234    	 0.45998671E-01
  294.00000    	  295.00000    	-0.60722333    	 0.47222831E-01
  295.00000    	  296.00000    	-0.64538053    	 0.48061528E-01
  296.00000    	  297.00000    	-0.53953743    	 0.44907685E-01
  297.00000    	  298.00000    	-0.93548996    	 0.64816370E-01
  298.00000    	  299.00000    	-0.81469099    	 0.58026601E-01
  299.00000    	  300.00000    	-0.69524722    	 0.57292229E-01
  300.00000    	  301.00000    	-0.78364713    	 0.57780567E-01
  301.00000    	  302.00000    	-0.71091291    	 0.51327779E-01
  302.00000    	  303.00000    	-0.70089729    	 0.56028429E-01
  303.00000    	  304.00000    	-0.61639329    	 0.45668104E-01
  304.00000    	  305.00000    	-0.68365456    	 0.46188122E-01
  305.00000    	  306.00000    	-0.69451070    	 0.47344589E-01
  306.00000    	  307.00000    	-0.50403648    	 0.44725219E-01
  307.00000    	  308.00000    	-0.48379422    	 0.42150168E-01
  308.00000    	  309.00000    	-0.83818620    	 0.56298387E-01
  309.00000    	  310.00000    	-0.78130658    	 0.58950020E-01
  310.00000    	  311.00000    	-0.86131083    	 0.56510217E-01
  311.00000    	  312.00000    	-0.65275164    	 0.59016569E-01
  312.00000    	  313.00000    	-0.70090575    	 0.50918430E-01
  313.00000    	  314.00000    	-0.65415705    	 0.49105400E-01
  314.00000    	  315.00000    	-0.59555429    	 0.45436358E-01
  315.00000    	  316.00000    	-0.54269861    	 0.48393142E-01
  316.00000    	  317.00000    	-0.52548843    	 0.46285068E-01
  317.00000    	  318.00000    	-0.48167666    	 0.44032002E-01
  318.00000    	  319.00000    	-0.48786409    	 0.43782384E-01
  319.00000    	  320.00000    	-0.86183162    	 0.56076821E-01
  320.00000    	  321.00000    	-0.70457718    	 0.54817166E-01
  321.00000    	  322.00000    	-0.81745695    	 0.50406072E-01
  322.00000    	  323.00000    	-0.84855325    	 0.57506078E-01
  323.00000    	  324.00000    	-0.64998334    	 0.49231143E-01
  324.00000    	  325.00000    	-0.58781262    	 0.48969039E-01
  325.00000    	  326.00000    	-0.60149002    	 0.47740641E-01
  326.00000    	  327.00000    	-0.56321228    	 0.49171840E-01
  327.00000    	  328.00000    	-0.55790591    	 0.49182254E-01
  328.00000    	  329.00000    	-0.44758378    	 0.44533403E-01
  329.00000    	  330.00000    	-0.47960229    	 0.45416586E-01
  330.00000    	  331.00000    	-0.67234546    	 0.54009288E-01
  331.00000    	  332.00000    	-0.74656784    	 0.54062263E-01
  332.00000    	  333.00000    	-0.70754260    	 0.51177000E-01
  333.00000    	  334.00000    	-0.53980282    	 0.50630489E-01
  334.00000    	  335.00000    	-0.68642295    	 0.53457622E-01
  335.00000    	  336.00000    	-0.72075178    	 0.50325547E-01
  336.00000    	  337.00000    	-0.64780974    	 0.51815333E-01
  337.00000    	  338.00000    	-0.61103280    	 0.44581767E-01
  338.00000    	  339.00000    	-0.43865899    	 0.44299976E-01
  339.00000    	  340.00000    	-0.51331330    	 0.41950592E-01
  340.00000    	  341.00000    	-0.35032301    	 0.44580864E-01
  341.00000    	  342.00000    	-0.63351881    	 0.58752466E-01
  342.00000    	  343.00000    	-0.80071838    	 0.56261125E-01
  343.00000    	  344.00000    	-0.63231895    	 0.55243690E-01
  344.00000    	  345.00000    	-0.69772644    	 0.52818530E-01
  345.00000    	  346.00000    	-0.57503023    	 0.50109668E-01
  346.00000    	  347.00000    	-0.57748111    	 0.52255539E-01
  347.00000    	  348.00000    	-0.58807924    	 0.46800843E-01
  348.00000    	  349.00000    	-0.52719109    	 0.43271727E-01
  349.00000    	  350.00000    	-0.48246709    	 0.43090432E-01
  350.00000    	  351.00000    	-0.42072959    	 0.40688034E-01
  351.00000    	  352.00000    	-0.32373148    	 0.38084398E-01
  352.00000    	  353.00000    	-0.63784784    	 0.57815341E-01
  353.00000    	  354.00000    	-0.64950013    	 0.54617450E-01
  354.00000    	  355.00000    	-0.64851086    	 0.57686476E-01
  355.00000    	  356.00000    	-0.67904511    	 0.57981203E-01
  356.00000    	  357.00000    	-0.55141880    	 0.49420992E-01
  357.00000    	  358.00000    	-0.57328018    	 0.52230489E-01
  358.00000    	  359.00000    	-0.49793009    	 0.45768193E-01
  359.00000    	  360.00000    	-0.44235649    	 0.41181846E-01
  360.00000    	  361.00000    	-0.42030931    	 0.43827318E-01
  361.00000    	  362.00000    	-0.53879811    	 0.43132859E-01
  362.00000    	  363.00000    	-0.40168449    	 0.39257547E-01
  363.00000    	  364.00000    	-0.69876460    	 0.52344686E-01
  364.00000    	  365.00000    	-0.63401366    	 0.53163967E-01
  365.00000    	  366.00000    	-0.62087644    	 0.55002275E-01
  366.00000    	  367.00000    	-0.60347559    	 0.56432688E-01
  367.00000    	  368.00000    	-0.65666291    	 0.52006524E-01
  368.00000    	  369.00000    	-0.57159511    	 0.52914110E-01
  369.00000    	  370.00000    	-0.50190485    	 0.49256714E-01
  370.00000    	  371.00000    	-0.53594448    	 0.40241563E-01
  371.00000    	  372.00000    	-0.43669812    	 0.41298074E-01
  372.00000    	  373.00000    	-0.36310699    	 0.45944689E-01
  373.00000    	  374.00000    	-0.44134497    	 0.40607069E-01
  374.00000    	  375.00000    	-0.54117856    	 0.54711100E-01
  375.00000    	  376.00000    	-0.57118571    	 0.52136109E-01
  376.00000    	  377.00000    	-0.57006452    	 0.50202199E-01
  377.00000    	  378.00000    	-0.58684521    	 0.52187201E-01
  378.00000    	  379.00000    	-0.57348342    	 0.51030523E-01
  379.00000    	  380.00000    	-0.57043602    	 0.46913013E-01
  380.00000    	  381.00000    	-0.51389965    	 0.53573069E-01
  381.00000    	  382.00000    	-0.45021157    	 0.45602247E-01
  382.00000    	  383.00000    	-0.45099828    	 0.41138559E-01
  383.00000    	  384.00000    	-0.37597829    	 0.43939644E-01
  384.00000    	  385.00000    	-0.36011334    	 0.37862949E-01
  385.00000    	  386.00000    	-0.73788313    	 0.57540533E-01
  386.00000    	  387.00000    	-0.64886864    	 0.52756562E-01
  387.00000    	  388.00000    	-0.63602954    	 0.51400707E-01
  388.00000    	  389.00000    	-0.68106053    	 0.48532118E-01
  389.00000    	  390.00000    	-0.50371131    	 0.50887757E-01
  390.00000    	  391.00000    	-0.46650302    	 0.48306840E-01
  391.00000    	  392.00000    	-0.47924934    	 0.48920328E-01
  392.00000    	  393.00000    	-0.40345054    	 0.47623008E-01
  393.00000    	  394.00000    	-0.37711127    	 0.42761417E-01
  394.00000    	  395.00000    	-0.25286099    	 0.42050335E-01
  395.00000    	  396.00000    	-0.33613084    	 0.36016047E-01
  396.00000    	  397.00000    	-0.56527037    	 0.57935921E-01
  397.00000    	  398.00000    	-0.63119065    	 0.52860492E-01
  398.00000    	  399.00000    	-0.62108738    	 0.53279300E-01
  399.00000    	  400.00000    	-0.45245602    	 0.45233708E-01
  400.00000    	  401.00000    	-0.52026732    	 0.47633871E-01
  401.00000    	  402.00000    	-0.45835212    	 0.51335449E-01
  402.00000    	  403.00000    	-0.35105535    	 0.49986734E-01
  403.00000    	  404.00000    	-0.45829991    	 0.43885593E-01
  404.00000    	  405.00000    	-0.40221419    	 0.40380877E-01
  405.00000    	  406.00000    	-0.39784725    	 0.37538389E-01
  406.00000    	  407.00000    	-0.27514595    	 0.36220382E-01
  407.00000    	  408.00000    	-0.55012327    	 0.58855017E-01
  408.00000    	  409.00000    	-0.54492182    	 0.49277067E-01
  409.00000    	  410.00000    	-0.61890075    	 0.52451659E-01
  410.00000    	  411.00000    	-0.57387385    	 0.50410481E-01
  411.00000    	  412.00000    	-0.49740545    	 0.45048465E-01
  412.00000    	  413.00000    	-0.49923811    	 0.45738017E-01
  413.00000    	  414.00000    	-0.44432660    	 0.49260348E-01
  414.00000    	  415.00000    	-0.32560784    	 0.42771050E-01
  415.00000    	  416.00000    	-0.38300337    	 0.40270414E-01
  416.00000    	  417.00000    	-0.39789204    	 0.36603785E-01
  417.00000    	  418.00000    	-0.29356071    	 0.35419736E-01
  418.00000    	  419.00000    	-0.58563401    	 0.59931475E-01
  419.00000    	  420.00000    	-0.60901795    	 0.56918664E-01
  420.00000    	  421.00000    	-0.53356438    	 0.53587625E-01
  421.00000    	  422.00000    	-0.52391261    	 0.50647240E-01
  422.00000    	  423.00000    	-0.52490450    	 0.45522390E-01
  423.00000    	  424.00000    	-0.49731629    	 0.45900332E-01
  424.00000    	  425.00000    	-0.40606708    	 0.41637089E-01
  425.00000    	  426.00000    	-0.35833719    	 0.42789306E-01
  426.00000    	  427.00000    	-0.36630065    	 0.40902563E-01
  427.00000    	  428.00000    	-0.27778943    	 0.36783867E-01
  428.00000    	  429.00000    	-0.30889880    	 0.33862338E-01
  429.00000    	  430.00000    	-0.48975953    	 0.52117374E-01
  430.00000    	  431.00000    	-0.44693233    	 0.53689934E-01
  431.00000    	  432.00000    	-0.61290089    	 0.55992491E-01
  432.00000    	  433.00000    	-0.53573066    	 0.48318031E-01
  433.00000    	  434.00000    	-0.47483004    	 0.47961514E-01
  434.00000    	  435.00000    	-0.47128124    	 0.48694998E-01
  435.00000    	  436.00000    	-0.40628004    	 0.41641480E-01
  436.00000    	  437.00000    	-0.39089076    	 0.39770805E-01
  437.00000    	  438.00000    	-0.30374792    	 0.37306263E-01
  438.00000    	  439.00000    	-0.29771079    	 0.37165577E-01
  439.00000    	  440.00000    	-0.21895201    	 0.34822825E-01
  440.00000    	  441.00000    	-0.55578341    	 0.55732890E-01
  441.00000    	  442.00000    	-0.55063809    	 0.48816012E-01
  442.00000    	  443.00000    	-0.39500945    	 0.49571599E-01
  443.00000    	  444.00000    	-0.48693212    	 0.52151981E-01
  444.00000    	  445.00000    	-0.41511574    	 0.49677097E-01
  445.00000    	  446.00000    	-0.45829603    	 0.45276147E-01
  446.00000    	  447.00000    	-0.34734313    	 0.42882116E-01
  447.00000    	  448.00000    	-0.30831335    	 0.43022192E-01
  448.00000    	  449.00000    	-0.34515687    	 0.40990858E-01
  449.00000    	  450.00000    	-0.28684208    	 0.34916299E-01
  450.00000    	  451.00000    	-0.24664169    	 0.37305861E-01
  451.00000    	  452.00000    	-0.43804497    	 0.57913363E-01
  452.00000    	  453.00000    	-0.46523226    	 0.47592989E-01
  453.00000    	  454.00000    	-0.51081409    	 0.46568752E-01
  454.00000    	  455.00000    	-0.45466706    	 0.51333315E-01
  455.00000    	  456.00000    	-0.51504549    	 0.48058565E-01
  456.00000    	  457.00000    	-0.34800542    	 0.46532137E-01
  457.00000    	  458.00000    	-0.35468168    	 0.41939927E-01
  458.00000    	  459.00000    	-0.37479753    	 0.39642127E-01
  459.00000    	  460.00000    	-0.31243379    	 0.42415303E-01
  460.00000    	  461.00000    	-0.28284993    	 0.36053393E-01
  461.00000    	  462.00000    	-0.19419048    	 0.34114738E-01
  462.00000    	  463.00000    	-0.52514342    	 0.50137270E-01
  463.00000    	  464.00000    	-0.44879737    	 0.49525368E-01
  464.00000    	  465.00000    	-0.39799639    	 0.44168641E-01
  465.00000    	  466.00000    	-0.46980491    	 0.45907598E-01
  466.00000    	  467.00000    	-0.38715736    	 0.47280977E-01
  467.00000    	  468.00000    	-0.38288826    	 0.45442482E-01
  468.00000    	  469.00000    	-0.35697801    	 0.42548672E-01
  469.00000    	  470.00000    	-0.28588329    	 0.36247062E-01
  470.00000    	  471.00000    	-0.31862903    	 0.38959103E-01
  471.00000    	  472.00000    	-0.27201493    	 0.33492174E-01
  472.00000    	  473.00000    	-0.29785232    	 0.34394526E-01
  473.00000    	  474.00000    	-0.39127247    	 0.44140695E-01
  474.00000    	  475.00000    	-0.53991642    	 0.47537404E-01
  475.00000    	  476.00000    	-0.51946295    	 0.47175155E-01
  476.00000    	  477.00000    	-0.49596176    	 0.43864563E-01
  477.00000    	  478.00000    	-0.48329424    	 0.44958197E-01
  478.00000    	  479.00000    	-0.32912816    	 0.40997312E-01
  479.00000    	  480.00000    	-0.44992914    	 0.44014775E-01
  480.00000    	  481.00000    	-0.33840304    	 0.38614184E-01
  481.00000    	  482.00000    	-0.26003090    	 0.37236670E-01
  482.00000    	  483.00000    	-0.26848080    	 0.32927606E-01
  483.00000    	  484.00000    	-0.15513042    	 0.33550050E-01
  484.00000    	  485.00000    	-0.49737162    	 0.44518691E-01
  485.00000    	  486.00000    	-0.49869494    	 0.48048207E-01
  486.00000    	  487.00000    	-0.49166078    	 0.45401118E-01
  487.00000    	  488.00000    	-0.42418888    	 0.43627908E-01
  488.00000    	  489.00000    	-0.40730148    	 0.45639480E-01
  489.00000    	  490.00000    	-0.46426900    	 0.47393092E-01
  490.00000    	  491.00000    	-0.25315648    	 0.42955415E-01
  491.00000    	  492.00000    	-0.23664900    	 0.39296003E-01
  492.00000    	  493.00000    	-0.26196356    	 0.36935945E-01
  493.00000    	  494.00000    	-0.27300197    	 0.36627770E-01
  494.00000    	  495.00000    	-0.21325556    	 0.33575411E-01
  495.00000    	  496.00000    	-0.43905139    	 0.45378974E-01
  496.00000    	  497.00000    	-0.42954258    	 0.44886634E-01
  497.00000    	  498.00000    	-0.43912873    	 0.43905877E-01
  498.00000    	  499.00000    	-0.30106863    	 0.45857698E-01
  499.00000    	  500.00000    	-0.31973317    	 0.43622876E-01
  500.00000    	  501.00000    	-0.30852807    	 0.40973203E-01
  501.00000    	  502.00000    	-0.33175418    	 0.38200030E-01
  502.00000    	  503.00000    	-0.30103614    	 0.37673555E-01
  503.00000    	  504.00000    	-0.23757678    	 0.38229700E-01
  504.00000    	  505.00000    	-0.20305343    	 0.36703735E-01
  505.00000    	  506.00000    	-0.25169806    	 0.37557753E-01
  506.00000    	  507.00000    	-0.44107150    	 0.46155027E-01
  507.00000    	  508.00000    	-0.38867234    	 0.46636361E-01
  508.00000    	  509.00000    	-0.35970774    	 0.42199604E-01
  509.00000    	  510.00000    	-0.39529944    	 0.46485239E-01
  510.00000    	  511.00000    	-0.37764828    	 0.45988857E-01
  511.00000    	  512.00000    	-0.34405936    	 0.38761549E-01
  512.00000    	  513.00000    	-0.27410946    	 0.35528717E-01
  513.00000    	  514.00000    	-0.24751243    	 0.36359270E-01
  514.00000    	  515.00000    	-0.22299289    	 0.35274086E-01
  515.00000    	  516.00000    	-0.17721099    	 0.35336717E-01
  516.00000    	  517.00000    	-0.19159734    	 0.43086174E-01
  517.00000    	  518.00000    	-0.42472090    	 0.43174869E-01
  518.00000    	  519.00000    	-0.42992595    	 0.44611117E-01
  519.00000    	  520.00000    	-0.37510625    	 0.42376531E-01
  520.00000    	  521.00000    	-0.32862018    	 0.42007454E-01
  521.00000    	  522.00000    	-0.27867000    	 0.39561936E-01
  522.00000    	  523.00000    	-0.33971431    	 0.36345003E-01
  523.00000    	  524.00000    	-0.31581689    	 0.36905032E-01
  524.00000    	  525.00000    	-0.28383439    	 0.34714706E-01
  525.00000    	  526.00000    	-0.19375407    	 0.42553065E-01
  526.00000    	  527.00000    	-0.19048014    	 0.35635943E-01
  527.00000    	  528.00000    	-0.22238053    	 0.33673405E-01
  528.00000    	  529.00000    	-0.43328229    	 0.44344704E-01
  529.00000    	  530.00000    	-0.42763588    	 0.45793514E-01
  530.00000    	  531.00000    	-0.37736245    	 0.44365536E-01
  531.00000    	  532.00000    	-0.44086116    	 0.39351984E-01
  532.00000    	  533.00000    	-0.40295327    	 0.38876623E-01
  533.00000    	  534.00000    	-0.29316689    	 0.35588055E-01
  534.00000    	  535.00000    	-0.22002406    	 0.39587343E-01
  535.00000    	  536.00000    	-0.27333329    	 0.36757034E-01
  536.00000    	  537.00000    	-0.24401613    	 0.39058582E-01
  537.00000    	  538.00000    	-0.21167396    	 0.30250943E-01
  538.00000    	  539.00000    	-0.14756574    	 0.30157556E-01
  539.00000    	  540.00000    	-0.39007084    	 0.46544148E-01
  540.00000    	  541.00000    	-0.41111152    	 0.46878775E-01
  541.00000    	  542.00000    	-0.44635771    	 0.47881077E-01
  542.00000    	  543.00000    	-0.29308257    	 0.44302717E-01
  543.00000    	  544.00000    	-0.35661647    	 0.40009701E-01
  544.00000    	  545.00000    	-0.27724124    	 0.38206492E-01
  545.00000    	  546.00000    	-0.25275558    	 0.37750490E-01
  546.00000    	  547.00000    	-0.18197876    	 0.37150547E-01
  547.00000    	  548.00000    	-0.21213075    	 0.38236323E-01
  548.00000    	  549.00000    	-0.19645197    	 0.32055003E-01
  549.00000    	  550.00000    	-0.16288116    	 0.29035710E-01
  550.00000    	  551.00000    	-0.30731001    	 0.42818263E-01
  551.00000    	  552.00000    	-0.42575006    	 0.42538112E-01
  552.00000    	  553.00000    	-0.42289131    	 0.50419125E-01
  553.00000    	  554.00000    	-0.40011077    	 0.42784572E-01
  554.00000    	  555.00000    	-0.32581782    	 0.41867561E-01
  555.00000    	  556.00000    	-0.31929649    	 0.39866772E-01
  556.00000    	  557.00000    	-0.31926947    	 0.35722135E-01
  557.00000    	  558.00000    	-0.23375248    	 0.33110559E-01
  558.00000    	  559.00000    	-0.20085450    	 0.32096107E-01
  559.00000    	  560.00000    	-0.15129967    	 0.35377333E-01
  560.00000    	  561.00000    	-0.11961607    	 0.29791101E-01
  561.00000    	  562.00000    	-0.38260385    	 0.40847302E-01
  562.00000    	  563.00000    	-0.37116571    	 0.39550109E-01
  563.00000    	  564.00000    	-0.32706005    	 0.44209502E-01
  564.00000    	  565.00000    	-0.27078143    	 0.38666979E-01
  565.00000    	  566.00000    	-0.31604326    	 0.43351611E-01
  566.00000    	  567.00000    	-0.24658084    	 0.38937135E-01
  567.00000    	  568.00000    	-0.22327555    	 0.35979697E-01
  568.00000    	  569.00000    	-0.16530245    	 0.38431157E-01
  569.00000    	  570.00000    	-0.17502255    	 0.33370971E-01
  570.00000    	  571.00000    	-0.17240248    	 0.33098599E-01
  571.00000    	  572.00000    	-0.12364496    	 0.29305873E-01
  572.00000    	  573.00000    	-0.34524212    	 0.43942171E-01
  573.00000    	  574.00000    	-0.35664245    	 0.42775110E-01
  574.00000    	  575.00000    	-0.23257922    	 0.44152454E-01
  575.00000    	  576.00000    	-0.37721511    	 0.40600077E-01
  576.00000    	  577.00000    	-0.25217719    	 0.39473591E-01
  577.00000    	  578.00000    	-0.32170669    	 0.38026913E-01
  578.00000    	  579.00000    	-0.25229122    	 0.36995534E-01
  579.00000    	  580.00000    	-0.18030949    	 0.34309771E-01
  580.00000    	  581.00000    	-0.17529804    	 0.31085765E-01
  581.00000    	  582.00000    	-0.14747120    	 0.33873837E-01
  582.00000    	  583.00000    	-0.11105821    	 0.28531952E-01
  583.00000    	  584.00000    	-0.40767478    	 0.43372839E-01
  584.00000    	  585.00000    	-0.32736901    	 0.44966584E-01
  585.00000    	  586.00000    	-0.33242630    	 0.42218484E-01
  586.00000    	  587.00000    	-0.30740267    	 0.38813304E-01
  587.00000    	  588.00000    	-0.25730076    	 0.37009222E-01
  588.00000    	  589.00000    	-0.24838223    	 0.40146140E-01
  589.00000    	  590.00000    	-0.21421368    	 0.38294699E-01
  590.00000    	  591.00000    	-0.18446114    	 0.34335968E-01
  591.00000    	  592.00000    	-0.18190736    	 0.32563651E-01
  592.00000    	  593.00000    	-0.19914100    	 0.35014525E-01
  593.00000    	  594.00000    	-0.12868094    	 0.27459751E-01
  594.00000    	  595.00000    	-0.30333306    	 0.44244059E-01
  595.00000    	  596.00000    	-0.27909102    	 0.42443539E-01
  596.00000    	  597.00000    	-0.31092509    	 0.41603783E-01
  597.00000    	  598.00000    	-0.29258610    	 0.37817725E-01
  598.00000    	  599.00000    	-0.26354145    	 0.35848106E-01
  599.00000    	  600.00000    	-0.21538981    	 0.38558152E-01
  600.00000    	  601.00000    	-0.21843782    	 0.39545886E-01
  601.00000    	  602.00000    	-0.14238759    	 0.33024605E-01
  602.00000    	  603.00000    	-0.15832232    	 0.30689328E-01
  603.00000    	  604.00000    	-0.17546179    	 0.30513635E-01
  604.00000    	  605.00000    	-0.11158465    	 0.33040343E-01
  605.00000    	  606.00000    	-0.32446090    	 0.44938080E-01
  606.00000    	  607.00000    	-0.30236710    	 0.43364981E-01
  607.00000    	  608.00000    	-0.34034249    	 0.41088407E-01
  608.00000    	  609.00000    	-0.34946243    	 0.37722250E-01
  609.00000    	  610.00000    	-0.25562308    	 0.36879753E-01
  610.00000    	  611.00000    	-0.23632900    	 0.37459537E-01
  611.00000    	  612.00000    	-0.19336769    	 0.37690667E-01
  612.00000    	  613.00000    	-0.22523375    	 0.33147322E-01
  613.00000    	  614.00000    	-0.12534251    	 0.31883366E-01
  614.00000    	  615.00000    	-0.15412085    	 0.31753394E-01
  615.00000    	  616.00000    	-0.11828619    	 0.31243012E-01
  616.00000    	  617.00000    	-0.35340889    	 0.46218823E-01
  617.00000    	  618.00000    	-0.25002282    	 0.42794286E-01
  618.00000    	  619.00000    	-0.29625170    	 0.39707414E-01
  619.00000    	  620.00000    	-0.23973366    	 0.38529253E-01
  620.00000    	  621.00000    	-0.28184491    	 0.39301716E-01
  621.00000    	  622.00000    	-0.24557364    	 0.33535872E-01
  622.00000    	  623.00000    	-0.23289020    	 0.33739549E-01
  623.00000    	  624.00000    	-0.16734810    	 0.31690361E-01
  624.00000    	  625.00000    	-0.13401506    	 0.28914662E-01
  625.00000    	  626.00000    	-0.87576962E-01	 0.32967027E-01
  626.00000    	  627.00000    	-0.78878680E-01	 0.30910427E-01
  627.00000    	  628.00000    	-0.28436407    	 0.42415081E-01
  628.00000    	  629.00000    	-0.32051668    	 0.39020703E-01
  629.00000    	  630.00000    	-0.30414620    	 0.39207032E-01
  630.00000    	  631.00000    	-0.26479442    	 0.38097931E-01
  631.00000    	  632.00000    	-0.26837899    	 0.35577898E-01
  632.00000    	  633.00000    	-0.15572338    	 0.32672192E-01
  633.00000    	  634.00000    	-0.13867979    	 0.35578664E-01
  634.00000    	  635.00000    	-0.18756805    	 0.35422956E-01
  635.00000    	  636.00000    	-0.14810361    	 0.31036108E-01
  636.00000    	  637.00000    	-0.14982324    	 0.34382583E-01
  637.00000    	  638.00000    	-0.62869719E-01	 0.29186883E-01
  638.00000    	  639.00000    	-0.23783489    	 0.38771134E-01
  639.00000    	  640.00000    	-0.31650598    	 0.39421850E-01
  640.00000    	  641.00000    	-0.28603185    	 0.36823468E-01
  641.00000    	  642.00000    	-0.24362702    	 0.36898818E-01
  642.00000    	  643.00000    	-0.14442134    	 0.37865050E-01
  643.00000    	  644.00000    	-0.24590350    	 0.33792795E-01
  644.00000    	  645.00000    	-0.19133475    	 0.34144745E-01
  645.00000    	  646.00000    	-0.15884959    	 0.35390803E-01
  646.00000    	  647.00000    	-0.12410350    	 0.30396725E-01
  647.00000    	  648.00000    	-0.85982005E-01	 0.33934944E-01
  648.00000    	  649.00000    	-0.83637397E-01	 0.28851924E-01
  649.00000    	  650.00000    	-0.31608608    	 0.40696273E-01
  650.00000    	  651.00000    	-0.30716972    	 0.43741352E-01
  651.00000    	  652.00000    	-0.29640465    	 0.40407579E-01
  652.00000    	  653.00000    	-0.22831974    	 0.35274103E-01
  653.00000    	  654.00000    	-0.22356813    	 0.39779635E-01
  654.00000    	  655.00000    	-0.15846658    	 0.31201939E-01
  655.00000    	  656.00000    	-0.11993643    	 0.33649152E-01
  656.00000    	  657.00000    	-0.15299018    	 0.31032522E-01
  657.00000    	  658.00000    	-0.14544382    	 0.35217782E-01
  658.00000    	  659.00000    	-0.67329000E-01	 0.28378973E-01
  659.00000    	  660.00000    	-0.56723612E-01	 0.27332695E-01
  660.00000    	  661.00000    	-0.26880468    	 0.39551633E-01
  661.00000    	  662.00000    	-0.27219501    	 0.39423859E-01
  662.00000    	  663.00000    	-0.21190110    	 0.36514267E-01
  663.00000    	  664.00000    	-0.28126142    	 0.35897841E-01
  664.00000    	  665.00000    	-0.23011610    	 0.39213684E-01
  665.00000    	  666.00000    	-0.19704917    	 0.32232816E-01
  666.00000    	  667.00000    	-0.18427635    	 0.32135572E-01
  667.00000    	  668.00000    	-0.12956592    	 0.29010772E-01
  668.00000    	  669.00000    	-0.11205464    	 0.32738307E-01
  669.00000    	  670.00000    	-0.10698744    	 0.29036388E-01
  670.00000    	  671.00000    	-0.75917181E-01	 0.27753153E-01
  671.00000    	  672.00000    	-0.23451718    	 0.38815262E-01
  672.00000    	  673.00000    	-0.23627101    	 0.36387494E-01
  673.00000    	  674.00000    	-0.24927440    	 0.34588443E-01
  674.00000    	  675.00000    	-0.19534479    	 0.35732619E-01
  675.00000    	  676.00000    	-0.19054358    	 0.33731832E-01
  676.00000    	  677.00000    	-0.20190081    	 0.35431556E-01
  677.00000    	  678.00000    	-0.14199626    	 0.29293658E-01
  678.00000    	  679.00000    	-0.11416113    	 0.30532402E-01
  679.00000    	  680.00000    	-0.80896901E-01	 0.32329224E-01
  680.00000    	  681.00000    	-0.51783285E-01	 0.27563601E-01
  681.00000    	  682.00000    	-0.62241457E-01	 0.29465427E-01
  682.00000    	  683.00000    	-0.24524552    	 0.42722496E-01
  683.00000    	  684.00000    	-0.22014042    	 0.37460402E-01
  684.00000    	  685.00000    	-0.24428129    	 0.38572923E-01
  685.00000    	  686.00000    	-0.21564422    	 0.32595405E-01
  686.00000    	  687.00000    	-0.13599058    	 0.31947615E-01
  687.00000    	  688.00000    	-0.23503654    	 0.33410197E-01
  688.00000    	  689.00000    	-0.15828350    	 0.30877837E-01
  689.00000    	  690.00000    	-0.11029479    	 0.29177286E-01
  690.00000    	  691.00000    	-0.11928458    	 0.30416668E-01
  691.00000    	  692.00000    	-0.11109142    	 0.28393334E-01
  692.00000    	  693.00000    	-0.92035972E-01	 0.29727258E-01
  693.00000    	  694.00000    	-0.26980110    	 0.42153982E-01
  694.00000    	  695.00000    	-0.20202077    	 0.38113998E-01
  695.00000    	  696.00000    	-0.23272652    	 0.36698347E-01
  696.00000    	  697.00000    	-0.22783747    	 0.33007148E-01
  697.00000    	  698.00000    	-0.16191422    	 0.32260666E-01
  698.00000    	  699.00000    	-0.10528776    	 0.34473454E-01
  699.00000    	  700.00000    	-0.15689176    	 0.29162116E-01
  700.00000    	  701.00000    	-0.12016621    	 0.30347679E-01
  701.00000    	  702.00000    	-0.13560519    	 0.30773807E-01
  702.00000    	  703.00000    	-0.11920402    	 0.30211884E-01
  703.00000    	  704.00000    	-0.91404554E-01	 0.28910427E-01
  704.00000    	  705.00000    	-0.18383324    	 0.38427681E-01
  705.00000    	  706.00000    	-0.23282332    	 0.38002023E-01
  706.00000    	  707.00000    	-0.25445255    	 0.36910213E-01
  707.00000    	  708.00000    	-0.16430674    	 0.33038236E-01
  708.00000    	  709.00000    	-0.17580116    	 0.32109511E-01
  709.00000    	  710.00000    	-0.14102548    	 0.39410932E-01
  710.00000    	  711.00000    	-0.16577004    	 0.29855935E-01
  711.00000    	  712.00000    	-0.12596627    	 0.30212404E-01
  712.00000    	  713.00000    	-0.12857497    	 0.30263747E-01
  713.00000    	  714.00000    	-0.73346314E-01	 0.31967229E-01
  714.00000    	  715.00000    	-0.69344586E-01	 0.31253473E-01
  715.00000    	  716.00000    	-0.22645551    	 0.36350118E-01
  716.00000    	  717.00000    	-0.23263423    	 0.36718290E-01
  717.00000    	  718.00000    	-0.19013211    	 0.33593807E-01
  718.00000    	  719.00000    	-0.16704021    	 0.34446867E-01
  719.00000    	  720.00000    	-0.20188285    	 0.33331133E-01
  720.00000    	  721.00000    	-0.11335889    	 0.32383348E-01
  721.00000    	  722.00000    	-0.79821703E-01	 0.31177516E-01
  722.00000    	  723.00000    	-0.10928237    	 0.31595686E-01
  723.00000    	  724.00000    	-0.57137215E-01	 0.27250925E-01
  724.00000    	  725.00000    	-0.22103843E-01	 0.27569070E-01
  725.00000    	  726.00000    	-0.72747983E-01	 0.28784117E-01
  726.00000    	  727.00000    	-0.20947480    	 0.40786676E-01
  727.00000    	  728.00000    	-0.14075781    	 0.40779866E-01
  728.00000    	  729.00000    	-0.17572166    	 0.32587155E-01
  729.00000    	  730.00000    	-0.19399538    	 0.33053927E-01
  730.00000    	  731.00000    	-0.20111660    	 0.32159688E-01
  731.00000    	  732.00000    	-0.11635498    	 0.31383300E-01
  732.00000    	  733.00000    	-0.82806427E-01	 0.32006291E-01
  733.00000    	  734.00000    	-0.85759927E-01	 0.29318113E-01
  734.00000    	  735.00000    	-0.38498200E-01	 0.30560748E-01
  735.00000    	  736.00000    	-0.75066593E-01	 0.25360199E-01
  736.00000    	  737.00000    	-0.35780421E-03	 0.29267193E-01
  737.00000    	  738.00000    	-0.24192500    	 0.43589647E-01
  738.00000    	  739.00000    	-0.21500147    	 0.33604246E-01
  739.00000    	  740.00000    	-0.15252019    	 0.33714907E-01
  740.00000    	  741.00000    	-0.19721467    	 0.33291201E-01
  741.00000    	  742.00000    	-0.17893601    	 0.33338039E-01
  742.00000    	  743.00000    	-0.12387358    	 0.32087576E-01
  743.00000    	  744.00000    	-0.10795703    	 0.30692149E-01
  744.00000    	  745.00000    	-0.42550923E-01	 0.28546831E-01
  745.00000    	  746.00000    	-0.85140779E-01	 0.32760161E-01
  746.00000    	  747.00000    	-0.56532672E-01	 0.26592636E-01
  747.00000    	  748.00000    	-0.10815929    	 0.27691636E-01
  748.00000    	  749.00000    	-0.13931893    	 0.42591659E-01
  749.00000    	  750.00000    	-0.16480200    	 0.32019314E-01
  750.00000    	  751.00000    	-0.12159422    	 0.34486585E-01
  751.00000    	  752.00000    	-0.93118734E-01	 0.30869211E-01
  752.00000    	  753.00000    	-0.11221048    	 0.29509648E-01
  753.00000    	  754.00000    	-0.12313145    	 0.33217407E-01
  754.00000    	  755.00000    	-0.13303898    	 0.29250836E-01
  755.00000    	  756.00000    	-0.12783035    	 0.30535599E-01
  756.00000    	  757.00000    	-0.27744683E-01	 0.28944539E-01
  757.00000    	  758.00000    	-0.39148025E-01	 0.28509808E-01
  758.00000    	  759.00000    	-0.57516480E-01	 0.27063179E-01
  759.00000    	  760.00000    	-0.20397314    	 0.34124490E-01
  760.00000    	  761.00000    	-0.20602572    	 0.33098506E-01
  761.00000    	  762.00000    	-0.20790488    	 0.35679229E-01
  762.00000    	  763.00000    	-0.16624636    	 0.31189794E-01
  763.00000    	  764.00000    	-0.11885651    	 0.29831210E-01
  764.00000    	  765.00000    	-0.11013946    	 0.29970655E-01
  765.00000    	  766.00000    	-0.12568812    	 0.26331106E-01
  766.00000    	  767.00000    	-0.10687499    	 0.28244803E-01
  767.00000    	  768.00000    	-0.92581934E-01	 0.29864559E-01
  768.00000    	  769.00000    	-0.89228216E-01	 0.27704874E-01
  769.00000    	  770.00000    	-0.38065054E-01	 0.25913358E-01
  770.00000    	  771.00000    	-0.15957253    	 0.36153825E-01
  771.00000    	  772.00000    	-0.13427824    	 0.35296385E-01
  772.00000    	  773.00000    	-0.18343956    	 0.36188141E-01
  773.00000    	  774.00000    	-0.16699283    	 0.33411023E-01
  774.00000    	  775.00000    	-0.15321070    	 0.29657072E-01
  775.00000    	  776.00000    	-0.11717901    	 0.29423980E-01
  776.00000    	  777.00000    	-0.12853980    	 0.29734437E-01
  777.00000    	  778.00000    	-0.38016148E-01	 0.27214699E-01
  778.00000    	  779.00000    	-0.56171268E-01	 0.27375981E-01
  779.00000    	  780.00000    	-0.57186397E-01	 0.25161406E-01
  780.00000    	  781.00000    	-0.15443859E-01	 0.24651991E-01
  781.00000    	  782.00000    	-0.14940681    	 0.32799875E-01
  782.00000    	  783.00000    	-0.15554406    	 0.31987471E-01
  783.00000    	  784.00000    	-0.15498268    	 0.28660451E-01
  784.00000    	  785.00000    	-0.17697725    	 0.34190415E-01
  785.00000    	  786.00000    	-0.10929347    	 0.28350499E-01
  786.00000    	  787.00000    	-0.65409750E-01	 0.29815048E-01
  787.00000    	  788.00000    	-0.57118491E-01	 0.28535602E-01
  788.00000    	  789.00000    	-0.65568710E-01	 0.26514199E-01
  789.00000    	  790.00000    	-0.50030155E-01	 0.28157430E-01
  790.00000    	  791.00000    	-0.76817779E-01	 0.27589090E-01
  791.00000    	  792.00000    	-0.72419835E-01	 0.25357543E-01
  792.00000    	  793.00000    	-0.19594238    	 0.35356590E-01
  793.00000    	  794.00000    	-0.25313863    	 0.30747466E-01
  794.00000    	  795.00000    	-0.16402579    	 0.30803335E-01
  795.00000    	  796.00000    	-0.15505063    	 0.30324098E-01
  796.00000    	  797.00000    	-0.13285267    	 0.26807035E-01
  797.00000    	  798.00000    	-0.14453372    	 0.30271901E-01
  798.00000    	  799.00000    	-0.15172642    	 0.27824615E-01
  799.00000    	  800.00000    	-0.89006790E-01	 0.29625032E-01
  800.00000    	  801.00000    	-0.67475508E-01	 0.26354157E-01
  801.00000    	  802.00000    	-0.24690139E-01	 0.29769023E-01
  802.00000    	  803.00000    	-0.37027906E-01	 0.23556788E-01
  803.00000    	  804.00000    	-0.12427783    	 0.33989023E-01
  804.00000    	  805.00000    	-0.11016664    	 0.33775447E-01
  805.00000    	  806.00000    	-0.20098787    	 0.33285522E-01
  806.00000    	  807.00000    	-0.16369913    	 0.27298454E-01
  807.00000    	  808.00000    	-0.10691638    	 0.27190446E-01
  808.00000    	  809.00000    	-0.62546509E-01	 0.30131918E-01
  809.00000    	  810.00000    	 0.14084579E-01	 0.28146537E-01
  810.00000    	  811.00000    	-0.46715088E-01	 0.28395394E-01
  811.00000    	  812.00000    	-0.65836087E-01	 0.31426891E-01
  812.00000    	  813.00000    	-0.26479473E-01	 0.26807412E-01
  813.00000    	  814.00000    	-0.40323397E-02	 0.23163708E-01
  814.00000    	  815.00000    	-0.14530838    	 0.29560369E-01
  815.00000    	  816.00000    	-0.13229251    	 0.35665598E-01
  816.00000    	  817.00000    	-0.12123692    	 0.31421055E-01
  817.00000    	  818.00000    	-0.12338251    	 0.28205988E-01
  818.00000    	  819.00000    	-0.95307284E-01	 0.29129138E-01
  819.00000    	  820.00000    	-0.70302725E-01	 0.29707480E-01
  820.00000    	  821.00000    	-0.60743376E-01	 0.27020119E-01
  821.00000    	  822.00000    	-0.87515763E-01	 0.29389710E-01
  822.00000    	  823.00000    	-0.27642589E-01	 0.30165791E-01
  823.00000    	  824.00000    	-0.43801293E-01	 0.25628712E-01
  824.00000    	  825.00000    	-0.16406016E-01	 0.24020204E-01
  825.00000    	  826.00000    	-0.14846935    	 0.29107655E-01
  826.00000    	  827.00000    	-0.18583754    	 0.35145280E-01
  827.00000    	  828.00000    	-0.72557674E-01	 0.34356252E-01
  828.00000    	  829.00000    	-0.10060866    	 0.30732981E-01
  829.00000    	  830.00000    	-0.13443909    	 0.30548300E-01
  830.00000    	  831.00000    	-0.12325263    	 0.26477760E-01
  831.00000    	  832.00000    	-0.64363621E-01	 0.28249481E-01
  832.00000    	  833.00000    	-0.75507825E-01	 0.28461225E-01
  833.00000    	  834.00000    	-0.48450373E-01	 0.26833082E-01
  834.00000    	  835.00000    	-0.77045832E-01	 0.27664362E-01
  835.00000    	  836.00000    	-0.37051017E-01	 0.26137433E-01
  836.00000    	  837.00000    	-0.12813910    	 0.30128720E-01
  837.00000    	  838.00000    	-0.12837464    	 0.35909463E-01
  838.00000    	  839.00000    	-0.12207916    	 0.33163478E-01
  839.00000    	  840.00000    	-0.12380603    	 0.28899083E-01
  840.00000    	  841.00000    	-0.96085485E-01	 0.28913708E-01
  841.00000    	  842.00000    	-0.88880614E-01	 0.27140669E-01
  842.00000    	  843.00000    	-0.56643716E-01	 0.27659014E-01
  843.00000    	  844.00000    	-0.78753466E-01	 0.29100828E-01
  844.00000    	  845.00000    	-0.85033727E-05	 0.26854538E-01
  845.00000    	  846.00000    	-0.29312015E-01	 0.28322164E-01
  846.00000    	  847.00000    	-0.88418004E-01	 0.26865670E-01
  847.00000    	  848.00000    	-0.15335569    	 0.28283848E-01
  848.00000    	  849.00000    	-0.13088564    	 0.27844541E-01
  849.00000    	  850.00000    	-0.15029044    	 0.29570361E-01
  850.00000    	  851.00000    	-0.14186807    	 0.27744390E-01
  851.00000    	  852.00000    	-0.81581083E-01	 0.28767752E-01
  852.00000    	  853.00000    	-0.11428106    	 0.28230010E-01
  853.00000    	  854.00000    	-0.51171251E-01	 0.29922491E-01
  854.00000    	  855.00000    	-0.71678728E-01	 0.28831925E-01
  855.00000    	  856.00000    	-0.40153806E-01	 0.27233143E-01
  856.00000    	  857.00000    	-0.33642696E-01	 0.33153542E-01
  857.00000    	  858.00000    	 0.55557109E-02	 0.26874204E-01
  858.00000    	  859.00000    	-0.18450682    	 0.31840884E-01
  859.00000    	  860.00000    	-0.17015816    	 0.30910671E-01
  860.00000    	  861.00000    	-0.14000605    	 0.29381560E-01
  861.00000    	  862.00000    	-0.44661089E-01	 0.27818799E-01
  862.00000    	  863.00000    	-0.11931602    	 0.26395531E-01
  863.00000    	  864.00000    	-0.56873510E-01	 0.25866674E-01
  864.00000    	  865.00000    	-0.47230017E-01	 0.27559975E-01
  865.00000    	  866.00000    	-0.62188716E-01	 0.26795245E-01
  866.00000    	  867.00000    	 0.26280109E-01	 0.27149117E-01
  867.00000    	  868.00000    	-0.17084308E-01	 0.26185630E-01
  868.00000    	  869.00000    	-0.38849041E-01	 0.25216060E-01
  869.00000    	  870.00000    	-0.12743384    	 0.29777062E-01
  870.00000    	  871.00000    	-0.78781596E-01	 0.29034069E-01
  871.00000    	  872.00000    	-0.11537711    	 0.28878715E-01
  872.00000    	  873.00000    	-0.13795683    	 0.29450695E-01
  873.00000    	  874.00000    	-0.76313713E-01	 0.29827774E-01
  874.00000    	  875.00000    	-0.62117813E-01	 0.27166571E-01
  875.00000    	  876.00000    	-0.49453845E-01	 0.25539976E-01
  876.00000    	  877.00000    	-0.20815438E-01	 0.24256055E-01
  877.00000    	  878.00000    	-0.36888853E-01	 0.25047995E-01
  878.00000    	  879.00000    	-0.39104311E-01	 0.24371546E-01
  879.00000    	  880.00000    	-0.58464997E-01	 0.24932109E-01
  880.00000    	  881.00000    	-0.10239850    	 0.31546395E-01
  881.00000    	  882.00000    	-0.11822871    	 0.28843078E-01
  882.00000    	  883.00000    	-0.54353418E-01	 0.27001702E-01
  883.00000    	  884.00000    	-0.99777824E-01	 0.28893789E-01
  884.00000    	  885.00000    	-0.11630431    	 0.30224325E-01
  885.00000    	  886.00000    	-0.44730844E-01	 0.23468157E-01
  886.00000    	  887.00000    	-0.80782732E-01	 0.26472379E-01
  887.00000    	  888.00000    	-0.42560315E-01	 0.27147600E-01
  888.00000    	  889.00000    	-0.59408365E-01	 0.23256023E-01
  889.00000    	  890.00000    	-0.11477238E-01	 0.22520213E-01
  890.00000    	  891.00000    	-0.13228490E-01	 0.23496456E-01
  891.00000    	  892.00000    	-0.12973689    	 0.29235371E-01
  892.00000    	  893.00000    	-0.91978625E-01	 0.28311486E-01
  893.00000    	  894.00000    	-0.11653563    	 0.26395072E-01
  894.00000    	  895.00000    	-0.80426432E-01	 0.28725812E-01
  895.00000    	  896.00000    	-0.39855726E-01	 0.26709965E-01
  896.00000    	  897.00000    	-0.37702228E-01	 0.26600074E-01
  897.00000    	  898.00000    	 0.16971224E-01	 0.23267447E-01
  898.00000    	  899.00000    	-0.60358006E-01	 0.25156022E-01
  899.00000    	  900.00000    	-0.23759942E-01	 0.21790267E-01
  900.00000    	  901.00000    	-0.45652091E-02	 0.23854407E-01
  901.00000    	  902.00000    	 0.42544318E-02	 0.24045621E-01
  902.00000    	  903.00000    	-0.96257207E-01	 0.29432548E-01
  903.00000    	  904.00000    	-0.10917361    	 0.27037210E-01
  904.00000    	  905.00000    	-0.83433912E-01	 0.27726123E-01
  905.00000    	  906.00000    	-0.52890271E-01	 0.25615388E-01
  906.00000    	  907.00000    	-0.71059248E-01	 0.28256704E-01
  907.00000    	  908.00000    	-0.98875919E-01	 0.26057302E-01
  908.00000    	  909.00000    	-0.26832712E-01	 0.26031383E-01
  909.00000    	  910.00000    	-0.70933348E-01	 0.26962133E-01
  910.00000    	  911.00000    	-0.36895596E-01	 0.23732943E-01
  911.00000    	  912.00000    	-0.32274117E-01	 0.24994021E-01
  912.00000    	  913.00000    	-0.26351107E-01	 0.23352882E-01
  913.00000    	  914.00000    	-0.11957392    	 0.32721450E-01
  914.00000    	  915.00000    	-0.87663547E-01	 0.28747320E-01
  915.00000    	  916.00000    	-0.11342360    	 0.29424464E-01
  916.00000    	  917.00000    	-0.95915538E-01	 0.24391614E-01
  917.00000    	  918.00000    	-0.92016464E-01	 0.28515705E-01
  918.00000    	  919.00000    	-0.37014712E-01	 0.25683395E-01
  919.00000    	  920.00000    	-0.65841903E-01	 0.24293120E-01
  920.00000    	  921.00000    	 0.12422504E-01	 0.24682680E-01
  921.00000    	  922.00000    	-0.56201874E-01	 0.24010308E-01
  922.00000    	  923.00000    	-0.20956994E-01	 0.24495767E-01
  923.00000    	  924.00000    	-0.66138907E-02	 0.23835731E-01
  924.00000    	  925.00000    	-0.79533494E-02	 0.32298353E-01
  925.00000    	  926.00000    	-0.11837459    	 0.28154303E-01
  926.00000    	  927.00000    	-0.52023289E-01	 0.29595618E-01
  927.00000    	  928.00000    	-0.77332306E-01	 0.26193301E-01
  928.00000    	  929.00000    	-0.62447106E-01	 0.27304338E-01
  929.00000    	  930.00000    	-0.72477602E-01	 0.25769202E-01
  930.00000    	  931.00000    	-0.15090916E-01	 0.22704240E-01
  931.00000    	  932.00000    	-0.71181080E-02	 0.29627563E-01
  932.00000    	  933.00000    	 0.11078285E-01	 0.25534998E-01
  933.00000    	  934.00000    	-0.22139534E-01	 0.24052767E-01
  934.00000    	  935.00000    	-0.68285823E-02	 0.23537768E-01
  935.00000    	  936.00000    	-0.10264992    	 0.30606969E-01
  936.00000    	  937.00000    	-0.54320849E-01	 0.25454778E-01
  937.00000    	  938.00000    	-0.53853801E-01	 0.25129630E-01
  938.00000    	  939.00000    	-0.91302008E-01	 0.27796398E-01
  939.00000    	  940.00000    	-0.63959457E-01	 0.25951192E-01
  940.00000    	  941.00000    	-0.60660848E-02	 0.25439213E-01
  941.00000    	  942.00000    	-0.60537300E-01	 0.27836604E-01
  942.00000    	  943.00000    	 0.12547850E-01	 0.30255810E-01
  943.00000    	  944.00000    	-0.38370779E-01	 0.23233172E-01
  944.00000    	  945.00000    	 0.61268246E-02	 0.25178094E-01
  945.00000    	  946.00000    	-0.26849490E-01	 0.27102129E-01
  946.00000    	  947.00000    	-0.10152909    	 0.28274719E-01
  947.00000    	  948.00000    	-0.58211347E-01	 0.25530732E-01
  948.00000    	  949.00000    	-0.91838350E-01	 0.25853314E-01
  949.00000    	  950.00000    	-0.13936199    	 0.25911045E-01
  950.00000    	  951.00000    	-0.48125649E-01	 0.24893232E-01
  951.00000    	  952.00000    	-0.33605363E-01	 0.29444863E-01
  952.00000    	  953.00000    	-0.21867398E-03	 0.27746430E-01
  953.00000    	  954.00000    	-0.70209604E-01	 0.24849335E-01
  954.00000    	  955.00000    	-0.20859964E-01	 0.24076116E-01
  955.00000    	  956.00000    	-0.18288943E-02	 0.23541303E-01
  956.00000    	  957.00000    	-0.10888124E-01	 0.24654054E-01
  957.00000    	  958.00000    	-0.87380451E-01	 0.26953555E-01
  958.00000    	  959.00000    	-0.12515204    	 0.25124653E-01
  959.00000    	  960.00000    	-0.98948608E-01	 0.27501306E-01
  960.00000    	  961.00000    	-0.47757908E-01	 0.23548572E-01
  961.00000    	  962.00000    	-0.68284033E-01	 0.22590206E-01
  962.00000    	  963.00000    	-0.76151927E-01	 0.24967086E-01
  963.00000    	  964.00000    	-0.43575203E-01	 0.25787439E-01
  964.00000    	  965.00000    	 0.48860685E-02	 0.22800189E-01
  965.00000    	  966.00000    	-0.27090122E-01	 0.26110746E-01
  966.00000    	  967.00000    	-0.26454910E-01	 0.22376302E-01
  967.00000    	  968.00000    	-0.17247282E-01	 0.21989470E-01
  968.00000    	  969.00000    	-0.81346382E-01	 0.26885841E-01
  969.00000    	  970.00000    	-0.74535676E-01	 0.24181495E-01
  970.00000    	  971.00000    	-0.79563298E-01	 0.23839832E-01
  971.00000    	  972.00000    	-0.68617859E-01	 0.24344712E-01
  972.00000    	  973.00000    	-0.81884661E-03	 0.24328479E-01
  973.00000    	  974.00000    	-0.48349359E-02	 0.22015359E-01
  974.00000    	  975.00000    	-0.35762022E-01	 0.22513616E-01
  975.00000    	  976.00000    	-0.16871902E-01	 0.23191900E-01
  976.00000    	  977.00000    	-0.38156204E-01	 0.25583380E-01
  977.00000    	  978.00000    	-0.48264491E-01	 0.23464384E-01
  978.00000    	  979.00000    	-0.26693573E-01	 0.22199873E-01
  979.00000    	  980.00000    	-0.12082408    	 0.26069423E-01
  980.00000    	  981.00000    	-0.89390445E-01	 0.25524270E-01
  981.00000    	  982.00000    	-0.80217081E-01	 0.23238393E-01
  982.00000    	  983.00000    	-0.31177453E-01	 0.24006136E-01
  983.00000    	  984.00000    	-0.55012307E-01	 0.24354501E-01
  984.00000    	  985.00000    	-0.46236595E-01	 0.22630311E-01
  985.00000    	  986.00000    	-0.14189785E-01	 0.22589318E-01
  986.00000    	  987.00000    	-0.70231257E-02	 0.25739914E-01
  987.00000    	  988.00000    	 0.12484342E-01	 0.24840030E-01
  988.00000    	  989.00000    	-0.14292111E-01	 0.24812941E-01
  989.00000    	  990.00000    	-0.16414606E-02	 0.22858985E-01
  990.00000    	  991.00000    	-0.53127046E-01	 0.22566521E-01
  991.00000    	  992.00000    	-0.40482394E-01	 0.26470679E-01
  992.00000    	  993.00000    	-0.88218466E-02	 0.21695567E-01
  993.00000    	  994.00000    	-0.65721227E-01	 0.26794031E-01
  994.00000    	  995.00000    	-0.76984872E-01	 0.24459538E-01
  995.00000    	  996.00000    	-0.28317190E-02	 0.22234105E-01
  996.00000    	  997.00000    	-0.45745340E-01	 0.25570813E-01
  997.00000    	  998.00000    	-0.11583696E-01	 0.26187275E-01
  998.00000    	  999.00000    	-0.63255336E-02	 0.23379623E-01
  999.00000    	  1000.0000    	 0.11579593E-01	 0.23931185E-01
  1000.0000    	  1001.0000    	 0.27287604E-01	 0.24041612E-01
  1001.0000    	  1002.0000    	-0.50399162E-01	 0.23910156E-01
  1002.0000    	  1003.0000    	-0.25435618E-01	 0.22887235E-01
  1003.0000    	  1004.0000    	-0.70633107E-01	 0.21414725E-01
  1004.0000    	  1005.0000    	-0.70458714E-01	 0.24022796E-01
  1005.0000    	  1006.0000    	-0.49470368E-01	 0.24768163E-01
  1006.0000    	  1007.0000    	-0.78322609E-01	 0.25008133E-01
  1007.0000    	  1008.0000    	-0.18345704E-01	 0.27515581E-01
  1008.0000    	  1009.0000    	-0.18167487E-01	 0.23031632E-01
  1009.0000    	  1010.0000    	-0.67432099E-02	 0.25042928E-01
  1010.0000    	  1011.0000    	-0.46248930E-02	 0.22269988E-01
  1011.0000    	  1012.0000    	-0.28475761E-01	 0.23555676E-01
  1012.0000    	  1013.0000    	-0.32249737E-01	 0.24282558E-01
  1013.0000    	  1014.0000    	-0.41525320E-01	 0.25180049E-01
  1014.0000    	  1015.0000    	-0.57329258E-01	 0.24786203E-01
  1015.0000    	  1016.0000    	-0.74622146E-01	 0.26104210E-01
  1016.0000    	  1017.0000    	-0.19363981E-01	 0.22615151E-01
  1017.0000    	  1018.0000    	-0.64807066E-02	 0.25358893E-01
  1018.0000    	  1019.0000    	 0.11270259E-02	 0.22396053E-01
  1019.0000    	  1020.0000    	-0.19221236E-01	 0.20808420E-01
  1020.0000    	  1021.0000    	 0.46644957E-02	 0.24012904E-01
  1021.0000    	  1022.0000    	-0.11530754E-01	 0.21588873E-01
  1022.0000    	  1023.0000    	 0.11651225E-01	 0.22599215E-01
  1023.0000    	  1024.0000    	-0.93568285E-01	 0.24213211E-01
  1024.0000    	  1025.0000    	-0.42792708E-01	 0.24220825E-01
  1025.0000    	  1026.0000    	-0.72514875E-01	 0.25805744E-01
  1026.0000    	  1027.0000    	 0.22089619E-01	 0.24654953E-01
  1027.0000    	  1028.0000    	-0.42796955E-01	 0.21449645E-01
  1028.0000    	  1029.0000    	-0.30873979E-01	 0.23676187E-01
  1029.0000    	  1030.0000    	-0.51442859E-02	 0.22953148E-01
  1030.0000    	  1031.0000    	-0.19882530E-02	 0.20731446E-01
  1031.0000    	  1032.0000    	 0.10285656E-01	 0.22078138E-01
  1032.0000    	  1033.0000    	-0.66284952E-02	 0.22732851E-01
  1033.0000    	  1034.0000    	-0.26761614E-01	 0.21079703E-01
