# xi0
# underflow	  176.98921    	 0.82500428    
# overflow	-0.49307931    	 0.29515035E-01
# sum	  201.15310    	 0.95031943    
# xmin	xmax	cross	numerror
  0.0000000    	  1.0000000    	 0.11214028    	 0.18795764E-01
  1.0000000    	  2.0000000    	 0.13483257    	 0.19073894E-01
  2.0000000    	  3.0000000    	 0.18729190    	 0.22476595E-01
  3.0000000    	  4.0000000    	 0.19653879    	 0.22782204E-01
  4.0000000    	  5.0000000    	 0.26993294    	 0.26388863E-01
  5.0000000    	  6.0000000    	 0.29988807    	 0.28034298E-01
  6.0000000    	  7.0000000    	 0.39311877    	 0.32947355E-01
  7.0000000    	  8.0000000    	 0.39843055    	 0.34373564E-01
  8.0000000    	  9.0000000    	 0.56035777    	 0.34696291E-01
  9.0000000    	  10.000000    	 0.55892733    	 0.35879482E-01
  10.000000    	  11.000000    	 0.61681390    	 0.38378128E-01
  11.000000    	  12.000000    	 0.10163590    	 0.18758883E-01
  12.000000    	  13.000000    	 0.84347773E-01	 0.18309187E-01
  13.000000    	  14.000000    	 0.91668097E-01	 0.21925660E-01
  14.000000    	  15.000000    	 0.17596694    	 0.22703718E-01
  15.000000    	  16.000000    	 0.20955940    	 0.25915147E-01
  16.000000    	  17.000000    	 0.26747337    	 0.28052104E-01
  17.000000    	  18.000000    	 0.31814463    	 0.30904122E-01
  18.000000    	  19.000000    	 0.50217101    	 0.33764001E-01
  19.000000    	  20.000000    	 0.49805303    	 0.36163362E-01
  20.000000    	  21.000000    	 0.56825281    	 0.36327805E-01
  21.000000    	  22.000000    	 0.69613928    	 0.37203042E-01
  22.000000    	  23.000000    	 0.63828897E-01	 0.17135005E-01
  23.000000    	  24.000000    	 0.36031733E-01	 0.16705479E-01
  24.000000    	  25.000000    	 0.11549449    	 0.22616035E-01
  25.000000    	  26.000000    	 0.13603258    	 0.21551374E-01
  26.000000    	  27.000000    	 0.18461587    	 0.26195967E-01
  27.000000    	  28.000000    	 0.23433769    	 0.28167127E-01
  28.000000    	  29.000000    	 0.30469895    	 0.30989672E-01
  29.000000    	  30.000000    	 0.30642330    	 0.33481427E-01
  30.000000    	  31.000000    	 0.43881012    	 0.33355992E-01
  31.000000    	  32.000000    	 0.59090360    	 0.33076116E-01
  32.000000    	  33.000000    	 0.64231062    	 0.34001051E-01
  33.000000    	  34.000000    	-0.15968334E-01	 0.17517836E-01
  34.000000    	  35.000000    	 0.14090320E-01	 0.17533510E-01
  35.000000    	  36.000000    	 0.47104316E-01	 0.21706335E-01
  36.000000    	  37.000000    	 0.95209236E-01	 0.21956819E-01
  37.000000    	  38.000000    	 0.13304103    	 0.23973052E-01
  38.000000    	  39.000000    	 0.19967382    	 0.27919191E-01
  39.000000    	  40.000000    	 0.25717711    	 0.30084508E-01
  40.000000    	  41.000000    	 0.37042235    	 0.29397207E-01
  41.000000    	  42.000000    	 0.46018845    	 0.33025389E-01
  42.000000    	  43.000000    	 0.50864871    	 0.33501844E-01
  43.000000    	  44.000000    	 0.58693868    	 0.32281264E-01
  44.000000    	  45.000000    	 0.18211903E-01	 0.16756734E-01
  45.000000    	  46.000000    	-0.80576927E-02	 0.17108076E-01
  46.000000    	  47.000000    	 0.18955050E-01	 0.20160939E-01
  47.000000    	  48.000000    	 0.80134518E-01	 0.22880476E-01
  48.000000    	  49.000000    	 0.16112977    	 0.23727208E-01
  49.000000    	  50.000000    	 0.18847740    	 0.27709916E-01
  50.000000    	  51.000000    	 0.29634359    	 0.27150400E-01
  51.000000    	  52.000000    	 0.32855149    	 0.28714944E-01
  52.000000    	  53.000000    	 0.43964673    	 0.31343000E-01
  53.000000    	  54.000000    	 0.54784822    	 0.33707968E-01
  54.000000    	  55.000000    	 0.54359597    	 0.32547004E-01
  55.000000    	  56.000000    	-0.22930336E-01	 0.14735229E-01
  56.000000    	  57.000000    	-0.50865855E-02	 0.16714732E-01
  57.000000    	  58.000000    	-0.45320842E-02	 0.17761810E-01
  58.000000    	  59.000000    	 0.44310966E-01	 0.22954083E-01
  59.000000    	  60.000000    	 0.12104460    	 0.23092568E-01
  60.000000    	  61.000000    	 0.15319852    	 0.23520103E-01
  61.000000    	  62.000000    	 0.31205064    	 0.27204506E-01
  62.000000    	  63.000000    	 0.32122722    	 0.27631785E-01
  63.000000    	  64.000000    	 0.39746700    	 0.30287767E-01
  64.000000    	  65.000000    	 0.44010642    	 0.31568635E-01
  65.000000    	  66.000000    	 0.52859411    	 0.31032032E-01
  66.000000    	  67.000000    	-0.65381012E-01	 0.14849949E-01
  67.000000    	  68.000000    	-0.38801302E-01	 0.17383412E-01
  68.000000    	  69.000000    	 0.22375172E-01	 0.18406559E-01
  69.000000    	  70.000000    	 0.50767463E-01	 0.20755349E-01
  70.000000    	  71.000000    	 0.11695194    	 0.23704785E-01
  71.000000    	  72.000000    	 0.16661432    	 0.22998673E-01
  72.000000    	  73.000000    	 0.24795227    	 0.26569011E-01
  73.000000    	  74.000000    	 0.29525487    	 0.27096098E-01
  74.000000    	  75.000000    	 0.37396625    	 0.30765090E-01
  75.000000    	  76.000000    	 0.44407760    	 0.33360289E-01
  76.000000    	  77.000000    	 0.51844762    	 0.31637701E-01
  77.000000    	  78.000000    	-0.76397657E-01	 0.14296434E-01
  78.000000    	  79.000000    	-0.62409653E-01	 0.15688337E-01
  79.000000    	  80.000000    	-0.56973184E-01	 0.16846392E-01
  80.000000    	  81.000000    	 0.92464836E-02	 0.20221228E-01
  81.000000    	  82.000000    	 0.58738475E-01	 0.22075921E-01
  82.000000    	  83.000000    	 0.11814333    	 0.22549503E-01
  83.000000    	  84.000000    	 0.15632457    	 0.27018720E-01
  84.000000    	  85.000000    	 0.31004361    	 0.28342950E-01
  85.000000    	  86.000000    	 0.33761181    	 0.29890624E-01
  86.000000    	  87.000000    	 0.45507778    	 0.30172579E-01
  87.000000    	  88.000000    	 0.51015804    	 0.29025141E-01
  88.000000    	  89.000000    	-0.83247016E-01	 0.13850678E-01
  89.000000    	  90.000000    	-0.92216918E-01	 0.15471470E-01
  90.000000    	  91.000000    	-0.12844707E-01	 0.17083922E-01
  91.000000    	  92.000000    	-0.52712488E-02	 0.19286795E-01
  92.000000    	  93.000000    	 0.37631707E-01	 0.20464420E-01
  93.000000    	  94.000000    	 0.17884562    	 0.22369108E-01
  94.000000    	  95.000000    	 0.17134842    	 0.24330385E-01
  95.000000    	  96.000000    	 0.29060036    	 0.24961093E-01
  96.000000    	  97.000000    	 0.28925660    	 0.30643476E-01
  97.000000    	  98.000000    	 0.36376539    	 0.26006833E-01
  98.000000    	  99.000000    	 0.48021467    	 0.28837488E-01
  99.000000    	  100.00000    	-0.11878391    	 0.14548317E-01
  100.00000    	  101.00000    	-0.78725062E-01	 0.14943190E-01
  101.00000    	  102.00000    	-0.54337394E-01	 0.16421191E-01
  102.00000    	  103.00000    	-0.23055141E-01	 0.17876722E-01
  103.00000    	  104.00000    	 0.37509149E-01	 0.22978245E-01
  104.00000    	  105.00000    	 0.10869332    	 0.23251698E-01
  105.00000    	  106.00000    	 0.24370798    	 0.24067208E-01
  106.00000    	  107.00000    	 0.25712822    	 0.24878163E-01
  107.00000    	  108.00000    	 0.33153891    	 0.27809869E-01
  108.00000    	  109.00000    	 0.42300780    	 0.27152947E-01
  109.00000    	  110.00000    	 0.43116310    	 0.29042515E-01
  110.00000    	  111.00000    	-0.13911201    	 0.14187213E-01
  111.00000    	  112.00000    	-0.12084568    	 0.14347701E-01
  112.00000    	  113.00000    	-0.64992749E-01	 0.16047526E-01
  113.00000    	  114.00000    	 0.24160417E-01	 0.18103498E-01
  114.00000    	  115.00000    	 0.10785398E-01	 0.23572012E-01
  115.00000    	  116.00000    	 0.95016009E-01	 0.23184092E-01
  116.00000    	  117.00000    	 0.17561564    	 0.22556799E-01
  117.00000    	  118.00000    	 0.22419126    	 0.23774876E-01
  118.00000    	  119.00000    	 0.31487210    	 0.26617448E-01
  119.00000    	  120.00000    	 0.38385381    	 0.25682486E-01
  120.00000    	  121.00000    	 0.40703575    	 0.28890155E-01
  121.00000    	  122.00000    	-0.10694692    	 0.13010297E-01
  122.00000    	  123.00000    	-0.10849250    	 0.15762116E-01
  123.00000    	  124.00000    	-0.91744541E-01	 0.15754089E-01
  124.00000    	  125.00000    	-0.48144343E-01	 0.17885035E-01
  125.00000    	  126.00000    	 0.45029221E-01	 0.21367527E-01
  126.00000    	  127.00000    	 0.13920776    	 0.23803789E-01
  127.00000    	  128.00000    	 0.17942830    	 0.24079636E-01
  128.00000    	  129.00000    	 0.24398628    	 0.25924552E-01
  129.00000    	  130.00000    	 0.28838441    	 0.28779374E-01
  130.00000    	  131.00000    	 0.32222718    	 0.24760689E-01
  131.00000    	  132.00000    	 0.40117843    	 0.31976679E-01
  132.00000    	  133.00000    	-0.12557411    	 0.13310568E-01
  133.00000    	  134.00000    	-0.16131661    	 0.14144603E-01
  134.00000    	  135.00000    	-0.10457328    	 0.14972197E-01
  135.00000    	  136.00000    	-0.62777593E-01	 0.17570921E-01
  136.00000    	  137.00000    	-0.29698409E-01	 0.19885948E-01
  137.00000    	  138.00000    	 0.26274986E-01	 0.22937046E-01
  138.00000    	  139.00000    	 0.13001880    	 0.23996758E-01
  139.00000    	  140.00000    	 0.20923182    	 0.23926589E-01
  140.00000    	  141.00000    	 0.25775515    	 0.25492392E-01
  141.00000    	  142.00000    	 0.34156298    	 0.24469137E-01
  142.00000    	  143.00000    	 0.36774847    	 0.28500692E-01
  143.00000    	  144.00000    	-0.16471461    	 0.14011450E-01
  144.00000    	  145.00000    	-0.13487276    	 0.14973983E-01
  145.00000    	  146.00000    	-0.92812359E-01	 0.15796207E-01
  146.00000    	  147.00000    	-0.39166498E-01	 0.16470340E-01
  147.00000    	  148.00000    	 0.19890944E-01	 0.18747403E-01
  148.00000    	  149.00000    	 0.30921361E-01	 0.20312443E-01
  149.00000    	  150.00000    	 0.13655209    	 0.21120365E-01
  150.00000    	  151.00000    	 0.18688485    	 0.23721137E-01
  151.00000    	  152.00000    	 0.25141250    	 0.24401956E-01
  152.00000    	  153.00000    	 0.36106451    	 0.27638824E-01
  153.00000    	  154.00000    	 0.38449813    	 0.25747497E-01
  154.00000    	  155.00000    	-0.16640833    	 0.13467677E-01
  155.00000    	  156.00000    	-0.13903385    	 0.12555102E-01
  156.00000    	  157.00000    	-0.89026318E-01	 0.15768201E-01
  157.00000    	  158.00000    	-0.48267847E-01	 0.16890464E-01
  158.00000    	  159.00000    	 0.18714292E-01	 0.18431191E-01
  159.00000    	  160.00000    	 0.88678780E-01	 0.20744883E-01
  160.00000    	  161.00000    	 0.14774827    	 0.22961854E-01
  161.00000    	  162.00000    	 0.18364162    	 0.22480694E-01
  162.00000    	  163.00000    	 0.27647079    	 0.25023692E-01
  163.00000    	  164.00000    	 0.31167548    	 0.27476064E-01
  164.00000    	  165.00000    	 0.35665032    	 0.24062736E-01
  165.00000    	  166.00000    	-0.15540665    	 0.12802451E-01
  166.00000    	  167.00000    	-0.16019272    	 0.13312888E-01
  167.00000    	  168.00000    	-0.12107988    	 0.13975824E-01
  168.00000    	  169.00000    	-0.11332034    	 0.17725536E-01
  169.00000    	  170.00000    	-0.21689992E-01	 0.17276661E-01
  170.00000    	  171.00000    	 0.53481136E-01	 0.21000436E-01
  171.00000    	  172.00000    	 0.14179269    	 0.21174221E-01
  172.00000    	  173.00000    	 0.17560730    	 0.20532673E-01
  173.00000    	  174.00000    	 0.19692835    	 0.24718906E-01
  174.00000    	  175.00000    	 0.29502122    	 0.25109959E-01
  175.00000    	  176.00000    	 0.34742703    	 0.22814417E-01
  176.00000    	  177.00000    	-0.17181672    	 0.11961698E-01
  177.00000    	  178.00000    	-0.14246186    	 0.14009282E-01
  178.00000    	  179.00000    	-0.14403156    	 0.13856281E-01
  179.00000    	  180.00000    	-0.88624222E-01	 0.17397642E-01
  180.00000    	  181.00000    	-0.17160790E-01	 0.18338806E-01
  181.00000    	  182.00000    	 0.74760502E-01	 0.19328345E-01
  182.00000    	  183.00000    	 0.11229095    	 0.21459750E-01
  183.00000    	  184.00000    	 0.18790645    	 0.21883845E-01
  184.00000    	  185.00000    	 0.27029984    	 0.21602203E-01
  185.00000    	  186.00000    	 0.30437963    	 0.24403280E-01
  186.00000    	  187.00000    	 0.37155299    	 0.23500972E-01
  187.00000    	  188.00000    	-0.20212628    	 0.12274413E-01
  188.00000    	  189.00000    	-0.15905646    	 0.13374355E-01
  189.00000    	  190.00000    	-0.10332668    	 0.13757161E-01
  190.00000    	  191.00000    	-0.66184737E-01	 0.16665049E-01
  191.00000    	  192.00000    	-0.19318624E-01	 0.18422799E-01
  192.00000    	  193.00000    	 0.40531241E-01	 0.19359283E-01
  193.00000    	  194.00000    	 0.66851831E-01	 0.21449153E-01
  194.00000    	  195.00000    	 0.20327714    	 0.22408417E-01
  195.00000    	  196.00000    	 0.23600594    	 0.21734729E-01
  196.00000    	  197.00000    	 0.29317654    	 0.21706381E-01
  197.00000    	  198.00000    	 0.30644321    	 0.23980364E-01
  198.00000    	  199.00000    	-0.18707066    	 0.12197316E-01
  199.00000    	  200.00000    	-0.15418379    	 0.13374484E-01
  200.00000    	  201.00000    	-0.13236321    	 0.13985885E-01
  201.00000    	  202.00000    	-0.89131418E-01	 0.15100811E-01
  202.00000    	  203.00000    	-0.50519280E-01	 0.16287687E-01
  203.00000    	  204.00000    	 0.28476676E-01	 0.18978911E-01
  204.00000    	  205.00000    	 0.91580917E-01	 0.21570777E-01
  205.00000    	  206.00000    	 0.16447350    	 0.21298009E-01
  206.00000    	  207.00000    	 0.24668797    	 0.23015644E-01
  207.00000    	  208.00000    	 0.24878369    	 0.21520929E-01
  208.00000    	  209.00000    	 0.35120486    	 0.23214207E-01
  209.00000    	  210.00000    	-0.16163497    	 0.11696142E-01
  210.00000    	  211.00000    	-0.17398424    	 0.11864705E-01
  211.00000    	  212.00000    	-0.14042808    	 0.16601888E-01
  212.00000    	  213.00000    	-0.78944273E-01	 0.14557540E-01
  213.00000    	  214.00000    	-0.60548659E-02	 0.16232072E-01
  214.00000    	  215.00000    	 0.34871505E-01	 0.18903003E-01
  215.00000    	  216.00000    	 0.94559135E-01	 0.19636835E-01
  216.00000    	  217.00000    	 0.17896512    	 0.22963850E-01
  217.00000    	  218.00000    	 0.22544335    	 0.22542661E-01
  218.00000    	  219.00000    	 0.30437129    	 0.22851928E-01
  219.00000    	  220.00000    	 0.32419342    	 0.21657365E-01
  220.00000    	  221.00000    	-0.20102176    	 0.11190102E-01
  221.00000    	  222.00000    	-0.16125968    	 0.12054098E-01
  222.00000    	  223.00000    	-0.11993124    	 0.13245835E-01
  223.00000    	  224.00000    	-0.84313498E-01	 0.15383778E-01
  224.00000    	  225.00000    	-0.14049156E-01	 0.18321144E-01
  225.00000    	  226.00000    	 0.30478464E-01	 0.18998040E-01
  226.00000    	  227.00000    	 0.13157721    	 0.18181994E-01
  227.00000    	  228.00000    	 0.15431458    	 0.23616969E-01
  228.00000    	  229.00000    	 0.23607077    	 0.21435462E-01
  229.00000    	  230.00000    	 0.26239046    	 0.27341212E-01
  230.00000    	  231.00000    	 0.30680641    	 0.24410317E-01
  231.00000    	  232.00000    	-0.19672266    	 0.10741578E-01
  232.00000    	  233.00000    	-0.18961232    	 0.11943887E-01
  233.00000    	  234.00000    	-0.14138352    	 0.13622380E-01
  234.00000    	  235.00000    	-0.95240252E-01	 0.14348989E-01
  235.00000    	  236.00000    	-0.41744533E-01	 0.16367453E-01
  236.00000    	  237.00000    	 0.14274691E-01	 0.18357253E-01
  237.00000    	  238.00000    	 0.85116272E-01	 0.17952386E-01
  238.00000    	  239.00000    	 0.14261770    	 0.21580386E-01
  239.00000    	  240.00000    	 0.17256395    	 0.20554959E-01
  240.00000    	  241.00000    	 0.27464120    	 0.24395877E-01
  241.00000    	  242.00000    	 0.30475657    	 0.24349510E-01
  242.00000    	  243.00000    	-0.21183450    	 0.12024100E-01
  243.00000    	  244.00000    	-0.16965810    	 0.11236471E-01
  244.00000    	  245.00000    	-0.12437758    	 0.13124446E-01
  245.00000    	  246.00000    	-0.11821831    	 0.14326960E-01
  246.00000    	  247.00000    	-0.80383749E-01	 0.15108897E-01
  247.00000    	  248.00000    	 0.16560160E-01	 0.17092889E-01
  248.00000    	  249.00000    	 0.54433850E-01	 0.20320493E-01
  249.00000    	  250.00000    	 0.12488807    	 0.17934245E-01
  250.00000    	  251.00000    	 0.23244548    	 0.21406268E-01
  251.00000    	  252.00000    	 0.25366961    	 0.20583278E-01
  252.00000    	  253.00000    	 0.27121861    	 0.23235780E-01
  253.00000    	  254.00000    	-0.17823547    	 0.11267094E-01
  254.00000    	  255.00000    	-0.16230700    	 0.11908128E-01
  255.00000    	  256.00000    	-0.13856896    	 0.13371801E-01
  256.00000    	  257.00000    	-0.85466688E-01	 0.13995776E-01
  257.00000    	  258.00000    	-0.36997653E-01	 0.14606626E-01
  258.00000    	  259.00000    	 0.97293981E-03	 0.17048524E-01
  259.00000    	  260.00000    	 0.58956802E-01	 0.18504961E-01
  260.00000    	  261.00000    	 0.15513181    	 0.17905437E-01
  261.00000    	  262.00000    	 0.21135438    	 0.22974508E-01
  262.00000    	  263.00000    	 0.25116110    	 0.19714468E-01
  263.00000    	  264.00000    	 0.30292824    	 0.22042184E-01
  264.00000    	  265.00000    	-0.21817821    	 0.10239027E-01
  265.00000    	  266.00000    	-0.19204682    	 0.11342759E-01
  266.00000    	  267.00000    	-0.17594356    	 0.13898869E-01
  267.00000    	  268.00000    	-0.11061024    	 0.13960383E-01
  268.00000    	  269.00000    	-0.41579576E-01	 0.17728754E-01
  269.00000    	  270.00000    	 0.36639717E-01	 0.15847344E-01
  270.00000    	  271.00000    	 0.86883399E-01	 0.17652142E-01
  271.00000    	  272.00000    	 0.85482609E-01	 0.19258998E-01
  272.00000    	  273.00000    	 0.15903706    	 0.21087998E-01
  273.00000    	  274.00000    	 0.20710184    	 0.18156455E-01
  274.00000    	  275.00000    	 0.26348409    	 0.21783905E-01
  275.00000    	  276.00000    	-0.17378155    	 0.10149884E-01
  276.00000    	  277.00000    	-0.18574604    	 0.11226558E-01
  277.00000    	  278.00000    	-0.16264088    	 0.12726950E-01
  278.00000    	  279.00000    	-0.12398919    	 0.12744641E-01
  279.00000    	  280.00000    	-0.66545797E-01	 0.15147575E-01
  280.00000    	  281.00000    	-0.92154025E-02	 0.16822791E-01
  281.00000    	  282.00000    	 0.74435812E-01	 0.18126313E-01
  282.00000    	  283.00000    	 0.18871907    	 0.20946850E-01
  283.00000    	  284.00000    	 0.19828736    	 0.19807093E-01
  284.00000    	  285.00000    	 0.29438426    	 0.21365750E-01
  285.00000    	  286.00000    	 0.28987451    	 0.19909381E-01
  286.00000    	  287.00000    	-0.20603150    	 0.10347589E-01
  287.00000    	  288.00000    	-0.17139363    	 0.10978327E-01
  288.00000    	  289.00000    	-0.15604073    	 0.12862271E-01
  289.00000    	  290.00000    	-0.10110075    	 0.13535032E-01
  290.00000    	  291.00000    	-0.26056474E-01	 0.14053125E-01
  291.00000    	  292.00000    	 0.26576167E-01	 0.15935399E-01
  292.00000    	  293.00000    	 0.59631935E-01	 0.16774041E-01
  293.00000    	  294.00000    	 0.92956369E-01	 0.17637177E-01
  294.00000    	  295.00000    	 0.16771732    	 0.19012799E-01
  295.00000    	  296.00000    	 0.20849055    	 0.19577621E-01
  296.00000    	  297.00000    	 0.23513328    	 0.20081571E-01
  297.00000    	  298.00000    	-0.19876973    	 0.10311087E-01
  298.00000    	  299.00000    	-0.19619454    	 0.11045933E-01
  299.00000    	  300.00000    	-0.14558265    	 0.14150238E-01
  300.00000    	  301.00000    	-0.10793830    	 0.13283086E-01
  301.00000    	  302.00000    	-0.34719455E-01	 0.16018077E-01
  302.00000    	  303.00000    	 0.60682493E-02	 0.14999723E-01
  303.00000    	  304.00000    	 0.84564279E-01	 0.16502756E-01
  304.00000    	  305.00000    	 0.12970015    	 0.16866702E-01
  305.00000    	  306.00000    	 0.18498245    	 0.18681093E-01
  306.00000    	  307.00000    	 0.21426091    	 0.17813401E-01
  307.00000    	  308.00000    	 0.24664606    	 0.19496861E-01
  308.00000    	  309.00000    	-0.18104567    	 0.98510094E-02
  309.00000    	  310.00000    	-0.15741121    	 0.11063795E-01
  310.00000    	  311.00000    	-0.14338201    	 0.11965199E-01
  311.00000    	  312.00000    	-0.11575895    	 0.13384348E-01
  312.00000    	  313.00000    	-0.67402574E-01	 0.15366603E-01
  313.00000    	  314.00000    	 0.14602112E-01	 0.14469515E-01
  314.00000    	  315.00000    	 0.67183957E-01	 0.17816393E-01
  315.00000    	  316.00000    	 0.13989626    	 0.18508318E-01
  316.00000    	  317.00000    	 0.16037954    	 0.20290353E-01
  317.00000    	  318.00000    	 0.21314277    	 0.18056572E-01
  318.00000    	  319.00000    	 0.21182492    	 0.18590654E-01
  319.00000    	  320.00000    	-0.19566900    	 0.10177096E-01
  320.00000    	  321.00000    	-0.19302662    	 0.11198076E-01
  321.00000    	  322.00000    	-0.15830701    	 0.11043146E-01
  322.00000    	  323.00000    	-0.10376195    	 0.12971487E-01
  323.00000    	  324.00000    	-0.83705362E-01	 0.14905958E-01
  324.00000    	  325.00000    	 0.14326411E-01	 0.17273077E-01
  325.00000    	  326.00000    	 0.48856541E-01	 0.18265318E-01
  326.00000    	  327.00000    	 0.13025327    	 0.22785624E-01
  327.00000    	  328.00000    	 0.18173411    	 0.18561791E-01
  328.00000    	  329.00000    	 0.20351710    	 0.18277238E-01
  329.00000    	  330.00000    	 0.25220031    	 0.18724783E-01
  330.00000    	  331.00000    	-0.19026149    	 0.98751960E-02
  331.00000    	  332.00000    	-0.20466341    	 0.11781344E-01
  332.00000    	  333.00000    	-0.15177710    	 0.11891332E-01
  333.00000    	  334.00000    	-0.11454351    	 0.11711210E-01
  334.00000    	  335.00000    	-0.54105696E-01	 0.14794582E-01
  335.00000    	  336.00000    	 0.11154022E-02	 0.16834339E-01
  336.00000    	  337.00000    	 0.75052662E-01	 0.16631907E-01
  337.00000    	  338.00000    	 0.10816198    	 0.17579646E-01
  338.00000    	  339.00000    	 0.14484297    	 0.16405107E-01
  339.00000    	  340.00000    	 0.21852555    	 0.16651869E-01
  340.00000    	  341.00000    	 0.22377809    	 0.17708591E-01
  341.00000    	  342.00000    	-0.19571865    	 0.97528049E-02
  342.00000    	  343.00000    	-0.17771678    	 0.10485241E-01
  343.00000    	  344.00000    	-0.13795868    	 0.12214875E-01
  344.00000    	  345.00000    	-0.11408869    	 0.11415286E-01
  345.00000    	  346.00000    	-0.68627141E-01	 0.13280522E-01
  346.00000    	  347.00000    	-0.18900606E-01	 0.15368788E-01
  347.00000    	  348.00000    	 0.41594574E-01	 0.17095911E-01
  348.00000    	  349.00000    	 0.12118436    	 0.16795488E-01
  349.00000    	  350.00000    	 0.16310461    	 0.17581317E-01
  350.00000    	  351.00000    	 0.16938107    	 0.17045971E-01
  351.00000    	  352.00000    	 0.23819565    	 0.17909543E-01
  352.00000    	  353.00000    	-0.18842769    	 0.96688944E-02
  353.00000    	  354.00000    	-0.16847540    	 0.10763490E-01
  354.00000    	  355.00000    	-0.17623316    	 0.11195912E-01
  355.00000    	  356.00000    	-0.10400240    	 0.11970838E-01
  356.00000    	  357.00000    	-0.36038040E-01	 0.13025062E-01
  357.00000    	  358.00000    	 0.16115799E-01	 0.14580042E-01
  358.00000    	  359.00000    	 0.48981927E-01	 0.14708661E-01
  359.00000    	  360.00000    	 0.73463826E-01	 0.15643666E-01
  360.00000    	  361.00000    	 0.16986405    	 0.18418118E-01
  361.00000    	  362.00000    	 0.20043441    	 0.16753738E-01
  362.00000    	  363.00000    	 0.22513293    	 0.18281207E-01
  363.00000    	  364.00000    	-0.20119725    	 0.92408051E-02
  364.00000    	  365.00000    	-0.17642527    	 0.10677633E-01
  365.00000    	  366.00000    	-0.12902294    	 0.10813806E-01
  366.00000    	  367.00000    	-0.13197424    	 0.12158599E-01
  367.00000    	  368.00000    	-0.53213671E-01	 0.13586633E-01
  368.00000    	  369.00000    	-0.31966968E-02	 0.14986939E-01
  369.00000    	  370.00000    	 0.62505491E-01	 0.15538309E-01
  370.00000    	  371.00000    	 0.11239580    	 0.16131083E-01
  371.00000    	  372.00000    	 0.14271593    	 0.17438837E-01
  372.00000    	  373.00000    	 0.19988752    	 0.17000564E-01
  373.00000    	  374.00000    	 0.21404969    	 0.16198608E-01
  374.00000    	  375.00000    	-0.18674445    	 0.90884326E-02
  375.00000    	  376.00000    	-0.17440307    	 0.99649729E-02
  376.00000    	  377.00000    	-0.15019955    	 0.11818023E-01
  377.00000    	  378.00000    	-0.11519569    	 0.12174745E-01
  378.00000    	  379.00000    	-0.37253765E-01	 0.12161383E-01
  379.00000    	  380.00000    	-0.10660475E-01	 0.14151132E-01
  380.00000    	  381.00000    	 0.62515095E-01	 0.15584111E-01
  381.00000    	  382.00000    	 0.88136865E-01	 0.16466841E-01
  382.00000    	  383.00000    	 0.14114648    	 0.17948600E-01
  383.00000    	  384.00000    	 0.16460526    	 0.18962231E-01
  384.00000    	  385.00000    	 0.19789255    	 0.15046175E-01
  385.00000    	  386.00000    	-0.18786298    	 0.92102051E-02
  386.00000    	  387.00000    	-0.16939777    	 0.94613626E-02
  387.00000    	  388.00000    	-0.14959026    	 0.11807953E-01
  388.00000    	  389.00000    	-0.86300405E-01	 0.12269702E-01
  389.00000    	  390.00000    	-0.70300599E-01	 0.12344853E-01
  390.00000    	  391.00000    	-0.10289678E-02	 0.13764830E-01
  391.00000    	  392.00000    	 0.38659303E-01	 0.15180764E-01
  392.00000    	  393.00000    	 0.60852655E-01	 0.16581771E-01
  393.00000    	  394.00000    	 0.16182132    	 0.18707984E-01
  394.00000    	  395.00000    	 0.18161352    	 0.16843276E-01
  395.00000    	  396.00000    	 0.19683037    	 0.13860036E-01
  396.00000    	  397.00000    	-0.19257688    	 0.95353633E-02
  397.00000    	  398.00000    	-0.17642144    	 0.10246309E-01
  398.00000    	  399.00000    	-0.14465107    	 0.10475635E-01
  399.00000    	  400.00000    	-0.13451103    	 0.11789553E-01
  400.00000    	  401.00000    	-0.40082054E-01	 0.13162833E-01
  401.00000    	  402.00000    	-0.29782226E-02	 0.13665926E-01
  402.00000    	  403.00000    	 0.41855984E-01	 0.14202907E-01
  403.00000    	  404.00000    	 0.13606947    	 0.15177229E-01
  404.00000    	  405.00000    	 0.12020386    	 0.16156938E-01
  405.00000    	  406.00000    	 0.16255525    	 0.17318422E-01
  406.00000    	  407.00000    	 0.18942098    	 0.14885826E-01
  407.00000    	  408.00000    	-0.18543132    	 0.91520612E-02
  408.00000    	  409.00000    	-0.16548676    	 0.95774071E-02
  409.00000    	  410.00000    	-0.14526616    	 0.10218604E-01
  410.00000    	  411.00000    	-0.10268047    	 0.11621442E-01
  411.00000    	  412.00000    	-0.74755011E-01	 0.12596220E-01
  412.00000    	  413.00000    	 0.11547520E-01	 0.12793975E-01
  413.00000    	  414.00000    	 0.20106959E-01	 0.14182084E-01
  414.00000    	  415.00000    	 0.93410110E-01	 0.13452946E-01
  415.00000    	  416.00000    	 0.15573188    	 0.17171095E-01
  416.00000    	  417.00000    	 0.15904687    	 0.15733240E-01
  417.00000    	  418.00000    	 0.15863133    	 0.16807189E-01
  418.00000    	  419.00000    	-0.17777564    	 0.92214949E-02
  419.00000    	  420.00000    	-0.18149200    	 0.94518605E-02
  420.00000    	  421.00000    	-0.14470061    	 0.99004316E-02
  421.00000    	  422.00000    	-0.11408389    	 0.11136557E-01
  422.00000    	  423.00000    	-0.59247931E-01	 0.12189984E-01
  423.00000    	  424.00000    	-0.17974190E-01	 0.14173187E-01
  424.00000    	  425.00000    	 0.67001252E-01	 0.14174611E-01
  425.00000    	  426.00000    	 0.69599961E-01	 0.14381142E-01
  426.00000    	  427.00000    	 0.91766979E-01	 0.17182124E-01
  427.00000    	  428.00000    	 0.15804338    	 0.14462102E-01
  428.00000    	  429.00000    	 0.19531389    	 0.15146986E-01
  429.00000    	  430.00000    	-0.18129079    	 0.84776595E-02
  430.00000    	  431.00000    	-0.15847628    	 0.95603064E-02
  431.00000    	  432.00000    	-0.13551731    	 0.10388017E-01
  432.00000    	  433.00000    	-0.91599183E-01	 0.10874879E-01
  433.00000    	  434.00000    	-0.59549530E-01	 0.12126131E-01
  434.00000    	  435.00000    	-0.93400839E-02	 0.14290493E-01
  435.00000    	  436.00000    	 0.42062968E-01	 0.13658772E-01
  436.00000    	  437.00000    	 0.10089221    	 0.14872462E-01
  437.00000    	  438.00000    	 0.11467260    	 0.16645062E-01
  438.00000    	  439.00000    	 0.14749405    	 0.14155648E-01
  439.00000    	  440.00000    	 0.20885215    	 0.16685385E-01
  440.00000    	  441.00000    	-0.20066720    	 0.90818797E-02
  441.00000    	  442.00000    	-0.16050733    	 0.99592364E-02
  442.00000    	  443.00000    	-0.14166599    	 0.96760011E-02
  443.00000    	  444.00000    	-0.10297073    	 0.10740181E-01
  444.00000    	  445.00000    	-0.56630368E-01	 0.11646370E-01
  445.00000    	  446.00000    	-0.73752130E-02	 0.11806828E-01
  446.00000    	  447.00000    	 0.36693067E-01	 0.14046435E-01
  447.00000    	  448.00000    	 0.82607453E-01	 0.14085651E-01
  448.00000    	  449.00000    	 0.12238919    	 0.14420257E-01
  449.00000    	  450.00000    	 0.15266887    	 0.14526752E-01
  450.00000    	  451.00000    	 0.15273634    	 0.14497537E-01
  451.00000    	  452.00000    	-0.18250299    	 0.94798388E-02
  452.00000    	  453.00000    	-0.18396189    	 0.11740143E-01
  453.00000    	  454.00000    	-0.13354744    	 0.10501154E-01
  454.00000    	  455.00000    	-0.10377728    	 0.10195352E-01
  455.00000    	  456.00000    	-0.57180142E-01	 0.11344494E-01
  456.00000    	  457.00000    	-0.86551231E-02	 0.12655185E-01
  457.00000    	  458.00000    	 0.34775309E-01	 0.13477550E-01
  458.00000    	  459.00000    	 0.86361576E-01	 0.13747140E-01
  459.00000    	  460.00000    	 0.12143890    	 0.14066913E-01
  460.00000    	  461.00000    	 0.15317563    	 0.14565017E-01
  461.00000    	  462.00000    	 0.17646436    	 0.14023073E-01
  462.00000    	  463.00000    	-0.18435492    	 0.87554474E-02
  463.00000    	  464.00000    	-0.16538109    	 0.10040032E-01
  464.00000    	  465.00000    	-0.13131119    	 0.90593021E-02
  465.00000    	  466.00000    	-0.10915116    	 0.10358425E-01
  466.00000    	  467.00000    	-0.67636451E-01	 0.10402457E-01
  467.00000    	  468.00000    	 0.22341641E-03	 0.12597305E-01
  468.00000    	  469.00000    	 0.38263913E-01	 0.12667295E-01
  469.00000    	  470.00000    	 0.75356758E-01	 0.13614894E-01
  470.00000    	  471.00000    	 0.12962528    	 0.14084287E-01
  471.00000    	  472.00000    	 0.15251686    	 0.15038242E-01
  472.00000    	  473.00000    	 0.15380473    	 0.13700368E-01
  473.00000    	  474.00000    	-0.17608208    	 0.89894781E-02
  474.00000    	  475.00000    	-0.15352531    	 0.96617262E-02
  475.00000    	  476.00000    	-0.14348848    	 0.88773611E-02
  476.00000    	  477.00000    	-0.10536024    	 0.10792806E-01
  477.00000    	  478.00000    	-0.61599495E-01	 0.11183927E-01
  478.00000    	  479.00000    	-0.91011144E-02	 0.12964786E-01
  479.00000    	  480.00000    	 0.30446527E-01	 0.13062189E-01
  480.00000    	  481.00000    	 0.68892282E-01	 0.13931361E-01
  481.00000    	  482.00000    	 0.10897000    	 0.13405922E-01
  482.00000    	  483.00000    	 0.16058546    	 0.13693588E-01
  483.00000    	  484.00000    	 0.17509083    	 0.13731569E-01
  484.00000    	  485.00000    	-0.17584930    	 0.90210349E-02
  485.00000    	  486.00000    	-0.16105902    	 0.91445192E-02
  486.00000    	  487.00000    	-0.12632661    	 0.93360033E-02
  487.00000    	  488.00000    	-0.88657812E-01	 0.10309968E-01
  488.00000    	  489.00000    	-0.53240969E-01	 0.11153501E-01
  489.00000    	  490.00000    	-0.96177585E-02	 0.11894344E-01
  490.00000    	  491.00000    	 0.36676114E-01	 0.13477093E-01
  491.00000    	  492.00000    	 0.75186697E-01	 0.14828174E-01
  492.00000    	  493.00000    	 0.10444667    	 0.12464513E-01
  493.00000    	  494.00000    	 0.14734022    	 0.13390515E-01
  494.00000    	  495.00000    	 0.15139138    	 0.13589377E-01
  495.00000    	  496.00000    	-0.15133396    	 0.89075589E-02
  496.00000    	  497.00000    	-0.16106614    	 0.94296211E-02
  497.00000    	  498.00000    	-0.13120081    	 0.10281631E-01
  498.00000    	  499.00000    	-0.11948659    	 0.10642193E-01
  499.00000    	  500.00000    	-0.58238491E-01	 0.11156017E-01
  500.00000    	  501.00000    	-0.29191527E-01	 0.12053289E-01
  501.00000    	  502.00000    	 0.39470967E-01	 0.12058804E-01
  502.00000    	  503.00000    	 0.80971653E-01	 0.12860183E-01
  503.00000    	  504.00000    	 0.13270959    	 0.13372508E-01
  504.00000    	  505.00000    	 0.12919898    	 0.13089717E-01
  505.00000    	  506.00000    	 0.13999240    	 0.13947268E-01
  506.00000    	  507.00000    	-0.18362679    	 0.94938469E-02
  507.00000    	  508.00000    	-0.15021369    	 0.93440288E-02
  508.00000    	  509.00000    	-0.13892086    	 0.95522334E-02
  509.00000    	  510.00000    	-0.80991635E-01	 0.10705304E-01
  510.00000    	  511.00000    	-0.45189500E-01	 0.11101063E-01
  511.00000    	  512.00000    	 0.16059713E-01	 0.13100550E-01
  512.00000    	  513.00000    	 0.78538353E-02	 0.12997381E-01
  513.00000    	  514.00000    	 0.80123990E-01	 0.12210243E-01
  514.00000    	  515.00000    	 0.98869233E-01	 0.13280555E-01
  515.00000    	  516.00000    	 0.11609517    	 0.12487575E-01
  516.00000    	  517.00000    	 0.13743148    	 0.12889732E-01
  517.00000    	  518.00000    	-0.14600805    	 0.90034637E-02
  518.00000    	  519.00000    	-0.16163799    	 0.92781797E-02
  519.00000    	  520.00000    	-0.12343304    	 0.96308179E-02
  520.00000    	  521.00000    	-0.81758114E-01	 0.10631553E-01
  521.00000    	  522.00000    	-0.74572873E-01	 0.10952101E-01
  522.00000    	  523.00000    	-0.12231143E-01	 0.13062226E-01
  523.00000    	  524.00000    	 0.51056219E-01	 0.12242527E-01
  524.00000    	  525.00000    	 0.61084746E-01	 0.12328739E-01
  525.00000    	  526.00000    	 0.11746875    	 0.13779359E-01
  526.00000    	  527.00000    	 0.14743481    	 0.11909181E-01
  527.00000    	  528.00000    	 0.12760788    	 0.12501353E-01
  528.00000    	  529.00000    	-0.17326143    	 0.82624237E-02
  529.00000    	  530.00000    	-0.14640799    	 0.86594745E-02
  530.00000    	  531.00000    	-0.13733854    	 0.96739344E-02
  531.00000    	  532.00000    	-0.10456172    	 0.10192103E-01
  532.00000    	  533.00000    	-0.52387389E-01	 0.10453020E-01
  533.00000    	  534.00000    	-0.68430960E-03	 0.10885355E-01
  534.00000    	  535.00000    	 0.28349111E-01	 0.11716190E-01
  535.00000    	  536.00000    	 0.83943697E-01	 0.11605287E-01
  536.00000    	  537.00000    	 0.93084979E-01	 0.14132524E-01
  537.00000    	  538.00000    	 0.10303653    	 0.13038417E-01
  538.00000    	  539.00000    	 0.11725429    	 0.12308351E-01
  539.00000    	  540.00000    	-0.18093954    	 0.85679987E-02
  540.00000    	  541.00000    	-0.16212825    	 0.83939395E-02
  541.00000    	  542.00000    	-0.12566140    	 0.98735755E-02
  542.00000    	  543.00000    	-0.10899552    	 0.10315952E-01
  543.00000    	  544.00000    	-0.49234735E-01	 0.10235405E-01
  544.00000    	  545.00000    	 0.38054795E-02	 0.10959974E-01
  545.00000    	  546.00000    	 0.19334204E-01	 0.11715023E-01
  546.00000    	  547.00000    	 0.71546935E-01	 0.11017404E-01
  547.00000    	  548.00000    	 0.84248150E-01	 0.13802117E-01
  548.00000    	  549.00000    	 0.11773003    	 0.12763516E-01
  549.00000    	  550.00000    	 0.12401754    	 0.12582613E-01
  550.00000    	  551.00000    	-0.16166969    	 0.85706702E-02
  551.00000    	  552.00000    	-0.14474004    	 0.88031316E-02
  552.00000    	  553.00000    	-0.11009517    	 0.94878009E-02
  553.00000    	  554.00000    	-0.63494152E-01	 0.98417003E-02
  554.00000    	  555.00000    	-0.68314214E-01	 0.10580228E-01
  555.00000    	  556.00000    	-0.75638061E-02	 0.10913670E-01
  556.00000    	  557.00000    	 0.56589115E-01	 0.11208874E-01
  557.00000    	  558.00000    	 0.61032852E-01	 0.11145769E-01
  558.00000    	  559.00000    	 0.77407476E-01	 0.12477633E-01
  559.00000    	  560.00000    	 0.12748966    	 0.12438744E-01
  560.00000    	  561.00000    	 0.14991687    	 0.13125788E-01
  561.00000    	  562.00000    	-0.16446273    	 0.86436565E-02
  562.00000    	  563.00000    	-0.14900089    	 0.87459315E-02
  563.00000    	  564.00000    	-0.13313958    	 0.91564639E-02
  564.00000    	  565.00000    	-0.10085298    	 0.96555918E-02
  565.00000    	  566.00000    	-0.35779260E-01	 0.10610009E-01
  566.00000    	  567.00000    	-0.28547817E-01	 0.10896537E-01
  567.00000    	  568.00000    	 0.78044594E-02	 0.11488759E-01
  568.00000    	  569.00000    	 0.65494912E-01	 0.13138193E-01
  569.00000    	  570.00000    	 0.92328461E-01	 0.12982968E-01
  570.00000    	  571.00000    	 0.10212123    	 0.11842548E-01
  571.00000    	  572.00000    	 0.93425048E-01	 0.13547245E-01
  572.00000    	  573.00000    	-0.16188831    	 0.92702080E-02
  573.00000    	  574.00000    	-0.15157504    	 0.88988187E-02
  574.00000    	  575.00000    	-0.12613705    	 0.85267035E-02
  575.00000    	  576.00000    	-0.10002975    	 0.97271766E-02
  576.00000    	  577.00000    	-0.53542674E-01	 0.10460862E-01
  577.00000    	  578.00000    	-0.17723819E-02	 0.10251934E-01
  578.00000    	  579.00000    	 0.55585647E-01	 0.11705497E-01
  579.00000    	  580.00000    	 0.62100967E-01	 0.12567693E-01
  580.00000    	  581.00000    	 0.88196585E-01	 0.11983885E-01
  581.00000    	  582.00000    	 0.11074599    	 0.12062085E-01
  582.00000    	  583.00000    	 0.12663690    	 0.11938519E-01
  583.00000    	  584.00000    	-0.15107647    	 0.78753256E-02
  584.00000    	  585.00000    	-0.15263760    	 0.87771777E-02
  585.00000    	  586.00000    	-0.12136075    	 0.84037040E-02
  586.00000    	  587.00000    	-0.95584940E-01	 0.98476252E-02
  587.00000    	  588.00000    	-0.64526766E-01	 0.97658334E-02
  588.00000    	  589.00000    	-0.22323826E-01	 0.10793703E-01
  589.00000    	  590.00000    	 0.23846166E-01	 0.11214362E-01
  590.00000    	  591.00000    	 0.49620587E-01	 0.12470765E-01
  591.00000    	  592.00000    	 0.91706792E-01	 0.12440733E-01
  592.00000    	  593.00000    	 0.11870006    	 0.12634447E-01
  593.00000    	  594.00000    	 0.11149246    	 0.11151149E-01
  594.00000    	  595.00000    	-0.16083859    	 0.82314979E-02
  595.00000    	  596.00000    	-0.14951050    	 0.87092568E-02
  596.00000    	  597.00000    	-0.12172773    	 0.95859318E-02
  597.00000    	  598.00000    	-0.94501585E-01	 0.98106824E-02
  598.00000    	  599.00000    	-0.49114084E-01	 0.93596715E-02
  599.00000    	  600.00000    	-0.20142178E-01	 0.10075807E-01
  600.00000    	  601.00000    	 0.37513409E-01	 0.10946595E-01
  601.00000    	  602.00000    	 0.55865429E-01	 0.12355262E-01
  602.00000    	  603.00000    	 0.92655000E-01	 0.12614718E-01
  603.00000    	  604.00000    	 0.80137358E-01	 0.11515264E-01
  604.00000    	  605.00000    	 0.11951107    	 0.12178820E-01
  605.00000    	  606.00000    	-0.15926480    	 0.81842985E-02
  606.00000    	  607.00000    	-0.13326113    	 0.85148861E-02
  607.00000    	  608.00000    	-0.12937109    	 0.84665922E-02
  608.00000    	  609.00000    	-0.81187826E-01	 0.98523970E-02
  609.00000    	  610.00000    	-0.57007312E-01	 0.10059935E-01
  610.00000    	  611.00000    	-0.76899849E-02	 0.10086134E-01
  611.00000    	  612.00000    	 0.22365365E-01	 0.10677122E-01
  612.00000    	  613.00000    	 0.65671950E-01	 0.13100748E-01
  613.00000    	  614.00000    	 0.91834992E-01	 0.12751728E-01
  614.00000    	  615.00000    	 0.10537179    	 0.11059557E-01
  615.00000    	  616.00000    	 0.11417096    	 0.10878997E-01
  616.00000    	  617.00000    	-0.15243874    	 0.82547695E-02
  617.00000    	  618.00000    	-0.13987404    	 0.96796142E-02
  618.00000    	  619.00000    	-0.11814579    	 0.84363474E-02
  619.00000    	  620.00000    	-0.91900385E-01	 0.94123961E-02
  620.00000    	  621.00000    	-0.60512922E-01	 0.10167926E-01
  621.00000    	  622.00000    	-0.69010396E-02	 0.10341630E-01
  622.00000    	  623.00000    	 0.19174096E-01	 0.10127666E-01
  623.00000    	  624.00000    	 0.46091681E-01	 0.11972150E-01
  624.00000    	  625.00000    	 0.70132244E-01	 0.11487067E-01
  625.00000    	  626.00000    	 0.10812528    	 0.11955248E-01
  626.00000    	  627.00000    	 0.10278405    	 0.12294478E-01
  627.00000    	  628.00000    	-0.13611274    	 0.81582854E-02
  628.00000    	  629.00000    	-0.13591239    	 0.10005929E-01
  629.00000    	  630.00000    	-0.11405005    	 0.86151170E-02
  630.00000    	  631.00000    	-0.78806889E-01	 0.88452391E-02
  631.00000    	  632.00000    	-0.57688194E-01	 0.10111837E-01
  632.00000    	  633.00000    	-0.95941336E-02	 0.10581683E-01
  633.00000    	  634.00000    	 0.17348882E-01	 0.11252954E-01
  634.00000    	  635.00000    	 0.58324666E-01	 0.11072215E-01
  635.00000    	  636.00000    	 0.60741570E-01	 0.11533245E-01
  636.00000    	  637.00000    	 0.86668096E-01	 0.10878902E-01
  637.00000    	  638.00000    	 0.11417220    	 0.99477516E-02
  638.00000    	  639.00000    	-0.14687242    	 0.86241344E-02
  639.00000    	  640.00000    	-0.12684276    	 0.82497097E-02
  640.00000    	  641.00000    	-0.10995576    	 0.81228005E-02
  641.00000    	  642.00000    	-0.80084143E-01	 0.92606131E-02
  642.00000    	  643.00000    	-0.42964848E-01	 0.93104401E-02
  643.00000    	  644.00000    	-0.10483483E-01	 0.10640605E-01
  644.00000    	  645.00000    	 0.27863993E-01	 0.10528386E-01
  645.00000    	  646.00000    	 0.48849539E-01	 0.99690903E-02
  646.00000    	  647.00000    	 0.94257555E-01	 0.11702327E-01
  647.00000    	  648.00000    	 0.95837003E-01	 0.11130029E-01
  648.00000    	  649.00000    	 0.95151066E-01	 0.98708677E-02
  649.00000    	  650.00000    	-0.15957029    	 0.87812882E-02
  650.00000    	  651.00000    	-0.13041829    	 0.78828194E-02
  651.00000    	  652.00000    	-0.10806752    	 0.86296754E-02
  652.00000    	  653.00000    	-0.73076138E-01	 0.79220683E-02
  653.00000    	  654.00000    	-0.52165138E-01	 0.91364639E-02
  654.00000    	  655.00000    	-0.52368547E-02	 0.98571555E-02
  655.00000    	  656.00000    	 0.12088284E-01	 0.10166421E-01
  656.00000    	  657.00000    	 0.42761500E-01	 0.10471996E-01
  657.00000    	  658.00000    	 0.73279687E-01	 0.11973256E-01
  658.00000    	  659.00000    	 0.10841124    	 0.10769569E-01
  659.00000    	  660.00000    	 0.99101943E-01	 0.10028415E-01
  660.00000    	  661.00000    	-0.14891621    	 0.85590203E-02
  661.00000    	  662.00000    	-0.13608538    	 0.83296146E-02
  662.00000    	  663.00000    	-0.10483570    	 0.75578540E-02
  663.00000    	  664.00000    	-0.74699211E-01	 0.90590655E-02
  664.00000    	  665.00000    	-0.45521890E-01	 0.90282714E-02
  665.00000    	  666.00000    	-0.16581630E-01	 0.96192207E-02
  666.00000    	  667.00000    	 0.12092639E-01	 0.10086583E-01
  667.00000    	  668.00000    	 0.55599510E-01	 0.10608552E-01
  668.00000    	  669.00000    	 0.51810573E-01	 0.11306295E-01
  669.00000    	  670.00000    	 0.75797315E-01	 0.11989488E-01
  670.00000    	  671.00000    	 0.10172512    	 0.95092959E-02
  671.00000    	  672.00000    	-0.13609786    	 0.84910981E-02
  672.00000    	  673.00000    	-0.13292678    	 0.85962744E-02
  673.00000    	  674.00000    	-0.10437780    	 0.80639261E-02
  674.00000    	  675.00000    	-0.92245286E-01	 0.91615086E-02
  675.00000    	  676.00000    	-0.52949991E-01	 0.92161612E-02
  676.00000    	  677.00000    	-0.13811590E-01	 0.95305853E-02
  677.00000    	  678.00000    	 0.87405044E-02	 0.10685116E-01
  678.00000    	  679.00000    	 0.42919506E-01	 0.10645511E-01
  679.00000    	  680.00000    	 0.75349276E-01	 0.10049113E-01
  680.00000    	  681.00000    	 0.97279684E-01	 0.10574851E-01
  681.00000    	  682.00000    	 0.59695756E-01	 0.88074441E-02
  682.00000    	  683.00000    	-0.13479440    	 0.83994353E-02
  683.00000    	  684.00000    	-0.13437185    	 0.91460420E-02
  684.00000    	  685.00000    	-0.11118826    	 0.89997042E-02
  685.00000    	  686.00000    	-0.79881356E-01	 0.78019409E-02
  686.00000    	  687.00000    	-0.45166655E-01	 0.86340313E-02
  687.00000    	  688.00000    	-0.15662647E-01	 0.10010895E-01
  688.00000    	  689.00000    	 0.61626425E-02	 0.98759236E-02
  689.00000    	  690.00000    	 0.63031812E-01	 0.11736757E-01
  690.00000    	  691.00000    	 0.75380571E-01	 0.10556814E-01
  691.00000    	  692.00000    	 0.73748546E-01	 0.10881912E-01
  692.00000    	  693.00000    	 0.93043756E-01	 0.89391315E-02
  693.00000    	  694.00000    	-0.12968713    	 0.86127315E-02
  694.00000    	  695.00000    	-0.11142015    	 0.84078386E-02
  695.00000    	  696.00000    	-0.10994130    	 0.81162148E-02
  696.00000    	  697.00000    	-0.80501618E-01	 0.85140916E-02
  697.00000    	  698.00000    	-0.35099557E-01	 0.85484479E-02
  698.00000    	  699.00000    	-0.17850509E-01	 0.94534458E-02
  699.00000    	  700.00000    	 0.19551629E-01	 0.95295124E-02
  700.00000    	  701.00000    	 0.43729134E-01	 0.11132904E-01
  701.00000    	  702.00000    	 0.57042370E-01	 0.99926490E-02
  702.00000    	  703.00000    	 0.93024363E-01	 0.11149815E-01
  703.00000    	  704.00000    	 0.78770630E-01	 0.97624806E-02
  704.00000    	  705.00000    	-0.13882652    	 0.83785963E-02
  705.00000    	  706.00000    	-0.12930328    	 0.79802512E-02
  706.00000    	  707.00000    	-0.11008069    	 0.84470463E-02
  707.00000    	  708.00000    	-0.86077471E-01	 0.85456158E-02
  708.00000    	  709.00000    	-0.42714973E-01	 0.84996642E-02
  709.00000    	  710.00000    	-0.11896168E-01	 0.88603076E-02
  710.00000    	  711.00000    	 0.30022095E-01	 0.94564086E-02
  711.00000    	  712.00000    	 0.32772013E-01	 0.10357925E-01
  712.00000    	  713.00000    	 0.64719178E-01	 0.98014195E-02
  713.00000    	  714.00000    	 0.76962141E-01	 0.11855776E-01
  714.00000    	  715.00000    	 0.73843201E-01	 0.83442718E-02
  715.00000    	  716.00000    	-0.12984283    	 0.83516266E-02
  716.00000    	  717.00000    	-0.12002517    	 0.73312402E-02
  717.00000    	  718.00000    	-0.96754320E-01	 0.83497099E-02
  718.00000    	  719.00000    	-0.80400823E-01	 0.86792203E-02
  719.00000    	  720.00000    	-0.45023966E-01	 0.82837709E-02
  720.00000    	  721.00000    	-0.79044564E-02	 0.91912964E-02
  721.00000    	  722.00000    	-0.17836743E-02	 0.99014874E-02
  722.00000    	  723.00000    	 0.45284748E-01	 0.96482288E-02
  723.00000    	  724.00000    	 0.66301065E-01	 0.92964403E-02
  724.00000    	  725.00000    	 0.76857638E-01	 0.10179732E-01
  725.00000    	  726.00000    	 0.83976911E-01	 0.80894064E-02
  726.00000    	  727.00000    	-0.13635257    	 0.88211860E-02
  727.00000    	  728.00000    	-0.11895485    	 0.74641517E-02
  728.00000    	  729.00000    	-0.89769703E-01	 0.80474433E-02
  729.00000    	  730.00000    	-0.68993095E-01	 0.77049575E-02
  730.00000    	  731.00000    	-0.59407117E-01	 0.88725143E-02
  731.00000    	  732.00000    	-0.40930156E-02	 0.91030790E-02
  732.00000    	  733.00000    	 0.27923943E-01	 0.87735580E-02
  733.00000    	  734.00000    	 0.20630323E-01	 0.10087661E-01
  734.00000    	  735.00000    	 0.57895877E-01	 0.97968104E-02
  735.00000    	  736.00000    	 0.70081702E-01	 0.94870042E-02
  736.00000    	  737.00000    	 0.84384823E-01	 0.97164611E-02
  737.00000    	  738.00000    	-0.12574680    	 0.81593076E-02
  738.00000    	  739.00000    	-0.11956229    	 0.80827831E-02
  739.00000    	  740.00000    	-0.11436416    	 0.83984812E-02
  740.00000    	  741.00000    	-0.68681382E-01	 0.78941063E-02
  741.00000    	  742.00000    	-0.51438498E-01	 0.91003191E-02
  742.00000    	  743.00000    	-0.32242991E-01	 0.87238327E-02
  743.00000    	  744.00000    	 0.20935366E-01	 0.84355406E-02
  744.00000    	  745.00000    	 0.51557557E-01	 0.95210614E-02
  745.00000    	  746.00000    	 0.68399044E-01	 0.86446527E-02
  746.00000    	  747.00000    	 0.87030070E-01	 0.93792925E-02
  747.00000    	  748.00000    	 0.68712086E-01	 0.80814918E-02
  748.00000    	  749.00000    	-0.11633511    	 0.79771099E-02
  749.00000    	  750.00000    	-0.11693053    	 0.71538522E-02
  750.00000    	  751.00000    	-0.93641717E-01	 0.81047076E-02
  751.00000    	  752.00000    	-0.66454522E-01	 0.79276910E-02
  752.00000    	  753.00000    	-0.46539789E-01	 0.82707154E-02
  753.00000    	  754.00000    	-0.12313939E-01	 0.81931856E-02
  754.00000    	  755.00000    	 0.17069933E-01	 0.93898528E-02
  755.00000    	  756.00000    	 0.40743342E-01	 0.91065400E-02
  756.00000    	  757.00000    	 0.50631223E-01	 0.81111539E-02
  757.00000    	  758.00000    	 0.80751972E-01	 0.91396917E-02
  758.00000    	  759.00000    	 0.68263745E-01	 0.77561360E-02
  759.00000    	  760.00000    	-0.13212573    	 0.81238442E-02
  760.00000    	  761.00000    	-0.12151743    	 0.79778578E-02
  761.00000    	  762.00000    	-0.10429960    	 0.78379492E-02
  762.00000    	  763.00000    	-0.69827905E-01	 0.80940251E-02
  763.00000    	  764.00000    	-0.45209829E-01	 0.86597898E-02
  764.00000    	  765.00000    	-0.15602841E-01	 0.81834951E-02
  765.00000    	  766.00000    	 0.64373975E-02	 0.79759282E-02
  766.00000    	  767.00000    	 0.42338220E-01	 0.84084902E-02
  767.00000    	  768.00000    	 0.64636452E-01	 0.84832679E-02
  768.00000    	  769.00000    	 0.60706349E-01	 0.82954781E-02
  769.00000    	  770.00000    	 0.67304811E-01	 0.73452190E-02
  770.00000    	  771.00000    	-0.12589074    	 0.72884450E-02
  771.00000    	  772.00000    	-0.11279149    	 0.74661054E-02
  772.00000    	  773.00000    	-0.10626264    	 0.76789085E-02
  773.00000    	  774.00000    	-0.72504033E-01	 0.81759942E-02
  774.00000    	  775.00000    	-0.46117682E-01	 0.77879969E-02
  775.00000    	  776.00000    	 0.55223876E-03	 0.76733339E-02
  776.00000    	  777.00000    	 0.10916456E-01	 0.77204544E-02
  777.00000    	  778.00000    	 0.43888507E-01	 0.84603770E-02
  778.00000    	  779.00000    	 0.15513108E-01	 0.92949275E-02
  779.00000    	  780.00000    	 0.68561556E-01	 0.87861650E-02
  780.00000    	  781.00000    	 0.83386624E-01	 0.75039155E-02
  781.00000    	  782.00000    	-0.12209523    	 0.71639289E-02
  782.00000    	  783.00000    	-0.11359052    	 0.76899285E-02
  783.00000    	  784.00000    	-0.87908593E-01	 0.81325752E-02
  784.00000    	  785.00000    	-0.54504743E-01	 0.79662488E-02
  785.00000    	  786.00000    	-0.40819040E-01	 0.71674011E-02
  786.00000    	  787.00000    	-0.13478655E-01	 0.81812809E-02
  787.00000    	  788.00000    	 0.18988108E-01	 0.89416305E-02
  788.00000    	  789.00000    	 0.30003164E-01	 0.81004293E-02
  789.00000    	  790.00000    	 0.82702711E-01	 0.93904372E-02
  790.00000    	  791.00000    	 0.72559576E-01	 0.83664345E-02
  791.00000    	  792.00000    	-0.15585658E-01	 0.75616594E-02
  792.00000    	  793.00000    	-0.11420541    	 0.78971488E-02
  793.00000    	  794.00000    	-0.10816071    	 0.73386751E-02
  794.00000    	  795.00000    	-0.99307404E-01	 0.77275686E-02
  795.00000    	  796.00000    	-0.73094337E-01	 0.78505077E-02
  796.00000    	  797.00000    	-0.42924725E-01	 0.72421770E-02
  797.00000    	  798.00000    	-0.15053641E-01	 0.76866905E-02
  798.00000    	  799.00000    	 0.11580636E-01	 0.87392821E-02
  799.00000    	  800.00000    	 0.21956727E-01	 0.80614452E-02
  800.00000    	  801.00000    	 0.42488470E-01	 0.83532651E-02
  801.00000    	  802.00000    	 0.53800545E-01	 0.80628794E-02
  802.00000    	  803.00000    	 0.47693145E-01	 0.83370573E-02
  803.00000    	  804.00000    	-0.12167014    	 0.75742914E-02
  804.00000    	  805.00000    	-0.11707301    	 0.76602630E-02
  805.00000    	  806.00000    	-0.78559331E-01	 0.71826359E-02
  806.00000    	  807.00000    	-0.72745042E-01	 0.76864654E-02
  807.00000    	  808.00000    	-0.40739044E-01	 0.80160865E-02
  808.00000    	  809.00000    	-0.20985506E-01	 0.77283988E-02
  809.00000    	  810.00000    	 0.10055403E-01	 0.85784338E-02
  810.00000    	  811.00000    	 0.39728052E-01	 0.81421395E-02
  811.00000    	  812.00000    	 0.50191369E-01	 0.76681994E-02
  812.00000    	  813.00000    	 0.64878835E-01	 0.71058357E-02
  813.00000    	  814.00000    	 0.57158617E-01	 0.73190995E-02
  814.00000    	  815.00000    	-0.11318883    	 0.73691466E-02
  815.00000    	  816.00000    	-0.11367457    	 0.85968357E-02
  816.00000    	  817.00000    	-0.89229134E-01	 0.68103993E-02
  817.00000    	  818.00000    	-0.74323082E-01	 0.77990868E-02
  818.00000    	  819.00000    	-0.29682054E-01	 0.82033668E-02
  819.00000    	  820.00000    	-0.52379632E-02	 0.82120709E-02
  820.00000    	  821.00000    	-0.61833604E-02	 0.88879463E-02
  821.00000    	  822.00000    	 0.32961478E-01	 0.91925634E-02
  822.00000    	  823.00000    	 0.55314465E-01	 0.82848015E-02
  823.00000    	  824.00000    	 0.49260870E-01	 0.77469784E-02
  824.00000    	  825.00000    	 0.53496849E-01	 0.68964930E-02
  825.00000    	  826.00000    	-0.12132316    	 0.80181578E-02
  826.00000    	  827.00000    	-0.11560947    	 0.76275975E-02
  827.00000    	  828.00000    	-0.93212206E-01	 0.72144978E-02
  828.00000    	  829.00000    	-0.65082772E-01	 0.75104864E-02
  829.00000    	  830.00000    	-0.39231352E-01	 0.76971770E-02
  830.00000    	  831.00000    	-0.15106279E-01	 0.79524711E-02
  831.00000    	  832.00000    	 0.18094510E-01	 0.74718162E-02
  832.00000    	  833.00000    	 0.26024480E-01	 0.93295531E-02
  833.00000    	  834.00000    	 0.49681624E-01	 0.72195537E-02
  834.00000    	  835.00000    	 0.54737647E-01	 0.85850863E-02
  835.00000    	  836.00000    	 0.63834841E-01	 0.73130842E-02
  836.00000    	  837.00000    	-0.12050644    	 0.84645196E-02
  837.00000    	  838.00000    	-0.11657202    	 0.81326253E-02
  838.00000    	  839.00000    	-0.91150477E-01	 0.72323964E-02
  839.00000    	  840.00000    	-0.67220180E-01	 0.69900727E-02
  840.00000    	  841.00000    	-0.33894591E-01	 0.70532725E-02
  841.00000    	  842.00000    	-0.73100773E-02	 0.74850451E-02
  842.00000    	  843.00000    	 0.20736533E-01	 0.82878000E-02
  843.00000    	  844.00000    	 0.35140835E-01	 0.74725135E-02
  844.00000    	  845.00000    	 0.40722001E-01	 0.69511446E-02
  845.00000    	  846.00000    	 0.51672645E-01	 0.76968356E-02
  846.00000    	  847.00000    	 0.59674221E-01	 0.68408997E-02
  847.00000    	  848.00000    	-0.10872621    	 0.78118554E-02
  848.00000    	  849.00000    	-0.99921831E-01	 0.76563122E-02
  849.00000    	  850.00000    	-0.86691011E-01	 0.72482453E-02
  850.00000    	  851.00000    	-0.67802347E-01	 0.73116734E-02
  851.00000    	  852.00000    	-0.44437617E-01	 0.68366919E-02
  852.00000    	  853.00000    	-0.30652699E-01	 0.80606738E-02
  853.00000    	  854.00000    	 0.20352012E-02	 0.78906346E-02
  854.00000    	  855.00000    	 0.34810582E-01	 0.73931765E-02
  855.00000    	  856.00000    	 0.54690161E-01	 0.77787251E-02
  856.00000    	  857.00000    	 0.48627482E-01	 0.65211572E-02
  857.00000    	  858.00000    	 0.61077560E-01	 0.63716224E-02
  858.00000    	  859.00000    	-0.11447485    	 0.75975179E-02
  859.00000    	  860.00000    	-0.11719819    	 0.74071667E-02
  860.00000    	  861.00000    	-0.84169241E-01	 0.66706735E-02
  861.00000    	  862.00000    	-0.56095329E-01	 0.70967098E-02
  862.00000    	  863.00000    	-0.21256547E-01	 0.69046969E-02
  863.00000    	  864.00000    	-0.18876155E-01	 0.78304331E-02
  864.00000    	  865.00000    	 0.17612170E-01	 0.77124426E-02
  865.00000    	  866.00000    	 0.17308884E-01	 0.74719722E-02
  866.00000    	  867.00000    	 0.37649379E-01	 0.77537342E-02
  867.00000    	  868.00000    	 0.63331512E-01	 0.64595106E-02
  868.00000    	  869.00000    	 0.54191947E-01	 0.57340956E-02
  869.00000    	  870.00000    	-0.10490979    	 0.65221280E-02
  870.00000    	  871.00000    	-0.93094534E-01	 0.66467876E-02
  871.00000    	  872.00000    	-0.80067316E-01	 0.68090145E-02
  872.00000    	  873.00000    	-0.48678347E-01	 0.67493211E-02
  873.00000    	  874.00000    	-0.45760655E-01	 0.67500505E-02
  874.00000    	  875.00000    	-0.77270076E-02	 0.76297683E-02
  875.00000    	  876.00000    	 0.21005991E-01	 0.66861839E-02
  876.00000    	  877.00000    	 0.35795795E-01	 0.76156571E-02
  877.00000    	  878.00000    	 0.44653187E-01	 0.71410895E-02
  878.00000    	  879.00000    	 0.19829191E-01	 0.65146152E-02
  879.00000    	  880.00000    	 0.37262381E-01	 0.63103115E-02
  880.00000    	  881.00000    	-0.10859321    	 0.77364192E-02
  881.00000    	  882.00000    	-0.10050961    	 0.69732772E-02
  882.00000    	  883.00000    	-0.89686239E-01	 0.74804887E-02
  883.00000    	  884.00000    	-0.73351127E-01	 0.67081629E-02
  884.00000    	  885.00000    	-0.45752271E-01	 0.71192096E-02
  885.00000    	  886.00000    	-0.12162933E-01	 0.70872359E-02
  886.00000    	  887.00000    	 0.80661314E-02	 0.73440716E-02
  887.00000    	  888.00000    	 0.37849497E-01	 0.75861086E-02
  888.00000    	  889.00000    	 0.58521711E-01	 0.67916750E-02
  889.00000    	  890.00000    	 0.46047795E-01	 0.73204503E-02
  890.00000    	  891.00000    	 0.33491399E-01	 0.58744332E-02
  891.00000    	  892.00000    	-0.99870901E-01	 0.73351690E-02
  892.00000    	  893.00000    	-0.90300459E-01	 0.68911218E-02
  893.00000    	  894.00000    	-0.87243752E-01	 0.72683687E-02
  894.00000    	  895.00000    	-0.58319777E-01	 0.66913977E-02
  895.00000    	  896.00000    	-0.33544505E-01	 0.66485329E-02
  896.00000    	  897.00000    	-0.44668720E-02	 0.71804315E-02
  897.00000    	  898.00000    	 0.56112390E-02	 0.68201312E-02
  898.00000    	  899.00000    	 0.24490165E-01	 0.74690467E-02
  899.00000    	  900.00000    	 0.46289018E-01	 0.60411873E-02
  900.00000    	  901.00000    	 0.41771418E-01	 0.67426231E-02
  901.00000    	  902.00000    	 0.49387893E-01	 0.61427218E-02
  902.00000    	  903.00000    	-0.96277842E-01	 0.83277166E-02
  903.00000    	  904.00000    	-0.89039625E-01	 0.78835948E-02
  904.00000    	  905.00000    	-0.81960266E-01	 0.68450820E-02
  905.00000    	  906.00000    	-0.62842809E-01	 0.67661027E-02
  906.00000    	  907.00000    	-0.41875249E-01	 0.67494247E-02
  907.00000    	  908.00000    	-0.17788587E-01	 0.70609262E-02
  908.00000    	  909.00000    	 0.11954385E-01	 0.69261435E-02
  909.00000    	  910.00000    	 0.33658577E-01	 0.66421774E-02
  910.00000    	  911.00000    	 0.37485006E-01	 0.65478817E-02
  911.00000    	  912.00000    	 0.38368019E-01	 0.70196295E-02
  912.00000    	  913.00000    	 0.44276400E-01	 0.55610800E-02
  913.00000    	  914.00000    	-0.10331172    	 0.71690646E-02
  914.00000    	  915.00000    	-0.10700708    	 0.83458257E-02
  915.00000    	  916.00000    	-0.97182595E-01	 0.75493958E-02
  916.00000    	  917.00000    	-0.60928785E-01	 0.68525103E-02
  917.00000    	  918.00000    	-0.35010750E-01	 0.70622842E-02
  918.00000    	  919.00000    	-0.10422240E-01	 0.62377159E-02
  919.00000    	  920.00000    	 0.12026084E-01	 0.73852124E-02
  920.00000    	  921.00000    	 0.34834111E-01	 0.64385832E-02
  921.00000    	  922.00000    	 0.50589337E-01	 0.59103850E-02
  922.00000    	  923.00000    	 0.40916120E-01	 0.69015596E-02
  923.00000    	  924.00000    	 0.41782466E-01	 0.54480400E-02
  924.00000    	  925.00000    	-0.99412092E-01	 0.73120227E-02
  925.00000    	  926.00000    	-0.78169832E-01	 0.67538287E-02
  926.00000    	  927.00000    	-0.90180183E-01	 0.68524371E-02
  927.00000    	  928.00000    	-0.56881552E-01	 0.63200464E-02
  928.00000    	  929.00000    	-0.43456793E-01	 0.65839353E-02
  929.00000    	  930.00000    	-0.11300534E-01	 0.63054687E-02
  930.00000    	  931.00000    	 0.47192492E-02	 0.69202464E-02
  931.00000    	  932.00000    	 0.19514004E-01	 0.61265290E-02
  932.00000    	  933.00000    	 0.29280361E-01	 0.66109834E-02
  933.00000    	  934.00000    	 0.24318072E-01	 0.64791362E-02
  934.00000    	  935.00000    	 0.38124943E-01	 0.53745346E-02
  935.00000    	  936.00000    	-0.90976256E-01	 0.68897628E-02
  936.00000    	  937.00000    	-0.10791503    	 0.68549198E-02
  937.00000    	  938.00000    	-0.69972323E-01	 0.61633927E-02
  938.00000    	  939.00000    	-0.61095919E-01	 0.61150941E-02
  939.00000    	  940.00000    	-0.21096121E-01	 0.64011162E-02
  940.00000    	  941.00000    	-0.13792332E-01	 0.66968395E-02
  941.00000    	  942.00000    	 0.30984053E-02	 0.74621266E-02
  942.00000    	  943.00000    	 0.25918477E-01	 0.61054334E-02
  943.00000    	  944.00000    	 0.38321537E-01	 0.57578032E-02
  944.00000    	  945.00000    	 0.29432592E-01	 0.57819287E-02
  945.00000    	  946.00000    	 0.33639601E-01	 0.52562544E-02
  946.00000    	  947.00000    	-0.10617630    	 0.68681110E-02
  947.00000    	  948.00000    	-0.89855891E-01	 0.70765590E-02
  948.00000    	  949.00000    	-0.75540305E-01	 0.65336180E-02
  949.00000    	  950.00000    	-0.49292092E-01	 0.64067163E-02
  950.00000    	  951.00000    	-0.47160241E-01	 0.65190093E-02
  951.00000    	  952.00000    	-0.11735193E-01	 0.62607981E-02
  952.00000    	  953.00000    	 0.78674436E-02	 0.70127093E-02
  953.00000    	  954.00000    	 0.30493600E-01	 0.68694193E-02
  954.00000    	  955.00000    	 0.39231218E-01	 0.61986045E-02
  955.00000    	  956.00000    	 0.49158722E-01	 0.56575328E-02
  956.00000    	  957.00000    	 0.21345964E-01	 0.51675488E-02
  957.00000    	  958.00000    	-0.80966739E-01	 0.67332571E-02
  958.00000    	  959.00000    	-0.80604106E-01	 0.72714740E-02
  959.00000    	  960.00000    	-0.62783031E-01	 0.64159549E-02
  960.00000    	  961.00000    	-0.51855090E-01	 0.59416857E-02
  961.00000    	  962.00000    	-0.25277339E-01	 0.58973375E-02
  962.00000    	  963.00000    	-0.19160421E-01	 0.65966665E-02
  963.00000    	  964.00000    	 0.18792111E-03	 0.61553549E-02
  964.00000    	  965.00000    	 0.22678656E-01	 0.62243452E-02
  965.00000    	  966.00000    	 0.29224117E-01	 0.62061493E-02
  966.00000    	  967.00000    	 0.25561938E-01	 0.55121272E-02
  967.00000    	  968.00000    	 0.22092815E-01	 0.48655669E-02
  968.00000    	  969.00000    	-0.94791618E-01	 0.64110354E-02
  969.00000    	  970.00000    	-0.94621024E-01	 0.65606823E-02
  970.00000    	  971.00000    	-0.93240863E-01	 0.67685771E-02
  971.00000    	  972.00000    	-0.51842119E-01	 0.56870842E-02
  972.00000    	  973.00000    	-0.38969935E-01	 0.61731744E-02
  973.00000    	  974.00000    	-0.14470855E-01	 0.67771339E-02
  974.00000    	  975.00000    	 0.17034200E-01	 0.59819667E-02
  975.00000    	  976.00000    	 0.18078383E-01	 0.64602711E-02
  976.00000    	  977.00000    	 0.41897017E-01	 0.58557007E-02
  977.00000    	  978.00000    	 0.43388650E-01	 0.57064554E-02
  978.00000    	  979.00000    	 0.39446141E-01	 0.47017123E-02
  979.00000    	  980.00000    	-0.90242636E-01	 0.67761316E-02
  980.00000    	  981.00000    	-0.88756664E-01	 0.65725052E-02
  981.00000    	  982.00000    	-0.56513601E-01	 0.66491967E-02
  982.00000    	  983.00000    	-0.60476061E-01	 0.67136054E-02
  983.00000    	  984.00000    	-0.46849805E-01	 0.59933854E-02
  984.00000    	  985.00000    	-0.12482800E-01	 0.58849229E-02
  985.00000    	  986.00000    	 0.48277280E-02	 0.59912397E-02
  986.00000    	  987.00000    	 0.27711460E-01	 0.54420929E-02
  987.00000    	  988.00000    	 0.23549587E-01	 0.60968009E-02
  988.00000    	  989.00000    	 0.33289176E-01	 0.51044415E-02
  989.00000    	  990.00000    	 0.24599633E-01	 0.47742678E-02
  990.00000    	  991.00000    	-0.80187541E-01	 0.67849736E-02
  991.00000    	  992.00000    	-0.79389794E-01	 0.62974607E-02
  992.00000    	  993.00000    	-0.70356636E-01	 0.66617739E-02
  993.00000    	  994.00000    	-0.59159427E-01	 0.64423459E-02
  994.00000    	  995.00000    	-0.27250900E-01	 0.59726632E-02
  995.00000    	  996.00000    	-0.93917341E-02	 0.54449290E-02
  996.00000    	  997.00000    	 0.63632277E-03	 0.60094397E-02
  997.00000    	  998.00000    	 0.16694632E-01	 0.57947864E-02
  998.00000    	  999.00000    	 0.10971760E-01	 0.64015168E-02
  999.00000    	  1000.0000    	 0.22673489E-02	 0.54501463E-02
  1000.0000    	  1001.0000    	 0.33236822E-01	 0.52763969E-02
  1001.0000    	  1002.0000    	-0.82057208E-01	 0.62834285E-02
  1002.0000    	  1003.0000    	-0.81544138E-01	 0.71589241E-02
  1003.0000    	  1004.0000    	-0.67143518E-01	 0.59511924E-02
  1004.0000    	  1005.0000    	-0.57528178E-01	 0.64847221E-02
  1005.0000    	  1006.0000    	-0.33527423E-01	 0.57896248E-02
  1006.0000    	  1007.0000    	-0.23378853E-01	 0.56916750E-02
  1007.0000    	  1008.0000    	-0.11943749E-02	 0.57815273E-02
  1008.0000    	  1009.0000    	 0.28823744E-01	 0.57526010E-02
  1009.0000    	  1010.0000    	 0.28212748E-01	 0.58538812E-02
  1010.0000    	  1011.0000    	 0.33180917E-01	 0.59426535E-02
  1011.0000    	  1012.0000    	 0.26453198E-01	 0.45214226E-02
  1012.0000    	  1013.0000    	-0.87351806E-01	 0.67911798E-02
  1013.0000    	  1014.0000    	-0.71335747E-01	 0.69864819E-02
  1014.0000    	  1015.0000    	-0.72864309E-01	 0.65747688E-02
  1015.0000    	  1016.0000    	-0.53735164E-01	 0.56467347E-02
  1016.0000    	  1017.0000    	-0.28843762E-01	 0.58097969E-02
  1017.0000    	  1018.0000    	-0.10403192E-01	 0.58351045E-02
  1018.0000    	  1019.0000    	 0.13232695E-02	 0.58070924E-02
  1019.0000    	  1020.0000    	 0.42108807E-02	 0.62918088E-02
  1020.0000    	  1021.0000    	 0.27437848E-01	 0.56837513E-02
  1021.0000    	  1022.0000    	 0.41203927E-01	 0.55219546E-02
  1022.0000    	  1023.0000    	 0.17359422E-01	 0.48798142E-02
  1023.0000    	  1024.0000    	-0.84851517E-01	 0.71916243E-02
  1024.0000    	  1025.0000    	-0.83310799E-01	 0.63647226E-02
  1025.0000    	  1026.0000    	-0.59819061E-01	 0.55417360E-02
  1026.0000    	  1027.0000    	-0.45076271E-01	 0.57320880E-02
  1027.0000    	  1028.0000    	-0.34811565E-01	 0.56355947E-02
  1028.0000    	  1029.0000    	-0.16927148E-01	 0.56059721E-02
  1029.0000    	  1030.0000    	 0.13191980E-01	 0.63541367E-02
  1030.0000    	  1031.0000    	 0.13525942E-01	 0.56074011E-02
  1031.0000    	  1032.0000    	-0.47076544E-03	 0.57930738E-02
  1032.0000    	  1033.0000    	 0.13900987E-01	 0.54284099E-02
  1033.0000    	  1034.0000    	 0.27901007E-01	 0.46801033E-02
