# xi1
# underflow	  1396.6587    	  1.0413394    
# overflow	  1.1134014    	 0.39493058E-01
# sum	  1660.4202    	  1.2056393    
# xmin	xmax	cross	numerror
  0.0000000    	  1.0000000    	 0.87652577    	 0.30963905E-01
  1.0000000    	  2.0000000    	 0.89933443    	 0.30612869E-01
  2.0000000    	  3.0000000    	 0.98292378    	 0.30135712E-01
  3.0000000    	  4.0000000    	 0.96961382    	 0.30824019E-01
  4.0000000    	  5.0000000    	 0.94385844    	 0.34335695E-01
  5.0000000    	  6.0000000    	  1.0023408    	 0.39319494E-01
  6.0000000    	  7.0000000    	  1.1084970    	 0.43670495E-01
  7.0000000    	  8.0000000    	  1.0944383    	 0.39934865E-01
  8.0000000    	  9.0000000    	  1.1650078    	 0.44416026E-01
  9.0000000    	  10.000000    	  1.1149636    	 0.44616471E-01
  10.000000    	  11.000000    	  1.1581918    	 0.44663361E-01
  11.000000    	  12.000000    	 0.90296536    	 0.28839085E-01
  12.000000    	  13.000000    	 0.85571806    	 0.28591919E-01
  13.000000    	  14.000000    	 0.93165506    	 0.30069930E-01
  14.000000    	  15.000000    	 0.95387834    	 0.32061374E-01
  15.000000    	  16.000000    	 0.98058573    	 0.31534975E-01
  16.000000    	  17.000000    	 0.97745261    	 0.34145938E-01
  17.000000    	  18.000000    	  1.0141261    	 0.37849337E-01
  18.000000    	  19.000000    	  1.0052145    	 0.40033747E-01
  19.000000    	  20.000000    	  1.0194179    	 0.40581641E-01
  20.000000    	  21.000000    	  1.1163801    	 0.41701206E-01
  21.000000    	  22.000000    	  1.1253489    	 0.47911907E-01
  22.000000    	  23.000000    	 0.83907774    	 0.29354692E-01
  23.000000    	  24.000000    	 0.85372117    	 0.28891098E-01
  24.000000    	  25.000000    	 0.80802874    	 0.27624422E-01
  25.000000    	  26.000000    	 0.84157199    	 0.29540167E-01
  26.000000    	  27.000000    	 0.85379804    	 0.33475701E-01
  27.000000    	  28.000000    	 0.93086087    	 0.32876701E-01
  28.000000    	  29.000000    	 0.96376438    	 0.38862614E-01
  29.000000    	  30.000000    	 0.98475322    	 0.41070970E-01
  30.000000    	  31.000000    	  1.0968084    	 0.39300653E-01
  31.000000    	  32.000000    	  1.0733696    	 0.40896073E-01
  32.000000    	  33.000000    	  1.1560406    	 0.43419800E-01
  33.000000    	  34.000000    	 0.77062424    	 0.27093980E-01
  34.000000    	  35.000000    	 0.77220229    	 0.26058037E-01
  35.000000    	  36.000000    	 0.76126278    	 0.26545506E-01
  36.000000    	  37.000000    	 0.81801967    	 0.29089163E-01
  37.000000    	  38.000000    	 0.84118140    	 0.29538075E-01
  38.000000    	  39.000000    	 0.85691664    	 0.32162580E-01
  39.000000    	  40.000000    	 0.85870815    	 0.38954980E-01
  40.000000    	  41.000000    	 0.95975670    	 0.38227365E-01
  41.000000    	  42.000000    	 0.94495686    	 0.43992054E-01
  42.000000    	  43.000000    	  1.0080001    	 0.37466695E-01
  43.000000    	  44.000000    	 0.97611787    	 0.45315540E-01
  44.000000    	  45.000000    	 0.73213151    	 0.26212037E-01
  45.000000    	  46.000000    	 0.73513224    	 0.25855719E-01
  46.000000    	  47.000000    	 0.76394603    	 0.27243719E-01
  47.000000    	  48.000000    	 0.77291633    	 0.31929049E-01
  48.000000    	  49.000000    	 0.80722943    	 0.31038695E-01
  49.000000    	  50.000000    	 0.83504213    	 0.31474142E-01
  50.000000    	  51.000000    	 0.77713981    	 0.34489237E-01
  51.000000    	  52.000000    	 0.83455080    	 0.33567508E-01
  52.000000    	  53.000000    	 0.87145959    	 0.39045203E-01
  53.000000    	  54.000000    	 0.96415263    	 0.40917839E-01
  54.000000    	  55.000000    	 0.90403962    	 0.48139941E-01
  55.000000    	  56.000000    	 0.65222110    	 0.24757311E-01
  56.000000    	  57.000000    	 0.66394137    	 0.24675003E-01
  57.000000    	  58.000000    	 0.66300169    	 0.25785474E-01
  58.000000    	  59.000000    	 0.71914957    	 0.28687047E-01
  59.000000    	  60.000000    	 0.74708405    	 0.29693677E-01
  60.000000    	  61.000000    	 0.72981900    	 0.28644279E-01
  61.000000    	  62.000000    	 0.84254495    	 0.31727615E-01
  62.000000    	  63.000000    	 0.79536862    	 0.32955392E-01
  63.000000    	  64.000000    	 0.92339782    	 0.35699338E-01
  64.000000    	  65.000000    	 0.82007108    	 0.36413534E-01
  65.000000    	  66.000000    	 0.90226589    	 0.40148956E-01
  66.000000    	  67.000000    	 0.69215302    	 0.25333165E-01
  67.000000    	  68.000000    	 0.64728275    	 0.22842411E-01
  68.000000    	  69.000000    	 0.70720245    	 0.25467644E-01
  69.000000    	  70.000000    	 0.63823430    	 0.25250940E-01
  70.000000    	  71.000000    	 0.74163777    	 0.26615575E-01
  71.000000    	  72.000000    	 0.73973959    	 0.31486722E-01
  72.000000    	  73.000000    	 0.77481797    	 0.32401854E-01
  73.000000    	  74.000000    	 0.81842988    	 0.34372441E-01
  74.000000    	  75.000000    	 0.71500599    	 0.34462038E-01
  75.000000    	  76.000000    	 0.91310679    	 0.35328689E-01
  76.000000    	  77.000000    	 0.84889173    	 0.37205717E-01
  77.000000    	  78.000000    	 0.58111999    	 0.25006402E-01
  78.000000    	  79.000000    	 0.61136463    	 0.23113716E-01
  79.000000    	  80.000000    	 0.61112881    	 0.24575415E-01
  80.000000    	  81.000000    	 0.65869669    	 0.25698083E-01
  81.000000    	  82.000000    	 0.65664289    	 0.26479815E-01
  82.000000    	  83.000000    	 0.69041661    	 0.28470759E-01
  83.000000    	  84.000000    	 0.63495351    	 0.29942337E-01
  84.000000    	  85.000000    	 0.77673843    	 0.35408672E-01
  85.000000    	  86.000000    	 0.83711895    	 0.33895189E-01
  86.000000    	  87.000000    	 0.77376566    	 0.36802221E-01
  87.000000    	  88.000000    	 0.87858881    	 0.40198407E-01
  88.000000    	  89.000000    	 0.54895784    	 0.25592020E-01
  89.000000    	  90.000000    	 0.56984397    	 0.23545372E-01
  90.000000    	  91.000000    	 0.59777787    	 0.23653438E-01
  91.000000    	  92.000000    	 0.61626005    	 0.26751291E-01
  92.000000    	  93.000000    	 0.61809561    	 0.26573844E-01
  93.000000    	  94.000000    	 0.64875493    	 0.29207384E-01
  94.000000    	  95.000000    	 0.66035982    	 0.29288846E-01
  95.000000    	  96.000000    	 0.71890783    	 0.34091187E-01
  96.000000    	  97.000000    	 0.70392683    	 0.36115988E-01
  97.000000    	  98.000000    	 0.75041628    	 0.37079093E-01
  98.000000    	  99.000000    	 0.73366312    	 0.36346734E-01
  99.000000    	  100.00000    	 0.55095817    	 0.24194428E-01
  100.00000    	  101.00000    	 0.54342562    	 0.23216075E-01
  101.00000    	  102.00000    	 0.52172610    	 0.23427679E-01
  102.00000    	  103.00000    	 0.57742706    	 0.25748403E-01
  103.00000    	  104.00000    	 0.58463997    	 0.25289503E-01
  104.00000    	  105.00000    	 0.63261338    	 0.32213452E-01
  105.00000    	  106.00000    	 0.61815180    	 0.29676404E-01
  106.00000    	  107.00000    	 0.68893529    	 0.33148075E-01
  107.00000    	  108.00000    	 0.72653515    	 0.34862123E-01
  108.00000    	  109.00000    	 0.73327805    	 0.32232405E-01
  109.00000    	  110.00000    	 0.70353332    	 0.35371646E-01
  110.00000    	  111.00000    	 0.50483533    	 0.22827490E-01
  111.00000    	  112.00000    	 0.50774823    	 0.22411635E-01
  112.00000    	  113.00000    	 0.50476919    	 0.23224618E-01
  113.00000    	  114.00000    	 0.55374918    	 0.25395159E-01
  114.00000    	  115.00000    	 0.57151999    	 0.24112688E-01
  115.00000    	  116.00000    	 0.60060247    	 0.27409605E-01
  116.00000    	  117.00000    	 0.63035200    	 0.27850301E-01
  117.00000    	  118.00000    	 0.63915474    	 0.30445293E-01
  118.00000    	  119.00000    	 0.60917104    	 0.33241745E-01
  119.00000    	  120.00000    	 0.67293866    	 0.32270974E-01
  120.00000    	  121.00000    	 0.69772091    	 0.32055345E-01
  121.00000    	  122.00000    	 0.49972770    	 0.21911690E-01
  122.00000    	  123.00000    	 0.47535734    	 0.23111857E-01
  123.00000    	  124.00000    	 0.50324558    	 0.22247210E-01
  124.00000    	  125.00000    	 0.44914776    	 0.24710893E-01
  125.00000    	  126.00000    	 0.57210512    	 0.24650509E-01
  126.00000    	  127.00000    	 0.53846959    	 0.28730693E-01
  127.00000    	  128.00000    	 0.58290579    	 0.26939335E-01
  128.00000    	  129.00000    	 0.64012439    	 0.28505965E-01
  129.00000    	  130.00000    	 0.66114009    	 0.34346166E-01
  130.00000    	  131.00000    	 0.66239139    	 0.29502313E-01
  131.00000    	  132.00000    	 0.63229539    	 0.28263183E-01
  132.00000    	  133.00000    	 0.43140024    	 0.22252967E-01
  133.00000    	  134.00000    	 0.48218206    	 0.22288320E-01
  134.00000    	  135.00000    	 0.49232955    	 0.22238082E-01
  135.00000    	  136.00000    	 0.47726430    	 0.23453805E-01
  136.00000    	  137.00000    	 0.46338148    	 0.23751740E-01
  137.00000    	  138.00000    	 0.56516785    	 0.28690248E-01
  138.00000    	  139.00000    	 0.54763617    	 0.28497345E-01
  139.00000    	  140.00000    	 0.53410534    	 0.31689461E-01
  140.00000    	  141.00000    	 0.65346241    	 0.27904724E-01
  141.00000    	  142.00000    	 0.62830046    	 0.30425825E-01
  142.00000    	  143.00000    	 0.68684710    	 0.28775666E-01
  143.00000    	  144.00000    	 0.40702419    	 0.22215002E-01
  144.00000    	  145.00000    	 0.40339031    	 0.23741595E-01
  145.00000    	  146.00000    	 0.44403582    	 0.22936968E-01
  146.00000    	  147.00000    	 0.46969199    	 0.23985468E-01
  147.00000    	  148.00000    	 0.47576227    	 0.24204784E-01
  148.00000    	  149.00000    	 0.49350845    	 0.27776680E-01
  149.00000    	  150.00000    	 0.57454802    	 0.26775654E-01
  150.00000    	  151.00000    	 0.62483724    	 0.29794191E-01
  151.00000    	  152.00000    	 0.57342499    	 0.28769126E-01
  152.00000    	  153.00000    	 0.63541606    	 0.28512548E-01
  153.00000    	  154.00000    	 0.59179733    	 0.30826009E-01
  154.00000    	  155.00000    	 0.39087657    	 0.22150229E-01
  155.00000    	  156.00000    	 0.40768987    	 0.22489313E-01
  156.00000    	  157.00000    	 0.42034018    	 0.21202968E-01
  157.00000    	  158.00000    	 0.45280226    	 0.22950552E-01
  158.00000    	  159.00000    	 0.44749333    	 0.24036555E-01
  159.00000    	  160.00000    	 0.49847026    	 0.27069312E-01
  160.00000    	  161.00000    	 0.49638969    	 0.27867294E-01
  161.00000    	  162.00000    	 0.52555749    	 0.28364371E-01
  162.00000    	  163.00000    	 0.58621484    	 0.27982321E-01
  163.00000    	  164.00000    	 0.59292741    	 0.28874873E-01
  164.00000    	  165.00000    	 0.62133735    	 0.29626532E-01
  165.00000    	  166.00000    	 0.37210862    	 0.19947366E-01
  166.00000    	  167.00000    	 0.38889027    	 0.21434434E-01
  167.00000    	  168.00000    	 0.40999064    	 0.20045577E-01
  168.00000    	  169.00000    	 0.42433913    	 0.20916786E-01
  169.00000    	  170.00000    	 0.47022911    	 0.22064376E-01
  170.00000    	  171.00000    	 0.48085500    	 0.24669764E-01
  171.00000    	  172.00000    	 0.48935250    	 0.26286208E-01
  172.00000    	  173.00000    	 0.51737451    	 0.27219866E-01
  173.00000    	  174.00000    	 0.56278591    	 0.28157125E-01
  174.00000    	  175.00000    	 0.58630432    	 0.28816773E-01
  175.00000    	  176.00000    	 0.56886879    	 0.26944961E-01
  176.00000    	  177.00000    	 0.37977626    	 0.18913489E-01
  177.00000    	  178.00000    	 0.36580024    	 0.20031864E-01
  178.00000    	  179.00000    	 0.41992371    	 0.22745311E-01
  179.00000    	  180.00000    	 0.40425090    	 0.20745085E-01
  180.00000    	  181.00000    	 0.41388696    	 0.21432920E-01
  181.00000    	  182.00000    	 0.42068764    	 0.22531505E-01
  182.00000    	  183.00000    	 0.41883037    	 0.26085933E-01
  183.00000    	  184.00000    	 0.51033283    	 0.25040977E-01
  184.00000    	  185.00000    	 0.54323231    	 0.26855435E-01
  185.00000    	  186.00000    	 0.49650183    	 0.27979608E-01
  186.00000    	  187.00000    	 0.53330721    	 0.28278459E-01
  187.00000    	  188.00000    	 0.31719307    	 0.19910151E-01
  188.00000    	  189.00000    	 0.33301781    	 0.20111758E-01
  189.00000    	  190.00000    	 0.30906962    	 0.22790049E-01
  190.00000    	  191.00000    	 0.41803847    	 0.21427484E-01
  191.00000    	  192.00000    	 0.38896165    	 0.21359431E-01
  192.00000    	  193.00000    	 0.40192180    	 0.22460281E-01
  193.00000    	  194.00000    	 0.47396493    	 0.26327439E-01
  194.00000    	  195.00000    	 0.50333176    	 0.25459450E-01
  195.00000    	  196.00000    	 0.48115813    	 0.27087823E-01
  196.00000    	  197.00000    	 0.52329604    	 0.25979250E-01
  197.00000    	  198.00000    	 0.53821304    	 0.27477178E-01
  198.00000    	  199.00000    	 0.34235154    	 0.20016820E-01
  199.00000    	  200.00000    	 0.36794553    	 0.19599545E-01
  200.00000    	  201.00000    	 0.36254984    	 0.19810524E-01
  201.00000    	  202.00000    	 0.32452792    	 0.20830446E-01
  202.00000    	  203.00000    	 0.39184869    	 0.20849704E-01
  203.00000    	  204.00000    	 0.41416148    	 0.22897141E-01
  204.00000    	  205.00000    	 0.43163309    	 0.25914496E-01
  205.00000    	  206.00000    	 0.43184412    	 0.26580015E-01
  206.00000    	  207.00000    	 0.50215104    	 0.26380279E-01
  207.00000    	  208.00000    	 0.49945014    	 0.26214995E-01
  208.00000    	  209.00000    	 0.51138748    	 0.27660041E-01
  209.00000    	  210.00000    	 0.29661668    	 0.17994277E-01
  210.00000    	  211.00000    	 0.28846315    	 0.18948003E-01
  211.00000    	  212.00000    	 0.32063936    	 0.19548346E-01
  212.00000    	  213.00000    	 0.34234503    	 0.20107071E-01
  213.00000    	  214.00000    	 0.36339162    	 0.22254182E-01
  214.00000    	  215.00000    	 0.38187104    	 0.25146850E-01
  215.00000    	  216.00000    	 0.44017777    	 0.24636516E-01
  216.00000    	  217.00000    	 0.43893630    	 0.25867199E-01
  217.00000    	  218.00000    	 0.43457842    	 0.27120054E-01
  218.00000    	  219.00000    	 0.49574204    	 0.26238233E-01
  219.00000    	  220.00000    	 0.49373941    	 0.29659813E-01
  220.00000    	  221.00000    	 0.31393317    	 0.17802160E-01
  221.00000    	  222.00000    	 0.30312581    	 0.18695682E-01
  222.00000    	  223.00000    	 0.30859626    	 0.19179142E-01
  223.00000    	  224.00000    	 0.32749890    	 0.21687303E-01
  224.00000    	  225.00000    	 0.36318391    	 0.21948107E-01
  225.00000    	  226.00000    	 0.34175666    	 0.23868628E-01
  226.00000    	  227.00000    	 0.40728026    	 0.24382699E-01
  227.00000    	  228.00000    	 0.42372804    	 0.24835228E-01
  228.00000    	  229.00000    	 0.41962839    	 0.25666983E-01
  229.00000    	  230.00000    	 0.47725981    	 0.24674110E-01
  230.00000    	  231.00000    	 0.47533815    	 0.25720733E-01
  231.00000    	  232.00000    	 0.28594483    	 0.18295850E-01
  232.00000    	  233.00000    	 0.27046930    	 0.17958617E-01
  233.00000    	  234.00000    	 0.29244219    	 0.18462517E-01
  234.00000    	  235.00000    	 0.32844796    	 0.21464144E-01
  235.00000    	  236.00000    	 0.32878684    	 0.20674205E-01
  236.00000    	  237.00000    	 0.35336764    	 0.20516948E-01
  237.00000    	  238.00000    	 0.35066830    	 0.23912646E-01
  238.00000    	  239.00000    	 0.37090017    	 0.23605069E-01
  239.00000    	  240.00000    	 0.41091271    	 0.25063970E-01
  240.00000    	  241.00000    	 0.41803956    	 0.26326239E-01
  241.00000    	  242.00000    	 0.43815943    	 0.23649797E-01
  242.00000    	  243.00000    	 0.27351528    	 0.19131660E-01
  243.00000    	  244.00000    	 0.27412212    	 0.16712968E-01
  244.00000    	  245.00000    	 0.30792185    	 0.18229154E-01
  245.00000    	  246.00000    	 0.33843251    	 0.19270079E-01
  246.00000    	  247.00000    	 0.32013183    	 0.18896283E-01
  247.00000    	  248.00000    	 0.39027199    	 0.21013242E-01
  248.00000    	  249.00000    	 0.39061482    	 0.23113216E-01
  249.00000    	  250.00000    	 0.40881280    	 0.22151128E-01
  250.00000    	  251.00000    	 0.40981866    	 0.23080586E-01
  251.00000    	  252.00000    	 0.44704912    	 0.24629911E-01
  252.00000    	  253.00000    	 0.41504394    	 0.24479545E-01
  253.00000    	  254.00000    	 0.21707829    	 0.17492141E-01
  254.00000    	  255.00000    	 0.30375948    	 0.17611117E-01
  255.00000    	  256.00000    	 0.28712860    	 0.17936000E-01
  256.00000    	  257.00000    	 0.29034665    	 0.18602558E-01
  257.00000    	  258.00000    	 0.33209600    	 0.19740367E-01
  258.00000    	  259.00000    	 0.30888323    	 0.21477949E-01
  259.00000    	  260.00000    	 0.33945587    	 0.24532391E-01
  260.00000    	  261.00000    	 0.39238834    	 0.21811663E-01
  261.00000    	  262.00000    	 0.37211521    	 0.25715801E-01
  262.00000    	  263.00000    	 0.38249421    	 0.24694824E-01
  263.00000    	  264.00000    	 0.43322184    	 0.25191817E-01
  264.00000    	  265.00000    	 0.28997846    	 0.17727412E-01
  265.00000    	  266.00000    	 0.21550065    	 0.16971158E-01
  266.00000    	  267.00000    	 0.24430390    	 0.17135066E-01
  267.00000    	  268.00000    	 0.26750441    	 0.18330686E-01
  268.00000    	  269.00000    	 0.28322132    	 0.19827050E-01
  269.00000    	  270.00000    	 0.31534422    	 0.21941957E-01
  270.00000    	  271.00000    	 0.36575352    	 0.23134314E-01
  271.00000    	  272.00000    	 0.38602459    	 0.22805639E-01
  272.00000    	  273.00000    	 0.39945496    	 0.24516542E-01
  273.00000    	  274.00000    	 0.39437372    	 0.24657290E-01
  274.00000    	  275.00000    	 0.39299563    	 0.25869619E-01
  275.00000    	  276.00000    	 0.22583986    	 0.17208620E-01
  276.00000    	  277.00000    	 0.24256054    	 0.16114087E-01
  277.00000    	  278.00000    	 0.27606616    	 0.18777105E-01
  278.00000    	  279.00000    	 0.26319170    	 0.17225955E-01
  279.00000    	  280.00000    	 0.26660590    	 0.20017482E-01
  280.00000    	  281.00000    	 0.30410597    	 0.20840748E-01
  281.00000    	  282.00000    	 0.28079310    	 0.22648490E-01
  282.00000    	  283.00000    	 0.36329535    	 0.21186460E-01
  283.00000    	  284.00000    	 0.38004253    	 0.25881313E-01
  284.00000    	  285.00000    	 0.40502230    	 0.25692879E-01
  285.00000    	  286.00000    	 0.38732426    	 0.25468360E-01
  286.00000    	  287.00000    	 0.21734173    	 0.15319348E-01
  287.00000    	  288.00000    	 0.22419265    	 0.16429808E-01
  288.00000    	  289.00000    	 0.22950734    	 0.17486441E-01
  289.00000    	  290.00000    	 0.24438912    	 0.17046335E-01
  290.00000    	  291.00000    	 0.29753540    	 0.18957826E-01
  291.00000    	  292.00000    	 0.23834806    	 0.21061969E-01
  292.00000    	  293.00000    	 0.36966740    	 0.22212300E-01
  293.00000    	  294.00000    	 0.36356570    	 0.22141540E-01
  294.00000    	  295.00000    	 0.33827042    	 0.22256161E-01
  295.00000    	  296.00000    	 0.35784023    	 0.27493165E-01
  296.00000    	  297.00000    	 0.38082580    	 0.26578780E-01
  297.00000    	  298.00000    	 0.21385876    	 0.15423140E-01
  298.00000    	  299.00000    	 0.23065057    	 0.15671182E-01
  299.00000    	  300.00000    	 0.23525644    	 0.17635467E-01
  300.00000    	  301.00000    	 0.23904177    	 0.17965614E-01
  301.00000    	  302.00000    	 0.25955675    	 0.18633646E-01
  302.00000    	  303.00000    	 0.31232526    	 0.20187925E-01
  303.00000    	  304.00000    	 0.27615239    	 0.21183648E-01
  304.00000    	  305.00000    	 0.32292678    	 0.21732954E-01
  305.00000    	  306.00000    	 0.32387844    	 0.20957409E-01
  306.00000    	  307.00000    	 0.32059894    	 0.22303818E-01
  307.00000    	  308.00000    	 0.36523403    	 0.23203451E-01
  308.00000    	  309.00000    	 0.20628184    	 0.16294403E-01
  309.00000    	  310.00000    	 0.21127697    	 0.16197803E-01
  310.00000    	  311.00000    	 0.22474330    	 0.17873608E-01
  311.00000    	  312.00000    	 0.24180861    	 0.17696416E-01
  312.00000    	  313.00000    	 0.25337546    	 0.19206864E-01
  313.00000    	  314.00000    	 0.27355989    	 0.19802263E-01
  314.00000    	  315.00000    	 0.30650485    	 0.21904136E-01
  315.00000    	  316.00000    	 0.28041664    	 0.20600293E-01
  316.00000    	  317.00000    	 0.34312198    	 0.22340864E-01
  317.00000    	  318.00000    	 0.35458997    	 0.22077057E-01
  318.00000    	  319.00000    	 0.37870112    	 0.21597576E-01
  319.00000    	  320.00000    	 0.18405058    	 0.16135858E-01
  320.00000    	  321.00000    	 0.19567931    	 0.16227458E-01
  321.00000    	  322.00000    	 0.19740289    	 0.17782262E-01
  322.00000    	  323.00000    	 0.22979419    	 0.18204735E-01
  323.00000    	  324.00000    	 0.26306958    	 0.19360232E-01
  324.00000    	  325.00000    	 0.27642614    	 0.19320049E-01
  325.00000    	  326.00000    	 0.28934332    	 0.19847274E-01
  326.00000    	  327.00000    	 0.33147153    	 0.21371138E-01
  327.00000    	  328.00000    	 0.32853243    	 0.22075281E-01
  328.00000    	  329.00000    	 0.35073390    	 0.24332942E-01
  329.00000    	  330.00000    	 0.34062656    	 0.22202508E-01
  330.00000    	  331.00000    	 0.19668275    	 0.15881664E-01
  331.00000    	  332.00000    	 0.17362515    	 0.15270384E-01
  332.00000    	  333.00000    	 0.21377213    	 0.16474651E-01
  333.00000    	  334.00000    	 0.23071704    	 0.17075724E-01
  334.00000    	  335.00000    	 0.25279812    	 0.16989772E-01
  335.00000    	  336.00000    	 0.23831011    	 0.19294680E-01
  336.00000    	  337.00000    	 0.28497732    	 0.20230721E-01
  337.00000    	  338.00000    	 0.27583911    	 0.21014149E-01
  338.00000    	  339.00000    	 0.31277663    	 0.21644562E-01
  339.00000    	  340.00000    	 0.29073199    	 0.22746970E-01
  340.00000    	  341.00000    	 0.32543250    	 0.21410878E-01
  341.00000    	  342.00000    	 0.16524207    	 0.15024697E-01
  342.00000    	  343.00000    	 0.18889780    	 0.14628549E-01
  343.00000    	  344.00000    	 0.20337985    	 0.16110706E-01
  344.00000    	  345.00000    	 0.19463525    	 0.18914525E-01
  345.00000    	  346.00000    	 0.20832399    	 0.17396114E-01
  346.00000    	  347.00000    	 0.24175368    	 0.18592559E-01
  347.00000    	  348.00000    	 0.24189936    	 0.19691341E-01
  348.00000    	  349.00000    	 0.28934989    	 0.21783705E-01
  349.00000    	  350.00000    	 0.30210954    	 0.21195363E-01
  350.00000    	  351.00000    	 0.31866521    	 0.20950740E-01
  351.00000    	  352.00000    	 0.33052845    	 0.21429673E-01
  352.00000    	  353.00000    	 0.17559174    	 0.14395074E-01
  353.00000    	  354.00000    	 0.16891991    	 0.16081128E-01
  354.00000    	  355.00000    	 0.17032083    	 0.15772346E-01
  355.00000    	  356.00000    	 0.19387246    	 0.18090033E-01
  356.00000    	  357.00000    	 0.21169555    	 0.18098230E-01
  357.00000    	  358.00000    	 0.22523552    	 0.17906216E-01
  358.00000    	  359.00000    	 0.28680154    	 0.20352307E-01
  359.00000    	  360.00000    	 0.29858177    	 0.20439923E-01
  360.00000    	  361.00000    	 0.31439370    	 0.21095094E-01
  361.00000    	  362.00000    	 0.33213478    	 0.21417650E-01
  362.00000    	  363.00000    	 0.28794139    	 0.21787404E-01
  363.00000    	  364.00000    	 0.20024262    	 0.15885062E-01
  364.00000    	  365.00000    	 0.15600094    	 0.15298058E-01
  365.00000    	  366.00000    	 0.19536360    	 0.16791424E-01
  366.00000    	  367.00000    	 0.19727713    	 0.17517667E-01
  367.00000    	  368.00000    	 0.22641362    	 0.16448405E-01
  368.00000    	  369.00000    	 0.23698456    	 0.17468806E-01
  369.00000    	  370.00000    	 0.22836389    	 0.19029791E-01
  370.00000    	  371.00000    	 0.25819726    	 0.19655433E-01
  371.00000    	  372.00000    	 0.27495050    	 0.19662665E-01
  372.00000    	  373.00000    	 0.27545199    	 0.22232014E-01
  373.00000    	  374.00000    	 0.31639553    	 0.19690259E-01
  374.00000    	  375.00000    	 0.14258350    	 0.15298073E-01
  375.00000    	  376.00000    	 0.17634640    	 0.15137671E-01
  376.00000    	  377.00000    	 0.17168076    	 0.15347749E-01
  377.00000    	  378.00000    	 0.19375252    	 0.16818001E-01
  378.00000    	  379.00000    	 0.19575000    	 0.16893449E-01
  379.00000    	  380.00000    	 0.26128086    	 0.19184931E-01
  380.00000    	  381.00000    	 0.25193299    	 0.19450556E-01
  381.00000    	  382.00000    	 0.31516259    	 0.20314130E-01
  382.00000    	  383.00000    	 0.31092251    	 0.20360959E-01
  383.00000    	  384.00000    	 0.27295460    	 0.23093488E-01
  384.00000    	  385.00000    	 0.27095726    	 0.19605286E-01
  385.00000    	  386.00000    	 0.15868239    	 0.14470578E-01
  386.00000    	  387.00000    	 0.16572956    	 0.14904196E-01
  387.00000    	  388.00000    	 0.15003162    	 0.14517743E-01
  388.00000    	  389.00000    	 0.19647203    	 0.15130519E-01
  389.00000    	  390.00000    	 0.21480470    	 0.16642477E-01
  390.00000    	  391.00000    	 0.22696510    	 0.18020169E-01
  391.00000    	  392.00000    	 0.19706585    	 0.20273600E-01
  392.00000    	  393.00000    	 0.25376269    	 0.21270046E-01
  393.00000    	  394.00000    	 0.23489992    	 0.19640582E-01
  394.00000    	  395.00000    	 0.28391547    	 0.20819486E-01
  395.00000    	  396.00000    	 0.24646688    	 0.19847053E-01
  396.00000    	  397.00000    	 0.14891826    	 0.14484688E-01
  397.00000    	  398.00000    	 0.15678215    	 0.15988909E-01
  398.00000    	  399.00000    	 0.16394250    	 0.14868746E-01
  399.00000    	  400.00000    	 0.14966528    	 0.15975600E-01
  400.00000    	  401.00000    	 0.19909197    	 0.15723231E-01
  401.00000    	  402.00000    	 0.19361210    	 0.17021416E-01
  402.00000    	  403.00000    	 0.25879543    	 0.17443580E-01
  403.00000    	  404.00000    	 0.24019537    	 0.18125884E-01
  404.00000    	  405.00000    	 0.26432916    	 0.19832450E-01
  405.00000    	  406.00000    	 0.26316840    	 0.19556660E-01
  406.00000    	  407.00000    	 0.27677251    	 0.19433469E-01
  407.00000    	  408.00000    	 0.13237673    	 0.14004348E-01
  408.00000    	  409.00000    	 0.15745621    	 0.15693604E-01
  409.00000    	  410.00000    	 0.16345859    	 0.14254785E-01
  410.00000    	  411.00000    	 0.17736622    	 0.16239821E-01
  411.00000    	  412.00000    	 0.16132974    	 0.15881247E-01
  412.00000    	  413.00000    	 0.24139224    	 0.17101356E-01
  413.00000    	  414.00000    	 0.24708405    	 0.17516579E-01
  414.00000    	  415.00000    	 0.23454144    	 0.16895060E-01
  415.00000    	  416.00000    	 0.25928375    	 0.19484992E-01
  416.00000    	  417.00000    	 0.27173818    	 0.18760153E-01
  417.00000    	  418.00000    	 0.29843652    	 0.18687467E-01
  418.00000    	  419.00000    	 0.14041011    	 0.13789333E-01
  419.00000    	  420.00000    	 0.12370848    	 0.14950234E-01
  420.00000    	  421.00000    	 0.15624368    	 0.14704284E-01
  421.00000    	  422.00000    	 0.15192688    	 0.14885301E-01
  422.00000    	  423.00000    	 0.19953162    	 0.15980512E-01
  423.00000    	  424.00000    	 0.18581869    	 0.16162468E-01
  424.00000    	  425.00000    	 0.19826540    	 0.17799437E-01
  425.00000    	  426.00000    	 0.23402648    	 0.17646885E-01
  426.00000    	  427.00000    	 0.25150747    	 0.20493887E-01
  427.00000    	  428.00000    	 0.25753326    	 0.19789274E-01
  428.00000    	  429.00000    	 0.24050135    	 0.20228993E-01
  429.00000    	  430.00000    	 0.14788744    	 0.12418583E-01
  430.00000    	  431.00000    	 0.13998025    	 0.13613711E-01
  431.00000    	  432.00000    	 0.17529094    	 0.14895385E-01
  432.00000    	  433.00000    	 0.17091632    	 0.14691330E-01
  433.00000    	  434.00000    	 0.17151919    	 0.14982751E-01
  434.00000    	  435.00000    	 0.18073036    	 0.15928744E-01
  435.00000    	  436.00000    	 0.18772378    	 0.18738090E-01
  436.00000    	  437.00000    	 0.23850805    	 0.17063612E-01
  437.00000    	  438.00000    	 0.24435452    	 0.19055180E-01
  438.00000    	  439.00000    	 0.22977603    	 0.19695224E-01
  439.00000    	  440.00000    	 0.23901138    	 0.19746263E-01
  440.00000    	  441.00000    	 0.13346305    	 0.12260053E-01
  441.00000    	  442.00000    	 0.12907972    	 0.13766953E-01
  442.00000    	  443.00000    	 0.13003068    	 0.16098048E-01
  443.00000    	  444.00000    	 0.16490054    	 0.15427036E-01
  444.00000    	  445.00000    	 0.17042376    	 0.14998311E-01
  445.00000    	  446.00000    	 0.20527595    	 0.16390653E-01
  446.00000    	  447.00000    	 0.19589035    	 0.17207763E-01
  447.00000    	  448.00000    	 0.19568021    	 0.18171139E-01
  448.00000    	  449.00000    	 0.23036653    	 0.19468556E-01
  449.00000    	  450.00000    	 0.26790489    	 0.18883922E-01
  450.00000    	  451.00000    	 0.24234315    	 0.18549139E-01
  451.00000    	  452.00000    	 0.12486026    	 0.13344166E-01
  452.00000    	  453.00000    	 0.11723633    	 0.13568455E-01
  453.00000    	  454.00000    	 0.13695227    	 0.13404967E-01
  454.00000    	  455.00000    	 0.14100863    	 0.15935981E-01
  455.00000    	  456.00000    	 0.17470101    	 0.14675507E-01
  456.00000    	  457.00000    	 0.15449134    	 0.16365394E-01
  457.00000    	  458.00000    	 0.21748438    	 0.16638676E-01
  458.00000    	  459.00000    	 0.22623553    	 0.17949354E-01
  459.00000    	  460.00000    	 0.20322061    	 0.20824697E-01
  460.00000    	  461.00000    	 0.19713112    	 0.17379594E-01
  461.00000    	  462.00000    	 0.19402277    	 0.19326685E-01
  462.00000    	  463.00000    	 0.10221778    	 0.13621571E-01
  463.00000    	  464.00000    	 0.12661728    	 0.14099632E-01
  464.00000    	  465.00000    	 0.12741142    	 0.14055088E-01
  465.00000    	  466.00000    	 0.13797505    	 0.14127527E-01
  466.00000    	  467.00000    	 0.17214637    	 0.14712445E-01
  467.00000    	  468.00000    	 0.16313527    	 0.17415211E-01
  468.00000    	  469.00000    	 0.22486769    	 0.18011336E-01
  469.00000    	  470.00000    	 0.18637380    	 0.17485288E-01
  470.00000    	  471.00000    	 0.21274786    	 0.18709223E-01
  471.00000    	  472.00000    	 0.24195477    	 0.17181472E-01
  472.00000    	  473.00000    	 0.20139029    	 0.18626478E-01
  473.00000    	  474.00000    	 0.12474569    	 0.12854069E-01
  474.00000    	  475.00000    	 0.11960208    	 0.13534894E-01
  475.00000    	  476.00000    	 0.11390919    	 0.13671612E-01
  476.00000    	  477.00000    	 0.15263763    	 0.14516200E-01
  477.00000    	  478.00000    	 0.15631416    	 0.15199313E-01
  478.00000    	  479.00000    	 0.21333782    	 0.16856346E-01
  479.00000    	  480.00000    	 0.16011610    	 0.16504296E-01
  480.00000    	  481.00000    	 0.21530004    	 0.17266497E-01
  481.00000    	  482.00000    	 0.24923481    	 0.17903701E-01
  482.00000    	  483.00000    	 0.25290462    	 0.20010937E-01
  483.00000    	  484.00000    	 0.18666842    	 0.17297108E-01
  484.00000    	  485.00000    	 0.10811883    	 0.13256996E-01
  485.00000    	  486.00000    	 0.10023915    	 0.12670753E-01
  486.00000    	  487.00000    	 0.12689875    	 0.13225112E-01
  487.00000    	  488.00000    	 0.13770198    	 0.15233488E-01
  488.00000    	  489.00000    	 0.16272009    	 0.15259671E-01
  489.00000    	  490.00000    	 0.15175936    	 0.17541215E-01
  490.00000    	  491.00000    	 0.20989027    	 0.15883628E-01
  491.00000    	  492.00000    	 0.20304762    	 0.16449497E-01
  492.00000    	  493.00000    	 0.22342219    	 0.18337902E-01
  493.00000    	  494.00000    	 0.20745783    	 0.19863302E-01
  494.00000    	  495.00000    	 0.21027500    	 0.17848591E-01
  495.00000    	  496.00000    	 0.11414526    	 0.12499181E-01
  496.00000    	  497.00000    	 0.10569301    	 0.12688922E-01
  497.00000    	  498.00000    	 0.10670464    	 0.13236608E-01
  498.00000    	  499.00000    	 0.13418157    	 0.14987218E-01
  499.00000    	  500.00000    	 0.14283024    	 0.15486195E-01
  500.00000    	  501.00000    	 0.18410851    	 0.15532585E-01
  501.00000    	  502.00000    	 0.17333776    	 0.15258554E-01
  502.00000    	  503.00000    	 0.19002825    	 0.16612270E-01
  503.00000    	  504.00000    	 0.18743559    	 0.17802417E-01
  504.00000    	  505.00000    	 0.19779603    	 0.17129524E-01
  505.00000    	  506.00000    	 0.18859440    	 0.19973499E-01
  506.00000    	  507.00000    	 0.10048252    	 0.12853920E-01
  507.00000    	  508.00000    	 0.82475751E-01	 0.14163732E-01
  508.00000    	  509.00000    	 0.11896416    	 0.13074176E-01
  509.00000    	  510.00000    	 0.12988290    	 0.13141034E-01
  510.00000    	  511.00000    	 0.11951831    	 0.14896771E-01
  511.00000    	  512.00000    	 0.15681545    	 0.14967351E-01
  512.00000    	  513.00000    	 0.17355101    	 0.15682373E-01
  513.00000    	  514.00000    	 0.20754173    	 0.16405475E-01
  514.00000    	  515.00000    	 0.22313734    	 0.16987265E-01
  515.00000    	  516.00000    	 0.18740656    	 0.16544456E-01
  516.00000    	  517.00000    	 0.24118187    	 0.20112004E-01
  517.00000    	  518.00000    	 0.12307411    	 0.12502739E-01
  518.00000    	  519.00000    	 0.10632375    	 0.14512998E-01
  519.00000    	  520.00000    	 0.13738618    	 0.12743537E-01
  520.00000    	  521.00000    	 0.10794709    	 0.13766864E-01
  521.00000    	  522.00000    	 0.14585709    	 0.13710799E-01
  522.00000    	  523.00000    	 0.14299821    	 0.15933546E-01
  523.00000    	  524.00000    	 0.14987613    	 0.15327031E-01
  524.00000    	  525.00000    	 0.13158704    	 0.17361790E-01
  525.00000    	  526.00000    	 0.19257988    	 0.16812742E-01
  526.00000    	  527.00000    	 0.20072269    	 0.16275422E-01
  527.00000    	  528.00000    	 0.15922235    	 0.16887380E-01
  528.00000    	  529.00000    	 0.11260324    	 0.12955895E-01
  529.00000    	  530.00000    	 0.10104069    	 0.14631382E-01
  530.00000    	  531.00000    	 0.10162178    	 0.13470249E-01
  531.00000    	  532.00000    	 0.13849444    	 0.13615096E-01
  532.00000    	  533.00000    	 0.13980678    	 0.13931467E-01
  533.00000    	  534.00000    	 0.14349155    	 0.14757097E-01
  534.00000    	  535.00000    	 0.15412435    	 0.15695659E-01
  535.00000    	  536.00000    	 0.20021870    	 0.16124762E-01
  536.00000    	  537.00000    	 0.17573420    	 0.16426746E-01
  537.00000    	  538.00000    	 0.17307545    	 0.16128928E-01
  538.00000    	  539.00000    	 0.22567754    	 0.15598635E-01
  539.00000    	  540.00000    	 0.80351166E-01	 0.13997888E-01
  540.00000    	  541.00000    	 0.89940067E-01	 0.13010976E-01
  541.00000    	  542.00000    	 0.10817175    	 0.12117790E-01
  542.00000    	  543.00000    	 0.10768562    	 0.12802429E-01
  543.00000    	  544.00000    	 0.12848366    	 0.13977912E-01
  544.00000    	  545.00000    	 0.13737589    	 0.14409972E-01
  545.00000    	  546.00000    	 0.15226353    	 0.17110509E-01
  546.00000    	  547.00000    	 0.18363554    	 0.15088128E-01
  547.00000    	  548.00000    	 0.17443022    	 0.16763457E-01
  548.00000    	  549.00000    	 0.20257639    	 0.16419926E-01
  549.00000    	  550.00000    	 0.16750850    	 0.16359351E-01
  550.00000    	  551.00000    	 0.66945176E-01	 0.12808794E-01
  551.00000    	  552.00000    	 0.91338782E-01	 0.12586733E-01
  552.00000    	  553.00000    	 0.97939215E-01	 0.11903812E-01
  553.00000    	  554.00000    	 0.12376151    	 0.12784426E-01
  554.00000    	  555.00000    	 0.14947460    	 0.14696278E-01
  555.00000    	  556.00000    	 0.14430654    	 0.14548718E-01
  556.00000    	  557.00000    	 0.16047261    	 0.16203227E-01
  557.00000    	  558.00000    	 0.17366346    	 0.14863520E-01
  558.00000    	  559.00000    	 0.16549587    	 0.16781474E-01
  559.00000    	  560.00000    	 0.18629483    	 0.16885631E-01
  560.00000    	  561.00000    	 0.21492294    	 0.16569171E-01
  561.00000    	  562.00000    	 0.11110529    	 0.12402324E-01
  562.00000    	  563.00000    	 0.87395011E-01	 0.12066485E-01
  563.00000    	  564.00000    	 0.94764688E-01	 0.13271565E-01
  564.00000    	  565.00000    	 0.12243057    	 0.13469405E-01
  565.00000    	  566.00000    	 0.12078345    	 0.13974300E-01
  566.00000    	  567.00000    	 0.14156970    	 0.15300406E-01
  567.00000    	  568.00000    	 0.14994676    	 0.14964429E-01
  568.00000    	  569.00000    	 0.15443431    	 0.15003136E-01
  569.00000    	  570.00000    	 0.17352281    	 0.15967821E-01
  570.00000    	  571.00000    	 0.18951640    	 0.15438558E-01
  571.00000    	  572.00000    	 0.17040099    	 0.16862277E-01
  572.00000    	  573.00000    	 0.73154039E-01	 0.12034482E-01
  573.00000    	  574.00000    	 0.83140365E-01	 0.11785903E-01
  574.00000    	  575.00000    	 0.10246622    	 0.12371118E-01
  575.00000    	  576.00000    	 0.10993461    	 0.12715739E-01
  576.00000    	  577.00000    	 0.14505545    	 0.13927831E-01
  577.00000    	  578.00000    	 0.11864991    	 0.16148274E-01
  578.00000    	  579.00000    	 0.16952795    	 0.14499746E-01
  579.00000    	  580.00000    	 0.14545525    	 0.15252365E-01
  580.00000    	  581.00000    	 0.20256849    	 0.15235173E-01
  581.00000    	  582.00000    	 0.16069744    	 0.16893809E-01
  582.00000    	  583.00000    	 0.16219835    	 0.15306005E-01
  583.00000    	  584.00000    	 0.88099061E-01	 0.11522221E-01
  584.00000    	  585.00000    	 0.92259243E-01	 0.12408433E-01
  585.00000    	  586.00000    	 0.12224651    	 0.13002374E-01
  586.00000    	  587.00000    	 0.81520558E-01	 0.13185424E-01
  587.00000    	  588.00000    	 0.10808495    	 0.14416110E-01
  588.00000    	  589.00000    	 0.12565729    	 0.14736868E-01
  589.00000    	  590.00000    	 0.15102067    	 0.13892759E-01
  590.00000    	  591.00000    	 0.11708750    	 0.16282865E-01
  591.00000    	  592.00000    	 0.15099256    	 0.16169017E-01
  592.00000    	  593.00000    	 0.16173627    	 0.16053041E-01
  593.00000    	  594.00000    	 0.14994325    	 0.15998829E-01
  594.00000    	  595.00000    	 0.79765895E-01	 0.11367156E-01
  595.00000    	  596.00000    	 0.95146216E-01	 0.12308252E-01
  596.00000    	  597.00000    	 0.88935097E-01	 0.11731513E-01
  597.00000    	  598.00000    	 0.10576364    	 0.12191391E-01
  598.00000    	  599.00000    	 0.10612689    	 0.13701135E-01
  599.00000    	  600.00000    	 0.15222988    	 0.13587755E-01
  600.00000    	  601.00000    	 0.13709499    	 0.14228862E-01
  601.00000    	  602.00000    	 0.18092277    	 0.15801186E-01
  602.00000    	  603.00000    	 0.17317412    	 0.14471779E-01
  603.00000    	  604.00000    	 0.14950717    	 0.16105155E-01
  604.00000    	  605.00000    	 0.15927265    	 0.14732739E-01
  605.00000    	  606.00000    	 0.81107582E-01	 0.11750437E-01
  606.00000    	  607.00000    	 0.73229245E-01	 0.12239554E-01
  607.00000    	  608.00000    	 0.87230515E-01	 0.10820902E-01
  608.00000    	  609.00000    	 0.10368260    	 0.12156573E-01
  609.00000    	  610.00000    	 0.10402789    	 0.14434771E-01
  610.00000    	  611.00000    	 0.14147941    	 0.13580764E-01
  611.00000    	  612.00000    	 0.15036564    	 0.14031190E-01
  612.00000    	  613.00000    	 0.14815378    	 0.16143187E-01
  613.00000    	  614.00000    	 0.15136553    	 0.14630480E-01
  614.00000    	  615.00000    	 0.17929240    	 0.14974755E-01
  615.00000    	  616.00000    	 0.15477198    	 0.14598592E-01
  616.00000    	  617.00000    	 0.95810932E-01	 0.12395556E-01
  617.00000    	  618.00000    	 0.84823105E-01	 0.11724460E-01
  618.00000    	  619.00000    	 0.88918508E-01	 0.11195529E-01
  619.00000    	  620.00000    	 0.97415155E-01	 0.12516559E-01
  620.00000    	  621.00000    	 0.12391604    	 0.13256716E-01
  621.00000    	  622.00000    	 0.98714377E-01	 0.14003249E-01
  622.00000    	  623.00000    	 0.13771149    	 0.15948150E-01
  623.00000    	  624.00000    	 0.13410200    	 0.14777501E-01
  624.00000    	  625.00000    	 0.17515404    	 0.16820259E-01
  625.00000    	  626.00000    	 0.15740639    	 0.14733475E-01
  626.00000    	  627.00000    	 0.13011276    	 0.13305414E-01
  627.00000    	  628.00000    	 0.73527176E-01	 0.11227599E-01
  628.00000    	  629.00000    	 0.67694934E-01	 0.11075928E-01
  629.00000    	  630.00000    	 0.93806154E-01	 0.11690190E-01
  630.00000    	  631.00000    	 0.99697094E-01	 0.11851808E-01
  631.00000    	  632.00000    	 0.10018829    	 0.13159922E-01
  632.00000    	  633.00000    	 0.12684229    	 0.13432886E-01
  633.00000    	  634.00000    	 0.13716985    	 0.15064728E-01
  634.00000    	  635.00000    	 0.15129709    	 0.14591788E-01
  635.00000    	  636.00000    	 0.14367685    	 0.15234715E-01
  636.00000    	  637.00000    	 0.14735283    	 0.15261301E-01
  637.00000    	  638.00000    	 0.12300194    	 0.15319458E-01
  638.00000    	  639.00000    	 0.91057549E-01	 0.10856761E-01
  639.00000    	  640.00000    	 0.86485963E-01	 0.11298415E-01
  640.00000    	  641.00000    	 0.10273023    	 0.12030440E-01
  641.00000    	  642.00000    	 0.94120184E-01	 0.11233549E-01
  642.00000    	  643.00000    	 0.11451029    	 0.11415637E-01
  643.00000    	  644.00000    	 0.11141364    	 0.13260990E-01
  644.00000    	  645.00000    	 0.11788351    	 0.13534490E-01
  645.00000    	  646.00000    	 0.12389414    	 0.14812640E-01
  646.00000    	  647.00000    	 0.12921178    	 0.14018947E-01
  647.00000    	  648.00000    	 0.14665261    	 0.16280889E-01
  648.00000    	  649.00000    	 0.15304376    	 0.14835612E-01
  649.00000    	  650.00000    	 0.65729114E-01	 0.10905258E-01
  650.00000    	  651.00000    	 0.84144694E-01	 0.11494303E-01
  651.00000    	  652.00000    	 0.74804757E-01	 0.12393135E-01
  652.00000    	  653.00000    	 0.10119063    	 0.11332023E-01
  653.00000    	  654.00000    	 0.11980045    	 0.11791825E-01
  654.00000    	  655.00000    	 0.12311552    	 0.13033949E-01
  655.00000    	  656.00000    	 0.14504679    	 0.13184275E-01
  656.00000    	  657.00000    	 0.11847296    	 0.13058327E-01
  657.00000    	  658.00000    	 0.13496483    	 0.13324711E-01
  658.00000    	  659.00000    	 0.12999121    	 0.15329523E-01
  659.00000    	  660.00000    	 0.13923583    	 0.14939119E-01
  660.00000    	  661.00000    	 0.76002732E-01	 0.10479386E-01
  661.00000    	  662.00000    	 0.71022900E-01	 0.10699310E-01
  662.00000    	  663.00000    	 0.71824476E-01	 0.11646563E-01
  663.00000    	  664.00000    	 0.80474793E-01	 0.12706133E-01
  664.00000    	  665.00000    	 0.97562220E-01	 0.12487099E-01
  665.00000    	  666.00000    	 0.10591259    	 0.12994007E-01
  666.00000    	  667.00000    	 0.12617459    	 0.13435520E-01
  667.00000    	  668.00000    	 0.14932127    	 0.13041661E-01
  668.00000    	  669.00000    	 0.12672087    	 0.12791375E-01
  669.00000    	  670.00000    	 0.14183255    	 0.14891984E-01
  670.00000    	  671.00000    	 0.12752593    	 0.13648569E-01
  671.00000    	  672.00000    	 0.66514617E-01	 0.10315250E-01
  672.00000    	  673.00000    	 0.61942709E-01	 0.10366122E-01
  673.00000    	  674.00000    	 0.83928791E-01	 0.11421887E-01
  674.00000    	  675.00000    	 0.90413828E-01	 0.11015301E-01
  675.00000    	  676.00000    	 0.83451074E-01	 0.11479408E-01
  676.00000    	  677.00000    	 0.10383064    	 0.13061719E-01
  677.00000    	  678.00000    	 0.14349999    	 0.13499252E-01
  678.00000    	  679.00000    	 0.13211882    	 0.14618906E-01
  679.00000    	  680.00000    	 0.14853901    	 0.14724650E-01
  680.00000    	  681.00000    	 0.12629513    	 0.16341042E-01
  681.00000    	  682.00000    	 0.12010289    	 0.13635496E-01
  682.00000    	  683.00000    	 0.62295870E-01	 0.10588914E-01
  683.00000    	  684.00000    	 0.78418792E-01	 0.10689232E-01
  684.00000    	  685.00000    	 0.97985499E-01	 0.11931670E-01
  685.00000    	  686.00000    	 0.96812820E-01	 0.13137643E-01
  686.00000    	  687.00000    	 0.97449786E-01	 0.11893281E-01
  687.00000    	  688.00000    	 0.11254518    	 0.13219780E-01
  688.00000    	  689.00000    	 0.98466060E-01	 0.13478152E-01
  689.00000    	  690.00000    	 0.11490827    	 0.14186572E-01
  690.00000    	  691.00000    	 0.13579561    	 0.15674218E-01
  691.00000    	  692.00000    	 0.13382228    	 0.16937117E-01
  692.00000    	  693.00000    	 0.89839450E-01	 0.15573243E-01
  693.00000    	  694.00000    	 0.62931799E-01	 0.11188824E-01
  694.00000    	  695.00000    	 0.59270989E-01	 0.11404016E-01
  695.00000    	  696.00000    	 0.53540735E-01	 0.10999814E-01
  696.00000    	  697.00000    	 0.89720791E-01	 0.11734589E-01
  697.00000    	  698.00000    	 0.91471623E-01	 0.12178139E-01
  698.00000    	  699.00000    	 0.13436985    	 0.12668734E-01
  699.00000    	  700.00000    	 0.11987657    	 0.13293023E-01
  700.00000    	  701.00000    	 0.13854315    	 0.12653616E-01
  701.00000    	  702.00000    	 0.12572415    	 0.15545987E-01
  702.00000    	  703.00000    	 0.13270235    	 0.15557994E-01
  703.00000    	  704.00000    	 0.12418477    	 0.14304698E-01
  704.00000    	  705.00000    	 0.68076575E-01	 0.10684148E-01
  705.00000    	  706.00000    	 0.76577972E-01	 0.10565745E-01
  706.00000    	  707.00000    	 0.87140355E-01	 0.99615219E-02
  707.00000    	  708.00000    	 0.76065351E-01	 0.11657636E-01
  708.00000    	  709.00000    	 0.99650768E-01	 0.11440430E-01
  709.00000    	  710.00000    	 0.82208414E-01	 0.12005589E-01
  710.00000    	  711.00000    	 0.12034458    	 0.12192908E-01
  711.00000    	  712.00000    	 0.12499798    	 0.14145348E-01
  712.00000    	  713.00000    	 0.15327044    	 0.13626584E-01
  713.00000    	  714.00000    	 0.14498237    	 0.13208884E-01
  714.00000    	  715.00000    	 0.12280446    	 0.12870366E-01
  715.00000    	  716.00000    	 0.59846565E-01	 0.11083196E-01
  716.00000    	  717.00000    	 0.55311046E-01	 0.97959671E-02
  717.00000    	  718.00000    	 0.78979522E-01	 0.10821408E-01
  718.00000    	  719.00000    	 0.83666721E-01	 0.11098491E-01
  719.00000    	  720.00000    	 0.82551768E-01	 0.10816464E-01
  720.00000    	  721.00000    	 0.11887523    	 0.11357913E-01
  721.00000    	  722.00000    	 0.13180310    	 0.13092455E-01
  722.00000    	  723.00000    	 0.12788252    	 0.14476238E-01
  723.00000    	  724.00000    	 0.11374389    	 0.12702220E-01
  724.00000    	  725.00000    	 0.12703488    	 0.11810954E-01
  725.00000    	  726.00000    	 0.12673881    	 0.13090624E-01
  726.00000    	  727.00000    	 0.54390469E-01	 0.10936953E-01
  727.00000    	  728.00000    	 0.70385521E-01	 0.10023834E-01
  728.00000    	  729.00000    	 0.63663802E-01	 0.11379828E-01
  729.00000    	  730.00000    	 0.70653637E-01	 0.11159366E-01
  730.00000    	  731.00000    	 0.86484673E-01	 0.12802796E-01
  731.00000    	  732.00000    	 0.94400575E-01	 0.11820217E-01
  732.00000    	  733.00000    	 0.92264342E-01	 0.13139388E-01
  733.00000    	  734.00000    	 0.94933256E-01	 0.13467385E-01
  734.00000    	  735.00000    	 0.10412954    	 0.13540837E-01
  735.00000    	  736.00000    	 0.99720290E-01	 0.11986184E-01
  736.00000    	  737.00000    	 0.87525186E-01	 0.11977347E-01
  737.00000    	  738.00000    	 0.66672819E-01	 0.10400892E-01
  738.00000    	  739.00000    	 0.56410570E-01	 0.99861995E-02
  739.00000    	  740.00000    	 0.69314407E-01	 0.12117196E-01
  740.00000    	  741.00000    	 0.83291541E-01	 0.10809930E-01
  741.00000    	  742.00000    	 0.76572071E-01	 0.11899944E-01
  742.00000    	  743.00000    	 0.10217149    	 0.12289960E-01
  743.00000    	  744.00000    	 0.11603404    	 0.12473815E-01
  744.00000    	  745.00000    	 0.12304558    	 0.12551813E-01
  745.00000    	  746.00000    	 0.13015504    	 0.14068586E-01
  746.00000    	  747.00000    	 0.10817925    	 0.12493860E-01
  747.00000    	  748.00000    	 0.10512077    	 0.11118218E-01
  748.00000    	  749.00000    	 0.78200286E-01	 0.10905004E-01
  749.00000    	  750.00000    	 0.69621537E-01	 0.10206696E-01
  750.00000    	  751.00000    	 0.52864108E-01	 0.10345050E-01
  751.00000    	  752.00000    	 0.49622248E-01	 0.10348135E-01
  752.00000    	  753.00000    	 0.87329239E-01	 0.10307639E-01
  753.00000    	  754.00000    	 0.99702437E-01	 0.12313739E-01
  754.00000    	  755.00000    	 0.95189231E-01	 0.12019247E-01
  755.00000    	  756.00000    	 0.12456545    	 0.11997848E-01
  756.00000    	  757.00000    	 0.10056969    	 0.14314851E-01
  757.00000    	  758.00000    	 0.11864197    	 0.12702238E-01
  758.00000    	  759.00000    	 0.11865852    	 0.11789532E-01
  759.00000    	  760.00000    	 0.48334655E-01	 0.99563655E-02
  760.00000    	  761.00000    	 0.39291035E-01	 0.90584343E-02
  761.00000    	  762.00000    	 0.71744905E-01	 0.91764129E-02
  762.00000    	  763.00000    	 0.61634861E-01	 0.10133700E-01
  763.00000    	  764.00000    	 0.84113607E-01	 0.11017770E-01
  764.00000    	  765.00000    	 0.87697774E-01	 0.12434275E-01
  765.00000    	  766.00000    	 0.12676672    	 0.13471759E-01
  766.00000    	  767.00000    	 0.86462713E-01	 0.11293254E-01
  767.00000    	  768.00000    	 0.11140914    	 0.13084469E-01
  768.00000    	  769.00000    	 0.10381341    	 0.13245819E-01
  769.00000    	  770.00000    	 0.93039939E-01	 0.11874957E-01
  770.00000    	  771.00000    	 0.62025515E-01	 0.91533627E-02
  771.00000    	  772.00000    	 0.56910865E-01	 0.96155810E-02
  772.00000    	  773.00000    	 0.64100830E-01	 0.88360141E-02
  773.00000    	  774.00000    	 0.73615659E-01	 0.11485383E-01
  774.00000    	  775.00000    	 0.93517097E-01	 0.10520049E-01
  775.00000    	  776.00000    	 0.92448389E-01	 0.11725753E-01
  776.00000    	  777.00000    	 0.99202711E-01	 0.12773874E-01
  777.00000    	  778.00000    	 0.14828770    	 0.12651823E-01
  778.00000    	  779.00000    	 0.11582398    	 0.12143946E-01
  779.00000    	  780.00000    	 0.10023038    	 0.13438538E-01
  780.00000    	  781.00000    	 0.83854782E-01	 0.12664218E-01
  781.00000    	  782.00000    	 0.58642505E-01	 0.99799561E-02
  782.00000    	  783.00000    	 0.46114736E-01	 0.10290146E-01
  783.00000    	  784.00000    	 0.72270220E-01	 0.97807245E-02
  784.00000    	  785.00000    	 0.93921518E-01	 0.10405622E-01
  785.00000    	  786.00000    	 0.77428933E-01	 0.10738600E-01
  786.00000    	  787.00000    	 0.88977246E-01	 0.10434392E-01
  787.00000    	  788.00000    	 0.92410465E-01	 0.11940635E-01
  788.00000    	  789.00000    	 0.88034611E-01	 0.14126356E-01
  789.00000    	  790.00000    	 0.10745408    	 0.11475786E-01
  790.00000    	  791.00000    	 0.10733131    	 0.12925188E-01
  791.00000    	  792.00000    	 0.12207297    	 0.12526620E-01
  792.00000    	  793.00000    	 0.50969709E-01	 0.10401631E-01
  793.00000    	  794.00000    	 0.39147150E-01	 0.94394586E-02
  794.00000    	  795.00000    	 0.52532698E-01	 0.10614391E-01
  795.00000    	  796.00000    	 0.47090496E-01	 0.10399759E-01
  796.00000    	  797.00000    	 0.86258176E-01	 0.11305548E-01
  797.00000    	  798.00000    	 0.10051273    	 0.10740417E-01
  798.00000    	  799.00000    	 0.83788552E-01	 0.11226616E-01
  799.00000    	  800.00000    	 0.88956772E-01	 0.12867132E-01
  800.00000    	  801.00000    	 0.10911192    	 0.12453382E-01
  801.00000    	  802.00000    	 0.10480405    	 0.11321781E-01
  802.00000    	  803.00000    	 0.92626302E-01	 0.11258580E-01
  803.00000    	  804.00000    	 0.56574506E-01	 0.90214306E-02
  804.00000    	  805.00000    	 0.52763927E-01	 0.99555310E-02
  805.00000    	  806.00000    	 0.52948575E-01	 0.94961032E-02
  806.00000    	  807.00000    	 0.62853682E-01	 0.10345364E-01
  807.00000    	  808.00000    	 0.71020325E-01	 0.12599797E-01
  808.00000    	  809.00000    	 0.83380976E-01	 0.11669944E-01
  809.00000    	  810.00000    	 0.99713715E-01	 0.12619293E-01
  810.00000    	  811.00000    	 0.11652943    	 0.11812666E-01
  811.00000    	  812.00000    	 0.11235655    	 0.12322463E-01
  812.00000    	  813.00000    	 0.99461548E-01	 0.12218437E-01
  813.00000    	  814.00000    	 0.95353702E-01	 0.11473344E-01
  814.00000    	  815.00000    	 0.48536471E-01	 0.84170646E-02
  815.00000    	  816.00000    	 0.41707482E-01	 0.89007228E-02
  816.00000    	  817.00000    	 0.66140694E-01	 0.93512637E-02
  817.00000    	  818.00000    	 0.68599862E-01	 0.97373889E-02
  818.00000    	  819.00000    	 0.72133915E-01	 0.10843173E-01
  819.00000    	  820.00000    	 0.76687167E-01	 0.11704163E-01
  820.00000    	  821.00000    	 0.98074518E-01	 0.12758951E-01
  821.00000    	  822.00000    	 0.82660544E-01	 0.11236793E-01
  822.00000    	  823.00000    	 0.10408055    	 0.11056097E-01
  823.00000    	  824.00000    	 0.90216601E-01	 0.11235014E-01
  824.00000    	  825.00000    	 0.84471164E-01	 0.11812750E-01
  825.00000    	  826.00000    	 0.48944962E-01	 0.94306153E-02
  826.00000    	  827.00000    	 0.57571523E-01	 0.87496702E-02
  827.00000    	  828.00000    	 0.59876406E-01	 0.96016941E-02
  828.00000    	  829.00000    	 0.59955792E-01	 0.98309284E-02
  829.00000    	  830.00000    	 0.77056323E-01	 0.10318240E-01
  830.00000    	  831.00000    	 0.98498435E-01	 0.12338945E-01
  831.00000    	  832.00000    	 0.72162415E-01	 0.11233104E-01
  832.00000    	  833.00000    	 0.89272282E-01	 0.12432766E-01
  833.00000    	  834.00000    	 0.87539310E-01	 0.12237695E-01
  834.00000    	  835.00000    	 0.87502680E-01	 0.10499160E-01
  835.00000    	  836.00000    	 0.86231415E-01	 0.11596378E-01
  836.00000    	  837.00000    	 0.36655355E-01	 0.91378548E-02
  837.00000    	  838.00000    	 0.45237441E-01	 0.91334906E-02
  838.00000    	  839.00000    	 0.72900170E-01	 0.96443781E-02
  839.00000    	  840.00000    	 0.76970077E-01	 0.94860702E-02
  840.00000    	  841.00000    	 0.76266898E-01	 0.11516694E-01
  841.00000    	  842.00000    	 0.73703398E-01	 0.11616357E-01
  842.00000    	  843.00000    	 0.98280451E-01	 0.11833145E-01
  843.00000    	  844.00000    	 0.10428170    	 0.12298873E-01
  844.00000    	  845.00000    	 0.11581335    	 0.13232389E-01
  845.00000    	  846.00000    	 0.86228272E-01	 0.10848082E-01
  846.00000    	  847.00000    	 0.79508246E-01	 0.11559932E-01
  847.00000    	  848.00000    	 0.43209819E-01	 0.91733822E-02
  848.00000    	  849.00000    	 0.49696217E-01	 0.90743572E-02
  849.00000    	  850.00000    	 0.31373031E-01	 0.94214182E-02
  850.00000    	  851.00000    	 0.51178396E-01	 0.96304212E-02
  851.00000    	  852.00000    	 0.64047890E-01	 0.10943954E-01
  852.00000    	  853.00000    	 0.85265988E-01	 0.98962069E-02
  853.00000    	  854.00000    	 0.86641117E-01	 0.11396397E-01
  854.00000    	  855.00000    	 0.75287613E-01	 0.11630762E-01
  855.00000    	  856.00000    	 0.89289397E-01	 0.11282439E-01
  856.00000    	  857.00000    	 0.81964964E-01	 0.10414729E-01
  857.00000    	  858.00000    	 0.85781047E-01	 0.97005206E-02
  858.00000    	  859.00000    	 0.42785693E-01	 0.85359384E-02
  859.00000    	  860.00000    	 0.32875853E-01	 0.89899591E-02
  860.00000    	  861.00000    	 0.68742129E-01	 0.84862757E-02
  861.00000    	  862.00000    	 0.47755299E-01	 0.95029040E-02
  862.00000    	  863.00000    	 0.85175049E-01	 0.10498276E-01
  863.00000    	  864.00000    	 0.77852729E-01	 0.11489831E-01
  864.00000    	  865.00000    	 0.90524978E-01	 0.11192204E-01
  865.00000    	  866.00000    	 0.86996540E-01	 0.12544552E-01
  866.00000    	  867.00000    	 0.85289220E-01	 0.11133315E-01
  867.00000    	  868.00000    	 0.89340796E-01	 0.10712433E-01
  868.00000    	  869.00000    	 0.69778963E-01	 0.10201290E-01
  869.00000    	  870.00000    	 0.49616961E-01	 0.95387936E-02
  870.00000    	  871.00000    	 0.52762852E-01	 0.91701446E-02
  871.00000    	  872.00000    	 0.47112782E-01	 0.84276392E-02
  872.00000    	  873.00000    	 0.60566832E-01	 0.95377756E-02
  873.00000    	  874.00000    	 0.55280542E-01	 0.10070679E-01
  874.00000    	  875.00000    	 0.82127388E-01	 0.10525455E-01
  875.00000    	  876.00000    	 0.69034927E-01	 0.11315405E-01
  876.00000    	  877.00000    	 0.66333117E-01	 0.11854550E-01
  877.00000    	  878.00000    	 0.10978707    	 0.11062009E-01
  878.00000    	  879.00000    	 0.84979166E-01	 0.10927830E-01
  879.00000    	  880.00000    	 0.82918351E-01	 0.10082326E-01
  880.00000    	  881.00000    	 0.37505133E-01	 0.94869949E-02
  881.00000    	  882.00000    	 0.54730047E-01	 0.90209890E-02
  882.00000    	  883.00000    	 0.46164944E-01	 0.98834568E-02
  883.00000    	  884.00000    	 0.76278883E-01	 0.91798150E-02
  884.00000    	  885.00000    	 0.65022231E-01	 0.93557382E-02
  885.00000    	  886.00000    	 0.57129884E-01	 0.10557061E-01
  886.00000    	  887.00000    	 0.87363332E-01	 0.10238367E-01
  887.00000    	  888.00000    	 0.97125187E-01	 0.11155965E-01
  888.00000    	  889.00000    	 0.92670731E-01	 0.12501270E-01
  889.00000    	  890.00000    	 0.98154352E-01	 0.10578766E-01
  890.00000    	  891.00000    	 0.84297593E-01	 0.10115740E-01
  891.00000    	  892.00000    	 0.57619016E-01	 0.88272968E-02
  892.00000    	  893.00000    	 0.55057595E-01	 0.88531326E-02
  893.00000    	  894.00000    	 0.61659727E-01	 0.90516610E-02
  894.00000    	  895.00000    	 0.58846125E-01	 0.93903787E-02
  895.00000    	  896.00000    	 0.74676321E-01	 0.95357935E-02
  896.00000    	  897.00000    	 0.67712263E-01	 0.10589631E-01
  897.00000    	  898.00000    	 0.82038261E-01	 0.10173401E-01
  898.00000    	  899.00000    	 0.86614709E-01	 0.11044606E-01
  899.00000    	  900.00000    	 0.78250263E-01	 0.12949576E-01
  900.00000    	  901.00000    	 0.79748289E-01	 0.11177927E-01
  901.00000    	  902.00000    	 0.66002440E-01	 0.10209572E-01
  902.00000    	  903.00000    	 0.40025757E-01	 0.83845881E-02
  903.00000    	  904.00000    	 0.35051311E-01	 0.93524672E-02
  904.00000    	  905.00000    	 0.47374824E-01	 0.84234064E-02
  905.00000    	  906.00000    	 0.59090648E-01	 0.92250778E-02
  906.00000    	  907.00000    	 0.61386090E-01	 0.92025716E-02
  907.00000    	  908.00000    	 0.56116781E-01	 0.99524442E-02
  908.00000    	  909.00000    	 0.56021960E-01	 0.11415308E-01
  909.00000    	  910.00000    	 0.74222719E-01	 0.11124051E-01
  910.00000    	  911.00000    	 0.73092780E-01	 0.10316156E-01
  911.00000    	  912.00000    	 0.74419430E-01	 0.10387699E-01
  912.00000    	  913.00000    	 0.70979412E-01	 0.90199715E-02
  913.00000    	  914.00000    	 0.40986995E-01	 0.84169062E-02
  914.00000    	  915.00000    	 0.40936775E-01	 0.96243955E-02
  915.00000    	  916.00000    	 0.40587597E-01	 0.80866443E-02
  916.00000    	  917.00000    	 0.51257669E-01	 0.97419861E-02
  917.00000    	  918.00000    	 0.78943741E-01	 0.95403062E-02
  918.00000    	  919.00000    	 0.78914510E-01	 0.10126610E-01
  919.00000    	  920.00000    	 0.81935963E-01	 0.10747014E-01
  920.00000    	  921.00000    	 0.64160530E-01	 0.10683027E-01
  921.00000    	  922.00000    	 0.92446812E-01	 0.10253523E-01
  922.00000    	  923.00000    	 0.67193797E-01	 0.10630266E-01
  923.00000    	  924.00000    	 0.77196377E-01	 0.98049565E-02
  924.00000    	  925.00000    	 0.34572376E-01	 0.78511669E-02
  925.00000    	  926.00000    	 0.32718789E-01	 0.84294714E-02
  926.00000    	  927.00000    	 0.41667732E-01	 0.91274004E-02
  927.00000    	  928.00000    	 0.42253380E-01	 0.89664335E-02
  928.00000    	  929.00000    	 0.51512276E-01	 0.93575990E-02
  929.00000    	  930.00000    	 0.65364893E-01	 0.97985568E-02
  930.00000    	  931.00000    	 0.85785744E-01	 0.98082036E-02
  931.00000    	  932.00000    	 0.75552726E-01	 0.11027439E-01
  932.00000    	  933.00000    	 0.58196165E-01	 0.94821619E-02
  933.00000    	  934.00000    	 0.85739560E-01	 0.10374052E-01
  934.00000    	  935.00000    	 0.69535318E-01	 0.99244423E-02
  935.00000    	  936.00000    	 0.43074180E-01	 0.77903215E-02
  936.00000    	  937.00000    	 0.37001300E-01	 0.75302784E-02
  937.00000    	  938.00000    	 0.48192341E-01	 0.86345409E-02
  938.00000    	  939.00000    	 0.45763666E-01	 0.86229070E-02
  939.00000    	  940.00000    	 0.53293222E-01	 0.93309533E-02
  940.00000    	  941.00000    	 0.58435647E-01	 0.95770560E-02
  941.00000    	  942.00000    	 0.69355123E-01	 0.10155669E-01
  942.00000    	  943.00000    	 0.79914633E-01	 0.11696862E-01
  943.00000    	  944.00000    	 0.80003350E-01	 0.10608837E-01
  944.00000    	  945.00000    	 0.71348989E-01	 0.99535788E-02
  945.00000    	  946.00000    	 0.57962913E-01	 0.90305005E-02
  946.00000    	  947.00000    	 0.42853363E-01	 0.75714248E-02
  947.00000    	  948.00000    	 0.42845346E-01	 0.80496823E-02
  948.00000    	  949.00000    	 0.41491738E-01	 0.86253618E-02
  949.00000    	  950.00000    	 0.64733644E-01	 0.81839091E-02
  950.00000    	  951.00000    	 0.72878206E-01	 0.93145547E-02
  951.00000    	  952.00000    	 0.68580712E-01	 0.85447992E-02
  952.00000    	  953.00000    	 0.63999123E-01	 0.99614380E-02
  953.00000    	  954.00000    	 0.82354299E-01	 0.11361266E-01
  954.00000    	  955.00000    	 0.81768696E-01	 0.11032569E-01
  955.00000    	  956.00000    	 0.65134732E-01	 0.10295964E-01
  956.00000    	  957.00000    	 0.54195962E-01	 0.93829052E-02
  957.00000    	  958.00000    	 0.34484144E-01	 0.75717845E-02
  958.00000    	  959.00000    	 0.33057807E-01	 0.79978566E-02
  959.00000    	  960.00000    	 0.61986543E-01	 0.79080391E-02
  960.00000    	  961.00000    	 0.56538305E-01	 0.83120334E-02
  961.00000    	  962.00000    	 0.64603790E-01	 0.81754510E-02
  962.00000    	  963.00000    	 0.72096315E-01	 0.87265274E-02
  963.00000    	  964.00000    	 0.61350396E-01	 0.10171832E-01
  964.00000    	  965.00000    	 0.86526234E-01	 0.98334815E-02
  965.00000    	  966.00000    	 0.64690240E-01	 0.10265208E-01
  966.00000    	  967.00000    	 0.60541087E-01	 0.10173326E-01
  967.00000    	  968.00000    	 0.49709220E-01	 0.86105247E-02
  968.00000    	  969.00000    	 0.42454181E-01	 0.76257454E-02
  969.00000    	  970.00000    	 0.43542871E-01	 0.81408459E-02
  970.00000    	  971.00000    	 0.22699504E-01	 0.74358140E-02
  971.00000    	  972.00000    	 0.33332598E-01	 0.87510402E-02
  972.00000    	  973.00000    	 0.49157100E-01	 0.85011322E-02
  973.00000    	  974.00000    	 0.68056232E-01	 0.94116897E-02
  974.00000    	  975.00000    	 0.61529628E-01	 0.10067492E-01
  975.00000    	  976.00000    	 0.61955341E-01	 0.10063713E-01
  976.00000    	  977.00000    	 0.72276868E-01	 0.11351562E-01
  977.00000    	  978.00000    	 0.62374776E-01	 0.10062702E-01
  978.00000    	  979.00000    	 0.70935255E-01	 0.83753309E-02
  979.00000    	  980.00000    	 0.34529586E-01	 0.77212620E-02
  980.00000    	  981.00000    	 0.27998346E-01	 0.75239206E-02
  981.00000    	  982.00000    	 0.56399025E-01	 0.84134173E-02
  982.00000    	  983.00000    	 0.50811125E-01	 0.84899224E-02
  983.00000    	  984.00000    	 0.54462369E-01	 0.85889215E-02
  984.00000    	  985.00000    	 0.64106114E-01	 0.91758491E-02
  985.00000    	  986.00000    	 0.82509407E-01	 0.92216084E-02
  986.00000    	  987.00000    	 0.53993151E-01	 0.10209677E-01
  987.00000    	  988.00000    	 0.67802287E-01	 0.10168254E-01
  988.00000    	  989.00000    	 0.73949796E-01	 0.91790216E-02
  989.00000    	  990.00000    	 0.67567709E-01	 0.77232105E-02
  990.00000    	  991.00000    	 0.31553055E-01	 0.70648580E-02
  991.00000    	  992.00000    	 0.31456942E-01	 0.76119947E-02
  992.00000    	  993.00000    	 0.38276798E-01	 0.84381416E-02
  993.00000    	  994.00000    	 0.44658249E-01	 0.81688660E-02
  994.00000    	  995.00000    	 0.66436368E-01	 0.91945957E-02
  995.00000    	  996.00000    	 0.59258312E-01	 0.89122556E-02
  996.00000    	  997.00000    	 0.63515731E-01	 0.10085341E-01
  997.00000    	  998.00000    	 0.88383001E-01	 0.10544790E-01
  998.00000    	  999.00000    	 0.63183576E-01	 0.10712105E-01
  999.00000    	  1000.0000    	 0.61687033E-01	 0.99818423E-02
  1000.0000    	  1001.0000    	 0.36902344E-01	 0.90075892E-02
  1001.0000    	  1002.0000    	 0.46386662E-01	 0.73245729E-02
  1002.0000    	  1003.0000    	 0.39692654E-01	 0.76191407E-02
  1003.0000    	  1004.0000    	 0.38086223E-01	 0.93440290E-02
  1004.0000    	  1005.0000    	 0.48112874E-01	 0.80666326E-02
  1005.0000    	  1006.0000    	 0.54986842E-01	 0.88279330E-02
  1006.0000    	  1007.0000    	 0.53813727E-01	 0.88527939E-02
  1007.0000    	  1008.0000    	 0.63675488E-01	 0.99188564E-02
  1008.0000    	  1009.0000    	 0.64777181E-01	 0.93308111E-02
  1009.0000    	  1010.0000    	 0.67345326E-01	 0.90594636E-02
  1010.0000    	  1011.0000    	 0.69175839E-01	 0.96490393E-02
  1011.0000    	  1012.0000    	 0.37756705E-01	 0.91802623E-02
  1012.0000    	  1013.0000    	 0.21452510E-01	 0.73370364E-02
  1013.0000    	  1014.0000    	 0.37709143E-01	 0.67901899E-02
  1014.0000    	  1015.0000    	 0.36794157E-01	 0.78347709E-02
  1015.0000    	  1016.0000    	 0.43094888E-01	 0.78497973E-02
  1016.0000    	  1017.0000    	 0.67199217E-01	 0.87785454E-02
  1017.0000    	  1018.0000    	 0.56331813E-01	 0.80632606E-02
  1018.0000    	  1019.0000    	 0.61077695E-01	 0.10372275E-01
  1019.0000    	  1020.0000    	 0.81617881E-01	 0.89992110E-02
  1020.0000    	  1021.0000    	 0.61105455E-01	 0.90207994E-02
  1021.0000    	  1022.0000    	 0.43566411E-01	 0.87119768E-02
  1022.0000    	  1023.0000    	 0.66938899E-01	 0.98318835E-02
  1023.0000    	  1024.0000    	 0.33535488E-01	 0.67571316E-02
  1024.0000    	  1025.0000    	 0.42467079E-01	 0.74833560E-02
  1025.0000    	  1026.0000    	 0.30095639E-01	 0.78219974E-02
  1026.0000    	  1027.0000    	 0.39401081E-01	 0.73651929E-02
  1027.0000    	  1028.0000    	 0.32295797E-01	 0.93687999E-02
  1028.0000    	  1029.0000    	 0.46906944E-01	 0.79533808E-02
  1029.0000    	  1030.0000    	 0.55977185E-01	 0.88493622E-02
  1030.0000    	  1031.0000    	 0.55259729E-01	 0.95703494E-02
  1031.0000    	  1032.0000    	 0.57064542E-01	 0.92741580E-02
  1032.0000    	  1033.0000    	 0.58636237E-01	 0.84884440E-02
  1033.0000    	  1034.0000    	 0.46178315E-01	 0.94013439E-02
