0.000350733,0.000340719,0.000336025,0.000326953,0.000309079,0.00031239,0.00030117,0.000292578,0.000279216,0.00026806,0.000261648
0.000334234,0.000325568,0.000317593,0.00030872,0.000293786,0.000297423,0.000284375,0.000276995,0.000263298,0.000249661,0.000244956
0.000315192,0.000305931,0.000300834,0.000291823,0.000276054,0.000277559,0.000270955,0.000260231,0.000246576,0.000235989,0.000226006
0.000298038,0.000291711,0.000285689,0.000276985,0.000263017,0.00026252,0.000256103,0.000243792,0.000233169,0.00022115,0.000213106
0.000283102,0.000277585,0.00027225,0.000263831,0.000250925,0.000248638,0.000243866,0.000230347,0.000221218,0.000209318,0.000201471
0.000270748,0.000265118,0.000260227,0.000252701,0.000240299,0.000237578,0.000232971,0.000219042,0.000210344,0.000198785,0.000191276
0.000257128,0.000252528,0.00024841,0.000241008,0.000229778,0.000225365,0.000222032,0.000207444,0.000200755,0.000189476,0.000181298
0.00024588,0.000241877,0.000238087,0.000231215,0.00022086,0.000215583,0.000212221,0.000197799,0.000191738,0.000181248,0.000172537
0.000235548,0.000231836,0.00022794,0.000221756,0.000211795,0.000206515,0.000202933,0.000188817,0.000183377,0.000173051,0.000164107
0.000226151,0.000223097,0.00021892,0.000212903,0.000203555,0.000198467,0.00019439,0.000180763,0.000176173,0.000166976,0.000156386
0.000217116,0.000215431,0.000210946,0.000205413,0.000196837,0.00019122,0.00018615,0.000173352,0.000168471,0.000159057,0.000150131
0.000210028,0.000207798,0.000202876,0.000198177,0.000188767,0.000183439,0.000179024,0.000166312,0.000160823,0.000151586,0.000141971
0.000202402,0.000200207,0.000195216,0.000190369,0.000182548,0.000177036,0.000171794,0.000160823,0.000154621,0.000146502,0.000136467
0.000195564,0.000194949,0.000189845,0.000184406,0.000176146,0.000170857,0.000164603,0.000154128,0.000148235,0.000140944,0.00013081
0.000189218,0.000188619,0.000182251,0.000177642,0.000169772,0.000164947,0.000158384,0.000148593,0.000142608,0.000134825,0.000125197
0.000182149,0.000183258,0.000177106,0.000171139,0.000164488,0.000159725,0.00015252,0.000143591,0.000137478,0.000129577,0.000120737
0.000177944,0.00017765,0.000170636,0.00016575,0.00015863,0.00015449,0.000147397,0.000137592,0.000131933,0.000125419,0.000115548
0.000172127,0.000172384,0.00016627,0.000160676,0.000153546,0.000149833,0.000142078,0.000133741,0.000127286,0.000120244,0.000110841
0.000167776,0.000167396,0.000159845,0.000155567,0.000149226,0.000144785,0.000136798,0.000128935,0.000122837,0.000115459,0.000106961
0.000162274,0.000162296,0.000155787,0.000150887,0.000144446,0.000140433,0.000132366,0.000124911,0.00011865,0.00011131,0.000102663
0.000158288,0.000157704,0.000150343,0.00014607,0.000140257,0.000135906,0.000127817,0.000120541,0.000114382,0.000107278,9.91345e-05
0.000153318,0.000153381,0.000147025,0.000142056,0.000135804,0.000131634,0.000123872,0.000116783,0.000110238,0.000103771,9.5042e-05
0.000149272,0.000148728,0.000141936,0.000137345,0.000131941,0.000126906,0.000119509,0.000113049,0.000106634,9.99233e-05,9.20958e-05
0.000144836,0.000144415,0.000138188,0.000133337,0.000127651,0.000124188,0.000116331,0.000109362,0.00010273,9.70744e-05,8.80235e-05
0.000141293,0.000140073,0.000133841,0.000129104,0.000124129,0.000119534,0.000112436,0.00010594,9.93847e-05,9.31746e-05,8.54076e-05
0.000137136,0.000135778,0.000129991,0.000125509,0.000120699,0.000116391,0.000108906,0.000102565,9.62609e-05,9.01799e-05,8.22507e-05
0.000133429,0.000131698,0.000126467,0.00012176,0.000117203,0.000112745,0.000105513,9.91942e-05,9.29168e-05,8.70139e-05,7.94163e-05
0.000129608,0.000127573,0.000123058,0.000118489,0.000113997,0.00010945,0.000102539,9.64378e-05,9.01996e-05,8.42318e-05,7.65196e-05
0.000126083,0.000124183,0.000119407,0.000114668,0.000110461,0.000105988,9.93828e-05,9.33535e-05,8.69103e-05,8.14378e-05,7.40068e-05
0.000122895,0.000120525,0.000116266,0.000111324,0.000107125,0.000103385,9.64688e-05,9.0397e-05,8.43658e-05,7.88302e-05,7.11133e-05
0.000119952,0.000117161,0.000113317,0.000108125,0.00010423,9.98437e-05,9.31811e-05,8.78193e-05,8.17321e-05,7.5886e-05,6.878e-05
0.000115981,0.000113451,0.0001095,0.000105082,0.000101024,9.70061e-05,9.0792e-05,8.50965e-05,7.88696e-05,7.33901e-05,6.62966e-05
0.000112849,0.000110234,0.000106713,0.000101998,9.8128e-05,9.3867e-05,8.80234e-05,8.26063e-05,7.63506e-05,7.09066e-05,6.38971e-05
0.00010984,0.000107148,0.000103765,9.89584e-05,9.55185e-05,9.108e-05,8.53518e-05,8.01361e-05,7.40046e-05,6.84442e-05,6.16391e-05
0.000106847,0.000103729,0.00010107,9.62665e-05,9.22615e-05,8.81218e-05,8.26646e-05,7.76633e-05,7.16322e-05,6.60844e-05,5.94518e-05
0.000103632,0.000100658,9.7701e-05,9.35942e-05,8.97143e-05,8.52998e-05,8.03835e-05,7.54778e-05,6.91939e-05,6.37625e-05,5.7473e-05
0.000100373,9.78031e-05,9.51733e-05,9.05973e-05,8.71463e-05,8.31545e-05,7.78194e-05,7.30531e-05,6.72389e-05,6.16666e-05,5.54502e-05
9.76903e-05,9.4955e-05,9.24794e-05,8.79351e-05,8.44147e-05,8.05978e-05,7.54711e-05,7.06815e-05,6.50631e-05,5.93777e-05,5.3446e-05
9.5304e-05,9.21797e-05,8.95928e-05,8.5624e-05,8.1671e-05,7.76869e-05,7.30557e-05,6.84741e-05,6.29325e-05,5.73346e-05,5.14449e-05
9.20853e-05,8.9335e-05,8.67767e-05,8.30662e-05,7.94692e-05,7.54718e-05,7.13773e-05,6.58018e-05,6.07447e-05,5.53691e-05,4.9566e-05
8.93095e-05,8.66056e-05,8.45968e-05,8.02616e-05,7.69795e-05,7.31084e-05,6.86519e-05,6.40775e-05,5.87321e-05,5.32517e-05,4.77707e-05
8.6618e-05,8.3994e-05,8.17852e-05,7.79066e-05,7.45208e-05,7.07136e-05,6.65382e-05,6.22492e-05,5.69362e-05,5.13783e-05,4.6066e-05
8.43221e-05,8.1802e-05,7.99763e-05,7.56532e-05,7.27448e-05,6.89029e-05,6.44502e-05,6.05453e-05,5.56341e-05,4.9708e-05,4.47063e-05
8.14571e-05,7.88663e-05,7.70941e-05,7.3047e-05,6.99818e-05,6.61926e-05,6.22608e-05,5.8195e-05,5.32124e-05,4.76232e-05,4.27267e-05
7.94054e-05,7.69642e-05,7.54324e-05,7.08342e-05,6.84185e-05,6.44422e-05,6.05661e-05,5.681e-05,5.16768e-05,4.60599e-05,4.13813e-05
7.62668e-05,7.39468e-05,7.22831e-05,6.85836e-05,6.56617e-05,6.19261e-05,5.82255e-05,5.44335e-05,4.96149e-05,4.43489e-05,3.97966e-05
7.41474e-05,7.20498e-05,7.07392e-05,6.6779e-05,6.41384e-05,6.02769e-05,5.65346e-05,5.30008e-05,4.82621e-05,4.28722e-05,3.85333e-05
7.15417e-05,6.94402e-05,6.78897e-05,6.4159e-05,6.13556e-05,5.781e-05,5.44468e-05,5.07233e-05,4.61888e-05,4.11132e-05,3.68882e-05
6.92517e-05,6.71719e-05,6.56598e-05,6.21472e-05,5.94323e-05,5.57406e-05,5.26747e-05,4.92464e-05,4.46503e-05,3.96575e-05,3.56025e-05
6.69605e-05,6.49956e-05,6.37006e-05,6.02435e-05,5.75948e-05,5.39431e-05,5.07213e-05,4.7563e-05,4.3061e-05,3.81634e-05,3.42586e-05
6.47304e-05,6.2893e-05,6.14969e-05,5.81812e-05,5.56682e-05,5.20239e-05,4.91075e-05,4.58169e-05,4.15625e-05,3.68131e-05,3.30617e-05
6.26764e-05,6.0934e-05,5.9352e-05,5.62159e-05,5.36683e-05,5.02216e-05,4.73951e-05,4.40207e-05,4.00008e-05,3.53796e-05,3.16987e-05
6.0842e-05,5.90917e-05,5.73386e-05,5.44231e-05,5.19045e-05,4.86078e-05,4.56559e-05,4.23526e-05,3.89519e-05,3.40997e-05,3.06083e-05
5.85874e-05,5.69462e-05,5.55586e-05,5.25924e-05,5.01104e-05,4.68378e-05,4.4116e-05,4.09688e-05,3.71581e-05,3.27887e-05,2.93604e-05
5.66281e-05,5.51387e-05,5.38208e-05,5.07746e-05,4.84189e-05,4.5218e-05,4.26406e-05,3.93866e-05,3.57544e-05,3.15829e-05,2.82751e-05
5.47542e-05,5.34478e-05,5.21502e-05,4.91149e-05,4.67852e-05,4.37594e-05,4.10723e-05,3.80505e-05,3.45344e-05,3.05195e-05,2.72799e-05
5.30124e-05,5.1557e-05,5.04418e-05,4.73738e-05,4.522e-05,4.22729e-05,3.97698e-05,3.65619e-05,3.321e-05,2.92449e-05,2.61661e-05
5.12666e-05,4.98972e-05,4.86319e-05,4.59236e-05,4.37259e-05,4.06778e-05,3.82346e-05,3.5236e-05,3.20046e-05,2.82216e-05,2.52191e-05
4.9592e-05,4.83035e-05,4.70598e-05,4.43495e-05,4.21865e-05,3.93084e-05,3.69291e-05,3.39354e-05,3.08079e-05,2.71623e-05,2.42852e-05
4.8057e-05,4.67948e-05,4.54365e-05,4.29102e-05,4.07809e-05,3.799e-05,3.56999e-05,3.27292e-05,2.96857e-05,2.61937e-05,2.33594e-05
4.6571e-05,4.53075e-05,4.41014e-05,4.14669e-05,3.95432e-05,3.66769e-05,3.44509e-05,3.1481e-05,2.8541e-05,2.52274e-05,2.25395e-05
4.5019e-05,4.38758e-05,4.26374e-05,4.01546e-05,3.82554e-05,3.55915e-05,3.32259e-05,3.03774e-05,2.75904e-05,2.43199e-05,2.16808e-05
4.3672e-05,4.25396e-05,4.12755e-05,3.88736e-05,3.69049e-05,3.43562e-05,3.21578e-05,2.92947e-05,2.66024e-05,2.3441e-05,2.0893e-05
4.23257e-05,4.1304e-05,3.99934e-05,3.76766e-05,3.57554e-05,3.33011e-05,3.10502e-05,2.83229e-05,2.56665e-05,2.26353e-05,2.01501e-05
4.11221e-05,4.00419e-05,3.87329e-05,3.65152e-05,3.46123e-05,3.21969e-05,3.01173e-05,2.72702e-05,2.47796e-05,2.1818e-05,1.94115e-05
4.00626e-05,3.90753e-05,3.78163e-05,3.55628e-05,3.38718e-05,3.1439e-05,2.93317e-05,2.65259e-05,2.40854e-05,2.12374e-05,1.88742e-05
3.87781e-05,3.76903e-05,3.6416e-05,3.43181e-05,3.25379e-05,3.03642e-05,2.81992e-05,2.55194e-05,2.30915e-05,2.03401e-05,1.80373e-05
3.77382e-05,3.671e-05,3.53002e-05,3.32925e-05,3.15321e-05,2.93513e-05,2.7306e-05,2.4697e-05,2.23467e-05,1.96635e-05,1.74229e-05
3.67838e-05,3.5686e-05,3.43164e-05,3.23493e-05,3.06431e-05,2.85139e-05,2.65125e-05,2.38677e-05,2.16433e-05,1.89911e-05,1.68101e-05
3.56928e-05,3.47223e-05,3.33259e-05,3.14217e-05,2.97162e-05,2.77207e-05,2.57759e-05,2.31002e-05,2.08836e-05,1.8387e-05,1.62477e-05
3.47031e-05,3.37814e-05,3.23959e-05,3.05776e-05,2.89414e-05,2.69428e-05,2.49889e-05,2.2333e-05,2.02233e-05,1.78462e-05,1.57051e-05
3.38779e-05,3.29403e-05,3.15041e-05,2.9778e-05,2.81153e-05,2.6259e-05,2.42214e-05,2.16721e-05,1.95982e-05,1.72522e-05,1.51757e-05
3.29843e-05,3.20955e-05,3.06476e-05,2.89333e-05,2.73551e-05,2.54712e-05,2.34376e-05,2.09767e-05,1.90669e-05,1.6727e-05,1.46485e-05
3.21327e-05,3.12934e-05,2.98608e-05,2.81751e-05,2.66309e-05,2.48588e-05,2.28522e-05,2.04089e-05,1.84359e-05,1.61651e-05,1.41882e-05
3.13359e-05,3.04686e-05,2.91074e-05,2.74753e-05,2.5918e-05,2.42055e-05,2.22252e-05,1.98058e-05,1.7915e-05,1.57176e-05,1.37246e-05
3.06783e-05,2.98113e-05,2.8349e-05,2.67519e-05,2.52956e-05,2.35577e-05,2.16027e-05,1.92853e-05,1.74244e-05,1.5264e-05,1.32921e-05
2.98466e-05,2.90242e-05,2.76332e-05,2.60774e-05,2.45919e-05,2.2952e-05,2.10409e-05,1.87279e-05,1.69008e-05,1.47947e-05,1.28673e-05
2.91754e-05,2.83664e-05,2.69223e-05,2.54301e-05,2.40143e-05,2.23809e-05,2.04807e-05,1.82591e-05,1.641e-05,1.4403e-05,1.24834e-05
2.84812e-05,2.76624e-05,2.6276e-05,2.48523e-05,2.33961e-05,2.18257e-05,1.99625e-05,1.77555e-05,1.59317e-05,1.39922e-05,1.21166e-05
2.78251e-05,2.70271e-05,2.56411e-05,2.42531e-05,2.28488e-05,2.13207e-05,1.94548e-05,1.72671e-05,1.55043e-05,1.36021e-05,1.17248e-05
2.71968e-05,2.63992e-05,2.50077e-05,2.37151e-05,2.23076e-05,2.07883e-05,1.8938e-05,1.68364e-05,1.51045e-05,1.32445e-05,1.14073e-05
2.65564e-05,2.57824e-05,2.44435e-05,2.31178e-05,2.17486e-05,2.02971e-05,1.84893e-05,1.63904e-05,1.46914e-05,1.28618e-05,1.10568e-05
2.59602e-05,2.52242e-05,2.38134e-05,2.25968e-05,2.12034e-05,1.97545e-05,1.80379e-05,1.60114e-05,1.43548e-05,1.25609e-05,1.06988e-05
2.53731e-05,2.4657e-05,2.33053e-05,2.20937e-05,2.07273e-05,1.93148e-05,1.76087e-05,1.55838e-05,1.39209e-05,1.21728e-05,1.03747e-05
2.47632e-05,2.40395e-05,2.27366e-05,2.1569e-05,2.02215e-05,1.88122e-05,1.71202e-05,1.52269e-05,1.35595e-05,1.18629e-05,1.01177e-05
2.42442e-05,2.35434e-05,2.22297e-05,2.11146e-05,1.98079e-05,1.84505e-05,1.67746e-05,1.48438e-05,1.32191e-05,1.15716e-05,9.81035e-06
2.36473e-05,2.29406e-05,2.16711e-05,2.05997e-05,1.92537e-05,1.79227e-05,1.63135e-05,1.44517e-05,1.28115e-05,1.12024e-05,9.56659e-06
2.31242e-05,2.24626e-05,2.11812e-05,2.01154e-05,1.88503e-05,1.75213e-05,1.59422e-05,1.41062e-05,1.25143e-05,1.09409e-05,9.25887e-06
2.25784e-05,2.19051e-05,2.06687e-05,1.96506e-05,1.84299e-05,1.7088e-05,1.55754e-05,1.38018e-05,1.22379e-05,1.06468e-05,9.00923e-06
2.20834e-05,2.14493e-05,2.02321e-05,1.91974e-05,1.79933e-05,1.67101e-05,1.52012e-05,1.34123e-05,1.18929e-05,1.04089e-05,8.75697e-06
2.15425e-05,2.09679e-05,1.97369e-05,1.87791e-05,1.75512e-05,1.62778e-05,1.48304e-05,1.31117e-05,1.15489e-05,1.00875e-05,8.51046e-06
2.10552e-05,2.04611e-05,1.92636e-05,1.83339e-05,1.71328e-05,1.5906e-05,1.44545e-05,1.27761e-05,1.12628e-05,9.84763e-06,8.26871e-06
2.05214e-05,2.00094e-05,1.88214e-05,1.79469e-05,1.67177e-05,1.55181e-05,1.41326e-05,1.24495e-05,1.09795e-05,9.55868e-06,8.01241e-06
2.00774e-05,1.95213e-05,1.83509e-05,1.74948e-05,1.63226e-05,1.51444e-05,1.37667e-05,1.21534e-05,1.06796e-05,9.33663e-06,7.81229e-06
1.96268e-05,1.91011e-05,1.79117e-05,1.71119e-05,1.59221e-05,1.47984e-05,1.34322e-05,1.18569e-05,1.03919e-05,9.0592e-06,7.62346e-06
1.91364e-05,1.86157e-05,1.75343e-05,1.67247e-05,1.55743e-05,1.44616e-05,1.31179e-05,1.15556e-05,1.0179e-05,8.86007e-06,7.3952e-06
1.87075e-05,1.82149e-05,1.70928e-05,1.63242e-05,1.51951e-05,1.41016e-05,1.27897e-05,1.12632e-05,9.89485e-06,8.6252e-06,7.20422e-06
1.8249e-05,1.7748e-05,1.66884e-05,1.59423e-05,1.48369e-05,1.37436e-05,1.24689e-05,1.10019e-05,9.62654e-06,8.40737e-06,6.99433e-06
1.78338e-05,1.73665e-05,1.62907e-05,1.55996e-05,1.44773e-05,1.34025e-05,1.22036e-05,1.07389e-05,9.3725e-06,8.17216e-06,6.79871e-06
1.74095e-05,1.69512e-05,1.58655e-05,1.52285e-05,1.41498e-05,1.30693e-05,1.18965e-05,1.04815e-05,9.15873e-06,7.99749e-06,6.61344e-06
1.69906e-05,1.6561e-05,1.55145e-05,1.48957e-05,1.37999e-05,1.2784e-05,1.16061e-05,1.01881e-05,8.91659e-06,7.74816e-06,6.41309e-06
1.66221e-05,1.61422e-05,1.51553e-05,1.45221e-05,1.34699e-05,1.24477e-05,1.13099e-05,9.95789e-06,8.67834e-06,7.56769e-06,6.26253e-06
1.62288e-05,1.57483e-05,1.48004e-05,1.42325e-05,1.31575e-05,1.21553e-05,1.10238e-05,9.68484e-06,8.46371e-06,7.34919e-06,6.09807e-06
1.58576e-05,1.5392e-05,1.44264e-05,1.38733e-05,1.28447e-05,1.18936e-05,1.07698e-05,9.4324e-06,8.23467e-06,7.19746e-06,5.93171e-06
1.54528e-05,1.50332e-05,1.40818e-05,1.35459e-05,1.25097e-05,1.15824e-05,1.05317e-05,9.22214e-06,8.02205e-06,6.98176e-06,5.77389e-06
1.51275e-05,1.46835e-05,1.37261e-05,1.32517e-05,1.2232e-05,1.12946e-05,1.02725e-05,9.01477e-06,7.81536e-06,6.80104e-06,5.62798e-06
1.47576e-05,1.43628e-05,1.34467e-05,1.29524e-05,1.19661e-05,1.10275e-05,1.00383e-05,8.79036e-06,7.63375e-06,6.62805e-06,5.47814e-06
1.44201e-05,1.40551e-05,1.3124e-05,1.26918e-05,1.1678e-05,1.07705e-05,9.79647e-06,8.59135e-06,7.45187e-06,6.44875e-06,5.32773e-06
1.40655e-05,1.37192e-05,1.28266e-05,1.23875e-05,1.14103e-05,1.04893e-05,9.52037e-06,8.3563e-06,7.24874e-06,6.30208e-06,5.20248e-06
1.37574e-05,1.33378e-05,1.24946e-05,1.20657e-05,1.11143e-05,1.02258e-05,9.30363e-06,8.15113e-06,7.05582e-06,6.11174e-06,5.05005e-06
1.34243e-05,1.30307e-05,1.21649e-05,1.17732e-05,1.08467e-05,9.9923e-06,9.08623e-06,7.92857e-06,6.87533e-06,5.95204e-06,4.9102e-06
1.31123e-05,1.27271e-05,1.18938e-05,1.15013e-05,1.05751e-05,9.74233e-06,8.87848e-06,7.73209e-06,6.71297e-06,5.80277e-06,4.77898e-06
1.2774e-05,1.24277e-05,1.15884e-05,1.1221e-05,1.03383e-05,9.54232e-06,8.65915e-06,7.53992e-06,6.54557e-06,5.65664e-06,4.65935e-06
1.25414e-05,1.2118e-05,1.1329e-05,1.09504e-05,1.00952e-05,9.30682e-06,8.45314e-06,7.34349e-06,6.38163e-06,5.52423e-06,4.53984e-06
1.22155e-05,1.18383e-05,1.10731e-05,1.07157e-05,9.8634e-06,9.0647e-06,8.22972e-06,7.15413e-06,6.21414e-06,5.37808e-06,4.41458e-06
1.19353e-05,1.15631e-05,1.08094e-05,1.04645e-05,9.60887e-06,8.8261e-06,8.0363e-06,6.97889e-06,6.05499e-06,5.22502e-06,4.2929e-06
1.16584e-05,1.12948e-05,1.05301e-05,1.02313e-05,9.40016e-06,8.63897e-06,7.85962e-06,6.81027e-06,5.89498e-06,5.09794e-06,4.17536e-06
1.14252e-05,1.10397e-05,1.03238e-05,9.96198e-06,9.17026e-06,8.45737e-06,7.6528e-06,6.66264e-06,5.77994e-06,4.96351e-06,4.08465e-06
1.11113e-05,1.07809e-05,1.00737e-05,9.78551e-06,8.96629e-06,8.23515e-06,7.47038e-06,6.49111e-06,5.61841e-06,4.84273e-06,3.97488e-06
1.09081e-05,1.0528e-05,9.85268e-06,9.54183e-06,8.74226e-06,8.04531e-06,7.28414e-06,6.32627e-06,5.4882e-06,4.72008e-06,3.87471e-06
1.06341e-05,1.02883e-05,9.63693e-06,9.31456e-06,8.55175e-06,7.85045e-06,7.11762e-06,6.17431e-06,5.34957e-06,4.60825e-06,3.78055e-06
1.04183e-05,1.00291e-05,9.40757e-06,9.11665e-06,8.35011e-06,7.66365e-06,6.92511e-06,6.01487e-06,5.21181e-06,4.48422e-06,3.68317e-06
1.01419e-05,9.81538e-06,9.19938e-06,8.91147e-06,8.15052e-06,7.48899e-06,6.77883e-06,5.86845e-06,5.09928e-06,4.35548e-06,3.57395e-06
9.93591e-06,9.59952e-06,8.97786e-06,8.66234e-06,7.96651e-06,7.32051e-06,6.59118e-06,5.73958e-06,4.96605e-06,4.24339e-06,3.48567e-06
9.70006e-06,9.38208e-06,8.78429e-06,8.5009e-06,7.78974e-06,7.15241e-06,6.45112e-06,5.59288e-06,4.83901e-06,4.15644e-06,3.39394e-06
9.54916e-06,9.16715e-06,8.57916e-06,8.29372e-06,7.63628e-06,6.97344e-06,6.29731e-06,5.47504e-06,4.72198e-06,4.03145e-06,3.31913e-06
9.29257e-06,8.9654e-06,8.39903e-06,8.1262e-06,7.45023e-06,6.81845e-06,6.14715e-06,5.33054e-06,4.61092e-06,3.9384e-06,3.24451e-06
9.12826e-06,8.78759e-06,8.21692e-06,7.94983e-06,7.27337e-06,6.66584e-06,6.00961e-06,5.19371e-06,4.51281e-06,3.828e-06,3.15737e-06
8.90525e-06,8.57635e-06,8.01679e-06,7.76266e-06,7.1158e-06,6.52586e-06,5.87682e-06,5.07718e-06,4.39979e-06,3.73343e-06,3.07826e-06
8.70686e-06,8.36583e-06,7.86285e-06,7.57747e-06,6.9398e-06,6.35471e-06,5.73786e-06,4.96585e-06,4.30398e-06,3.64415e-06,3.01071e-06
8.50759e-06,8.17846e-06,7.67429e-06,7.4177e-06,6.78405e-06,6.2327e-06,5.61916e-06,4.84377e-06,4.20185e-06,3.55776e-06,2.92902e-06
8.34832e-06,8.02957e-06,7.5026e-06,7.26409e-06,6.62717e-06,6.06352e-06,5.47219e-06,4.7432e-06,4.09981e-06,3.47024e-06,2.85272e-06
8.16731e-06,7.85108e-06,7.35704e-06,7.10665e-06,6.49346e-06,5.94469e-06,5.35251e-06,4.64067e-06,3.9907e-06,3.37921e-06,2.79105e-06
8.01303e-06,7.69812e-06,7.22153e-06,6.94796e-06,6.36659e-06,5.80787e-06,5.23797e-06,4.56203e-06,3.91649e-06,3.2983e-06,2.7206e-06
7.81651e-06,7.51382e-06,7.0447e-06,6.80647e-06,6.2139e-06,5.68524e-06,5.12461e-06,4.42464e-06,3.82341e-06,3.22401e-06,2.64641e-06
7.67844e-06,7.36325e-06,6.89884e-06,6.61925e-06,6.07325e-06,5.5703e-06,5.00687e-06,4.32924e-06,3.75355e-06,3.14227e-06,2.58723e-06
7.52003e-06,7.19779e-06,6.76117e-06,6.51041e-06,5.94401e-06,5.43009e-06,4.88573e-06,4.2226e-06,3.66548e-06,3.06508e-06,2.52036e-06
7.3793e-06,7.04624e-06,6.63021e-06,6.36347e-06,5.81786e-06,5.31539e-06,4.78401e-06,4.12887e-06,3.57763e-06,2.99131e-06,2.46578e-06
7.1893e-06,6.89586e-06,6.4802e-06,6.23472e-06,5.69629e-06,5.20598e-06,4.67052e-06,4.04499e-06,3.48724e-06,2.93085e-06,2.40028e-06
7.04426e-06,6.76411e-06,6.3317e-06,6.10536e-06,5.56527e-06,5.09551e-06,4.55715e-06,3.95497e-06,3.40513e-06,2.85367e-06,2.34806e-06
6.90314e-06,6.62046e-06,6.22228e-06,5.99619e-06,5.46392e-06,4.98001e-06,4.46361e-06,3.86865e-06,3.34021e-06,2.78986e-06,2.28598e-06
6.79855e-06,6.48323e-06,6.09967e-06,5.85395e-06,5.35551e-06,4.87223e-06,4.37344e-06,3.79783e-06,3.25422e-06,2.71628e-06,2.23322e-06
6.6388e-06,6.34765e-06,5.97244e-06,5.72363e-06,5.24557e-06,4.78991e-06,4.27952e-06,3.70973e-06,3.18672e-06,2.65403e-06,2.17513e-06
6.51999e-06,6.23755e-06,5.85728e-06,5.60806e-06,5.1262e-06,4.67831e-06,4.19049e-06,3.62498e-06,3.12474e-06,2.59235e-06,2.13092e-06
6.38943e-06,6.11411e-06,5.74954e-06,5.48982e-06,5.0309e-06,4.58335e-06,4.09585e-06,3.54981e-06,3.04706e-06,2.53248e-06,2.08883e-06
6.26968e-06,5.97892e-06,5.62484e-06,5.37737e-06,4.9322e-06,4.49258e-06,4.00834e-06,3.47267e-06,2.98641e-06,2.47969e-06,2.02663e-06
6.11029e-06,5.88319e-06,5.52585e-06,5.27418e-06,4.82932e-06,4.41405e-06,3.92355e-06,3.40319e-06,2.93448e-06,2.43662e-06,1.97931e-06
6.02587e-06,5.75268e-06,5.40598e-06,5.17561e-06,4.73139e-06,4.31631e-06,3.84334e-06,3.33293e-06,2.86058e-06,2.36991e-06,1.93614e-06
5.88409e-06,5.6398e-06,5.30692e-06,5.07671e-06,4.62865e-06,4.22507e-06,3.76327e-06,3.26912e-06,2.80255e-06,2.31193e-06,1.88657e-06
5.78814e-06,5.54833e-06,5.21273e-06,4.982e-06,4.54745e-06,4.13139e-06,3.69492e-06,3.19876e-06,2.74282e-06,2.26346e-06,1.84824e-06
5.69221e-06,5.43308e-06,5.11777e-06,4.87003e-06,4.4714e-06,4.05561e-06,3.61899e-06,3.13565e-06,2.67921e-06,2.21337e-06,1.80527e-06
5.57668e-06,5.32406e-06,5.02541e-06,4.78406e-06,4.37225e-06,3.98337e-06,3.54275e-06,3.06269e-06,2.62947e-06,2.17228e-06,1.76203e-06
5.47756e-06,5.23394e-06,4.92546e-06,4.69379e-06,4.29653e-06,3.90975e-06,3.46965e-06,3.0087e-06,2.58089e-06,2.12109e-06,1.72166e-06
5.3543e-06,5.1295e-06,4.83126e-06,4.60213e-06,4.20527e-06,3.82879e-06,3.39571e-06,2.94219e-06,2.51747e-06,2.08076e-06,1.68072e-06
5.25469e-06,5.02957e-06,4.75167e-06,4.51661e-06,4.12786e-06,3.74893e-06,3.33404e-06,2.89098e-06,2.46124e-06,2.02985e-06,1.63718e-06
5.1618e-06,4.93571e-06,4.66367e-06,4.43703e-06,4.04484e-06,3.67783e-06,3.26248e-06,2.83024e-06,2.41513e-06,1.98596e-06,1.60249e-06
5.07699e-06,4.85825e-06,4.58889e-06,4.36277e-06,3.97e-06,3.6059e-06,3.20537e-06,2.78057e-06,2.36812e-06,1.94489e-06,1.57017e-06
4.99072e-06,4.76999e-06,4.4965e-06,4.26782e-06,3.90384e-06,3.53231e-06,3.15121e-06,2.71887e-06,2.31944e-06,1.89313e-06,1.54188e-06
4.89553e-06,4.68463e-06,4.41107e-06,4.18552e-06,3.83277e-06,3.46796e-06,3.08919e-06,2.66856e-06,2.27322e-06,1.85601e-06,1.50678e-06
4.80134e-06,4.59768e-06,4.33599e-06,4.09994e-06,3.75911e-06,3.40803e-06,3.03199e-06,2.61848e-06,2.22567e-06,1.8139e-06,1.4696e-06
4.73589e-06,4.51936e-06,4.25401e-06,4.03163e-06,3.69329e-06,3.33888e-06,2.97522e-06,2.56713e-06,2.18416e-06,1.77646e-06,1.44308e-06
4.62733e-06,4.43563e-06,4.18046e-06,3.95619e-06,3.61803e-06,3.28131e-06,2.91067e-06,2.51202e-06,2.13714e-06,1.74286e-06,1.40669e-06
4.54763e-06,4.34929e-06,4.09967e-06,3.88383e-06,3.55574e-06,3.22074e-06,2.86159e-06,2.46838e-06,2.09317e-06,1.70292e-06,1.37522e-06
4.473e-06,4.28101e-06,4.03204e-06,3.82354e-06,3.48518e-06,3.15995e-06,2.80352e-06,2.42249e-06,2.04554e-06,1.67175e-06,1.34811e-06
4.39564e-06,4.20916e-06,3.95835e-06,3.74462e-06,3.43305e-06,3.10386e-06,2.7525e-06,2.37764e-06,2.00833e-06,1.63094e-06,1.31951e-06
4.31466e-06,4.12919e-06,3.89203e-06,3.6757e-06,3.3656e-06,3.04296e-06,2.70284e-06,2.33228e-06,1.96971e-06,1.60085e-06,1.28707e-06
4.24493e-06,4.06188e-06,3.82565e-06,3.61147e-06,3.30582e-06,2.98893e-06,2.65367e-06,2.28682e-06,1.931e-06,1.56728e-06,1.25979e-06
4.16571e-06,3.99298e-06,3.75866e-06,3.54646e-06,3.25034e-06,2.93348e-06,2.60568e-06,2.24453e-06,1.89354e-06,1.53715e-06,1.23138e-06
4.09525e-06,3.9189e-06,3.69229e-06,3.48192e-06,3.19189e-06,2.88025e-06,2.55721e-06,2.20455e-06,1.85556e-06,1.50528e-06,1.20571e-06
4.0234e-06,3.85343e-06,3.62701e-06,3.4192e-06,3.13524e-06,2.82591e-06,2.50967e-06,2.16371e-06,1.81955e-06,1.47007e-06,1.1795e-06
3.95954e-06,3.77946e-06,3.56782e-06,3.35836e-06,3.07793e-06,2.78009e-06,2.46616e-06,2.12327e-06,1.78416e-06,1.44405e-06,1.1536e-06
3.88547e-06,3.71464e-06,3.50505e-06,3.30564e-06,3.02001e-06,2.7319e-06,2.41659e-06,2.08026e-06,1.74909e-06,1.41097e-06,1.13065e-06
3.81694e-06,3.65386e-06,3.44839e-06,3.23819e-06,2.96966e-06,2.68037e-06,2.37479e-06,2.04633e-06,1.71506e-06,1.38186e-06,1.10417e-06
3.75868e-06,3.59323e-06,3.38925e-06,3.1802e-06,2.91753e-06,2.63107e-06,2.3333e-06,2.00234e-06,1.68026e-06,1.35638e-06,1.08042e-06
3.68917e-06,3.53535e-06,3.32831e-06,3.12831e-06,2.86745e-06,2.58466e-06,2.28854e-06,1.96801e-06,1.64656e-06,1.32675e-06,1.05808e-06
3.62718e-06,3.47578e-06,3.26964e-06,3.06883e-06,2.81962e-06,2.53642e-06,2.24697e-06,1.93003e-06,1.61679e-06,1.30024e-06,1.0348e-06
3.57129e-06,3.41749e-06,3.21495e-06,3.02333e-06,2.76675e-06,2.49431e-06,2.20518e-06,1.89849e-06,1.58094e-06,1.27869e-06,1.01361e-06
3.50437e-06,3.36088e-06,3.16302e-06,2.96887e-06,2.71759e-06,2.44719e-06,2.16612e-06,1.85992e-06,1.55393e-06,1.24892e-06,9.91275e-07
3.44937e-06,3.31156e-06,3.10676e-06,2.92471e-06,2.67205e-06,2.40013e-06,2.13151e-06,1.82724e-06,1.52426e-06,1.22701e-06,9.71573e-07
3.38641e-06,3.24536e-06,3.05807e-06,2.86752e-06,2.6216e-06,2.36432e-06,2.08819e-06,1.79356e-06,1.49372e-06,1.20005e-06,9.49666e-07
3.33506e-06,3.19205e-06,3.00639e-06,2.81734e-06,2.57841e-06,2.32333e-06,2.05306e-06,1.76141e-06,1.46447e-06,1.17804e-06,9.30286e-07
3.28173e-06,3.14479e-06,2.95885e-06,2.77596e-06,2.53615e-06,2.28186e-06,2.01999e-06,1.72912e-06,1.43668e-06,1.15451e-06,9.11543e-07
3.22735e-06,3.09152e-06,2.90906e-06,2.72632e-06,2.49301e-06,2.24342e-06,1.98271e-06,1.69687e-06,1.41062e-06,1.1331e-06,8.94946e-07
3.17458e-06,3.03702e-06,2.86223e-06,2.67514e-06,2.45029e-06,2.20666e-06,1.94902e-06,1.66574e-06,1.38414e-06,1.1119e-06,8.73418e-07
3.12049e-06,2.99027e-06,2.81592e-06,2.63408e-06,2.40804e-06,2.16537e-06,1.91162e-06,1.63549e-06,1.35559e-06,1.08827e-06,8.53659e-07
3.06709e-06,2.93752e-06,2.77e-06,2.58823e-06,2.36662e-06,2.12777e-06,1.87783e-06,1.60423e-06,1.33101e-06,1.06843e-06,8.35765e-07
3.02293e-06,2.89097e-06,2.72824e-06,2.54537e-06,2.32636e-06,2.09218e-06,1.84593e-06,1.57659e-06,1.30622e-06,1.04645e-06,8.18034e-07
2.9725e-06,2.84655e-06,2.67865e-06,2.50805e-06,2.28452e-06,2.05741e-06,1.81377e-06,1.54947e-06,1.28372e-06,1.02679e-06,8.03268e-07
2.9301e-06,2.80172e-06,2.638e-06,2.46013e-06,2.25068e-06,2.02299e-06,1.78497e-06,1.52134e-06,1.25946e-06,1.00765e-06,7.88102e-07
2.87543e-06,2.76268e-06,2.59827e-06,2.41827e-06,2.21409e-06,1.98605e-06,1.75065e-06,1.49244e-06,1.2362e-06,9.86633e-07,7.69876e-07
2.83537e-06,2.71379e-06,2.55679e-06,2.38121e-06,2.17568e-06,1.95585e-06,1.72213e-06,1.46956e-06,1.21349e-06,9.68634e-07,7.55498e-07
2.78724e-06,2.67345e-06,2.51102e-06,2.34207e-06,2.14028e-06,1.91985e-06,1.69327e-06,1.44266e-06,1.18974e-06,9.51927e-07,7.3933e-07
2.74518e-06,2.63002e-06,2.47924e-06,2.30783e-06,2.1062e-06,1.89002e-06,1.66541e-06,1.41728e-06,1.16976e-06,9.31745e-07,7.24626e-07
2.70312e-06,2.59155e-06,2.43802e-06,2.26379e-06,2.06891e-06,1.85732e-06,1.63572e-06,1.39209e-06,1.14784e-06,9.14866e-07,7.10938e-07
2.66797e-06,2.55264e-06,2.40541e-06,2.23096e-06,2.0372e-06,1.82746e-06,1.61024e-06,1.36923e-06,1.12827e-06,8.9864e-07,6.9804e-07
2.61616e-06,2.51158e-06,2.36418e-06,2.19782e-06,2.00206e-06,1.79842e-06,1.58147e-06,1.34439e-06,1.10917e-06,8.83208e-07,6.81924e-07
2.58253e-06,2.47849e-06,2.32994e-06,2.16502e-06,1.96854e-06,1.76942e-06,1.5576e-06,1.32506e-06,1.08908e-06,8.65716e-07,6.69722e-07
2.54229e-06,2.43615e-06,2.29469e-06,2.12776e-06,1.93895e-06,1.74019e-06,1.53157e-06,1.29923e-06,1.07026e-06,8.50394e-07,6.57209e-07
2.50489e-06,2.40538e-06,2.25686e-06,2.09742e-06,1.90854e-06,1.71466e-06,1.50896e-06,1.27781e-06,1.05278e-06,8.36639e-07,6.45437e-07
2.46812e-06,2.37006e-06,2.22351e-06,2.06485e-06,1.88186e-06,1.68628e-06,1.48097e-06,1.25495e-06,1.03554e-06,8.20867e-07,6.30011e-07
2.4333e-06,2.33564e-06,2.18903e-06,2.03236e-06,1.84928e-06,1.65938e-06,1.45965e-06,1.23693e-06,1.01711e-06,8.04955e-07,6.19661e-07
2.3951e-06,2.29973e-06,2.15791e-06,2.00677e-06,1.82412e-06,1.63269e-06,1.43474e-06,1.21382e-06,9.97769e-07,7.91253e-07,6.0761e-07
2.36186e-06,2.26604e-06,2.12982e-06,1.97369e-06,1.79261e-06,1.60922e-06,1.41033e-06,1.19553e-06,9.77839e-07,7.78496e-07,5.96925e-07
2.3294e-06,2.23787e-06,2.09864e-06,1.94578e-06,1.76949e-06,1.5839e-06,1.38872e-06,1.17552e-06,9.65433e-07,7.63006e-07,5.84353e-07
2.29432e-06,2.20159e-06,2.07326e-06,1.91363e-06,1.73735e-06,1.55935e-06,1.36484e-06,1.15602e-06,9.49085e-07,7.50575e-07,5.75195e-07
2.26521e-06,2.17368e-06,2.04079e-06,1.88879e-06,1.71535e-06,1.53604e-06,1.34596e-06,1.13758e-06,9.30428e-07,7.37104e-07,5.63994e-07
2.23616e-06,2.13867e-06,2.01625e-06,1.86309e-06,1.69203e-06,1.51362e-06,1.32192e-06,1.12172e-06,9.17095e-07,7.24432e-07,5.53186e-07
2.20144e-06,2.11494e-06,1.99115e-06,1.8327e-06,1.66777e-06,1.48855e-06,1.30017e-06,1.10011e-06,9.01737e-07,7.12924e-07,5.43701e-07
2.16718e-06,2.08275e-06,1.96156e-06,1.80813e-06,1.64304e-06,1.46852e-06,1.28229e-06,1.08115e-06,8.86538e-07,7.02655e-07,5.35141e-07
2.13739e-06,2.05309e-06,1.93644e-06,1.78268e-06,1.61588e-06,1.4449e-06,1.26438e-06,1.06911e-06,8.71552e-07,6.90176e-07,5.27665e-07
2.11146e-06,2.02805e-06,1.91227e-06,1.75551e-06,1.59617e-06,1.42476e-06,1.24052e-06,1.0526e-06,8.59128e-07,6.77487e-07,5.15909e-07
2.07727e-06,1.99549e-06,1.88035e-06,1.73599e-06,1.57531e-06,1.40587e-06,1.22396e-06,1.03258e-06,8.47257e-07,6.71109e-07,5.04899e-07
2.05218e-06,1.97082e-06,1.85773e-06,1.70943e-06,1.54881e-06,1.38456e-06,1.20765e-06,1.02192e-06,8.31222e-07,6.54806e-07,5.00038e-07
2.02374e-06,1.94413e-06,1.82615e-06,1.68479e-06,1.52683e-06,1.36802e-06,1.18641e-06,1.0058e-06,8.18437e-07,6.48284e-07,4.88396e-07
1.99911e-06,1.92412e-06,1.80501e-06,1.66231e-06,1.50831e-06,1.34704e-06,1.17363e-06,9.85667e-07,8.06063e-07,6.35703e-07,4.80973e-07
1.97415e-06,1.89935e-06,1.78056e-06,1.64035e-06,1.48671e-06,1.32783e-06,1.15805e-06,9.76618e-07,7.92431e-07,6.27107e-07,4.71595e-07
1.94398e-06,1.87713e-06,1.76367e-06,1.61963e-06,1.46478e-06,1.30696e-06,1.14092e-06,9.58956e-07,7.81531e-07,6.16872e-07,4.65501e-07
1.92079e-06,1.84904e-06,1.74035e-06,1.59826e-06,1.44377e-06,1.29158e-06,1.12503e-06,9.43805e-07,7.67419e-07,6.05886e-07,4.59506e-07
1.89372e-06,1.82696e-06,1.72178e-06,1.57665e-06,1.4275e-06,1.27035e-06,1.10837e-06,9.30513e-07,7.54597e-07,5.94923e-07,4.48485e-07
1.87355e-06,1.8043e-06,1.69761e-06,1.56374e-06,1.40587e-06,1.25538e-06,1.09802e-06,9.23253e-07,7.48211e-07,5.8699e-07,4.4212e-07
1.85013e-06,1.78765e-06,1.6842e-06,1.53789e-06,1.38274e-06,1.23729e-06,1.0753e-06,9.03476e-07,7.37635e-07,5.82381e-07,4.3563e-07
1.82875e-06,1.76915e-06,1.65446e-06,1.5204e-06,1.37526e-06,1.22299e-06,1.0626e-06,8.89203e-07,7.24343e-07,5.73051e-07,4.28468e-07
1.80619e-06,1.74201e-06,1.63546e-06,1.50127e-06,1.35802e-06,1.20621e-06,1.05e-06,8.78622e-07,7.14187e-07,5.60858e-07,4.21883e-07
1.78407e-06,1.72171e-06,1.61832e-06,1.48022e-06,1.34125e-06,1.19191e-06,1.03603e-06,8.64699e-07,7.05027e-07,5.54356e-07,4.15228e-07
1.76675e-06,1.70289e-06,1.59925e-06,1.46477e-06,1.32191e-06,1.17647e-06,1.01937e-06,8.56244e-07,6.95978e-07,5.45837e-07,4.09419e-07
1.74246e-06,1.68005e-06,1.5802e-06,1.44801e-06,1.30411e-06,1.15999e-06,1.00609e-06,8.45149e-07,6.83263e-07,5.388e-07,4.0253e-07
1.7236e-06,1.66385e-06,1.56249e-06,1.42824e-06,1.28828e-06,1.14708e-06,9.95741e-07,8.35268e-07,6.75694e-07,5.33323e-07,3.96938e-07
1.70385e-06,1.64695e-06,1.55082e-06,1.41202e-06,1.27169e-06,1.13041e-06,9.83727e-07,8.19319e-07,6.63727e-07,5.24222e-07,3.90854e-07
1.68433e-06,1.62153e-06,1.52479e-06,1.39427e-06,1.25468e-06,1.11931e-06,9.66696e-07,8.11769e-07,6.55002e-07,5.16204e-07,3.85177e-07
1.66407e-06,1.60854e-06,1.51064e-06,1.3774e-06,1.24376e-06,1.10382e-06,9.56507e-07,8.0279e-07,6.49036e-07,5.11475e-07,3.8027e-07
1.64748e-06,1.58906e-06,1.49225e-06,1.36612e-06,1.22886e-06,1.09174e-06,9.42726e-07,7.91413e-07,6.38982e-07,5.01289e-07,3.73844e-07
1.62608e-06,1.57559e-06,1.47177e-06,1.34526e-06,1.20794e-06,1.08003e-06,9.33616e-07,7.79734e-07,6.29668e-07,4.96991e-07,3.67556e-07
1.6143e-06,1.55608e-06,1.46275e-06,1.33222e-06,1.1998e-06,1.06277e-06,9.18943e-07,7.68942e-07,6.19541e-07,4.86936e-07,3.63798e-07
1.58803e-06,1.53781e-06,1.44156e-06,1.31877e-06,1.17958e-06,1.05419e-06,9.10758e-07,7.60185e-07,6.119e-07,4.85467e-07,3.58777e-07
1.58106e-06,1.52708e-06,1.43151e-06,1.30573e-06,1.17137e-06,1.04403e-06,8.97041e-07,7.51239e-07,6.04693e-07,4.75804e-07,3.57436e-07
1.55669e-06,1.5117e-06,1.41476e-06,1.29023e-06,1.15842e-06,1.02705e-06,8.88248e-07,7.39971e-07,5.95963e-07,4.70793e-07,3.47504e-07
1.54727e-06,1.49452e-06,1.39219e-06,1.27465e-06,1.1405e-06,1.0174e-06,8.78001e-07,7.35881e-07,5.91767e-07,4.6644e-07,3.46646e-07
1.52135e-06,1.47398e-06,1.38574e-06,1.26162e-06,1.13369e-06,1.00548e-06,8.66096e-07,7.24892e-07,5.8087e-07,4.59842e-07,3.37348e-07
1.50623e-06,1.45506e-06,1.36713e-06,1.2481e-06,1.11823e-06,9.94305e-07,8.58024e-07,7.12081e-07,5.72794e-07,4.53434e-07,3.36248e-07
1.49266e-06,1.44571e-06,1.35177e-06,1.23806e-06,1.1078e-06,9.84275e-07,8.45554e-07,7.05728e-07,5.68963e-07,4.45378e-07,3.31547e-07
1.47977e-06,1.43337e-06,1.34116e-06,1.22011e-06,1.09829e-06,9.70873e-07,8.33057e-07,6.97522e-07,5.6106e-07,4.39467e-07,3.26467e-07
1.46272e-06,1.41396e-06,1.32875e-06,1.20308e-06,1.08306e-06,9.60231e-07,8.26847e-07,6.89871e-07,5.57015e-07,4.39536e-07,3.23654e-07
1.44916e-06,1.39932e-06,1.32086e-06,1.19503e-06,1.07226e-06,9.46695e-07,8.15761e-07,6.81573e-07,5.47644e-07,4.30346e-07,3.15661e-07
1.42491e-06,1.38309e-06,1.29476e-06,1.18209e-06,1.05806e-06,9.37196e-07,8.08073e-07,6.73021e-07,5.39593e-07,4.23959e-07,3.12761e-07
1.41719e-06,1.36968e-06,1.2887e-06,1.17421e-06,1.04687e-06,9.28267e-07,7.9693e-07,6.67465e-07,5.33212e-07,4.1907e-07,3.10097e-07
1.39723e-06,1.36106e-06,1.27796e-06,1.15988e-06,1.03756e-06,9.15309e-07,7.897e-07,6.59702e-07,5.24686e-07,4.16519e-07,3.04612e-07
1.39397e-06,1.3431e-06,1.25664e-06,1.14981e-06,1.02768e-06,9.0668e-07,7.83004e-07,6.55286e-07,5.21934e-07,4.10976e-07,3.02355e-07
1.37557e-06,1.33058e-06,1.25246e-06,1.1381e-06,1.01618e-06,8.99344e-07,7.73685e-07,6.46979e-07,5.15055e-07,4.05711e-07,2.98956e-07
1.35791e-06,1.30948e-06,1.23341e-06,1.12486e-06,1.00503e-06,8.90112e-07,7.61377e-07,6.37807e-07,5.10669e-07,4.00122e-07,2.93742e-07
1.34705e-06,1.30646e-06,1.23007e-06,1.12226e-06,9.9518e-07,8.77771e-07,7.60128e-07,6.30848e-07,5.01001e-07,3.94319e-07,2.92054e-07
1.33733e-06,1.29512e-06,1.21386e-06,1.10634e-06,9.87276e-07,8.70908e-07,7.48277e-07,6.22932e-07,4.97489e-07,3.90563e-07,2.86927e-07
1.32453e-06,1.28095e-06,1.20047e-06,1.09329e-06,9.78072e-07,8.58651e-07,7.41054e-07,6.14853e-07,4.92375e-07,3.89511e-07,2.83729e-07
1.31115e-06,1.27164e-06,1.19985e-06,1.08391e-06,9.63128e-07,8.53e-07,7.32617e-07,6.07486e-07,4.87479e-07,3.82183e-07,2.8355e-07
1.29379e-06,1.25363e-06,1.17604e-06,1.0748e-06,9.55288e-07,8.45416e-07,7.24289e-07,6.05626e-07,4.79141e-07,3.76427e-07,2.79194e-07
1.28364e-06,1.24741e-06,1.1691e-06,1.06218e-06,9.45237e-07,8.33347e-07,7.17666e-07,5.98705e-07,4.75542e-07,3.73797e-07,2.74999e-07
1.2743e-06,1.23105e-06,1.15399e-06,1.0503e-06,9.36993e-07,8.30609e-07,7.0457e-07,5.89434e-07,4.70138e-07,3.69525e-07,2.72417e-07
1.25731e-06,1.21245e-06,1.1384e-06,1.03953e-06,9.31177e-07,8.15854e-07,7.0203e-07,5.8259e-07,4.65619e-07,3.68405e-07,2.68316e-07
1.24561e-06,1.20684e-06,1.13143e-06,1.03116e-06,9.16561e-07,8.09807e-07,6.96288e-07,5.79025e-07,4.5951e-07,3.63974e-07,2.65259e-07
1.23223e-06,1.19728e-06,1.12709e-06,1.02131e-06,9.08533e-07,8.00741e-07,6.89854e-07,5.71012e-07,4.5203e-07,3.56553e-07,2.63039e-07
1.2225e-06,1.19131e-06,1.11976e-06,1.01583e-06,9.04359e-07,7.92175e-07,6.82792e-07,5.66605e-07,4.47447e-07,3.53856e-07,2.60737e-07
1.21261e-06,1.17843e-06,1.10412e-06,1.00438e-06,8.92776e-07,7.8574e-07,6.72472e-07,5.60495e-07,4.43488e-07,3.50534e-07,2.57045e-07
1.19431e-06,1.16408e-06,1.09359e-06,9.94149e-07,8.84945e-07,7.79307e-07,6.65811e-07,5.53212e-07,4.38362e-07,3.46953e-07,2.53673e-07
1.19142e-06,1.15432e-06,1.08337e-06,9.80414e-07,8.76267e-07,7.70527e-07,6.54136e-07,5.48643e-07,4.37721e-07,3.41684e-07,2.49928e-07
1.1741e-06,1.13757e-06,1.07483e-06,9.76454e-07,8.65587e-07,7.59681e-07,6.51225e-07,5.41271e-07,4.29922e-07,3.38451e-07,2.46564e-07
1.16975e-06,1.13057e-06,1.06148e-06,9.62081e-07,8.59803e-07,7.54513e-07,6.41524e-07,5.37329e-07,4.25991e-07,3.33429e-07,2.45599e-07
1.1547e-06,1.12107e-06,1.05722e-06,9.54936e-07,8.4344e-07,7.47159e-07,6.38314e-07,5.29543e-07,4.23082e-07,3.29805e-07,2.42427e-07
1.14215e-06,1.10689e-06,1.04343e-06,9.46478e-07,8.37964e-07,7.36849e-07,6.31705e-07,5.2541e-07,4.1549e-07,3.2657e-07,2.40055e-07
1.13032e-06,1.09449e-06,1.03255e-06,9.3508e-07,8.33041e-07,7.31773e-07,6.25944e-07,5.19663e-07,4.10596e-07,3.22431e-07,2.36719e-07
1.12126e-06,1.09055e-06,1.02398e-06,9.244e-07,8.24402e-07,7.2659e-07,6.18965e-07,5.16208e-07,4.07011e-07,3.18926e-07,2.35348e-07
1.11042e-06,1.07829e-06,1.01504e-06,9.17414e-07,8.16574e-07,7.16914e-07,6.10654e-07,5.07319e-07,4.02789e-07,3.15969e-07,2.31315e-07
1.10316e-06,1.06926e-06,9.99761e-07,9.08466e-07,8.06976e-07,7.09038e-07,6.05655e-07,5.06266e-07,3.98139e-07,3.10091e-07,2.29946e-07
1.09525e-06,1.05735e-06,9.94851e-07,8.98719e-07,7.9976e-07,6.99816e-07,6.00623e-07,4.9912e-07,3.92102e-07,3.09291e-07,2.24975e-07
1.07836e-06,1.04747e-06,9.83586e-07,8.9231e-07,7.92351e-07,6.92049e-07,5.95045e-07,4.94014e-07,3.89929e-07,3.05781e-07,2.24236e-07
1.0681e-06,1.03678e-06,9.75361e-07,8.84091e-07,7.81021e-07,6.8942e-07,5.87075e-07,4.86516e-07,3.84458e-07,3.0088e-07,2.22301e-07
1.0586e-06,1.02341e-06,9.65255e-07,8.77561e-07,7.76685e-07,6.79727e-07,5.78904e-07,4.82443e-07,3.81581e-07,3.0043e-07,2.18046e-07
1.0502e-06,1.02333e-06,9.65718e-07,8.64185e-07,7.67522e-07,6.74785e-07,5.77974e-07,4.78907e-07,3.8024e-07,2.9592e-07,2.16265e-07
1.03803e-06,1.00824e-06,9.49046e-07,8.61403e-07,7.61132e-07,6.66807e-07,5.68804e-07,4.75393e-07,3.73707e-07,2.92923e-07,2.13034e-07
1.03192e-06,1.00229e-06,9.34152e-07,8.50819e-07,7.59027e-07,6.64658e-07,5.59514e-07,4.683e-07,3.6807e-07,2.89398e-07,2.13447e-07
1.01939e-06,9.86401e-07,9.27937e-07,8.41468e-07,7.45302e-07,6.58184e-07,5.59913e-07,4.62899e-07,3.67419e-07,2.8716e-07,2.08898e-07
1.00863e-06,9.78582e-07,9.17555e-07,8.2869e-07,7.39556e-07,6.52104e-07,5.50424e-07,4.58208e-07,3.61293e-07,2.81677e-07,2.07284e-07
1.00438e-06,9.72316e-07,9.12902e-07,8.22581e-07,7.33473e-07,6.41896e-07,5.47456e-07,4.55631e-07,3.56733e-07,2.78568e-07,2.04477e-07
9.94305e-07,9.63485e-07,9.0265e-07,8.1454e-07,7.25384e-07,6.36547e-07,5.39217e-07,4.48665e-07,3.55225e-07,2.75446e-07,2.03595e-07
9.79236e-07,9.54523e-07,8.95179e-07,8.12112e-07,7.16784e-07,6.25718e-07,5.36679e-07,4.43496e-07,3.51566e-07,2.74018e-07,1.99959e-07
9.70018e-07,9.37382e-07,8.86547e-07,7.99508e-07,7.13178e-07,6.23124e-07,5.30508e-07,4.39822e-07,3.44144e-07,2.68778e-07,1.97278e-07
