0.000373161,0.000371097,0.000358748,0.000349291,0.00034275,0.000335712,0.000307665,0.000297017,0.00028615,0.000261363,0.000244048
0.000350018,0.000353616,0.000337844,0.000331408,0.000320362,0.000312654,0.000286332,0.000279248,0.000267074,0.000242861,0.000229766
0.00032978,0.000330316,0.000315721,0.000309794,0.000301951,0.000292685,0.000268814,0.000261921,0.000248449,0.00022872,0.000214327
0.000311799,0.000313316,0.000296913,0.000294057,0.000284008,0.000274358,0.000252887,0.000247078,0.000232731,0.000214438,0.000202578
0.000295957,0.000296931,0.000280421,0.000278754,0.000268625,0.00025778,0.000239097,0.000234003,0.00021938,0.00020213,0.000191811
0.000282119,0.0002831,0.000266313,0.000265807,0.000253938,0.000244334,0.000227166,0.000222657,0.000207734,0.000190973,0.000182162
0.000268402,0.00026735,0.000252293,0.000252563,0.000242104,0.000229794,0.00021598,0.000211265,0.000196691,0.000180809,0.000172828
0.000256436,0.000254399,0.000240761,0.000241651,0.000231089,0.000217995,0.00020683,0.000201547,0.000187205,0.00017143,0.00016468
0.000245051,0.000242342,0.000229455,0.000230781,0.000220556,0.000207633,0.000196849,0.000192025,0.000177962,0.000163283,0.000156432
0.000233698,0.000231522,0.000219413,0.000221198,0.000210756,0.000198204,0.000188433,0.000184082,0.000169899,0.000156177,0.000149116
0.000225389,0.000221753,0.000210751,0.000211842,0.000203349,0.000190476,0.000180246,0.000175396,0.000162159,0.000149116,0.000142202
0.000216589,0.000212944,0.000202239,0.000204538,0.000195052,0.000182489,0.00017319,0.000167329,0.000155302,0.000142621,0.000135755
0.000207071,0.000203628,0.000195425,0.000195338,0.000186855,0.000174344,0.000165674,0.000160768,0.000148114,0.000136766,0.000129578
0.000199404,0.000195624,0.000187975,0.000187097,0.000179829,0.000167773,0.000159746,0.000153114,0.000142161,0.000131105,0.000123705
0.000191332,0.000188555,0.000181133,0.000179984,0.000173153,0.000161327,0.00015297,0.000146945,0.000136825,0.000125864,0.000118386
0.000184301,0.000182204,0.0001748,0.000173217,0.000166478,0.00015607,0.000147079,0.000140872,0.000131457,0.000121017,0.000113679
0.000178318,0.0001743,0.000169364,0.000166282,0.000160561,0.000149723,0.000142011,0.000134978,0.000126139,0.000116497,0.000108715
0.000171356,0.000168553,0.000163455,0.000160179,0.000154077,0.000144901,0.000136766,0.000129565,0.000121475,0.000112035,0.000104596
0.00016568,0.000163662,0.000157414,0.000154132,0.00014983,0.000139534,0.000131556,0.00012515,0.000117694,0.000107922,0.000100007
0.000159629,0.000158852,0.000152579,0.000148999,0.000143689,0.000134152,0.000127094,0.00011988,0.000113764,0.000103944,9.66904e-05
0.000154926,0.000152929,0.000147243,0.000143352,0.000139279,0.000129961,0.000122403,0.000115977,0.000109601,0.000100441,9.27701e-05
0.000150077,0.000147732,0.000142716,0.000138517,0.000133666,0.000125034,0.000118286,0.000111063,0.000105708,9.7018e-05,8.98079e-05
0.000145076,0.000143107,0.000137743,0.000134036,0.000129594,0.000121112,0.000113673,0.000108017,0.000102718,9.40087e-05,8.65227e-05
0.000140567,0.000137487,0.00013415,0.000129466,0.000124019,0.000116912,0.000110677,0.000103364,9.8524e-05,9.0801e-05,8.37612e-05
0.000136008,0.000133416,0.00012926,0.000125189,0.000120585,0.000112988,0.000106407,0.000100403,9.57509e-05,8.77254e-05,8.106e-05
0.000131287,0.00012932,0.000125326,0.000121141,0.000116243,0.000108937,0.000102919,9.64898e-05,9.22775e-05,8.48701e-05,7.83489e-05
0.000127492,0.000125008,0.000121254,0.000117182,0.00011276,0.000105833,9.99316e-05,9.37048e-05,8.87921e-05,8.21139e-05,7.54978e-05
0.00012294,0.000121113,0.000117688,0.000113611,0.000108876,0.000101736,9.663e-05,8.99805e-05,8.63322e-05,7.95853e-05,7.33606e-05
0.00011946,0.000116968,0.00011385,0.000109684,0.000105365,9.89929e-05,9.351e-05,8.79174e-05,8.28851e-05,7.71114e-05,7.05401e-05
0.000115867,0.000112975,0.000110124,0.000106601,0.000101904,9.57356e-05,9.04899e-05,8.46166e-05,8.03085e-05,7.47393e-05,6.85735e-05
0.000111968,0.000109371,0.000106844,0.000103861,9.84502e-05,9.26852e-05,8.74661e-05,8.23024e-05,7.74727e-05,7.21538e-05,6.61969e-05
0.000108267,0.000105936,0.000103372,9.95861e-05,9.51416e-05,8.93253e-05,8.49485e-05,7.94454e-05,7.5035e-05,6.98765e-05,6.41098e-05
0.000104857,0.000102516,0.000100119,9.67048e-05,9.2107e-05,8.65116e-05,8.20052e-05,7.70688e-05,7.25033e-05,6.77817e-05,6.19783e-05
0.000101513,9.90839e-05,9.68734e-05,9.3783e-05,8.88519e-05,8.36414e-05,7.92831e-05,7.46982e-05,7.01585e-05,6.57308e-05,5.99285e-05
9.81819e-05,9.59293e-05,9.38265e-05,9.11908e-05,8.63724e-05,8.11573e-05,7.67333e-05,7.21594e-05,6.78556e-05,6.34804e-05,5.80332e-05
9.50826e-05,9.28506e-05,9.06921e-05,8.7534e-05,8.31946e-05,7.84534e-05,7.42744e-05,6.99834e-05,6.55837e-05,6.16299e-05,5.60881e-05
9.1805e-05,8.99019e-05,8.78648e-05,8.49577e-05,8.06759e-05,7.58566e-05,7.18899e-05,6.79451e-05,6.3608e-05,5.9491e-05,5.43982e-05
8.89687e-05,8.68207e-05,8.49415e-05,8.20699e-05,7.80395e-05,7.34112e-05,6.95523e-05,6.58631e-05,6.1454e-05,5.7534e-05,5.25393e-05
8.602e-05,8.40885e-05,8.19837e-05,8.019e-05,7.52491e-05,7.11944e-05,6.70936e-05,6.37037e-05,5.92468e-05,5.55861e-05,5.07839e-05
8.34521e-05,8.13637e-05,7.88065e-05,7.66023e-05,7.29213e-05,6.87888e-05,6.55468e-05,6.17118e-05,5.7063e-05,5.37881e-05,4.93054e-05
8.05088e-05,7.85669e-05,7.63698e-05,7.41673e-05,7.0338e-05,6.65743e-05,6.30034e-05,5.95578e-05,5.52609e-05,5.18739e-05,4.74915e-05
7.78637e-05,7.62151e-05,7.38244e-05,7.16844e-05,6.76966e-05,6.42086e-05,6.06479e-05,5.78094e-05,5.34181e-05,5.01669e-05,4.59606e-05
7.55127e-05,7.37329e-05,7.15892e-05,6.95711e-05,6.55894e-05,6.21766e-05,5.88633e-05,5.58916e-05,5.18696e-05,4.86817e-05,4.45077e-05
7.26255e-05,7.10671e-05,6.86575e-05,6.67471e-05,6.30982e-05,6.0003e-05,5.66053e-05,5.37844e-05,4.98516e-05,4.67112e-05,4.28212e-05
7.00435e-05,6.91851e-05,6.65203e-05,6.4879e-05,6.08836e-05,5.79325e-05,5.49057e-05,5.21011e-05,4.85955e-05,4.56652e-05,4.17283e-05
6.75736e-05,6.63911e-05,6.3785e-05,6.19935e-05,5.85431e-05,5.5857e-05,5.25893e-05,5.02628e-05,4.64373e-05,4.3553e-05,3.99725e-05
6.58135e-05,6.43208e-05,6.18625e-05,6.00246e-05,5.67033e-05,5.40825e-05,5.085e-05,4.8538e-05,4.5378e-05,4.2184e-05,3.88026e-05
6.27859e-05,6.16386e-05,5.92315e-05,5.76956e-05,5.43255e-05,5.17136e-05,4.88472e-05,4.66723e-05,4.31647e-05,4.05066e-05,3.72137e-05
6.06404e-05,5.96782e-05,5.71973e-05,5.54064e-05,5.22367e-05,4.99223e-05,4.71363e-05,4.50832e-05,4.15442e-05,3.90181e-05,3.5921e-05
5.8783e-05,5.75469e-05,5.51382e-05,5.32429e-05,5.04012e-05,4.82347e-05,4.53052e-05,4.34721e-05,4.02883e-05,3.74916e-05,3.46961e-05
5.61973e-05,5.53663e-05,5.29279e-05,5.12544e-05,4.83894e-05,4.6383e-05,4.37266e-05,4.19017e-05,3.85091e-05,3.6166e-05,3.3324e-05
5.40815e-05,5.3575e-05,5.1162e-05,4.95373e-05,4.63977e-05,4.48739e-05,4.1829e-05,4.0461e-05,3.71662e-05,3.46662e-05,3.21915e-05
5.20294e-05,5.1194e-05,4.92155e-05,4.77702e-05,4.47101e-05,4.32201e-05,4.02852e-05,3.87665e-05,3.57776e-05,3.34528e-05,3.08547e-05
5.0037e-05,4.93304e-05,4.72994e-05,4.56041e-05,4.31295e-05,4.15078e-05,3.88981e-05,3.72917e-05,3.4493e-05,3.21209e-05,2.98216e-05
4.81162e-05,4.75181e-05,4.54296e-05,4.38963e-05,4.14989e-05,4.00342e-05,3.74122e-05,3.5869e-05,3.31537e-05,3.08878e-05,2.86361e-05
4.63633e-05,4.56907e-05,4.35886e-05,4.2184e-05,4.00888e-05,3.86684e-05,3.60579e-05,3.44337e-05,3.1933e-05,2.97863e-05,2.76139e-05
4.42146e-05,4.4044e-05,4.21245e-05,4.05814e-05,3.84822e-05,3.69937e-05,3.46526e-05,3.31516e-05,3.06911e-05,2.86196e-05,2.66083e-05
4.27351e-05,4.21826e-05,4.04842e-05,3.88561e-05,3.69743e-05,3.57272e-05,3.33744e-05,3.19102e-05,2.95917e-05,2.74959e-05,2.55463e-05
4.10832e-05,4.0585e-05,3.88969e-05,3.74489e-05,3.55896e-05,3.43709e-05,3.20873e-05,3.0663e-05,2.8469e-05,2.64295e-05,2.45803e-05
3.95004e-05,3.89248e-05,3.74619e-05,3.60177e-05,3.43413e-05,3.31046e-05,3.0958e-05,2.95368e-05,2.7425e-05,2.54662e-05,2.36571e-05
3.80178e-05,3.75767e-05,3.60161e-05,3.46927e-05,3.30118e-05,3.19143e-05,2.98316e-05,2.83879e-05,2.64314e-05,2.44996e-05,2.27404e-05
3.65146e-05,3.60263e-05,3.47059e-05,3.32395e-05,3.18006e-05,3.07285e-05,2.86987e-05,2.73334e-05,2.54864e-05,2.35763e-05,2.19036e-05
3.51418e-05,3.46975e-05,3.34056e-05,3.20153e-05,3.0673e-05,2.9593e-05,2.76196e-05,2.62834e-05,2.45488e-05,2.27231e-05,2.11112e-05
3.38558e-05,3.3467e-05,3.21472e-05,3.08129e-05,2.96532e-05,2.86198e-05,2.66693e-05,2.53184e-05,2.37182e-05,2.196e-05,2.03672e-05
3.25109e-05,3.21021e-05,3.10728e-05,2.97096e-05,2.86341e-05,2.75035e-05,2.56937e-05,2.44153e-05,2.28526e-05,2.11493e-05,1.95754e-05
3.15849e-05,3.11313e-05,3.01071e-05,2.87789e-05,2.77339e-05,2.66913e-05,2.49818e-05,2.36631e-05,2.23378e-05,2.05651e-05,1.90435e-05
3.02244e-05,2.97971e-05,2.89649e-05,2.76009e-05,2.66836e-05,2.56942e-05,2.39828e-05,2.27189e-05,2.13711e-05,1.97119e-05,1.82592e-05
2.91196e-05,2.87765e-05,2.78351e-05,2.66003e-05,2.57954e-05,2.47722e-05,2.31494e-05,2.19124e-05,2.06764e-05,1.90531e-05,1.76499e-05
2.81212e-05,2.78012e-05,2.69289e-05,2.56914e-05,2.50135e-05,2.39985e-05,2.24176e-05,2.11314e-05,1.99614e-05,1.84346e-05,1.70393e-05
2.71876e-05,2.6852e-05,2.60528e-05,2.47814e-05,2.41857e-05,2.32269e-05,2.16103e-05,2.05024e-05,1.93718e-05,1.78425e-05,1.64739e-05
2.62807e-05,2.58509e-05,2.51475e-05,2.3912e-05,2.34253e-05,2.24877e-05,2.09696e-05,1.98533e-05,1.87618e-05,1.72642e-05,1.58889e-05
2.53302e-05,2.50074e-05,2.43997e-05,2.32542e-05,2.27265e-05,2.16875e-05,2.03538e-05,1.92954e-05,1.81934e-05,1.67643e-05,1.54568e-05
2.4552e-05,2.41585e-05,2.35911e-05,2.23902e-05,2.20335e-05,2.10926e-05,1.96826e-05,1.86123e-05,1.77307e-05,1.62271e-05,1.49708e-05
2.37296e-05,2.34654e-05,2.28323e-05,2.17751e-05,2.14416e-05,2.04594e-05,1.91624e-05,1.80887e-05,1.7127e-05,1.57923e-05,1.45117e-05
2.29981e-05,2.26684e-05,2.21039e-05,2.10601e-05,2.07754e-05,1.98497e-05,1.8573e-05,1.75771e-05,1.66566e-05,1.53219e-05,1.4071e-05
2.22551e-05,2.19263e-05,2.14516e-05,2.04305e-05,2.02441e-05,1.92875e-05,1.80559e-05,1.70844e-05,1.61986e-05,1.48631e-05,1.36438e-05
2.16527e-05,2.12844e-05,2.0812e-05,1.98189e-05,1.96599e-05,1.87226e-05,1.75386e-05,1.65934e-05,1.57626e-05,1.44694e-05,1.32631e-05
2.09861e-05,2.06662e-05,2.02137e-05,1.92429e-05,1.91282e-05,1.82338e-05,1.70348e-05,1.61549e-05,1.53248e-05,1.40534e-05,1.29036e-05
2.04182e-05,2.00522e-05,1.96049e-05,1.87247e-05,1.86129e-05,1.77365e-05,1.65805e-05,1.5705e-05,1.4938e-05,1.36789e-05,1.2571e-05
1.9813e-05,1.9506e-05,1.90699e-05,1.81595e-05,1.81278e-05,1.72462e-05,1.61476e-05,1.53154e-05,1.45365e-05,1.33225e-05,1.21929e-05
1.93178e-05,1.89385e-05,1.85118e-05,1.76123e-05,1.76221e-05,1.67735e-05,1.57429e-05,1.49041e-05,1.41954e-05,1.29423e-05,1.1867e-05
1.87176e-05,1.83847e-05,1.79875e-05,1.71889e-05,1.7212e-05,1.63561e-05,1.53115e-05,1.45124e-05,1.37763e-05,1.26196e-05,1.1552e-05
1.82274e-05,1.78618e-05,1.75358e-05,1.671e-05,1.67828e-05,1.59189e-05,1.48945e-05,1.41566e-05,1.34375e-05,1.22622e-05,1.12861e-05
1.77218e-05,1.73898e-05,1.70224e-05,1.62377e-05,1.6338e-05,1.5504e-05,1.45514e-05,1.38574e-05,1.30885e-05,1.20022e-05,1.09308e-05
1.73254e-05,1.69035e-05,1.65607e-05,1.58052e-05,1.58733e-05,1.51148e-05,1.41581e-05,1.34778e-05,1.2785e-05,1.16627e-05,1.06973e-05
1.68147e-05,1.65006e-05,1.61308e-05,1.53828e-05,1.54698e-05,1.47005e-05,1.37868e-05,1.31373e-05,1.24424e-05,1.1375e-05,1.04273e-05
1.64216e-05,1.59951e-05,1.56653e-05,1.49929e-05,1.50347e-05,1.43302e-05,1.34346e-05,1.27974e-05,1.21432e-05,1.10705e-05,1.01494e-05
1.59485e-05,1.55986e-05,1.52826e-05,1.45902e-05,1.47074e-05,1.39822e-05,1.30998e-05,1.25099e-05,1.18208e-05,1.08011e-05,9.86121e-06
1.55081e-05,1.50994e-05,1.48612e-05,1.41772e-05,1.43349e-05,1.36308e-05,1.27807e-05,1.21613e-05,1.14992e-05,1.04861e-05,9.61958e-06
1.51578e-05,1.47931e-05,1.44634e-05,1.38567e-05,1.3975e-05,1.3302e-05,1.24352e-05,1.18917e-05,1.12495e-05,1.02723e-05,9.38435e-06
1.47605e-05,1.43811e-05,1.40771e-05,1.35674e-05,1.36337e-05,1.29462e-05,1.21305e-05,1.15843e-05,1.09514e-05,9.99503e-06,9.13348e-06
1.4364e-05,1.40085e-05,1.37153e-05,1.31227e-05,1.32643e-05,1.26034e-05,1.18342e-05,1.13028e-05,1.06452e-05,9.73579e-06,8.86682e-06
1.40021e-05,1.36143e-05,1.33363e-05,1.27861e-05,1.29208e-05,1.22988e-05,1.15206e-05,1.10602e-05,1.03625e-05,9.50497e-06,8.66308e-06
1.36652e-05,1.32656e-05,1.29907e-05,1.24736e-05,1.25945e-05,1.19678e-05,1.12387e-05,1.0742e-05,1.01037e-05,9.23109e-06,8.42645e-06
1.33121e-05,1.28725e-05,1.26505e-05,1.21666e-05,1.2247e-05,1.16711e-05,1.09416e-05,1.04887e-05,9.86562e-06,9.01874e-06,8.2023e-06
1.29718e-05,1.25475e-05,1.23266e-05,1.18305e-05,1.19622e-05,1.1365e-05,1.06878e-05,1.02058e-05,9.6024e-06,8.78824e-06,7.9846e-06
1.26633e-05,1.22149e-05,1.20139e-05,1.15417e-05,1.1632e-05,1.10741e-05,1.04001e-05,9.97901e-06,9.36041e-06,8.53699e-06,7.78472e-06
1.23276e-05,1.1934e-05,1.16974e-05,1.12146e-05,1.13392e-05,1.07948e-05,1.01273e-05,9.71532e-06,9.09731e-06,8.31928e-06,7.55583e-06
1.19963e-05,1.15794e-05,1.14196e-05,1.09376e-05,1.10344e-05,1.05194e-05,9.85431e-06,9.49415e-06,8.88567e-06,8.09978e-06,7.38323e-06
1.17051e-05,1.13327e-05,1.10948e-05,1.06464e-05,1.0776e-05,1.02525e-05,9.59761e-06,9.22237e-06,8.61533e-06,7.87605e-06,7.16251e-06
1.1416e-05,1.0993e-05,1.08095e-05,1.03891e-05,1.04678e-05,9.98023e-06,9.37734e-06,9.02484e-06,8.4059e-06,7.70239e-06,6.99367e-06
1.11242e-05,1.07306e-05,1.05227e-05,1.01138e-05,1.02071e-05,9.71792e-06,9.13806e-06,8.78437e-06,8.18625e-06,7.49018e-06,6.79583e-06
1.08337e-05,1.03804e-05,1.02584e-05,9.88044e-06,9.94399e-06,9.50354e-06,8.90254e-06,8.55492e-06,7.98157e-06,7.28427e-06,6.61748e-06
1.05984e-05,1.02198e-05,9.97174e-06,9.59166e-06,9.65438e-06,9.23025e-06,8.66634e-06,8.32268e-06,7.76685e-06,7.09228e-06,6.4192e-06
1.02947e-05,9.88115e-06,9.75012e-06,9.37585e-06,9.42265e-06,9.00614e-06,8.44249e-06,8.12999e-06,7.57315e-06,6.90105e-06,6.27661e-06
1.00306e-05,9.604e-06,9.48132e-06,9.12965e-06,9.18493e-06,8.7732e-06,8.21458e-06,7.93005e-06,7.38629e-06,6.72291e-06,6.10336e-06
9.80689e-06,9.39399e-06,9.25664e-06,8.9133e-06,8.96447e-06,8.58558e-06,8.02454e-06,7.72907e-06,7.18715e-06,6.56025e-06,5.9603e-06
9.57024e-06,9.18153e-06,9.005e-06,8.71517e-06,8.71963e-06,8.3567e-06,7.81625e-06,7.54982e-06,6.99241e-06,6.40514e-06,5.80748e-06
9.34343e-06,8.94751e-06,8.79828e-06,8.50017e-06,8.48558e-06,8.15876e-06,7.63654e-06,7.35248e-06,6.82257e-06,6.23132e-06,5.64764e-06
9.05821e-06,8.6206e-06,8.58934e-06,8.25971e-06,8.26635e-06,7.92492e-06,7.3947e-06,7.14058e-06,6.65243e-06,6.03306e-06,5.48431e-06
8.87017e-06,8.4592e-06,8.33921e-06,8.05687e-06,8.05989e-06,7.71872e-06,7.21077e-06,6.97248e-06,6.45661e-06,5.87566e-06,5.33829e-06
8.60274e-06,8.24676e-06,8.1477e-06,7.85428e-06,7.85672e-06,7.48101e-06,7.04667e-06,6.79612e-06,6.29092e-06,5.73567e-06,5.18866e-06
8.43133e-06,8.0418e-06,7.961e-06,7.66443e-06,7.66157e-06,7.3244e-06,6.84474e-06,6.61866e-06,6.11973e-06,5.57943e-06,5.05212e-06
8.21044e-06,7.82065e-06,7.78229e-06,7.44363e-06,7.46051e-06,7.12576e-06,6.67181e-06,6.439e-06,5.95708e-06,5.42852e-06,4.93347e-06
8.03716e-06,7.65898e-06,7.58872e-06,7.28706e-06,7.25122e-06,6.95445e-06,6.513e-06,6.29003e-06,5.80463e-06,5.29102e-06,4.78312e-06
7.80368e-06,7.44789e-06,7.37464e-06,7.08836e-06,7.06588e-06,6.78219e-06,6.33175e-06,6.12029e-06,5.65674e-06,5.15747e-06,4.66473e-06
7.58209e-06,7.25967e-06,7.18812e-06,6.9384e-06,6.91267e-06,6.60097e-06,6.17671e-06,5.96966e-06,5.52476e-06,5.01358e-06,4.54047e-06
7.40931e-06,7.09555e-06,7.02491e-06,6.75001e-06,6.71351e-06,6.44254e-06,6.00969e-06,5.82511e-06,5.36927e-06,4.88826e-06,4.42242e-06
7.23275e-06,6.9121e-06,6.8319e-06,6.57797e-06,6.53749e-06,6.28128e-06,5.86189e-06,5.65586e-06,5.22709e-06,4.7606e-06,4.30285e-06
7.06469e-06,6.73484e-06,6.67989e-06,6.42424e-06,6.37892e-06,6.10626e-06,5.72162e-06,5.52924e-06,5.09916e-06,4.64711e-06,4.19281e-06
6.92419e-06,6.59669e-06,6.52601e-06,6.27993e-06,6.22712e-06,5.96411e-06,5.59328e-06,5.39349e-06,4.95589e-06,4.51765e-06,4.08813e-06
6.68984e-06,6.41934e-06,6.34823e-06,6.13738e-06,6.05423e-06,5.80356e-06,5.437e-06,5.25022e-06,4.85854e-06,4.40227e-06,3.97998e-06
6.58394e-06,6.2671e-06,6.19479e-06,5.97132e-06,5.89508e-06,5.66727e-06,5.2907e-06,5.12243e-06,4.7044e-06,4.29211e-06,3.86545e-06
6.39564e-06,6.10886e-06,6.0578e-06,5.82815e-06,5.76299e-06,5.53278e-06,5.15354e-06,4.98139e-06,4.60146e-06,4.16889e-06,3.77294e-06
6.24644e-06,5.9713e-06,5.89655e-06,5.69914e-06,5.63438e-06,5.40818e-06,5.02492e-06,4.83547e-06,4.48654e-06,4.05443e-06,3.67281e-06
6.07627e-06,5.82427e-06,5.77846e-06,5.55685e-06,5.49374e-06,5.27034e-06,4.90178e-06,4.71135e-06,4.37112e-06,3.95102e-06,3.57708e-06
5.9462e-06,5.71419e-06,5.61356e-06,5.44984e-06,5.33548e-06,5.14871e-06,4.79045e-06,4.60527e-06,4.2599e-06,3.84795e-06,3.48354e-06
5.79266e-06,5.56306e-06,5.48528e-06,5.29882e-06,5.23232e-06,5.01599e-06,4.66683e-06,4.49855e-06,4.15361e-06,3.76155e-06,3.40213e-06
5.671e-06,5.42501e-06,5.3571e-06,5.17694e-06,5.09871e-06,4.89485e-06,4.55555e-06,4.37163e-06,4.04448e-06,3.65068e-06,3.31003e-06
5.5034e-06,5.28836e-06,5.22652e-06,5.04331e-06,4.95464e-06,4.79214e-06,4.45249e-06,4.26064e-06,3.95514e-06,3.56923e-06,3.22267e-06
5.37554e-06,5.18892e-06,5.11277e-06,4.94151e-06,4.8472e-06,4.66604e-06,4.33432e-06,4.15962e-06,3.86105e-06,3.4719e-06,3.1484e-06
5.25565e-06,5.05936e-06,4.97544e-06,4.82199e-06,4.72087e-06,4.57235e-06,4.2338e-06,4.06901e-06,3.77827e-06,3.39641e-06,3.07009e-06
5.13086e-06,4.93319e-06,4.87064e-06,4.72439e-06,4.60658e-06,4.45631e-06,4.1329e-06,3.95896e-06,3.66887e-06,3.31014e-06,2.9944e-06
5.03118e-06,4.83659e-06,4.74921e-06,4.60855e-06,4.51643e-06,4.3712e-06,4.05125e-06,3.87803e-06,3.59238e-06,3.23945e-06,2.92891e-06
4.89942e-06,4.71052e-06,4.64685e-06,4.48385e-06,4.40426e-06,4.242e-06,3.94441e-06,3.77498e-06,3.4922e-06,3.14895e-06,2.84458e-06
4.78638e-06,4.60746e-06,4.52046e-06,4.4071e-06,4.29333e-06,4.13952e-06,3.85645e-06,3.67989e-06,3.41417e-06,3.07386e-06,2.7693e-06
4.683e-06,4.4887e-06,4.41752e-06,4.28706e-06,4.18238e-06,4.03263e-06,3.76566e-06,3.58602e-06,3.32765e-06,3.00471e-06,2.70328e-06
4.57105e-06,4.39148e-06,4.31629e-06,4.19566e-06,4.096e-06,3.94516e-06,3.67936e-06,3.51579e-06,3.24258e-06,2.9256e-06,2.64208e-06
4.46659e-06,4.3081e-06,4.22612e-06,4.09813e-06,4.0034e-06,3.87215e-06,3.58886e-06,3.42707e-06,3.19665e-06,2.8567e-06,2.57669e-06
4.34592e-06,4.19649e-06,4.1388e-06,4.02552e-06,3.9038e-06,3.79723e-06,3.50644e-06,3.34547e-06,3.11608e-06,2.77126e-06,2.51758e-06
4.24427e-06,4.12674e-06,4.03998e-06,3.93004e-06,3.82698e-06,3.70447e-06,3.43352e-06,3.25911e-06,3.04106e-06,2.71531e-06,2.45267e-06
4.16172e-06,4.01275e-06,3.9555e-06,3.82323e-06,3.74564e-06,3.61735e-06,3.36174e-06,3.1985e-06,2.9608e-06,2.65593e-06,2.39688e-06
4.06311e-06,3.94003e-06,3.8638e-06,3.75673e-06,3.65709e-06,3.54645e-06,3.27687e-06,3.11429e-06,2.90317e-06,2.58799e-06,2.3393e-06
3.9733e-06,3.83403e-06,3.77032e-06,3.67059e-06,3.56812e-06,3.45734e-06,3.21407e-06,3.04892e-06,2.82859e-06,2.53273e-06,2.28141e-06
3.89598e-06,3.76158e-06,3.67916e-06,3.59559e-06,3.48361e-06,3.37888e-06,3.15432e-06,2.97392e-06,2.76012e-06,2.4703e-06,2.23653e-06
3.81233e-06,3.68743e-06,3.59744e-06,3.5146e-06,3.42154e-06,3.29825e-06,3.06038e-06,2.9212e-06,2.70345e-06,2.41369e-06,2.18287e-06
3.72871e-06,3.57845e-06,3.51639e-06,3.4293e-06,3.33829e-06,3.22625e-06,3.00637e-06,2.84882e-06,2.64006e-06,2.35563e-06,2.12567e-06
3.62145e-06,3.51947e-06,3.44177e-06,3.36415e-06,3.26301e-06,3.16889e-06,2.93988e-06,2.77261e-06,2.58539e-06,2.29931e-06,2.08181e-06
3.54258e-06,3.44556e-06,3.36835e-06,3.29856e-06,3.18853e-06,3.09906e-06,2.87954e-06,2.72094e-06,2.52867e-06,2.24393e-06,2.03897e-06
3.47866e-06,3.36164e-06,3.2916e-06,3.21667e-06,3.12502e-06,3.02448e-06,2.82488e-06,2.66552e-06,2.47153e-06,2.20749e-06,1.98448e-06
3.38915e-06,3.30764e-06,3.21519e-06,3.15129e-06,3.06239e-06,2.96935e-06,2.7588e-06,2.60352e-06,2.41995e-06,2.14982e-06,1.94452e-06
3.33042e-06,3.22382e-06,3.15175e-06,3.08231e-06,2.98882e-06,2.89388e-06,2.70965e-06,2.54827e-06,2.36443e-06,2.10824e-06,1.89827e-06
3.25487e-06,3.15791e-06,3.08505e-06,3.01607e-06,2.92988e-06,2.82567e-06,2.65104e-06,2.49561e-06,2.30674e-06,2.06206e-06,1.85376e-06
3.18708e-06,3.09129e-06,3.02305e-06,2.95342e-06,2.87843e-06,2.77333e-06,2.58998e-06,2.4474e-06,2.27147e-06,2.01165e-06,1.81515e-06
3.11889e-06,3.02509e-06,2.95433e-06,2.88604e-06,2.81229e-06,2.71873e-06,2.54307e-06,2.39605e-06,2.22047e-06,1.97129e-06,1.77718e-06
3.03994e-06,2.96869e-06,2.89315e-06,2.83859e-06,2.75487e-06,2.66488e-06,2.49035e-06,2.33567e-06,2.1759e-06,1.92137e-06,1.73932e-06
2.97136e-06,2.91525e-06,2.82518e-06,2.76648e-06,2.69149e-06,2.61349e-06,2.43849e-06,2.29191e-06,2.13021e-06,1.88068e-06,1.70524e-06
2.90372e-06,2.83875e-06,2.77229e-06,2.71721e-06,2.64557e-06,2.55934e-06,2.39097e-06,2.23368e-06,2.08111e-06,1.8372e-06,1.65673e-06
2.84624e-06,2.77766e-06,2.70421e-06,2.65509e-06,2.5861e-06,2.51096e-06,2.34471e-06,2.19223e-06,2.03806e-06,1.80019e-06,1.62086e-06
2.79323e-06,2.72152e-06,2.64692e-06,2.59539e-06,2.52988e-06,2.46355e-06,2.30049e-06,2.1474e-06,1.98799e-06,1.756e-06,1.58761e-06
2.72465e-06,2.68083e-06,2.59241e-06,2.5553e-06,2.48276e-06,2.40912e-06,2.24675e-06,2.10393e-06,1.9597e-06,1.72112e-06,1.55296e-06
2.68167e-06,2.60486e-06,2.54328e-06,2.49042e-06,2.44293e-06,2.34691e-06,2.20595e-06,2.06778e-06,1.91237e-06,1.685e-06,1.51709e-06
2.61841e-06,2.56074e-06,2.48869e-06,2.44751e-06,2.38626e-06,2.30584e-06,2.16308e-06,2.02212e-06,1.86933e-06,1.64968e-06,1.48481e-06
2.56815e-06,2.51249e-06,2.43282e-06,2.39656e-06,2.33486e-06,2.26236e-06,2.11808e-06,1.97976e-06,1.83353e-06,1.61005e-06,1.45513e-06
2.51084e-06,2.45626e-06,2.38029e-06,2.34786e-06,2.29062e-06,2.21427e-06,2.07373e-06,1.94343e-06,1.7887e-06,1.581e-06,1.42192e-06
2.46156e-06,2.40512e-06,2.33452e-06,2.29381e-06,2.24508e-06,2.1717e-06,2.0376e-06,1.9033e-06,1.75392e-06,1.5476e-06,1.38904e-06
2.41803e-06,2.34882e-06,2.28946e-06,2.24189e-06,2.19842e-06,2.12761e-06,1.99603e-06,1.86435e-06,1.71264e-06,1.51517e-06,1.36055e-06
2.36075e-06,2.3138e-06,2.23995e-06,2.20155e-06,2.15668e-06,2.0777e-06,1.96293e-06,1.8315e-06,1.68126e-06,1.48383e-06,1.3291e-06
2.31165e-06,2.26797e-06,2.19503e-06,2.1571e-06,2.11644e-06,2.0383e-06,1.92089e-06,1.79478e-06,1.64565e-06,1.45345e-06,1.29909e-06
2.2713e-06,2.21621e-06,2.15054e-06,2.11319e-06,2.07417e-06,2.00093e-06,1.88043e-06,1.76325e-06,1.61743e-06,1.42849e-06,1.27316e-06
2.21996e-06,2.18238e-06,2.11203e-06,2.07042e-06,2.03977e-06,1.96977e-06,1.84447e-06,1.72033e-06,1.58422e-06,1.38687e-06,1.24389e-06
2.17184e-06,2.13394e-06,2.06861e-06,2.03359e-06,1.99247e-06,1.93122e-06,1.80732e-06,1.68324e-06,1.54665e-06,1.3546e-06,1.21978e-06
2.13369e-06,2.08953e-06,2.02465e-06,1.98425e-06,1.95519e-06,1.8912e-06,1.77651e-06,1.65343e-06,1.51427e-06,1.32921e-06,1.18992e-06
2.08878e-06,2.04976e-06,1.98053e-06,1.94857e-06,1.91859e-06,1.85106e-06,1.7379e-06,1.61946e-06,1.48326e-06,1.30347e-06,1.16424e-06
2.04668e-06,2.00449e-06,1.94267e-06,1.90812e-06,1.87993e-06,1.81176e-06,1.70447e-06,1.5896e-06,1.44979e-06,1.27852e-06,1.1397e-06
2.00756e-06,1.96765e-06,1.90871e-06,1.8687e-06,1.84552e-06,1.775e-06,1.67287e-06,1.55808e-06,1.4186e-06,1.25193e-06,1.11462e-06
1.97168e-06,1.9214e-06,1.87238e-06,1.83397e-06,1.81217e-06,1.74213e-06,1.64027e-06,1.52509e-06,1.39353e-06,1.22233e-06,1.08755e-06
1.93414e-06,1.88946e-06,1.83609e-06,1.79257e-06,1.77586e-06,1.70319e-06,1.6085e-06,1.49883e-06,1.36409e-06,1.19851e-06,1.06684e-06
1.90003e-06,1.84578e-06,1.79768e-06,1.76295e-06,1.73915e-06,1.67059e-06,1.57888e-06,1.46879e-06,1.33364e-06,1.17917e-06,1.04109e-06
1.84691e-06,1.81738e-06,1.76147e-06,1.72792e-06,1.70263e-06,1.64067e-06,1.54411e-06,1.43714e-06,1.30663e-06,1.14734e-06,1.02211e-06
1.81653e-06,1.77802e-06,1.7291e-06,1.69183e-06,1.67415e-06,1.61104e-06,1.51745e-06,1.40982e-06,1.27845e-06,1.12396e-06,9.97617e-07
1.78735e-06,1.74539e-06,1.69235e-06,1.65993e-06,1.64425e-06,1.57994e-06,1.48811e-06,1.38154e-06,1.25009e-06,1.10164e-06,9.72647e-07
1.74827e-06,1.71359e-06,1.65856e-06,1.62722e-06,1.61276e-06,1.54429e-06,1.45862e-06,1.35533e-06,1.22575e-06,1.07891e-06,9.5277e-07
1.71021e-06,1.68159e-06,1.62766e-06,1.59553e-06,1.58104e-06,1.51472e-06,1.4318e-06,1.33077e-06,1.20114e-06,1.05498e-06,9.33161e-07
1.68479e-06,1.64398e-06,1.59618e-06,1.56429e-06,1.55285e-06,1.4857e-06,1.40359e-06,1.30316e-06,1.17339e-06,1.03664e-06,9.13309e-07
1.65313e-06,1.61573e-06,1.56822e-06,1.53567e-06,1.52395e-06,1.45818e-06,1.37487e-06,1.27606e-06,1.15432e-06,1.01423e-06,8.93601e-07
1.62065e-06,1.58269e-06,1.53963e-06,1.50366e-06,1.49347e-06,1.4299e-06,1.34863e-06,1.24886e-06,1.12821e-06,9.91147e-07,8.73384e-07
1.58569e-06,1.55175e-06,1.50668e-06,1.47651e-06,1.4621e-06,1.40801e-06,1.32041e-06,1.22445e-06,1.10624e-06,9.69266e-07,8.54716e-07
1.55274e-06,1.52393e-06,1.4783e-06,1.44977e-06,1.43888e-06,1.38092e-06,1.29698e-06,1.20179e-06,1.08237e-06,9.49218e-07,8.34734e-07
1.51864e-06,1.48892e-06,1.45428e-06,1.4158e-06,1.41038e-06,1.35483e-06,1.27182e-06,1.17718e-06,1.06004e-06,9.3071e-07,8.17109e-07
1.49938e-06,1.46765e-06,1.42688e-06,1.39385e-06,1.38454e-06,1.3274e-06,1.24766e-06,1.15541e-06,1.03793e-06,9.11862e-07,7.98477e-07
1.4678e-06,1.4366e-06,1.39757e-06,1.36558e-06,1.3596e-06,1.3046e-06,1.22378e-06,1.13446e-06,1.01698e-06,8.92064e-07,7.80938e-07
1.44365e-06,1.41124e-06,1.37528e-06,1.34138e-06,1.33533e-06,1.27993e-06,1.19948e-06,1.10991e-06,9.97033e-07,8.74012e-07,7.63525e-07
1.4134e-06,1.38181e-06,1.34692e-06,1.31665e-06,1.31083e-06,1.25439e-06,1.17836e-06,1.08931e-06,9.7539e-07,8.56937e-07,7.47098e-07
1.39016e-06,1.35809e-06,1.32444e-06,1.29194e-06,1.28821e-06,1.23203e-06,1.15879e-06,1.06811e-06,9.55938e-07,8.39417e-07,7.3196e-07
1.36406e-06,1.32978e-06,1.29856e-06,1.26793e-06,1.26054e-06,1.20851e-06,1.13216e-06,1.04737e-06,9.3686e-07,8.22091e-07,7.15683e-07
1.34034e-06,1.30678e-06,1.27536e-06,1.24924e-06,1.23758e-06,1.18856e-06,1.11433e-06,1.02876e-06,9.19898e-07,8.06517e-07,6.99936e-07
1.31421e-06,1.28514e-06,1.25192e-06,1.22413e-06,1.21825e-06,1.17048e-06,1.09192e-06,1.00957e-06,9.01382e-07,7.91504e-07,6.83693e-07
1.29053e-06,1.26246e-06,1.23059e-06,1.20353e-06,1.19775e-06,1.1438e-06,1.07538e-06,9.90542e-07,8.83623e-07,7.74207e-07,6.6913e-07
1.26635e-06,1.238e-06,1.21098e-06,1.18225e-06,1.1739e-06,1.12587e-06,1.05213e-06,9.7054e-07,8.66234e-07,7.59423e-07,6.54183e-07
1.2457e-06,1.21786e-06,1.18966e-06,1.1621e-06,1.15256e-06,1.10823e-06,1.03158e-06,9.54638e-07,8.49543e-07,7.44726e-07,6.4202e-07
1.22463e-06,1.19559e-06,1.16772e-06,1.14171e-06,1.13721e-06,1.08981e-06,1.01471e-06,9.34027e-07,8.34954e-07,7.29955e-07,6.26219e-07
1.20049e-06,1.16793e-06,1.14758e-06,1.1201e-06,1.11418e-06,1.06996e-06,9.97361e-07,9.18164e-07,8.16816e-07,7.15649e-07,6.14656e-07
1.18105e-06,1.15111e-06,1.13075e-06,1.10264e-06,1.09468e-06,1.0515e-06,9.79129e-07,9.00693e-07,8.02376e-07,7.00487e-07,6.0062e-07
1.15803e-06,1.13231e-06,1.1116e-06,1.08319e-06,1.07745e-06,1.03177e-06,9.60942e-07,8.86468e-07,7.86777e-07,6.87445e-07,5.88694e-07
1.1404e-06,1.10982e-06,1.0899e-06,1.06624e-06,1.0578e-06,1.01365e-06,9.44231e-07,8.66175e-07,7.72133e-07,6.75028e-07,5.7658e-07
1.12053e-06,1.09423e-06,1.07628e-06,1.0457e-06,1.04116e-06,9.96615e-07,9.28378e-07,8.51318e-07,7.57495e-07,6.61293e-07,5.65105e-07
1.10078e-06,1.07683e-06,1.05522e-06,1.03263e-06,1.02403e-06,9.80899e-07,9.11505e-07,8.37758e-07,7.4239e-07,6.48728e-07,5.51375e-07
1.08349e-06,1.05688e-06,1.0381e-06,1.01449e-06,1.00721e-06,9.64921e-07,8.97065e-07,8.19354e-07,7.28915e-07,6.36874e-07,5.41316e-07
1.06415e-06,1.03863e-06,1.01656e-06,9.94283e-07,9.8894e-07,9.47886e-07,8.77766e-07,8.04903e-07,7.15894e-07,6.24658e-07,5.31022e-07
1.04819e-06,1.01947e-06,1.00072e-06,9.79027e-07,9.7213e-07,9.33095e-07,8.67133e-07,7.90428e-07,7.01642e-07,6.11922e-07,5.19503e-07
1.02561e-06,1.00117e-06,9.88444e-07,9.65517e-07,9.57987e-07,9.17865e-07,8.50854e-07,7.79775e-07,6.89967e-07,6.02666e-07,5.08426e-07
1.01015e-06,9.86749e-07,9.71981e-07,9.48879e-07,9.42072e-07,9.03996e-07,8.35656e-07,7.63445e-07,6.78742e-07,5.91295e-07,4.97896e-07
9.98162e-07,9.71817e-07,9.58051e-07,9.33283e-07,9.2626e-07,8.90434e-07,8.21819e-07,7.51678e-07,6.68685e-07,5.80061e-07,4.87423e-07
9.78157e-07,9.56236e-07,9.42026e-07,9.19073e-07,9.12144e-07,8.73602e-07,8.07528e-07,7.36986e-07,6.56107e-07,5.69111e-07,4.78898e-07
9.66781e-07,9.41841e-07,9.26228e-07,9.06797e-07,8.9916e-07,8.6159e-07,7.96165e-07,7.25986e-07,6.4501e-07,5.58786e-07,4.69265e-07
9.50783e-07,9.2399e-07,9.1311e-07,8.90999e-07,8.83935e-07,8.46091e-07,7.8099e-07,7.13314e-07,6.30824e-07,5.47543e-07,4.59679e-07
9.34072e-07,9.08773e-07,8.99619e-07,8.83004e-07,8.68269e-07,8.34157e-07,7.71258e-07,7.01755e-07,6.21719e-07,5.39693e-07,4.51658e-07
9.17347e-07,8.96799e-07,8.80362e-07,8.67204e-07,8.58782e-07,8.21368e-07,7.56799e-07,6.87688e-07,6.09878e-07,5.29253e-07,4.41409e-07
9.06863e-07,8.84449e-07,8.70355e-07,8.56033e-07,8.43208e-07,8.10623e-07,7.45823e-07,6.79929e-07,6.02588e-07,5.19917e-07,4.33076e-07
8.96585e-07,8.70223e-07,8.5642e-07,8.4159e-07,8.30135e-07,7.97296e-07,7.32215e-07,6.67515e-07,5.91121e-07,5.12003e-07,4.26654e-07
8.82655e-07,8.57993e-07,8.43716e-07,8.30947e-07,8.23365e-07,7.85109e-07,7.22525e-07,6.55308e-07,5.83353e-07,5.03805e-07,4.18354e-07
8.67732e-07,8.43866e-07,8.33155e-07,8.17878e-07,8.09118e-07,7.74808e-07,7.1014e-07,6.45333e-07,5.73696e-07,4.944e-07,4.08981e-07
8.53831e-07,8.32054e-07,8.22772e-07,8.07839e-07,7.95684e-07,7.61201e-07,6.98879e-07,6.35581e-07,5.66274e-07,4.87646e-07,4.02563e-07
8.45117e-07,8.16758e-07,8.09426e-07,7.95973e-07,7.81588e-07,7.50671e-07,6.91897e-07,6.26464e-07,5.54634e-07,4.76941e-07,3.95034e-07
8.31112e-07,8.06551e-07,7.98174e-07,7.85643e-07,7.72599e-07,7.42195e-07,6.79419e-07,6.1524e-07,5.45444e-07,4.70418e-07,3.87192e-07
8.13805e-07,7.92711e-07,7.83194e-07,7.76181e-07,7.61251e-07,7.292e-07,6.68834e-07,6.06546e-07,5.37964e-07,4.61848e-07,3.80733e-07
8.06947e-07,7.877e-07,7.77477e-07,7.64886e-07,7.52311e-07,7.2188e-07,6.5975e-07,5.9829e-07,5.29877e-07,4.54449e-07,3.74484e-07
7.92875e-07,7.73772e-07,7.67393e-07,7.53756e-07,7.39763e-07,7.10452e-07,6.51985e-07,5.88694e-07,5.22018e-07,4.47057e-07,3.66696e-07
7.84667e-07,7.62036e-07,7.55657e-07,7.44542e-07,7.27994e-07,6.99772e-07,6.40364e-07,5.79145e-07,5.12922e-07,4.40827e-07,3.61318e-07
7.73207e-07,7.53822e-07,7.45112e-07,7.36272e-07,7.19372e-07,6.90082e-07,6.30877e-07,5.7239e-07,5.07024e-07,4.33295e-07,3.55019e-07
7.63222e-07,7.44036e-07,7.34734e-07,7.24478e-07,7.12473e-07,6.81206e-07,6.23928e-07,5.63092e-07,5.00866e-07,4.26474e-07,3.49316e-07
7.55154e-07,7.32801e-07,7.2411e-07,7.18038e-07,7.00658e-07,6.73859e-07,6.1457e-07,5.52254e-07,4.95247e-07,4.20391e-07,3.43809e-07
7.45785e-07,7.21571e-07,7.18559e-07,7.02825e-07,6.90066e-07,6.62513e-07,6.05905e-07,5.48222e-07,4.86383e-07,4.15085e-07,3.37784e-07
7.41494e-07,7.12888e-07,7.01377e-07,6.992e-07,6.83716e-07,6.57248e-07,5.96408e-07,5.38006e-07,4.78584e-07,4.07295e-07,3.34193e-07
7.22978e-07,7.03046e-07,6.97469e-07,6.91067e-07,6.71832e-07,6.46208e-07,5.88832e-07,5.30902e-07,4.72486e-07,4.01551e-07,3.27679e-07
7.15213e-07,6.90139e-07,6.90138e-07,6.85173e-07,6.66812e-07,6.37954e-07,5.83498e-07,5.25535e-07,4.64631e-07,3.95095e-07,3.19997e-07
7.03846e-07,6.80764e-07,6.78688e-07,6.72007e-07,6.56506e-07,6.29041e-07,5.73138e-07,5.16594e-07,4.58674e-07,3.89749e-07,3.15842e-07
6.95964e-07,6.78311e-07,6.70573e-07,6.65367e-07,6.48233e-07,6.21603e-07,5.65563e-07,5.09038e-07,4.52442e-07,3.84227e-07,3.11504e-07
6.88259e-07,6.69514e-07,6.64251e-07,6.56449e-07,6.41163e-07,6.14633e-07,5.58602e-07,5.0198e-07,4.46915e-07,3.78066e-07,3.07308e-07
6.78808e-07,6.59482e-07,6.52634e-07,6.45915e-07,6.32954e-07,6.07292e-07,5.52605e-07,4.94003e-07,4.40848e-07,3.73133e-07,3.00606e-07
6.64438e-07,6.47362e-07,6.42155e-07,6.39572e-07,6.26694e-07,5.98657e-07,5.45072e-07,4.90895e-07,4.33702e-07,3.68684e-07,2.97013e-07
6.62084e-07,6.43466e-07,6.37533e-07,6.35566e-07,6.17677e-07,5.94819e-07,5.38883e-07,4.81893e-07,4.28618e-07,3.6249e-07,2.93826e-07
6.49715e-07,6.32449e-07,6.30876e-07,6.22877e-07,6.07181e-07,5.81482e-07,5.2685e-07,4.74958e-07,4.21394e-07,3.57467e-07,2.87813e-07
6.48473e-07,6.29064e-07,6.23527e-07,6.19368e-07,6.00466e-07,5.77505e-07,5.239e-07,4.69893e-07,4.18922e-07,3.52613e-07,2.84007e-07
6.35041e-07,6.18941e-07,6.09576e-07,6.08045e-07,5.91039e-07,5.6702e-07,5.15852e-07,4.64139e-07,4.10691e-07,3.47627e-07,2.78625e-07
6.29145e-07,6.1605e-07,6.06278e-07,6.02387e-07,5.89521e-07,5.64383e-07,5.11914e-07,4.59629e-07,4.0817e-07,3.45166e-07,2.75392e-07
6.24982e-07,6.04068e-07,6.04816e-07,5.98091e-07,5.80666e-07,5.61109e-07,5.05026e-07,4.5456e-07,4.02275e-07,3.37766e-07,2.72234e-07
6.1119e-07,5.95577e-07,5.93812e-07,5.9146e-07,5.72637e-07,5.52389e-07,4.99819e-07,4.51696e-07,3.97794e-07,3.34559e-07,2.67603e-07
6.11788e-07,5.94398e-07,5.90995e-07,5.85994e-07,5.6835e-07,5.44666e-07,4.93372e-07,4.42131e-07,3.91437e-07,3.29961e-07,2.64342e-07
6.01299e-07,5.81255e-07,5.7801e-07,5.78124e-07,5.62332e-07,5.36787e-07,4.87463e-07,4.36774e-07,3.88013e-07,3.25143e-07,2.60503e-07
5.91143e-07,5.74911e-07,5.7282e-07,5.73546e-07,5.5543e-07,5.30201e-07,4.83887e-07,4.32172e-07,3.8212e-07,3.21065e-07,2.57167e-07
5.91936e-07,5.70006e-07,5.70801e-07,5.65116e-07,5.49422e-07,5.28495e-07,4.75203e-07,4.26175e-07,3.76561e-07,3.16183e-07,2.53514e-07
5.82224e-07,5.63953e-07,5.55873e-07,5.59345e-07,5.38526e-07,5.18434e-07,4.69124e-07,4.18511e-07,3.73446e-07,3.11602e-07,2.49271e-07
5.74782e-07,5.59398e-07,5.55726e-07,5.50933e-07,5.34508e-07,5.12358e-07,4.64473e-07,4.16366e-07,3.7008e-07,3.06426e-07,2.46559e-07
5.67055e-07,5.4856e-07,5.46771e-07,5.47578e-07,5.28262e-07,5.06876e-07,4.57956e-07,4.09859e-07,3.61246e-07,3.04277e-07,2.42839e-07
5.59602e-07,5.48421e-07,5.42844e-07,5.40172e-07,5.23735e-07,5.01362e-07,4.54589e-07,4.08638e-07,3.59389e-07,3.03411e-07,2.39729e-07
5.57141e-07,5.42159e-07,5.39578e-07,5.33675e-07,5.18238e-07,4.97046e-07,4.48967e-07,4.00321e-07,3.55538e-07,2.98204e-07,2.36626e-07
5.50215e-07,5.33967e-07,5.31248e-07,5.26817e-07,5.11011e-07,4.87476e-07,4.41245e-07,3.94958e-07,3.49348e-07,2.94363e-07,2.33625e-07
5.42885e-07,5.28606e-07,5.24791e-07,5.20875e-07,5.03639e-07,4.85185e-07,4.36796e-07,3.91414e-07,3.47069e-07,2.9183e-07,2.31314e-07
5.34534e-07,5.17323e-07,5.18347e-07,5.19238e-07,4.99644e-07,4.80601e-07,4.31397e-07,3.86309e-07,3.42656e-07,2.87422e-07,2.27427e-07
5.28425e-07,5.13956e-07,5.10912e-07,5.12469e-07,4.93068e-07,4.74531e-07,4.27825e-07,3.80446e-07,3.38509e-07,2.84374e-07,2.2449e-07
5.23944e-07,5.12332e-07,5.06821e-07,5.05685e-07,4.89853e-07,4.67815e-07,4.24028e-07,3.76743e-07,3.34161e-07,2.78048e-07,2.22861e-07
5.22497e-07,5.05778e-07,4.99333e-07,5.02095e-07,4.81295e-07,4.64257e-07,4.17027e-07,3.74911e-07,3.308e-07,2.75719e-07,2.19241e-07
5.10921e-07,5.01406e-07,4.96877e-07,4.94293e-07,4.77098e-07,4.57124e-07,4.13157e-07,3.69658e-07,3.26269e-07,2.7177e-07,2.16204e-07
5.10514e-07,4.95396e-07,4.95456e-07,4.89808e-07,4.70419e-07,4.53224e-07,4.09039e-07,3.65353e-07,3.22438e-07,2.68532e-07,2.13276e-07
5.01116e-07,4.88507e-07,4.85796e-07,4.86387e-07,4.65238e-07,4.48284e-07,4.04196e-07,3.60214e-07,3.1972e-07,2.657e-07,2.10234e-07
4.97822e-07,4.84484e-07,4.83536e-07,4.80639e-07,4.62248e-07,4.44385e-07,3.99685e-07,3.5617e-07,3.1425e-07,2.6149e-07,2.07895e-07
4.88892e-07,4.77149e-07,4.75624e-07,4.75199e-07,4.58433e-07,4.3642e-07,3.94464e-07,3.51621e-07,3.1213e-07,2.58884e-07,2.04652e-07
4.86238e-07,4.7542e-07,4.66647e-07,4.72684e-07,4.50699e-07,4.34112e-07,3.92361e-07,3.4829e-07,3.07286e-07,2.55473e-07,2.02855e-07
4.83389e-07,4.68804e-07,4.63135e-07,4.65246e-07,4.44792e-07,4.29621e-07,3.85977e-07,3.43574e-07,3.0211e-07,2.52111e-07,1.99557e-07
4.74223e-07,4.67514e-07,4.60447e-07,4.61261e-07,4.43769e-07,4.2503e-07,3.84815e-07,3.40258e-07,2.99965e-07,2.50438e-07,1.97854e-07
4.6994e-07,4.57535e-07,4.56888e-07,4.55797e-07,4.39082e-07,4.19715e-07,3.78163e-07,3.36691e-07,2.96923e-07,2.46766e-07,1.94647e-07
4.66518e-07,4.54551e-07,4.52919e-07,4.49579e-07,4.32589e-07,4.14751e-07,3.73264e-07,3.34587e-07,2.94361e-07,2.44006e-07,1.91946e-07
4.59027e-07,4.48998e-07,4.46888e-07,4.4466e-07,4.29883e-07,4.11121e-07,3.70473e-07,3.29881e-07,2.91572e-07,2.41465e-07,1.90112e-07
4.54506e-07,4.44222e-07,4.44464e-07,4.38944e-07,4.22942e-07,4.07466e-07,3.66649e-07,3.26273e-07,2.86379e-07,2.38645e-07,1.87813e-07
4.50684e-07,4.40208e-07,4.37348e-07,4.37234e-07,4.16543e-07,4.01218e-07,3.61637e-07,3.22095e-07,2.84193e-07,2.35851e-07,1.8593e-07
4.45896e-07,4.30371e-07,4.29821e-07,4.30985e-07,4.13967e-07,3.95721e-07,3.56408e-07,3.15759e-07,2.80945e-07,2.32759e-07,1.82769e-07
4.44385e-07,4.31811e-07,4.28615e-07,4.25989e-07,4.07932e-07,3.93797e-07,3.52988e-07,3.17531e-07,2.77885e-07,2.28632e-07,1.81992e-07
4.34844e-07,4.24496e-07,4.22816e-07,4.19807e-07,4.06613e-07,3.88269e-07,3.48977e-07,3.119e-07,2.73366e-07,2.26334e-07,1.78253e-07
4.27663e-07,4.21055e-07,4.18645e-07,4.17704e-07,4.00141e-07,3.83231e-07,3.44623e-07,3.08254e-07,2.71024e-07,2.23497e-07,1.77039e-07
4.26594e-07,4.12643e-07,4.17727e-07,4.13746e-07,3.98249e-07,3.77148e-07,3.41907e-07,3.03004e-07,2.68744e-07,2.21773e-07,1.74234e-07
4.20597e-07,4.12587e-07,4.10872e-07,4.07854e-07,3.92456e-07,3.73203e-07,3.38971e-07,3.01902e-07,2.65078e-07,2.18381e-07,1.71314e-07
4.209e-07,4.06066e-07,4.06539e-07,4.01807e-07,3.87718e-07,3.72049e-07,3.34993e-07,2.99186e-07,2.62177e-07,2.16299e-07,1.69407e-07
