-0.00250031,-0.00247878,-0.00245459,-0.00241672,-0.00237066,-0.0023004,-0.00223566,-0.00215149,-0.00207493,-0.00197821,-0.00188597
-0.00238197,-0.00236375,-0.00234386,-0.00230421,-0.00226048,-0.00219728,-0.00212191,-0.00203395,-0.00196265,-0.00186985,-0.00178154
-0.00227444,-0.00225835,-0.0022314,-0.00219395,-0.00214959,-0.00208156,-0.00201482,-0.00193808,-0.00185884,-0.00177182,-0.00167776
-0.00216725,-0.00215233,-0.00212806,-0.00208844,-0.00204546,-0.00198007,-0.00191297,-0.00183329,-0.0017561,-0.00167273,-0.00158057
-0.00207116,-0.00205722,-0.00203271,-0.00199224,-0.00195075,-0.00188649,-0.00181964,-0.00174151,-0.00166554,-0.00158384,-0.001494
-0.00198257,-0.00197194,-0.00194548,-0.0019042,-0.00186656,-0.0018033,-0.00173331,-0.00165708,-0.00158146,-0.00150159,-0.00141722
-0.00189742,-0.00188447,-0.0018587,-0.00181974,-0.00177831,-0.00171594,-0.0016519,-0.00157695,-0.00150302,-0.00142522,-0.00133932
-0.0018219,-0.00180407,-0.00177849,-0.00174277,-0.00170135,-0.00163921,-0.0015758,-0.00150403,-0.00143141,-0.00135401,-0.00127277
-0.0017448,-0.00173148,-0.00170548,-0.00166825,-0.00162627,-0.0015661,-0.00150521,-0.00143325,-0.00136144,-0.00128739,-0.0012049
-0.00167483,-0.00166448,-0.00163862,-0.00159942,-0.00155895,-0.00150121,-0.00143902,-0.00137004,-0.00129712,-0.00122481,-0.00114457
-0.00160997,-0.0015989,-0.00157078,-0.00153582,-0.00149473,-0.00143402,-0.00137489,-0.00130524,-0.00124056,-0.00116928,-0.0010883
-0.00154639,-0.00153633,-0.00151142,-0.00147163,-0.00143053,-0.00137613,-0.00132069,-0.00125156,-0.00118268,-0.00111401,-0.001037
-0.00148552,-0.00147378,-0.00144898,-0.0014152,-0.00137203,-0.00132057,-0.00126286,-0.00119696,-0.00113015,-0.00106154,-0.000988124
-0.00143274,-0.00142141,-0.00139566,-0.00136215,-0.00132167,-0.00126574,-0.00120751,-0.00114338,-0.00108089,-0.0010151,-0.000939831
-0.00137563,-0.00136479,-0.00134186,-0.00130778,-0.00126765,-0.00121542,-0.0011598,-0.00109761,-0.00103269,-0.000968743,-0.00089646
-0.00132785,-0.00131807,-0.00129061,-0.00126064,-0.00121912,-0.00116862,-0.00111401,-0.0010531,-0.000991046,-0.000927138,-0.000855965
-0.00127802,-0.00126727,-0.00124561,-0.00121286,-0.00117499,-0.00112478,-0.0010727,-0.00101287,-0.000951255,-0.000891377,-0.000817714
-0.00123461,-0.00122387,-0.00119912,-0.00117018,-0.00112853,-0.00108086,-0.0010283,-0.000970355,-0.000910333,-0.000849823,-0.000782341
-0.00118769,-0.00117788,-0.00115702,-0.00112609,-0.00108798,-0.00103997,-0.000989229,-0.000933293,-0.000873605,-0.000814851,-0.000749736
-0.00114674,-0.00113898,-0.00111675,-0.00108696,-0.00104908,-0.0010033,-0.000951211,-0.000896584,-0.000836901,-0.000780484,-0.000716906
-0.00110579,-0.00109626,-0.00107664,-0.001047,-0.00101103,-0.000964803,-0.000915885,-0.000862547,-0.000805658,-0.000749966,-0.000687173
-0.00106884,-0.00106175,-0.00104147,-0.0010108,-0.000974672,-0.000929881,-0.00087949,-0.000828874,-0.000773077,-0.000719324,-0.000657644
-0.00103047,-0.00102176,-0.0010032,-0.000973693,-0.000941894,-0.000896887,-0.000851326,-0.000800004,-0.000744749,-0.00069159,-0.000632819
-0.000998118,-0.000989405,-0.000971695,-0.000941622,-0.000905728,-0.000865601,-0.000819097,-0.000772301,-0.000715623,-0.000664312,-0.000605924
-0.000963966,-0.000954982,-0.000936437,-0.000907156,-0.000877669,-0.000836332,-0.000789138,-0.000742459,-0.000688242,-0.000638372,-0.000581781
-0.000930647,-0.000922103,-0.000904972,-0.000877434,-0.000845508,-0.0008062,-0.000761319,-0.000715534,-0.0006625,-0.000613134,-0.000558262
-0.000901981,-0.000891687,-0.000874729,-0.00084734,-0.000816415,-0.00077773,-0.000734498,-0.000689163,-0.000640423,-0.00059029,-0.000536548
-0.00087069,-0.000862763,-0.000847698,-0.000820389,-0.000790034,-0.000752697,-0.000709816,-0.000665491,-0.00061542,-0.000567657,-0.000516418
-0.000843958,-0.000834263,-0.000819557,-0.000792542,-0.000764671,-0.000726477,-0.000685435,-0.00064259,-0.000594966,-0.000547479,-0.000497024
-0.000817153,-0.000810108,-0.000795109,-0.000769277,-0.000738101,-0.000703726,-0.000663045,-0.000621311,-0.000573157,-0.000527442,-0.000476274
-0.00079207,-0.000784514,-0.000766262,-0.000742984,-0.000715649,-0.000679871,-0.000640027,-0.000599447,-0.000553482,-0.000509769,-0.000460931
-0.000765476,-0.000759534,-0.000743841,-0.000719236,-0.000691123,-0.000657037,-0.000618843,-0.000579116,-0.000532957,-0.000490054,-0.00044326
-0.000743089,-0.000735535,-0.000720757,-0.000696404,-0.000670181,-0.000636671,-0.000598631,-0.000560079,-0.000514703,-0.000472703,-0.000427023
-0.000719881,-0.000713506,-0.000699611,-0.00067551,-0.000648481,-0.00061649,-0.000579011,-0.000541776,-0.000497489,-0.000456916,-0.000412302
-0.000699334,-0.000692812,-0.000677027,-0.000655208,-0.00062954,-0.000598254,-0.0005611,-0.000524176,-0.00048083,-0.00044057,-0.00039669
-0.000679232,-0.000671218,-0.000657396,-0.000635531,-0.000610231,-0.000579952,-0.000543278,-0.000508736,-0.000465769,-0.000426438,-0.000383814
-0.000659413,-0.000652276,-0.000638409,-0.000616652,-0.000591557,-0.000561102,-0.000527331,-0.000491394,-0.000449652,-0.000411971,-0.000370057
-0.000638503,-0.000633704,-0.000619808,-0.00059819,-0.00057468,-0.0005446,-0.000510342,-0.000476896,-0.000434906,-0.000398503,-0.000358176
-0.000621333,-0.000614776,-0.000601267,-0.000581217,-0.00055778,-0.000528287,-0.000495204,-0.000462523,-0.000421947,-0.000385213,-0.000345102
-0.00060353,-0.000598233,-0.000584058,-0.000564198,-0.000542886,-0.000512635,-0.000481185,-0.000448325,-0.000409752,-0.0003732,-0.000335279
-0.000586139,-0.000580735,-0.000567965,-0.000547675,-0.000525821,-0.000498251,-0.000465778,-0.000434736,-0.000395931,-0.000360603,-0.000323605
-0.000569451,-0.000563843,-0.000551996,-0.000532726,-0.000510844,-0.000483648,-0.000452286,-0.000421268,-0.000383991,-0.000349523,-0.000312375
-0.000555126,-0.000549268,-0.000536697,-0.000517895,-0.000497252,-0.000470155,-0.000439902,-0.00040903,-0.000371901,-0.000338775,-0.000303247
-0.000538969,-0.000533871,-0.00052209,-0.000503405,-0.000482916,-0.000457121,-0.000426439,-0.000396821,-0.000360834,-0.000328355,-0.000293367
-0.000525833,-0.000520438,-0.000508559,-0.000489282,-0.00046947,-0.000445259,-0.000414084,-0.00038572,-0.000350548,-0.000319051,-0.000285375
-0.000510493,-0.000505695,-0.000494131,-0.000476157,-0.000456034,-0.000431129,-0.000402575,-0.000373957,-0.00033944,-0.000308401,-0.000274875
-0.000497116,-0.000492415,-0.000480473,-0.000463825,-0.000444157,-0.000420416,-0.000391923,-0.000362118,-0.000330209,-0.000300381,-0.000267136
-0.000483356,-0.00047978,-0.000468215,-0.000451249,-0.000432355,-0.000408391,-0.000380936,-0.000352216,-0.000320262,-0.000290494,-0.000258952
-0.000472423,-0.000466406,-0.000456093,-0.00043889,-0.000420907,-0.000397267,-0.000369705,-0.000343306,-0.000310968,-0.000281769,-0.000250102
-0.00045944,-0.000454624,-0.000445254,-0.000428688,-0.000410433,-0.000386846,-0.000359868,-0.000333978,-0.000302364,-0.000274125,-0.000242614
-0.000448147,-0.000443133,-0.000432132,-0.000416959,-0.000398583,-0.000376664,-0.000350253,-0.000323708,-0.000294079,-0.000265772,-0.000235433
-0.000436754,-0.000431446,-0.000422232,-0.000406529,-0.000387203,-0.000366598,-0.000341372,-0.000315533,-0.000285624,-0.000257518,-0.000228936
-0.000426215,-0.000421049,-0.000411257,-0.000396104,-0.000378459,-0.00035652,-0.000332714,-0.000306716,-0.000277275,-0.000250605,-0.000222536
-0.000414679,-0.000409802,-0.000400475,-0.00038582,-0.000369489,-0.000348114,-0.000323216,-0.000297718,-0.000269876,-0.000243663,-0.000215842
-0.000404193,-0.000400113,-0.000390267,-0.000375704,-0.000359374,-0.000338233,-0.00031459,-0.000290233,-0.000262457,-0.000236854,-0.00020946
-0.000395309,-0.000390228,-0.00038073,-0.000367001,-0.000350139,-0.000330018,-0.000306922,-0.000282194,-0.000256314,-0.000230707,-0.000203193
-0.000385058,-0.000380406,-0.000371182,-0.000357427,-0.000341485,-0.000321886,-0.000298524,-0.000274943,-0.000248639,-0.00022378,-0.000197875
-0.000375917,-0.000370781,-0.000362211,-0.000348513,-0.000333484,-0.000313569,-0.000290878,-0.000267628,-0.000241982,-0.000217893,-0.000192324
-0.000366208,-0.000362174,-0.000353578,-0.000340049,-0.000324589,-0.000305202,-0.000283247,-0.000260889,-0.000235358,-0.000211626,-0.00018691
-0.000357493,-0.000354018,-0.00034524,-0.000331925,-0.000316732,-0.000297815,-0.000276448,-0.000254222,-0.00022937,-0.000205988,-0.00018185
-0.000349315,-0.000346444,-0.000337467,-0.000324601,-0.000308766,-0.000290844,-0.000270077,-0.000247847,-0.000223397,-0.000200481,-0.000177416
-0.000341245,-0.000336468,-0.000329592,-0.000315887,-0.000301655,-0.000283025,-0.000262465,-0.000241484,-0.000217908,-0.000195254,-0.000172123
-0.000332806,-0.000328989,-0.000321134,-0.000308599,-0.000294253,-0.0002763,-0.000256022,-0.000235238,-0.000211803,-0.000189922,-0.000167327
-0.000325388,-0.000321347,-0.00031376,-0.000301442,-0.00028705,-0.000269359,-0.000249844,-0.000229344,-0.000206932,-0.000185044,-0.000162822
-0.000317516,-0.000313865,-0.000306257,-0.000294111,-0.000280509,-0.000263439,-0.000243753,-0.000223779,-0.000201157,-0.000180039,-0.000158399
-0.000310458,-0.000307038,-0.000299005,-0.000288107,-0.000273683,-0.000257304,-0.000238147,-0.000217805,-0.000196468,-0.000175702,-0.000154258
-0.00030374,-0.000299628,-0.000292698,-0.000280261,-0.000267587,-0.000250454,-0.000231937,-0.000213087,-0.000191338,-0.000170957,-0.000150692
-0.000296398,-0.000293217,-0.000285747,-0.000274467,-0.000260913,-0.000244943,-0.000226546,-0.000207315,-0.000186213,-0.000166292,-0.000146417
-0.000290512,-0.000286595,-0.000279265,-0.000268296,-0.000255199,-0.000239953,-0.0002215,-0.000201883,-0.000181513,-0.000162336,-0.000142619
-0.00028332,-0.000279916,-0.000272801,-0.000261975,-0.000249467,-0.000233561,-0.00021582,-0.000197394,-0.000177165,-0.000158157,-0.000138745
-0.000277414,-0.000274028,-0.000266322,-0.000256276,-0.0002435,-0.000228127,-0.000210962,-0.000192539,-0.000173191,-0.00015451,-0.0001352
-0.000270672,-0.000267582,-0.000261323,-0.000250931,-0.000238481,-0.000222834,-0.00020636,-0.000188544,-0.000168916,-0.000150592,-0.000131896
-0.00026534,-0.000261554,-0.000255019,-0.000244661,-0.000232847,-0.000218077,-0.000201189,-0.000183351,-0.000164881,-0.000146701,-0.000128535
-0.000259004,-0.00025575,-0.000249403,-0.000239335,-0.000227487,-0.000212581,-0.000196311,-0.000179212,-0.000160647,-0.000142841,-0.000125055
-0.00025356,-0.000250206,-0.000244019,-0.000234,-0.000222055,-0.000207831,-0.000191711,-0.000174988,-0.000156829,-0.000139381,-0.00012201
-0.000248031,-0.000245102,-0.000238618,-0.000229002,-0.000217312,-0.000203131,-0.000187728,-0.00017063,-0.000153397,-0.000136162,-0.00011905
-0.000242888,-0.0002396,-0.000233474,-0.000223687,-0.00021253,-0.000198672,-0.000183083,-0.000166976,-0.00014941,-0.000132786,-0.000116054
-0.000237691,-0.000234486,-0.000228397,-0.000218861,-0.000207987,-0.000194145,-0.000178934,-0.000163067,-0.000146051,-0.00012973,-0.000113213
-0.000232503,-0.000229693,-0.000223631,-0.000214171,-0.000203512,-0.000190125,-0.000174882,-0.000159367,-0.000142648,-0.000126643,-0.000110399
-0.000227368,-0.000224352,-0.000218926,-0.000209545,-0.000198826,-0.000185587,-0.000170852,-0.00015556,-0.000139238,-0.000123439,-0.000107713
-0.000223212,-0.000219939,-0.000214203,-0.000205198,-0.0001949,-0.00018178,-0.000167247,-0.000152352,-0.000136123,-0.000120722,-0.000104968
-0.000218213,-0.000215098,-0.000209676,-0.000200788,-0.000190361,-0.000177671,-0.000163405,-0.000148466,-0.000132966,-0.0001177,-0.000102457
-0.000213794,-0.000210523,-0.000205405,-0.000196525,-0.000186525,-0.000173627,-0.000159853,-0.000145365,-0.000129892,-0.000114996,-0.000100069
-0.000209017,-0.000205954,-0.000200987,-0.000192531,-0.00018208,-0.000169929,-0.000156346,-0.000141738,-0.000126706,-0.000112234,-9.78226e-05
-0.000204697,-0.000201784,-0.000196673,-0.000188198,-0.000178682,-0.000166356,-0.000153011,-0.000138912,-0.000123927,-0.000109632,-9.52687e-05
-0.0002004,-0.000197956,-0.000192899,-0.000184724,-0.0001747,-0.0001627,-0.000149574,-0.000135626,-0.000121219,-0.000107241,-9.31692e-05
-0.000196444,-0.000193647,-0.000188685,-0.000180382,-0.00017095,-0.000159241,-0.000146232,-0.000132783,-0.000118633,-0.000104662,-9.08128e-05
-0.000192099,-0.000189704,-0.00018456,-0.000176612,-0.000167295,-0.000155782,-0.000143065,-0.000129796,-0.000115943,-0.000102177,-8.86671e-05
-0.000188599,-0.000185735,-0.000181114,-0.000172929,-0.000163922,-0.000152489,-0.00014002,-0.000127112,-0.000113482,-9.98623e-05,-8.66821e-05
-0.000184811,-0.000182685,-0.000176867,-0.000169476,-0.0001607,-0.000149584,-0.000137166,-0.000124425,-0.000110966,-9.75961e-05,-8.47233e-05
-0.000180736,-0.000178683,-0.000173348,-0.000166372,-0.000157497,-0.000146227,-0.000134713,-0.000121606,-0.00010849,-9.55611e-05,-8.26033e-05
-0.000177135,-0.000174874,-0.0001702,-0.000162594,-0.0001538,-0.000143099,-0.000131339,-0.000118839,-0.000105906,-9.3241e-05,-8.07925e-05
-0.000173448,-0.000171171,-0.000166793,-0.000159509,-0.000150606,-0.000140064,-0.000128582,-0.000116421,-0.000103609,-9.11653e-05,-7.8888e-05
-0.00017019,-0.000167966,-0.000163275,-0.000156298,-0.000147744,-0.000137207,-0.000125893,-0.000113878,-0.000101411,-8.91587e-05,-7.70046e-05
-0.000166578,-0.000164662,-0.000159975,-0.000153282,-0.000144782,-0.000134416,-0.000123383,-0.000111372,-9.9237e-05,-8.73888e-05,-7.52381e-05
-0.000163486,-0.000160989,-0.000157363,-0.000150151,-0.000141521,-0.000131784,-0.000120598,-0.000108918,-9.6904e-05,-8.52479e-05,-7.38288e-05
-0.000160343,-0.000158176,-0.000153617,-0.000147008,-0.000139262,-0.000129124,-0.000118426,-0.000106844,-9.51024e-05,-8.34754e-05,-7.19714e-05
-0.000157113,-0.000154987,-0.000150755,-0.000144144,-0.000135986,-0.000126287,-0.000115643,-0.000104435,-9.28751e-05,-8.16052e-05,-7.03732e-05
-0.000153876,-0.000151848,-0.000147766,-0.000141251,-0.000133107,-0.00012382,-0.000113435,-0.00010238,-9.09763e-05,-7.97205e-05,-6.88474e-05
-0.00015107,-0.000149294,-0.00014491,-0.000138291,-0.000130775,-0.000121329,-0.000110939,-0.000100206,-8.9074e-05,-7.81083e-05,-6.73258e-05
-0.000147778,-0.000145814,-0.000142222,-0.000135705,-0.000128013,-0.000118833,-0.000108865,-9.8159e-05,-8.71872e-05,-7.63843e-05,-6.57652e-05
-0.00014517,-0.000143127,-0.000139437,-0.000133125,-0.000125594,-0.000116573,-0.000106411,-9.61789e-05,-8.52687e-05,-7.46998e-05,-6.43872e-05
-0.000142385,-0.000140399,-0.000136525,-0.00013037,-0.000123062,-0.000114271,-0.000104684,-9.4276e-05,-8.36886e-05,-7.32574e-05,-6.28412e-05
-0.000139744,-0.000138112,-0.000134053,-0.000128068,-0.00012077,-0.000112087,-0.000102344,-9.22357e-05,-8.18163e-05,-7.16812e-05,-6.15795e-05
-0.000137004,-0.000135137,-0.000131474,-0.000125378,-0.000118311,-0.000109808,-0.000100348,-9.03803e-05,-7.99589e-05,-7.00577e-05,-6.02203e-05
-0.000134464,-0.000132708,-0.000128614,-0.000123162,-0.000116082,-0.000107596,-9.82027e-05,-8.86884e-05,-7.83759e-05,-6.8664e-05,-5.87902e-05
-0.000131827,-0.000130092,-0.000126348,-0.000120702,-0.000113803,-0.00010543,-9.64811e-05,-8.67366e-05,-7.68781e-05,-6.70854e-05,-5.77152e-05
-0.00012921,-0.000127544,-0.000124382,-0.000118492,-0.00011127,-0.000103357,-9.44513e-05,-8.52407e-05,-7.52575e-05,-6.57645e-05,-5.63843e-05
-0.00012682,-0.000125348,-0.000121455,-0.000116242,-0.000109553,-0.00010151,-9.2834e-05,-8.35334e-05,-7.39119e-05,-6.44605e-05,-5.51332e-05
-0.000124413,-0.000122774,-0.000119237,-0.000114026,-0.000107319,-9.94795e-05,-9.07013e-05,-8.17735e-05,-7.2246e-05,-6.3029e-05,-5.39201e-05
-0.000122211,-0.000120697,-0.000117058,-0.000111747,-0.00010534,-9.74705e-05,-8.89787e-05,-8.01122e-05,-7.0828e-05,-6.18069e-05,-5.29221e-05
-0.000119999,-0.000118426,-0.000114964,-0.000109702,-0.000103223,-9.57116e-05,-8.72987e-05,-7.84063e-05,-6.9336e-05,-6.04414e-05,-5.17112e-05
-0.000117691,-0.000116268,-0.000112796,-0.00010758,-0.000101418,-9.38771e-05,-8.56559e-05,-7.6748e-05,-6.80376e-05,-5.93509e-05,-5.08467e-05
-0.000115508,-0.000113939,-0.000110804,-0.000105726,-9.94769e-05,-9.20688e-05,-8.37811e-05,-7.55037e-05,-6.66694e-05,-5.80214e-05,-4.95183e-05
-0.000113228,-0.000111833,-0.000108599,-0.000103545,-9.77996e-05,-9.03732e-05,-8.25164e-05,-7.39674e-05,-6.53722e-05,-5.69198e-05,-4.86025e-05
-0.000111374,-0.00011003,-0.00010651,-0.000101762,-9.57477e-05,-8.85188e-05,-8.08223e-05,-7.25335e-05,-6.39631e-05,-5.57225e-05,-4.74658e-05
-0.000109067,-0.00010788,-0.000104609,-9.98089e-05,-9.39321e-05,-8.69472e-05,-7.90827e-05,-7.11255e-05,-6.2779e-05,-5.45617e-05,-4.65302e-05
-0.000107367,-0.000105585,-0.000102849,-9.81052e-05,-9.22157e-05,-8.52143e-05,-7.77761e-05,-6.96588e-05,-6.16075e-05,-5.34719e-05,-4.56163e-05
-0.000105249,-0.000103842,-0.000100816,-9.62003e-05,-9.02864e-05,-8.35998e-05,-7.61585e-05,-6.84375e-05,-6.04046e-05,-5.24053e-05,-4.45935e-05
-0.000103395,-0.000101979,-9.90008e-05,-9.45845e-05,-8.87353e-05,-8.20949e-05,-7.46985e-05,-6.69974e-05,-5.90664e-05,-5.13648e-05,-4.37613e-05
-0.000101531,-0.000100242,-9.70537e-05,-9.25855e-05,-8.73213e-05,-8.05859e-05,-7.34043e-05,-6.57572e-05,-5.80571e-05,-5.03522e-05,-4.28516e-05
-9.94016e-05,-9.85318e-05,-9.5463e-05,-9.1343e-05,-8.55029e-05,-7.91101e-05,-7.18125e-05,-6.46367e-05,-5.67219e-05,-4.93979e-05,-4.19102e-05
-9.78158e-05,-9.65841e-05,-9.39205e-05,-8.93358e-05,-8.38709e-05,-7.75051e-05,-7.06869e-05,-6.33027e-05,-5.56807e-05,-4.83721e-05,-4.11381e-05
-9.61352e-05,-9.4703e-05,-9.18773e-05,-8.78638e-05,-8.24895e-05,-7.6147e-05,-6.93522e-05,-6.20085e-05,-5.47078e-05,-4.73914e-05,-4.03427e-05
-9.45713e-05,-9.32481e-05,-9.03162e-05,-8.61971e-05,-8.09167e-05,-7.47038e-05,-6.79789e-05,-6.08746e-05,-5.36442e-05,-4.65103e-05,-3.94893e-05
-9.28291e-05,-9.15269e-05,-8.85079e-05,-8.46282e-05,-7.9536e-05,-7.35231e-05,-6.65429e-05,-5.98498e-05,-5.25131e-05,-4.56291e-05,-3.86207e-05
-9.11215e-05,-8.99067e-05,-8.7025e-05,-8.30289e-05,-7.80546e-05,-7.21012e-05,-6.5544e-05,-5.87561e-05,-5.15489e-05,-4.47638e-05,-3.78986e-05
-8.97116e-05,-8.84812e-05,-8.55211e-05,-8.15906e-05,-7.67237e-05,-7.08157e-05,-6.42863e-05,-5.75253e-05,-5.06439e-05,-4.3888e-05,-3.71865e-05
-8.79725e-05,-8.67028e-05,-8.39941e-05,-8.01301e-05,-7.52407e-05,-6.94706e-05,-6.30948e-05,-5.65092e-05,-4.96843e-05,-4.30024e-05,-3.64199e-05
-8.6465e-05,-8.53145e-05,-8.25531e-05,-7.87202e-05,-7.39728e-05,-6.82256e-05,-6.19356e-05,-5.5524e-05,-4.86551e-05,-4.21637e-05,-3.56225e-05
-8.47032e-05,-8.38016e-05,-8.1385e-05,-7.74252e-05,-7.25959e-05,-6.70181e-05,-6.08754e-05,-5.44249e-05,-4.77294e-05,-4.13372e-05,-3.50434e-05
-8.35202e-05,-8.22055e-05,-7.95441e-05,-7.59796e-05,-7.12793e-05,-6.58026e-05,-5.96097e-05,-5.35147e-05,-4.70704e-05,-4.05382e-05,-3.42574e-05
-8.21488e-05,-8.09023e-05,-7.8335e-05,-7.47558e-05,-7.01165e-05,-6.46595e-05,-5.86059e-05,-5.2492e-05,-4.61116e-05,-3.98233e-05,-3.36135e-05
-8.05809e-05,-7.9438e-05,-7.68378e-05,-7.33299e-05,-6.87732e-05,-6.33715e-05,-5.74963e-05,-5.15174e-05,-4.51221e-05,-3.89963e-05,-3.28827e-05
-7.92044e-05,-7.80367e-05,-7.55636e-05,-7.20125e-05,-6.75092e-05,-6.24056e-05,-5.65554e-05,-5.05459e-05,-4.4305e-05,-3.8319e-05,-3.23224e-05
-7.78409e-05,-7.68191e-05,-7.42821e-05,-7.07565e-05,-6.63302e-05,-6.12146e-05,-5.55861e-05,-4.95834e-05,-4.34015e-05,-3.76217e-05,-3.16827e-05
-7.6433e-05,-7.55035e-05,-7.29978e-05,-6.95714e-05,-6.50563e-05,-6.01298e-05,-5.46071e-05,-4.87166e-05,-4.25505e-05,-3.6928e-05,-3.09831e-05
-7.50955e-05,-7.40215e-05,-7.17936e-05,-6.84518e-05,-6.39583e-05,-5.90069e-05,-5.35991e-05,-4.7892e-05,-4.18207e-05,-3.61691e-05,-3.03787e-05
-7.3855e-05,-7.28401e-05,-7.0618e-05,-6.71426e-05,-6.3033e-05,-5.80928e-05,-5.2623e-05,-4.69962e-05,-4.10859e-05,-3.55009e-05,-2.9907e-05
-7.25617e-05,-7.16587e-05,-6.93067e-05,-6.61508e-05,-6.1897e-05,-5.69227e-05,-5.1559e-05,-4.61853e-05,-4.04443e-05,-3.4859e-05,-2.92613e-05
-7.14712e-05,-7.0458e-05,-6.82398e-05,-6.49463e-05,-6.09223e-05,-5.59903e-05,-5.06928e-05,-4.52643e-05,-3.97401e-05,-3.41899e-05,-2.87381e-05
-7.02673e-05,-6.91774e-05,-6.69373e-05,-6.38777e-05,-5.9819e-05,-5.50193e-05,-4.98867e-05,-4.4552e-05,-3.89263e-05,-3.35989e-05,-2.81438e-05
-6.90236e-05,-6.80538e-05,-6.57913e-05,-6.26653e-05,-5.8752e-05,-5.41213e-05,-4.89707e-05,-4.36856e-05,-3.82048e-05,-3.29653e-05,-2.76344e-05
-6.78456e-05,-6.68288e-05,-6.47229e-05,-6.17024e-05,-5.7708e-05,-5.31572e-05,-4.81698e-05,-4.29158e-05,-3.74833e-05,-3.23715e-05,-2.70944e-05
-6.66126e-05,-6.56729e-05,-6.36632e-05,-6.06443e-05,-5.67481e-05,-5.22368e-05,-4.73524e-05,-4.22551e-05,-3.68025e-05,-3.1772e-05,-2.65992e-05
-6.55569e-05,-6.45476e-05,-6.26882e-05,-5.96672e-05,-5.58042e-05,-5.13745e-05,-4.65574e-05,-4.14396e-05,-3.6125e-05,-3.11477e-05,-2.61738e-05
-6.44885e-05,-6.35405e-05,-6.16269e-05,-5.85168e-05,-5.47964e-05,-5.03991e-05,-4.57518e-05,-4.06349e-05,-3.54997e-05,-3.05855e-05,-2.56341e-05
-6.34603e-05,-6.24205e-05,-6.04242e-05,-5.76126e-05,-5.38295e-05,-4.9593e-05,-4.48635e-05,-4.00409e-05,-3.49756e-05,-3.0054e-05,-2.50955e-05
-6.23337e-05,-6.1424e-05,-5.95098e-05,-5.66687e-05,-5.29809e-05,-4.8675e-05,-4.40622e-05,-3.92866e-05,-3.43177e-05,-2.94572e-05,-2.4651e-05
-6.13426e-05,-6.03481e-05,-5.85318e-05,-5.56377e-05,-5.20884e-05,-4.7948e-05,-4.32996e-05,-3.85555e-05,-3.36699e-05,-2.89478e-05,-2.41748e-05
-6.02665e-05,-5.94452e-05,-5.75596e-05,-5.47752e-05,-5.1196e-05,-4.7114e-05,-4.26456e-05,-3.79255e-05,-3.30335e-05,-2.84638e-05,-2.3747e-05
-5.92346e-05,-5.84899e-05,-5.66515e-05,-5.38819e-05,-5.0301e-05,-4.62042e-05,-4.19905e-05,-3.72943e-05,-3.23405e-05,-2.79737e-05,-2.32859e-05
-5.82776e-05,-5.75051e-05,-5.56271e-05,-5.30168e-05,-4.95198e-05,-4.54532e-05,-4.12043e-05,-3.65585e-05,-3.18852e-05,-2.7448e-05,-2.28539e-05
-5.73133e-05,-5.65748e-05,-5.48165e-05,-5.20884e-05,-4.86914e-05,-4.4728e-05,-4.0527e-05,-3.60014e-05,-3.13054e-05,-2.69618e-05,-2.24855e-05
-5.63593e-05,-5.56773e-05,-5.39464e-05,-5.1273e-05,-4.79388e-05,-4.39447e-05,-3.98307e-05,-3.53506e-05,-3.07363e-05,-2.64401e-05,-2.20494e-05
-5.55162e-05,-5.47416e-05,-5.29554e-05,-5.0423e-05,-4.71535e-05,-4.32449e-05,-3.91125e-05,-3.47259e-05,-3.02764e-05,-2.59908e-05,-2.16416e-05
-5.47233e-05,-5.38252e-05,-5.20688e-05,-4.96647e-05,-4.63272e-05,-4.25418e-05,-3.84983e-05,-3.42045e-05,-2.97619e-05,-2.55816e-05,-2.12295e-05
-5.3818e-05,-5.30683e-05,-5.12415e-05,-4.87687e-05,-4.55597e-05,-4.19104e-05,-3.78097e-05,-3.36083e-05,-2.91716e-05,-2.51092e-05,-2.08456e-05
-5.29054e-05,-5.21004e-05,-5.04128e-05,-4.79366e-05,-4.48042e-05,-4.11313e-05,-3.71422e-05,-3.30382e-05,-2.87358e-05,-2.46239e-05,-2.0447e-05
-5.207e-05,-5.12754e-05,-4.95729e-05,-4.71507e-05,-4.40216e-05,-4.03907e-05,-3.65478e-05,-3.25132e-05,-2.81985e-05,-2.42004e-05,-2.00391e-05
-5.12441e-05,-5.0488e-05,-4.88378e-05,-4.64087e-05,-4.33357e-05,-3.98286e-05,-3.59053e-05,-3.19574e-05,-2.77483e-05,-2.37984e-05,-1.97333e-05
-5.03156e-05,-4.9675e-05,-4.81577e-05,-4.56207e-05,-4.26809e-05,-3.91584e-05,-3.53814e-05,-3.13659e-05,-2.72303e-05,-2.33507e-05,-1.93868e-05
-4.9551e-05,-4.88782e-05,-4.72859e-05,-4.49543e-05,-4.19558e-05,-3.84862e-05,-3.47475e-05,-3.08485e-05,-2.67768e-05,-2.29375e-05,-1.90145e-05
-4.88491e-05,-4.80656e-05,-4.6492e-05,-4.41988e-05,-4.13025e-05,-3.78946e-05,-3.4175e-05,-3.03906e-05,-2.63444e-05,-2.25736e-05,-1.86711e-05
-4.80254e-05,-4.72798e-05,-4.57775e-05,-4.34891e-05,-4.06092e-05,-3.72642e-05,-3.36052e-05,-2.9848e-05,-2.58916e-05,-2.2161e-05,-1.83223e-05
-4.72002e-05,-4.65748e-05,-4.50379e-05,-4.28144e-05,-3.99389e-05,-3.66391e-05,-3.3074e-05,-2.93485e-05,-2.54409e-05,-2.1784e-05,-1.80081e-05
-4.6501e-05,-4.57924e-05,-4.42936e-05,-4.21368e-05,-3.92404e-05,-3.60521e-05,-3.25745e-05,-2.88868e-05,-2.49971e-05,-2.14197e-05,-1.76481e-05
-4.57341e-05,-4.5094e-05,-4.36554e-05,-4.1433e-05,-3.86552e-05,-3.54966e-05,-3.20221e-05,-2.83333e-05,-2.45836e-05,-2.10389e-05,-1.73675e-05
-4.50184e-05,-4.4353e-05,-4.29442e-05,-4.07666e-05,-3.80449e-05,-3.48864e-05,-3.1512e-05,-2.78904e-05,-2.41449e-05,-2.06841e-05,-1.70835e-05
-4.43872e-05,-4.37141e-05,-4.23587e-05,-4.01335e-05,-3.74841e-05,-3.4359e-05,-3.09459e-05,-2.74443e-05,-2.38147e-05,-2.03125e-05,-1.67809e-05
-4.36677e-05,-4.30463e-05,-4.1608e-05,-3.95158e-05,-3.68864e-05,-3.37836e-05,-3.04895e-05,-2.69811e-05,-2.3406e-05,-2.00132e-05,-1.64777e-05
-4.29811e-05,-4.23454e-05,-4.09225e-05,-3.89316e-05,-3.62571e-05,-3.32532e-05,-2.99854e-05,-2.65714e-05,-2.30212e-05,-1.96428e-05,-1.61285e-05
-4.22955e-05,-4.17022e-05,-4.03024e-05,-3.82871e-05,-3.56896e-05,-3.26836e-05,-2.95206e-05,-2.61264e-05,-2.26154e-05,-1.9336e-05,-1.58687e-05
-4.16136e-05,-4.10345e-05,-3.96834e-05,-3.77062e-05,-3.51356e-05,-3.21739e-05,-2.90062e-05,-2.56999e-05,-2.22276e-05,-1.8972e-05,-1.56153e-05
-4.10028e-05,-4.0389e-05,-3.90667e-05,-3.71031e-05,-3.45844e-05,-3.16839e-05,-2.85448e-05,-2.52621e-05,-2.1871e-05,-1.86571e-05,-1.5339e-05
-4.03784e-05,-3.97416e-05,-3.84192e-05,-3.65176e-05,-3.40603e-05,-3.12143e-05,-2.81537e-05,-2.4843e-05,-2.15079e-05,-1.83553e-05,-1.5048e-05
-3.97309e-05,-3.91043e-05,-3.78682e-05,-3.60378e-05,-3.35364e-05,-3.06604e-05,-2.76659e-05,-2.44786e-05,-2.11871e-05,-1.80314e-05,-1.48222e-05
-3.91286e-05,-3.85306e-05,-3.73286e-05,-3.54003e-05,-3.30303e-05,-3.01891e-05,-2.7267e-05,-2.40583e-05,-2.08032e-05,-1.77512e-05,-1.45753e-05
-3.85353e-05,-3.79381e-05,-3.67271e-05,-3.48733e-05,-3.24946e-05,-2.97257e-05,-2.67828e-05,-2.36868e-05,-2.04745e-05,-1.74455e-05,-1.43225e-05
-3.79813e-05,-3.73733e-05,-3.61368e-05,-3.43346e-05,-3.20144e-05,-2.92537e-05,-2.63401e-05,-2.32989e-05,-2.01513e-05,-1.7125e-05,-1.40605e-05
-3.73289e-05,-3.68108e-05,-3.56182e-05,-3.38025e-05,-3.14754e-05,-2.87885e-05,-2.59547e-05,-2.29336e-05,-1.97865e-05,-1.68722e-05,-1.38256e-05
-3.67835e-05,-3.62141e-05,-3.50254e-05,-3.332e-05,-3.09674e-05,-2.83552e-05,-2.55383e-05,-2.25561e-05,-1.94837e-05,-1.66063e-05,-1.35652e-05
-3.62138e-05,-3.56746e-05,-3.45142e-05,-3.27597e-05,-3.05008e-05,-2.79218e-05,-2.51413e-05,-2.21751e-05,-1.91361e-05,-1.6319e-05,-1.33597e-05
-3.5634e-05,-3.5182e-05,-3.40169e-05,-3.22601e-05,-3.00395e-05,-2.74678e-05,-2.47549e-05,-2.18474e-05,-1.88243e-05,-1.60589e-05,-1.30912e-05
-3.51647e-05,-3.45945e-05,-3.35028e-05,-3.18076e-05,-2.96232e-05,-2.70466e-05,-2.43967e-05,-2.1493e-05,-1.85507e-05,-1.57747e-05,-1.28541e-05
-3.4578e-05,-3.41124e-05,-3.29963e-05,-3.12851e-05,-2.91829e-05,-2.66679e-05,-2.39954e-05,-2.1155e-05,-1.82256e-05,-1.55021e-05,-1.26882e-05
-3.40759e-05,-3.35946e-05,-3.24494e-05,-3.08185e-05,-2.8697e-05,-2.62265e-05,-2.36436e-05,-2.08329e-05,-1.79196e-05,-1.52699e-05,-1.24667e-05
-3.35595e-05,-3.30976e-05,-3.19397e-05,-3.03333e-05,-2.82728e-05,-2.58138e-05,-2.32209e-05,-2.05209e-05,-1.76431e-05,-1.50249e-05,-1.22372e-05
-3.30895e-05,-3.25915e-05,-3.15219e-05,-2.9918e-05,-2.7807e-05,-2.54021e-05,-2.28855e-05,-2.01949e-05,-1.74012e-05,-1.47716e-05,-1.20067e-05
-3.26103e-05,-3.21208e-05,-3.10003e-05,-2.94335e-05,-2.74066e-05,-2.50419e-05,-2.25067e-05,-1.98753e-05,-1.71345e-05,-1.45122e-05,-1.18167e-05
-3.21124e-05,-3.16097e-05,-3.05566e-05,-2.90019e-05,-2.69843e-05,-2.46415e-05,-2.21963e-05,-1.9547e-05,-1.68125e-05,-1.4317e-05,-1.1627e-05
-3.16066e-05,-3.11466e-05,-3.01e-05,-2.85403e-05,-2.6588e-05,-2.43063e-05,-2.18292e-05,-1.92403e-05,-1.65545e-05,-1.40812e-05,-1.13624e-05
-3.1138e-05,-3.06823e-05,-2.96549e-05,-2.81389e-05,-2.61749e-05,-2.38927e-05,-2.14975e-05,-1.89368e-05,-1.63208e-05,-1.38328e-05,-1.12512e-05
-3.07269e-05,-3.02143e-05,-2.92339e-05,-2.77017e-05,-2.57817e-05,-2.35608e-05,-2.12078e-05,-1.86471e-05,-1.60587e-05,-1.3606e-05,-1.10209e-05
-3.0287e-05,-2.98559e-05,-2.8775e-05,-2.72904e-05,-2.53916e-05,-2.32191e-05,-2.08846e-05,-1.83837e-05,-1.57948e-05,-1.33746e-05,-1.08997e-05
-2.98232e-05,-2.93447e-05,-2.83678e-05,-2.68984e-05,-2.50163e-05,-2.28369e-05,-2.05299e-05,-1.80808e-05,-1.55479e-05,-1.31683e-05,-1.06463e-05
-2.93317e-05,-2.89116e-05,-2.79425e-05,-2.64552e-05,-2.46709e-05,-2.24818e-05,-2.02393e-05,-1.78175e-05,-1.5294e-05,-1.29627e-05,-1.04939e-05
-2.89528e-05,-2.84938e-05,-2.75287e-05,-2.61499e-05,-2.43012e-05,-2.21532e-05,-1.99181e-05,-1.75567e-05,-1.50596e-05,-1.27718e-05,-1.02679e-05
-2.84768e-05,-2.80866e-05,-2.71435e-05,-2.57131e-05,-2.39374e-05,-2.1821e-05,-1.96219e-05,-1.7264e-05,-1.48214e-05,-1.25668e-05,-1.01461e-05
-2.8088e-05,-2.76647e-05,-2.67257e-05,-2.53467e-05,-2.35883e-05,-2.15045e-05,-1.93105e-05,-1.70023e-05,-1.4586e-05,-1.23403e-05,-9.97477e-06
-2.76465e-05,-2.7243e-05,-2.63176e-05,-2.49754e-05,-2.32527e-05,-2.11641e-05,-1.90434e-05,-1.67694e-05,-1.43411e-05,-1.21641e-05,-9.80552e-06
-2.72469e-05,-2.68945e-05,-2.5939e-05,-2.46247e-05,-2.29014e-05,-2.08837e-05,-1.87599e-05,-1.65038e-05,-1.41363e-05,-1.19884e-05,-9.6175e-06
-2.68494e-05,-2.64761e-05,-2.56246e-05,-2.42594e-05,-2.25722e-05,-2.05437e-05,-1.84736e-05,-1.62618e-05,-1.39325e-05,-1.17879e-05,-9.47971e-06
-2.64933e-05,-2.60976e-05,-2.52058e-05,-2.39137e-05,-2.22257e-05,-2.02413e-05,-1.81683e-05,-1.60251e-05,-1.37253e-05,-1.15752e-05,-9.31435e-06
-2.6081e-05,-2.56975e-05,-2.4841e-05,-2.35402e-05,-2.1902e-05,-1.9962e-05,-1.79309e-05,-1.5753e-05,-1.34962e-05,-1.14014e-05,-9.18431e-06
-2.57191e-05,-2.53324e-05,-2.44569e-05,-2.31865e-05,-2.1561e-05,-1.96648e-05,-1.76616e-05,-1.55089e-05,-1.33154e-05,-1.12205e-05,-9.02438e-06
-2.5422e-05,-2.50131e-05,-2.41417e-05,-2.28764e-05,-2.12449e-05,-1.93589e-05,-1.74208e-05,-1.52859e-05,-1.31213e-05,-1.10835e-05,-8.88332e-06
-2.50197e-05,-2.45807e-05,-2.37795e-05,-2.25323e-05,-2.0919e-05,-1.90951e-05,-1.71387e-05,-1.50424e-05,-1.28906e-05,-1.08732e-05,-8.72589e-06
-2.45953e-05,-2.4227e-05,-2.34357e-05,-2.21971e-05,-2.06122e-05,-1.88296e-05,-1.69088e-05,-1.48439e-05,-1.26785e-05,-1.07349e-05,-8.59998e-06
-2.4267e-05,-2.38832e-05,-2.30847e-05,-2.18755e-05,-2.03367e-05,-1.85535e-05,-1.66249e-05,-1.46192e-05,-1.2512e-05,-1.05219e-05,-8.46381e-06
-2.39219e-05,-2.35682e-05,-2.27303e-05,-2.15595e-05,-2.00239e-05,-1.82659e-05,-1.63791e-05,-1.43792e-05,-1.23202e-05,-1.03926e-05,-8.35092e-06
-2.35589e-05,-2.32508e-05,-2.24378e-05,-2.12667e-05,-1.97426e-05,-1.79875e-05,-1.61359e-05,-1.41902e-05,-1.21326e-05,-1.02265e-05,-8.13872e-06
-2.32159e-05,-2.29114e-05,-2.21249e-05,-2.09519e-05,-1.94646e-05,-1.77283e-05,-1.59085e-05,-1.39665e-05,-1.19272e-05,-1.00646e-05,-8.03905e-06
-2.28634e-05,-2.25932e-05,-2.17685e-05,-2.06782e-05,-1.91761e-05,-1.74688e-05,-1.56897e-05,-1.37703e-05,-1.17034e-05,-9.91112e-06,-7.91011e-06
-2.25476e-05,-2.22735e-05,-2.15002e-05,-2.03474e-05,-1.89083e-05,-1.7215e-05,-1.54705e-05,-1.35502e-05,-1.15271e-05,-9.73957e-06,-7.76739e-06
-2.22494e-05,-2.19499e-05,-2.11979e-05,-2.00679e-05,-1.86627e-05,-1.69772e-05,-1.52244e-05,-1.33527e-05,-1.14234e-05,-9.63826e-06,-7.63971e-06
-2.19514e-05,-2.16319e-05,-2.08936e-05,-1.97795e-05,-1.83999e-05,-1.67464e-05,-1.49961e-05,-1.31454e-05,-1.12449e-05,-9.44645e-06,-7.53649e-06
-2.16329e-05,-2.1333e-05,-2.05824e-05,-1.95187e-05,-1.81278e-05,-1.64953e-05,-1.47867e-05,-1.29578e-05,-1.10743e-05,-9.31881e-06,-7.42691e-06
-2.13137e-05,-2.09773e-05,-2.02814e-05,-1.92273e-05,-1.78613e-05,-1.62608e-05,-1.46036e-05,-1.27635e-05,-1.08955e-05,-9.16574e-06,-7.33865e-06
-2.10409e-05,-2.07279e-05,-1.99999e-05,-1.89525e-05,-1.76212e-05,-1.60339e-05,-1.43538e-05,-1.25958e-05,-1.07824e-05,-9.01921e-06,-7.17311e-06
-2.0725e-05,-2.0461e-05,-1.97455e-05,-1.86979e-05,-1.73815e-05,-1.58142e-05,-1.41546e-05,-1.24206e-05,-1.05504e-05,-8.91152e-06,-6.99839e-06
-2.04808e-05,-2.0137e-05,-1.94507e-05,-1.84177e-05,-1.71001e-05,-1.5576e-05,-1.39638e-05,-1.2235e-05,-1.04187e-05,-8.75364e-06,-6.93483e-06
-2.0142e-05,-1.9864e-05,-1.91756e-05,-1.81747e-05,-1.68729e-05,-1.53387e-05,-1.37394e-05,-1.20439e-05,-1.02752e-05,-8.63276e-06,-6.83085e-06
-1.99097e-05,-1.95784e-05,-1.89156e-05,-1.79261e-05,-1.66296e-05,-1.51318e-05,-1.35574e-05,-1.18732e-05,-1.0112e-05,-8.50376e-06,-6.72687e-06
-1.9621e-05,-1.93238e-05,-1.86331e-05,-1.76475e-05,-1.64003e-05,-1.49021e-05,-1.33699e-05,-1.16922e-05,-9.98002e-06,-8.37197e-06,-6.63555e-06
-1.93295e-05,-1.90266e-05,-1.83705e-05,-1.73963e-05,-1.61755e-05,-1.47085e-05,-1.31721e-05,-1.15269e-05,-9.82677e-06,-8.23829e-06,-6.51646e-06
-1.90499e-05,-1.88107e-05,-1.81412e-05,-1.71839e-05,-1.59449e-05,-1.44878e-05,-1.29687e-05,-1.13641e-05,-9.67429e-06,-8.11234e-06,-6.44732e-06
-1.88359e-05,-1.85467e-05,-1.79069e-05,-1.6933e-05,-1.57107e-05,-1.42995e-05,-1.28013e-05,-1.11915e-05,-9.50631e-06,-7.99253e-06,-6.29665e-06
-1.8548e-05,-1.82535e-05,-1.76525e-05,-1.67051e-05,-1.54868e-05,-1.40846e-05,-1.26458e-05,-1.10396e-05,-9.41031e-06,-7.87569e-06,-6.20234e-06
-1.82877e-05,-1.7986e-05,-1.73564e-05,-1.64535e-05,-1.5293e-05,-1.39111e-05,-1.24577e-05,-1.08689e-05,-9.2576e-06,-7.7536e-06,-6.10318e-06
-1.79996e-05,-1.77634e-05,-1.71207e-05,-1.62309e-05,-1.50736e-05,-1.36839e-05,-1.22772e-05,-1.07006e-05,-9.12001e-06,-7.64475e-06,-6.04901e-06
-1.78102e-05,-1.75353e-05,-1.69319e-05,-1.60127e-05,-1.48582e-05,-1.35067e-05,-1.20654e-05,-1.05556e-05,-9.00114e-06,-7.51846e-06,-5.92419e-06
-1.75317e-05,-1.7293e-05,-1.67189e-05,-1.58022e-05,-1.46652e-05,-1.33193e-05,-1.19127e-05,-1.0432e-05,-8.85542e-06,-7.39759e-06,-5.83057e-06
-1.73172e-05,-1.70938e-05,-1.64544e-05,-1.55778e-05,-1.44327e-05,-1.31254e-05,-1.17575e-05,-1.02685e-05,-8.74557e-06,-7.30084e-06,-5.70768e-06
-1.70495e-05,-1.6842e-05,-1.62287e-05,-1.53749e-05,-1.42903e-05,-1.29648e-05,-1.15622e-05,-1.01337e-05,-8.61098e-06,-7.1912e-06,-5.62374e-06
-1.68306e-05,-1.66015e-05,-1.60282e-05,-1.51243e-05,-1.40744e-05,-1.27602e-05,-1.14043e-05,-9.99413e-06,-8.48522e-06,-7.0733e-06,-5.54199e-06
-1.65686e-05,-1.63535e-05,-1.57869e-05,-1.49641e-05,-1.38752e-05,-1.25833e-05,-1.12549e-05,-9.83938e-06,-8.37577e-06,-6.93875e-06,-5.49952e-06
-1.63634e-05,-1.61377e-05,-1.55792e-05,-1.47835e-05,-1.36839e-05,-1.24135e-05,-1.11137e-05,-9.68683e-06,-8.24227e-06,-6.87463e-06,-5.38429e-06
-1.6162e-05,-1.59152e-05,-1.53739e-05,-1.45211e-05,-1.34888e-05,-1.22544e-05,-1.09519e-05,-9.56594e-06,-8.11369e-06,-6.76612e-06,-5.29342e-06
-1.59329e-05,-1.57251e-05,-1.51269e-05,-1.43602e-05,-1.32961e-05,-1.20872e-05,-1.07934e-05,-9.43193e-06,-8.01504e-06,-6.68904e-06,-5.22971e-06
-1.57733e-05,-1.55348e-05,-1.49873e-05,-1.41759e-05,-1.30863e-05,-1.1905e-05,-1.06423e-05,-9.31666e-06,-7.89095e-06,-6.57205e-06,-5.13268e-06
-1.55246e-05,-1.53049e-05,-1.47871e-05,-1.39489e-05,-1.28986e-05,-1.1731e-05,-1.04977e-05,-9.16444e-06,-7.74074e-06,-6.47714e-06,-5.06806e-06
-1.53007e-05,-1.51029e-05,-1.45383e-05,-1.37755e-05,-1.27868e-05,-1.15843e-05,-1.03602e-05,-9.05431e-06,-7.66671e-06,-6.38251e-06,-4.9901e-06
-1.5115e-05,-1.48762e-05,-1.43485e-05,-1.35851e-05,-1.2593e-05,-1.14401e-05,-1.02272e-05,-8.90705e-06,-7.56272e-06,-6.28622e-06,-4.89881e-06
-1.48764e-05,-1.46825e-05,-1.41433e-05,-1.33839e-05,-1.24224e-05,-1.12415e-05,-1.00719e-05,-8.78242e-06,-7.4465e-06,-6.18544e-06,-4.82924e-06
-1.46825e-05,-1.44356e-05,-1.39315e-05,-1.32027e-05,-1.22519e-05,-1.11124e-05,-9.93505e-06,-8.6605e-06,-7.3297e-06,-6.10184e-06,-4.74345e-06
-1.4505e-05,-1.4311e-05,-1.37875e-05,-1.30379e-05,-1.20747e-05,-1.09652e-05,-9.78951e-06,-8.55078e-06,-7.23079e-06,-6.00996e-06,-4.684e-06
-1.43024e-05,-1.41259e-05,-1.35756e-05,-1.28552e-05,-1.19334e-05,-1.08395e-05,-9.6499e-06,-8.41233e-06,-7.1524e-06,-5.92614e-06,-4.59967e-06
-1.40953e-05,-1.38974e-05,-1.33869e-05,-1.26712e-05,-1.17678e-05,-1.06651e-05,-9.53567e-06,-8.31698e-06,-7.04054e-06,-5.84343e-06,-4.5471e-06
-1.38922e-05,-1.369e-05,-1.32436e-05,-1.25124e-05,-1.16135e-05,-1.05324e-05,-9.37311e-06,-8.19243e-06,-6.91864e-06,-5.74422e-06,-4.46402e-06
-1.37362e-05,-1.35185e-05,-1.30185e-05,-1.23559e-05,-1.14446e-05,-1.03853e-05,-9.26286e-06,-8.05377e-06,-6.85207e-06,-5.68035e-06,-4.40959e-06
-1.35596e-05,-1.33633e-05,-1.28941e-05,-1.21632e-05,-1.12926e-05,-1.02374e-05,-9.15194e-06,-7.95567e-06,-6.73131e-06,-5.57477e-06,-4.31146e-06
-1.33833e-05,-1.31582e-05,-1.27209e-05,-1.2026e-05,-1.11527e-05,-1.01044e-05,-9.00544e-06,-7.85829e-06,-6.65889e-06,-5.49254e-06,-4.26933e-06
-1.31959e-05,-1.30035e-05,-1.25315e-05,-1.18545e-05,-1.09808e-05,-9.94792e-06,-8.91141e-06,-7.73484e-06,-6.57177e-06,-5.42286e-06,-4.21345e-06
-1.30142e-05,-1.28842e-05,-1.23562e-05,-1.17013e-05,-1.08259e-05,-9.83149e-06,-8.76918e-06,-7.62655e-06,-6.45646e-06,-5.3532e-06,-4.13162e-06
-1.28566e-05,-1.26643e-05,-1.22057e-05,-1.15448e-05,-1.06836e-05,-9.70034e-06,-8.64079e-06,-7.52401e-06,-6.35974e-06,-5.27844e-06,-4.06915e-06
-1.26991e-05,-1.25048e-05,-1.20377e-05,-1.13882e-05,-1.05712e-05,-9.56833e-06,-8.52617e-06,-7.41415e-06,-6.27338e-06,-5.19847e-06,-4.01184e-06
-1.25207e-05,-1.23666e-05,-1.1887e-05,-1.12458e-05,-1.04233e-05,-9.44735e-06,-8.42105e-06,-7.32666e-06,-6.18182e-06,-5.13423e-06,-3.91235e-06
-1.23637e-05,-1.21644e-05,-1.17128e-05,-1.10925e-05,-1.02553e-05,-9.33505e-06,-8.31671e-06,-7.22228e-06,-6.10452e-06,-5.03666e-06,-3.89788e-06
-1.21997e-05,-1.20347e-05,-1.15991e-05,-1.09546e-05,-1.01346e-05,-9.1975e-06,-8.18407e-06,-7.13236e-06,-6.00019e-06,-4.97118e-06,-3.81623e-06
-1.20453e-05,-1.18392e-05,-1.14166e-05,-1.08125e-05,-1.001e-05,-9.079e-06,-8.08803e-06,-7.02255e-06,-5.93424e-06,-4.90101e-06,-3.77678e-06
-1.18858e-05,-1.16972e-05,-1.12981e-05,-1.06734e-05,-9.85301e-06,-8.94212e-06,-7.97426e-06,-6.95136e-06,-5.8461e-06,-4.81807e-06,-3.72703e-06
-1.17165e-05,-1.15549e-05,-1.11158e-05,-1.05111e-05,-9.73563e-06,-8.81691e-06,-7.87654e-06,-6.83693e-06,-5.77436e-06,-4.75662e-06,-3.664e-06
-1.15649e-05,-1.13737e-05,-1.09652e-05,-1.037e-05,-9.61374e-06,-8.68487e-06,-7.76285e-06,-6.73733e-06,-5.68406e-06,-4.70412e-06,-3.59167e-06
-1.14224e-05,-1.12222e-05,-1.08196e-05,-1.02404e-05,-9.48877e-06,-8.57476e-06,-7.6654e-06,-6.65104e-06,-5.6021e-06,-4.63381e-06,-3.52206e-06
-1.12647e-05,-1.10803e-05,-1.0694e-05,-1.0095e-05,-9.37401e-06,-8.46868e-06,-7.54499e-06,-6.57003e-06,-5.53419e-06,-4.56125e-06,-3.50141e-06
-1.11025e-05,-1.09389e-05,-1.05402e-05,-9.96375e-06,-9.2389e-06,-8.36052e-06,-7.44686e-06,-6.47213e-06,-5.44778e-06,-4.48333e-06,-3.45361e-06
-1.09304e-05,-1.08199e-05,-1.04104e-05,-9.8331e-06,-9.12163e-06,-8.25046e-06,-7.35632e-06,-6.37672e-06,-5.36861e-06,-4.43313e-06,-3.37775e-06
-1.08327e-05,-1.06734e-05,-1.02758e-05,-9.71234e-06,-8.99062e-06,-8.13533e-06,-7.25057e-06,-6.30505e-06,-5.31002e-06,-4.35914e-06,-3.33734e-06
-1.06748e-05,-1.05099e-05,-1.01199e-05,-9.56645e-06,-8.88493e-06,-8.02138e-06,-7.14915e-06,-6.21532e-06,-5.22963e-06,-4.29717e-06,-3.27267e-06
-1.05366e-05,-1.03776e-05,-9.96983e-06,-9.44847e-06,-8.80007e-06,-7.94003e-06,-7.06249e-06,-6.12319e-06,-5.1741e-06,-4.24359e-06,-3.24333e-06
-1.03916e-05,-1.02443e-05,-9.86079e-06,-9.30873e-06,-8.63945e-06,-7.8306e-06,-6.96601e-06,-6.04923e-06,-5.07441e-06,-4.17941e-06,-3.2011e-06
-1.02579e-05,-1.01163e-05,-9.75312e-06,-9.2041e-06,-8.54063e-06,-7.71611e-06,-6.87113e-06,-5.95473e-06,-5.01038e-06,-4.10849e-06,-3.13935e-06
-1.01447e-05,-9.99437e-06,-9.60521e-06,-9.10201e-06,-8.41048e-06,-7.62236e-06,-6.77384e-06,-5.88715e-06,-4.95553e-06,-4.06736e-06,-3.08691e-06
-1.00235e-05,-9.86577e-06,-9.49387e-06,-8.95081e-06,-8.31197e-06,-7.52256e-06,-6.68615e-06,-5.80952e-06,-4.88294e-06,-3.99285e-06,-3.0586e-06
-9.89236e-06,-9.74162e-06,-9.38453e-06,-8.87353e-06,-8.20952e-06,-7.42391e-06,-6.59654e-06,-5.74124e-06,-4.82031e-06,-3.95524e-06,-3.00949e-06
-9.75482e-06,-9.61829e-06,-9.25679e-06,-8.72761e-06,-8.09665e-06,-7.3179e-06,-6.50771e-06,-5.63686e-06,-4.74712e-06,-3.89256e-06,-2.96566e-06
-9.61129e-06,-9.46388e-06,-9.12431e-06,-8.61563e-06,-7.99689e-06,-7.22209e-06,-6.42568e-06,-5.56401e-06,-4.68331e-06,-3.8375e-06,-2.89828e-06
-9.52462e-06,-9.3696e-06,-9.01862e-06,-8.48243e-06,-7.87857e-06,-7.12582e-06,-6.32476e-06,-5.49025e-06,-4.63972e-06,-3.7862e-06,-2.85228e-06
-9.37591e-06,-9.22571e-06,-8.90166e-06,-8.42341e-06,-7.77575e-06,-7.03211e-06,-6.25081e-06,-5.4107e-06,-4.55335e-06,-3.74065e-06,-2.83434e-06
-9.25532e-06,-9.13326e-06,-8.78826e-06,-8.2993e-06,-7.67334e-06,-6.93467e-06,-6.18849e-06,-5.33811e-06,-4.48798e-06,-3.67066e-06,-2.7906e-06
-9.1058e-06,-8.96737e-06,-8.67135e-06,-8.18788e-06,-7.57006e-06,-6.86465e-06,-6.09869e-06,-5.25924e-06,-4.42586e-06,-3.63259e-06,-2.73528e-06
-9.03176e-06,-8.90423e-06,-8.55189e-06,-8.07998e-06,-7.4801e-06,-6.77202e-06,-6.01222e-06,-5.20864e-06,-4.3799e-06,-3.55447e-06,-2.71499e-06
-8.89061e-06,-8.73586e-06,-8.42381e-06,-7.97906e-06,-7.39623e-06,-6.68902e-06,-5.93869e-06,-5.13316e-06,-4.32064e-06,-3.53842e-06,-2.66515e-06
