# xi1
# underflow	 -12.956326    	 0.83281333E-03
# overflow	-0.38962806E-01	 0.22517002E-04
# sum	 -16.072254    	 0.85779900E-03
# xmin	xmax	cross	numerror
  3124.0000    	  3125.0000    	-0.65556780E-02	 0.11733845E-04
  3125.0000    	  3126.0000    	-0.63123154E-02	 0.12408808E-04
  3126.0000    	  3127.0000    	-0.58222515E-02	 0.11832520E-04
  3127.0000    	  3128.0000    	-0.51398914E-02	 0.10885178E-04
  3128.0000    	  3129.0000    	-0.44509226E-02	 0.97389118E-05
  3129.0000    	  3130.0000    	-0.38121279E-02	 0.78338732E-05
  3130.0000    	  3131.0000    	-0.33137595E-02	 0.71220785E-05
  3131.0000    	  3132.0000    	-0.29694176E-02	 0.66546032E-05
  3132.0000    	  3133.0000    	-0.27170166E-02	 0.63223059E-05
  3133.0000    	  3134.0000    	-0.24110834E-02	 0.59925308E-05
  3134.0000    	  3135.0000    	-0.19000289E-02	 0.53346510E-05
  3135.0000    	  3136.0000    	-0.64869958E-02	 0.11471832E-04
  3136.0000    	  3137.0000    	-0.62783747E-02	 0.11077090E-04
  3137.0000    	  3138.0000    	-0.57583974E-02	 0.10513194E-04
  3138.0000    	  3139.0000    	-0.51238147E-02	 0.99194528E-05
  3139.0000    	  3140.0000    	-0.44244512E-02	 0.89884851E-05
  3140.0000    	  3141.0000    	-0.38001430E-02	 0.77937677E-05
  3141.0000    	  3142.0000    	-0.32800229E-02	 0.67982600E-05
  3142.0000    	  3143.0000    	-0.29512854E-02	 0.64289119E-05
  3143.0000    	  3144.0000    	-0.26977232E-02	 0.62266880E-05
  3144.0000    	  3145.0000    	-0.23868362E-02	 0.59619638E-05
  3145.0000    	  3146.0000    	-0.18895792E-02	 0.53182693E-05
  3146.0000    	  3147.0000    	-0.64406837E-02	 0.11629610E-04
  3147.0000    	  3148.0000    	-0.62206430E-02	 0.10658649E-04
  3148.0000    	  3149.0000    	-0.57168195E-02	 0.10656691E-04
  3149.0000    	  3150.0000    	-0.50774543E-02	 0.95499954E-05
  3150.0000    	  3151.0000    	-0.43651451E-02	 0.81216056E-05
  3151.0000    	  3152.0000    	-0.37775389E-02	 0.76842997E-05
  3152.0000    	  3153.0000    	-0.32654416E-02	 0.66586537E-05
  3153.0000    	  3154.0000    	-0.29300118E-02	 0.63572430E-05
  3154.0000    	  3155.0000    	-0.26853617E-02	 0.61988075E-05
  3155.0000    	  3156.0000    	-0.23789644E-02	 0.59186909E-05
  3156.0000    	  3157.0000    	-0.18610030E-02	 0.52854766E-05
  3157.0000    	  3158.0000    	-0.63956420E-02	 0.11087847E-04
  3158.0000    	  3159.0000    	-0.61578748E-02	 0.10460558E-04
  3159.0000    	  3160.0000    	-0.56803243E-02	 0.96597872E-05
  3160.0000    	  3161.0000    	-0.50295943E-02	 0.86432885E-05
  3161.0000    	  3162.0000    	-0.43340377E-02	 0.82678266E-05
  3162.0000    	  3163.0000    	-0.37394541E-02	 0.76518386E-05
  3163.0000    	  3164.0000    	-0.32465137E-02	 0.66226361E-05
  3164.0000    	  3165.0000    	-0.29072009E-02	 0.62650980E-05
  3165.0000    	  3166.0000    	-0.26656247E-02	 0.61474600E-05
  3166.0000    	  3167.0000    	-0.23570234E-02	 0.58669699E-05
  3167.0000    	  3168.0000    	-0.18465287E-02	 0.52610135E-05
  3168.0000    	  3169.0000    	-0.63384763E-02	 0.10936565E-04
  3169.0000    	  3170.0000    	-0.61271501E-02	 0.10678754E-04
  3170.0000    	  3171.0000    	-0.56148656E-02	 0.99115242E-05
  3171.0000    	  3172.0000    	-0.49880249E-02	 0.84412459E-05
  3172.0000    	  3173.0000    	-0.43046383E-02	 0.75657918E-05
  3173.0000    	  3174.0000    	-0.37163593E-02	 0.72620485E-05
  3174.0000    	  3175.0000    	-0.32255635E-02	 0.65102912E-05
  3175.0000    	  3176.0000    	-0.28921863E-02	 0.62514831E-05
  3176.0000    	  3177.0000    	-0.26450171E-02	 0.60737929E-05
  3177.0000    	  3178.0000    	-0.23309239E-02	 0.58174324E-05
  3178.0000    	  3179.0000    	-0.18266859E-02	 0.52090374E-05
  3179.0000    	  3180.0000    	-0.62902014E-02	 0.10817291E-04
  3180.0000    	  3181.0000    	-0.60536153E-02	 0.10146096E-04
  3181.0000    	  3182.0000    	-0.55632937E-02	 0.91434612E-05
  3182.0000    	  3183.0000    	-0.49499777E-02	 0.83525559E-05
  3183.0000    	  3184.0000    	-0.42602756E-02	 0.78473188E-05
  3184.0000    	  3185.0000    	-0.36842417E-02	 0.69071855E-05
  3185.0000    	  3186.0000    	-0.31950630E-02	 0.64215313E-05
  3186.0000    	  3187.0000    	-0.28759804E-02	 0.61795775E-05
  3187.0000    	  3188.0000    	-0.26237583E-02	 0.60641886E-05
  3188.0000    	  3189.0000    	-0.23170670E-02	 0.60336547E-05
  3189.0000    	  3190.0000    	-0.18066734E-02	 0.51931529E-05
  3190.0000    	  3191.0000    	-0.62370394E-02	 0.10727218E-04
  3191.0000    	  3192.0000    	-0.60227044E-02	 0.10020601E-04
  3192.0000    	  3193.0000    	-0.55176782E-02	 0.90029991E-05
  3193.0000    	  3194.0000    	-0.49042876E-02	 0.81053682E-05
  3194.0000    	  3195.0000    	-0.42250757E-02	 0.76191171E-05
  3195.0000    	  3196.0000    	-0.36631271E-02	 0.68940559E-05
  3196.0000    	  3197.0000    	-0.31582404E-02	 0.63805442E-05
  3197.0000    	  3198.0000    	-0.28425398E-02	 0.61155568E-05
  3198.0000    	  3199.0000    	-0.26105820E-02	 0.64398792E-05
  3199.0000    	  3200.0000    	-0.22835648E-02	 0.57247225E-05
  3200.0000    	  3201.0000    	-0.17869840E-02	 0.51234935E-05
  3201.0000    	  3202.0000    	-0.61724623E-02	 0.10597793E-04
  3202.0000    	  3203.0000    	-0.59569340E-02	 0.99642670E-05
  3203.0000    	  3204.0000    	-0.54789965E-02	 0.89395124E-05
  3204.0000    	  3205.0000    	-0.48603691E-02	 0.79763394E-05
  3205.0000    	  3206.0000    	-0.42005012E-02	 0.72338827E-05
  3206.0000    	  3207.0000    	-0.36172553E-02	 0.67586753E-05
  3207.0000    	  3208.0000    	-0.31507010E-02	 0.63244242E-05
  3208.0000    	  3209.0000    	-0.28322199E-02	 0.61089203E-05
  3209.0000    	  3210.0000    	-0.25852476E-02	 0.59958459E-05
  3210.0000    	  3211.0000    	-0.22670955E-02	 0.57533710E-05
  3211.0000    	  3212.0000    	-0.17792564E-02	 0.51352333E-05
  3212.0000    	  3213.0000    	-0.61232697E-02	 0.10512462E-04
  3213.0000    	  3214.0000    	-0.59083958E-02	 0.98237422E-05
  3214.0000    	  3215.0000    	-0.54227726E-02	 0.87788620E-05
  3215.0000    	  3216.0000    	-0.48246209E-02	 0.78999100E-05
  3216.0000    	  3217.0000    	-0.41515694E-02	 0.71389368E-05
  3217.0000    	  3218.0000    	-0.36010976E-02	 0.67171582E-05
  3218.0000    	  3219.0000    	-0.31251408E-02	 0.62759047E-05
  3219.0000    	  3220.0000    	-0.28050318E-02	 0.60655314E-05
  3220.0000    	  3221.0000    	-0.25770398E-02	 0.59553054E-05
  3221.0000    	  3222.0000    	-0.22557005E-02	 0.56953913E-05
  3222.0000    	  3223.0000    	-0.17468449E-02	 0.50758925E-05
  3223.0000    	  3224.0000    	-0.60833021E-02	 0.10427696E-04
  3224.0000    	  3225.0000    	-0.58636716E-02	 0.97273885E-05
  3225.0000    	  3226.0000    	-0.53816948E-02	 0.87715107E-05
  3226.0000    	  3227.0000    	-0.47646579E-02	 0.80160232E-05
  3227.0000    	  3228.0000    	-0.41149141E-02	 0.70696183E-05
  3228.0000    	  3229.0000    	-0.35708760E-02	 0.66701204E-05
  3229.0000    	  3230.0000    	-0.30922832E-02	 0.62740335E-05
  3230.0000    	  3231.0000    	-0.27924780E-02	 0.60311565E-05
  3231.0000    	  3232.0000    	-0.25504838E-02	 0.59163082E-05
  3232.0000    	  3233.0000    	-0.22298941E-02	 0.56692677E-05
  3233.0000    	  3234.0000    	-0.17299144E-02	 0.52777461E-05
  3234.0000    	  3235.0000    	-0.60189277E-02	 0.10321509E-04
  3235.0000    	  3236.0000    	-0.58080982E-02	 0.96282413E-05
  3236.0000    	  3237.0000    	-0.53313785E-02	 0.86209090E-05
  3237.0000    	  3238.0000    	-0.47326246E-02	 0.77387240E-05
  3238.0000    	  3239.0000    	-0.40796840E-02	 0.70294502E-05
  3239.0000    	  3240.0000    	-0.35304699E-02	 0.66056566E-05
  3240.0000    	  3241.0000    	-0.30640266E-02	 0.61863522E-05
  3241.0000    	  3242.0000    	-0.27607217E-02	 0.59804695E-05
  3242.0000    	  3243.0000    	-0.25318134E-02	 0.58925297E-05
  3243.0000    	  3244.0000    	-0.22162278E-02	 0.56349574E-05
  3244.0000    	  3245.0000    	-0.17118471E-02	 0.49877308E-05
  3245.0000    	  3246.0000    	-0.59525356E-02	 0.10213497E-04
  3246.0000    	  3247.0000    	-0.57651707E-02	 0.95722870E-05
  3247.0000    	  3248.0000    	-0.52829217E-02	 0.85529821E-05
  3248.0000    	  3249.0000    	-0.46908350E-02	 0.76976719E-05
  3249.0000    	  3250.0000    	-0.40505317E-02	 0.69865516E-05
  3250.0000    	  3251.0000    	-0.35021245E-02	 0.65599963E-05
  3251.0000    	  3252.0000    	-0.30528102E-02	 0.61650644E-05
  3252.0000    	  3253.0000    	-0.27599544E-02	 0.59954542E-05
  3253.0000    	  3254.0000    	-0.25078196E-02	 0.58805809E-05
  3254.0000    	  3255.0000    	-0.21976107E-02	 0.56207348E-05
  3255.0000    	  3256.0000    	-0.16912334E-02	 0.49592383E-05
  3256.0000    	  3257.0000    	-0.59344774E-02	 0.10184487E-04
  3257.0000    	  3258.0000    	-0.56942618E-02	 0.94558527E-05
  3258.0000    	  3259.0000    	-0.52298722E-02	 0.84656414E-05
  3259.0000    	  3260.0000    	-0.46437056E-02	 0.76194916E-05
  3260.0000    	  3261.0000    	-0.40210824E-02	 0.69606878E-05
  3261.0000    	  3262.0000    	-0.34803016E-02	 0.65314283E-05
  3262.0000    	  3263.0000    	-0.30195165E-02	 0.61263268E-05
  3263.0000    	  3264.0000    	-0.27314678E-02	 0.59461589E-05
  3264.0000    	  3265.0000    	-0.25012273E-02	 0.58347781E-05
  3265.0000    	  3266.0000    	-0.21697624E-02	 0.55345074E-05
  3266.0000    	  3267.0000    	-0.16726546E-02	 0.49245022E-05
  3267.0000    	  3268.0000    	-0.58772616E-02	 0.10087965E-04
  3268.0000    	  3269.0000    	-0.56614186E-02	 0.94109361E-05
  3269.0000    	  3270.0000    	-0.51956029E-02	 0.84407218E-05
  3270.0000    	  3271.0000    	-0.46104477E-02	 0.76165474E-05
  3271.0000    	  3272.0000    	-0.39839523E-02	 0.69070781E-05
  3272.0000    	  3273.0000    	-0.34479979E-02	 0.64898308E-05
  3273.0000    	  3274.0000    	-0.30042671E-02	 0.61067144E-05
  3274.0000    	  3275.0000    	-0.27111219E-02	 0.59052713E-05
  3275.0000    	  3276.0000    	-0.24701393E-02	 0.57891575E-05
  3276.0000    	  3277.0000    	-0.21538822E-02	 0.55276949E-05
  3277.0000    	  3278.0000    	-0.16578574E-02	 0.49043874E-05
  3278.0000    	  3279.0000    	-0.58015472E-02	 0.99813639E-05
  3279.0000    	  3280.0000    	-0.56086094E-02	 0.93259975E-05
  3280.0000    	  3281.0000    	-0.51298152E-02	 0.83234463E-05
  3281.0000    	  3282.0000    	-0.45696270E-02	 0.76497162E-05
  3282.0000    	  3283.0000    	-0.39325870E-02	 0.68401603E-05
  3283.0000    	  3284.0000    	-0.34172336E-02	 0.64760369E-05
  3284.0000    	  3285.0000    	-0.29812298E-02	 0.60681202E-05
  3285.0000    	  3286.0000    	-0.26872751E-02	 0.58955714E-05
  3286.0000    	  3287.0000    	-0.24616944E-02	 0.57751844E-05
  3287.0000    	  3288.0000    	-0.21330352E-02	 0.55467043E-05
  3288.0000    	  3289.0000    	-0.16434905E-02	 0.48899191E-05
  3289.0000    	  3290.0000    	-0.57739577E-02	 0.99284628E-05
  3290.0000    	  3291.0000    	-0.55487344E-02	 0.92355234E-05
  3291.0000    	  3292.0000    	-0.51070528E-02	 0.83038253E-05
  3292.0000    	  3293.0000    	-0.45242510E-02	 0.74613013E-05
  3293.0000    	  3294.0000    	-0.39189569E-02	 0.68165243E-05
  3294.0000    	  3295.0000    	-0.33893504E-02	 0.64219176E-05
  3295.0000    	  3296.0000    	-0.29564744E-02	 0.60359465E-05
  3296.0000    	  3297.0000    	-0.26811332E-02	 0.58803957E-05
  3297.0000    	  3298.0000    	-0.24405127E-02	 0.57383966E-05
  3298.0000    	  3299.0000    	-0.21196375E-02	 0.54711042E-05
  3299.0000    	  3300.0000    	-0.16188496E-02	 0.48336567E-05
  3300.0000    	  3301.0000    	-0.57167518E-02	 0.99225765E-05
  3301.0000    	  3302.0000    	-0.55072536E-02	 0.91757444E-05
  3302.0000    	  3303.0000    	-0.50485204E-02	 0.82284691E-05
  3303.0000    	  3304.0000    	-0.44849987E-02	 0.74183167E-05
  3304.0000    	  3305.0000    	-0.38770955E-02	 0.68268241E-05
  3305.0000    	  3306.0000    	-0.33717498E-02	 0.64222769E-05
  3306.0000    	  3307.0000    	-0.29243446E-02	 0.59891191E-05
  3307.0000    	  3308.0000    	-0.26550489E-02	 0.58314423E-05
  3308.0000    	  3309.0000    	-0.24225274E-02	 0.57351018E-05
  3309.0000    	  3310.0000    	-0.20929895E-02	 0.54254875E-05
  3310.0000    	  3311.0000    	-0.15982472E-02	 0.47918249E-05
  3311.0000    	  3312.0000    	-0.56744944E-02	 0.97818673E-05
  3312.0000    	  3313.0000    	-0.54700780E-02	 0.91165058E-05
  3313.0000    	  3314.0000    	-0.50070101E-02	 0.81797935E-05
  3314.0000    	  3315.0000    	-0.44425892E-02	 0.73752118E-05
  3315.0000    	  3316.0000    	-0.38360563E-02	 0.67341367E-05
  3316.0000    	  3317.0000    	-0.33307944E-02	 0.63541043E-05
  3317.0000    	  3318.0000    	-0.29131107E-02	 0.59843420E-05
  3318.0000    	  3319.0000    	-0.26276037E-02	 0.58069400E-05
  3319.0000    	  3320.0000    	-0.24090505E-02	 0.57990733E-05
  3320.0000    	  3321.0000    	-0.20780378E-02	 0.53898404E-05
  3321.0000    	  3322.0000    	-0.15847677E-02	 0.47566982E-05
  3322.0000    	  3323.0000    	-0.56153603E-02	 0.97054141E-05
  3323.0000    	  3324.0000    	-0.54151883E-02	 0.90452644E-05
  3324.0000    	  3325.0000    	-0.49718667E-02	 0.81329093E-05
  3325.0000    	  3326.0000    	-0.44031540E-02	 0.73270139E-05
  3326.0000    	  3327.0000    	-0.38106468E-02	 0.66986721E-05
  3327.0000    	  3328.0000    	-0.33090017E-02	 0.63414113E-05
  3328.0000    	  3329.0000    	-0.28866979E-02	 0.59796985E-05
  3329.0000    	  3330.0000    	-0.26236062E-02	 0.57851927E-05
  3330.0000    	  3331.0000    	-0.23916802E-02	 0.56864912E-05
  3331.0000    	  3332.0000    	-0.20604388E-02	 0.53848181E-05
  3332.0000    	  3333.0000    	-0.15670643E-02	 0.47429442E-05
  3333.0000    	  3334.0000    	-0.55725202E-02	 0.96318184E-05
  3334.0000    	  3335.0000    	-0.53560815E-02	 0.89755639E-05
  3335.0000    	  3336.0000    	-0.49222484E-02	 0.80619633E-05
  3336.0000    	  3337.0000    	-0.43714982E-02	 0.73222035E-05
  3337.0000    	  3338.0000    	-0.37791964E-02	 0.66822114E-05
  3338.0000    	  3339.0000    	-0.32806481E-02	 0.63113104E-05
  3339.0000    	  3340.0000    	-0.28709409E-02	 0.59239796E-05
  3340.0000    	  3341.0000    	-0.26017352E-02	 0.57523148E-05
  3341.0000    	  3342.0000    	-0.23669048E-02	 0.56290327E-05
  3342.0000    	  3343.0000    	-0.20308517E-02	 0.53008762E-05
  3343.0000    	  3344.0000    	-0.15487548E-02	 0.46909158E-05
  3344.0000    	  3345.0000    	-0.55336805E-02	 0.95763917E-05
  3345.0000    	  3346.0000    	-0.53196619E-02	 0.89128402E-05
  3346.0000    	  3347.0000    	-0.48709015E-02	 0.80046157E-05
  3347.0000    	  3348.0000    	-0.43206351E-02	 0.72483198E-05
  3348.0000    	  3349.0000    	-0.37347149E-02	 0.66731117E-05
  3349.0000    	  3350.0000    	-0.32536057E-02	 0.63030255E-05
  3350.0000    	  3351.0000    	-0.28421286E-02	 0.58726984E-05
  3351.0000    	  3352.0000    	-0.25730929E-02	 0.57116661E-05
  3352.0000    	  3353.0000    	-0.23436317E-02	 0.56031514E-05
  3353.0000    	  3354.0000    	-0.20294953E-02	 0.53488682E-05
  3354.0000    	  3355.0000    	-0.15363572E-02	 0.46800025E-05
  3355.0000    	  3356.0000    	-0.54798999E-02	 0.95166344E-05
  3356.0000    	  3357.0000    	-0.52666421E-02	 0.88590181E-05
  3357.0000    	  3358.0000    	-0.48380969E-02	 0.79670681E-05
  3358.0000    	  3359.0000    	-0.42841909E-02	 0.72153671E-05
  3359.0000    	  3360.0000    	-0.37132499E-02	 0.66156970E-05
  3360.0000    	  3361.0000    	-0.32290957E-02	 0.62467038E-05
  3361.0000    	  3362.0000    	-0.28239756E-02	 0.58684610E-05
  3362.0000    	  3363.0000    	-0.25580374E-02	 0.56947164E-05
  3363.0000    	  3364.0000    	-0.23346168E-02	 0.56046940E-05
  3364.0000    	  3365.0000    	-0.20002705E-02	 0.52873358E-05
  3365.0000    	  3366.0000    	-0.15169756E-02	 0.46266376E-05
  3366.0000    	  3367.0000    	-0.54350819E-02	 0.94302010E-05
  3367.0000    	  3368.0000    	-0.52340631E-02	 0.87988119E-05
  3368.0000    	  3369.0000    	-0.48086660E-02	 0.79339240E-05
  3369.0000    	  3370.0000    	-0.42491589E-02	 0.71754653E-05
  3370.0000    	  3371.0000    	-0.36797445E-02	 0.65750144E-05
  3371.0000    	  3372.0000    	-0.32020495E-02	 0.62289247E-05
  3372.0000    	  3373.0000    	-0.27966421E-02	 0.58234638E-05
  3373.0000    	  3374.0000    	-0.25468608E-02	 0.56926313E-05
  3374.0000    	  3375.0000    	-0.23183470E-02	 0.55609449E-05
  3375.0000    	  3376.0000    	-0.19891004E-02	 0.53461010E-05
  3376.0000    	  3377.0000    	-0.14938521E-02	 0.45930154E-05
  3377.0000    	  3378.0000    	-0.53885793E-02	 0.93762762E-05
  3378.0000    	  3379.0000    	-0.51782331E-02	 0.87345434E-05
  3379.0000    	  3380.0000    	-0.47443667E-02	 0.78752661E-05
  3380.0000    	  3381.0000    	-0.42159063E-02	 0.71597933E-05
  3381.0000    	  3382.0000    	-0.36414760E-02	 0.65186605E-05
  3382.0000    	  3383.0000    	-0.31767727E-02	 0.61860423E-05
  3383.0000    	  3384.0000    	-0.27881990E-02	 0.58230702E-05
  3384.0000    	  3385.0000    	-0.25248632E-02	 0.56530274E-05
  3385.0000    	  3386.0000    	-0.23019411E-02	 0.55213078E-05
  3386.0000    	  3387.0000    	-0.19663308E-02	 0.52300163E-05
  3387.0000    	  3388.0000    	-0.14909351E-02	 0.46183484E-05
  3388.0000    	  3389.0000    	-0.53455263E-02	 0.93080908E-05
  3389.0000    	  3390.0000    	-0.51205390E-02	 0.86518483E-05
  3390.0000    	  3391.0000    	-0.47130987E-02	 0.79354612E-05
  3391.0000    	  3392.0000    	-0.41688225E-02	 0.75773829E-05
  3392.0000    	  3393.0000    	-0.36259886E-02	 0.65380598E-05
  3393.0000    	  3394.0000    	-0.31587590E-02	 0.61859318E-05
  3394.0000    	  3395.0000    	-0.27564364E-02	 0.57790854E-05
  3395.0000    	  3396.0000    	-0.25083673E-02	 0.56282907E-05
  3396.0000    	  3397.0000    	-0.22891684E-02	 0.55226408E-05
  3397.0000    	  3398.0000    	-0.19479262E-02	 0.51825465E-05
  3398.0000    	  3399.0000    	-0.14685292E-02	 0.45682426E-05
  3399.0000    	  3400.0000    	-0.52876499E-02	 0.92395889E-05
  3400.0000    	  3401.0000    	-0.50938181E-02	 0.86166103E-05
  3401.0000    	  3402.0000    	-0.46626853E-02	 0.77716263E-05
  3402.0000    	  3403.0000    	-0.41359287E-02	 0.70647416E-05
  3403.0000    	  3404.0000    	-0.35832582E-02	 0.64830520E-05
  3404.0000    	  3405.0000    	-0.31262794E-02	 0.61363482E-05
  3405.0000    	  3406.0000    	-0.27409773E-02	 0.57608371E-05
  3406.0000    	  3407.0000    	-0.24880241E-02	 0.56505628E-05
  3407.0000    	  3408.0000    	-0.22656560E-02	 0.54807172E-05
  3408.0000    	  3409.0000    	-0.19348975E-02	 0.51697180E-05
  3409.0000    	  3410.0000    	-0.14537550E-02	 0.45278436E-05
  3410.0000    	  3411.0000    	-0.52458015E-02	 0.92208745E-05
  3411.0000    	  3412.0000    	-0.50428102E-02	 0.85675329E-05
  3412.0000    	  3413.0000    	-0.46238670E-02	 0.77519903E-05
  3413.0000    	  3414.0000    	-0.40954287E-02	 0.70283995E-05
  3414.0000    	  3415.0000    	-0.35482168E-02	 0.64451830E-05
  3415.0000    	  3416.0000    	-0.30987743E-02	 0.60990382E-05
  3416.0000    	  3417.0000    	-0.27263092E-02	 0.57374593E-05
  3417.0000    	  3418.0000    	-0.24797372E-02	 0.55915188E-05
  3418.0000    	  3419.0000    	-0.22441418E-02	 0.54650741E-05
  3419.0000    	  3420.0000    	-0.19153191E-02	 0.51321161E-05
  3420.0000    	  3421.0000    	-0.14347866E-02	 0.44980370E-05
  3421.0000    	  3422.0000    	-0.52148055E-02	 0.91398523E-05
  3422.0000    	  3423.0000    	-0.50015950E-02	 0.85067513E-05
  3423.0000    	  3424.0000    	-0.45856584E-02	 0.77110307E-05
  3424.0000    	  3425.0000    	-0.40624094E-02	 0.69900751E-05
  3425.0000    	  3426.0000    	-0.35270219E-02	 0.64250820E-05
  3426.0000    	  3427.0000    	-0.30796256E-02	 0.60814034E-05
  3427.0000    	  3428.0000    	-0.26979291E-02	 0.57052883E-05
  3428.0000    	  3429.0000    	-0.24466807E-02	 0.55365753E-05
  3429.0000    	  3430.0000    	-0.22288148E-02	 0.54426238E-05
  3430.0000    	  3431.0000    	-0.18967202E-02	 0.51145558E-05
  3431.0000    	  3432.0000    	-0.14229142E-02	 0.44851659E-05
  3432.0000    	  3433.0000    	-0.51579497E-02	 0.90606308E-05
  3433.0000    	  3434.0000    	-0.49535716E-02	 0.84443890E-05
  3434.0000    	  3435.0000    	-0.45457706E-02	 0.77557148E-05
  3435.0000    	  3436.0000    	-0.40221826E-02	 0.70195563E-05
  3436.0000    	  3437.0000    	-0.34958927E-02	 0.68648147E-05
  3437.0000    	  3438.0000    	-0.30454643E-02	 0.60856008E-05
  3438.0000    	  3439.0000    	-0.26761094E-02	 0.56680681E-05
  3439.0000    	  3440.0000    	-0.24339849E-02	 0.55186109E-05
  3440.0000    	  3441.0000    	-0.22127968E-02	 0.54181301E-05
  3441.0000    	  3442.0000    	-0.18827737E-02	 0.51017659E-05
  3442.0000    	  3443.0000    	-0.14075098E-02	 0.44119087E-05
  3443.0000    	  3444.0000    	-0.51099484E-02	 0.89975295E-05
  3444.0000    	  3445.0000    	-0.49064241E-02	 0.83991383E-05
  3445.0000    	  3446.0000    	-0.45058047E-02	 0.76084942E-05
  3446.0000    	  3447.0000    	-0.39825165E-02	 0.69241968E-05
  3447.0000    	  3448.0000    	-0.34610795E-02	 0.63498622E-05
  3448.0000    	  3449.0000    	-0.30225049E-02	 0.60203193E-05
  3449.0000    	  3450.0000    	-0.26643668E-02	 0.56671401E-05
  3450.0000    	  3451.0000    	-0.24227927E-02	 0.55410120E-05
  3451.0000    	  3452.0000    	-0.21928292E-02	 0.53656905E-05
  3452.0000    	  3453.0000    	-0.18593445E-02	 0.50409268E-05
  3453.0000    	  3454.0000    	-0.13905662E-02	 0.43996433E-05
  3454.0000    	  3455.0000    	-0.50798515E-02	 0.89679379E-05
  3455.0000    	  3456.0000    	-0.48683753E-02	 0.83502889E-05
  3456.0000    	  3457.0000    	-0.44546037E-02	 0.75762986E-05
  3457.0000    	  3458.0000    	-0.39549062E-02	 0.68923739E-05
  3458.0000    	  3459.0000    	-0.34347431E-02	 0.63358821E-05
  3459.0000    	  3460.0000    	-0.30045444E-02	 0.60876062E-05
  3460.0000    	  3461.0000    	-0.26462655E-02	 0.56381008E-05
  3461.0000    	  3462.0000    	-0.24050291E-02	 0.54931094E-05
  3462.0000    	  3463.0000    	-0.21859370E-02	 0.53821524E-05
  3463.0000    	  3464.0000    	-0.18453427E-02	 0.50260799E-05
  3464.0000    	  3465.0000    	-0.13756620E-02	 0.43756312E-05
  3465.0000    	  3466.0000    	-0.50308128E-02	 0.89184159E-05
  3466.0000    	  3467.0000    	-0.48207828E-02	 0.82825589E-05
  3467.0000    	  3468.0000    	-0.44286733E-02	 0.75372449E-05
  3468.0000    	  3469.0000    	-0.39205922E-02	 0.68712146E-05
  3469.0000    	  3470.0000    	-0.34164580E-02	 0.63436082E-05
  3470.0000    	  3471.0000    	-0.29724274E-02	 0.59541442E-05
  3471.0000    	  3472.0000    	-0.26234846E-02	 0.57165102E-05
  3472.0000    	  3473.0000    	-0.23869747E-02	 0.54569906E-05
  3473.0000    	  3474.0000    	-0.21653671E-02	 0.53330829E-05
  3474.0000    	  3475.0000    	-0.18287948E-02	 0.50161302E-05
  3475.0000    	  3476.0000    	-0.13571983E-02	 0.43649665E-05
  3476.0000    	  3477.0000    	-0.49936437E-02	 0.88560887E-05
  3477.0000    	  3478.0000    	-0.47796702E-02	 0.82407970E-05
  3478.0000    	  3479.0000    	-0.43745311E-02	 0.74856238E-05
  3479.0000    	  3480.0000    	-0.38759879E-02	 0.68178440E-05
  3480.0000    	  3481.0000    	-0.33704024E-02	 0.62794023E-05
  3481.0000    	  3482.0000    	-0.29531554E-02	 0.59697004E-05
  3482.0000    	  3483.0000    	-0.26042666E-02	 0.55994499E-05
  3483.0000    	  3484.0000    	-0.23730180E-02	 0.54676995E-05
  3484.0000    	  3485.0000    	-0.21511294E-02	 0.53160723E-05
  3485.0000    	  3486.0000    	-0.18126988E-02	 0.49888564E-05
  3486.0000    	  3487.0000    	-0.13473144E-02	 0.43549733E-05
  3487.0000    	  3488.0000    	-0.49326153E-02	 0.87729729E-05
  3488.0000    	  3489.0000    	-0.47410629E-02	 0.82142828E-05
  3489.0000    	  3490.0000    	-0.43489015E-02	 0.75442071E-05
  3490.0000    	  3491.0000    	-0.38530098E-02	 0.68148068E-05
  3491.0000    	  3492.0000    	-0.33461889E-02	 0.62465373E-05
  3492.0000    	  3493.0000    	-0.29242167E-02	 0.58964655E-05
  3493.0000    	  3494.0000    	-0.25910139E-02	 0.55710142E-05
  3494.0000    	  3495.0000    	-0.23591047E-02	 0.54664725E-05
  3495.0000    	  3496.0000    	-0.21324149E-02	 0.53022789E-05
  3496.0000    	  3497.0000    	-0.17929815E-02	 0.49418335E-05
  3497.0000    	  3498.0000    	-0.13271488E-02	 0.42978590E-05
  3498.0000    	  3499.0000    	-0.48971816E-02	 0.87389361E-05
  3499.0000    	  3500.0000    	-0.46950187E-02	 0.81427309E-05
  3500.0000    	  3501.0000    	-0.42989834E-02	 0.74329556E-05
  3501.0000    	  3502.0000    	-0.38121943E-02	 0.67799408E-05
  3502.0000    	  3503.0000    	-0.33099631E-02	 0.62551563E-05
  3503.0000    	  3504.0000    	-0.29138427E-02	 0.59067476E-05
  3504.0000    	  3505.0000    	-0.25589424E-02	 0.55330074E-05
  3505.0000    	  3506.0000    	-0.23416154E-02	 0.54195888E-05
  3506.0000    	  3507.0000    	-0.21058673E-02	 0.52534794E-05
  3507.0000    	  3508.0000    	-0.17675167E-02	 0.49037636E-05
  3508.0000    	  3509.0000    	-0.13126032E-02	 0.42628643E-05
  3509.0000    	  3510.0000    	-0.48518487E-02	 0.86812191E-05
  3510.0000    	  3511.0000    	-0.46597088E-02	 0.81219486E-05
  3511.0000    	  3512.0000    	-0.42643858E-02	 0.73618533E-05
  3512.0000    	  3513.0000    	-0.37799267E-02	 0.68205291E-05
  3513.0000    	  3514.0000    	-0.32983183E-02	 0.62275906E-05
  3514.0000    	  3515.0000    	-0.28823589E-02	 0.58527322E-05
  3515.0000    	  3516.0000    	-0.25408753E-02	 0.55158966E-05
  3516.0000    	  3517.0000    	-0.23216191E-02	 0.54270460E-05
  3517.0000    	  3518.0000    	-0.21021610E-02	 0.52448635E-05
  3518.0000    	  3519.0000    	-0.17660953E-02	 0.49366259E-05
  3519.0000    	  3520.0000    	-0.12990233E-02	 0.42560459E-05
  3520.0000    	  3521.0000    	-0.48101279E-02	 0.86252450E-05
  3521.0000    	  3522.0000    	-0.46098539E-02	 0.80392290E-05
  3522.0000    	  3523.0000    	-0.42281404E-02	 0.73415140E-05
  3523.0000    	  3524.0000    	-0.37497863E-02	 0.67214852E-05
  3524.0000    	  3525.0000    	-0.32660747E-02	 0.61804086E-05
  3525.0000    	  3526.0000    	-0.28514623E-02	 0.58217034E-05
  3526.0000    	  3527.0000    	-0.25274994E-02	 0.54966801E-05
  3527.0000    	  3528.0000    	-0.23059222E-02	 0.53549551E-05
  3528.0000    	  3529.0000    	-0.20859963E-02	 0.52285027E-05
  3529.0000    	  3530.0000    	-0.17435913E-02	 0.48740630E-05
  3530.0000    	  3531.0000    	-0.12758125E-02	 0.41836917E-05
  3531.0000    	  3532.0000    	-0.47800818E-02	 0.85799721E-05
  3532.0000    	  3533.0000    	-0.45821423E-02	 0.80128681E-05
  3533.0000    	  3534.0000    	-0.41829306E-02	 0.72941220E-05
  3534.0000    	  3535.0000    	-0.37131884E-02	 0.66961698E-05
  3535.0000    	  3536.0000    	-0.32335922E-02	 0.61454615E-05
  3536.0000    	  3537.0000    	-0.28316184E-02	 0.57856211E-05
  3537.0000    	  3538.0000    	-0.25163254E-02	 0.54909164E-05
  3538.0000    	  3539.0000    	-0.22892884E-02	 0.53366635E-05
  3539.0000    	  3540.0000    	-0.20725606E-02	 0.52056779E-05
  3540.0000    	  3541.0000    	-0.17275614E-02	 0.48373730E-05
  3541.0000    	  3542.0000    	-0.12681540E-02	 0.41835523E-05
  3542.0000    	  3543.0000    	-0.47210755E-02	 0.85094347E-05
  3543.0000    	  3544.0000    	-0.45236011E-02	 0.79785156E-05
  3544.0000    	  3545.0000    	-0.41599480E-02	 0.72670438E-05
  3545.0000    	  3546.0000    	-0.36818806E-02	 0.66518036E-05
  3546.0000    	  3547.0000    	-0.32150435E-02	 0.61471027E-05
  3547.0000    	  3548.0000    	-0.28145647E-02	 0.57785741E-05
  3548.0000    	  3549.0000    	-0.24910097E-02	 0.54420198E-05
  3549.0000    	  3550.0000    	-0.22706814E-02	 0.53173287E-05
  3550.0000    	  3551.0000    	-0.20490588E-02	 0.51752021E-05
  3551.0000    	  3552.0000    	-0.17093837E-02	 0.48132176E-05
  3552.0000    	  3553.0000    	-0.12595920E-02	 0.41723574E-05
  3553.0000    	  3554.0000    	-0.46876446E-02	 0.84706984E-05
  3554.0000    	  3555.0000    	-0.44847888E-02	 0.78883131E-05
  3555.0000    	  3556.0000    	-0.41063716E-02	 0.72318063E-05
  3556.0000    	  3557.0000    	-0.36460993E-02	 0.66643457E-05
  3557.0000    	  3558.0000    	-0.31831575E-02	 0.61141485E-05
  3558.0000    	  3559.0000    	-0.27883762E-02	 0.57572672E-05
  3559.0000    	  3560.0000    	-0.24658201E-02	 0.54248537E-05
  3560.0000    	  3561.0000    	-0.22549899E-02	 0.52903459E-05
  3561.0000    	  3562.0000    	-0.20386383E-02	 0.51516404E-05
  3562.0000    	  3563.0000    	-0.16949449E-02	 0.48009516E-05
  3563.0000    	  3564.0000    	-0.12384195E-02	 0.41283334E-05
  3564.0000    	  3565.0000    	-0.46571632E-02	 0.84360360E-05
  3565.0000    	  3566.0000    	-0.44493376E-02	 0.78462886E-05
  3566.0000    	  3567.0000    	-0.40838152E-02	 0.72021404E-05
  3567.0000    	  3568.0000    	-0.36152581E-02	 0.65923346E-05
  3568.0000    	  3569.0000    	-0.31561683E-02	 0.60718225E-05
  3569.0000    	  3570.0000    	-0.27676544E-02	 0.57295514E-05
  3570.0000    	  3571.0000    	-0.24574222E-02	 0.54160844E-05
  3571.0000    	  3572.0000    	-0.22436676E-02	 0.52717889E-05
  3572.0000    	  3573.0000    	-0.20215593E-02	 0.51435732E-05
  3573.0000    	  3574.0000    	-0.16787762E-02	 0.47586021E-05
  3574.0000    	  3575.0000    	-0.12237744E-02	 0.40884699E-05
  3575.0000    	  3576.0000    	-0.46087345E-02	 0.83614235E-05
  3576.0000    	  3577.0000    	-0.44117841E-02	 0.78208569E-05
  3577.0000    	  3578.0000    	-0.40427218E-02	 0.72110950E-05
  3578.0000    	  3579.0000    	-0.35807926E-02	 0.65581983E-05
  3579.0000    	  3580.0000    	-0.31326570E-02	 0.61114933E-05
  3580.0000    	  3581.0000    	-0.27504196E-02	 0.57162991E-05
  3581.0000    	  3582.0000    	-0.24384251E-02	 0.53940774E-05
  3582.0000    	  3583.0000    	-0.22188995E-02	 0.52481342E-05
  3583.0000    	  3584.0000    	-0.20083821E-02	 0.51081730E-05
  3584.0000    	  3585.0000    	-0.16694206E-02	 0.47679203E-05
  3585.0000    	  3586.0000    	-0.12080492E-02	 0.40707317E-05
  3586.0000    	  3587.0000    	-0.45617112E-02	 0.83268791E-05
  3587.0000    	  3588.0000    	-0.43772434E-02	 0.78059176E-05
  3588.0000    	  3589.0000    	-0.40122195E-02	 0.71444096E-05
  3589.0000    	  3590.0000    	-0.35610655E-02	 0.65472921E-05
  3590.0000    	  3591.0000    	-0.31054384E-02	 0.60240228E-05
  3591.0000    	  3592.0000    	-0.27270132E-02	 0.56897478E-05
  3592.0000    	  3593.0000    	-0.24153668E-02	 0.54501087E-05
  3593.0000    	  3594.0000    	-0.22067835E-02	 0.52332075E-05
  3594.0000    	  3595.0000    	-0.19887570E-02	 0.50824505E-05
  3595.0000    	  3596.0000    	-0.16511871E-02	 0.47168350E-05
  3596.0000    	  3597.0000    	-0.11995806E-02	 0.40591054E-05
  3597.0000    	  3598.0000    	-0.45420857E-02	 0.82970959E-05
  3598.0000    	  3599.0000    	-0.43219476E-02	 0.77708047E-05
  3599.0000    	  3600.0000    	-0.39677647E-02	 0.70939283E-05
  3600.0000    	  3601.0000    	-0.35085281E-02	 0.64747813E-05
  3601.0000    	  3602.0000    	-0.30788392E-02	 0.60025506E-05
  3602.0000    	  3603.0000    	-0.26978501E-02	 0.59277085E-05
  3603.0000    	  3604.0000    	-0.23990296E-02	 0.53191327E-05
  3604.0000    	  3605.0000    	-0.22039338E-02	 0.52432139E-05
  3605.0000    	  3606.0000    	-0.19777252E-02	 0.50738842E-05
  3606.0000    	  3607.0000    	-0.16302042E-02	 0.47368284E-05
  3607.0000    	  3608.0000    	-0.11845031E-02	 0.40224285E-05
  3608.0000    	  3609.0000    	-0.44829557E-02	 0.82260660E-05
  3609.0000    	  3610.0000    	-0.42945935E-02	 0.76865239E-05
  3610.0000    	  3611.0000    	-0.39361049E-02	 0.70873225E-05
  3611.0000    	  3612.0000    	-0.34926902E-02	 0.64810968E-05
  3612.0000    	  3613.0000    	-0.30570982E-02	 0.59949615E-05
  3613.0000    	  3614.0000    	-0.26717586E-02	 0.56134309E-05
  3614.0000    	  3615.0000    	-0.23900897E-02	 0.53234744E-05
  3615.0000    	  3616.0000    	-0.21769490E-02	 0.51904697E-05
  3616.0000    	  3617.0000    	-0.19646253E-02	 0.50631759E-05
  3617.0000    	  3618.0000    	-0.15987108E-02	 0.46393287E-05
  3618.0000    	  3619.0000    	-0.11676948E-02	 0.39919376E-05
  3619.0000    	  3620.0000    	-0.44547697E-02	 0.81826916E-05
  3620.0000    	  3621.0000    	-0.42491959E-02	 0.76376681E-05
  3621.0000    	  3622.0000    	-0.39050303E-02	 0.70340379E-05
  3622.0000    	  3623.0000    	-0.34541900E-02	 0.64386074E-05
  3623.0000    	  3624.0000    	-0.30203203E-02	 0.59406579E-05
  3624.0000    	  3625.0000    	-0.26663602E-02	 0.56326364E-05
  3625.0000    	  3626.0000    	-0.23614527E-02	 0.52893192E-05
  3626.0000    	  3627.0000    	-0.21654663E-02	 0.51687103E-05
  3627.0000    	  3628.0000    	-0.19415722E-02	 0.50255689E-05
  3628.0000    	  3629.0000    	-0.16026602E-02	 0.46630901E-05
  3629.0000    	  3630.0000    	-0.11593252E-02	 0.39820611E-05
  3630.0000    	  3631.0000    	-0.44101055E-02	 0.81303528E-05
  3631.0000    	  3632.0000    	-0.42115293E-02	 0.76097751E-05
  3632.0000    	  3633.0000    	-0.38684936E-02	 0.70079687E-05
  3633.0000    	  3634.0000    	-0.34256603E-02	 0.64116950E-05
  3634.0000    	  3635.0000    	-0.30052051E-02	 0.59322692E-05
  3635.0000    	  3636.0000    	-0.26388072E-02	 0.55637167E-05
  3636.0000    	  3637.0000    	-0.23544251E-02	 0.52795779E-05
  3637.0000    	  3638.0000    	-0.21474663E-02	 0.51603274E-05
  3638.0000    	  3639.0000    	-0.19340979E-02	 0.50080327E-05
  3639.0000    	  3640.0000    	-0.15841598E-02	 0.46333852E-05
  3640.0000    	  3641.0000    	-0.11388796E-02	 0.39450295E-05
  3641.0000    	  3642.0000    	-0.43762884E-02	 0.80971937E-05
  3642.0000    	  3643.0000    	-0.41761676E-02	 0.75552727E-05
  3643.0000    	  3644.0000    	-0.38374747E-02	 0.70489438E-05
  3644.0000    	  3645.0000    	-0.34040803E-02	 0.64052032E-05
  3645.0000    	  3646.0000    	-0.29849824E-02	 0.59433942E-05
  3646.0000    	  3647.0000    	-0.26136148E-02	 0.55332552E-05
  3647.0000    	  3648.0000    	-0.23412399E-02	 0.52704424E-05
  3648.0000    	  3649.0000    	-0.21362411E-02	 0.51440316E-05
  3649.0000    	  3650.0000    	-0.19238643E-02	 0.50040722E-05
  3650.0000    	  3651.0000    	-0.15725857E-02	 0.46193572E-05
  3651.0000    	  3652.0000    	-0.11286368E-02	 0.39174816E-05
  3652.0000    	  3653.0000    	-0.43333890E-02	 0.80349854E-05
  3653.0000    	  3654.0000    	-0.41381581E-02	 0.75177559E-05
  3654.0000    	  3655.0000    	-0.37918074E-02	 0.69304122E-05
  3655.0000    	  3656.0000    	-0.33657520E-02	 0.63673173E-05
  3656.0000    	  3657.0000    	-0.29568815E-02	 0.58937609E-05
  3657.0000    	  3658.0000    	-0.25907175E-02	 0.55107904E-05
  3658.0000    	  3659.0000    	-0.23127825E-02	 0.52185882E-05
  3659.0000    	  3660.0000    	-0.21154959E-02	 0.51027119E-05
  3660.0000    	  3661.0000    	-0.19004878E-02	 0.50212531E-05
  3661.0000    	  3662.0000    	-0.15640678E-02	 0.46133808E-05
  3662.0000    	  3663.0000    	-0.10418220E-02	 0.37512712E-05
  3663.0000    	  3664.0000    	-0.42997619E-02	 0.80027108E-05
  3664.0000    	  3665.0000    	-0.40915161E-02	 0.74868792E-05
  3665.0000    	  3666.0000    	-0.37662168E-02	 0.69147416E-05
  3666.0000    	  3667.0000    	-0.33390872E-02	 0.63448889E-05
  3667.0000    	  3668.0000    	-0.29260557E-02	 0.58580838E-05
  3668.0000    	  3669.0000    	-0.25764866E-02	 0.54995314E-05
  3669.0000    	  3670.0000    	-0.23009929E-02	 0.52210890E-05
  3670.0000    	  3671.0000    	-0.21021406E-02	 0.50906215E-05
  3671.0000    	  3672.0000    	-0.18872694E-02	 0.49469775E-05
  3672.0000    	  3673.0000    	-0.15457796E-02	 0.45642871E-05
  3673.0000    	  3674.0000    	-0.11012859E-02	 0.38653373E-05
  3674.0000    	  3675.0000    	-0.42570718E-02	 0.79452404E-05
  3675.0000    	  3676.0000    	-0.40674764E-02	 0.74504723E-05
  3676.0000    	  3677.0000    	-0.37483120E-02	 0.69221730E-05
  3677.0000    	  3678.0000    	-0.33132000E-02	 0.63252859E-05
  3678.0000    	  3679.0000    	-0.29030105E-02	 0.58248126E-05
  3679.0000    	  3680.0000    	-0.25556472E-02	 0.54670800E-05
  3680.0000    	  3681.0000    	-0.22836162E-02	 0.51860813E-05
  3681.0000    	  3682.0000    	-0.20943525E-02	 0.50880318E-05
  3682.0000    	  3683.0000    	-0.18716794E-02	 0.49352991E-05
  3683.0000    	  3684.0000    	-0.15337729E-02	 0.45728460E-05
  3684.0000    	  3685.0000    	-0.10849047E-02	 0.38305105E-05
  3685.0000    	  3686.0000    	-0.42306707E-02	 0.79133090E-05
  3686.0000    	  3687.0000    	-0.40370188E-02	 0.74199097E-05
  3687.0000    	  3688.0000    	-0.36997032E-02	 0.68773837E-05
  3688.0000    	  3689.0000    	-0.32874173E-02	 0.62854894E-05
  3689.0000    	  3690.0000    	-0.28876787E-02	 0.58403154E-05
  3690.0000    	  3691.0000    	-0.25376401E-02	 0.54508418E-05
  3691.0000    	  3692.0000    	-0.22697697E-02	 0.51833941E-05
  3692.0000    	  3693.0000    	-0.20793788E-02	 0.50852566E-05
  3693.0000    	  3694.0000    	-0.18616767E-02	 0.49093631E-05
  3694.0000    	  3695.0000    	-0.15184065E-02	 0.45250582E-05
  3695.0000    	  3696.0000    	-0.10730607E-02	 0.38027563E-05
  3696.0000    	  3697.0000    	-0.41982385E-02	 0.78824502E-05
  3697.0000    	  3698.0000    	-0.39878004E-02	 0.73605643E-05
  3698.0000    	  3699.0000    	-0.36656280E-02	 0.68156035E-05
  3699.0000    	  3700.0000    	-0.32505761E-02	 0.62416874E-05
  3700.0000    	  3701.0000    	-0.28599499E-02	 0.58016662E-05
  3701.0000    	  3702.0000    	-0.25162890E-02	 0.54190034E-05
  3702.0000    	  3703.0000    	-0.22479232E-02	 0.51423148E-05
  3703.0000    	  3704.0000    	-0.20597462E-02	 0.50183639E-05
  3704.0000    	  3705.0000    	-0.18393311E-02	 0.49079852E-05
  3705.0000    	  3706.0000    	-0.14961707E-02	 0.44864546E-05
  3706.0000    	  3707.0000    	-0.10621007E-02	 0.37660573E-05
  3707.0000    	  3708.0000    	-0.41458971E-02	 0.78220321E-05
  3708.0000    	  3709.0000    	-0.39509353E-02	 0.73286417E-05
  3709.0000    	  3710.0000    	-0.36359312E-02	 0.68005914E-05
  3710.0000    	  3711.0000    	-0.32243370E-02	 0.62335650E-05
  3711.0000    	  3712.0000    	-0.28379611E-02	 0.57826484E-05
  3712.0000    	  3713.0000    	-0.24944749E-02	 0.54226635E-05
  3713.0000    	  3714.0000    	-0.22344007E-02	 0.51320504E-05
  3714.0000    	  3715.0000    	-0.20428177E-02	 0.49979426E-05
  3715.0000    	  3716.0000    	-0.18316913E-02	 0.48645510E-05
  3716.0000    	  3717.0000    	-0.14921450E-02	 0.44983744E-05
  3717.0000    	  3718.0000    	-0.10568935E-02	 0.37959199E-05
  3718.0000    	  3719.0000    	-0.41141560E-02	 0.77894159E-05
  3719.0000    	  3720.0000    	-0.39240987E-02	 0.72930493E-05
  3720.0000    	  3721.0000    	-0.35964685E-02	 0.67629483E-05
  3721.0000    	  3722.0000    	-0.31948486E-02	 0.61941913E-05
  3722.0000    	  3723.0000    	-0.28152884E-02	 0.57504884E-05
  3723.0000    	  3724.0000    	-0.24780914E-02	 0.53689114E-05
  3724.0000    	  3725.0000    	-0.22228328E-02	 0.51075195E-05
  3725.0000    	  3726.0000    	-0.20380316E-02	 0.50160535E-05
  3726.0000    	  3727.0000    	-0.18096871E-02	 0.48363310E-05
  3727.0000    	  3728.0000    	-0.14740927E-02	 0.44580253E-05
  3728.0000    	  3729.0000    	-0.10372010E-02	 0.37367236E-05
  3729.0000    	  3730.0000    	-0.40735821E-02	 0.77388740E-05
  3730.0000    	  3731.0000    	-0.38936508E-02	 0.72739169E-05
  3731.0000    	  3732.0000    	-0.35693713E-02	 0.67319355E-05
  3732.0000    	  3733.0000    	-0.31708610E-02	 0.61873411E-05
  3733.0000    	  3734.0000    	-0.27933534E-02	 0.57197054E-05
  3734.0000    	  3735.0000    	-0.24506201E-02	 0.53328879E-05
  3735.0000    	  3736.0000    	-0.22036382E-02	 0.51011041E-05
  3736.0000    	  3737.0000    	-0.20227724E-02	 0.49939078E-05
  3737.0000    	  3738.0000    	-0.18011381E-02	 0.48324594E-05
  3738.0000    	  3739.0000    	-0.14592174E-02	 0.44416997E-05
  3739.0000    	  3740.0000    	-0.10170498E-02	 0.36813958E-05
  3740.0000    	  3741.0000    	-0.40471368E-02	 0.77130153E-05
  3741.0000    	  3742.0000    	-0.38535099E-02	 0.72339209E-05
  3742.0000    	  3743.0000    	-0.35435883E-02	 0.67178519E-05
  3743.0000    	  3744.0000    	-0.31445276E-02	 0.61549574E-05
  3744.0000    	  3745.0000    	-0.27658890E-02	 0.56908020E-05
  3745.0000    	  3746.0000    	-0.24372339E-02	 0.53453278E-05
  3746.0000    	  3747.0000    	-0.21940191E-02	 0.51739758E-05
  3747.0000    	  3748.0000    	-0.20063363E-02	 0.49528724E-05
  3748.0000    	  3749.0000    	-0.17862190E-02	 0.47974676E-05
  3749.0000    	  3750.0000    	-0.14430961E-02	 0.44018589E-05
  3750.0000    	  3751.0000    	-0.10065817E-02	 0.36708520E-05
  3751.0000    	  3752.0000    	-0.40097167E-02	 0.76676644E-05
  3752.0000    	  3753.0000    	-0.38198615E-02	 0.72025622E-05
  3753.0000    	  3754.0000    	-0.35098063E-02	 0.66907209E-05
  3754.0000    	  3755.0000    	-0.31125700E-02	 0.61286138E-05
  3755.0000    	  3756.0000    	-0.27519198E-02	 0.57096139E-05
  3756.0000    	  3757.0000    	-0.24160635E-02	 0.52961553E-05
  3757.0000    	  3758.0000    	-0.21740263E-02	 0.50601103E-05
  3758.0000    	  3759.0000    	-0.19885652E-02	 0.49545053E-05
  3759.0000    	  3760.0000    	-0.17714312E-02	 0.47896569E-05
  3760.0000    	  3761.0000    	-0.14331174E-02	 0.44249042E-05
  3761.0000    	  3762.0000    	-0.10026267E-02	 0.36613793E-05
  3762.0000    	  3763.0000    	-0.39799582E-02	 0.76565179E-05
  3763.0000    	  3764.0000    	-0.37820648E-02	 0.71580692E-05
  3764.0000    	  3765.0000    	-0.34765537E-02	 0.66610463E-05
  3765.0000    	  3766.0000    	-0.30902752E-02	 0.61201084E-05
  3766.0000    	  3767.0000    	-0.27243825E-02	 0.56749717E-05
  3767.0000    	  3768.0000    	-0.23988331E-02	 0.52730034E-05
  3768.0000    	  3769.0000    	-0.21597468E-02	 0.50738273E-05
  3769.0000    	  3770.0000    	-0.19764728E-02	 0.49233329E-05
  3770.0000    	  3771.0000    	-0.17532695E-02	 0.47647519E-05
  3771.0000    	  3772.0000    	-0.14180610E-02	 0.46214145E-05
  3772.0000    	  3773.0000    	-0.98498091E-03	 0.36525099E-05
  3773.0000    	  3774.0000    	-0.39332484E-02	 0.75844816E-05
  3774.0000    	  3775.0000    	-0.37582212E-02	 0.71411884E-05
  3775.0000    	  3776.0000    	-0.34452368E-02	 0.66220741E-05
  3776.0000    	  3777.0000    	-0.30612539E-02	 0.60609442E-05
  3777.0000    	  3778.0000    	-0.27016496E-02	 0.56317848E-05
  3778.0000    	  3779.0000    	-0.23801319E-02	 0.52445818E-05
  3779.0000    	  3780.0000    	-0.21486456E-02	 0.50278694E-05
  3780.0000    	  3781.0000    	-0.19623243E-02	 0.49397969E-05
  3781.0000    	  3782.0000    	-0.17474059E-02	 0.47494846E-05
  3782.0000    	  3783.0000    	-0.14084866E-02	 0.43639373E-05
  3783.0000    	  3784.0000    	-0.97422799E-03	 0.36069457E-05
  3784.0000    	  3785.0000    	-0.39005760E-02	 0.75468101E-05
  3785.0000    	  3786.0000    	-0.37221669E-02	 0.72195861E-05
  3786.0000    	  3787.0000    	-0.34220231E-02	 0.66253573E-05
  3787.0000    	  3788.0000    	-0.30337185E-02	 0.60492262E-05
  3788.0000    	  3789.0000    	-0.26831328E-02	 0.56126607E-05
  3789.0000    	  3790.0000    	-0.23615337E-02	 0.52156129E-05
  3790.0000    	  3791.0000    	-0.21256130E-02	 0.49916501E-05
  3791.0000    	  3792.0000    	-0.19463159E-02	 0.48890540E-05
  3792.0000    	  3793.0000    	-0.17232369E-02	 0.47142802E-05
  3793.0000    	  3794.0000    	-0.13888391E-02	 0.43207542E-05
  3794.0000    	  3795.0000    	-0.96166715E-03	 0.35664994E-05
  3795.0000    	  3796.0000    	-0.38714051E-02	 0.75198919E-05
  3796.0000    	  3797.0000    	-0.36901314E-02	 0.70808031E-05
  3797.0000    	  3798.0000    	-0.33842994E-02	 0.65650879E-05
  3798.0000    	  3799.0000    	-0.30092210E-02	 0.60180578E-05
  3799.0000    	  3800.0000    	-0.26549413E-02	 0.55776744E-05
  3800.0000    	  3801.0000    	-0.23546286E-02	 0.52255783E-05
  3801.0000    	  3802.0000    	-0.21128881E-02	 0.49637949E-05
  3802.0000    	  3803.0000    	-0.19386002E-02	 0.49025430E-05
  3803.0000    	  3804.0000    	-0.17213145E-02	 0.47322053E-05
  3804.0000    	  3805.0000    	-0.13868836E-02	 0.43471902E-05
  3805.0000    	  3806.0000    	-0.95092066E-03	 0.35659118E-05
  3806.0000    	  3807.0000    	-0.38372462E-02	 0.74978638E-05
  3807.0000    	  3808.0000    	-0.36479271E-02	 0.70284535E-05
  3808.0000    	  3809.0000    	-0.33601604E-02	 0.65472714E-05
  3809.0000    	  3810.0000    	-0.29813871E-02	 0.59853394E-05
  3810.0000    	  3811.0000    	-0.26400865E-02	 0.55838195E-05
  3811.0000    	  3812.0000    	-0.23175362E-02	 0.51512200E-05
  3812.0000    	  3813.0000    	-0.20976413E-02	 0.49694800E-05
  3813.0000    	  3814.0000    	-0.19216503E-02	 0.48567442E-05
  3814.0000    	  3815.0000    	-0.17055873E-02	 0.46969535E-05
  3815.0000    	  3816.0000    	-0.13673578E-02	 0.42923512E-05
  3816.0000    	  3817.0000    	-0.84308535E-03	 0.33447775E-05
  3817.0000    	  3818.0000    	-0.38099756E-02	 0.74638040E-05
  3818.0000    	  3819.0000    	-0.36245920E-02	 0.70152876E-05
  3819.0000    	  3820.0000    	-0.33178952E-02	 0.65242302E-05
  3820.0000    	  3821.0000    	-0.29602422E-02	 0.59850090E-05
  3821.0000    	  3822.0000    	-0.26219995E-02	 0.55502648E-05
  3822.0000    	  3823.0000    	-0.23169054E-02	 0.51755315E-05
  3823.0000    	  3824.0000    	-0.20915654E-02	 0.49556001E-05
  3824.0000    	  3825.0000    	-0.19091580E-02	 0.48349609E-05
  3825.0000    	  3826.0000    	-0.16887131E-02	 0.46849133E-05
  3826.0000    	  3827.0000    	-0.13543371E-02	 0.42747113E-05
  3827.0000    	  3828.0000    	-0.92494018E-03	 0.35051109E-05
  3828.0000    	  3829.0000    	-0.37742953E-02	 0.74351376E-05
  3829.0000    	  3830.0000    	-0.35911100E-02	 0.70043043E-05
  3830.0000    	  3831.0000    	-0.33080640E-02	 0.65290095E-05
  3831.0000    	  3832.0000    	-0.29344850E-02	 0.59899178E-05
  3832.0000    	  3833.0000    	-0.25936420E-02	 0.55305846E-05
  3833.0000    	  3834.0000    	-0.22922192E-02	 0.51315820E-05
  3834.0000    	  3835.0000    	-0.20688630E-02	 0.49096959E-05
  3835.0000    	  3836.0000    	-0.19007556E-02	 0.48301592E-05
  3836.0000    	  3837.0000    	-0.16773592E-02	 0.46555931E-05
  3837.0000    	  3838.0000    	-0.12960912E-02	 0.41902339E-05
  3838.0000    	  3839.0000    	-0.91742883E-03	 0.34883481E-05
  3839.0000    	  3840.0000    	-0.37440805E-02	 0.73924378E-05
  3840.0000    	  3841.0000    	-0.35552148E-02	 0.69508191E-05
  3841.0000    	  3842.0000    	-0.32610431E-02	 0.64423260E-05
  3842.0000    	  3843.0000    	-0.29059508E-02	 0.59100410E-05
  3843.0000    	  3844.0000    	-0.25757380E-02	 0.55032890E-05
  3844.0000    	  3845.0000    	-0.22737552E-02	 0.51007415E-05
  3845.0000    	  3846.0000    	-0.20564455E-02	 0.49053715E-05
  3846.0000    	  3847.0000    	-0.18792080E-02	 0.47908171E-05
  3847.0000    	  3848.0000    	-0.16660983E-02	 0.46592413E-05
  3848.0000    	  3849.0000    	-0.13249707E-02	 0.42251543E-05
  3849.0000    	  3850.0000    	-0.90319089E-03	 0.34666618E-05
  3850.0000    	  3851.0000    	-0.37006549E-02	 0.73436723E-05
  3851.0000    	  3852.0000    	-0.35189643E-02	 0.72397280E-05
  3852.0000    	  3853.0000    	-0.32425295E-02	 0.64503860E-05
  3853.0000    	  3854.0000    	-0.28891610E-02	 0.59026029E-05
  3854.0000    	  3855.0000    	-0.25536592E-02	 0.54823279E-05
  3855.0000    	  3856.0000    	-0.22646412E-02	 0.51036679E-05
  3856.0000    	  3857.0000    	-0.20418409E-02	 0.49357719E-05
  3857.0000    	  3858.0000    	-0.18723419E-02	 0.48037984E-05
  3858.0000    	  3859.0000    	-0.16465346E-02	 0.46191856E-05
  3859.0000    	  3860.0000    	-0.13190275E-02	 0.42358808E-05
  3860.0000    	  3861.0000    	-0.88839201E-03	 0.34153813E-05
  3861.0000    	  3862.0000    	-0.36652567E-02	 0.73011851E-05
  3862.0000    	  3863.0000    	-0.35082437E-02	 0.68964676E-05
  3863.0000    	  3864.0000    	-0.32218224E-02	 0.64213352E-05
  3864.0000    	  3865.0000    	-0.28586905E-02	 0.58621557E-05
  3865.0000    	  3866.0000    	-0.25314588E-02	 0.54483951E-05
  3866.0000    	  3867.0000    	-0.22461749E-02	 0.50886687E-05
  3867.0000    	  3868.0000    	-0.20287276E-02	 0.49100124E-05
  3868.0000    	  3869.0000    	-0.18518969E-02	 0.47665385E-05
  3869.0000    	  3870.0000    	-0.16356702E-02	 0.46701899E-05
  3870.0000    	  3871.0000    	-0.13056392E-02	 0.42138858E-05
  3871.0000    	  3872.0000    	-0.88097530E-03	 0.34005749E-05
  3872.0000    	  3873.0000    	-0.36393768E-02	 0.72875312E-05
  3873.0000    	  3874.0000    	-0.34641307E-02	 0.68687920E-05
  3874.0000    	  3875.0000    	-0.31786756E-02	 0.63701717E-05
  3875.0000    	  3876.0000    	-0.28378550E-02	 0.58354589E-05
  3876.0000    	  3877.0000    	-0.25192099E-02	 0.54395959E-05
  3877.0000    	  3878.0000    	-0.22215268E-02	 0.50544024E-05
  3878.0000    	  3879.0000    	-0.20158265E-02	 0.48418518E-05
  3879.0000    	  3880.0000    	-0.18466443E-02	 0.47632411E-05
  3880.0000    	  3881.0000    	-0.16210189E-02	 0.45864135E-05
  3881.0000    	  3882.0000    	-0.12935421E-02	 0.41964235E-05
  3882.0000    	  3883.0000    	-0.86967730E-03	 0.34047201E-05
  3883.0000    	  3884.0000    	-0.36066384E-02	 0.72542900E-05
  3884.0000    	  3885.0000    	-0.34448574E-02	 0.68615080E-05
  3885.0000    	  3886.0000    	-0.31547691E-02	 0.63677110E-05
  3886.0000    	  3887.0000    	-0.28125618E-02	 0.58991102E-05
  3887.0000    	  3888.0000    	-0.24865205E-02	 0.54131119E-05
  3888.0000    	  3889.0000    	-0.22060443E-02	 0.50381211E-05
  3889.0000    	  3890.0000    	-0.20035708E-02	 0.48412380E-05
  3890.0000    	  3891.0000    	-0.18304009E-02	 0.47713188E-05
  3891.0000    	  3892.0000    	-0.16065511E-02	 0.45675524E-05
  3892.0000    	  3893.0000    	-0.12748913E-02	 0.41566962E-05
  3893.0000    	  3894.0000    	-0.85644009E-03	 0.33500715E-05
  3894.0000    	  3895.0000    	-0.35750103E-02	 0.72198643E-05
  3895.0000    	  3896.0000    	-0.33977536E-02	 0.68084850E-05
  3896.0000    	  3897.0000    	-0.31320854E-02	 0.63530656E-05
  3897.0000    	  3898.0000    	-0.27999198E-02	 0.58147301E-05
  3898.0000    	  3899.0000    	-0.24777936E-02	 0.54013506E-05
  3899.0000    	  3900.0000    	-0.21894809E-02	 0.49967335E-05
  3900.0000    	  3901.0000    	-0.19842864E-02	 0.47978234E-05
  3901.0000    	  3902.0000    	-0.18194085E-02	 0.47255884E-05
  3902.0000    	  3903.0000    	-0.15992011E-02	 0.45666407E-05
  3903.0000    	  3904.0000    	-0.12685433E-02	 0.41521432E-05
  3904.0000    	  3905.0000    	-0.84664857E-03	 0.33382654E-05
  3905.0000    	  3906.0000    	-0.35433714E-02	 0.71925371E-05
  3906.0000    	  3907.0000    	-0.33775205E-02	 0.68161010E-05
  3907.0000    	  3908.0000    	-0.31048668E-02	 0.63021338E-05
  3908.0000    	  3909.0000    	-0.27595681E-02	 0.57434469E-05
  3909.0000    	  3910.0000    	-0.24610265E-02	 0.53868452E-05
  3910.0000    	  3911.0000    	-0.21760526E-02	 0.49818260E-05
  3911.0000    	  3912.0000    	-0.19698317E-02	 0.47994232E-05
  3912.0000    	  3913.0000    	-0.18022467E-02	 0.47176616E-05
  3913.0000    	  3914.0000    	-0.15835468E-02	 0.45332746E-05
  3914.0000    	  3915.0000    	-0.12555296E-02	 0.41192444E-05
  3915.0000    	  3916.0000    	-0.83398378E-03	 0.32901357E-05
  3916.0000    	  3917.0000    	-0.35117767E-02	 0.71587535E-05
  3917.0000    	  3918.0000    	-0.33428653E-02	 0.67397037E-05
  3918.0000    	  3919.0000    	-0.30733728E-02	 0.62694401E-05
  3919.0000    	  3920.0000    	-0.27431567E-02	 0.57375394E-05
  3920.0000    	  3921.0000    	-0.24314960E-02	 0.53440162E-05
  3921.0000    	  3922.0000    	-0.21561969E-02	 0.49610884E-05
  3922.0000    	  3923.0000    	-0.19618768E-02	 0.48300173E-05
  3923.0000    	  3924.0000    	-0.17984489E-02	 0.47224407E-05
  3924.0000    	  3925.0000    	-0.15768084E-02	 0.45348407E-05
  3925.0000    	  3926.0000    	-0.12414598E-02	 0.41266973E-05
  3926.0000    	  3927.0000    	-0.82540973E-03	 0.32701362E-05
  3927.0000    	  3928.0000    	-0.34858703E-02	 0.71406052E-05
  3928.0000    	  3929.0000    	-0.33159535E-02	 0.67283308E-05
  3929.0000    	  3930.0000    	-0.30480126E-02	 0.62470019E-05
  3930.0000    	  3931.0000    	-0.27170320E-02	 0.57198660E-05
  3931.0000    	  3932.0000    	-0.24135120E-02	 0.53136688E-05
  3932.0000    	  3933.0000    	-0.21438001E-02	 0.49718627E-05
  3933.0000    	  3934.0000    	-0.19418669E-02	 0.47432709E-05
  3934.0000    	  3935.0000    	-0.17846877E-02	 0.46993743E-05
  3935.0000    	  3936.0000    	-0.15577387E-02	 0.45013887E-05
  3936.0000    	  3937.0000    	-0.12374766E-02	 0.41149821E-05
  3937.0000    	  3938.0000    	-0.81081207E-03	 0.32485448E-05
  3938.0000    	  3939.0000    	-0.34539856E-02	 0.71131528E-05
  3939.0000    	  3940.0000    	-0.32851320E-02	 0.67422967E-05
  3940.0000    	  3941.0000    	-0.30198183E-02	 0.62310285E-05
  3941.0000    	  3942.0000    	-0.27004238E-02	 0.56941332E-05
  3942.0000    	  3943.0000    	-0.23990654E-02	 0.52976714E-05
  3943.0000    	  3944.0000    	-0.21236809E-02	 0.49048034E-05
  3944.0000    	  3945.0000    	-0.19288530E-02	 0.47262892E-05
  3945.0000    	  3946.0000    	-0.17642368E-02	 0.46433451E-05
  3946.0000    	  3947.0000    	-0.15437084E-02	 0.44775825E-05
  3947.0000    	  3948.0000    	-0.12167433E-02	 0.40813757E-05
  3948.0000    	  3949.0000    	-0.73579356E-03	 0.30925822E-05
  3949.0000    	  3950.0000    	-0.34220068E-02	 0.70749643E-05
  3950.0000    	  3951.0000    	-0.32516638E-02	 0.66977181E-05
  3951.0000    	  3952.0000    	-0.29888330E-02	 0.62517952E-05
  3952.0000    	  3953.0000    	-0.26744687E-02	 0.56647305E-05
  3953.0000    	  3954.0000    	-0.23801932E-02	 0.52719754E-05
  3954.0000    	  3955.0000    	-0.21050219E-02	 0.48832588E-05
  3955.0000    	  3956.0000    	-0.19291465E-02	 0.47412497E-05
  3956.0000    	  3957.0000    	-0.17506642E-02	 0.46346575E-05
  3957.0000    	  3958.0000    	-0.15376991E-02	 0.44875643E-05
  3958.0000    	  3959.0000    	-0.12107453E-02	 0.40757467E-05
  3959.0000    	  3960.0000    	-0.79658072E-03	 0.32324634E-05
  3960.0000    	  3961.0000    	-0.33894252E-02	 0.70350562E-05
  3961.0000    	  3962.0000    	-0.32245193E-02	 0.66359751E-05
  3962.0000    	  3963.0000    	-0.29718412E-02	 0.62386028E-05
  3963.0000    	  3964.0000    	-0.26489309E-02	 0.57020342E-05
  3964.0000    	  3965.0000    	-0.23606205E-02	 0.52676168E-05
  3965.0000    	  3966.0000    	-0.21001912E-02	 0.48990056E-05
  3966.0000    	  3967.0000    	-0.19012383E-02	 0.46946061E-05
  3967.0000    	  3968.0000    	-0.17464561E-02	 0.46493915E-05
  3968.0000    	  3969.0000    	-0.15116435E-02	 0.44493977E-05
  3969.0000    	  3970.0000    	-0.11759669E-02	 0.39930778E-05
  3970.0000    	  3971.0000    	-0.78741668E-03	 0.32097612E-05
  3971.0000    	  3972.0000    	-0.33604994E-02	 0.70221335E-05
  3972.0000    	  3973.0000    	-0.32029417E-02	 0.66540156E-05
  3973.0000    	  3974.0000    	-0.29511675E-02	 0.61575425E-05
  3974.0000    	  3975.0000    	-0.26253611E-02	 0.56123272E-05
  3975.0000    	  3976.0000    	-0.23453938E-02	 0.52388829E-05
  3976.0000    	  3977.0000    	-0.20767884E-02	 0.48506843E-05
  3977.0000    	  3978.0000    	-0.18940054E-02	 0.47103013E-05
  3978.0000    	  3979.0000    	-0.17340324E-02	 0.46265670E-05
  3979.0000    	  3980.0000    	-0.15073380E-02	 0.44444054E-05
  3980.0000    	  3981.0000    	-0.11880346E-02	 0.40300138E-05
  3981.0000    	  3982.0000    	-0.77203719E-03	 0.31441470E-05
  3982.0000    	  3983.0000    	-0.33351427E-02	 0.70060894E-05
  3983.0000    	  3984.0000    	-0.31728369E-02	 0.66114535E-05
  3984.0000    	  3985.0000    	-0.29074804E-02	 0.60939930E-05
  3985.0000    	  3986.0000    	-0.26104339E-02	 0.55943763E-05
  3986.0000    	  3987.0000    	-0.23183678E-02	 0.53782256E-05
  3987.0000    	  3988.0000    	-0.20544964E-02	 0.47973792E-05
  3988.0000    	  3989.0000    	-0.18862692E-02	 0.46877947E-05
  3989.0000    	  3990.0000    	-0.17198678E-02	 0.47793940E-05
  3990.0000    	  3991.0000    	-0.15060979E-02	 0.44396622E-05
  3991.0000    	  3992.0000    	-0.11820643E-02	 0.40308796E-05
  3992.0000    	  3993.0000    	-0.75774772E-03	 0.31135415E-05
  3993.0000    	  3994.0000    	-0.33011402E-02	 0.69676716E-05
  3994.0000    	  3995.0000    	-0.31364241E-02	 0.65486472E-05
  3995.0000    	  3996.0000    	-0.29086588E-02	 0.61210007E-05
  3996.0000    	  3997.0000    	-0.25909781E-02	 0.55804494E-05
  3997.0000    	  3998.0000    	-0.23145475E-02	 0.51950832E-05
  3998.0000    	  3999.0000    	-0.20456130E-02	 0.48051208E-05
  3999.0000    	  4000.0000    	-0.18711469E-02	 0.46703177E-05
  4000.0000    	  4001.0000    	-0.17049931E-02	 0.45859228E-05
  4001.0000    	  4002.0000    	-0.14745904E-02	 0.43918997E-05
  4002.0000    	  4003.0000    	-0.11578823E-02	 0.39641412E-05
  4003.0000    	  4004.0000    	-0.71854210E-03	 0.30513079E-05
  4004.0000    	  4005.0000    	-0.32759930E-02	 0.69402813E-05
  4005.0000    	  4006.0000    	-0.31078539E-02	 0.65480475E-05
  4006.0000    	  4007.0000    	-0.28652623E-02	 0.60589887E-05
  4007.0000    	  4008.0000    	-0.25711186E-02	 0.55536020E-05
  4008.0000    	  4009.0000    	-0.22758247E-02	 0.51417843E-05
  4009.0000    	  4010.0000    	-0.20359216E-02	 0.47969231E-05
  4010.0000    	  4011.0000    	-0.18526507E-02	 0.46466617E-05
  4011.0000    	  4012.0000    	-0.16955506E-02	 0.45749238E-05
  4012.0000    	  4013.0000    	-0.14816129E-02	 0.44214507E-05
  4013.0000    	  4014.0000    	-0.11558322E-02	 0.39817785E-05
  4014.0000    	  4015.0000    	-0.73639944E-03	 0.30797776E-05
  4015.0000    	  4016.0000    	-0.32407656E-02	 0.69087675E-05
  4016.0000    	  4017.0000    	-0.30943744E-02	 0.65319613E-05
  4017.0000    	  4018.0000    	-0.28406532E-02	 0.60337937E-05
  4018.0000    	  4019.0000    	-0.25385084E-02	 0.55778336E-05
  4019.0000    	  4020.0000    	-0.22684459E-02	 0.51633254E-05
  4020.0000    	  4021.0000    	-0.20259613E-02	 0.47842646E-05
  4021.0000    	  4022.0000    	-0.18416005E-02	 0.46310424E-05
  4022.0000    	  4023.0000    	-0.16819355E-02	 0.46043991E-05
  4023.0000    	  4024.0000    	-0.14551253E-02	 0.43783905E-05
  4024.0000    	  4025.0000    	-0.11444052E-02	 0.39486790E-05
  4025.0000    	  4026.0000    	-0.72462459E-03	 0.30585450E-05
  4026.0000    	  4027.0000    	-0.32278665E-02	 0.69049750E-05
  4027.0000    	  4028.0000    	-0.30618546E-02	 0.64834658E-05
  4028.0000    	  4029.0000    	-0.28133394E-02	 0.59951034E-05
  4029.0000    	  4030.0000    	-0.25187965E-02	 0.54842105E-05
  4030.0000    	  4031.0000    	-0.22547473E-02	 0.51265079E-05
  4031.0000    	  4032.0000    	-0.20047207E-02	 0.47481653E-05
  4032.0000    	  4033.0000    	-0.18274377E-02	 0.45947526E-05
  4033.0000    	  4034.0000    	-0.16778227E-02	 0.45677765E-05
  4034.0000    	  4035.0000    	-0.14517028E-02	 0.43773455E-05
  4035.0000    	  4036.0000    	-0.10478022E-02	 0.37783328E-05
  4036.0000    	  4037.0000    	-0.72419127E-03	 0.30266390E-05
  4037.0000    	  4038.0000    	-0.31863049E-02	 0.68947476E-05
  4038.0000    	  4039.0000    	-0.30302516E-02	 0.64389560E-05
  4039.0000    	  4040.0000    	-0.27966586E-02	 0.59917464E-05
  4040.0000    	  4041.0000    	-0.25071728E-02	 0.54781938E-05
  4041.0000    	  4042.0000    	-0.22402959E-02	 0.51146809E-05
  4042.0000    	  4043.0000    	-0.19850863E-02	 0.47083106E-05
  4043.0000    	  4044.0000    	-0.18182974E-02	 0.46579626E-05
  4044.0000    	  4045.0000    	-0.16558702E-02	 0.45315518E-05
  4045.0000    	  4046.0000    	-0.14417622E-02	 0.43561881E-05
  4046.0000    	  4047.0000    	-0.11216835E-02	 0.39402031E-05
  4047.0000    	  4048.0000    	-0.71467958E-03	 0.30210671E-05
  4048.0000    	  4049.0000    	-0.31709306E-02	 0.68608051E-05
  4049.0000    	  4050.0000    	-0.30088976E-02	 0.64405023E-05
  4050.0000    	  4051.0000    	-0.27691557E-02	 0.59703814E-05
  4051.0000    	  4052.0000    	-0.24803353E-02	 0.54481958E-05
  4052.0000    	  4053.0000    	-0.22144978E-02	 0.50687145E-05
  4053.0000    	  4054.0000    	-0.19757800E-02	 0.47132741E-05
  4054.0000    	  4055.0000    	-0.18092610E-02	 0.45997636E-05
  4055.0000    	  4056.0000    	-0.16489717E-02	 0.45292091E-05
  4056.0000    	  4057.0000    	-0.14197755E-02	 0.43399597E-05
  4057.0000    	  4058.0000    	-0.11115155E-02	 0.39142733E-05
  4058.0000    	  4059.0000    	-0.69865027E-03	 0.29650683E-05
  4059.0000    	  4060.0000    	-0.31378105E-02	 0.68268783E-05
  4060.0000    	  4061.0000    	-0.29830724E-02	 0.64209086E-05
  4061.0000    	  4062.0000    	-0.27435274E-02	 0.59355307E-05
  4062.0000    	  4063.0000    	-0.24542898E-02	 0.54149005E-05
  4063.0000    	  4064.0000    	-0.21976385E-02	 0.50535066E-05
  4064.0000    	  4065.0000    	-0.19615362E-02	 0.46931998E-05
  4065.0000    	  4066.0000    	-0.17929476E-02	 0.45713980E-05
  4066.0000    	  4067.0000    	-0.16393748E-02	 0.45150504E-05
  4067.0000    	  4068.0000    	-0.14125278E-02	 0.43385072E-05
  4068.0000    	  4069.0000    	-0.10909880E-02	 0.38590413E-05
  4069.0000    	  4070.0000    	-0.69365383E-03	 0.29633108E-05
  4070.0000    	  4071.0000    	-0.31032394E-02	 0.68006411E-05
  4071.0000    	  4072.0000    	-0.29669717E-02	 0.64047032E-05
  4072.0000    	  4073.0000    	-0.27199664E-02	 0.59206370E-05
  4073.0000    	  4074.0000    	-0.24424698E-02	 0.54032658E-05
  4074.0000    	  4075.0000    	-0.21902245E-02	 0.51266855E-05
  4075.0000    	  4076.0000    	-0.19491570E-02	 0.46844847E-05
  4076.0000    	  4077.0000    	-0.17831575E-02	 0.45773207E-05
  4077.0000    	  4078.0000    	-0.16304662E-02	 0.45218826E-05
  4078.0000    	  4079.0000    	-0.14035469E-02	 0.43143766E-05
  4079.0000    	  4080.0000    	-0.10875596E-02	 0.38675647E-05
  4080.0000    	  4081.0000    	-0.68840655E-03	 0.29664041E-05
  4081.0000    	  4082.0000    	-0.30777222E-02	 0.67710571E-05
  4082.0000    	  4083.0000    	-0.29326007E-02	 0.63613529E-05
  4083.0000    	  4084.0000    	-0.27061586E-02	 0.59078022E-05
  4084.0000    	  4085.0000    	-0.24226612E-02	 0.53845955E-05
  4085.0000    	  4086.0000    	-0.21712674E-02	 0.50217974E-05
  4086.0000    	  4087.0000    	-0.19358535E-02	 0.46533481E-05
  4087.0000    	  4088.0000    	-0.17628909E-02	 0.45209664E-05
  4088.0000    	  4089.0000    	-0.16120039E-02	 0.44899231E-05
  4089.0000    	  4090.0000    	-0.13816933E-02	 0.42770488E-05
  4090.0000    	  4091.0000    	-0.10815432E-02	 0.38724039E-05
  4091.0000    	  4092.0000    	-0.67419180E-03	 0.29226488E-05
  4092.0000    	  4093.0000    	-0.30593576E-02	 0.67739697E-05
  4093.0000    	  4094.0000    	-0.29004266E-02	 0.63360834E-05
  4094.0000    	  4095.0000    	-0.26758076E-02	 0.58612294E-05
  4095.0000    	  4096.0000    	-0.24047274E-02	 0.53660711E-05
  4096.0000    	  4097.0000    	-0.21419874E-02	 0.49703258E-05
  4097.0000    	  4098.0000    	-0.19222901E-02	 0.46431985E-05
  4098.0000    	  4099.0000    	-0.17605217E-02	 0.45813921E-05
  4099.0000    	  4100.0000    	-0.16054465E-02	 0.44906437E-05
  4100.0000    	  4101.0000    	-0.13776550E-02	 0.42744418E-05
  4101.0000    	  4102.0000    	-0.10725910E-02	 0.38441137E-05
  4102.0000    	  4103.0000    	-0.66601517E-03	 0.28851771E-05
  4103.0000    	  4104.0000    	-0.30356949E-02	 0.67546594E-05
  4104.0000    	  4105.0000    	-0.28851021E-02	 0.63238381E-05
  4105.0000    	  4106.0000    	-0.26553252E-02	 0.58403914E-05
  4106.0000    	  4107.0000    	-0.23791316E-02	 0.53289374E-05
  4107.0000    	  4108.0000    	-0.21350367E-02	 0.49737674E-05
  4108.0000    	  4109.0000    	-0.19058755E-02	 0.46261124E-05
  4109.0000    	  4110.0000    	-0.17442268E-02	 0.45101648E-05
  4110.0000    	  4111.0000    	-0.15877227E-02	 0.44732284E-05
  4111.0000    	  4112.0000    	-0.13691375E-02	 0.42739765E-05
  4112.0000    	  4113.0000    	-0.10559056E-02	 0.38005452E-05
  4113.0000    	  4114.0000    	-0.66109099E-03	 0.28682798E-05
  4114.0000    	  4115.0000    	-0.29987836E-02	 0.67786072E-05
  4115.0000    	  4116.0000    	-0.28715005E-02	 0.63139801E-05
  4116.0000    	  4117.0000    	-0.26244390E-02	 0.58072152E-05
  4117.0000    	  4118.0000    	-0.23630931E-02	 0.53421084E-05
  4118.0000    	  4119.0000    	-0.21131994E-02	 0.49403448E-05
  4119.0000    	  4120.0000    	-0.18868270E-02	 0.45902001E-05
  4120.0000    	  4121.0000    	-0.17365170E-02	 0.44895173E-05
  4121.0000    	  4122.0000    	-0.15776725E-02	 0.44633173E-05
  4122.0000    	  4123.0000    	-0.13552058E-02	 0.42535483E-05
  4123.0000    	  4124.0000    	-0.10485676E-02	 0.38053408E-05
  4124.0000    	  4125.0000    	-0.60678909E-03	 0.27570979E-05
  4125.0000    	  4126.0000    	-0.29739043E-02	 0.66917967E-05
  4126.0000    	  4127.0000    	-0.28276751E-02	 0.62789583E-05
  4127.0000    	  4128.0000    	-0.26107300E-02	 0.57926374E-05
  4128.0000    	  4129.0000    	-0.23407960E-02	 0.52818261E-05
  4129.0000    	  4130.0000    	-0.20940597E-02	 0.49057411E-05
  4130.0000    	  4131.0000    	-0.18825244E-02	 0.45859207E-05
  4131.0000    	  4132.0000    	-0.17139802E-02	 0.44788184E-05
  4132.0000    	  4133.0000    	-0.15758882E-02	 0.44654253E-05
  4133.0000    	  4134.0000    	-0.13428944E-02	 0.42283361E-05
  4134.0000    	  4135.0000    	-0.10377283E-02	 0.37576702E-05
  4135.0000    	  4136.0000    	-0.64547328E-03	 0.28671483E-05
  4136.0000    	  4137.0000    	-0.29466749E-02	 0.66691001E-05
  4137.0000    	  4138.0000    	-0.28077486E-02	 0.62403453E-05
  4138.0000    	  4139.0000    	-0.25737825E-02	 0.57370931E-05
  4139.0000    	  4140.0000    	-0.23336509E-02	 0.52914497E-05
  4140.0000    	  4141.0000    	-0.20878327E-02	 0.48977666E-05
  4141.0000    	  4142.0000    	-0.18643683E-02	 0.45635323E-05
  4142.0000    	  4143.0000    	-0.17131050E-02	 0.44741349E-05
  4143.0000    	  4144.0000    	-0.15618414E-02	 0.44471615E-05
  4144.0000    	  4145.0000    	-0.13415399E-02	 0.42504013E-05
  4145.0000    	  4146.0000    	-0.10281664E-02	 0.37533665E-05
  4146.0000    	  4147.0000    	-0.63165342E-03	 0.27975216E-05
  4147.0000    	  4148.0000    	-0.29314836E-02	 0.66633884E-05
  4148.0000    	  4149.0000    	-0.27849432E-02	 0.62289915E-05
  4149.0000    	  4150.0000    	-0.25691865E-02	 0.57891353E-05
  4150.0000    	  4151.0000    	-0.22976123E-02	 0.52217793E-05
  4151.0000    	  4152.0000    	-0.20724014E-02	 0.48958318E-05
  4152.0000    	  4153.0000    	-0.18514161E-02	 0.45495453E-05
  4153.0000    	  4154.0000    	-0.16994620E-02	 0.44591516E-05
  4154.0000    	  4155.0000    	-0.15485991E-02	 0.44290834E-05
  4155.0000    	  4156.0000    	-0.13223593E-02	 0.41967790E-05
  4156.0000    	  4157.0000    	-0.10192477E-02	 0.37344102E-05
  4157.0000    	  4158.0000    	-0.62490489E-03	 0.27939845E-05
  4158.0000    	  4159.0000    	-0.28977049E-02	 0.66612037E-05
  4159.0000    	  4160.0000    	-0.27680115E-02	 0.62109916E-05
  4160.0000    	  4161.0000    	-0.25426829E-02	 0.58588396E-05
  4161.0000    	  4162.0000    	-0.22965271E-02	 0.52952237E-05
  4162.0000    	  4163.0000    	-0.20482421E-02	 0.48553420E-05
  4163.0000    	  4164.0000    	-0.18463558E-02	 0.45459223E-05
  4164.0000    	  4165.0000    	-0.16875075E-02	 0.44454897E-05
  4165.0000    	  4166.0000    	-0.15353229E-02	 0.44111949E-05
  4166.0000    	  4167.0000    	-0.13077593E-02	 0.41814379E-05
  4167.0000    	  4168.0000    	-0.10100115E-02	 0.37105115E-05
  4168.0000    	  4169.0000    	-0.61255411E-03	 0.27528106E-05
  4169.0000    	  4170.0000    	-0.28742821E-02	 0.66245265E-05
  4170.0000    	  4171.0000    	-0.27334477E-02	 0.61806796E-05
  4171.0000    	  4172.0000    	-0.25156467E-02	 0.56912336E-05
  4172.0000    	  4173.0000    	-0.22626378E-02	 0.52029490E-05
  4173.0000    	  4174.0000    	-0.20279273E-02	 0.48231646E-05
  4174.0000    	  4175.0000    	-0.18186552E-02	 0.45044190E-05
  4175.0000    	  4176.0000    	-0.16770216E-02	 0.44385637E-05
  4176.0000    	  4177.0000    	-0.15200266E-02	 0.43869802E-05
  4177.0000    	  4178.0000    	-0.12964924E-02	 0.41604744E-05
  4178.0000    	  4179.0000    	-0.96607943E-03	 0.36410968E-05
  4179.0000    	  4180.0000    	-0.60810599E-03	 0.27285462E-05
  4180.0000    	  4181.0000    	-0.28516666E-02	 0.66120530E-05
  4181.0000    	  4182.0000    	-0.27145029E-02	 0.61643941E-05
  4182.0000    	  4183.0000    	-0.25052862E-02	 0.56714729E-05
  4183.0000    	  4184.0000    	-0.22540666E-02	 0.51902982E-05
  4184.0000    	  4185.0000    	-0.20229109E-02	 0.48320377E-05
  4185.0000    	  4186.0000    	-0.18195462E-02	 0.45182322E-05
  4186.0000    	  4187.0000    	-0.16632702E-02	 0.44174327E-05
  4187.0000    	  4188.0000    	-0.15170729E-02	 0.43878026E-05
  4188.0000    	  4189.0000    	-0.12953933E-02	 0.41632446E-05
  4189.0000    	  4190.0000    	-0.99005125E-03	 0.36927553E-05
  4190.0000    	  4191.0000    	-0.59879361E-03	 0.27347950E-05
  4191.0000    	  4192.0000    	-0.28337910E-02	 0.65823612E-05
  4192.0000    	  4193.0000    	-0.26918898E-02	 0.61369648E-05
  4193.0000    	  4194.0000    	-0.24762915E-02	 0.56622019E-05
  4194.0000    	  4195.0000    	-0.22398418E-02	 0.51780587E-05
  4195.0000    	  4196.0000    	-0.20051421E-02	 0.48850559E-05
  4196.0000    	  4197.0000    	-0.18042519E-02	 0.45003444E-05
  4197.0000    	  4198.0000    	-0.16522060E-02	 0.44115888E-05
  4198.0000    	  4199.0000    	-0.15031665E-02	 0.43792005E-05
  4199.0000    	  4200.0000    	-0.12835817E-02	 0.41558941E-05
  4200.0000    	  4201.0000    	-0.97373175E-03	 0.36374148E-05
  4201.0000    	  4202.0000    	-0.59030453E-03	 0.26891416E-05
  4202.0000    	  4203.0000    	-0.27992538E-02	 0.65672163E-05
  4203.0000    	  4204.0000    	-0.26670925E-02	 0.61209705E-05
  4204.0000    	  4205.0000    	-0.24596223E-02	 0.56350241E-05
  4205.0000    	  4206.0000    	-0.22151866E-02	 0.51372244E-05
  4206.0000    	  4207.0000    	-0.19875324E-02	 0.47793434E-05
  4207.0000    	  4208.0000    	-0.17803233E-02	 0.44498444E-05
  4208.0000    	  4209.0000    	-0.16436932E-02	 0.44056608E-05
  4209.0000    	  4210.0000    	-0.14867830E-02	 0.43529757E-05
  4210.0000    	  4211.0000    	-0.12687904E-02	 0.41369337E-05
  4211.0000    	  4212.0000    	-0.95110387E-03	 0.36040497E-05
  4212.0000    	  4213.0000    	-0.57749802E-03	 0.26607869E-05
  4213.0000    	  4214.0000    	-0.27794687E-02	 0.65182011E-05
  4214.0000    	  4215.0000    	-0.26478283E-02	 0.61108300E-05
  4215.0000    	  4216.0000    	-0.24344264E-02	 0.56362310E-05
  4216.0000    	  4217.0000    	-0.22045295E-02	 0.51977644E-05
  4217.0000    	  4218.0000    	-0.19692148E-02	 0.47701463E-05
  4218.0000    	  4219.0000    	-0.17794589E-02	 0.44909454E-05
  4219.0000    	  4220.0000    	-0.16342844E-02	 0.43955134E-05
  4220.0000    	  4221.0000    	-0.14837897E-02	 0.43488291E-05
  4221.0000    	  4222.0000    	-0.12633859E-02	 0.41260647E-05
  4222.0000    	  4223.0000    	-0.96009772E-03	 0.36718035E-05
  4223.0000    	  4224.0000    	-0.57435518E-03	 0.26605882E-05
