# xi4
# underflow	  687.34364    	 0.23956278E-01
# overflow	 0.55177454    	 0.10551657E-02
# sum	  742.24312    	 0.26082693E-01
# xmin	xmax	cross	numerror
  3124.0000    	  3125.0000    	 0.82615537E-01	 0.65814558E-03
  3125.0000    	  3126.0000    	 0.68543179E-01	 0.49222262E-03
  3126.0000    	  3127.0000    	 0.91981301E-01	 0.48262184E-03
  3127.0000    	  3128.0000    	 0.97151096E-01	 0.43912766E-03
  3128.0000    	  3129.0000    	 0.10364100    	 0.42117422E-03
  3129.0000    	  3130.0000    	 0.10763883    	 0.41005208E-03
  3130.0000    	  3131.0000    	 0.11090058    	 0.41839191E-03
  3131.0000    	  3132.0000    	 0.10942907    	 0.41500953E-03
  3132.0000    	  3133.0000    	 0.10208844    	 0.45373828E-03
  3133.0000    	  3134.0000    	 0.12394757E-01	 0.19561913E-03
  3134.0000    	  3135.0000    	 0.38552055E-01	 0.39205148E-03
  3135.0000    	  3136.0000    	 0.82755224E-01	 0.66094301E-03
  3136.0000    	  3137.0000    	 0.86623989E-01	 0.56033903E-03
  3137.0000    	  3138.0000    	 0.42608250E-01	 0.32538767E-03
  3138.0000    	  3139.0000    	 0.96345634E-01	 0.44341194E-03
  3139.0000    	  3140.0000    	 0.10180263    	 0.41742749E-03
  3140.0000    	  3141.0000    	 0.10666094    	 0.41321975E-03
  3141.0000    	  3142.0000    	 0.10901771    	 0.41461214E-03
  3142.0000    	  3143.0000    	 0.10799447    	 0.40986852E-03
  3143.0000    	  3144.0000    	 0.10302598    	 0.42250422E-03
  3144.0000    	  3145.0000    	 0.73071368E-01	 0.42882608E-03
  3145.0000    	  3146.0000    	 0.77226869E-01	 0.53712848E-03
  3146.0000    	  3147.0000    	 0.64456893E-01	 0.57726408E-03
  3147.0000    	  3148.0000    	 0.42271570E-02	 0.12094860E-03
  3148.0000    	  3149.0000    	 0.86403643E-01	 0.46196956E-03
  3149.0000    	  3150.0000    	 0.94404337E-01	 0.43129441E-03
  3150.0000    	  3151.0000    	 0.10029971    	 0.41660543E-03
  3151.0000    	  3152.0000    	 0.10511130    	 0.39870473E-03
  3152.0000    	  3153.0000    	 0.10713539    	 0.39631970E-03
  3153.0000    	  3154.0000    	 0.10718699    	 0.41068690E-03
  3154.0000    	  3155.0000    	 0.10217659    	 0.43230449E-03
  3155.0000    	  3156.0000    	 0.90797059E-01	 0.44915635E-03
  3156.0000    	  3157.0000    	 0.61278849E-01	 0.47085799E-03
  3157.0000    	  3158.0000    	 0.79235544E-01	 0.64295300E-03
  3158.0000    	  3159.0000    	 0.83065791E-01	 0.53361350E-03
  3159.0000    	  3160.0000    	 0.87095471E-01	 0.47228473E-03
  3160.0000    	  3161.0000    	 0.92636404E-01	 0.43694444E-03
  3161.0000    	  3162.0000    	 0.99151996E-01	 0.41463877E-03
  3162.0000    	  3163.0000    	 0.10356259    	 0.40159000E-03
  3163.0000    	  3164.0000    	 0.10631329    	 0.39388323E-03
  3164.0000    	  3165.0000    	 0.10504425    	 0.41012512E-03
  3165.0000    	  3166.0000    	 0.10015708    	 0.39844254E-03
  3166.0000    	  3167.0000    	 0.90327218E-01	 0.40291906E-03
  3167.0000    	  3168.0000    	 0.79045536E-01	 0.43472624E-03
  3168.0000    	  3169.0000    	 0.77022871E-01	 0.62345743E-03
  3169.0000    	  3170.0000    	 0.81251001E-01	 0.54074310E-03
  3170.0000    	  3171.0000    	 0.86299869E-01	 0.46492046E-03
  3171.0000    	  3172.0000    	 0.91486013E-01	 0.42522245E-03
  3172.0000    	  3173.0000    	 0.97266574E-01	 0.40373678E-03
  3173.0000    	  3174.0000    	 0.10247123    	 0.40127978E-03
  3174.0000    	  3175.0000    	 0.10417148    	 0.38424953E-03
  3175.0000    	  3176.0000    	 0.10292111    	 0.37816439E-03
  3176.0000    	  3177.0000    	 0.99017027E-01	 0.40818546E-03
  3177.0000    	  3178.0000    	 0.90356874E-01	 0.39131094E-03
  3178.0000    	  3179.0000    	 0.77986885E-01	 0.43603253E-03
  3179.0000    	  3180.0000    	 0.24707449E-01	 0.35634873E-03
  3180.0000    	  3181.0000    	 0.81037590E-01	 0.53368752E-03
  3181.0000    	  3182.0000    	 0.84744570E-01	 0.46148786E-03
  3182.0000    	  3183.0000    	 0.90747089E-01	 0.42697252E-03
  3183.0000    	  3184.0000    	 0.96184760E-01	 0.40319862E-03
  3184.0000    	  3185.0000    	 0.99574691E-01	 0.38874112E-03
  3185.0000    	  3186.0000    	 0.10246849    	 0.38720773E-03
  3186.0000    	  3187.0000    	 0.10162916    	 0.37619542E-03
  3187.0000    	  3188.0000    	 0.98007947E-01	 0.38150357E-03
  3188.0000    	  3189.0000    	 0.86820378E-01	 0.39455152E-03
  3189.0000    	  3190.0000    	 0.73428818E-01	 0.40967737E-03
  3190.0000    	  3191.0000    	 0.14071646E-01	 0.27203367E-03
  3191.0000    	  3192.0000    	 0.80053989E-01	 0.52603118E-03
  3192.0000    	  3193.0000    	 0.84962070E-01	 0.45988798E-03
  3193.0000    	  3194.0000    	 0.90002702E-01	 0.43725155E-03
  3194.0000    	  3195.0000    	 0.94287748E-01	 0.39663906E-03
  3195.0000    	  3196.0000    	 0.99072848E-01	 0.38525278E-03
  3196.0000    	  3197.0000    	 0.10148387    	 0.38110819E-03
  3197.0000    	  3198.0000    	 0.10015268    	 0.38343490E-03
  3198.0000    	  3199.0000    	 0.95632128E-01	 0.37913130E-03
  3199.0000    	  3200.0000    	 0.87961092E-01	 0.38080200E-03
  3200.0000    	  3201.0000    	 0.76389775E-01	 0.42930067E-03
  3201.0000    	  3202.0000    	 0.56516198E-01	 0.53003933E-03
  3202.0000    	  3203.0000    	 0.47353994E-01	 0.40526449E-03
  3203.0000    	  3204.0000    	 0.82640875E-01	 0.45211529E-03
  3204.0000    	  3205.0000    	 0.87928706E-01	 0.41461764E-03
  3205.0000    	  3206.0000    	 0.93178629E-01	 0.39602912E-03
  3206.0000    	  3207.0000    	 0.98238697E-01	 0.38641127E-03
  3207.0000    	  3208.0000    	 0.99789104E-01	 0.37963434E-03
  3208.0000    	  3209.0000    	 0.96800284E-01	 0.37055150E-03
  3209.0000    	  3210.0000    	 0.93785389E-01	 0.36153572E-03
  3210.0000    	  3211.0000    	 0.85376852E-01	 0.39017962E-03
  3211.0000    	  3212.0000    	 0.72724312E-01	 0.37809796E-03
  3212.0000    	  3213.0000    	 0.68154565E-01	 0.58973160E-03
  3213.0000    	  3214.0000    	 0.76131482E-01	 0.51063044E-03
  3214.0000    	  3215.0000    	 0.80649882E-01	 0.44887632E-03
  3215.0000    	  3216.0000    	 0.86898072E-01	 0.41864818E-03
  3216.0000    	  3217.0000    	 0.92150028E-01	 0.39066269E-03
  3217.0000    	  3218.0000    	 0.96543733E-01	 0.38371778E-03
  3218.0000    	  3219.0000    	 0.98726453E-01	 0.38979747E-03
  3219.0000    	  3220.0000    	 0.98567100E-01	 0.37717406E-03
  3220.0000    	  3221.0000    	 0.93573273E-01	 0.36348134E-03
  3221.0000    	  3222.0000    	 0.36216685E-03	 0.24440991E-04
  3222.0000    	  3223.0000    	 0.73464114E-01	 0.36674157E-03
  3223.0000    	  3224.0000    	 0.63976080E-01	 0.57594956E-03
  3224.0000    	  3225.0000    	 0.75685730E-01	 0.50891714E-03
  3225.0000    	  3226.0000    	 0.79846381E-01	 0.45068906E-03
  3226.0000    	  3227.0000    	 0.85885129E-01	 0.40916325E-03
  3227.0000    	  3228.0000    	 0.90128938E-01	 0.38633193E-03
  3228.0000    	  3229.0000    	 0.95124070E-01	 0.38097166E-03
  3229.0000    	  3230.0000    	 0.97039342E-01	 0.37049140E-03
  3230.0000    	  3231.0000    	 0.96582924E-01	 0.36603965E-03
  3231.0000    	  3232.0000    	 0.89603655E-01	 0.37533742E-03
  3232.0000    	  3233.0000    	 0.48433778E-01	 0.27285323E-03
  3233.0000    	  3234.0000    	 0.73082878E-01	 0.38048479E-03
  3234.0000    	  3235.0000    	 0.72143078E-01	 0.60602619E-03
  3235.0000    	  3236.0000    	 0.74500206E-01	 0.50199824E-03
  3236.0000    	  3237.0000    	 0.78233197E-01	 0.44070989E-03
  3237.0000    	  3238.0000    	 0.84162635E-01	 0.41841853E-03
  3238.0000    	  3239.0000    	 0.86435002E-01	 0.37695092E-03
  3239.0000    	  3240.0000    	 0.93974077E-01	 0.37473564E-03
  3240.0000    	  3241.0000    	 0.96253070E-01	 0.36919970E-03
  3241.0000    	  3242.0000    	 0.95559566E-01	 0.37302526E-03
  3242.0000    	  3243.0000    	 0.90349910E-01	 0.35208740E-03
  3243.0000    	  3244.0000    	 0.83589885E-01	 0.35300089E-03
  3244.0000    	  3245.0000    	 0.51637219E-01	 0.32175915E-03
  3245.0000    	  3246.0000    	 0.69403192E-01	 0.59618411E-03
  3246.0000    	  3247.0000    	 0.73327968E-01	 0.50882139E-03
  3247.0000    	  3248.0000    	 0.44918636E-02	 0.10492799E-03
  3248.0000    	  3249.0000    	 0.83059769E-01	 0.40555915E-03
  3249.0000    	  3250.0000    	 0.88119240E-01	 0.38536247E-03
  3250.0000    	  3251.0000    	 0.92125180E-01	 0.36554402E-03
  3251.0000    	  3252.0000    	 0.94507106E-01	 0.36381363E-03
  3252.0000    	  3253.0000    	 0.94148656E-01	 0.36236830E-03
  3253.0000    	  3254.0000    	 0.89620974E-01	 0.35240311E-03
  3254.0000    	  3255.0000    	 0.81290397E-01	 0.35924433E-03
  3255.0000    	  3256.0000    	 0.70763351E-01	 0.36611421E-03
  3256.0000    	  3257.0000    	 0.58683056E-01	 0.54964695E-03
  3257.0000    	  3258.0000    	 0.73378153E-01	 0.50178862E-03
  3258.0000    	  3259.0000    	 0.76159767E-01	 0.43538647E-03
  3259.0000    	  3260.0000    	 0.81997196E-01	 0.40194613E-03
  3260.0000    	  3261.0000    	 0.86475044E-01	 0.37546914E-03
  3261.0000    	  3262.0000    	 0.91104135E-01	 0.36779745E-03
  3262.0000    	  3263.0000    	 0.93467858E-01	 0.35870578E-03
  3263.0000    	  3264.0000    	 0.92948012E-01	 0.35840120E-03
  3264.0000    	  3265.0000    	 0.88279032E-01	 0.34801851E-03
  3265.0000    	  3266.0000    	 0.80852112E-01	 0.35133716E-03
  3266.0000    	  3267.0000    	 0.70105738E-01	 0.36358713E-03
  3267.0000    	  3268.0000    	 0.63857924E-01	 0.59983583E-03
  3268.0000    	  3269.0000    	 0.57187252E-03	 0.41999615E-04
  3269.0000    	  3270.0000    	 0.62446231E-01	 0.39248676E-03
  3270.0000    	  3271.0000    	 0.80995605E-01	 0.39796274E-03
  3271.0000    	  3272.0000    	 0.85744833E-01	 0.37469078E-03
  3272.0000    	  3273.0000    	 0.89747547E-01	 0.35871983E-03
  3273.0000    	  3274.0000    	 0.91874357E-01	 0.35190370E-03
  3274.0000    	  3275.0000    	 0.91325810E-01	 0.34434985E-03
  3275.0000    	  3276.0000    	 0.87005775E-01	 0.33348067E-03
  3276.0000    	  3277.0000    	 0.79568965E-01	 0.35058872E-03
  3277.0000    	  3278.0000    	 0.68859843E-01	 0.35451537E-03
  3278.0000    	  3279.0000    	 0.60337290E-02	 0.17365432E-03
  3279.0000    	  3280.0000    	 0.69925583E-01	 0.48668390E-03
  3280.0000    	  3281.0000    	 0.74471289E-01	 0.42643504E-03
  3281.0000    	  3282.0000    	 0.79441067E-01	 0.39560509E-03
  3282.0000    	  3283.0000    	 0.84468982E-01	 0.36889983E-03
  3283.0000    	  3284.0000    	 0.88845140E-01	 0.36150930E-03
  3284.0000    	  3285.0000    	 0.90312301E-01	 0.34491383E-03
  3285.0000    	  3286.0000    	 0.89585009E-01	 0.34050103E-03
  3286.0000    	  3287.0000    	 0.85903817E-01	 0.34103284E-03
  3287.0000    	  3288.0000    	 0.78531210E-01	 0.33593474E-03
  3288.0000    	  3289.0000    	 0.67926631E-01	 0.35184325E-03
  3289.0000    	  3290.0000    	 0.64503141E-01	 0.57706120E-03
  3290.0000    	  3291.0000    	 0.70026102E-01	 0.48577702E-03
  3291.0000    	  3292.0000    	 0.73084312E-01	 0.42861779E-03
  3292.0000    	  3293.0000    	 0.77678657E-01	 0.38810437E-03
  3293.0000    	  3294.0000    	 0.78827211E-01	 0.35955907E-03
  3294.0000    	  3295.0000    	 0.87439140E-01	 0.35855733E-03
  3295.0000    	  3296.0000    	 0.89167257E-01	 0.34477739E-03
  3296.0000    	  3297.0000    	 0.88578103E-01	 0.33521596E-03
  3297.0000    	  3298.0000    	 0.82629908E-01	 0.33128181E-03
  3298.0000    	  3299.0000    	 0.77686419E-01	 0.34465737E-03
  3299.0000    	  3300.0000    	 0.58503866E-01	 0.32404891E-03
  3300.0000    	  3301.0000    	 0.65090219E-01	 0.56261555E-03
  3301.0000    	  3302.0000    	 0.69259946E-01	 0.49011916E-03
  3302.0000    	  3303.0000    	 0.72868400E-01	 0.42827348E-03
  3303.0000    	  3304.0000    	 0.77308345E-01	 0.38897184E-03
  3304.0000    	  3305.0000    	 0.82463660E-01	 0.37118865E-03
  3305.0000    	  3306.0000    	 0.84969927E-01	 0.34435521E-03
  3306.0000    	  3307.0000    	 0.87986468E-01	 0.34433063E-03
  3307.0000    	  3308.0000    	 0.87056237E-01	 0.33395788E-03
  3308.0000    	  3309.0000    	 0.77115824E-01	 0.31262861E-03
  3309.0000    	  3310.0000    	 0.76211508E-01	 0.32959426E-03
  3310.0000    	  3311.0000    	 0.66206085E-01	 0.35182604E-03
  3311.0000    	  3312.0000    	 0.64936504E-01	 0.57988361E-03
  3312.0000    	  3313.0000    	 0.66285196E-01	 0.47665734E-03
  3313.0000    	  3314.0000    	 0.72125333E-01	 0.42900856E-03
  3314.0000    	  3315.0000    	 0.76007300E-01	 0.38474331E-03
  3315.0000    	  3316.0000    	 0.80798353E-01	 0.36473363E-03
  3316.0000    	  3317.0000    	 0.68101205E-01	 0.30975703E-03
  3317.0000    	  3318.0000    	 0.87058929E-01	 0.34599377E-03
  3318.0000    	  3319.0000    	 0.86567308E-01	 0.33726212E-03
  3319.0000    	  3320.0000    	 0.82474034E-01	 0.33913682E-03
  3320.0000    	  3321.0000    	 0.75355418E-01	 0.32551937E-03
  3321.0000    	  3322.0000    	 0.65019327E-01	 0.34471147E-03
  3322.0000    	  3323.0000    	 0.41419861E-01	 0.46367478E-03
  3323.0000    	  3324.0000    	 0.52060830E-01	 0.41781979E-03
  3324.0000    	  3325.0000    	 0.70612741E-01	 0.41708216E-03
  3325.0000    	  3326.0000    	 0.23446311E-03	 0.20432959E-04
  3326.0000    	  3327.0000    	 0.80007502E-01	 0.36174608E-03
  3327.0000    	  3328.0000    	 0.84221385E-01	 0.35059456E-03
  3328.0000    	  3329.0000    	 0.85189929E-01	 0.33992238E-03
  3329.0000    	  3330.0000    	 0.84920615E-01	 0.33159668E-03
  3330.0000    	  3331.0000    	 0.81242095E-01	 0.32314074E-03
  3331.0000    	  3332.0000    	 0.73819968E-01	 0.32383808E-03
  3332.0000    	  3333.0000    	 0.64210845E-01	 0.33702609E-03
  3333.0000    	  3334.0000    	 0.64053418E-01	 0.56825432E-03
  3334.0000    	  3335.0000    	 0.65421587E-01	 0.48433745E-03
  3335.0000    	  3336.0000    	 0.69514108E-01	 0.40851645E-03
  3336.0000    	  3337.0000    	 0.73930206E-01	 0.38184906E-03
  3337.0000    	  3338.0000    	 0.78672288E-01	 0.35544899E-03
  3338.0000    	  3339.0000    	 0.81115510E-01	 0.33871511E-03
  3339.0000    	  3340.0000    	 0.84377598E-01	 0.32843048E-03
  3340.0000    	  3341.0000    	 0.83854339E-01	 0.32690954E-03
  3341.0000    	  3342.0000    	 0.79860495E-01	 0.31513694E-03
  3342.0000    	  3343.0000    	 0.73497869E-01	 0.31954584E-03
  3343.0000    	  3344.0000    	 0.62954258E-01	 0.32996770E-03
  3344.0000    	  3345.0000    	 0.47502314E-01	 0.48620882E-03
  3345.0000    	  3346.0000    	 0.64448011E-01	 0.46596788E-03
  3346.0000    	  3347.0000    	 0.58130767E-01	 0.37883049E-03
  3347.0000    	  3348.0000    	 0.72822228E-01	 0.38344946E-03
  3348.0000    	  3349.0000    	 0.77829227E-01	 0.35783611E-03
  3349.0000    	  3350.0000    	 0.81236057E-01	 0.34237148E-03
  3350.0000    	  3351.0000    	 0.83432565E-01	 0.32631999E-03
  3351.0000    	  3352.0000    	 0.80019913E-01	 0.31334059E-03
  3352.0000    	  3353.0000    	 0.78841279E-01	 0.31329796E-03
  3353.0000    	  3354.0000    	 0.71438174E-01	 0.31393047E-03
  3354.0000    	  3355.0000    	 0.62190601E-01	 0.34624999E-03
  3355.0000    	  3356.0000    	 0.49649067E-01	 0.48968864E-03
  3356.0000    	  3357.0000    	 0.59295132E-01	 0.45030466E-03
  3357.0000    	  3358.0000    	 0.49263050E-02	 0.10818396E-03
  3358.0000    	  3359.0000    	 0.71593871E-01	 0.37204258E-03
  3359.0000    	  3360.0000    	 0.76198542E-01	 0.34886982E-03
  3360.0000    	  3361.0000    	 0.79584138E-01	 0.33560179E-03
  3361.0000    	  3362.0000    	 0.82063041E-01	 0.32379533E-03
  3362.0000    	  3363.0000    	 0.82220156E-01	 0.32925057E-03
  3363.0000    	  3364.0000    	 0.77683998E-01	 0.31695227E-03
  3364.0000    	  3365.0000    	 0.62284708E-01	 0.29528966E-03
  3365.0000    	  3366.0000    	 0.61005653E-01	 0.33452176E-03
  3366.0000    	  3367.0000    	 0.53817613E-01	 0.53139803E-03
  3367.0000    	  3368.0000    	 0.63616547E-01	 0.46625119E-03
  3368.0000    	  3369.0000    	 0.67403499E-01	 0.40761453E-03
  3369.0000    	  3370.0000    	 0.69280743E-01	 0.36461535E-03
  3370.0000    	  3371.0000    	 0.75202100E-01	 0.34514516E-03
  3371.0000    	  3372.0000    	 0.78532257E-01	 0.33103241E-03
  3372.0000    	  3373.0000    	 0.80823563E-01	 0.31953958E-03
  3373.0000    	  3374.0000    	 0.79774464E-01	 0.31268183E-03
  3374.0000    	  3375.0000    	 0.76545313E-01	 0.30675576E-03
  3375.0000    	  3376.0000    	 0.69343509E-01	 0.31320702E-03
  3376.0000    	  3377.0000    	 0.56331428E-01	 0.31451309E-03
  3377.0000    	  3378.0000    	 0.35619539E-01	 0.42292328E-03
  3378.0000    	  3379.0000    	 0.59064555E-01	 0.44446923E-03
  3379.0000    	  3380.0000    	 0.65408539E-01	 0.40336717E-03
  3380.0000    	  3381.0000    	 0.69783621E-01	 0.37088472E-03
  3381.0000    	  3382.0000    	 0.74166027E-01	 0.34460628E-03
  3382.0000    	  3383.0000    	 0.69656862E-01	 0.31400464E-03
  3383.0000    	  3384.0000    	 0.79911222E-01	 0.31884498E-03
  3384.0000    	  3385.0000    	 0.79422652E-01	 0.31333191E-03
  3385.0000    	  3386.0000    	 0.74730365E-01	 0.30595698E-03
  3386.0000    	  3387.0000    	 0.69202922E-01	 0.30480840E-03
  3387.0000    	  3388.0000    	 0.59658366E-01	 0.33744706E-03
  3388.0000    	  3389.0000    	 0.56125346E-01	 0.54062265E-03
  3389.0000    	  3390.0000    	 0.45256004E-01	 0.39285516E-03
  3390.0000    	  3391.0000    	 0.64377995E-01	 0.40446563E-03
  3391.0000    	  3392.0000    	 0.68806307E-01	 0.36105384E-03
  3392.0000    	  3393.0000    	 0.73519153E-01	 0.34488298E-03
  3393.0000    	  3394.0000    	 0.77398669E-01	 0.32830335E-03
  3394.0000    	  3395.0000    	 0.78817208E-01	 0.32368311E-03
  3395.0000    	  3396.0000    	 0.78323382E-01	 0.31604382E-03
  3396.0000    	  3397.0000    	 0.74931290E-01	 0.30973569E-03
  3397.0000    	  3398.0000    	 0.67479389E-01	 0.30228380E-03
  3398.0000    	  3399.0000    	 0.58146220E-01	 0.31330265E-03
  3399.0000    	  3400.0000    	 0.48760498E-01	 0.49844540E-03
  3400.0000    	  3401.0000    	 0.59830001E-01	 0.45980949E-03
  3401.0000    	  3402.0000    	 0.44246328E-01	 0.32870569E-03
  3402.0000    	  3403.0000    	 0.67971712E-01	 0.36109722E-03
  3403.0000    	  3404.0000    	 0.72688048E-01	 0.34038971E-03
  3404.0000    	  3405.0000    	 0.75567410E-01	 0.32250032E-03
  3405.0000    	  3406.0000    	 0.77687375E-01	 0.31456119E-03
  3406.0000    	  3407.0000    	 0.76968088E-01	 0.31201017E-03
  3407.0000    	  3408.0000    	 0.73149001E-01	 0.30688035E-03
  3408.0000    	  3409.0000    	 0.67372558E-01	 0.30490426E-03
  3409.0000    	  3410.0000    	 0.57063578E-01	 0.30484197E-03
  3410.0000    	  3411.0000    	 0.56133517E-01	 0.53772809E-03
  3411.0000    	  3412.0000    	 0.59134453E-01	 0.44857597E-03
  3412.0000    	  3413.0000    	 0.62591454E-01	 0.38969857E-03
  3413.0000    	  3414.0000    	 0.66958787E-01	 0.36468392E-03
  3414.0000    	  3415.0000    	 0.71541620E-01	 0.34353170E-03
  3415.0000    	  3416.0000    	 0.74715367E-01	 0.32338539E-03
  3416.0000    	  3417.0000    	 0.76470549E-01	 0.31536360E-03
  3417.0000    	  3418.0000    	 0.75932810E-01	 0.31124206E-03
  3418.0000    	  3419.0000    	 0.72871585E-01	 0.30000244E-03
  3419.0000    	  3420.0000    	 0.65719219E-01	 0.29866067E-03
  3420.0000    	  3421.0000    	 0.56943090E-01	 0.31904769E-03
  3421.0000    	  3422.0000    	 0.98768022E-02	 0.22398046E-03
  3422.0000    	  3423.0000    	 0.58646404E-01	 0.43963481E-03
  3423.0000    	  3424.0000    	 0.60840127E-01	 0.38867706E-03
  3424.0000    	  3425.0000    	 0.65798421E-01	 0.35682597E-03
  3425.0000    	  3426.0000    	 0.70455141E-01	 0.33562464E-03
  3426.0000    	  3427.0000    	 0.73476429E-01	 0.31746470E-03
  3427.0000    	  3428.0000    	 0.75522563E-01	 0.31163097E-03
  3428.0000    	  3429.0000    	 0.74894684E-01	 0.30485990E-03
  3429.0000    	  3430.0000    	 0.71419409E-01	 0.30537143E-03
  3430.0000    	  3431.0000    	 0.64910491E-01	 0.31821751E-03
  3431.0000    	  3432.0000    	 0.55597812E-01	 0.31223846E-03
  3432.0000    	  3433.0000    	 0.42767505E-01	 0.47240838E-03
  3433.0000    	  3434.0000    	 0.57176698E-01	 0.43474385E-03
  3434.0000    	  3435.0000    	 0.61426624E-01	 0.39545344E-03
  3435.0000    	  3436.0000    	 0.65273223E-01	 0.35505503E-03
  3436.0000    	  3437.0000    	 0.70074496E-01	 0.34010707E-03
  3437.0000    	  3438.0000    	 0.72666767E-01	 0.31484176E-03
  3438.0000    	  3439.0000    	 0.74299525E-01	 0.30660691E-03
  3439.0000    	  3440.0000    	 0.74201085E-01	 0.30362165E-03
  3440.0000    	  3441.0000    	 0.69684957E-01	 0.28673221E-03
  3441.0000    	  3442.0000    	 0.63959677E-01	 0.29467558E-03
  3442.0000    	  3443.0000    	 0.42011347E-01	 0.25823716E-03
  3443.0000    	  3444.0000    	 0.49534983E-02	 0.15563389E-03
  3444.0000    	  3445.0000    	 0.55385327E-01	 0.43611388E-03
  3445.0000    	  3446.0000    	 0.60319167E-01	 0.38648566E-03
  3446.0000    	  3447.0000    	 0.64540944E-01	 0.35312575E-03
  3447.0000    	  3448.0000    	 0.68394031E-01	 0.32999298E-03
  3448.0000    	  3449.0000    	 0.71291056E-01	 0.31253779E-03
  3449.0000    	  3450.0000    	 0.73577539E-01	 0.30234841E-03
  3450.0000    	  3451.0000    	 0.72959461E-01	 0.29659988E-03
  3451.0000    	  3452.0000    	 0.69311904E-01	 0.28075406E-03
  3452.0000    	  3453.0000    	 0.62993161E-01	 0.30370132E-03
  3453.0000    	  3454.0000    	 0.54684462E-01	 0.31360853E-03
  3454.0000    	  3455.0000    	 0.55058491E-01	 0.52463211E-03
  3455.0000    	  3456.0000    	 0.31685496E-02	 0.10511869E-03
  3456.0000    	  3457.0000    	 0.59521074E-01	 0.38114204E-03
  3457.0000    	  3458.0000    	 0.58990185E-01	 0.33794124E-03
  3458.0000    	  3459.0000    	 0.67018415E-01	 0.32333788E-03
  3459.0000    	  3460.0000    	 0.70759430E-01	 0.31040112E-03
  3460.0000    	  3461.0000    	 0.71523340E-01	 0.30146848E-03
  3461.0000    	  3462.0000    	 0.71848725E-01	 0.28939113E-03
  3462.0000    	  3463.0000    	 0.68129497E-01	 0.29813737E-03
  3463.0000    	  3464.0000    	 0.61649290E-01	 0.28909817E-03
  3464.0000    	  3465.0000    	 0.53626098E-01	 0.30824322E-03
  3465.0000    	  3466.0000    	 0.35516350E-02	 0.12862652E-03
  3466.0000    	  3467.0000    	 0.55659074E-01	 0.42909639E-03
  3467.0000    	  3468.0000    	 0.58947063E-01	 0.38492394E-03
  3468.0000    	  3469.0000    	 0.61864151E-01	 0.34333588E-03
  3469.0000    	  3470.0000    	 0.66255726E-01	 0.32034739E-03
  3470.0000    	  3471.0000    	 0.69648861E-01	 0.31298059E-03
  3471.0000    	  3472.0000    	 0.71192860E-01	 0.29505122E-03
  3472.0000    	  3473.0000    	 0.70195870E-01	 0.29882990E-03
  3473.0000    	  3474.0000    	 0.67500022E-01	 0.28182613E-03
  3474.0000    	  3475.0000    	 0.61516959E-01	 0.28952611E-03
  3475.0000    	  3476.0000    	 0.53083628E-01	 0.30658788E-03
  3476.0000    	  3477.0000    	 0.26820525E-01	 0.36146552E-03
  3477.0000    	  3478.0000    	 0.53458403E-01	 0.43382954E-03
  3478.0000    	  3479.0000    	 0.56666876E-01	 0.37136390E-03
  3479.0000    	  3480.0000    	 0.55907942E-01	 0.32367484E-03
  3480.0000    	  3481.0000    	 0.64827817E-01	 0.32330609E-03
  3481.0000    	  3482.0000    	 0.68484292E-01	 0.30869232E-03
  3482.0000    	  3483.0000    	 0.70079320E-01	 0.29430144E-03
  3483.0000    	  3484.0000    	 0.70107917E-01	 0.28856968E-03
  3484.0000    	  3485.0000    	 0.76970601E-03	 0.29189882E-04
  3485.0000    	  3486.0000    	 0.57763274E-01	 0.28129995E-03
  3486.0000    	  3487.0000    	 0.42149396E-01	 0.26716893E-03
  3487.0000    	  3488.0000    	 0.52034338E-01	 0.51482393E-03
  3488.0000    	  3489.0000    	 0.50956445E-01	 0.41258416E-03
  3489.0000    	  3490.0000    	 0.56181076E-01	 0.37572274E-03
  3490.0000    	  3491.0000    	 0.60965745E-01	 0.34473683E-03
  3491.0000    	  3492.0000    	 0.64916138E-01	 0.31801567E-03
  3492.0000    	  3493.0000    	 0.68269568E-01	 0.30400781E-03
  3493.0000    	  3494.0000    	 0.69562361E-01	 0.29613013E-03
  3494.0000    	  3495.0000    	 0.36075273E-01	 0.20673425E-03
  3495.0000    	  3496.0000    	 0.66029105E-01	 0.29589382E-03
  3496.0000    	  3497.0000    	 0.59857709E-01	 0.30933446E-03
  3497.0000    	  3498.0000    	 0.51396300E-01	 0.29408091E-03
  3498.0000    	  3499.0000    	 0.51353000E-01	 0.51670964E-03
  3499.0000    	  3500.0000    	 0.51893229E-01	 0.41641810E-03
  3500.0000    	  3501.0000    	 0.54761568E-01	 0.36687755E-03
  3501.0000    	  3502.0000    	 0.59254765E-01	 0.33355092E-03
  3502.0000    	  3503.0000    	 0.61855428E-01	 0.31236004E-03
  3503.0000    	  3504.0000    	 0.67136798E-01	 0.30000966E-03
  3504.0000    	  3505.0000    	 0.68499535E-01	 0.29460414E-03
  3505.0000    	  3506.0000    	 0.68042972E-01	 0.28670564E-03
  3506.0000    	  3507.0000    	 0.64636863E-01	 0.27821759E-03
  3507.0000    	  3508.0000    	 0.58407415E-01	 0.27309490E-03
  3508.0000    	  3509.0000    	 0.50839327E-01	 0.28996378E-03
  3509.0000    	  3510.0000    	 0.49798684E-01	 0.50201522E-03
  3510.0000    	  3511.0000    	 0.51619481E-01	 0.40886834E-03
  3511.0000    	  3512.0000    	 0.55741129E-01	 0.36744921E-03
  3512.0000    	  3513.0000    	 0.58202411E-01	 0.33597800E-03
  3513.0000    	  3514.0000    	 0.62648208E-01	 0.31605169E-03
  3514.0000    	  3515.0000    	 0.64902439E-01	 0.29139690E-03
  3515.0000    	  3516.0000    	 0.67911651E-01	 0.29095164E-03
  3516.0000    	  3517.0000    	 0.67058416E-01	 0.28016426E-03
  3517.0000    	  3518.0000    	 0.64101307E-01	 0.28605210E-03
  3518.0000    	  3519.0000    	 0.58408823E-01	 0.29944236E-03
  3519.0000    	  3520.0000    	 0.49622697E-01	 0.29720184E-03
  3520.0000    	  3521.0000    	 0.46115914E-01	 0.48349979E-03
  3521.0000    	  3522.0000    	 0.41973499E-01	 0.37064392E-03
  3522.0000    	  3523.0000    	 0.54684712E-01	 0.36651672E-03
  3523.0000    	  3524.0000    	 0.57370282E-01	 0.33323714E-03
  3524.0000    	  3525.0000    	 0.61715452E-01	 0.30942765E-03
  3525.0000    	  3526.0000    	 0.59912894E-01	 0.29406516E-03
  3526.0000    	  3527.0000    	 0.66864147E-01	 0.28814713E-03
  3527.0000    	  3528.0000    	 0.66051305E-01	 0.27530644E-03
  3528.0000    	  3529.0000    	 0.62888958E-01	 0.27280575E-03
  3529.0000    	  3530.0000    	 0.56714849E-01	 0.27352608E-03
  3530.0000    	  3531.0000    	 0.48200066E-01	 0.28104085E-03
  3531.0000    	  3532.0000    	 0.48239135E-01	 0.48970848E-03
  3532.0000    	  3533.0000    	 0.28160965E-02	 0.94840929E-04
  3533.0000    	  3534.0000    	 0.12283268E-02	 0.53820417E-04
  3534.0000    	  3535.0000    	 0.56272959E-01	 0.32680842E-03
  3535.0000    	  3536.0000    	 0.61187106E-01	 0.31043729E-03
  3536.0000    	  3537.0000    	 0.55574946E-01	 0.27670848E-03
  3537.0000    	  3538.0000    	 0.65773912E-01	 0.28472802E-03
  3538.0000    	  3539.0000    	 0.64982208E-01	 0.27613410E-03
  3539.0000    	  3540.0000    	 0.61975088E-01	 0.25700251E-03
  3540.0000    	  3541.0000    	 0.35809061E-01	 0.20951871E-03
  3541.0000    	  3542.0000    	 0.48163391E-01	 0.27295367E-03
  3542.0000    	  3543.0000    	 0.45392658E-01	 0.47018291E-03
  3543.0000    	  3544.0000    	 0.49862598E-01	 0.40527110E-03
  3544.0000    	  3545.0000    	 0.51643740E-01	 0.34883614E-03
  3545.0000    	  3546.0000    	 0.56525718E-01	 0.33078491E-03
  3546.0000    	  3547.0000    	 0.60435966E-01	 0.31275724E-03
  3547.0000    	  3548.0000    	 0.63089052E-01	 0.29084072E-03
  3548.0000    	  3549.0000    	 0.64485005E-01	 0.28233736E-03
  3549.0000    	  3550.0000    	 0.64196831E-01	 0.27409259E-03
  3550.0000    	  3551.0000    	 0.61203458E-01	 0.27333694E-03
  3551.0000    	  3552.0000    	 0.54807431E-01	 0.27419317E-03
  3552.0000    	  3553.0000    	 0.47704929E-01	 0.27968344E-03
  3553.0000    	  3554.0000    	 0.46073584E-01	 0.48245982E-03
  3554.0000    	  3555.0000    	 0.47752328E-01	 0.40248842E-03
  3555.0000    	  3556.0000    	 0.52085253E-01	 0.35924716E-03
  3556.0000    	  3557.0000    	 0.48760435E-01	 0.30513393E-03
  3557.0000    	  3558.0000    	 0.59592577E-01	 0.30528328E-03
  3558.0000    	  3559.0000    	 0.62495256E-01	 0.29458984E-03
  3559.0000    	  3560.0000    	 0.63924703E-01	 0.27881625E-03
  3560.0000    	  3561.0000    	 0.63390448E-01	 0.26609676E-03
  3561.0000    	  3562.0000    	 0.59898628E-01	 0.26492825E-03
  3562.0000    	  3563.0000    	 0.55085095E-01	 0.27553308E-03
  3563.0000    	  3564.0000    	 0.46314296E-01	 0.29348640E-03
  3564.0000    	  3565.0000    	 0.23066934E-03	 0.31484468E-04
  3565.0000    	  3566.0000    	 0.45844468E-01	 0.38881049E-03
  3566.0000    	  3567.0000    	 0.50322268E-01	 0.35291917E-03
  3567.0000    	  3568.0000    	 0.53926476E-01	 0.31748215E-03
  3568.0000    	  3569.0000    	 0.58286135E-01	 0.30474081E-03
  3569.0000    	  3570.0000    	 0.61574158E-01	 0.28473440E-03
  3570.0000    	  3571.0000    	 0.63036179E-01	 0.27262948E-03
  3571.0000    	  3572.0000    	 0.61843950E-01	 0.27635359E-03
  3572.0000    	  3573.0000    	 0.57914228E-01	 0.26291444E-03
  3573.0000    	  3574.0000    	 0.53932854E-01	 0.28267731E-03
  3574.0000    	  3575.0000    	 0.43881716E-01	 0.27375130E-03
  3575.0000    	  3576.0000    	 0.34010016E-01	 0.40962999E-03
  3576.0000    	  3577.0000    	 0.48298037E-01	 0.39500136E-03
  3577.0000    	  3578.0000    	 0.46197554E-01	 0.33303287E-03
  3578.0000    	  3579.0000    	 0.54809196E-01	 0.32496740E-03
  3579.0000    	  3580.0000    	 0.55563160E-01	 0.29836015E-03
  3580.0000    	  3581.0000    	 0.60236646E-01	 0.28348307E-03
  3581.0000    	  3582.0000    	 0.62102626E-01	 0.27264484E-03
  3582.0000    	  3583.0000    	 0.61757132E-01	 0.26300612E-03
  3583.0000    	  3584.0000    	 0.58904985E-01	 0.26308970E-03
  3584.0000    	  3585.0000    	 0.53419229E-01	 0.25756685E-03
  3585.0000    	  3586.0000    	 0.44628375E-01	 0.28003016E-03
  3586.0000    	  3587.0000    	 0.46206782E-01	 0.47992402E-03
  3587.0000    	  3588.0000    	 0.47199354E-01	 0.38875853E-03
  3588.0000    	  3589.0000    	 0.34358041E-01	 0.28347713E-03
  3589.0000    	  3590.0000    	 0.53909797E-01	 0.32177767E-03
  3590.0000    	  3591.0000    	 0.54326060E-01	 0.29122729E-03
  3591.0000    	  3592.0000    	 0.59997333E-01	 0.28373594E-03
  3592.0000    	  3593.0000    	 0.60984721E-01	 0.26926733E-03
  3593.0000    	  3594.0000    	 0.61045847E-01	 0.27166618E-03
  3594.0000    	  3595.0000    	 0.57737485E-01	 0.26623073E-03
  3595.0000    	  3596.0000    	 0.51340268E-01	 0.25709205E-03
  3596.0000    	  3597.0000    	 0.67792462E-02	 0.10814507E-03
  3597.0000    	  3598.0000    	 0.44562217E-01	 0.46220001E-03
  3598.0000    	  3599.0000    	 0.39581603E-01	 0.35342426E-03
  3599.0000    	  3600.0000    	 0.49937385E-01	 0.35351974E-03
  3600.0000    	  3601.0000    	 0.53003795E-01	 0.31338219E-03
  3601.0000    	  3602.0000    	 0.56230453E-01	 0.29696213E-03
  3602.0000    	  3603.0000    	 0.59324673E-01	 0.28548203E-03
  3603.0000    	  3604.0000    	 0.60793762E-01	 0.27278944E-03
  3604.0000    	  3605.0000    	 0.60068787E-01	 0.27480299E-03
  3605.0000    	  3606.0000    	 0.56727577E-01	 0.27711944E-03
  3606.0000    	  3607.0000    	 0.51409965E-01	 0.24928359E-03
  3607.0000    	  3608.0000    	 0.44252332E-01	 0.27248418E-03
  3608.0000    	  3609.0000    	 0.43585649E-01	 0.46314767E-03
  3609.0000    	  3610.0000    	 0.45469776E-01	 0.38918353E-03
  3610.0000    	  3611.0000    	 0.26020988E-02	 0.78212668E-04
  3611.0000    	  3612.0000    	 0.52239803E-01	 0.31594078E-03
  3612.0000    	  3613.0000    	 0.56199151E-01	 0.30348140E-03
  3613.0000    	  3614.0000    	 0.58342525E-01	 0.28129935E-03
  3614.0000    	  3615.0000    	 0.59655460E-01	 0.26562851E-03
  3615.0000    	  3616.0000    	 0.58995779E-01	 0.25729491E-03
  3616.0000    	  3617.0000    	 0.55942401E-01	 0.25773594E-03
  3617.0000    	  3618.0000    	 0.50877060E-01	 0.25795978E-03
  3618.0000    	  3619.0000    	 0.43568272E-01	 0.26754315E-03
  3619.0000    	  3620.0000    	 0.86221178E-02	 0.20985923E-03
  3620.0000    	  3621.0000    	 0.45796422E-01	 0.38574184E-03
  3621.0000    	  3622.0000    	 0.48516963E-01	 0.34249192E-03
  3622.0000    	  3623.0000    	 0.51481640E-01	 0.31594434E-03
  3623.0000    	  3624.0000    	 0.54827703E-01	 0.29358263E-03
  3624.0000    	  3625.0000    	 0.58034051E-01	 0.28576692E-03
  3625.0000    	  3626.0000    	 0.58839204E-01	 0.26514614E-03
  3626.0000    	  3627.0000    	 0.58750598E-01	 0.25947605E-03
  3627.0000    	  3628.0000    	 0.55723484E-01	 0.25619376E-03
  3628.0000    	  3629.0000    	 0.48965708E-01	 0.25664381E-03
  3629.0000    	  3630.0000    	 0.43463268E-01	 0.27752421E-03
  3630.0000    	  3631.0000    	 0.34847859E-01	 0.41584296E-03
  3631.0000    	  3632.0000    	 0.43708863E-01	 0.37484254E-03
  3632.0000    	  3633.0000    	 0.33746538E-02	 0.88960377E-04
  3633.0000    	  3634.0000    	 0.50762877E-01	 0.31177956E-03
  3634.0000    	  3635.0000    	 0.53582655E-01	 0.28860418E-03
  3635.0000    	  3636.0000    	 0.56684513E-01	 0.27388564E-03
  3636.0000    	  3637.0000    	 0.58255263E-01	 0.26652759E-03
  3637.0000    	  3638.0000    	 0.57638119E-01	 0.27602352E-03
  3638.0000    	  3639.0000    	 0.54701233E-01	 0.25417417E-03
  3639.0000    	  3640.0000    	 0.49406253E-01	 0.25210277E-03
  3640.0000    	  3641.0000    	 0.42586688E-01	 0.28150538E-03
  3641.0000    	  3642.0000    	 0.41460602E-01	 0.45728072E-03
  3642.0000    	  3643.0000    	 0.37583014E-01	 0.35087850E-03
  3643.0000    	  3644.0000    	 0.45805415E-01	 0.33538822E-03
  3644.0000    	  3645.0000    	 0.50145844E-01	 0.30610281E-03
  3645.0000    	  3646.0000    	 0.53697818E-01	 0.29028200E-03
  3646.0000    	  3647.0000    	 0.55962423E-01	 0.27371657E-03
  3647.0000    	  3648.0000    	 0.56776137E-01	 0.26003880E-03
  3648.0000    	  3649.0000    	 0.56678478E-01	 0.27322527E-03
  3649.0000    	  3650.0000    	 0.53738771E-01	 0.25635746E-03
  3650.0000    	  3651.0000    	 0.47950194E-01	 0.26768703E-03
  3651.0000    	  3652.0000    	 0.42187241E-01	 0.26307445E-03
  3652.0000    	  3653.0000    	 0.32827478E-01	 0.39794984E-03
  3653.0000    	  3654.0000    	 0.44284001E-01	 0.38011150E-03
  3654.0000    	  3655.0000    	 0.44881432E-01	 0.33170513E-03
  3655.0000    	  3656.0000    	 0.45417502E-01	 0.29834156E-03
  3656.0000    	  3657.0000    	 0.51341511E-01	 0.28201139E-03
  3657.0000    	  3658.0000    	 0.55523176E-01	 0.27569823E-03
  3658.0000    	  3659.0000    	 0.56989657E-01	 0.25968044E-03
  3659.0000    	  3660.0000    	 0.55953515E-01	 0.24740171E-03
  3660.0000    	  3661.0000    	 0.53208733E-01	 0.23989527E-03
  3661.0000    	  3662.0000    	 0.48372439E-01	 0.25922163E-03
  3662.0000    	  3663.0000    	 0.40610298E-01	 0.25676454E-03
  3663.0000    	  3664.0000    	 0.37518313E-01	 0.42441591E-03
  3664.0000    	  3665.0000    	 0.39830697E-01	 0.35479060E-03
  3665.0000    	  3666.0000    	 0.45475065E-01	 0.32650941E-03
  3666.0000    	  3667.0000    	 0.39009024E-01	 0.27494254E-03
  3667.0000    	  3668.0000    	 0.51944700E-01	 0.28718982E-03
  3668.0000    	  3669.0000    	 0.54106701E-01	 0.26953958E-03
  3669.0000    	  3670.0000    	 0.55925979E-01	 0.25745134E-03
  3670.0000    	  3671.0000    	 0.55146565E-01	 0.24505647E-03
  3671.0000    	  3672.0000    	 0.52653916E-01	 0.24112795E-03
  3672.0000    	  3673.0000    	 0.47126046E-01	 0.24231558E-03
  3673.0000    	  3674.0000    	 0.39705978E-01	 0.25777883E-03
  3674.0000    	  3675.0000    	 0.40707325E-01	 0.45269917E-03
  3675.0000    	  3676.0000    	 0.34506364E-01	 0.34207586E-03
  3676.0000    	  3677.0000    	 0.37444221E-01	 0.29854013E-03
  3677.0000    	  3678.0000    	 0.47653757E-01	 0.30463366E-03
  3678.0000    	  3679.0000    	 0.48872337E-01	 0.27955292E-03
  3679.0000    	  3680.0000    	 0.53991344E-01	 0.27067664E-03
  3680.0000    	  3681.0000    	 0.54317810E-01	 0.25623791E-03
  3681.0000    	  3682.0000    	 0.54329224E-01	 0.24170504E-03
  3682.0000    	  3683.0000    	 0.51564147E-01	 0.24253548E-03
  3683.0000    	  3684.0000    	 0.47101285E-01	 0.23826034E-03
  3684.0000    	  3685.0000    	 0.39854758E-01	 0.25357206E-03
  3685.0000    	  3686.0000    	 0.38356453E-01	 0.44103168E-03
  3686.0000    	  3687.0000    	 0.42002743E-01	 0.37002700E-03
  3687.0000    	  3688.0000    	 0.43509233E-01	 0.32383662E-03
  3688.0000    	  3689.0000    	 0.41131885E-01	 0.27754804E-03
  3689.0000    	  3690.0000    	 0.50971188E-01	 0.28368573E-03
  3690.0000    	  3691.0000    	 0.52712826E-01	 0.26351077E-03
  3691.0000    	  3692.0000    	 0.54768219E-01	 0.25643711E-03
  3692.0000    	  3693.0000    	 0.53857254E-01	 0.24542320E-03
  3693.0000    	  3694.0000    	 0.51034712E-01	 0.23349512E-03
  3694.0000    	  3695.0000    	 0.45993177E-01	 0.23885241E-03
  3695.0000    	  3696.0000    	 0.39877466E-01	 0.27132567E-03
  3696.0000    	  3697.0000    	 0.75015006E-02	 0.18535800E-03
  3697.0000    	  3698.0000    	 0.40813175E-01	 0.36788552E-03
  3698.0000    	  3699.0000    	 0.43356328E-01	 0.32021863E-03
  3699.0000    	  3700.0000    	 0.46519511E-01	 0.29769053E-03
  3700.0000    	  3701.0000    	 0.48860833E-01	 0.27533664E-03
  3701.0000    	  3702.0000    	 0.52194481E-01	 0.26544523E-03
  3702.0000    	  3703.0000    	 0.53178540E-01	 0.24790844E-03
  3703.0000    	  3704.0000    	 0.90080687E-02	 0.99300430E-04
  3704.0000    	  3705.0000    	 0.50748690E-01	 0.23580211E-03
  3705.0000    	  3706.0000    	 0.44339550E-01	 0.25558492E-03
  3706.0000    	  3707.0000    	 0.38473761E-01	 0.24855393E-03
  3707.0000    	  3708.0000    	 0.39075693E-01	 0.43379141E-03
  3708.0000    	  3709.0000    	 0.35687082E-01	 0.34101530E-03
  3709.0000    	  3710.0000    	 0.43276141E-01	 0.32131811E-03
  3710.0000    	  3711.0000    	 0.43749173E-01	 0.28698101E-03
  3711.0000    	  3712.0000    	 0.47614676E-01	 0.27100031E-03
  3712.0000    	  3713.0000    	 0.51746944E-01	 0.26402670E-03
  3713.0000    	  3714.0000    	 0.53060269E-01	 0.25104898E-03
  3714.0000    	  3715.0000    	 0.51546603E-01	 0.23591112E-03
  3715.0000    	  3716.0000    	 0.49783251E-01	 0.22562111E-03
  3716.0000    	  3717.0000    	 0.45048453E-01	 0.25093376E-03
  3717.0000    	  3718.0000    	 0.38182780E-01	 0.26284782E-03
  3718.0000    	  3719.0000    	 0.38863205E-01	 0.45278589E-03
  3719.0000    	  3720.0000    	 0.13659051E-01	 0.20424290E-03
  3720.0000    	  3721.0000    	 0.24637479E-01	 0.25722543E-03
  3721.0000    	  3722.0000    	 0.38992299E-01	 0.27148848E-03
  3722.0000    	  3723.0000    	 0.48063082E-01	 0.27541424E-03
  3723.0000    	  3724.0000    	 0.50686085E-01	 0.25803645E-03
  3724.0000    	  3725.0000    	 0.52007894E-01	 0.24989984E-03
  3725.0000    	  3726.0000    	 0.51498080E-01	 0.23291428E-03
  3726.0000    	  3727.0000    	 0.49091574E-01	 0.22712381E-03
  3727.0000    	  3728.0000    	 0.44508728E-01	 0.24330451E-03
  3728.0000    	  3729.0000    	 0.37440221E-01	 0.24660954E-03
  3729.0000    	  3730.0000    	 0.36754529E-01	 0.44041443E-03
  3730.0000    	  3731.0000    	 0.39346019E-01	 0.35051572E-03
  3731.0000    	  3732.0000    	 0.41708876E-01	 0.31293825E-03
  3732.0000    	  3733.0000    	 0.44851133E-01	 0.29582780E-03
  3733.0000    	  3734.0000    	 0.47808373E-01	 0.27526213E-03
  3734.0000    	  3735.0000    	 0.50542069E-01	 0.25849137E-03
  3735.0000    	  3736.0000    	 0.51673101E-01	 0.25415194E-03
  3736.0000    	  3737.0000    	 0.51129078E-01	 0.23508091E-03
  3737.0000    	  3738.0000    	 0.48175508E-01	 0.22331666E-03
  3738.0000    	  3739.0000    	 0.43486731E-01	 0.22824188E-03
  3739.0000    	  3740.0000    	 0.35383171E-01	 0.24346913E-03
  3740.0000    	  3741.0000    	 0.37187407E-01	 0.41976770E-03
  3741.0000    	  3742.0000    	 0.26020988E-02	 0.91314311E-04
  3742.0000    	  3743.0000    	 0.39737565E-01	 0.30575498E-03
  3743.0000    	  3744.0000    	 0.44235213E-01	 0.29342661E-03
  3744.0000    	  3745.0000    	 0.47771049E-01	 0.27207847E-03
  3745.0000    	  3746.0000    	 0.49030617E-01	 0.25425675E-03
  3746.0000    	  3747.0000    	 0.51121580E-01	 0.25292454E-03
  3747.0000    	  3748.0000    	 0.46014611E-01	 0.22125749E-03
  3748.0000    	  3749.0000    	 0.48058002E-01	 0.24120317E-03
  3749.0000    	  3750.0000    	 0.43110038E-01	 0.25782209E-03
  3750.0000    	  3751.0000    	 0.36044359E-01	 0.25206280E-03
  3751.0000    	  3752.0000    	 0.35837258E-01	 0.42008059E-03
  3752.0000    	  3753.0000    	 0.38320100E-01	 0.34556552E-03
  3753.0000    	  3754.0000    	 0.41054298E-01	 0.31544886E-03
  3754.0000    	  3755.0000    	 0.43877259E-01	 0.29032700E-03
  3755.0000    	  3756.0000    	 0.46788707E-01	 0.27537384E-03
  3756.0000    	  3757.0000    	 0.47972237E-01	 0.25127949E-03
  3757.0000    	  3758.0000    	 0.46484400E-01	 0.23396049E-03
  3758.0000    	  3759.0000    	 0.49567956E-01	 0.23160305E-03
  3759.0000    	  3760.0000    	 0.45764534E-01	 0.23417611E-03
  3760.0000    	  3761.0000    	 0.42470024E-01	 0.24187096E-03
  3761.0000    	  3762.0000    	 0.31430416E-01	 0.22727629E-03
  3762.0000    	  3763.0000    	 0.36302956E-01	 0.41605796E-03
  3763.0000    	  3764.0000    	 0.38325206E-01	 0.35380390E-03
  3764.0000    	  3765.0000    	 0.38794919E-01	 0.30894238E-03
  3765.0000    	  3766.0000    	 0.42606483E-01	 0.28147839E-03
  3766.0000    	  3767.0000    	 0.45104933E-01	 0.27027195E-03
  3767.0000    	  3768.0000    	 0.47795574E-01	 0.25087740E-03
  3768.0000    	  3769.0000    	 0.49404790E-01	 0.23932984E-03
  3769.0000    	  3770.0000    	 0.48853855E-01	 0.23075346E-03
  3770.0000    	  3771.0000    	 0.46690366E-01	 0.23255944E-03
  3771.0000    	  3772.0000    	 0.35236671E-01	 0.21904506E-03
  3772.0000    	  3773.0000    	 0.35318449E-01	 0.24277375E-03
  3773.0000    	  3774.0000    	 0.81153257E-02	 0.19328811E-03
  3774.0000    	  3775.0000    	 0.36799516E-01	 0.33746065E-03
  3775.0000    	  3776.0000    	 0.39527859E-01	 0.30926880E-03
  3776.0000    	  3777.0000    	 0.42291929E-01	 0.28174815E-03
  3777.0000    	  3778.0000    	 0.45624064E-01	 0.26275786E-03
  3778.0000    	  3779.0000    	 0.47804855E-01	 0.25953638E-03
  3779.0000    	  3780.0000    	 0.48886554E-01	 0.23787709E-03
  3780.0000    	  3781.0000    	 0.47839982E-01	 0.23274263E-03
  3781.0000    	  3782.0000    	 0.46070887E-01	 0.25021338E-03
  3782.0000    	  3783.0000    	 0.41461941E-01	 0.23722967E-03
  3783.0000    	  3784.0000    	 0.34818388E-01	 0.24860022E-03
  3784.0000    	  3785.0000    	 0.89283919E-05	 0.47716776E-05
  3785.0000    	  3786.0000    	 0.33283290E-01	 0.32594601E-03
  3786.0000    	  3787.0000    	 0.37226329E-01	 0.29475140E-03
  3787.0000    	  3788.0000    	 0.41654801E-01	 0.28465093E-03
  3788.0000    	  3789.0000    	 0.44834435E-01	 0.26341792E-03
  3789.0000    	  3790.0000    	 0.43812543E-01	 0.24099777E-03
  3790.0000    	  3791.0000    	 0.47852815E-01	 0.23768281E-03
  3791.0000    	  3792.0000    	 0.47822730E-01	 0.22512564E-03
  3792.0000    	  3793.0000    	 0.45512583E-01	 0.23525126E-03
  3793.0000    	  3794.0000    	 0.40652128E-01	 0.23482101E-03
  3794.0000    	  3795.0000    	 0.28332686E-01	 0.21532319E-03
  3795.0000    	  3796.0000    	 0.34729305E-01	 0.41439780E-03
  3796.0000    	  3797.0000    	 0.36146704E-01	 0.34169861E-03
  3797.0000    	  3798.0000    	 0.32331931E-01	 0.27403958E-03
  3798.0000    	  3799.0000    	 0.38555002E-01	 0.26521550E-03
  3799.0000    	  3800.0000    	 0.44416677E-01	 0.26280758E-03
  3800.0000    	  3801.0000    	 0.45940040E-01	 0.25096453E-03
  3801.0000    	  3802.0000    	 0.47503464E-01	 0.23188510E-03
  3802.0000    	  3803.0000    	 0.46955753E-01	 0.22593005E-03
  3803.0000    	  3804.0000    	 0.44565844E-01	 0.23803584E-03
  3804.0000    	  3805.0000    	 0.40295956E-01	 0.25214180E-03
  3805.0000    	  3806.0000    	 0.31383965E-01	 0.23099083E-03
  3806.0000    	  3807.0000    	 0.33230358E-01	 0.39205537E-03
  3807.0000    	  3808.0000    	 0.29831660E-01	 0.30310755E-03
  3808.0000    	  3809.0000    	 0.38565713E-01	 0.30308022E-03
  3809.0000    	  3810.0000    	 0.40470015E-01	 0.27481164E-03
  3810.0000    	  3811.0000    	 0.43957397E-01	 0.26383643E-03
  3811.0000    	  3812.0000    	 0.45982078E-01	 0.25173446E-03
  3812.0000    	  3813.0000    	 0.26073226E-01	 0.17982075E-03
  3813.0000    	  3814.0000    	 0.46610098E-01	 0.23521511E-03
  3814.0000    	  3815.0000    	 0.42907922E-01	 0.21573008E-03
  3815.0000    	  3816.0000    	 0.39616137E-01	 0.22307296E-03
  3816.0000    	  3817.0000    	 0.31824630E-01	 0.23669336E-03
  3817.0000    	  3818.0000    	 0.33501210E-01	 0.39570794E-03
  3818.0000    	  3819.0000    	 0.35422896E-01	 0.33589574E-03
  3819.0000    	  3820.0000    	 0.37045734E-01	 0.29138424E-03
  3820.0000    	  3821.0000    	 0.39998431E-01	 0.26796840E-03
  3821.0000    	  3822.0000    	 0.42919678E-01	 0.25989318E-03
  3822.0000    	  3823.0000    	 0.45148318E-01	 0.24378916E-03
  3823.0000    	  3824.0000    	 0.45789216E-01	 0.22796265E-03
  3824.0000    	  3825.0000    	 0.45299483E-01	 0.22549010E-03
  3825.0000    	  3826.0000    	 0.43344828E-01	 0.21290537E-03
  3826.0000    	  3827.0000    	 0.31586195E-01	 0.20945172E-03
  3827.0000    	  3828.0000    	 0.28540346E-01	 0.21590977E-03
  3828.0000    	  3829.0000    	 0.32657966E-01	 0.39131076E-03
  3829.0000    	  3830.0000    	 0.32540526E-01	 0.31671290E-03
  3830.0000    	  3831.0000    	 0.36340758E-01	 0.29369149E-03
  3831.0000    	  3832.0000    	 0.39780245E-01	 0.27381152E-03
  3832.0000    	  3833.0000    	 0.42621300E-01	 0.25628694E-03
  3833.0000    	  3834.0000    	 0.44660473E-01	 0.24147062E-03
  3834.0000    	  3835.0000    	 0.45390532E-01	 0.23167065E-03
  3835.0000    	  3836.0000    	 0.42417642E-01	 0.21071496E-03
  3836.0000    	  3837.0000    	 0.42842162E-01	 0.22666586E-03
  3837.0000    	  3838.0000    	 0.38778499E-01	 0.22853271E-03
  3838.0000    	  3839.0000    	 0.64495983E-03	 0.32364630E-04
  3839.0000    	  3840.0000    	 0.33879855E-01	 0.40901810E-03
  3840.0000    	  3841.0000    	 0.34130773E-01	 0.32846628E-03
  3841.0000    	  3842.0000    	 0.37088253E-01	 0.29125661E-03
  3842.0000    	  3843.0000    	 0.38470797E-01	 0.27208495E-03
  3843.0000    	  3844.0000    	 0.35173761E-01	 0.23798361E-03
  3844.0000    	  3845.0000    	 0.43420150E-01	 0.24089843E-03
  3845.0000    	  3846.0000    	 0.44602209E-01	 0.22332152E-03
  3846.0000    	  3847.0000    	 0.44841189E-01	 0.22261145E-03
  3847.0000    	  3848.0000    	 0.41649332E-01	 0.22117665E-03
  3848.0000    	  3849.0000    	 0.37785000E-01	 0.22600614E-03
  3849.0000    	  3850.0000    	 0.31880666E-01	 0.22892710E-03
  3850.0000    	  3851.0000    	 0.32590834E-01	 0.39174540E-03
  3851.0000    	  3852.0000    	 0.33566266E-01	 0.31929730E-03
  3852.0000    	  3853.0000    	 0.36445156E-01	 0.29495662E-03
  3853.0000    	  3854.0000    	 0.38781403E-01	 0.27061087E-03
  3854.0000    	  3855.0000    	 0.41586450E-01	 0.25809148E-03
  3855.0000    	  3856.0000    	 0.42557565E-01	 0.23685641E-03
  3856.0000    	  3857.0000    	 0.44634757E-01	 0.22868927E-03
  3857.0000    	  3858.0000    	 0.43710171E-01	 0.21241604E-03
  3858.0000    	  3859.0000    	 0.41493818E-01	 0.22488839E-03
  3859.0000    	  3860.0000    	 0.37729888E-01	 0.22623726E-03
  3860.0000    	  3861.0000    	 0.30976730E-01	 0.23027292E-03
  3861.0000    	  3862.0000    	 0.31965826E-01	 0.39376671E-03
  3862.0000    	  3863.0000    	 0.22300952E-01	 0.26687642E-03
  3863.0000    	  3864.0000    	 0.36139672E-01	 0.28976260E-03
  3864.0000    	  3865.0000    	 0.38011563E-01	 0.26441973E-03
  3865.0000    	  3866.0000    	 0.40186588E-01	 0.24974528E-03
  3866.0000    	  3867.0000    	 0.43112005E-01	 0.24391914E-03
  3867.0000    	  3868.0000    	 0.40355294E-01	 0.21507005E-03
  3868.0000    	  3869.0000    	 0.43390022E-01	 0.21149168E-03
  3869.0000    	  3870.0000    	 0.40793936E-01	 0.21654947E-03
  3870.0000    	  3871.0000    	 0.36923291E-01	 0.21360744E-03
  3871.0000    	  3872.0000    	 0.29714374E-01	 0.22525989E-03
  3872.0000    	  3873.0000    	 0.31669757E-01	 0.39326958E-03
  3873.0000    	  3874.0000    	 0.31976465E-01	 0.31905865E-03
  3874.0000    	  3875.0000    	 0.34207163E-01	 0.28250216E-03
  3875.0000    	  3876.0000    	 0.37137624E-01	 0.26525019E-03
  3876.0000    	  3877.0000    	 0.40258646E-01	 0.25345984E-03
  3877.0000    	  3878.0000    	 0.42321264E-01	 0.23708819E-03
  3878.0000    	  3879.0000    	 0.43466707E-01	 0.22535055E-03
  3879.0000    	  3880.0000    	 0.42848036E-01	 0.22037462E-03
  3880.0000    	  3881.0000    	 0.36163235E-01	 0.22208387E-03
  3881.0000    	  3882.0000    	 0.36831672E-01	 0.22592584E-03
  3882.0000    	  3883.0000    	 0.30528421E-01	 0.23785558E-03
  3883.0000    	  3884.0000    	 0.28702959E-02	 0.11841828E-03
  3884.0000    	  3885.0000    	 0.29568323E-01	 0.31039612E-03
  3885.0000    	  3886.0000    	 0.33923831E-01	 0.27528423E-03
  3886.0000    	  3887.0000    	 0.36970395E-01	 0.25815156E-03
  3887.0000    	  3888.0000    	 0.39770910E-01	 0.25334550E-03
  3888.0000    	  3889.0000    	 0.41647949E-01	 0.23240161E-03
  3889.0000    	  3890.0000    	 0.43046090E-01	 0.23026672E-03
  3890.0000    	  3891.0000    	 0.42514581E-01	 0.21280579E-03
  3891.0000    	  3892.0000    	 0.40071810E-01	 0.21388668E-03
  3892.0000    	  3893.0000    	 0.35998965E-01	 0.23203196E-03
  3893.0000    	  3894.0000    	 0.29994054E-01	 0.22413538E-03
  3894.0000    	  3895.0000    	 0.30947133E-01	 0.38670204E-03
  3895.0000    	  3896.0000    	 0.32690384E-01	 0.32757292E-03
  3896.0000    	  3897.0000    	 0.17577694E-03	 0.19352955E-04
  3897.0000    	  3898.0000    	 0.19611047E-01	 0.19015344E-03
  3898.0000    	  3899.0000    	 0.39637223E-01	 0.24906819E-03
  3899.0000    	  3900.0000    	 0.27899123E-01	 0.19232050E-03
  3900.0000    	  3901.0000    	 0.42145355E-01	 0.21812354E-03
  3901.0000    	  3902.0000    	 0.41895297E-01	 0.23082836E-03
  3902.0000    	  3903.0000    	 0.38078525E-01	 0.22972315E-03
  3903.0000    	  3904.0000    	 0.34997169E-01	 0.21824008E-03
  3904.0000    	  3905.0000    	 0.29403272E-01	 0.23013195E-03
  3905.0000    	  3906.0000    	 0.29185744E-01	 0.37705736E-03
  3906.0000    	  3907.0000    	 0.32502186E-01	 0.33042180E-03
  3907.0000    	  3908.0000    	 0.33764760E-01	 0.27639500E-03
  3908.0000    	  3909.0000    	 0.36428566E-01	 0.25873495E-03
  3909.0000    	  3910.0000    	 0.35422168E-01	 0.23299797E-03
  3910.0000    	  3911.0000    	 0.40785136E-01	 0.23214556E-03
  3911.0000    	  3912.0000    	 0.42041013E-01	 0.22949747E-03
  3912.0000    	  3913.0000    	 0.40978493E-01	 0.20607647E-03
  3913.0000    	  3914.0000    	 0.38699661E-01	 0.19756234E-03
  3914.0000    	  3915.0000    	 0.31836534E-01	 0.21221037E-03
  3915.0000    	  3916.0000    	 0.28969398E-01	 0.22403136E-03
  3916.0000    	  3917.0000    	 0.29056758E-01	 0.38539753E-03
  3917.0000    	  3918.0000    	 0.24549357E-01	 0.27161490E-03
  3918.0000    	  3919.0000    	 0.33234949E-01	 0.28547512E-03
  3919.0000    	  3920.0000    	 0.35872949E-01	 0.25726002E-03
  3920.0000    	  3921.0000    	 0.38329034E-01	 0.24457046E-03
  3921.0000    	  3922.0000    	 0.40369192E-01	 0.23618413E-03
  3922.0000    	  3923.0000    	 0.40700002E-01	 0.21955502E-03
  3923.0000    	  3924.0000    	 0.40769810E-01	 0.21647559E-03
  3924.0000    	  3925.0000    	 0.38019934E-01	 0.20376471E-03
  3925.0000    	  3926.0000    	 0.33583183E-01	 0.21340155E-03
  3926.0000    	  3927.0000    	 0.52101577E-02	 0.97259412E-04
  3927.0000    	  3928.0000    	 0.29913050E-01	 0.37498300E-03
  3928.0000    	  3929.0000    	 0.28378962E-01	 0.29888993E-03
  3929.0000    	  3930.0000    	 0.29914690E-01	 0.26188666E-03
  3930.0000    	  3931.0000    	 0.33286726E-01	 0.24483204E-03
  3931.0000    	  3932.0000    	 0.37648264E-01	 0.24213918E-03
  3932.0000    	  3933.0000    	 0.38842492E-01	 0.23035118E-03
  3933.0000    	  3934.0000    	 0.39864096E-01	 0.22484215E-03
  3934.0000    	  3935.0000    	 0.39976904E-01	 0.22162941E-03
  3935.0000    	  3936.0000    	 0.30995953E-01	 0.19383895E-03
  3936.0000    	  3937.0000    	 0.30492716E-01	 0.19450134E-03
  3937.0000    	  3938.0000    	 0.28205952E-01	 0.21747649E-03
  3938.0000    	  3939.0000    	 0.21526803E-02	 0.96306737E-04
  3939.0000    	  3940.0000    	 0.30985923E-01	 0.30616318E-03
  3940.0000    	  3941.0000    	 0.31715168E-01	 0.27105192E-03
  3941.0000    	  3942.0000    	 0.30926410E-01	 0.24311522E-03
  3942.0000    	  3943.0000    	 0.37631825E-01	 0.24278654E-03
  3943.0000    	  3944.0000    	 0.30579027E-01	 0.20390616E-03
  3944.0000    	  3945.0000    	 0.40655828E-01	 0.22555329E-03
  3945.0000    	  3946.0000    	 0.39801520E-01	 0.20644866E-03
  3946.0000    	  3947.0000    	 0.30936674E-01	 0.18625304E-03
  3947.0000    	  3948.0000    	 0.33537661E-01	 0.20264468E-03
  3948.0000    	  3949.0000    	 0.27761909E-01	 0.22343036E-03
  3949.0000    	  3950.0000    	 0.20599744E-01	 0.30503709E-03
  3950.0000    	  3951.0000    	 0.30117983E-01	 0.30444539E-03
  3951.0000    	  3952.0000    	 0.87488393E-03	 0.43646169E-04
  3952.0000    	  3953.0000    	 0.28237362E-01	 0.22965408E-03
  3953.0000    	  3954.0000    	 0.35439125E-01	 0.24247659E-03
  3954.0000    	  3955.0000    	 0.38544337E-01	 0.22880253E-03
  3955.0000    	  3956.0000    	 0.39421546E-01	 0.21653655E-03
  3956.0000    	  3957.0000    	 0.38233728E-01	 0.20735128E-03
  3957.0000    	  3958.0000    	 0.36319820E-01	 0.20678965E-03
  3958.0000    	  3959.0000    	 0.28664521E-01	 0.19741731E-03
  3959.0000    	  3960.0000    	 0.78518744E-02	 0.11593761E-03
  3960.0000    	  3961.0000    	 0.26944232E-01	 0.36926522E-03
  3961.0000    	  3962.0000    	 0.29982027E-01	 0.30548869E-03
  3962.0000    	  3963.0000    	 0.25473211E-01	 0.24872996E-03
  3963.0000    	  3964.0000    	 0.30421846E-01	 0.23521448E-03
  3964.0000    	  3965.0000    	 0.36094746E-01	 0.23290988E-03
  3965.0000    	  3966.0000    	 0.37965645E-01	 0.22313522E-03
  3966.0000    	  3967.0000    	 0.36036598E-01	 0.20169996E-03
  3967.0000    	  3968.0000    	 0.37778153E-01	 0.21397685E-03
  3968.0000    	  3969.0000    	 0.36594460E-01	 0.19779040E-03
  3969.0000    	  3970.0000    	 0.30944748E-01	 0.19484204E-03
  3970.0000    	  3971.0000    	 0.27587402E-01	 0.21960488E-03
  3971.0000    	  3972.0000    	 0.28197974E-01	 0.36062714E-03
  3972.0000    	  3973.0000    	 0.29883043E-01	 0.30641889E-03
  3973.0000    	  3974.0000    	 0.27248987E-01	 0.25158318E-03
  3974.0000    	  3975.0000    	 0.32059526E-01	 0.24169395E-03
  3975.0000    	  3976.0000    	 0.35500752E-01	 0.23952837E-03
  3976.0000    	  3977.0000    	 0.37265074E-01	 0.22575856E-03
  3977.0000    	  3978.0000    	 0.35244226E-01	 0.20498213E-03
  3978.0000    	  3979.0000    	 0.38501043E-01	 0.22314494E-03
  3979.0000    	  3980.0000    	 0.35649582E-01	 0.19424096E-03
  3980.0000    	  3981.0000    	 0.32231729E-01	 0.21239959E-03
  3981.0000    	  3982.0000    	 0.14823485E-01	 0.16099200E-03
  3982.0000    	  3983.0000    	 0.16053772E-01	 0.28030764E-03
  3983.0000    	  3984.0000    	 0.17215759E-02	 0.72922409E-04
  3984.0000    	  3985.0000    	 0.30405127E-01	 0.26690208E-03
  3985.0000    	  3986.0000    	 0.33090316E-01	 0.24990125E-03
  3986.0000    	  3987.0000    	 0.31884074E-01	 0.22394541E-03
  3987.0000    	  3988.0000    	 0.37020338E-01	 0.22211961E-03
  3988.0000    	  3989.0000    	 0.38204371E-01	 0.21012953E-03
  3989.0000    	  3990.0000    	 0.37323607E-01	 0.20632183E-03
  3990.0000    	  3991.0000    	 0.34502955E-01	 0.18643681E-03
  3991.0000    	  3992.0000    	 0.31823476E-01	 0.20759787E-03
  3992.0000    	  3993.0000    	 0.16263794E-01	 0.17255485E-03
  3993.0000    	  3994.0000    	 0.24851907E-01	 0.35218981E-03
  3994.0000    	  3995.0000    	 0.27212540E-01	 0.28781688E-03
  3995.0000    	  3996.0000    	 0.28840500E-01	 0.25740292E-03
  3996.0000    	  3997.0000    	 0.32511288E-01	 0.24798490E-03
  3997.0000    	  3998.0000    	 0.34780028E-01	 0.23786261E-03
  3998.0000    	  3999.0000    	 0.36453920E-01	 0.21966975E-03
  3999.0000    	  4000.0000    	 0.37663512E-01	 0.21802030E-03
  4000.0000    	  4001.0000    	 0.36952418E-01	 0.20282225E-03
  4001.0000    	  4002.0000    	 0.34788354E-01	 0.20835045E-03
  4002.0000    	  4003.0000    	 0.31772055E-01	 0.21528247E-03
  4003.0000    	  4004.0000    	 0.26524275E-01	 0.21790453E-03
  4004.0000    	  4005.0000    	 0.24530868E-01	 0.33521233E-03
  4005.0000    	  4006.0000    	 0.28010352E-01	 0.29301666E-03
  4006.0000    	  4007.0000    	 0.30185642E-01	 0.26561435E-03
  4007.0000    	  4008.0000    	 0.32494960E-01	 0.24449540E-03
  4008.0000    	  4009.0000    	 0.34046938E-01	 0.23123177E-03
  4009.0000    	  4010.0000    	 0.35562547E-01	 0.21796979E-03
  4010.0000    	  4011.0000    	 0.37079591E-01	 0.20834547E-03
  4011.0000    	  4012.0000    	 0.36459611E-01	 0.19614778E-03
  4012.0000    	  4013.0000    	 0.34630466E-01	 0.21133636E-03
  4013.0000    	  4014.0000    	 0.30224882E-01	 0.19807818E-03
  4014.0000    	  4015.0000    	 0.23715645E-01	 0.20148307E-03
  4015.0000    	  4016.0000    	 0.27195091E-01	 0.35853472E-03
  4016.0000    	  4017.0000    	 0.22453695E-01	 0.25835399E-03
  4017.0000    	  4018.0000    	 0.20044229E-01	 0.21473727E-03
  4018.0000    	  4019.0000    	 0.25948761E-01	 0.22609690E-03
  4019.0000    	  4020.0000    	 0.33773854E-01	 0.22989284E-03
  4020.0000    	  4021.0000    	 0.35999124E-01	 0.22136221E-03
  4021.0000    	  4022.0000    	 0.36399518E-01	 0.20194373E-03
  4022.0000    	  4023.0000    	 0.35871117E-01	 0.20008062E-03
  4023.0000    	  4024.0000    	 0.34040874E-01	 0.20999992E-03
  4024.0000    	  4025.0000    	 0.30293129E-01	 0.20133571E-03
  4025.0000    	  4026.0000    	 0.78053349E-02	 0.11537119E-03
  4026.0000    	  4027.0000    	 0.22029235E-01	 0.33020724E-03
  4027.0000    	  4028.0000    	 0.26057992E-01	 0.29205507E-03
  4028.0000    	  4029.0000    	 0.29275460E-01	 0.26294136E-03
  4029.0000    	  4030.0000    	 0.30871703E-01	 0.24300152E-03
  4030.0000    	  4031.0000    	 0.33419197E-01	 0.23061201E-03
  4031.0000    	  4032.0000    	 0.29458874E-01	 0.19652214E-03
  4032.0000    	  4033.0000    	 0.30918201E-01	 0.18828340E-03
  4033.0000    	  4034.0000    	 0.34270365E-01	 0.19649707E-03
  4034.0000    	  4035.0000    	 0.56065465E-03	 0.25157556E-04
  4035.0000    	  4036.0000    	 0.25090523E-01	 0.18053312E-03
  4036.0000    	  4037.0000    	 0.39904377E-03	 0.25680465E-04
  4037.0000    	  4038.0000    	 0.35190275E-02	 0.12503773E-03
  4038.0000    	  4039.0000    	 0.13672065E-01	 0.20809039E-03
  4039.0000    	  4040.0000    	 0.27066812E-01	 0.25218710E-03
  4040.0000    	  4041.0000    	 0.25502842E-01	 0.22019487E-03
  4041.0000    	  4042.0000    	 0.32609567E-01	 0.22175139E-03
  4042.0000    	  4043.0000    	 0.35177427E-01	 0.21895351E-03
  4043.0000    	  4044.0000    	 0.45058467E-03	 0.22815979E-04
  4044.0000    	  4045.0000    	 0.34239049E-01	 0.20340550E-03
  4045.0000    	  4046.0000    	 0.33559300E-01	 0.20321543E-03
  4046.0000    	  4047.0000    	 0.25634988E-01	 0.19343899E-03
  4047.0000    	  4048.0000    	 0.25185095E-01	 0.21024111E-03
  4048.0000    	  4049.0000    	 0.25662964E-01	 0.34232700E-03
  4049.0000    	  4050.0000    	 0.26220907E-01	 0.28888980E-03
  4050.0000    	  4051.0000    	 0.27552673E-01	 0.25403314E-03
  4051.0000    	  4052.0000    	 0.30726742E-01	 0.23878051E-03
  4052.0000    	  4053.0000    	 0.32585767E-01	 0.22349837E-03
  4053.0000    	  4054.0000    	 0.33263517E-01	 0.21045844E-03
  4054.0000    	  4055.0000    	 0.35265117E-01	 0.20269695E-03
  4055.0000    	  4056.0000    	 0.32015957E-01	 0.19045171E-03
  4056.0000    	  4057.0000    	 0.12530715E-01	 0.11837235E-03
  4057.0000    	  4058.0000    	 0.28887878E-01	 0.20584677E-03
  4058.0000    	  4059.0000    	 0.24710021E-01	 0.20636383E-03
  4059.0000    	  4060.0000    	 0.24724455E-01	 0.34804446E-03
  4060.0000    	  4061.0000    	 0.25124243E-01	 0.27404896E-03
  4061.0000    	  4062.0000    	 0.28490208E-01	 0.25591049E-03
  4062.0000    	  4063.0000    	 0.29667589E-01	 0.23352466E-03
  4063.0000    	  4064.0000    	 0.32140381E-01	 0.22109034E-03
  4064.0000    	  4065.0000    	 0.28398420E-01	 0.19560909E-03
  4065.0000    	  4066.0000    	 0.34597153E-01	 0.20956710E-03
  4066.0000    	  4067.0000    	 0.34022792E-01	 0.19784521E-03
  4067.0000    	  4068.0000    	 0.32465225E-01	 0.20308157E-03
  4068.0000    	  4069.0000    	 0.48323028E-03	 0.25162330E-04
  4069.0000    	  4070.0000    	 0.24346900E-01	 0.20700733E-03
  4070.0000    	  4071.0000    	 0.25472947E-01	 0.35819928E-03
  4071.0000    	  4072.0000    	 0.22446217E-01	 0.26998223E-03
  4072.0000    	  4073.0000    	 0.26958889E-01	 0.24319770E-03
  4073.0000    	  4074.0000    	 0.29870241E-01	 0.23514034E-03
  4074.0000    	  4075.0000    	 0.26979385E-01	 0.20669622E-03
  4075.0000    	  4076.0000    	 0.33475796E-01	 0.21482650E-03
  4076.0000    	  4077.0000    	 0.33946400E-01	 0.19927323E-03
  4077.0000    	  4078.0000    	 0.33903297E-01	 0.19076742E-03
  4078.0000    	  4079.0000    	 0.31958183E-01	 0.21285449E-03
  4079.0000    	  4080.0000    	 0.26341772E-01	 0.20999523E-03
  4080.0000    	  4081.0000    	 0.22324409E-01	 0.20309292E-03
  4081.0000    	  4082.0000    	 0.25035325E-01	 0.34321088E-03
  4082.0000    	  4083.0000    	 0.25337227E-01	 0.27480411E-03
  4083.0000    	  4084.0000    	 0.27386187E-01	 0.25549590E-03
  4084.0000    	  4085.0000    	 0.29332272E-01	 0.23022666E-03
  4085.0000    	  4086.0000    	 0.16986297E-01	 0.16159800E-03
  4086.0000    	  4087.0000    	 0.32691133E-01	 0.20532898E-03
  4087.0000    	  4088.0000    	 0.32573003E-01	 0.19126301E-03
  4088.0000    	  4089.0000    	 0.33641084E-01	 0.21638757E-03
  4089.0000    	  4090.0000    	 0.27593305E-01	 0.17588499E-03
  4090.0000    	  4091.0000    	 0.28079549E-01	 0.19679011E-03
  4091.0000    	  4092.0000    	 0.22733002E-01	 0.20081069E-03
  4092.0000    	  4093.0000    	 0.91593193E-02	 0.20068117E-03
  4093.0000    	  4094.0000    	 0.26219099E-01	 0.28688265E-03
  4094.0000    	  4095.0000    	 0.15608071E-03	 0.17805248E-04
  4095.0000    	  4096.0000    	 0.29525733E-01	 0.23554984E-03
  4096.0000    	  4097.0000    	 0.30930869E-01	 0.21785156E-03
  4097.0000    	  4098.0000    	 0.20166663E-01	 0.16051889E-03
  4098.0000    	  4099.0000    	 0.30303256E-01	 0.19246137E-03
  4099.0000    	  4100.0000    	 0.30091373E-01	 0.18721932E-03
  4100.0000    	  4101.0000    	 0.31096860E-01	 0.18796804E-03
  4101.0000    	  4102.0000    	 0.54494087E-03	 0.26119117E-04
  4102.0000    	  4103.0000    	 0.70016370E-02	 0.11367312E-03
  4103.0000    	  4104.0000    	 0.19104617E-01	 0.29616821E-03
  4104.0000    	  4105.0000    	 0.24341416E-01	 0.27263158E-03
  4105.0000    	  4106.0000    	 0.27174347E-01	 0.25750788E-03
  4106.0000    	  4107.0000    	 0.28175725E-01	 0.22611793E-03
  4107.0000    	  4108.0000    	 0.28972631E-01	 0.21171727E-03
  4108.0000    	  4109.0000    	 0.31833773E-01	 0.20332075E-03
  4109.0000    	  4110.0000    	 0.32778017E-01	 0.19734686E-03
  4110.0000    	  4111.0000    	 0.32562627E-01	 0.18873255E-03
  4111.0000    	  4112.0000    	 0.17107439E-01	 0.14239711E-03
  4112.0000    	  4113.0000    	 0.27230701E-01	 0.19539283E-03
  4113.0000    	  4114.0000    	 0.22566995E-01	 0.19658499E-03
  4114.0000    	  4115.0000    	 0.23265027E-01	 0.33281014E-03
  4115.0000    	  4116.0000    	 0.23449460E-01	 0.26081823E-03
  4116.0000    	  4117.0000    	 0.23092939E-01	 0.23137151E-03
  4117.0000    	  4118.0000    	 0.28474110E-01	 0.23201509E-03
  4118.0000    	  4119.0000    	 0.30187882E-01	 0.22242595E-03
  4119.0000    	  4120.0000    	 0.32005173E-01	 0.21001290E-03
  4120.0000    	  4121.0000    	 0.32548723E-01	 0.19520138E-03
  4121.0000    	  4122.0000    	 0.32327940E-01	 0.19505271E-03
  4122.0000    	  4123.0000    	 0.30754203E-01	 0.19984251E-03
  4123.0000    	  4124.0000    	 0.73472121E-03	 0.30807337E-04
  4124.0000    	  4125.0000    	 0.18231615E-01	 0.18493710E-03
  4125.0000    	  4126.0000    	 0.22251770E-01	 0.32308637E-03
  4126.0000    	  4127.0000    	 0.21456742E-01	 0.25352316E-03
  4127.0000    	  4128.0000    	 0.25806650E-01	 0.24579659E-03
  4128.0000    	  4129.0000    	 0.27557910E-01	 0.21937371E-03
  4129.0000    	  4130.0000    	 0.29918549E-01	 0.21459426E-03
  4130.0000    	  4131.0000    	 0.31353638E-01	 0.20795655E-03
  4131.0000    	  4132.0000    	 0.16271033E-02	 0.42519725E-04
  4132.0000    	  4133.0000    	 0.31915460E-01	 0.19486313E-03
  4133.0000    	  4134.0000    	 0.29239177E-01	 0.18011960E-03
  4134.0000    	  4135.0000    	 0.25898135E-01	 0.20083848E-03
  4135.0000    	  4136.0000    	 0.18596326E-06	 0.16983002E-06
  4136.0000    	  4137.0000    	 0.20894482E-01	 0.31617693E-03
  4137.0000    	  4138.0000    	 0.24819741E-01	 0.27986433E-03
  4138.0000    	  4139.0000    	 0.25860515E-01	 0.24344767E-03
  4139.0000    	  4140.0000    	 0.26890854E-01	 0.22061291E-03
  4140.0000    	  4141.0000    	 0.29961114E-01	 0.21856024E-03
  4141.0000    	  4142.0000    	 0.25734728E-01	 0.18415813E-03
  4142.0000    	  4143.0000    	 0.31757342E-01	 0.19906834E-03
  4143.0000    	  4144.0000    	 0.30933777E-01	 0.18203464E-03
  4144.0000    	  4145.0000    	 0.27774200E-01	 0.18555410E-03
  4145.0000    	  4146.0000    	 0.22466854E-01	 0.18160249E-03
  4146.0000    	  4147.0000    	 0.21232629E-01	 0.19424805E-03
  4147.0000    	  4148.0000    	 0.17937502E-02	 0.90925676E-04
  4148.0000    	  4149.0000    	 0.23669590E-01	 0.27256004E-03
  4149.0000    	  4150.0000    	 0.24905631E-01	 0.23829135E-03
  4150.0000    	  4151.0000    	 0.27253545E-01	 0.22199001E-03
  4151.0000    	  4152.0000    	 0.29118128E-01	 0.21181735E-03
  4152.0000    	  4153.0000    	 0.49203015E-03	 0.24470553E-04
  4153.0000    	  4154.0000    	 0.31151033E-01	 0.19396303E-03
  4154.0000    	  4155.0000    	 0.31050759E-01	 0.18556243E-03
  4155.0000    	  4156.0000    	 0.14607606E-01	 0.13477953E-03
  4156.0000    	  4157.0000    	 0.25810512E-01	 0.19762154E-03
  4157.0000    	  4158.0000    	 0.20681880E-01	 0.19106597E-03
  4158.0000    	  4159.0000    	 0.22464011E-01	 0.32839187E-03
  4159.0000    	  4160.0000    	 0.23630235E-01	 0.26993171E-03
  4160.0000    	  4161.0000    	 0.22449384E-01	 0.22290336E-03
  4161.0000    	  4162.0000    	 0.26870340E-01	 0.22161816E-03
  4162.0000    	  4163.0000    	 0.29727989E-05	 0.15031232E-05
  4163.0000    	  4164.0000    	 0.30140176E-01	 0.19661309E-03
  4164.0000    	  4165.0000    	 0.22889030E-01	 0.16444419E-03
  4165.0000    	  4166.0000    	 0.30432353E-01	 0.18577143E-03
  4166.0000    	  4167.0000    	 0.28549233E-01	 0.18464207E-03
  4167.0000    	  4168.0000    	 0.24995039E-01	 0.18058173E-03
  4168.0000    	  4169.0000    	 0.18939158E-01	 0.18380082E-03
  4169.0000    	  4170.0000    	 0.22474514E-01	 0.31748971E-03
  4170.0000    	  4171.0000    	 0.23365221E-01	 0.26548737E-03
  4171.0000    	  4172.0000    	 0.24704118E-01	 0.23303116E-03
  4172.0000    	  4173.0000    	 0.26348854E-01	 0.21750082E-03
  4173.0000    	  4174.0000    	 0.28348159E-01	 0.21001503E-03
  4174.0000    	  4175.0000    	 0.30213860E-01	 0.20644523E-03
  4175.0000    	  4176.0000    	 0.17212429E-01	 0.14320386E-03
  4176.0000    	  4177.0000    	 0.27249495E-01	 0.17512727E-03
  4177.0000    	  4178.0000    	 0.28234133E-01	 0.18462515E-03
  4178.0000    	  4179.0000    	 0.25161400E-01	 0.18968304E-03
  4179.0000    	  4180.0000    	 0.19050460E-01	 0.18871281E-03
  4180.0000    	  4181.0000    	 0.22455071E-01	 0.33048164E-03
  4181.0000    	  4182.0000    	 0.23273361E-01	 0.26944266E-03
  4182.0000    	  4183.0000    	 0.23424333E-01	 0.23601837E-03
  4183.0000    	  4184.0000    	 0.26353511E-01	 0.22359629E-03
  4184.0000    	  4185.0000    	 0.28728435E-01	 0.21359991E-03
  4185.0000    	  4186.0000    	 0.29769018E-01	 0.20119661E-03
  4186.0000    	  4187.0000    	 0.29369052E-01	 0.19116686E-03
  4187.0000    	  4188.0000    	 0.28376836E-01	 0.17545722E-03
  4188.0000    	  4189.0000    	 0.27729053E-01	 0.19463979E-03
  4189.0000    	  4190.0000    	 0.19757829E-01	 0.17149862E-03
  4190.0000    	  4191.0000    	 0.20751613E-01	 0.19265370E-03
  4191.0000    	  4192.0000    	 0.19394931E-01	 0.28966860E-03
  4192.0000    	  4193.0000    	 0.22741594E-01	 0.27355261E-03
  4193.0000    	  4194.0000    	 0.23735955E-01	 0.22825019E-03
  4194.0000    	  4195.0000    	 0.25851516E-01	 0.21863240E-03
  4195.0000    	  4196.0000    	 0.27509784E-01	 0.20765645E-03
  4196.0000    	  4197.0000    	 0.29237803E-01	 0.20057322E-03
  4197.0000    	  4198.0000    	 0.29524771E-01	 0.18185678E-03
  4198.0000    	  4199.0000    	 0.29048404E-01	 0.18354402E-03
  4199.0000    	  4200.0000    	 0.27029184E-01	 0.19697211E-03
  4200.0000    	  4201.0000    	 0.24701828E-01	 0.19932462E-03
  4201.0000    	  4202.0000    	 0.20543781E-01	 0.18942988E-03
  4202.0000    	  4203.0000    	 0.21294699E-01	 0.31742981E-03
  4203.0000    	  4204.0000    	 0.22777387E-01	 0.27324847E-03
  4204.0000    	  4205.0000    	 0.20424416E-01	 0.21010633E-03
  4205.0000    	  4206.0000    	 0.25343005E-01	 0.21863212E-03
  4206.0000    	  4207.0000    	 0.27177393E-01	 0.20904503E-03
  4207.0000    	  4208.0000    	 0.28659549E-01	 0.19504104E-03
  4208.0000    	  4209.0000    	 0.29208519E-01	 0.19666612E-03
  4209.0000    	  4210.0000    	 0.28937947E-01	 0.17470308E-03
  4210.0000    	  4211.0000    	 0.27160311E-01	 0.18150809E-03
  4211.0000    	  4212.0000    	 0.22875489E-01	 0.18320888E-03
  4212.0000    	  4213.0000    	 0.93711455E-04	 0.11676483E-04
  4213.0000    	  4214.0000    	 0.17889162E-01	 0.28753354E-03
  4214.0000    	  4215.0000    	 0.20288712E-01	 0.23758769E-03
  4215.0000    	  4216.0000    	 0.23240738E-01	 0.22713760E-03
  4216.0000    	  4217.0000    	 0.25236119E-01	 0.21375148E-03
  4217.0000    	  4218.0000    	 0.26810347E-01	 0.20376944E-03
  4218.0000    	  4219.0000    	 0.28787365E-01	 0.20376343E-03
  4219.0000    	  4220.0000    	 0.28843797E-01	 0.18406336E-03
  4220.0000    	  4221.0000    	 0.28429069E-01	 0.17872164E-03
  4221.0000    	  4222.0000    	 0.26563943E-01	 0.18163508E-03
  4222.0000    	  4223.0000    	 0.23947749E-01	 0.18932382E-03
  4223.0000    	  4224.0000    	 0.20155397E-01	 0.18973086E-03
