# xi0
# underflow	 -57.246454    	 0.34649889E-02
# overflow	-0.15273533    	 0.73655153E-04
# sum	 -70.795663    	 0.35471832E-02
# xmin	xmax	cross	numerror
  3124.0000    	  3125.0000    	-0.33228996E-01	 0.70107350E-04
  3125.0000    	  3126.0000    	-0.32243959E-01	 0.67786810E-04
  3126.0000    	  3127.0000    	-0.30239297E-01	 0.59966841E-04
  3127.0000    	  3128.0000    	-0.27272023E-01	 0.47201637E-04
  3128.0000    	  3129.0000    	-0.23868240E-01	 0.37221010E-04
  3129.0000    	  3130.0000    	-0.20145939E-01	 0.31404235E-04
  3130.0000    	  3131.0000    	-0.16409632E-01	 0.26835422E-04
  3131.0000    	  3132.0000    	-0.12942119E-01	 0.23607977E-04
  3132.0000    	  3133.0000    	-0.97583498E-02	 0.19469586E-04
  3133.0000    	  3134.0000    	-0.70367639E-02	 0.16131830E-04
  3134.0000    	  3135.0000    	-0.47673450E-02	 0.12857963E-04
  3135.0000    	  3136.0000    	-0.32985905E-01	 0.60955856E-04
  3136.0000    	  3137.0000    	-0.31976376E-01	 0.56503605E-04
  3137.0000    	  3138.0000    	-0.29832468E-01	 0.53085714E-04
  3138.0000    	  3139.0000    	-0.27044766E-01	 0.43432592E-04
  3139.0000    	  3140.0000    	-0.23569414E-01	 0.37211707E-04
  3140.0000    	  3141.0000    	-0.19894609E-01	 0.31983874E-04
  3141.0000    	  3142.0000    	-0.16212859E-01	 0.26565816E-04
  3142.0000    	  3143.0000    	-0.12739387E-01	 0.22768965E-04
  3143.0000    	  3144.0000    	-0.96145922E-02	 0.19294934E-04
  3144.0000    	  3145.0000    	-0.69495002E-02	 0.16005429E-04
  3145.0000    	  3146.0000    	-0.47187592E-02	 0.12762791E-04
  3146.0000    	  3147.0000    	-0.32689887E-01	 0.56621224E-04
  3147.0000    	  3148.0000    	-0.31686594E-01	 0.51469349E-04
  3148.0000    	  3149.0000    	-0.29576841E-01	 0.45463313E-04
  3149.0000    	  3150.0000    	-0.26714179E-01	 0.40257799E-04
  3150.0000    	  3151.0000    	-0.23341772E-01	 0.36052782E-04
  3151.0000    	  3152.0000    	-0.19687401E-01	 0.30428305E-04
  3152.0000    	  3153.0000    	-0.16002919E-01	 0.26308785E-04
  3153.0000    	  3154.0000    	-0.12596887E-01	 0.22595359E-04
  3154.0000    	  3155.0000    	-0.95360913E-02	 0.19207180E-04
  3155.0000    	  3156.0000    	-0.68301194E-02	 0.15839963E-04
  3156.0000    	  3157.0000    	-0.46623386E-02	 0.12686359E-04
  3157.0000    	  3158.0000    	-0.32391040E-01	 0.51682145E-04
  3158.0000    	  3159.0000    	-0.31411235E-01	 0.50213065E-04
  3159.0000    	  3160.0000    	-0.29219919E-01	 0.43674575E-04
  3160.0000    	  3161.0000    	-0.26435837E-01	 0.39461227E-04
  3161.0000    	  3162.0000    	-0.23083289E-01	 0.34320346E-04
  3162.0000    	  3163.0000    	-0.19461474E-01	 0.30016639E-04
  3163.0000    	  3164.0000    	-0.15837514E-01	 0.26076572E-04
  3164.0000    	  3165.0000    	-0.12456083E-01	 0.22418437E-04
  3165.0000    	  3166.0000    	-0.93812948E-02	 0.18979337E-04
  3166.0000    	  3167.0000    	-0.67452277E-02	 0.15731580E-04
  3167.0000    	  3168.0000    	-0.45895112E-02	 0.12577595E-04
  3168.0000    	  3169.0000    	-0.32145924E-01	 0.49827750E-04
  3169.0000    	  3170.0000    	-0.30962327E-01	 0.47113363E-04
  3170.0000    	  3171.0000    	-0.29018120E-01	 0.41986379E-04
  3171.0000    	  3172.0000    	-0.26166385E-01	 0.37971485E-04
  3172.0000    	  3173.0000    	-0.22801853E-01	 0.33714872E-04
  3173.0000    	  3174.0000    	-0.19183050E-01	 0.29568324E-04
  3174.0000    	  3175.0000    	-0.15662849E-01	 0.25781704E-04
  3175.0000    	  3176.0000    	-0.12299196E-01	 0.22234508E-04
  3176.0000    	  3177.0000    	-0.92918301E-02	 0.18881305E-04
  3177.0000    	  3178.0000    	-0.67064832E-02	 0.15680666E-04
  3178.0000    	  3179.0000    	-0.45279282E-02	 0.12483898E-04
  3179.0000    	  3180.0000    	-0.31772879E-01	 0.47584662E-04
  3180.0000    	  3181.0000    	-0.30735277E-01	 0.45066383E-04
  3181.0000    	  3182.0000    	-0.28663561E-01	 0.40734196E-04
  3182.0000    	  3183.0000    	-0.25836985E-01	 0.37514615E-04
  3183.0000    	  3184.0000    	-0.22588620E-01	 0.33291997E-04
  3184.0000    	  3185.0000    	-0.19013409E-01	 0.29297521E-04
  3185.0000    	  3186.0000    	-0.15485833E-01	 0.25574647E-04
  3186.0000    	  3187.0000    	-0.12127766E-01	 0.22026169E-04
  3187.0000    	  3188.0000    	-0.91626123E-02	 0.18711946E-04
  3188.0000    	  3189.0000    	-0.65748487E-02	 0.15507479E-04
  3189.0000    	  3190.0000    	-0.44570268E-02	 0.12366075E-04
  3190.0000    	  3191.0000    	-0.31408608E-01	 0.48355899E-04
  3191.0000    	  3192.0000    	-0.30365570E-01	 0.43287457E-04
  3192.0000    	  3193.0000    	-0.28383999E-01	 0.39852595E-04
  3193.0000    	  3194.0000    	-0.25582701E-01	 0.36513437E-04
  3194.0000    	  3195.0000    	-0.22285044E-01	 0.32875655E-04
  3195.0000    	  3196.0000    	-0.18797388E-01	 0.28993531E-04
  3196.0000    	  3197.0000    	-0.15263955E-01	 0.25281614E-04
  3197.0000    	  3198.0000    	-0.11990960E-01	 0.21861323E-04
  3198.0000    	  3199.0000    	-0.90437711E-02	 0.18574997E-04
  3199.0000    	  3200.0000    	-0.65014502E-02	 0.15399664E-04
  3200.0000    	  3201.0000    	-0.44090444E-02	 0.12286216E-04
  3201.0000    	  3202.0000    	-0.31097565E-01	 0.45095707E-04
  3202.0000    	  3203.0000    	-0.30002700E-01	 0.41882553E-04
  3203.0000    	  3204.0000    	-0.28055452E-01	 0.39026304E-04
  3204.0000    	  3205.0000    	-0.25248401E-01	 0.35890835E-04
  3205.0000    	  3206.0000    	-0.22032505E-01	 0.32527375E-04
  3206.0000    	  3207.0000    	-0.18612456E-01	 0.28733955E-04
  3207.0000    	  3208.0000    	-0.15126097E-01	 0.25102408E-04
  3208.0000    	  3209.0000    	-0.11868933E-01	 0.21707240E-04
  3209.0000    	  3210.0000    	-0.89441433E-02	 0.18462505E-04
  3210.0000    	  3211.0000    	-0.64321626E-02	 0.15303557E-04
  3211.0000    	  3212.0000    	-0.43514816E-02	 0.12194071E-04
  3212.0000    	  3213.0000    	-0.30806715E-01	 0.44051861E-04
  3213.0000    	  3214.0000    	-0.29784065E-01	 0.41919699E-04
  3214.0000    	  3215.0000    	-0.27767073E-01	 0.38416977E-04
  3215.0000    	  3216.0000    	-0.24964729E-01	 0.35373420E-04
  3216.0000    	  3217.0000    	-0.21761198E-01	 0.32028262E-04
  3217.0000    	  3218.0000    	-0.18404517E-01	 0.28458365E-04
  3218.0000    	  3219.0000    	-0.14908226E-01	 0.24844604E-04
  3219.0000    	  3220.0000    	-0.11727383E-01	 0.21544576E-04
  3220.0000    	  3221.0000    	-0.88262987E-02	 0.18314062E-04
  3221.0000    	  3222.0000    	-0.63288325E-02	 0.15177091E-04
  3222.0000    	  3223.0000    	-0.43020231E-02	 0.12141154E-04
  3223.0000    	  3224.0000    	-0.30411164E-01	 0.42922912E-04
  3224.0000    	  3225.0000    	-0.29417535E-01	 0.42279537E-04
  3225.0000    	  3226.0000    	-0.27437302E-01	 0.38228634E-04
  3226.0000    	  3227.0000    	-0.24747338E-01	 0.34967991E-04
  3227.0000    	  3228.0000    	-0.21547695E-01	 0.31689731E-04
  3228.0000    	  3229.0000    	-0.18126726E-01	 0.28125819E-04
  3229.0000    	  3230.0000    	-0.14785823E-01	 0.24699267E-04
  3230.0000    	  3231.0000    	-0.11581954E-01	 0.21371570E-04
  3231.0000    	  3232.0000    	-0.87472693E-02	 0.18218717E-04
  3232.0000    	  3233.0000    	-0.62789091E-02	 0.15123028E-04
  3233.0000    	  3234.0000    	-0.42406733E-02	 0.12063636E-04
  3234.0000    	  3235.0000    	-0.30113728E-01	 0.41918569E-04
  3235.0000    	  3236.0000    	-0.29118165E-01	 0.39660069E-04
  3236.0000    	  3237.0000    	-0.27108799E-01	 0.37138504E-04
  3237.0000    	  3238.0000    	-0.24466391E-01	 0.34858443E-04
  3238.0000    	  3239.0000    	-0.21315090E-01	 0.31619766E-04
  3239.0000    	  3240.0000    	-0.18012275E-01	 0.27951081E-04
  3240.0000    	  3241.0000    	-0.14600923E-01	 0.24500189E-04
  3241.0000    	  3242.0000    	-0.11445720E-01	 0.21205783E-04
  3242.0000    	  3243.0000    	-0.86272718E-02	 0.18072206E-04
  3243.0000    	  3244.0000    	-0.61790911E-02	 0.14980747E-04
  3244.0000    	  3245.0000    	-0.41715924E-02	 0.11918212E-04
  3245.0000    	  3246.0000    	-0.29782620E-01	 0.41280557E-04
  3246.0000    	  3247.0000    	-0.28761117E-01	 0.38986022E-04
  3247.0000    	  3248.0000    	-0.26869191E-01	 0.36664836E-04
  3248.0000    	  3249.0000    	-0.24193583E-01	 0.34086274E-04
  3249.0000    	  3250.0000    	-0.21066749E-01	 0.31004734E-04
  3250.0000    	  3251.0000    	-0.17747272E-01	 0.27611003E-04
  3251.0000    	  3252.0000    	-0.14429344E-01	 0.24272767E-04
  3252.0000    	  3253.0000    	-0.11297116E-01	 0.21042691E-04
  3253.0000    	  3254.0000    	-0.85122268E-02	 0.17944736E-04
  3254.0000    	  3255.0000    	-0.60943883E-02	 0.14854187E-04
  3255.0000    	  3256.0000    	-0.41256692E-02	 0.11843384E-04
  3256.0000    	  3257.0000    	-0.29487728E-01	 0.40708675E-04
  3257.0000    	  3258.0000    	-0.28414655E-01	 0.38418960E-04
  3258.0000    	  3259.0000    	-0.26564841E-01	 0.36143448E-04
  3259.0000    	  3260.0000    	-0.23939224E-01	 0.33718448E-04
  3260.0000    	  3261.0000    	-0.20802998E-01	 0.30670912E-04
  3261.0000    	  3262.0000    	-0.17503636E-01	 0.27334781E-04
  3262.0000    	  3263.0000    	-0.14268588E-01	 0.24088534E-04
  3263.0000    	  3264.0000    	-0.11166544E-01	 0.20879444E-04
  3264.0000    	  3265.0000    	-0.84159722E-02	 0.17815655E-04
  3265.0000    	  3266.0000    	-0.60268781E-02	 0.14752416E-04
  3266.0000    	  3267.0000    	-0.40628356E-02	 0.11728188E-04
  3267.0000    	  3268.0000    	-0.29181077E-01	 0.40102171E-04
  3268.0000    	  3269.0000    	-0.28144484E-01	 0.37903804E-04
  3269.0000    	  3270.0000    	-0.26246210E-01	 0.35716679E-04
  3270.0000    	  3271.0000    	-0.23671565E-01	 0.33327211E-04
  3271.0000    	  3272.0000    	-0.20603079E-01	 0.30388743E-04
  3272.0000    	  3273.0000    	-0.17347385E-01	 0.27137922E-04
  3273.0000    	  3274.0000    	-0.14139287E-01	 0.23964534E-04
  3274.0000    	  3275.0000    	-0.11035861E-01	 0.20744505E-04
  3275.0000    	  3276.0000    	-0.83244522E-02	 0.17706811E-04
  3276.0000    	  3277.0000    	-0.59678020E-02	 0.14769964E-04
  3277.0000    	  3278.0000    	-0.40184757E-02	 0.11672123E-04
  3278.0000    	  3279.0000    	-0.28840407E-01	 0.39489466E-04
  3279.0000    	  3280.0000    	-0.27863979E-01	 0.37445854E-04
  3280.0000    	  3281.0000    	-0.26000022E-01	 0.35306200E-04
  3281.0000    	  3282.0000    	-0.23436149E-01	 0.32983599E-04
  3282.0000    	  3283.0000    	-0.20401419E-01	 0.30118845E-04
  3283.0000    	  3284.0000    	-0.17177215E-01	 0.26933300E-04
  3284.0000    	  3285.0000    	-0.13923751E-01	 0.23722652E-04
  3285.0000    	  3286.0000    	-0.10913144E-01	 0.20585372E-04
  3286.0000    	  3287.0000    	-0.81935468E-02	 0.17550961E-04
  3287.0000    	  3288.0000    	-0.58803309E-02	 0.14687191E-04
  3288.0000    	  3289.0000    	-0.39587412E-02	 0.11575004E-04
  3289.0000    	  3290.0000    	-0.28540736E-01	 0.38982584E-04
  3290.0000    	  3291.0000    	-0.27521851E-01	 0.36934715E-04
  3291.0000    	  3292.0000    	-0.25619354E-01	 0.34791539E-04
  3292.0000    	  3293.0000    	-0.23104775E-01	 0.32564178E-04
  3293.0000    	  3294.0000    	-0.20132333E-01	 0.29812630E-04
  3294.0000    	  3295.0000    	-0.16953332E-01	 0.26662651E-04
  3295.0000    	  3296.0000    	-0.13801624E-01	 0.23539003E-04
  3296.0000    	  3297.0000    	-0.10795713E-01	 0.20474576E-04
  3297.0000    	  3298.0000    	-0.81387178E-02	 0.17494049E-04
  3298.0000    	  3299.0000    	-0.58292071E-02	 0.14497007E-04
  3299.0000    	  3300.0000    	-0.39168165E-02	 0.11508866E-04
  3300.0000    	  3301.0000    	-0.28227027E-01	 0.38501235E-04
  3301.0000    	  3302.0000    	-0.27228734E-01	 0.36535144E-04
  3302.0000    	  3303.0000    	-0.25408387E-01	 0.34462474E-04
  3303.0000    	  3304.0000    	-0.22896713E-01	 0.32274530E-04
  3304.0000    	  3305.0000    	-0.19945120E-01	 0.29541691E-04
  3305.0000    	  3306.0000    	-0.16735395E-01	 0.26412498E-04
  3306.0000    	  3307.0000    	-0.13637101E-01	 0.23624467E-04
  3307.0000    	  3308.0000    	-0.10682142E-01	 0.20327618E-04
  3308.0000    	  3309.0000    	-0.79979848E-02	 0.17298355E-04
  3309.0000    	  3310.0000    	-0.57393733E-02	 0.14376683E-04
  3310.0000    	  3311.0000    	-0.38720313E-02	 0.11425927E-04
  3311.0000    	  3312.0000    	-0.27919058E-01	 0.38023985E-04
  3312.0000    	  3313.0000    	-0.26907192E-01	 0.36036510E-04
  3313.0000    	  3314.0000    	-0.25182460E-01	 0.34130038E-04
  3314.0000    	  3315.0000    	-0.22680704E-01	 0.32014025E-04
  3315.0000    	  3316.0000    	-0.19712701E-01	 0.29239307E-04
  3316.0000    	  3317.0000    	-0.16556671E-01	 0.26198153E-04
  3317.0000    	  3318.0000    	-0.13485049E-01	 0.23204913E-04
  3318.0000    	  3319.0000    	-0.10552590E-01	 0.20174835E-04
  3319.0000    	  3320.0000    	-0.79389709E-02	 0.17398244E-04
  3320.0000    	  3321.0000    	-0.56650533E-02	 0.14275027E-04
  3321.0000    	  3322.0000    	-0.38134140E-02	 0.11339851E-04
  3322.0000    	  3323.0000    	-0.27630288E-01	 0.37572807E-04
  3323.0000    	  3324.0000    	-0.26673111E-01	 0.35650478E-04
  3324.0000    	  3325.0000    	-0.24781855E-01	 0.33630774E-04
  3325.0000    	  3326.0000    	-0.22381095E-01	 0.31616935E-04
  3326.0000    	  3327.0000    	-0.19504585E-01	 0.29012149E-04
  3327.0000    	  3328.0000    	-0.16393635E-01	 0.26004501E-04
  3328.0000    	  3329.0000    	-0.13358390E-01	 0.23043935E-04
  3329.0000    	  3330.0000    	-0.10422487E-01	 0.20046274E-04
  3330.0000    	  3331.0000    	-0.78391263E-02	 0.17139962E-04
  3331.0000    	  3332.0000    	-0.55950690E-02	 0.14179174E-04
  3332.0000    	  3333.0000    	-0.35615487E-02	 0.10924984E-04
  3333.0000    	  3334.0000    	-0.27315135E-01	 0.37182892E-04
  3334.0000    	  3335.0000    	-0.26388822E-01	 0.35276472E-04
  3335.0000    	  3336.0000    	-0.24588014E-01	 0.33360997E-04
  3336.0000    	  3337.0000    	-0.22149996E-01	 0.31298860E-04
  3337.0000    	  3338.0000    	-0.19259900E-01	 0.28723756E-04
  3338.0000    	  3339.0000    	-0.16192557E-01	 0.26005300E-04
  3339.0000    	  3340.0000    	-0.13157616E-01	 0.22845974E-04
  3340.0000    	  3341.0000    	-0.10292327E-01	 0.19886487E-04
  3341.0000    	  3342.0000    	-0.77301714E-02	 0.16990392E-04
  3342.0000    	  3343.0000    	-0.55437333E-02	 0.14149512E-04
  3343.0000    	  3344.0000    	-0.37166242E-02	 0.11196889E-04
  3344.0000    	  3345.0000    	-0.27009035E-01	 0.36663988E-04
  3345.0000    	  3346.0000    	-0.26053654E-01	 0.34911085E-04
  3346.0000    	  3347.0000    	-0.24322251E-01	 0.33003719E-04
  3347.0000    	  3348.0000    	-0.21900144E-01	 0.30985992E-04
  3348.0000    	  3349.0000    	-0.19110643E-01	 0.28513447E-04
  3349.0000    	  3350.0000    	-0.16023733E-01	 0.25575714E-04
  3350.0000    	  3351.0000    	-0.13007176E-01	 0.22653928E-04
  3351.0000    	  3352.0000    	-0.10208240E-01	 0.19785986E-04
  3352.0000    	  3353.0000    	-0.76498997E-02	 0.16897640E-04
  3353.0000    	  3354.0000    	-0.54483404E-02	 0.13987577E-04
  3354.0000    	  3355.0000    	-0.36758213E-02	 0.11105623E-04
  3355.0000    	  3356.0000    	-0.26722227E-01	 0.36306322E-04
  3356.0000    	  3357.0000    	-0.25854993E-01	 0.34547768E-04
  3357.0000    	  3358.0000    	-0.24070236E-01	 0.32675216E-04
  3358.0000    	  3359.0000    	-0.21671329E-01	 0.30705798E-04
  3359.0000    	  3360.0000    	-0.18863889E-01	 0.28231306E-04
  3360.0000    	  3361.0000    	-0.15847084E-01	 0.25372693E-04
  3361.0000    	  3362.0000    	-0.12867099E-01	 0.22490176E-04
  3362.0000    	  3363.0000    	-0.10066797E-01	 0.19629830E-04
  3363.0000    	  3364.0000    	-0.75403109E-02	 0.16726903E-04
  3364.0000    	  3365.0000    	-0.53978353E-02	 0.13947392E-04
  3365.0000    	  3366.0000    	-0.36027112E-02	 0.10968700E-04
  3366.0000    	  3367.0000    	-0.26448017E-01	 0.35888953E-04
  3367.0000    	  3368.0000    	-0.25530552E-01	 0.34105293E-04
  3368.0000    	  3369.0000    	-0.23808524E-01	 0.32339386E-04
  3369.0000    	  3370.0000    	-0.21452759E-01	 0.30424757E-04
  3370.0000    	  3371.0000    	-0.18661971E-01	 0.28008589E-04
  3371.0000    	  3372.0000    	-0.15672682E-01	 0.25183890E-04
  3372.0000    	  3373.0000    	-0.12738939E-01	 0.22356502E-04
  3373.0000    	  3374.0000    	-0.99625503E-02	 0.19495516E-04
  3374.0000    	  3375.0000    	-0.74483934E-02	 0.16639181E-04
  3375.0000    	  3376.0000    	-0.53326523E-02	 0.13821312E-04
  3376.0000    	  3377.0000    	-0.35765663E-02	 0.10932847E-04
  3377.0000    	  3378.0000    	-0.26167883E-01	 0.35533664E-04
  3378.0000    	  3379.0000    	-0.25254189E-01	 0.33771251E-04
  3379.0000    	  3380.0000    	-0.23507279E-01	 0.31993345E-04
  3380.0000    	  3381.0000    	-0.21187738E-01	 0.30101278E-04
  3381.0000    	  3382.0000    	-0.18434802E-01	 0.27736209E-04
  3382.0000    	  3383.0000    	-0.15492482E-01	 0.24991664E-04
  3383.0000    	  3384.0000    	-0.12561601E-01	 0.22182702E-04
  3384.0000    	  3385.0000    	-0.98253180E-02	 0.19359644E-04
  3385.0000    	  3386.0000    	-0.73735742E-02	 0.16559094E-04
  3386.0000    	  3387.0000    	-0.52649581E-02	 0.13728121E-04
  3387.0000    	  3388.0000    	-0.35342692E-02	 0.10956615E-04
  3388.0000    	  3389.0000    	-0.25886280E-01	 0.35134353E-04
  3389.0000    	  3390.0000    	-0.25032822E-01	 0.33455461E-04
  3390.0000    	  3391.0000    	-0.23324820E-01	 0.31744632E-04
  3391.0000    	  3392.0000    	-0.20995667E-01	 0.29872137E-04
  3392.0000    	  3393.0000    	-0.18235106E-01	 0.27493379E-04
  3393.0000    	  3394.0000    	-0.15336832E-01	 0.24813270E-04
  3394.0000    	  3395.0000    	-0.12439470E-01	 0.22031206E-04
  3395.0000    	  3396.0000    	-0.97475362E-02	 0.19287098E-04
  3396.0000    	  3397.0000    	-0.72700460E-02	 0.16413760E-04
  3397.0000    	  3398.0000    	-0.51997800E-02	 0.13643242E-04
  3398.0000    	  3399.0000    	-0.34778355E-02	 0.10768910E-04
  3399.0000    	  3400.0000    	-0.25633391E-01	 0.34850593E-04
  3400.0000    	  3401.0000    	-0.24713736E-01	 0.33080655E-04
  3401.0000    	  3402.0000    	-0.23011256E-01	 0.31367591E-04
  3402.0000    	  3403.0000    	-0.20741410E-01	 0.29585560E-04
  3403.0000    	  3404.0000    	-0.18064011E-01	 0.27307924E-04
  3404.0000    	  3405.0000    	-0.15177412E-01	 0.24630511E-04
  3405.0000    	  3406.0000    	-0.12307996E-01	 0.21880304E-04
  3406.0000    	  3407.0000    	-0.96227457E-02	 0.19143350E-04
  3407.0000    	  3408.0000    	-0.72067078E-02	 0.16338066E-04
  3408.0000    	  3409.0000    	-0.51532677E-02	 0.13612221E-04
  3409.0000    	  3410.0000    	-0.34458963E-02	 0.10710434E-04
  3410.0000    	  3411.0000    	-0.25324118E-01	 0.34411934E-04
  3411.0000    	  3412.0000    	-0.24474913E-01	 0.32838203E-04
  3412.0000    	  3413.0000    	-0.22837741E-01	 0.31138841E-04
  3413.0000    	  3414.0000    	-0.20509860E-01	 0.29335292E-04
  3414.0000    	  3415.0000    	-0.17884741E-01	 0.27091928E-04
  3415.0000    	  3416.0000    	-0.14967818E-01	 0.24394968E-04
  3416.0000    	  3417.0000    	-0.12154935E-01	 0.21704204E-04
  3417.0000    	  3418.0000    	-0.95090387E-02	 0.19001964E-04
  3418.0000    	  3419.0000    	-0.71075456E-02	 0.16240573E-04
  3419.0000    	  3420.0000    	-0.50811504E-02	 0.13499399E-04
  3420.0000    	  3421.0000    	-0.33898657E-02	 0.10613995E-04
  3421.0000    	  3422.0000    	-0.25065178E-01	 0.34105624E-04
  3422.0000    	  3423.0000    	-0.24211576E-01	 0.32470666E-04
  3423.0000    	  3424.0000    	-0.22545269E-01	 0.30825000E-04
  3424.0000    	  3425.0000    	-0.20305474E-01	 0.29069937E-04
  3425.0000    	  3426.0000    	-0.17665307E-01	 0.26850881E-04
  3426.0000    	  3427.0000    	-0.14839903E-01	 0.24258665E-04
  3427.0000    	  3428.0000    	-0.12020652E-01	 0.21573122E-04
  3428.0000    	  3429.0000    	-0.93978028E-02	 0.18895905E-04
  3429.0000    	  3430.0000    	-0.70630963E-02	 0.16173833E-04
  3430.0000    	  3431.0000    	-0.50143227E-02	 0.13375275E-04
  3431.0000    	  3432.0000    	-0.33435278E-02	 0.10544978E-04
  3432.0000    	  3433.0000    	-0.24820052E-01	 0.33755167E-04
  3433.0000    	  3434.0000    	-0.23972389E-01	 0.32162171E-04
  3434.0000    	  3435.0000    	-0.22342652E-01	 0.30556970E-04
  3435.0000    	  3436.0000    	-0.20085746E-01	 0.28826491E-04
  3436.0000    	  3437.0000    	-0.17459895E-01	 0.26621501E-04
  3437.0000    	  3438.0000    	-0.14699763E-01	 0.24114618E-04
  3438.0000    	  3439.0000    	-0.11923431E-01	 0.21476677E-04
  3439.0000    	  3440.0000    	-0.92717645E-02	 0.18741832E-04
  3440.0000    	  3441.0000    	-0.69626552E-02	 0.16046435E-04
  3441.0000    	  3442.0000    	-0.49693650E-02	 0.13320362E-04
  3442.0000    	  3443.0000    	-0.33113222E-02	 0.10481340E-04
  3443.0000    	  3444.0000    	-0.24558244E-01	 0.33449683E-04
  3444.0000    	  3445.0000    	-0.23746261E-01	 0.31941204E-04
  3445.0000    	  3446.0000    	-0.22070804E-01	 0.30245962E-04
  3446.0000    	  3447.0000    	-0.19879801E-01	 0.28568122E-04
  3447.0000    	  3448.0000    	-0.17279885E-01	 0.26433756E-04
  3448.0000    	  3449.0000    	-0.14508074E-01	 0.23905774E-04
  3449.0000    	  3450.0000    	-0.11759758E-01	 0.21292252E-04
  3450.0000    	  3451.0000    	-0.91823585E-02	 0.18623693E-04
  3451.0000    	  3452.0000    	-0.68505914E-02	 0.15899698E-04
  3452.0000    	  3453.0000    	-0.49085651E-02	 0.13230763E-04
  3453.0000    	  3454.0000    	-0.32763485E-02	 0.10408708E-04
  3454.0000    	  3455.0000    	-0.24284832E-01	 0.33115191E-04
  3455.0000    	  3456.0000    	-0.23430686E-01	 0.31529019E-04
  3456.0000    	  3457.0000    	-0.21852332E-01	 0.29991877E-04
  3457.0000    	  3458.0000    	-0.19634343E-01	 0.28303646E-04
  3458.0000    	  3459.0000    	-0.17122006E-01	 0.26218153E-04
  3459.0000    	  3460.0000    	-0.14341199E-01	 0.23727861E-04
  3460.0000    	  3461.0000    	-0.11618994E-01	 0.21124518E-04
  3461.0000    	  3462.0000    	-0.90865288E-02	 0.18540234E-04
  3462.0000    	  3463.0000    	-0.67838229E-02	 0.15826057E-04
  3463.0000    	  3464.0000    	-0.48333779E-02	 0.13130961E-04
  3464.0000    	  3465.0000    	-0.32278971E-02	 0.10321003E-04
  3465.0000    	  3466.0000    	-0.24051683E-01	 0.32817928E-04
  3466.0000    	  3467.0000    	-0.23180805E-01	 0.31228660E-04
  3467.0000    	  3468.0000    	-0.21629844E-01	 0.29742111E-04
  3468.0000    	  3469.0000    	-0.19448391E-01	 0.28085211E-04
  3469.0000    	  3470.0000    	-0.16928243E-01	 0.26010386E-04
  3470.0000    	  3471.0000    	-0.14226340E-01	 0.23597865E-04
  3471.0000    	  3472.0000    	-0.11478701E-01	 0.20996156E-04
  3472.0000    	  3473.0000    	-0.89868057E-02	 0.18404214E-04
  3473.0000    	  3474.0000    	-0.67064316E-02	 0.15734601E-04
  3474.0000    	  3475.0000    	-0.47886641E-02	 0.13047072E-04
  3475.0000    	  3476.0000    	-0.31829996E-02	 0.10239561E-04
  3476.0000    	  3477.0000    	-0.23795808E-01	 0.32530041E-04
  3477.0000    	  3478.0000    	-0.22950593E-01	 0.31006839E-04
  3478.0000    	  3479.0000    	-0.21397699E-01	 0.29472382E-04
  3479.0000    	  3480.0000    	-0.19246660E-01	 0.27890575E-04
  3480.0000    	  3481.0000    	-0.16720253E-01	 0.25801053E-04
  3481.0000    	  3482.0000    	-0.14045859E-01	 0.23429291E-04
  3482.0000    	  3483.0000    	-0.11385788E-01	 0.20891800E-04
  3483.0000    	  3484.0000    	-0.88625508E-02	 0.18259313E-04
  3484.0000    	  3485.0000    	-0.66494300E-02	 0.15679144E-04
  3485.0000    	  3486.0000    	-0.47063415E-02	 0.12944882E-04
  3486.0000    	  3487.0000    	-0.31591329E-02	 0.10209667E-04
  3487.0000    	  3488.0000    	-0.23564205E-01	 0.32233491E-04
  3488.0000    	  3489.0000    	-0.22742618E-01	 0.30714812E-04
  3489.0000    	  3490.0000    	-0.21172431E-01	 0.29225670E-04
  3490.0000    	  3491.0000    	-0.19043167E-01	 0.27621273E-04
  3491.0000    	  3492.0000    	-0.16518153E-01	 0.25568093E-04
  3492.0000    	  3493.0000    	-0.13890305E-01	 0.23242966E-04
  3493.0000    	  3494.0000    	-0.11249697E-01	 0.20740298E-04
  3494.0000    	  3495.0000    	-0.87744197E-02	 0.18174755E-04
  3495.0000    	  3496.0000    	-0.65569250E-02	 0.15536256E-04
  3496.0000    	  3497.0000    	-0.46594263E-02	 0.12859449E-04
  3497.0000    	  3498.0000    	-0.31077232E-02	 0.10108929E-04
  3498.0000    	  3499.0000    	-0.23262748E-01	 0.31871739E-04
  3499.0000    	  3500.0000    	-0.22458613E-01	 0.30413216E-04
  3500.0000    	  3501.0000    	-0.20971687E-01	 0.29008836E-04
  3501.0000    	  3502.0000    	-0.18843507E-01	 0.27422607E-04
  3502.0000    	  3503.0000    	-0.16370587E-01	 0.25435386E-04
  3503.0000    	  3504.0000    	-0.13737590E-01	 0.23079191E-04
  3504.0000    	  3505.0000    	-0.11130000E-01	 0.20627343E-04
  3505.0000    	  3506.0000    	-0.86846286E-02	 0.18069000E-04
  3506.0000    	  3507.0000    	-0.65169897E-02	 0.16189991E-04
  3507.0000    	  3508.0000    	-0.46252428E-02	 0.12813940E-04
  3508.0000    	  3509.0000    	-0.30606977E-02	 0.10047342E-04
  3509.0000    	  3510.0000    	-0.23082021E-01	 0.31643754E-04
  3510.0000    	  3511.0000    	-0.22224837E-01	 0.30142897E-04
  3511.0000    	  3512.0000    	-0.20733499E-01	 0.28729427E-04
  3512.0000    	  3513.0000    	-0.18661934E-01	 0.27212526E-04
  3513.0000    	  3514.0000    	-0.16206691E-01	 0.25240596E-04
  3514.0000    	  3515.0000    	-0.13594471E-01	 0.22926241E-04
  3515.0000    	  3516.0000    	-0.11013228E-01	 0.20495807E-04
  3516.0000    	  3517.0000    	-0.85896145E-02	 0.17973146E-04
  3517.0000    	  3518.0000    	-0.63951336E-02	 0.15355429E-04
  3518.0000    	  3519.0000    	-0.45521958E-02	 0.12718708E-04
  3519.0000    	  3520.0000    	-0.29609373E-02	 0.98497174E-05
  3520.0000    	  3521.0000    	-0.22792703E-01	 0.31328969E-04
  3521.0000    	  3522.0000    	-0.22006999E-01	 0.29903629E-04
  3522.0000    	  3523.0000    	-0.20513230E-01	 0.28496214E-04
  3523.0000    	  3524.0000    	-0.18451246E-01	 0.26974466E-04
  3524.0000    	  3525.0000    	-0.16023420E-01	 0.25043457E-04
  3525.0000    	  3526.0000    	-0.13453259E-01	 0.22777940E-04
  3526.0000    	  3527.0000    	-0.10892009E-01	 0.20372396E-04
  3527.0000    	  3528.0000    	-0.84824750E-02	 0.17918013E-04
  3528.0000    	  3529.0000    	-0.63428125E-02	 0.15286419E-04
  3529.0000    	  3530.0000    	-0.45182332E-02	 0.12654028E-04
  3530.0000    	  3531.0000    	-0.29913887E-02	 0.98931566E-05
  3531.0000    	  3532.0000    	-0.22564990E-01	 0.31066252E-04
  3532.0000    	  3533.0000    	-0.21806312E-01	 0.29660766E-04
  3533.0000    	  3534.0000    	-0.20281096E-01	 0.28219277E-04
  3534.0000    	  3535.0000    	-0.18261263E-01	 0.26765306E-04
  3535.0000    	  3536.0000    	-0.15869221E-01	 0.24895560E-04
  3536.0000    	  3537.0000    	-0.13297585E-01	 0.22633443E-04
  3537.0000    	  3538.0000    	-0.10745547E-01	 0.20208340E-04
  3538.0000    	  3539.0000    	-0.83845101E-02	 0.17729072E-04
  3539.0000    	  3540.0000    	-0.62616288E-02	 0.15166741E-04
  3540.0000    	  3541.0000    	-0.44313786E-02	 0.12507250E-04
  3541.0000    	  3542.0000    	-0.29615084E-02	 0.98346752E-05
  3542.0000    	  3543.0000    	-0.22356359E-01	 0.30858813E-04
  3543.0000    	  3544.0000    	-0.21543475E-01	 0.29385209E-04
  3544.0000    	  3545.0000    	-0.20076325E-01	 0.27994372E-04
  3545.0000    	  3546.0000    	-0.18032509E-01	 0.26522835E-04
  3546.0000    	  3547.0000    	-0.15692655E-01	 0.24693063E-04
  3547.0000    	  3548.0000    	-0.13148129E-01	 0.22455358E-04
  3548.0000    	  3549.0000    	-0.10644779E-01	 0.20096806E-04
  3549.0000    	  3550.0000    	-0.82977982E-02	 0.17694771E-04
  3550.0000    	  3551.0000    	-0.61826654E-02	 0.15077233E-04
  3551.0000    	  3552.0000    	-0.44119903E-02	 0.12487028E-04
  3552.0000    	  3553.0000    	-0.29049040E-02	 0.97330049E-05
  3553.0000    	  3554.0000    	-0.22096760E-01	 0.30498898E-04
  3554.0000    	  3555.0000    	-0.21369996E-01	 0.29174293E-04
  3555.0000    	  3556.0000    	-0.19890380E-01	 0.27794167E-04
  3556.0000    	  3557.0000    	-0.17908676E-01	 0.26395276E-04
  3557.0000    	  3558.0000    	-0.15495320E-01	 0.24488923E-04
  3558.0000    	  3559.0000    	-0.13029276E-01	 0.22331427E-04
  3559.0000    	  3560.0000    	-0.10566570E-01	 0.20018633E-04
  3560.0000    	  3561.0000    	-0.82103015E-02	 0.17538372E-04
  3561.0000    	  3562.0000    	-0.61279097E-02	 0.15014727E-04
  3562.0000    	  3563.0000    	-0.43510790E-02	 0.12412401E-04
  3563.0000    	  3564.0000    	-0.29063662E-02	 0.97504050E-05
  3564.0000    	  3565.0000    	-0.21878345E-01	 0.30273865E-04
  3565.0000    	  3566.0000    	-0.21116039E-01	 0.28926958E-04
  3566.0000    	  3567.0000    	-0.19681206E-01	 0.27553214E-04
  3567.0000    	  3568.0000    	-0.17703932E-01	 0.26165223E-04
  3568.0000    	  3569.0000    	-0.15386272E-01	 0.24376233E-04
  3569.0000    	  3570.0000    	-0.12877070E-01	 0.22184535E-04
  3570.0000    	  3571.0000    	-0.10421845E-01	 0.19849280E-04
  3571.0000    	  3572.0000    	-0.81188896E-02	 0.17450072E-04
  3572.0000    	  3573.0000    	-0.60560547E-02	 0.14910613E-04
  3573.0000    	  3574.0000    	-0.42923681E-02	 0.12314790E-04
  3574.0000    	  3575.0000    	-0.28656081E-02	 0.96810182E-05
  3575.0000    	  3576.0000    	-0.21661299E-01	 0.30039571E-04
  3576.0000    	  3577.0000    	-0.20890277E-01	 0.28685433E-04
  3577.0000    	  3578.0000    	-0.19482967E-01	 0.27382959E-04
  3578.0000    	  3579.0000    	-0.17469230E-01	 0.25921037E-04
  3579.0000    	  3580.0000    	-0.15184777E-01	 0.24174015E-04
  3580.0000    	  3581.0000    	-0.12706309E-01	 0.21997757E-04
  3581.0000    	  3582.0000    	-0.10352426E-01	 0.19809906E-04
  3582.0000    	  3583.0000    	-0.80218834E-02	 0.17318264E-04
  3583.0000    	  3584.0000    	-0.59931528E-02	 0.14838499E-04
  3584.0000    	  3585.0000    	-0.42426433E-02	 0.12228824E-04
  3585.0000    	  3586.0000    	-0.28089656E-02	 0.95893053E-05
  3586.0000    	  3587.0000    	-0.21456778E-01	 0.29807089E-04
  3587.0000    	  3588.0000    	-0.20686015E-01	 0.28416604E-04
  3588.0000    	  3589.0000    	-0.19249537E-01	 0.27107238E-04
  3589.0000    	  3590.0000    	-0.17322327E-01	 0.25774487E-04
  3590.0000    	  3591.0000    	-0.15017583E-01	 0.23981837E-04
  3591.0000    	  3592.0000    	-0.12615773E-01	 0.21910854E-04
  3592.0000    	  3593.0000    	-0.10193795E-01	 0.19627300E-04
  3593.0000    	  3594.0000    	-0.79665031E-02	 0.17307111E-04
  3594.0000    	  3595.0000    	-0.59107930E-02	 0.14759459E-04
  3595.0000    	  3596.0000    	-0.41910936E-02	 0.12148365E-04
  3596.0000    	  3597.0000    	-0.27915292E-02	 0.95286866E-05
  3597.0000    	  3598.0000    	-0.21225261E-01	 0.29684476E-04
  3598.0000    	  3599.0000    	-0.20487208E-01	 0.28214885E-04
  3599.0000    	  3600.0000    	-0.19102487E-01	 0.26955821E-04
  3600.0000    	  3601.0000    	-0.17129991E-01	 0.25577649E-04
  3601.0000    	  3602.0000    	-0.14903757E-01	 0.23870302E-04
  3602.0000    	  3603.0000    	-0.12473354E-01	 0.21891650E-04
  3603.0000    	  3604.0000    	-0.10106632E-01	 0.19514895E-04
  3604.0000    	  3605.0000    	-0.78198497E-02	 0.17090400E-04
  3605.0000    	  3606.0000    	-0.58427160E-02	 0.14648191E-04
  3606.0000    	  3607.0000    	-0.41380541E-02	 0.12056160E-04
  3607.0000    	  3608.0000    	-0.27558779E-02	 0.94554802E-05
  3608.0000    	  3609.0000    	-0.20994979E-01	 0.29292374E-04
  3609.0000    	  3610.0000    	-0.20257016E-01	 0.27978215E-04
  3610.0000    	  3611.0000    	-0.18871370E-01	 0.26706792E-04
  3611.0000    	  3612.0000    	-0.17000582E-01	 0.25433784E-04
  3612.0000    	  3613.0000    	-0.14691567E-01	 0.23673746E-04
  3613.0000    	  3614.0000    	-0.12342579E-01	 0.21630472E-04
  3614.0000    	  3615.0000    	-0.99678263E-02	 0.19504995E-04
  3615.0000    	  3616.0000    	-0.77800616E-02	 0.17060063E-04
  3616.0000    	  3617.0000    	-0.57913497E-02	 0.14570489E-04
  3617.0000    	  3618.0000    	-0.41002976E-02	 0.12013358E-04
  3618.0000    	  3619.0000    	-0.27237879E-02	 0.94392032E-05
  3619.0000    	  3620.0000    	-0.20783608E-01	 0.29089350E-04
  3620.0000    	  3621.0000    	-0.20034191E-01	 0.27721424E-04
  3621.0000    	  3622.0000    	-0.18681761E-01	 0.26507343E-04
  3622.0000    	  3623.0000    	-0.16779157E-01	 0.25210568E-04
  3623.0000    	  3624.0000    	-0.14581976E-01	 0.23537119E-04
  3624.0000    	  3625.0000    	-0.12207448E-01	 0.21500441E-04
  3625.0000    	  3626.0000    	-0.98799198E-02	 0.19285568E-04
  3626.0000    	  3627.0000    	-0.76768798E-02	 0.16950591E-04
  3627.0000    	  3628.0000    	-0.57241555E-02	 0.14497277E-04
  3628.0000    	  3629.0000    	-0.40490842E-02	 0.11940502E-04
  3629.0000    	  3630.0000    	-0.26824925E-02	 0.93266623E-05
  3630.0000    	  3631.0000    	-0.20573489E-01	 0.28918931E-04
  3631.0000    	  3632.0000    	-0.19863259E-01	 0.27537419E-04
  3632.0000    	  3633.0000    	-0.18513663E-01	 0.26342226E-04
  3633.0000    	  3634.0000    	-0.16620149E-01	 0.25033778E-04
  3634.0000    	  3635.0000    	-0.14407497E-01	 0.23366879E-04
  3635.0000    	  3636.0000    	-0.12093039E-01	 0.21363958E-04
  3636.0000    	  3637.0000    	-0.97791474E-02	 0.19184945E-04
  3637.0000    	  3638.0000    	-0.75840356E-02	 0.16822860E-04
  3638.0000    	  3639.0000    	-0.56605490E-02	 0.14391264E-04
  3639.0000    	  3640.0000    	-0.40056568E-02	 0.11839155E-04
  3640.0000    	  3641.0000    	-0.26446251E-02	 0.92486593E-05
  3641.0000    	  3642.0000    	-0.20408149E-01	 0.28639548E-04
  3642.0000    	  3643.0000    	-0.19606060E-01	 0.27300269E-04
  3643.0000    	  3644.0000    	-0.18245216E-01	 0.26035292E-04
  3644.0000    	  3645.0000    	-0.16457223E-01	 0.24891922E-04
  3645.0000    	  3646.0000    	-0.14292967E-01	 0.23250454E-04
  3646.0000    	  3647.0000    	-0.11934443E-01	 0.21200972E-04
  3647.0000    	  3648.0000    	-0.96502245E-02	 0.19036238E-04
  3648.0000    	  3649.0000    	-0.75031133E-02	 0.16721950E-04
  3649.0000    	  3650.0000    	-0.55937322E-02	 0.14329255E-04
  3650.0000    	  3651.0000    	-0.39451168E-02	 0.11758463E-04
  3651.0000    	  3652.0000    	-0.26131950E-02	 0.92008619E-05
  3652.0000    	  3653.0000    	-0.20146456E-01	 0.28373727E-04
  3653.0000    	  3654.0000    	-0.19458744E-01	 0.27117755E-04
  3654.0000    	  3655.0000    	-0.18111731E-01	 0.25891726E-04
  3655.0000    	  3656.0000    	-0.16273899E-01	 0.24667679E-04
  3656.0000    	  3657.0000    	-0.14110178E-01	 0.23060178E-04
  3657.0000    	  3658.0000    	-0.11826842E-01	 0.21104379E-04
  3658.0000    	  3659.0000    	-0.95738533E-02	 0.18973787E-04
  3659.0000    	  3660.0000    	-0.74472657E-02	 0.16672973E-04
  3660.0000    	  3661.0000    	-0.55395883E-02	 0.14250772E-04
  3661.0000    	  3662.0000    	-0.39236034E-02	 0.11721696E-04
  3662.0000    	  3663.0000    	-0.25950315E-02	 0.91682879E-05
  3663.0000    	  3664.0000    	-0.19973897E-01	 0.28187532E-04
  3664.0000    	  3665.0000    	-0.19249353E-01	 0.26881592E-04
  3665.0000    	  3666.0000    	-0.17908667E-01	 0.25700702E-04
  3666.0000    	  3667.0000    	-0.16116651E-01	 0.24526553E-04
  3667.0000    	  3668.0000    	-0.13965110E-01	 0.22928465E-04
  3668.0000    	  3669.0000    	-0.11715710E-01	 0.21000590E-04
  3669.0000    	  3670.0000    	-0.94617649E-02	 0.18856694E-04
  3670.0000    	  3671.0000    	-0.73640627E-02	 0.16575162E-04
  3671.0000    	  3672.0000    	-0.54613879E-02	 0.14246188E-04
  3672.0000    	  3673.0000    	-0.38706695E-02	 0.11644407E-04
  3673.0000    	  3674.0000    	-0.25676949E-02	 0.90933279E-05
  3674.0000    	  3675.0000    	-0.19744898E-01	 0.27931503E-04
  3675.0000    	  3676.0000    	-0.19067389E-01	 0.26690050E-04
  3676.0000    	  3677.0000    	-0.17713564E-01	 0.25506682E-04
  3677.0000    	  3678.0000    	-0.15942008E-01	 0.24327727E-04
  3678.0000    	  3679.0000    	-0.13822655E-01	 0.22773917E-04
  3679.0000    	  3680.0000    	-0.11572231E-01	 0.20861134E-04
  3680.0000    	  3681.0000    	-0.93354001E-02	 0.18731467E-04
  3681.0000    	  3682.0000    	-0.72409382E-02	 0.16436002E-04
  3682.0000    	  3683.0000    	-0.54181247E-02	 0.14108333E-04
  3683.0000    	  3684.0000    	-0.38260097E-02	 0.11587271E-04
  3684.0000    	  3685.0000    	-0.25001356E-02	 0.89660433E-05
  3685.0000    	  3686.0000    	-0.19537019E-01	 0.27699933E-04
  3686.0000    	  3687.0000    	-0.18855047E-01	 0.26460654E-04
  3687.0000    	  3688.0000    	-0.17561070E-01	 0.25365940E-04
  3688.0000    	  3689.0000    	-0.15763037E-01	 0.24161885E-04
  3689.0000    	  3690.0000    	-0.13692013E-01	 0.22645284E-04
  3690.0000    	  3691.0000    	-0.11466232E-01	 0.20758683E-04
  3691.0000    	  3692.0000    	-0.92730986E-02	 0.18679320E-04
  3692.0000    	  3693.0000    	-0.71827734E-02	 0.16382411E-04
  3693.0000    	  3694.0000    	-0.53478329E-02	 0.13991376E-04
  3694.0000    	  3695.0000    	-0.37508980E-02	 0.11420962E-04
  3695.0000    	  3696.0000    	-0.25084084E-02	 0.90231429E-05
  3696.0000    	  3697.0000    	-0.19360181E-01	 0.27516196E-04
  3697.0000    	  3698.0000    	-0.18682060E-01	 0.26318624E-04
  3698.0000    	  3699.0000    	-0.17360949E-01	 0.25130314E-04
  3699.0000    	  3700.0000    	-0.15639765E-01	 0.24033861E-04
  3700.0000    	  3701.0000    	-0.13520134E-01	 0.22478201E-04
  3701.0000    	  3702.0000    	-0.11334487E-01	 0.20607210E-04
  3702.0000    	  3703.0000    	-0.91728560E-02	 0.18550210E-04
  3703.0000    	  3704.0000    	-0.71246298E-02	 0.16299546E-04
  3704.0000    	  3705.0000    	-0.53011028E-02	 0.13935459E-04
  3705.0000    	  3706.0000    	-0.37322001E-02	 0.11406894E-04
  3706.0000    	  3707.0000    	-0.24780340E-02	 0.89300184E-05
  3707.0000    	  3708.0000    	-0.19154882E-01	 0.27288195E-04
  3708.0000    	  3709.0000    	-0.18495194E-01	 0.26105081E-04
  3709.0000    	  3710.0000    	-0.17222440E-01	 0.25002859E-04
  3710.0000    	  3711.0000    	-0.15477629E-01	 0.23885807E-04
  3711.0000    	  3712.0000    	-0.13435403E-01	 0.22398450E-04
  3712.0000    	  3713.0000    	-0.11197994E-01	 0.20501305E-04
  3713.0000    	  3714.0000    	-0.90578453E-02	 0.18412877E-04
  3714.0000    	  3715.0000    	-0.70307792E-02	 0.16197257E-04
  3715.0000    	  3716.0000    	-0.52172842E-02	 0.13818362E-04
  3716.0000    	  3717.0000    	-0.36818828E-02	 0.11317978E-04
  3717.0000    	  3718.0000    	-0.24489488E-02	 0.88707670E-05
  3718.0000    	  3719.0000    	-0.18961335E-01	 0.27080835E-04
  3719.0000    	  3720.0000    	-0.18315834E-01	 0.25910613E-04
  3720.0000    	  3721.0000    	-0.17018550E-01	 0.24790046E-04
  3721.0000    	  3722.0000    	-0.15299106E-01	 0.23714922E-04
  3722.0000    	  3723.0000    	-0.13261675E-01	 0.22224907E-04
  3723.0000    	  3724.0000    	-0.11124790E-01	 0.20412153E-04
  3724.0000    	  3725.0000    	-0.89384662E-02	 0.18320852E-04
  3725.0000    	  3726.0000    	-0.69710559E-02	 0.16125169E-04
  3726.0000    	  3727.0000    	-0.51784279E-02	 0.13783842E-04
  3727.0000    	  3728.0000    	-0.36422263E-02	 0.11253027E-04
  3728.0000    	  3729.0000    	-0.24150634E-02	 0.87884593E-05
  3729.0000    	  3730.0000    	-0.18752225E-01	 0.26854627E-04
  3730.0000    	  3731.0000    	-0.18137211E-01	 0.25734295E-04
  3731.0000    	  3732.0000    	-0.16866256E-01	 0.24629497E-04
  3732.0000    	  3733.0000    	-0.15112197E-01	 0.23506720E-04
  3733.0000    	  3734.0000    	-0.13141617E-01	 0.22107137E-04
  3734.0000    	  3735.0000    	-0.10993346E-01	 0.20263931E-04
  3735.0000    	  3736.0000    	-0.88951273E-02	 0.18252098E-04
  3736.0000    	  3737.0000    	-0.68949648E-02	 0.16051548E-04
  3737.0000    	  3738.0000    	-0.51166482E-02	 0.13678379E-04
  3738.0000    	  3739.0000    	-0.36151797E-02	 0.11217372E-04
  3739.0000    	  3740.0000    	-0.23920397E-02	 0.87384566E-05
  3740.0000    	  3741.0000    	-0.18592813E-01	 0.26717866E-04
  3741.0000    	  3742.0000    	-0.17930051E-01	 0.25510127E-04
  3742.0000    	  3743.0000    	-0.16686066E-01	 0.24445473E-04
  3743.0000    	  3744.0000    	-0.14996082E-01	 0.23394865E-04
  3744.0000    	  3745.0000    	-0.12986895E-01	 0.21942030E-04
  3745.0000    	  3746.0000    	-0.10895158E-01	 0.20164570E-04
  3746.0000    	  3747.0000    	-0.87671683E-02	 0.18133808E-04
  3747.0000    	  3748.0000    	-0.67976489E-02	 0.15912670E-04
  3748.0000    	  3749.0000    	-0.50674889E-02	 0.13632068E-04
  3749.0000    	  3750.0000    	-0.35666128E-02	 0.11167691E-04
  3750.0000    	  3751.0000    	-0.23722094E-02	 0.87180884E-05
  3751.0000    	  3752.0000    	-0.18397666E-01	 0.26515150E-04
  3752.0000    	  3753.0000    	-0.17761000E-01	 0.25333634E-04
  3753.0000    	  3754.0000    	-0.16507022E-01	 0.24269205E-04
  3754.0000    	  3755.0000    	-0.14852322E-01	 0.23267204E-04
  3755.0000    	  3756.0000    	-0.12878294E-01	 0.21855313E-04
  3756.0000    	  3757.0000    	-0.10755964E-01	 0.20029457E-04
  3757.0000    	  3758.0000    	-0.86793078E-02	 0.18042477E-04
  3758.0000    	  3759.0000    	-0.67497240E-02	 0.15871248E-04
  3759.0000    	  3760.0000    	-0.50205862E-02	 0.13586057E-04
  3760.0000    	  3761.0000    	-0.35392714E-02	 0.11129221E-04
  3761.0000    	  3762.0000    	-0.22996815E-02	 0.85938166E-05
  3762.0000    	  3763.0000    	-0.18229867E-01	 0.26315819E-04
  3763.0000    	  3764.0000    	-0.17558304E-01	 0.25127839E-04
  3764.0000    	  3765.0000    	-0.16355721E-01	 0.24108729E-04
  3765.0000    	  3766.0000    	-0.14678260E-01	 0.23095131E-04
  3766.0000    	  3767.0000    	-0.12725314E-01	 0.21696009E-04
  3767.0000    	  3768.0000    	-0.10632431E-01	 0.19909815E-04
  3768.0000    	  3769.0000    	-0.86102124E-02	 0.17949819E-04
  3769.0000    	  3770.0000    	-0.66648237E-02	 0.15759473E-04
  3770.0000    	  3771.0000    	-0.49383252E-02	 0.13428500E-04
  3771.0000    	  3772.0000    	-0.34665191E-02	 0.10965332E-04
  3772.0000    	  3773.0000    	-0.23094342E-02	 0.86100152E-05
  3773.0000    	  3774.0000    	-0.18060269E-01	 0.26118934E-04
  3774.0000    	  3775.0000    	-0.17405399E-01	 0.24975572E-04
  3775.0000    	  3776.0000    	-0.16189696E-01	 0.23952748E-04
  3776.0000    	  3777.0000    	-0.14518547E-01	 0.22920547E-04
  3777.0000    	  3778.0000    	-0.12601653E-01	 0.21581566E-04
  3778.0000    	  3779.0000    	-0.10544588E-01	 0.19832495E-04
  3779.0000    	  3780.0000    	-0.85186459E-02	 0.17869701E-04
  3780.0000    	  3781.0000    	-0.66071199E-02	 0.15720626E-04
  3781.0000    	  3782.0000    	-0.48994437E-02	 0.13371281E-04
  3782.0000    	  3783.0000    	-0.34429738E-02	 0.10910658E-04
  3783.0000    	  3784.0000    	-0.22587935E-02	 0.84843274E-05
  3784.0000    	  3785.0000    	-0.17846044E-01	 0.25893036E-04
  3785.0000    	  3786.0000    	-0.17240729E-01	 0.24807949E-04
  3786.0000    	  3787.0000    	-0.16035681E-01	 0.23803089E-04
  3787.0000    	  3788.0000    	-0.14400587E-01	 0.22829725E-04
  3788.0000    	  3789.0000    	-0.12460906E-01	 0.21429038E-04
  3789.0000    	  3790.0000    	-0.10445366E-01	 0.19728448E-04
  3790.0000    	  3791.0000    	-0.84133983E-02	 0.17751491E-04
  3791.0000    	  3792.0000    	-0.65235408E-02	 0.15638445E-04
  3792.0000    	  3793.0000    	-0.48402597E-02	 0.13287418E-04
  3793.0000    	  3794.0000    	-0.33913029E-02	 0.10813231E-04
  3794.0000    	  3795.0000    	-0.22574789E-02	 0.84724126E-05
  3795.0000    	  3796.0000    	-0.17702271E-01	 0.25766179E-04
  3796.0000    	  3797.0000    	-0.17030543E-01	 0.24592315E-04
  3797.0000    	  3798.0000    	-0.15880956E-01	 0.23659436E-04
  3798.0000    	  3799.0000    	-0.14251124E-01	 0.22690564E-04
  3799.0000    	  3800.0000    	-0.12326099E-01	 0.21292096E-04
  3800.0000    	  3801.0000    	-0.10309845E-01	 0.19574108E-04
  3801.0000    	  3802.0000    	-0.83202390E-02	 0.17646663E-04
  3802.0000    	  3803.0000    	-0.64543503E-02	 0.15516746E-04
  3803.0000    	  3804.0000    	-0.47906809E-02	 0.13213578E-04
  3804.0000    	  3805.0000    	-0.33753131E-02	 0.10804395E-04
  3805.0000    	  3806.0000    	-0.21828151E-02	 0.83397459E-05
  3806.0000    	  3807.0000    	-0.17492283E-01	 0.25555423E-04
  3807.0000    	  3808.0000    	-0.16894037E-01	 0.24477647E-04
  3808.0000    	  3809.0000    	-0.15712097E-01	 0.23472629E-04
  3809.0000    	  3810.0000    	-0.14117245E-01	 0.22576183E-04
  3810.0000    	  3811.0000    	-0.12237161E-01	 0.21244411E-04
  3811.0000    	  3812.0000    	-0.10230538E-01	 0.19501168E-04
  3812.0000    	  3813.0000    	-0.82491677E-02	 0.17591349E-04
  3813.0000    	  3814.0000    	-0.64058883E-02	 0.15479070E-04
  3814.0000    	  3815.0000    	-0.47202569E-02	 0.13113228E-04
  3815.0000    	  3816.0000    	-0.33364918E-02	 0.11217000E-04
  3816.0000    	  3817.0000    	-0.22161707E-02	 0.84017829E-05
  3817.0000    	  3818.0000    	-0.17337286E-01	 0.25364236E-04
  3818.0000    	  3819.0000    	-0.16707451E-01	 0.24271556E-04
  3819.0000    	  3820.0000    	-0.15562840E-01	 0.23330850E-04
  3820.0000    	  3821.0000    	-0.13911030E-01	 0.22352046E-04
  3821.0000    	  3822.0000    	-0.12123143E-01	 0.21111407E-04
  3822.0000    	  3823.0000    	-0.10123144E-01	 0.19426266E-04
  3823.0000    	  3824.0000    	-0.81361201E-02	 0.17425454E-04
  3824.0000    	  3825.0000    	-0.63176228E-02	 0.15345476E-04
  3825.0000    	  3826.0000    	-0.46970141E-02	 0.13055051E-04
  3826.0000    	  3827.0000    	-0.32895519E-02	 0.10627305E-04
  3827.0000    	  3828.0000    	-0.21726575E-02	 0.83179069E-05
  3828.0000    	  3829.0000    	-0.17173007E-01	 0.25192257E-04
  3829.0000    	  3830.0000    	-0.16545633E-01	 0.24103727E-04
  3830.0000    	  3831.0000    	-0.15403674E-01	 0.23192238E-04
  3831.0000    	  3832.0000    	-0.13865805E-01	 0.22310188E-04
  3832.0000    	  3833.0000    	-0.11954299E-01	 0.20955265E-04
  3833.0000    	  3834.0000    	-0.10020217E-01	 0.19299094E-04
  3834.0000    	  3835.0000    	-0.80722182E-02	 0.17394807E-04
  3835.0000    	  3836.0000    	-0.62561199E-02	 0.15288382E-04
  3836.0000    	  3837.0000    	-0.46263161E-02	 0.12979676E-04
  3837.0000    	  3838.0000    	-0.32519488E-02	 0.10582980E-04
  3838.0000    	  3839.0000    	-0.21697257E-02	 0.83014278E-05
  3839.0000    	  3840.0000    	-0.16979573E-01	 0.24963824E-04
  3840.0000    	  3841.0000    	-0.16400434E-01	 0.24012203E-04
  3841.0000    	  3842.0000    	-0.15270456E-01	 0.23067591E-04
  3842.0000    	  3843.0000    	-0.13692985E-01	 0.22150008E-04
  3843.0000    	  3844.0000    	-0.11827758E-01	 0.20840244E-04
  3844.0000    	  3845.0000    	-0.99415991E-02	 0.19227597E-04
  3845.0000    	  3846.0000    	-0.80023093E-02	 0.17330065E-04
  3846.0000    	  3847.0000    	-0.61899070E-02	 0.15207835E-04
  3847.0000    	  3848.0000    	-0.45931714E-02	 0.12939202E-04
  3848.0000    	  3849.0000    	-0.32158696E-02	 0.10506397E-04
  3849.0000    	  3850.0000    	-0.21280290E-02	 0.82034541E-05
  3850.0000    	  3851.0000    	-0.16792674E-01	 0.24809271E-04
  3851.0000    	  3852.0000    	-0.16224634E-01	 0.23777708E-04
  3852.0000    	  3853.0000    	-0.15080720E-01	 0.22891735E-04
  3853.0000    	  3854.0000    	-0.13532561E-01	 0.21983556E-04
  3854.0000    	  3855.0000    	-0.11750788E-01	 0.20772246E-04
  3855.0000    	  3856.0000    	-0.98093129E-02	 0.19110606E-04
  3856.0000    	  3857.0000    	-0.79272491E-02	 0.17235987E-04
  3857.0000    	  3858.0000    	-0.61202123E-02	 0.15118302E-04
  3858.0000    	  3859.0000    	-0.45349072E-02	 0.12828148E-04
  3859.0000    	  3860.0000    	-0.31783468E-02	 0.10451543E-04
  3860.0000    	  3861.0000    	-0.21081084E-02	 0.81718770E-05
  3861.0000    	  3862.0000    	-0.16668003E-01	 0.24675762E-04
  3862.0000    	  3863.0000    	-0.16075338E-01	 0.23633891E-04
  3863.0000    	  3864.0000    	-0.14953865E-01	 0.22757908E-04
  3864.0000    	  3865.0000    	-0.13411331E-01	 0.21879628E-04
  3865.0000    	  3866.0000    	-0.11627945E-01	 0.20665283E-04
  3866.0000    	  3867.0000    	-0.97162749E-02	 0.19017328E-04
  3867.0000    	  3868.0000    	-0.78031832E-02	 0.17095406E-04
  3868.0000    	  3869.0000    	-0.60816555E-02	 0.15061603E-04
  3869.0000    	  3870.0000    	-0.44902756E-02	 0.12774550E-04
  3870.0000    	  3871.0000    	-0.31113422E-02	 0.10311692E-04
  3871.0000    	  3872.0000    	-0.20826473E-02	 0.81157730E-05
  3872.0000    	  3873.0000    	-0.16524671E-01	 0.24520745E-04
  3873.0000    	  3874.0000    	-0.15888705E-01	 0.23450006E-04
  3874.0000    	  3875.0000    	-0.14825484E-01	 0.22632503E-04
  3875.0000    	  3876.0000    	-0.13269384E-01	 0.21757270E-04
  3876.0000    	  3877.0000    	-0.11511217E-01	 0.20527559E-04
  3877.0000    	  3878.0000    	-0.96174097E-02	 0.18915423E-04
  3878.0000    	  3879.0000    	-0.77750550E-02	 0.17078204E-04
  3879.0000    	  3880.0000    	-0.59818374E-02	 0.14943124E-04
  3880.0000    	  3881.0000    	-0.44305712E-02	 0.12675382E-04
  3881.0000    	  3882.0000    	-0.30951597E-02	 0.10278244E-04
  3882.0000    	  3883.0000    	-0.20649438E-02	 0.80735294E-05
  3883.0000    	  3884.0000    	-0.16365626E-01	 0.24389312E-04
  3884.0000    	  3885.0000    	-0.15752588E-01	 0.23326014E-04
  3885.0000    	  3886.0000    	-0.14621397E-01	 0.22431763E-04
  3886.0000    	  3887.0000    	-0.13164077E-01	 0.21644467E-04
  3887.0000    	  3888.0000    	-0.11389934E-01	 0.20431771E-04
  3888.0000    	  3889.0000    	-0.94915008E-02	 0.18765250E-04
  3889.0000    	  3890.0000    	-0.76505971E-02	 0.16955265E-04
  3890.0000    	  3891.0000    	-0.59415790E-02	 0.14885518E-04
  3891.0000    	  3892.0000    	-0.43863484E-02	 0.12607464E-04
  3892.0000    	  3893.0000    	-0.30866491E-02	 0.10268598E-04
  3893.0000    	  3894.0000    	-0.20453304E-02	 0.80361191E-05
  3894.0000    	  3895.0000    	-0.16192254E-01	 0.24181918E-04
  3895.0000    	  3896.0000    	-0.15586745E-01	 0.23153097E-04
  3896.0000    	  3897.0000    	-0.14522711E-01	 0.22356095E-04
  3897.0000    	  3898.0000    	-0.13017402E-01	 0.21509947E-04
  3898.0000    	  3899.0000    	-0.11258101E-01	 0.20292829E-04
  3899.0000    	  3900.0000    	-0.94268011E-02	 0.18720581E-04
  3900.0000    	  3901.0000    	-0.75752797E-02	 0.16838344E-04
  3901.0000    	  3902.0000    	-0.58678045E-02	 0.14807970E-04
  3902.0000    	  3903.0000    	-0.43558609E-02	 0.12578102E-04
  3903.0000    	  3904.0000    	-0.30408019E-02	 0.10192749E-04
  3904.0000    	  3905.0000    	-0.20055558E-02	 0.79535054E-05
  3905.0000    	  3906.0000    	-0.16029616E-01	 0.24021973E-04
  3906.0000    	  3907.0000    	-0.15425855E-01	 0.22990392E-04
  3907.0000    	  3908.0000    	-0.14375439E-01	 0.22219671E-04
  3908.0000    	  3909.0000    	-0.12915815E-01	 0.21440975E-04
  3909.0000    	  3910.0000    	-0.11205690E-01	 0.20272868E-04
  3910.0000    	  3911.0000    	-0.93120720E-02	 0.18618445E-04
  3911.0000    	  3912.0000    	-0.75237851E-02	 0.16816289E-04
  3912.0000    	  3913.0000    	-0.58267447E-02	 0.14751451E-04
  3913.0000    	  3914.0000    	-0.40136224E-02	 0.12051869E-04
  3914.0000    	  3915.0000    	-0.29976570E-02	 0.10084309E-04
  3915.0000    	  3916.0000    	-0.19924341E-02	 0.79334558E-05
  3916.0000    	  3917.0000    	-0.15878165E-01	 0.23867960E-04
  3917.0000    	  3918.0000    	-0.15317912E-01	 0.22900015E-04
  3918.0000    	  3919.0000    	-0.14198830E-01	 0.22051889E-04
  3919.0000    	  3920.0000    	-0.12763108E-01	 0.21276944E-04
  3920.0000    	  3921.0000    	-0.11044094E-01	 0.20100153E-04
  3921.0000    	  3922.0000    	-0.92410578E-02	 0.18564152E-04
  3922.0000    	  3923.0000    	-0.74366430E-02	 0.16722554E-04
  3923.0000    	  3924.0000    	-0.57531137E-02	 0.14638521E-04
  3924.0000    	  3925.0000    	-0.42393941E-02	 0.12400746E-04
  3925.0000    	  3926.0000    	-0.29787622E-02	 0.10071738E-04
  3926.0000    	  3927.0000    	-0.19340286E-02	 0.78066887E-05
  3927.0000    	  3928.0000    	-0.15694216E-01	 0.23655047E-04
  3928.0000    	  3929.0000    	-0.15125000E-01	 0.22729170E-04
  3929.0000    	  3930.0000    	-0.14121329E-01	 0.21986002E-04
  3930.0000    	  3931.0000    	-0.12635897E-01	 0.21173137E-04
  3931.0000    	  3932.0000    	-0.10947543E-01	 0.20005082E-04
  3932.0000    	  3933.0000    	-0.91428149E-02	 0.18431302E-04
  3933.0000    	  3934.0000    	-0.73616014E-02	 0.16635108E-04
  3934.0000    	  3935.0000    	-0.56815224E-02	 0.14560865E-04
  3935.0000    	  3936.0000    	-0.42161788E-02	 0.12363313E-04
  3936.0000    	  3937.0000    	-0.29528511E-02	 0.10025849E-04
  3937.0000    	  3938.0000    	-0.19477795E-02	 0.78284648E-05
  3938.0000    	  3939.0000    	-0.15560763E-01	 0.23538927E-04
  3939.0000    	  3940.0000    	-0.15010806E-01	 0.22589391E-04
  3940.0000    	  3941.0000    	-0.13947309E-01	 0.21824468E-04
  3941.0000    	  3942.0000    	-0.12529024E-01	 0.21083958E-04
  3942.0000    	  3943.0000    	-0.10828443E-01	 0.19894205E-04
  3943.0000    	  3944.0000    	-0.90617948E-02	 0.18395409E-04
  3944.0000    	  3945.0000    	-0.72833985E-02	 0.16523821E-04
  3945.0000    	  3946.0000    	-0.56187025E-02	 0.14467269E-04
  3946.0000    	  3947.0000    	-0.41696166E-02	 0.12273665E-04
  3947.0000    	  3948.0000    	-0.28674731E-02	 0.98410560E-05
  3948.0000    	  3949.0000    	-0.18577549E-02	 0.76317292E-05
  3949.0000    	  3950.0000    	-0.15392768E-01	 0.23360699E-04
  3950.0000    	  3951.0000    	-0.14843494E-01	 0.22442044E-04
  3951.0000    	  3952.0000    	-0.13802917E-01	 0.21670284E-04
  3952.0000    	  3953.0000    	-0.12392715E-01	 0.20941268E-04
  3953.0000    	  3954.0000    	-0.10725673E-01	 0.19827324E-04
  3954.0000    	  3955.0000    	-0.89408500E-02	 0.18256107E-04
  3955.0000    	  3956.0000    	-0.72157477E-02	 0.16480922E-04
  3956.0000    	  3957.0000    	-0.55780346E-02	 0.14425214E-04
  3957.0000    	  3958.0000    	-0.41137821E-02	 0.12183517E-04
  3958.0000    	  3959.0000    	-0.28820263E-02	 0.98790722E-05
  3959.0000    	  3960.0000    	-0.18961340E-02	 0.77060780E-05
  3960.0000    	  3961.0000    	-0.15292600E-01	 0.23290681E-04
  3961.0000    	  3962.0000    	-0.14715499E-01	 0.22315254E-04
  3962.0000    	  3963.0000    	-0.13689973E-01	 0.21723293E-04
  3963.0000    	  3964.0000    	-0.12300088E-01	 0.20894749E-04
  3964.0000    	  3965.0000    	-0.10640372E-01	 0.19731558E-04
  3965.0000    	  3966.0000    	-0.88771399E-02	 0.18204174E-04
  3966.0000    	  3967.0000    	-0.71378581E-02	 0.16387377E-04
  3967.0000    	  3968.0000    	-0.55332990E-02	 0.14372009E-04
  3968.0000    	  3969.0000    	-0.40759104E-02	 0.12133809E-04
  3969.0000    	  3970.0000    	-0.28089733E-02	 0.97901321E-05
  3970.0000    	  3971.0000    	-0.18397331E-02	 0.79132790E-05
  3971.0000    	  3972.0000    	-0.15113261E-01	 0.23075254E-04
  3972.0000    	  3973.0000    	-0.14586845E-01	 0.22196643E-04
  3973.0000    	  3974.0000    	-0.13533894E-01	 0.21471349E-04
  3974.0000    	  3975.0000    	-0.12123523E-01	 0.20690442E-04
  3975.0000    	  3976.0000    	-0.10527938E-01	 0.19640587E-04
  3976.0000    	  3977.0000    	-0.87797936E-02	 0.18108053E-04
  3977.0000    	  3978.0000    	-0.70604298E-02	 0.16289320E-04
  3978.0000    	  3979.0000    	-0.54618990E-02	 0.14260110E-04
  3979.0000    	  3980.0000    	-0.40203986E-02	 0.12067699E-04
  3980.0000    	  3981.0000    	-0.28202252E-02	 0.97568707E-05
  3981.0000    	  3982.0000    	-0.18708098E-02	 0.76623626E-05
  3982.0000    	  3983.0000    	-0.14962956E-01	 0.22920132E-04
  3983.0000    	  3984.0000    	-0.14443610E-01	 0.22054183E-04
  3984.0000    	  3985.0000    	-0.13400819E-01	 0.21318301E-04
  3985.0000    	  3986.0000    	-0.12060185E-01	 0.20666499E-04
  3986.0000    	  3987.0000    	-0.10407191E-01	 0.19514008E-04
  3987.0000    	  3988.0000    	-0.87049867E-02	 0.18026768E-04
  3988.0000    	  3989.0000    	-0.69893100E-02	 0.16238852E-04
  3989.0000    	  3990.0000    	-0.54180093E-02	 0.14224223E-04
  3990.0000    	  3991.0000    	-0.39959085E-02	 0.12022838E-04
  3991.0000    	  3992.0000    	-0.27811815E-02	 0.96850401E-05
  3992.0000    	  3993.0000    	-0.18370766E-02	 0.75904212E-05
  3993.0000    	  3994.0000    	-0.14816541E-01	 0.22780977E-04
  3994.0000    	  3995.0000    	-0.14285376E-01	 0.21941532E-04
  3995.0000    	  3996.0000    	-0.13308402E-01	 0.21260755E-04
  3996.0000    	  3997.0000    	-0.11912334E-01	 0.20673350E-04
  3997.0000    	  3998.0000    	-0.10309931E-01	 0.19418155E-04
  3998.0000    	  3999.0000    	-0.86065198E-02	 0.17941424E-04
  3999.0000    	  4000.0000    	-0.69311325E-02	 0.16166186E-04
  4000.0000    	  4001.0000    	-0.53527308E-02	 0.14115201E-04
  4001.0000    	  4002.0000    	-0.39510652E-02	 0.11916136E-04
  4002.0000    	  4003.0000    	-0.27513571E-02	 0.96287278E-05
  4003.0000    	  4004.0000    	-0.18241392E-02	 0.75564606E-05
  4004.0000    	  4005.0000    	-0.14669398E-01	 0.22637987E-04
  4005.0000    	  4006.0000    	-0.14166992E-01	 0.21815258E-04
  4006.0000    	  4007.0000    	-0.13151095E-01	 0.21109885E-04
  4007.0000    	  4008.0000    	-0.11809860E-01	 0.20482610E-04
  4008.0000    	  4009.0000    	-0.10210894E-01	 0.19340210E-04
  4009.0000    	  4010.0000    	-0.85209143E-02	 0.17822025E-04
  4010.0000    	  4011.0000    	-0.68656222E-02	 0.16169654E-04
  4011.0000    	  4012.0000    	-0.53000995E-02	 0.14059218E-04
  4012.0000    	  4013.0000    	-0.38786810E-02	 0.11798646E-04
  4013.0000    	  4014.0000    	-0.27194574E-02	 0.95574954E-05
  4014.0000    	  4015.0000    	-0.18051141E-02	 0.75477667E-05
  4015.0000    	  4016.0000    	-0.14552132E-01	 0.22514515E-04
  4016.0000    	  4017.0000    	-0.14026551E-01	 0.21687449E-04
  4017.0000    	  4018.0000    	-0.13021244E-01	 0.20985552E-04
  4018.0000    	  4019.0000    	-0.11696846E-01	 0.20328359E-04
  4019.0000    	  4020.0000    	-0.10131924E-01	 0.19266706E-04
  4020.0000    	  4021.0000    	-0.84301877E-02	 0.17790095E-04
  4021.0000    	  4022.0000    	-0.67881292E-02	 0.15988053E-04
  4022.0000    	  4023.0000    	-0.52419829E-02	 0.13978084E-04
  4023.0000    	  4024.0000    	-0.38706181E-02	 0.11790372E-04
  4024.0000    	  4025.0000    	-0.26546735E-02	 0.94372153E-05
  4025.0000    	  4026.0000    	-0.17812714E-02	 0.74618424E-05
  4026.0000    	  4027.0000    	-0.14386369E-01	 0.22362902E-04
  4027.0000    	  4028.0000    	-0.13893997E-01	 0.21565724E-04
  4028.0000    	  4029.0000    	-0.12904400E-01	 0.20900684E-04
  4029.0000    	  4030.0000    	-0.11563355E-01	 0.20212974E-04
  4030.0000    	  4031.0000    	-0.10029817E-01	 0.19212665E-04
  4031.0000    	  4032.0000    	-0.83472435E-02	 0.17657291E-04
  4032.0000    	  4033.0000    	-0.67290562E-02	 0.15929181E-04
  4033.0000    	  4034.0000    	-0.51632834E-02	 0.13855182E-04
  4034.0000    	  4035.0000    	-0.38216985E-02	 0.11710318E-04
  4035.0000    	  4036.0000    	-0.26682338E-02	 0.94637276E-05
  4036.0000    	  4037.0000    	-0.17708763E-02	 0.74182005E-05
  4037.0000    	  4038.0000    	-0.14254738E-01	 0.22207256E-04
  4038.0000    	  4039.0000    	-0.13772100E-01	 0.21417800E-04
  4039.0000    	  4040.0000    	-0.12788641E-01	 0.20809206E-04
  4040.0000    	  4041.0000    	-0.11467750E-01	 0.20129460E-04
  4041.0000    	  4042.0000    	-0.98881669E-02	 0.19026504E-04
  4042.0000    	  4043.0000    	-0.82690029E-02	 0.17610535E-04
  4043.0000    	  4044.0000    	-0.66502637E-02	 0.15836950E-04
  4044.0000    	  4045.0000    	-0.51471199E-02	 0.13847956E-04
  4045.0000    	  4046.0000    	-0.38010528E-02	 0.11710359E-04
  4046.0000    	  4047.0000    	-0.26380251E-02	 0.94154694E-05
  4047.0000    	  4048.0000    	-0.17457775E-02	 0.73608824E-05
  4048.0000    	  4049.0000    	-0.14109855E-01	 0.22074621E-04
  4049.0000    	  4050.0000    	-0.13607776E-01	 0.21312032E-04
  4050.0000    	  4051.0000    	-0.12664165E-01	 0.20693371E-04
  4051.0000    	  4052.0000    	-0.11356232E-01	 0.20037341E-04
  4052.0000    	  4053.0000    	-0.98275081E-02	 0.18987470E-04
  4053.0000    	  4054.0000    	-0.82185584E-02	 0.17551693E-04
  4054.0000    	  4055.0000    	-0.65731160E-02	 0.15729370E-04
  4055.0000    	  4056.0000    	-0.50805773E-02	 0.13748481E-04
  4056.0000    	  4057.0000    	-0.37404628E-02	 0.11585114E-04
  4057.0000    	  4058.0000    	-0.23331022E-02	 0.88201877E-05
  4058.0000    	  4059.0000    	-0.17206388E-02	 0.73029337E-05
  4059.0000    	  4060.0000    	-0.13983563E-01	 0.21948905E-04
  4060.0000    	  4061.0000    	-0.13489229E-01	 0.21194081E-04
  4061.0000    	  4062.0000    	-0.12559388E-01	 0.20615106E-04
  4062.0000    	  4063.0000    	-0.11242386E-01	 0.19932920E-04
  4063.0000    	  4064.0000    	-0.97169654E-02	 0.18865266E-04
  4064.0000    	  4065.0000    	-0.81208562E-02	 0.18071939E-04
  4065.0000    	  4066.0000    	-0.65133841E-02	 0.15700669E-04
  4066.0000    	  4067.0000    	-0.50213924E-02	 0.13658108E-04
  4067.0000    	  4068.0000    	-0.37034715E-02	 0.11506048E-04
  4068.0000    	  4069.0000    	-0.25651077E-02	 0.92517266E-05
  4069.0000    	  4070.0000    	-0.13540984E-02	 0.64694551E-05
  4070.0000    	  4071.0000    	-0.13866487E-01	 0.21870743E-04
  4071.0000    	  4072.0000    	-0.13378023E-01	 0.21100318E-04
  4072.0000    	  4073.0000    	-0.12406314E-01	 0.20475793E-04
  4073.0000    	  4074.0000    	-0.11124898E-01	 0.19839000E-04
  4074.0000    	  4075.0000    	-0.96228658E-02	 0.18801223E-04
  4075.0000    	  4076.0000    	-0.80177681E-02	 0.17333754E-04
  4076.0000    	  4077.0000    	-0.64624978E-02	 0.15609062E-04
  4077.0000    	  4078.0000    	-0.49675982E-02	 0.13568337E-04
  4078.0000    	  4079.0000    	-0.36840439E-02	 0.11490406E-04
  4079.0000    	  4080.0000    	-0.25460844E-02	 0.92113346E-05
  4080.0000    	  4081.0000    	-0.16896478E-02	 0.72223375E-05
  4081.0000    	  4082.0000    	-0.13723462E-01	 0.21716509E-04
  4082.0000    	  4083.0000    	-0.13251916E-01	 0.20993246E-04
  4083.0000    	  4084.0000    	-0.12305110E-01	 0.20397847E-04
  4084.0000    	  4085.0000    	-0.11026726E-01	 0.19758785E-04
  4085.0000    	  4086.0000    	-0.95521198E-02	 0.18740965E-04
  4086.0000    	  4087.0000    	-0.79637280E-02	 0.17304128E-04
  4087.0000    	  4088.0000    	-0.63752945E-02	 0.15512930E-04
  4088.0000    	  4089.0000    	-0.49495157E-02	 0.13571051E-04
  4089.0000    	  4090.0000    	-0.35480026E-02	 0.11271498E-04
  4090.0000    	  4091.0000    	-0.25063134E-02	 0.91309313E-05
  4091.0000    	  4092.0000    	-0.16611080E-02	 0.71655716E-05
  4092.0000    	  4093.0000    	-0.13585133E-01	 0.21567389E-04
  4093.0000    	  4094.0000    	-0.13108577E-01	 0.20862871E-04
  4094.0000    	  4095.0000    	-0.12221773E-01	 0.20345349E-04
  4095.0000    	  4096.0000    	-0.10941967E-01	 0.19693021E-04
  4096.0000    	  4097.0000    	-0.94195230E-02	 0.18607146E-04
  4097.0000    	  4098.0000    	-0.78638777E-02	 0.17202558E-04
  4098.0000    	  4099.0000    	-0.63364097E-02	 0.15464020E-04
  4099.0000    	  4100.0000    	-0.48896612E-02	 0.13483249E-04
  4100.0000    	  4101.0000    	-0.36020650E-02	 0.11371587E-04
  4101.0000    	  4102.0000    	-0.24992789E-02	 0.91356963E-05
  4102.0000    	  4103.0000    	-0.16503297E-02	 0.71310161E-05
  4103.0000    	  4104.0000    	-0.13494396E-01	 0.21544710E-04
  4104.0000    	  4105.0000    	-0.12976119E-01	 0.20754594E-04
  4105.0000    	  4106.0000    	-0.12041782E-01	 0.20167532E-04
  4106.0000    	  4107.0000    	-0.10823838E-01	 0.19591707E-04
  4107.0000    	  4108.0000    	-0.93427966E-02	 0.18538275E-04
  4108.0000    	  4109.0000    	-0.78084076E-02	 0.17134266E-04
  4109.0000    	  4110.0000    	-0.62695626E-02	 0.15390662E-04
  4110.0000    	  4111.0000    	-0.48347456E-02	 0.13440723E-04
  4111.0000    	  4112.0000    	-0.35720856E-02	 0.11292900E-04
  4112.0000    	  4113.0000    	-0.24739359E-02	 0.90575371E-05
  4113.0000    	  4114.0000    	-0.16346973E-02	 0.71150749E-05
  4114.0000    	  4115.0000    	-0.13319466E-01	 0.21350601E-04
  4115.0000    	  4116.0000    	-0.12865915E-01	 0.20676521E-04
  4116.0000    	  4117.0000    	-0.11979261E-01	 0.20114068E-04
  4117.0000    	  4118.0000    	-0.10713032E-01	 0.19479676E-04
  4118.0000    	  4119.0000    	-0.93044135E-02	 0.18545240E-04
  4119.0000    	  4120.0000    	-0.76497534E-02	 0.16967007E-04
  4120.0000    	  4121.0000    	-0.62060367E-02	 0.15302903E-04
  4121.0000    	  4122.0000    	-0.47824036E-02	 0.13327546E-04
  4122.0000    	  4123.0000    	-0.35143688E-02	 0.11188697E-04
  4123.0000    	  4124.0000    	-0.24522161E-02	 0.90184734E-05
  4124.0000    	  4125.0000    	-0.16124630E-02	 0.70484221E-05
  4125.0000    	  4126.0000    	-0.13240818E-01	 0.21267647E-04
  4126.0000    	  4127.0000    	-0.12721141E-01	 0.20551818E-04
  4127.0000    	  4128.0000    	-0.11833714E-01	 0.20007241E-04
  4128.0000    	  4129.0000    	-0.10605094E-01	 0.19397411E-04
  4129.0000    	  4130.0000    	-0.91572091E-02	 0.18391571E-04
  4130.0000    	  4131.0000    	-0.76728465E-02	 0.17019427E-04
  4131.0000    	  4132.0000    	-0.61367842E-02	 0.15213738E-04
  4132.0000    	  4133.0000    	-0.47455771E-02	 0.13306566E-04
  4133.0000    	  4134.0000    	-0.34585068E-02	 0.11085698E-04
  4134.0000    	  4135.0000    	-0.24154567E-02	 0.89393603E-05
  4135.0000    	  4136.0000    	-0.16017668E-02	 0.70290722E-05
  4136.0000    	  4137.0000    	-0.13098507E-01	 0.21147340E-04
  4137.0000    	  4138.0000    	-0.12618051E-01	 0.20468759E-04
  4138.0000    	  4139.0000    	-0.11750834E-01	 0.19944251E-04
  4139.0000    	  4140.0000    	-0.10533114E-01	 0.19553367E-04
  4140.0000    	  4141.0000    	-0.90622812E-02	 0.18282476E-04
  4141.0000    	  4142.0000    	-0.75714292E-02	 0.16901355E-04
  4142.0000    	  4143.0000    	-0.60903659E-02	 0.15169523E-04
  4143.0000    	  4144.0000    	-0.46877882E-02	 0.13180560E-04
  4144.0000    	  4145.0000    	-0.34504216E-02	 0.11085442E-04
  4145.0000    	  4146.0000    	-0.23945295E-02	 0.89070104E-05
  4146.0000    	  4147.0000    	-0.15721037E-02	 0.69469282E-05
  4147.0000    	  4148.0000    	-0.12956490E-01	 0.21035955E-04
  4148.0000    	  4149.0000    	-0.12508630E-01	 0.20360642E-04
  4149.0000    	  4150.0000    	-0.11614112E-01	 0.19848849E-04
  4150.0000    	  4151.0000    	-0.10383825E-01	 0.19209990E-04
  4151.0000    	  4152.0000    	-0.90162749E-02	 0.18271817E-04
  4152.0000    	  4153.0000    	-0.75152096E-02	 0.16836799E-04
  4153.0000    	  4154.0000    	-0.60392600E-02	 0.15109481E-04
  4154.0000    	  4155.0000    	-0.46472985E-02	 0.13133810E-04
  4155.0000    	  4156.0000    	-0.34194885E-02	 0.11018697E-04
  4156.0000    	  4157.0000    	-0.23668970E-02	 0.88430741E-05
  4157.0000    	  4158.0000    	-0.15728008E-02	 0.69709406E-05
  4158.0000    	  4159.0000    	-0.12848052E-01	 0.20954025E-04
  4159.0000    	  4160.0000    	-0.12388139E-01	 0.20282347E-04
  4160.0000    	  4161.0000    	-0.11496883E-01	 0.19731129E-04
  4161.0000    	  4162.0000    	-0.10315369E-01	 0.19152197E-04
  4162.0000    	  4163.0000    	-0.89324898E-02	 0.18220593E-04
  4163.0000    	  4164.0000    	-0.74220225E-02	 0.16727815E-04
  4164.0000    	  4165.0000    	-0.59450862E-02	 0.14977419E-04
  4165.0000    	  4166.0000    	-0.46039237E-02	 0.13066603E-04
  4166.0000    	  4167.0000    	-0.33747498E-02	 0.10946458E-04
  4167.0000    	  4168.0000    	-0.23347008E-02	 0.87760695E-05
  4168.0000    	  4169.0000    	-0.15536573E-02	 0.69015923E-05
  4169.0000    	  4170.0000    	-0.12757384E-01	 0.20889603E-04
  4170.0000    	  4171.0000    	-0.12261296E-01	 0.20222874E-04
  4171.0000    	  4172.0000    	-0.11429723E-01	 0.19692923E-04
  4172.0000    	  4173.0000    	-0.10220858E-01	 0.19080191E-04
  4173.0000    	  4174.0000    	-0.88353562E-02	 0.18115260E-04
  4174.0000    	  4175.0000    	-0.73742316E-02	 0.16694762E-04
  4175.0000    	  4176.0000    	-0.59040862E-02	 0.14922859E-04
  4176.0000    	  4177.0000    	-0.45559365E-02	 0.13003062E-04
  4177.0000    	  4178.0000    	-0.33461314E-02	 0.10892021E-04
  4178.0000    	  4179.0000    	-0.23128350E-02	 0.87300782E-05
  4179.0000    	  4180.0000    	-0.15411988E-02	 0.68952484E-05
  4180.0000    	  4181.0000    	-0.12599437E-01	 0.20760446E-04
  4181.0000    	  4182.0000    	-0.12128321E-01	 0.20083435E-04
  4182.0000    	  4183.0000    	-0.11284239E-01	 0.19609198E-04
  4183.0000    	  4184.0000    	-0.10123314E-01	 0.19013272E-04
  4184.0000    	  4185.0000    	-0.87591429E-02	 0.18030705E-04
  4185.0000    	  4186.0000    	-0.72829870E-02	 0.16586444E-04
  4186.0000    	  4187.0000    	-0.58439089E-02	 0.14843319E-04
  4187.0000    	  4188.0000    	-0.45050682E-02	 0.12890815E-04
  4188.0000    	  4189.0000    	-0.33221957E-02	 0.10841137E-04
  4189.0000    	  4190.0000    	-0.22846787E-02	 0.86878140E-05
  4190.0000    	  4191.0000    	-0.15177305E-02	 0.68259569E-05
  4191.0000    	  4192.0000    	-0.12498248E-01	 0.20709521E-04
  4192.0000    	  4193.0000    	-0.12050857E-01	 0.20028472E-04
  4193.0000    	  4194.0000    	-0.11193449E-01	 0.19554377E-04
  4194.0000    	  4195.0000    	-0.10021537E-01	 0.18922345E-04
  4195.0000    	  4196.0000    	-0.86354003E-02	 0.17890788E-04
  4196.0000    	  4197.0000    	-0.72357201E-02	 0.16544619E-04
  4197.0000    	  4198.0000    	-0.57944942E-02	 0.14765709E-04
  4198.0000    	  4199.0000    	-0.44633433E-02	 0.12834143E-04
  4199.0000    	  4200.0000    	-0.32787558E-02	 0.10794404E-04
  4200.0000    	  4201.0000    	-0.22737401E-02	 0.86360999E-05
  4201.0000    	  4202.0000    	-0.14917596E-02	 0.67687930E-05
  4202.0000    	  4203.0000    	-0.12380451E-01	 0.20619570E-04
  4203.0000    	  4204.0000    	-0.11933712E-01	 0.19969666E-04
  4204.0000    	  4205.0000    	-0.11104172E-01	 0.19480453E-04
  4205.0000    	  4206.0000    	-0.99393617E-02	 0.18869847E-04
  4206.0000    	  4207.0000    	-0.85771014E-02	 0.17880443E-04
  4207.0000    	  4208.0000    	-0.71555993E-02	 0.16459541E-04
  4208.0000    	  4209.0000    	-0.57267730E-02	 0.14705303E-04
  4209.0000    	  4210.0000    	-0.44046777E-02	 0.12742526E-04
  4210.0000    	  4211.0000    	-0.31619744E-02	 0.10571478E-04
  4211.0000    	  4212.0000    	-0.22405878E-02	 0.85668502E-05
  4212.0000    	  4213.0000    	-0.14896992E-02	 0.67546294E-05
  4213.0000    	  4214.0000    	-0.12303535E-01	 0.20632559E-04
  4214.0000    	  4215.0000    	-0.11818399E-01	 0.19870262E-04
  4215.0000    	  4216.0000    	-0.10994882E-01	 0.19375888E-04
  4216.0000    	  4217.0000    	-0.98270114E-02	 0.18767795E-04
  4217.0000    	  4218.0000    	-0.85225259E-02	 0.17844236E-04
  4218.0000    	  4219.0000    	-0.70823799E-02	 0.16574332E-04
  4219.0000    	  4220.0000    	-0.56929024E-02	 0.14877931E-04
  4220.0000    	  4221.0000    	-0.43805247E-02	 0.12711527E-04
  4221.0000    	  4222.0000    	-0.31357500E-02	 0.10513896E-04
  4222.0000    	  4223.0000    	-0.22137548E-02	 0.85313421E-05
  4223.0000    	  4224.0000    	-0.14728504E-02	 0.67205507E-05
