# xi2
# underflow	 -5350.3689    	 0.19181458    
# overflow	 -7.7149946    	 0.63612021E-02
# sum	 -6591.8841    	 0.20781427    
# xmin	xmax	cross	numerror
  0.0000000    	  1.0000000    	 -4.3939241    	 0.66000083E-02
  1.0000000    	  2.0000000    	 -4.3597262    	 0.63744832E-02
  2.0000000    	  3.0000000    	 -4.2709947    	 0.60665427E-02
  3.0000000    	  4.0000000    	 -4.1539281    	 0.57463837E-02
  4.0000000    	  5.0000000    	 -4.0072290    	 0.54282560E-02
  5.0000000    	  6.0000000    	 -3.8483997    	 0.53062670E-02
  6.0000000    	  7.0000000    	 -3.6738887    	 0.49854223E-02
  7.0000000    	  8.0000000    	 -3.5030419    	 0.48461014E-02
  8.0000000    	  9.0000000    	 -3.3351683    	 0.46729485E-02
  9.0000000    	  10.000000    	 -3.1551156    	 0.45092150E-02
  10.000000    	  11.000000    	 -2.9799846    	 0.45373769E-02
  11.000000    	  12.000000    	 -4.2078437    	 0.61878892E-02
  12.000000    	  13.000000    	 -4.1566186    	 0.59529262E-02
  13.000000    	  14.000000    	 -4.0745224    	 0.57813461E-02
  14.000000    	  15.000000    	 -3.9540540    	 0.54419065E-02
  15.000000    	  16.000000    	 -3.8096440    	 0.50995448E-02
  16.000000    	  17.000000    	 -3.6516600    	 0.49163834E-02
  17.000000    	  18.000000    	 -3.4921741    	 0.47454204E-02
  18.000000    	  19.000000    	 -3.3191536    	 0.45831347E-02
  19.000000    	  20.000000    	 -3.1450873    	 0.43608423E-02
  20.000000    	  21.000000    	 -2.9812529    	 0.42804784E-02
  21.000000    	  22.000000    	 -2.7997317    	 0.41926568E-02
  22.000000    	  23.000000    	 -4.0203520    	 0.58510673E-02
  23.000000    	  24.000000    	 -3.9782403    	 0.57299365E-02
  24.000000    	  25.000000    	 -3.8952248    	 0.54044801E-02
  25.000000    	  26.000000    	 -3.7777985    	 0.52138792E-02
  26.000000    	  27.000000    	 -3.6322848    	 0.48417975E-02
  27.000000    	  28.000000    	 -3.4791559    	 0.46126436E-02
  28.000000    	  29.000000    	 -3.3180787    	 0.45234276E-02
  29.000000    	  30.000000    	 -3.1548029    	 0.42933596E-02
  30.000000    	  31.000000    	 -2.9874898    	 0.41332582E-02
  31.000000    	  32.000000    	 -2.8087096    	 0.40384571E-02
  32.000000    	  33.000000    	 -2.6394811    	 0.39466325E-02
  33.000000    	  34.000000    	 -3.8514261    	 0.55927575E-02
  34.000000    	  35.000000    	 -3.8087528    	 0.55009791E-02
  35.000000    	  36.000000    	 -3.7188362    	 0.50702992E-02
  36.000000    	  37.000000    	 -3.6107021    	 0.48735479E-02
  37.000000    	  38.000000    	 -3.4770717    	 0.47075438E-02
  38.000000    	  39.000000    	 -3.3238013    	 0.44387496E-02
  39.000000    	  40.000000    	 -3.1626408    	 0.42397109E-02
  40.000000    	  41.000000    	 -2.9983710    	 0.40946001E-02
  41.000000    	  42.000000    	 -2.8369224    	 0.39689385E-02
  42.000000    	  43.000000    	 -2.6669070    	 0.38318110E-02
  43.000000    	  44.000000    	 -2.4923073    	 0.37492677E-02
  44.000000    	  45.000000    	 -3.6825862    	 0.53358942E-02
  45.000000    	  46.000000    	 -3.6451253    	 0.51108878E-02
  46.000000    	  47.000000    	 -3.5735628    	 0.49075742E-02
  47.000000    	  48.000000    	 -3.4532938    	 0.47317100E-02
  48.000000    	  49.000000    	 -3.3284897    	 0.45141621E-02
  49.000000    	  50.000000    	 -3.1755907    	 0.42787191E-02
  50.000000    	  51.000000    	 -3.0272856    	 0.40366015E-02
  51.000000    	  52.000000    	 -2.8575730    	 0.39769556E-02
  52.000000    	  53.000000    	 -2.6985094    	 0.37131889E-02
  53.000000    	  54.000000    	 -2.5272810    	 0.36819035E-02
  54.000000    	  55.000000    	 -2.3540153    	 0.35540276E-02
  55.000000    	  56.000000    	 -3.5418839    	 0.51708239E-02
  56.000000    	  57.000000    	 -3.4952115    	 0.48780008E-02
  57.000000    	  58.000000    	 -3.4189800    	 0.47515817E-02
  58.000000    	  59.000000    	 -3.3191067    	 0.44737761E-02
  59.000000    	  60.000000    	 -3.1829242    	 0.42737601E-02
  60.000000    	  61.000000    	 -3.0432769    	 0.40334066E-02
  61.000000    	  62.000000    	 -2.8876950    	 0.38873424E-02
  62.000000    	  63.000000    	 -2.7351460    	 0.38257320E-02
  63.000000    	  64.000000    	 -2.5707933    	 0.35824545E-02
  64.000000    	  65.000000    	 -2.4037328    	 0.34588795E-02
  65.000000    	  66.000000    	 -2.2313666    	 0.34323607E-02
  66.000000    	  67.000000    	 -3.4050839    	 0.49900752E-02
  67.000000    	  68.000000    	 -3.3647491    	 0.47553092E-02
  68.000000    	  69.000000    	 -3.2818252    	 0.44421704E-02
  69.000000    	  70.000000    	 -3.1841124    	 0.43288530E-02
  70.000000    	  71.000000    	 -3.0580353    	 0.41282972E-02
  71.000000    	  72.000000    	 -2.9190542    	 0.39493819E-02
  72.000000    	  73.000000    	 -2.7718404    	 0.37174315E-02
  73.000000    	  74.000000    	 -2.6124508    	 0.35537411E-02
  74.000000    	  75.000000    	 -2.4581465    	 0.34292658E-02
  75.000000    	  76.000000    	 -2.2909157    	 0.33460539E-02
  76.000000    	  77.000000    	 -2.1203279    	 0.33008099E-02
  77.000000    	  78.000000    	 -3.2648849    	 0.47846763E-02
  78.000000    	  79.000000    	 -3.2307932    	 0.44997056E-02
  79.000000    	  80.000000    	 -3.1620109    	 0.44421554E-02
  80.000000    	  81.000000    	 -3.0600120    	 0.42790252E-02
  81.000000    	  82.000000    	 -2.9382487    	 0.39562988E-02
  82.000000    	  83.000000    	 -2.8021739    	 0.37177134E-02
  83.000000    	  84.000000    	 -2.6591476    	 0.35760773E-02
  84.000000    	  85.000000    	 -2.5105761    	 0.35530643E-02
  85.000000    	  86.000000    	 -2.3462699    	 0.33067530E-02
  86.000000    	  87.000000    	 -2.1851450    	 0.32182877E-02
  87.000000    	  88.000000    	 -2.0203449    	 0.31522290E-02
  88.000000    	  89.000000    	 -3.1391336    	 0.45185682E-02
  89.000000    	  90.000000    	 -3.1043586    	 0.44328111E-02
  90.000000    	  91.000000    	 -3.0369876    	 0.42088187E-02
  91.000000    	  92.000000    	 -2.9459196    	 0.40310690E-02
  92.000000    	  93.000000    	 -2.8266478    	 0.38146984E-02
  93.000000    	  94.000000    	 -2.6973842    	 0.36301434E-02
  94.000000    	  95.000000    	 -2.5558956    	 0.35547173E-02
  95.000000    	  96.000000    	 -2.4047689    	 0.33233698E-02
  96.000000    	  97.000000    	 -2.2510918    	 0.32782752E-02
  97.000000    	  98.000000    	 -2.0913411    	 0.31351384E-02
  98.000000    	  99.000000    	 -1.9245374    	 0.30507224E-02
  99.000000    	  100.00000    	 -3.0284071    	 0.45139179E-02
  100.00000    	  101.00000    	 -2.9995356    	 0.43166351E-02
  101.00000    	  102.00000    	 -2.9267576    	 0.40890012E-02
  102.00000    	  103.00000    	 -2.8374854    	 0.39851089E-02
  103.00000    	  104.00000    	 -2.7215944    	 0.36769956E-02
  104.00000    	  105.00000    	 -2.5998155    	 0.36090975E-02
  105.00000    	  106.00000    	 -2.4557790    	 0.34039897E-02
  106.00000    	  107.00000    	 -2.3103728    	 0.32599044E-02
  107.00000    	  108.00000    	 -2.1575405    	 0.31136423E-02
  108.00000    	  109.00000    	 -1.9966723    	 0.30263289E-02
  109.00000    	  110.00000    	 -1.8340682    	 0.29590264E-02
  110.00000    	  111.00000    	 -2.9170563    	 0.44006771E-02
  111.00000    	  112.00000    	 -2.8847733    	 0.41444325E-02
  112.00000    	  113.00000    	 -2.8253439    	 0.39838722E-02
  113.00000    	  114.00000    	 -2.7330777    	 0.38172614E-02
  114.00000    	  115.00000    	 -2.6251710    	 0.36203614E-02
  115.00000    	  116.00000    	 -2.4956864    	 0.34371904E-02
  116.00000    	  117.00000    	 -2.3662072    	 0.32529761E-02
  117.00000    	  118.00000    	 -2.2211453    	 0.31011768E-02
  118.00000    	  119.00000    	 -2.0733393    	 0.30247790E-02
  119.00000    	  120.00000    	 -1.9185575    	 0.29432056E-02
  120.00000    	  121.00000    	 -1.7539951    	 0.28226110E-02
  121.00000    	  122.00000    	 -2.8151511    	 0.42922710E-02
  122.00000    	  123.00000    	 -2.7802637    	 0.39863965E-02
  123.00000    	  124.00000    	 -2.7269469    	 0.38935675E-02
  124.00000    	  125.00000    	 -2.6415207    	 0.37083110E-02
  125.00000    	  126.00000    	 -2.5300666    	 0.34718118E-02
  126.00000    	  127.00000    	 -2.4129149    	 0.33901077E-02
  127.00000    	  128.00000    	 -2.2828398    	 0.32615908E-02
  128.00000    	  129.00000    	 -2.1406452    	 0.32104708E-02
  129.00000    	  130.00000    	 -1.9884138    	 0.29609401E-02
  130.00000    	  131.00000    	 -1.8383766    	 0.28713177E-02
  131.00000    	  132.00000    	 -1.6780039    	 0.27513300E-02
  132.00000    	  133.00000    	 -2.7172599    	 0.40939082E-02
  133.00000    	  134.00000    	 -2.6878555    	 0.39864492E-02
  134.00000    	  135.00000    	 -2.6306784    	 0.37903258E-02
  135.00000    	  136.00000    	 -2.5491291    	 0.36265707E-02
  136.00000    	  137.00000    	 -2.4473676    	 0.34586855E-02
  137.00000    	  138.00000    	 -2.3277698    	 0.32858379E-02
  138.00000    	  139.00000    	 -2.2013625    	 0.31540881E-02
  139.00000    	  140.00000    	 -2.0608764    	 0.29851918E-02
  140.00000    	  141.00000    	 -1.9165604    	 0.28784912E-02
  141.00000    	  142.00000    	 -1.7649484    	 0.27697722E-02
  142.00000    	  143.00000    	 -1.6063002    	 0.26516441E-02
  143.00000    	  144.00000    	 -2.6294938    	 0.39440711E-02
  144.00000    	  145.00000    	 -2.5991489    	 0.38230731E-02
  145.00000    	  146.00000    	 -2.5407460    	 0.36996519E-02
  146.00000    	  147.00000    	 -2.4629304    	 0.35357766E-02
  147.00000    	  148.00000    	 -2.3631427    	 0.33706331E-02
  148.00000    	  149.00000    	 -2.2500642    	 0.32331338E-02
  149.00000    	  150.00000    	 -2.1199020    	 0.30282176E-02
  150.00000    	  151.00000    	 -1.9847794    	 0.29076981E-02
  151.00000    	  152.00000    	 -1.8453295    	 0.28070321E-02
  152.00000    	  153.00000    	 -1.6965386    	 0.27585837E-02
  153.00000    	  154.00000    	 -1.5431902    	 0.26133214E-02
  154.00000    	  155.00000    	 -2.5409174    	 0.38996815E-02
  155.00000    	  156.00000    	 -2.5120375    	 0.37308220E-02
  156.00000    	  157.00000    	 -2.4583042    	 0.35993927E-02
  157.00000    	  158.00000    	 -2.3800333    	 0.34649089E-02
  158.00000    	  159.00000    	 -2.2883633    	 0.32413321E-02
  159.00000    	  160.00000    	 -2.1760749    	 0.31289075E-02
  160.00000    	  161.00000    	 -2.0504047    	 0.29452904E-02
  161.00000    	  162.00000    	 -1.9192593    	 0.29216706E-02
  162.00000    	  163.00000    	 -1.7787912    	 0.26963576E-02
  163.00000    	  164.00000    	 -1.6332270    	 0.26420860E-02
  164.00000    	  165.00000    	 -1.4799519    	 0.25275567E-02
  165.00000    	  166.00000    	 -2.4574857    	 0.37869166E-02
  166.00000    	  167.00000    	 -2.4309903    	 0.36269035E-02
  167.00000    	  168.00000    	 -2.3809184    	 0.34965317E-02
  168.00000    	  169.00000    	 -2.3043135    	 0.32962179E-02
  169.00000    	  170.00000    	 -2.2154554    	 0.32544508E-02
  170.00000    	  171.00000    	 -2.1034307    	 0.30574930E-02
  171.00000    	  172.00000    	 -1.9817619    	 0.28610313E-02
  172.00000    	  173.00000    	 -1.8539900    	 0.27708196E-02
  173.00000    	  174.00000    	 -1.7135306    	 0.26932586E-02
  174.00000    	  175.00000    	 -1.5685169    	 0.25379599E-02
  175.00000    	  176.00000    	 -1.4268370    	 0.24663260E-02
  176.00000    	  177.00000    	 -2.3840278    	 0.37633119E-02
  177.00000    	  178.00000    	 -2.3533617    	 0.36657809E-02
  178.00000    	  179.00000    	 -2.3078735    	 0.34576342E-02
  179.00000    	  180.00000    	 -2.2374075    	 0.33109340E-02
  180.00000    	  181.00000    	 -2.1421682    	 0.31423920E-02
  181.00000    	  182.00000    	 -2.0384879    	 0.29895479E-02
  182.00000    	  183.00000    	 -1.9193808    	 0.28634093E-02
  183.00000    	  184.00000    	 -1.7886382    	 0.26964325E-02
  184.00000    	  185.00000    	 -1.6560129    	 0.25723733E-02
  185.00000    	  186.00000    	 -1.5109969    	 0.25397073E-02
  186.00000    	  187.00000    	 -1.3673022    	 0.24692412E-02
  187.00000    	  188.00000    	 -2.3071390    	 0.36657298E-02
  188.00000    	  189.00000    	 -2.2793413    	 0.35326818E-02
  189.00000    	  190.00000    	 -2.2318798    	 0.33634016E-02
  190.00000    	  191.00000    	 -2.1648116    	 0.32705520E-02
  191.00000    	  192.00000    	 -2.0768129    	 0.30798246E-02
  192.00000    	  193.00000    	 -1.9743707    	 0.28938028E-02
  193.00000    	  194.00000    	 -1.8616246    	 0.28379965E-02
  194.00000    	  195.00000    	 -1.7336869    	 0.26627262E-02
  195.00000    	  196.00000    	 -1.5974074    	 0.25250413E-02
  196.00000    	  197.00000    	 -1.4594307    	 0.24881444E-02
  197.00000    	  198.00000    	 -1.3187240    	 0.23668610E-02
  198.00000    	  199.00000    	 -2.2324720    	 0.35525128E-02
  199.00000    	  200.00000    	 -2.2151407    	 0.34226286E-02
  200.00000    	  201.00000    	 -2.1642707    	 0.32548029E-02
  201.00000    	  202.00000    	 -2.0986109    	 0.32236972E-02
  202.00000    	  203.00000    	 -2.0098514    	 0.30841737E-02
  203.00000    	  204.00000    	 -1.9193354    	 0.29649196E-02
  204.00000    	  205.00000    	 -1.7986945    	 0.27140317E-02
  205.00000    	  206.00000    	 -1.6754698    	 0.26161211E-02
  206.00000    	  207.00000    	 -1.5437096    	 0.24788942E-02
  207.00000    	  208.00000    	 -1.4097894    	 0.24007180E-02
  208.00000    	  209.00000    	 -1.2706441    	 0.23436442E-02
  209.00000    	  210.00000    	 -2.1651316    	 0.34668151E-02
  210.00000    	  211.00000    	 -2.1459872    	 0.33516382E-02
  211.00000    	  212.00000    	 -2.0998399    	 0.32003976E-02
  212.00000    	  213.00000    	 -2.0394459    	 0.30991744E-02
  213.00000    	  214.00000    	 -1.9527493    	 0.29290126E-02
  214.00000    	  215.00000    	 -1.8546213    	 0.27991089E-02
  215.00000    	  216.00000    	 -1.7450519    	 0.26609771E-02
  216.00000    	  217.00000    	 -1.6238876    	 0.25735857E-02
  217.00000    	  218.00000    	 -1.4965232    	 0.25376181E-02
  218.00000    	  219.00000    	 -1.3619333    	 0.24317992E-02
  219.00000    	  220.00000    	 -1.2213327    	 0.23158395E-02
  220.00000    	  221.00000    	 -2.1083979    	 0.34382970E-02
  221.00000    	  222.00000    	 -2.0798140    	 0.32923271E-02
  222.00000    	  223.00000    	 -2.0375633    	 0.31390773E-02
  223.00000    	  224.00000    	 -1.9749424    	 0.30106410E-02
  224.00000    	  225.00000    	 -1.8976771    	 0.29607466E-02
  225.00000    	  226.00000    	 -1.7991032    	 0.27427590E-02
  226.00000    	  227.00000    	 -1.6929460    	 0.26356253E-02
  227.00000    	  228.00000    	 -1.5727529    	 0.25194045E-02
  228.00000    	  229.00000    	 -1.4445970    	 0.24028921E-02
  229.00000    	  230.00000    	 -1.3134487    	 0.23443335E-02
  230.00000    	  231.00000    	 -1.1796906    	 0.22055070E-02
  231.00000    	  232.00000    	 -2.0439447    	 0.33537002E-02
  232.00000    	  233.00000    	 -2.0250662    	 0.32705616E-02
  233.00000    	  234.00000    	 -1.9824033    	 0.31087484E-02
  234.00000    	  235.00000    	 -1.9206242    	 0.29942845E-02
  235.00000    	  236.00000    	 -1.8408876    	 0.28499919E-02
  236.00000    	  237.00000    	 -1.7498165    	 0.27736505E-02
  237.00000    	  238.00000    	 -1.6437364    	 0.26888912E-02
  238.00000    	  239.00000    	 -1.5281736    	 0.25079840E-02
  239.00000    	  240.00000    	 -1.4019542    	 0.23811909E-02
  240.00000    	  241.00000    	 -1.2706402    	 0.22849010E-02
  241.00000    	  242.00000    	 -1.1382031    	 0.21709888E-02
  242.00000    	  243.00000    	 -1.9838718    	 0.33033473E-02
  243.00000    	  244.00000    	 -1.9612808    	 0.31711363E-02
  244.00000    	  245.00000    	 -1.9223192    	 0.30602304E-02
  245.00000    	  246.00000    	 -1.8654802    	 0.29764270E-02
  246.00000    	  247.00000    	 -1.7894188    	 0.28949873E-02
  247.00000    	  248.00000    	 -1.6954828    	 0.26615525E-02
  248.00000    	  249.00000    	 -1.5891226    	 0.25675333E-02
  249.00000    	  250.00000    	 -1.4766516    	 0.24208317E-02
  250.00000    	  251.00000    	 -1.3566235    	 0.23155698E-02
  251.00000    	  252.00000    	 -1.2325343    	 0.22280383E-02
  252.00000    	  253.00000    	 -1.1025642    	 0.21477010E-02
  253.00000    	  254.00000    	 -1.9279383    	 0.32340969E-02
  254.00000    	  255.00000    	 -1.9112849    	 0.31439822E-02
  255.00000    	  256.00000    	 -1.8684321    	 0.29946186E-02
  256.00000    	  257.00000    	 -1.8134217    	 0.29092174E-02
  257.00000    	  258.00000    	 -1.7377160    	 0.27612103E-02
  258.00000    	  259.00000    	 -1.6472366    	 0.26565083E-02
  259.00000    	  260.00000    	 -1.5443266    	 0.25141741E-02
  260.00000    	  261.00000    	 -1.4342885    	 0.24296419E-02
  261.00000    	  262.00000    	 -1.3134834    	 0.22889379E-02
  262.00000    	  263.00000    	 -1.1905196    	 0.22012006E-02
  263.00000    	  264.00000    	 -1.0662535    	 0.20929700E-02
  264.00000    	  265.00000    	 -1.8748275    	 0.31885624E-02
  265.00000    	  266.00000    	 -1.8564991    	 0.31298611E-02
  266.00000    	  267.00000    	 -1.8211155    	 0.29376684E-02
  267.00000    	  268.00000    	 -1.7633549    	 0.28505802E-02
  268.00000    	  269.00000    	 -1.6899986    	 0.27245425E-02
  269.00000    	  270.00000    	 -1.6009717    	 0.26341536E-02
  270.00000    	  271.00000    	 -1.5020434    	 0.24657920E-02
  271.00000    	  272.00000    	 -1.3902532    	 0.23984459E-02
  272.00000    	  273.00000    	 -1.2721486    	 0.22573508E-02
  273.00000    	  274.00000    	 -1.1506806    	 0.22119800E-02
  274.00000    	  275.00000    	 -1.0280659    	 0.20652525E-02
  275.00000    	  276.00000    	 -1.8265694    	 0.31609107E-02
  276.00000    	  277.00000    	 -1.8070541    	 0.30595150E-02
  277.00000    	  278.00000    	 -1.7674991    	 0.29822109E-02
  278.00000    	  279.00000    	 -1.7123227    	 0.28115695E-02
  279.00000    	  280.00000    	 -1.6452368    	 0.27013121E-02
  280.00000    	  281.00000    	 -1.5571275    	 0.25321341E-02
  281.00000    	  282.00000    	 -1.4590217    	 0.24534507E-02
  282.00000    	  283.00000    	 -1.3488447    	 0.22987247E-02
  283.00000    	  284.00000    	 -1.2370928    	 0.22391829E-02
  284.00000    	  285.00000    	 -1.1175885    	 0.21265040E-02
  285.00000    	  286.00000    	-0.99524981    	 0.20207144E-02
  286.00000    	  287.00000    	 -1.7784189    	 0.31067769E-02
  287.00000    	  288.00000    	 -1.7546523    	 0.29885729E-02
  288.00000    	  289.00000    	 -1.7211478    	 0.28946944E-02
  289.00000    	  290.00000    	 -1.6647178    	 0.27741983E-02
  290.00000    	  291.00000    	 -1.5964822    	 0.26471029E-02
  291.00000    	  292.00000    	 -1.5121890    	 0.25468186E-02
  292.00000    	  293.00000    	 -1.4166078    	 0.24266797E-02
  293.00000    	  294.00000    	 -1.3103288    	 0.22860147E-02
  294.00000    	  295.00000    	 -1.1965090    	 0.21723474E-02
  295.00000    	  296.00000    	 -1.0816443    	 0.21035380E-02
  296.00000    	  297.00000    	-0.96575905    	 0.20371394E-02
  297.00000    	  298.00000    	 -1.7293733    	 0.31175092E-02
  298.00000    	  299.00000    	 -1.7098606    	 0.29830013E-02
  299.00000    	  300.00000    	 -1.6726389    	 0.28193061E-02
  300.00000    	  301.00000    	 -1.6197349    	 0.27570020E-02
  301.00000    	  302.00000    	 -1.5511804    	 0.25783640E-02
  302.00000    	  303.00000    	 -1.4736888    	 0.25571250E-02
  303.00000    	  304.00000    	 -1.3764980    	 0.23733281E-02
  304.00000    	  305.00000    	 -1.2724450    	 0.22467419E-02
  305.00000    	  306.00000    	 -1.1648190    	 0.21319793E-02
  306.00000    	  307.00000    	 -1.0495074    	 0.20408787E-02
  307.00000    	  308.00000    	-0.93410907    	 0.20131079E-02
  308.00000    	  309.00000    	 -1.6831043    	 0.30503004E-02
  309.00000    	  310.00000    	 -1.6656287    	 0.29024670E-02
  310.00000    	  311.00000    	 -1.6308429    	 0.28612570E-02
  311.00000    	  312.00000    	 -1.5803660    	 0.27254683E-02
  312.00000    	  313.00000    	 -1.5128297    	 0.25545759E-02
  313.00000    	  314.00000    	 -1.4297131    	 0.24687383E-02
  314.00000    	  315.00000    	 -1.3355672    	 0.23078437E-02
  315.00000    	  316.00000    	 -1.2357203    	 0.22120110E-02
  316.00000    	  317.00000    	 -1.1234446    	 0.21021621E-02
  317.00000    	  318.00000    	 -1.0153452    	 0.20155913E-02
  318.00000    	  319.00000    	-0.90256388    	 0.19437140E-02
  319.00000    	  320.00000    	 -1.6360497    	 0.29660090E-02
  320.00000    	  321.00000    	 -1.6174863    	 0.28513130E-02
  321.00000    	  322.00000    	 -1.5861749    	 0.27409192E-02
  322.00000    	  323.00000    	 -1.5332727    	 0.26510036E-02
  323.00000    	  324.00000    	 -1.4722322    	 0.25603278E-02
  324.00000    	  325.00000    	 -1.3904399    	 0.24238750E-02
  325.00000    	  326.00000    	 -1.2988679    	 0.22678056E-02
  326.00000    	  327.00000    	 -1.1975781    	 0.22041878E-02
  327.00000    	  328.00000    	 -1.0953024    	 0.21537222E-02
  328.00000    	  329.00000    	-0.98455903    	 0.19806426E-02
  329.00000    	  330.00000    	-0.87803419    	 0.19024125E-02
  330.00000    	  331.00000    	 -1.5931471    	 0.29412543E-02
  331.00000    	  332.00000    	 -1.5776544    	 0.28248689E-02
  332.00000    	  333.00000    	 -1.5437902    	 0.27032933E-02
  333.00000    	  334.00000    	 -1.4959027    	 0.26823187E-02
  334.00000    	  335.00000    	 -1.4305394    	 0.25257982E-02
  335.00000    	  336.00000    	 -1.3548253    	 0.23758733E-02
  336.00000    	  337.00000    	 -1.2626343    	 0.22377040E-02
  337.00000    	  338.00000    	 -1.1649081    	 0.21307303E-02
  338.00000    	  339.00000    	 -1.0624828    	 0.20365676E-02
  339.00000    	  340.00000    	-0.95305235    	 0.19735692E-02
  340.00000    	  341.00000    	-0.84703560    	 0.18514972E-02
  341.00000    	  342.00000    	 -1.5525550    	 0.29398246E-02
  342.00000    	  343.00000    	 -1.5342813    	 0.27945722E-02
  343.00000    	  344.00000    	 -1.5077414    	 0.26846165E-02
  344.00000    	  345.00000    	 -1.4590231    	 0.26129027E-02
  345.00000    	  346.00000    	 -1.3923261    	 0.24538891E-02
  346.00000    	  347.00000    	 -1.3165944    	 0.23248578E-02
  347.00000    	  348.00000    	 -1.2274107    	 0.22544928E-02
  348.00000    	  349.00000    	 -1.1311679    	 0.21320531E-02
  349.00000    	  350.00000    	 -1.0313336    	 0.20373474E-02
  350.00000    	  351.00000    	-0.92761609    	 0.19405357E-02
  351.00000    	  352.00000    	-0.82342387    	 0.18431755E-02
  352.00000    	  353.00000    	 -1.5118984    	 0.28445857E-02
  353.00000    	  354.00000    	 -1.5017086    	 0.27828987E-02
  354.00000    	  355.00000    	 -1.4622098    	 0.26487352E-02
  355.00000    	  356.00000    	 -1.4173564    	 0.25431357E-02
  356.00000    	  357.00000    	 -1.3571385    	 0.24624606E-02
  357.00000    	  358.00000    	 -1.2834019    	 0.23859951E-02
  358.00000    	  359.00000    	 -1.1938870    	 0.22202621E-02
  359.00000    	  360.00000    	 -1.1018803    	 0.20913741E-02
  360.00000    	  361.00000    	 -1.0016906    	 0.20158591E-02
  361.00000    	  362.00000    	-0.89993773    	 0.19119200E-02
  362.00000    	  363.00000    	-0.79891638    	 0.18481073E-02
  363.00000    	  364.00000    	 -1.4759217    	 0.28319871E-02
  364.00000    	  365.00000    	 -1.4599667    	 0.27213592E-02
  365.00000    	  366.00000    	 -1.4296556    	 0.26302166E-02
  366.00000    	  367.00000    	 -1.3827235    	 0.24988462E-02
  367.00000    	  368.00000    	 -1.3225116    	 0.24155800E-02
  368.00000    	  369.00000    	 -1.2462516    	 0.22986626E-02
  369.00000    	  370.00000    	 -1.1614261    	 0.21714860E-02
  370.00000    	  371.00000    	 -1.0734614    	 0.20595538E-02
  371.00000    	  372.00000    	-0.97373474    	 0.19797363E-02
  372.00000    	  373.00000    	-0.87307493    	 0.18907465E-02
  373.00000    	  374.00000    	-0.77348984    	 0.17804664E-02
  374.00000    	  375.00000    	 -1.4402967    	 0.27892549E-02
  375.00000    	  376.00000    	 -1.4266395    	 0.26911646E-02
  376.00000    	  377.00000    	 -1.3938756    	 0.25874103E-02
  377.00000    	  378.00000    	 -1.3469304    	 0.25000687E-02
  378.00000    	  379.00000    	 -1.2863182    	 0.23861800E-02
  379.00000    	  380.00000    	 -1.2156717    	 0.22438560E-02
  380.00000    	  381.00000    	 -1.1340141    	 0.21305437E-02
  381.00000    	  382.00000    	 -1.0413037    	 0.20765893E-02
  382.00000    	  383.00000    	-0.94728409    	 0.19413027E-02
  383.00000    	  384.00000    	-0.85120290    	 0.18794766E-02
  384.00000    	  385.00000    	-0.75434163    	 0.17718079E-02
  385.00000    	  386.00000    	 -1.4056388    	 0.27972984E-02
  386.00000    	  387.00000    	 -1.3886741    	 0.27215242E-02
  387.00000    	  388.00000    	 -1.3601895    	 0.25474653E-02
  388.00000    	  389.00000    	 -1.3129204    	 0.24721568E-02
  389.00000    	  390.00000    	 -1.2537145    	 0.23327345E-02
  390.00000    	  391.00000    	 -1.1849157    	 0.22206437E-02
  391.00000    	  392.00000    	 -1.1029005    	 0.21184097E-02
  392.00000    	  393.00000    	 -1.0161918    	 0.20240815E-02
  393.00000    	  394.00000    	-0.92217597    	 0.19258957E-02
  394.00000    	  395.00000    	-0.82496930    	 0.18321495E-02
  395.00000    	  396.00000    	-0.73194069    	 0.17336567E-02
  396.00000    	  397.00000    	 -1.3759781    	 0.27191883E-02
  397.00000    	  398.00000    	 -1.3580479    	 0.26328159E-02
  398.00000    	  399.00000    	 -1.3270979    	 0.25246255E-02
  399.00000    	  400.00000    	 -1.2850191    	 0.24145622E-02
  400.00000    	  401.00000    	 -1.2255839    	 0.23117926E-02
  401.00000    	  402.00000    	 -1.1535717    	 0.21895342E-02
  402.00000    	  403.00000    	 -1.0758080    	 0.20980218E-02
  403.00000    	  404.00000    	-0.98840729    	 0.19936823E-02
  404.00000    	  405.00000    	-0.89520415    	 0.18960075E-02
  405.00000    	  406.00000    	-0.80340950    	 0.18048183E-02
  406.00000    	  407.00000    	-0.71239193    	 0.17140605E-02
  407.00000    	  408.00000    	 -1.3405551    	 0.26851543E-02
  408.00000    	  409.00000    	 -1.3264943    	 0.25949468E-02
  409.00000    	  410.00000    	 -1.2939582    	 0.24978340E-02
  410.00000    	  411.00000    	 -1.2556264    	 0.23864210E-02
  411.00000    	  412.00000    	 -1.1985160    	 0.23701401E-02
  412.00000    	  413.00000    	 -1.1276417    	 0.22024293E-02
  413.00000    	  414.00000    	 -1.0495665    	 0.20896013E-02
  414.00000    	  415.00000    	-0.96415934    	 0.19746639E-02
  415.00000    	  416.00000    	-0.87285622    	 0.18629713E-02
  416.00000    	  417.00000    	-0.78257753    	 0.17747168E-02
  417.00000    	  418.00000    	-0.69359650    	 0.16850106E-02
  418.00000    	  419.00000    	 -1.3162582    	 0.26811538E-02
  419.00000    	  420.00000    	 -1.2981799    	 0.25761903E-02
  420.00000    	  421.00000    	 -1.2705145    	 0.24938325E-02
  421.00000    	  422.00000    	 -1.2270947    	 0.23768070E-02
  422.00000    	  423.00000    	 -1.1680874    	 0.22647760E-02
  423.00000    	  424.00000    	 -1.1009670    	 0.21659677E-02
  424.00000    	  425.00000    	 -1.0221972    	 0.20392792E-02
  425.00000    	  426.00000    	-0.94091267    	 0.19420563E-02
  426.00000    	  427.00000    	-0.85418775    	 0.18425374E-02
  427.00000    	  428.00000    	-0.76246988    	 0.17802730E-02
  428.00000    	  429.00000    	-0.67424729    	 0.16677418E-02
  429.00000    	  430.00000    	 -1.2836877    	 0.26318113E-02
  430.00000    	  431.00000    	 -1.2700325    	 0.25494934E-02
  431.00000    	  432.00000    	 -1.2416809    	 0.24394078E-02
  432.00000    	  433.00000    	 -1.1944052    	 0.23370606E-02
  433.00000    	  434.00000    	 -1.1423802    	 0.22306447E-02
  434.00000    	  435.00000    	 -1.0772570    	 0.21439419E-02
  435.00000    	  436.00000    	 -1.0002945    	 0.20305468E-02
  436.00000    	  437.00000    	-0.91655309    	 0.19247556E-02
  437.00000    	  438.00000    	-0.83227129    	 0.18590877E-02
  438.00000    	  439.00000    	-0.74375396    	 0.17302196E-02
  439.00000    	  440.00000    	-0.65605069    	 0.16828797E-02
  440.00000    	  441.00000    	 -1.2544465    	 0.25992359E-02
  441.00000    	  442.00000    	 -1.2409330    	 0.25510846E-02
  442.00000    	  443.00000    	 -1.2093165    	 0.24165302E-02
  443.00000    	  444.00000    	 -1.1726092    	 0.23488048E-02
  444.00000    	  445.00000    	 -1.1159039    	 0.22041895E-02
  445.00000    	  446.00000    	 -1.0512440    	 0.21148732E-02
  446.00000    	  447.00000    	-0.97636532    	 0.20026884E-02
  447.00000    	  448.00000    	-0.89559259    	 0.19178330E-02
  448.00000    	  449.00000    	-0.80974639    	 0.17935718E-02
  449.00000    	  450.00000    	-0.72592009    	 0.17215451E-02
  450.00000    	  451.00000    	-0.64047212    	 0.16258473E-02
  451.00000    	  452.00000    	 -1.2326979    	 0.26149959E-02
  452.00000    	  453.00000    	 -1.2132725    	 0.24806358E-02
  453.00000    	  454.00000    	 -1.1884363    	 0.23840152E-02
  454.00000    	  455.00000    	 -1.1466177    	 0.22950083E-02
  455.00000    	  456.00000    	 -1.0918310    	 0.21932458E-02
  456.00000    	  457.00000    	 -1.0256876    	 0.20797519E-02
  457.00000    	  458.00000    	-0.95607025    	 0.20047647E-02
  458.00000    	  459.00000    	-0.87303305    	 0.18649952E-02
  459.00000    	  460.00000    	-0.79029177    	 0.17883150E-02
  460.00000    	  461.00000    	-0.70799393    	 0.17113579E-02
  461.00000    	  462.00000    	-0.62327100    	 0.16140269E-02
  462.00000    	  463.00000    	 -1.1987545    	 0.25376299E-02
  463.00000    	  464.00000    	 -1.1876508    	 0.24607929E-02
  464.00000    	  465.00000    	 -1.1641011    	 0.23917705E-02
  465.00000    	  466.00000    	 -1.1195617    	 0.22682724E-02
  466.00000    	  467.00000    	 -1.0678988    	 0.21706431E-02
  467.00000    	  468.00000    	 -1.0056600    	 0.20597090E-02
  468.00000    	  469.00000    	-0.93351061    	 0.19526976E-02
  469.00000    	  470.00000    	-0.85416616    	 0.18529509E-02
  470.00000    	  471.00000    	-0.77506022    	 0.17624799E-02
  471.00000    	  472.00000    	-0.69310119    	 0.16836435E-02
  472.00000    	  473.00000    	-0.61046778    	 0.15989711E-02
  473.00000    	  474.00000    	 -1.1760202    	 0.25171181E-02
  474.00000    	  475.00000    	 -1.1656613    	 0.24381323E-02
  475.00000    	  476.00000    	 -1.1420773    	 0.23467144E-02
  476.00000    	  477.00000    	 -1.0966731    	 0.22322678E-02
  477.00000    	  478.00000    	 -1.0440872    	 0.21726850E-02
  478.00000    	  479.00000    	-0.98304060    	 0.20390416E-02
  479.00000    	  480.00000    	-0.91262016    	 0.19322861E-02
  480.00000    	  481.00000    	-0.83652716    	 0.18925451E-02
  481.00000    	  482.00000    	-0.75477261    	 0.17609988E-02
  482.00000    	  483.00000    	-0.67288148    	 0.16497823E-02
  483.00000    	  484.00000    	-0.59393814    	 0.15875194E-02
  484.00000    	  485.00000    	 -1.1543991    	 0.24935370E-02
  485.00000    	  486.00000    	 -1.1422468    	 0.24133528E-02
  486.00000    	  487.00000    	 -1.1090301    	 0.23100942E-02
  487.00000    	  488.00000    	 -1.0728007    	 0.22193984E-02
  488.00000    	  489.00000    	 -1.0238836    	 0.21164452E-02
  489.00000    	  490.00000    	-0.95965732    	 0.20130758E-02
  490.00000    	  491.00000    	-0.89328425    	 0.19293737E-02
  491.00000    	  492.00000    	-0.81797616    	 0.18453681E-02
  492.00000    	  493.00000    	-0.73703938    	 0.17387368E-02
  493.00000    	  494.00000    	-0.65982290    	 0.16535874E-02
  494.00000    	  495.00000    	-0.58161468    	 0.15653148E-02
  495.00000    	  496.00000    	 -1.1295003    	 0.24821759E-02
  496.00000    	  497.00000    	 -1.1175818    	 0.23883815E-02
  497.00000    	  498.00000    	 -1.0894630    	 0.22980631E-02
  498.00000    	  499.00000    	 -1.0526095    	 0.22104636E-02
  499.00000    	  500.00000    	 -1.0039417    	 0.21084400E-02
  500.00000    	  501.00000    	-0.93951471    	 0.20064086E-02
  501.00000    	  502.00000    	-0.87337128    	 0.19209264E-02
  502.00000    	  503.00000    	-0.79890057    	 0.18877985E-02
  503.00000    	  504.00000    	-0.72276513    	 0.17118584E-02
  504.00000    	  505.00000    	-0.64498263    	 0.16222514E-02
  505.00000    	  506.00000    	-0.56636181    	 0.15537500E-02
  506.00000    	  507.00000    	 -1.1068549    	 0.24481126E-02
  507.00000    	  508.00000    	 -1.0919262    	 0.23609385E-02
  508.00000    	  509.00000    	 -1.0684884    	 0.22745386E-02
  509.00000    	  510.00000    	 -1.0260163    	 0.21716563E-02
  510.00000    	  511.00000    	-0.97985246    	 0.20719205E-02
  511.00000    	  512.00000    	-0.92196863    	 0.19818352E-02
  512.00000    	  513.00000    	-0.85409452    	 0.18764415E-02
  513.00000    	  514.00000    	-0.78418972    	 0.17905778E-02
  514.00000    	  515.00000    	-0.70618326    	 0.17052051E-02
  515.00000    	  516.00000    	-0.63155021    	 0.16059827E-02
  516.00000    	  517.00000    	-0.55408054    	 0.15274864E-02
  517.00000    	  518.00000    	 -1.0875180    	 0.24298669E-02
  518.00000    	  519.00000    	 -1.0723547    	 0.23392904E-02
  519.00000    	  520.00000    	 -1.0484168    	 0.22854429E-02
  520.00000    	  521.00000    	 -1.0096929    	 0.21865544E-02
  521.00000    	  522.00000    	-0.95959300    	 0.20731452E-02
  522.00000    	  523.00000    	-0.89974041    	 0.19511338E-02
  523.00000    	  524.00000    	-0.83531897    	 0.18646990E-02
  524.00000    	  525.00000    	-0.76359413    	 0.17650699E-02
  525.00000    	  526.00000    	-0.69014376    	 0.16849287E-02
  526.00000    	  527.00000    	-0.61578549    	 0.16021946E-02
  527.00000    	  528.00000    	-0.54306184    	 0.15178468E-02
  528.00000    	  529.00000    	 -1.0626247    	 0.24008134E-02
  529.00000    	  530.00000    	 -1.0478607    	 0.23160814E-02
  530.00000    	  531.00000    	 -1.0274526    	 0.22361949E-02
  531.00000    	  532.00000    	-0.98983241    	 0.21396329E-02
  532.00000    	  533.00000    	-0.93869661    	 0.20312480E-02
  533.00000    	  534.00000    	-0.88222924    	 0.19399574E-02
  534.00000    	  535.00000    	-0.81968537    	 0.18437482E-02
  535.00000    	  536.00000    	-0.74855952    	 0.17556510E-02
  536.00000    	  537.00000    	-0.67722257    	 0.16693369E-02
  537.00000    	  538.00000    	-0.60172789    	 0.15685445E-02
  538.00000    	  539.00000    	-0.52952993    	 0.15012580E-02
  539.00000    	  540.00000    	 -1.0404118    	 0.23704989E-02
  540.00000    	  541.00000    	 -1.0282666    	 0.22960437E-02
  541.00000    	  542.00000    	 -1.0023711    	 0.22077286E-02
  542.00000    	  543.00000    	-0.96813244    	 0.21262605E-02
  543.00000    	  544.00000    	-0.92157074    	 0.20228158E-02
  544.00000    	  545.00000    	-0.86186367    	 0.19156251E-02
  545.00000    	  546.00000    	-0.79936758    	 0.18334789E-02
  546.00000    	  547.00000    	-0.73487245    	 0.17323692E-02
  547.00000    	  548.00000    	-0.65934596    	 0.16431703E-02
  548.00000    	  549.00000    	-0.58901566    	 0.15555151E-02
  549.00000    	  550.00000    	-0.51530584    	 0.14774170E-02
  550.00000    	  551.00000    	 -1.0210769    	 0.23541892E-02
  551.00000    	  552.00000    	 -1.0098725    	 0.22766000E-02
  552.00000    	  553.00000    	-0.98159740    	 0.21971064E-02
  553.00000    	  554.00000    	-0.95005485    	 0.20951375E-02
  554.00000    	  555.00000    	-0.90329539    	 0.20051783E-02
  555.00000    	  556.00000    	-0.84821119    	 0.19436862E-02
  556.00000    	  557.00000    	-0.78629700    	 0.18118054E-02
  557.00000    	  558.00000    	-0.71822808    	 0.17274811E-02
  558.00000    	  559.00000    	-0.64755832    	 0.16338308E-02
  559.00000    	  560.00000    	-0.57633175    	 0.15454975E-02
  560.00000    	  561.00000    	-0.50528105    	 0.14660150E-02
  561.00000    	  562.00000    	 -1.0020172    	 0.23330373E-02
  562.00000    	  563.00000    	-0.98717818    	 0.22567555E-02
  563.00000    	  564.00000    	-0.96417054    	 0.21672192E-02
  564.00000    	  565.00000    	-0.93246587    	 0.20891501E-02
  565.00000    	  566.00000    	-0.88609459    	 0.19865807E-02
  566.00000    	  567.00000    	-0.83101358    	 0.18976755E-02
  567.00000    	  568.00000    	-0.76726848    	 0.17888530E-02
  568.00000    	  569.00000    	-0.70209219    	 0.16964939E-02
  569.00000    	  570.00000    	-0.63592416    	 0.16124308E-02
  570.00000    	  571.00000    	-0.56532393    	 0.15324100E-02
  571.00000    	  572.00000    	-0.49889731    	 0.14722485E-02
  572.00000    	  573.00000    	-0.98561047    	 0.23176425E-02
  573.00000    	  574.00000    	-0.96914082    	 0.22321919E-02
  574.00000    	  575.00000    	-0.94500662    	 0.21499066E-02
  575.00000    	  576.00000    	-0.91090814    	 0.20775045E-02
  576.00000    	  577.00000    	-0.86613900    	 0.19635394E-02
  577.00000    	  578.00000    	-0.81434002    	 0.18814947E-02
  578.00000    	  579.00000    	-0.75380830    	 0.17864646E-02
  579.00000    	  580.00000    	-0.68772851    	 0.16901786E-02
  580.00000    	  581.00000    	-0.62088852    	 0.15975332E-02
  581.00000    	  582.00000    	-0.55236360    	 0.15118657E-02
  582.00000    	  583.00000    	-0.48353318    	 0.14435268E-02
  583.00000    	  584.00000    	-0.96322946    	 0.22925077E-02
  584.00000    	  585.00000    	-0.95215265    	 0.22159052E-02
  585.00000    	  586.00000    	-0.92581332    	 0.21277680E-02
  586.00000    	  587.00000    	-0.89379115    	 0.20413357E-02
  587.00000    	  588.00000    	-0.84934140    	 0.19510145E-02
  588.00000    	  589.00000    	-0.79773745    	 0.18661712E-02
  589.00000    	  590.00000    	-0.73600144    	 0.17522730E-02
  590.00000    	  591.00000    	-0.67335326    	 0.16691749E-02
  591.00000    	  592.00000    	-0.60894973    	 0.15835105E-02
  592.00000    	  593.00000    	-0.54072602    	 0.15087907E-02
  593.00000    	  594.00000    	-0.47274876    	 0.14269875E-02
  594.00000    	  595.00000    	-0.94331290    	 0.22681785E-02
  595.00000    	  596.00000    	-0.92999746    	 0.21847520E-02
  596.00000    	  597.00000    	-0.90974962    	 0.21129617E-02
  597.00000    	  598.00000    	-0.87570087    	 0.20250117E-02
  598.00000    	  599.00000    	-0.83406396    	 0.19346184E-02
  599.00000    	  600.00000    	-0.78152477    	 0.18459047E-02
  600.00000    	  601.00000    	-0.72410563    	 0.17558843E-02
  601.00000    	  602.00000    	-0.65994639    	 0.16494113E-02
  602.00000    	  603.00000    	-0.59445324    	 0.15692839E-02
  603.00000    	  604.00000    	-0.52823465    	 0.14856189E-02
  604.00000    	  605.00000    	-0.46285745    	 0.14113777E-02
  605.00000    	  606.00000    	-0.92518382    	 0.22463467E-02
  606.00000    	  607.00000    	-0.91682801    	 0.21812848E-02
  607.00000    	  608.00000    	-0.89579123    	 0.20982748E-02
  608.00000    	  609.00000    	-0.85926606    	 0.20073791E-02
  609.00000    	  610.00000    	-0.81334098    	 0.19184471E-02
  610.00000    	  611.00000    	-0.76681780    	 0.18213297E-02
  611.00000    	  612.00000    	-0.70688651    	 0.17306935E-02
  612.00000    	  613.00000    	-0.64662964    	 0.16372516E-02
  613.00000    	  614.00000    	-0.58283461    	 0.15508805E-02
  614.00000    	  615.00000    	-0.51755644    	 0.14672044E-02
  615.00000    	  616.00000    	-0.45404924    	 0.13991111E-02
  616.00000    	  617.00000    	-0.90970567    	 0.22322920E-02
  617.00000    	  618.00000    	-0.89747209    	 0.21680862E-02
  618.00000    	  619.00000    	-0.87328017    	 0.20821802E-02
  619.00000    	  620.00000    	-0.84460748    	 0.20173784E-02
  620.00000    	  621.00000    	-0.79941166    	 0.18939212E-02
  621.00000    	  622.00000    	-0.75146158    	 0.18145630E-02
  622.00000    	  623.00000    	-0.69366968    	 0.17131453E-02
  623.00000    	  624.00000    	-0.63303381    	 0.16163947E-02
  624.00000    	  625.00000    	-0.57031109    	 0.15300676E-02
  625.00000    	  626.00000    	-0.50722331    	 0.14581793E-02
  626.00000    	  627.00000    	-0.44578013    	 0.14005250E-02
  627.00000    	  628.00000    	-0.89198770    	 0.22069211E-02
  628.00000    	  629.00000    	-0.88211823    	 0.21378459E-02
  629.00000    	  630.00000    	-0.85986072    	 0.20592388E-02
  630.00000    	  631.00000    	-0.82567635    	 0.19708611E-02
  631.00000    	  632.00000    	-0.78821007    	 0.18891843E-02
  632.00000    	  633.00000    	-0.73516058    	 0.17891678E-02
  633.00000    	  634.00000    	-0.68024601    	 0.17005769E-02
  634.00000    	  635.00000    	-0.62119018    	 0.16048490E-02
  635.00000    	  636.00000    	-0.55943541    	 0.15174795E-02
  636.00000    	  637.00000    	-0.49583514    	 0.14424887E-02
  637.00000    	  638.00000    	-0.43256365    	 0.13727203E-02
  638.00000    	  639.00000    	-0.87145542    	 0.21854001E-02
  639.00000    	  640.00000    	-0.86596523    	 0.21315999E-02
  640.00000    	  641.00000    	-0.83980175    	 0.20368746E-02
  641.00000    	  642.00000    	-0.81094345    	 0.19550864E-02
  642.00000    	  643.00000    	-0.77046572    	 0.18662141E-02
  643.00000    	  644.00000    	-0.72018134    	 0.17730759E-02
  644.00000    	  645.00000    	-0.66822109    	 0.16955847E-02
  645.00000    	  646.00000    	-0.60829758    	 0.15924598E-02
  646.00000    	  647.00000    	-0.54758801    	 0.15102587E-02
  647.00000    	  648.00000    	-0.48644917    	 0.14295069E-02
  648.00000    	  649.00000    	-0.42670812    	 0.13701264E-02
  649.00000    	  650.00000    	-0.85822449    	 0.21700246E-02
  650.00000    	  651.00000    	-0.84772527    	 0.20997673E-02
  651.00000    	  652.00000    	-0.82619789    	 0.20205882E-02
  652.00000    	  653.00000    	-0.79523721    	 0.19559604E-02
  653.00000    	  654.00000    	-0.75397724    	 0.18506581E-02
  654.00000    	  655.00000    	-0.70856137    	 0.17616492E-02
  655.00000    	  656.00000    	-0.65295538    	 0.16638910E-02
  656.00000    	  657.00000    	-0.59812056    	 0.15770602E-02
  657.00000    	  658.00000    	-0.53720392    	 0.14944352E-02
  658.00000    	  659.00000    	-0.47603974    	 0.14187271E-02
  659.00000    	  660.00000    	-0.41810421    	 0.13543636E-02
  660.00000    	  661.00000    	-0.84108833    	 0.21485811E-02
  661.00000    	  662.00000    	-0.83085441    	 0.20796175E-02
  662.00000    	  663.00000    	-0.81167015    	 0.20160608E-02
  663.00000    	  664.00000    	-0.77953503    	 0.19216557E-02
  664.00000    	  665.00000    	-0.74282042    	 0.18418324E-02
  665.00000    	  666.00000    	-0.69235505    	 0.17485650E-02
  666.00000    	  667.00000    	-0.64298775    	 0.16586392E-02
  667.00000    	  668.00000    	-0.58464511    	 0.15539093E-02
  668.00000    	  669.00000    	-0.52717133    	 0.14840665E-02
  669.00000    	  670.00000    	-0.46733858    	 0.14010859E-02
  670.00000    	  671.00000    	-0.40799396    	 0.13428474E-02
  671.00000    	  672.00000    	-0.82553140    	 0.21310040E-02
  672.00000    	  673.00000    	-0.81793701    	 0.20674917E-02
  673.00000    	  674.00000    	-0.79771179    	 0.19959826E-02
  674.00000    	  675.00000    	-0.76692672    	 0.19164884E-02
  675.00000    	  676.00000    	-0.72510678    	 0.18153022E-02
  676.00000    	  677.00000    	-0.67957851    	 0.17287061E-02
  677.00000    	  678.00000    	-0.62914111    	 0.16383381E-02
  678.00000    	  679.00000    	-0.57351090    	 0.15510227E-02
  679.00000    	  680.00000    	-0.51717171    	 0.14687939E-02
  680.00000    	  681.00000    	-0.45707401    	 0.13882819E-02
  681.00000    	  682.00000    	-0.40151497    	 0.13329519E-02
  682.00000    	  683.00000    	-0.81075958    	 0.21137595E-02
  683.00000    	  684.00000    	-0.79720157    	 0.20382074E-02
  684.00000    	  685.00000    	-0.77940935    	 0.19776784E-02
  685.00000    	  686.00000    	-0.74988236    	 0.19213099E-02
  686.00000    	  687.00000    	-0.71127206    	 0.18165590E-02
  687.00000    	  688.00000    	-0.66790624    	 0.17163279E-02
  688.00000    	  689.00000    	-0.61707041    	 0.16243222E-02
  689.00000    	  690.00000    	-0.56449796    	 0.15372166E-02
  690.00000    	  691.00000    	-0.50668577    	 0.14512862E-02
  691.00000    	  692.00000    	-0.44791613    	 0.13738314E-02
  692.00000    	  693.00000    	-0.39357755    	 0.13469046E-02
  693.00000    	  694.00000    	-0.79407769    	 0.20931890E-02
  694.00000    	  695.00000    	-0.78866641    	 0.20393727E-02
  695.00000    	  696.00000    	-0.76309147    	 0.19510835E-02
  696.00000    	  697.00000    	-0.73553122    	 0.18758315E-02
  697.00000    	  698.00000    	-0.70089504    	 0.18026109E-02
  698.00000    	  699.00000    	-0.65381970    	 0.16998608E-02
  699.00000    	  700.00000    	-0.60595530    	 0.16107086E-02
  700.00000    	  701.00000    	-0.55131486    	 0.15225516E-02
  701.00000    	  702.00000    	-0.49413791    	 0.14380908E-02
  702.00000    	  703.00000    	-0.44218593    	 0.13698684E-02
  703.00000    	  704.00000    	-0.38325631    	 0.13093408E-02
  704.00000    	  705.00000    	-0.78082050    	 0.20769239E-02
  705.00000    	  706.00000    	-0.76835758    	 0.20060038E-02
  706.00000    	  707.00000    	-0.74963369    	 0.19343961E-02
  707.00000    	  708.00000    	-0.72143913    	 0.18556901E-02
  708.00000    	  709.00000    	-0.68422628    	 0.17713113E-02
  709.00000    	  710.00000    	-0.64276132    	 0.16877764E-02
  710.00000    	  711.00000    	-0.59487131    	 0.16041825E-02
  711.00000    	  712.00000    	-0.54076997    	 0.15115643E-02
  712.00000    	  713.00000    	-0.48696402    	 0.14296924E-02
  713.00000    	  714.00000    	-0.43374840    	 0.13790613E-02
  714.00000    	  715.00000    	-0.37611558    	 0.12969168E-02
  715.00000    	  716.00000    	-0.76751619    	 0.20652097E-02
  716.00000    	  717.00000    	-0.75649057    	 0.20042436E-02
  717.00000    	  718.00000    	-0.73884306    	 0.19374323E-02
  718.00000    	  719.00000    	-0.70836204    	 0.18450489E-02
  719.00000    	  720.00000    	-0.67320698    	 0.17629195E-02
  720.00000    	  721.00000    	-0.62882312    	 0.16693177E-02
  721.00000    	  722.00000    	-0.58503443    	 0.15904122E-02
  722.00000    	  723.00000    	-0.52968740    	 0.14917107E-02
  723.00000    	  724.00000    	-0.47670643    	 0.14130063E-02
  724.00000    	  725.00000    	-0.42145664    	 0.13417534E-02
  725.00000    	  726.00000    	-0.36928654    	 0.12911360E-02
  726.00000    	  727.00000    	-0.74937668    	 0.20514815E-02
  727.00000    	  728.00000    	-0.74000290    	 0.19733650E-02
  728.00000    	  729.00000    	-0.72365039    	 0.19197539E-02
  729.00000    	  730.00000    	-0.69564854    	 0.18251260E-02
  730.00000    	  731.00000    	-0.66017961    	 0.17485979E-02
  731.00000    	  732.00000    	-0.61826499    	 0.16571537E-02
  732.00000    	  733.00000    	-0.57003274    	 0.15750744E-02
  733.00000    	  734.00000    	-0.52020846    	 0.14765167E-02
  734.00000    	  735.00000    	-0.46764893    	 0.13990050E-02
  735.00000    	  736.00000    	-0.41445138    	 0.13383447E-02
  736.00000    	  737.00000    	-0.36273134    	 0.12827925E-02
  737.00000    	  738.00000    	-0.73854588    	 0.20283808E-02
  738.00000    	  739.00000    	-0.72771918    	 0.19609043E-02
  739.00000    	  740.00000    	-0.70945766    	 0.18884217E-02
  740.00000    	  741.00000    	-0.68255930    	 0.18178298E-02
  741.00000    	  742.00000    	-0.64569852    	 0.17411445E-02
  742.00000    	  743.00000    	-0.60586164    	 0.16489357E-02
  743.00000    	  744.00000    	-0.56101093    	 0.15591876E-02
  744.00000    	  745.00000    	-0.51044829    	 0.14685990E-02
  745.00000    	  746.00000    	-0.45981638    	 0.13960686E-02
  746.00000    	  747.00000    	-0.40444888    	 0.13152852E-02
  747.00000    	  748.00000    	-0.35303187    	 0.12698249E-02
  748.00000    	  749.00000    	-0.72109673    	 0.20020230E-02
  749.00000    	  750.00000    	-0.71600468    	 0.19442082E-02
  750.00000    	  751.00000    	-0.69677788    	 0.18759040E-02
  751.00000    	  752.00000    	-0.66901434    	 0.17974388E-02
  752.00000    	  753.00000    	-0.63667042    	 0.17223501E-02
  753.00000    	  754.00000    	-0.59523079    	 0.16264745E-02
  754.00000    	  755.00000    	-0.54959505    	 0.15417906E-02
  755.00000    	  756.00000    	-0.49991528    	 0.14546022E-02
  756.00000    	  757.00000    	-0.45175019    	 0.13854540E-02
  757.00000    	  758.00000    	-0.39755139    	 0.13183104E-02
  758.00000    	  759.00000    	-0.34948752    	 0.12642554E-02
  759.00000    	  760.00000    	-0.71312349    	 0.19959158E-02
  760.00000    	  761.00000    	-0.70156819    	 0.19291348E-02
  761.00000    	  762.00000    	-0.68343385    	 0.18621372E-02
  762.00000    	  763.00000    	-0.65827309    	 0.17888517E-02
  763.00000    	  764.00000    	-0.62233853    	 0.17035826E-02
  764.00000    	  765.00000    	-0.58460849    	 0.16258015E-02
  765.00000    	  766.00000    	-0.54083078    	 0.15313242E-02
  766.00000    	  767.00000    	-0.48994100    	 0.14410668E-02
  767.00000    	  768.00000    	-0.44014702    	 0.13599605E-02
  768.00000    	  769.00000    	-0.39245105    	 0.13170421E-02
  769.00000    	  770.00000    	-0.34185844    	 0.12463568E-02
  770.00000    	  771.00000    	-0.69590449    	 0.19733897E-02
  771.00000    	  772.00000    	-0.68614628    	 0.19076066E-02
  772.00000    	  773.00000    	-0.66952179    	 0.18441821E-02
  773.00000    	  774.00000    	-0.64655488    	 0.17741264E-02
  774.00000    	  775.00000    	-0.61290440    	 0.16933756E-02
  775.00000    	  776.00000    	-0.57298895    	 0.15998465E-02
  776.00000    	  777.00000    	-0.52621101    	 0.15096477E-02
  777.00000    	  778.00000    	-0.48191847    	 0.14321487E-02
  778.00000    	  779.00000    	-0.43144171    	 0.13530960E-02
  779.00000    	  780.00000    	-0.38335084    	 0.12950222E-02
  780.00000    	  781.00000    	-0.33267735    	 0.12387030E-02
  781.00000    	  782.00000    	-0.68372023    	 0.19582955E-02
  782.00000    	  783.00000    	-0.67689762    	 0.19022635E-02
  783.00000    	  784.00000    	-0.65953875    	 0.18365909E-02
  784.00000    	  785.00000    	-0.63060593    	 0.17582634E-02
  785.00000    	  786.00000    	-0.60221945    	 0.16760943E-02
  786.00000    	  787.00000    	-0.56416120    	 0.16031957E-02
  787.00000    	  788.00000    	-0.52070876    	 0.15087871E-02
  788.00000    	  789.00000    	-0.47429762    	 0.14250528E-02
  789.00000    	  790.00000    	-0.42559444    	 0.13477927E-02
  790.00000    	  791.00000    	-0.37639532    	 0.12887176E-02
  791.00000    	  792.00000    	-0.32905454    	 0.12374941E-02
  792.00000    	  793.00000    	-0.67311392    	 0.19465867E-02
  793.00000    	  794.00000    	-0.65936733    	 0.18758068E-02
  794.00000    	  795.00000    	-0.64710889    	 0.18180760E-02
  795.00000    	  796.00000    	-0.62064824    	 0.17389541E-02
  796.00000    	  797.00000    	-0.58824447    	 0.16597756E-02
  797.00000    	  798.00000    	-0.55153962    	 0.15765063E-02
  798.00000    	  799.00000    	-0.50945315    	 0.14893730E-02
  799.00000    	  800.00000    	-0.46535741    	 0.14091754E-02
  800.00000    	  801.00000    	-0.41735440    	 0.13425602E-02
  801.00000    	  802.00000    	-0.37075606    	 0.12765613E-02
  802.00000    	  803.00000    	-0.31974336    	 0.12212028E-02
  803.00000    	  804.00000    	-0.65758589    	 0.19251930E-02
  804.00000    	  805.00000    	-0.65142184    	 0.18691922E-02
  805.00000    	  806.00000    	-0.63435167    	 0.18013267E-02
  806.00000    	  807.00000    	-0.61056870    	 0.17291256E-02
  807.00000    	  808.00000    	-0.58108186    	 0.16536063E-02
  808.00000    	  809.00000    	-0.54121152    	 0.15797731E-02
  809.00000    	  810.00000    	-0.50020550    	 0.14809178E-02
  810.00000    	  811.00000    	-0.45741240    	 0.13996015E-02
  811.00000    	  812.00000    	-0.40925251    	 0.13223889E-02
  812.00000    	  813.00000    	-0.36226128    	 0.12617347E-02
  813.00000    	  814.00000    	-0.31694913    	 0.12216732E-02
  814.00000    	  815.00000    	-0.64659620    	 0.19119340E-02
  815.00000    	  816.00000    	-0.63816889    	 0.18528413E-02
  816.00000    	  817.00000    	-0.62156469    	 0.18032177E-02
  817.00000    	  818.00000    	-0.60022129    	 0.17203673E-02
  818.00000    	  819.00000    	-0.56605506    	 0.16364586E-02
  819.00000    	  820.00000    	-0.53145851    	 0.15461468E-02
  820.00000    	  821.00000    	-0.48984653    	 0.14632376E-02
  821.00000    	  822.00000    	-0.44590931    	 0.13848456E-02
  822.00000    	  823.00000    	-0.40109835    	 0.13122700E-02
  823.00000    	  824.00000    	-0.35380342    	 0.12456565E-02
  824.00000    	  825.00000    	-0.31034948    	 0.12155892E-02
  825.00000    	  826.00000    	-0.63948659    	 0.19106825E-02
  826.00000    	  827.00000    	-0.62525732    	 0.18340489E-02
  827.00000    	  828.00000    	-0.61094259    	 0.17742869E-02
  828.00000    	  829.00000    	-0.58702775    	 0.17037945E-02
  829.00000    	  830.00000    	-0.55586789    	 0.16181116E-02
  830.00000    	  831.00000    	-0.52128861    	 0.15416560E-02
  831.00000    	  832.00000    	-0.48189504    	 0.14528704E-02
  832.00000    	  833.00000    	-0.43843445    	 0.13676033E-02
  833.00000    	  834.00000    	-0.39436125    	 0.13021410E-02
  834.00000    	  835.00000    	-0.34864309    	 0.12391621E-02
  835.00000    	  836.00000    	-0.30431554    	 0.11878357E-02
  836.00000    	  837.00000    	-0.62252930    	 0.18818046E-02
  837.00000    	  838.00000    	-0.61666186    	 0.18255920E-02
  838.00000    	  839.00000    	-0.60009097    	 0.17710085E-02
  839.00000    	  840.00000    	-0.57497947    	 0.16804299E-02
  840.00000    	  841.00000    	-0.54840098    	 0.16137005E-02
  841.00000    	  842.00000    	-0.51400560    	 0.15294825E-02
  842.00000    	  843.00000    	-0.47448635    	 0.14401071E-02
  843.00000    	  844.00000    	-0.43182226    	 0.13675806E-02
  844.00000    	  845.00000    	-0.38733803    	 0.12893106E-02
  845.00000    	  846.00000    	-0.34355623    	 0.12413830E-02
  846.00000    	  847.00000    	-0.29748669    	 0.11847435E-02
  847.00000    	  848.00000    	-0.61050054    	 0.18669874E-02
  848.00000    	  849.00000    	-0.60298832    	 0.18148678E-02
  849.00000    	  850.00000    	-0.58939177    	 0.17469303E-02
  850.00000    	  851.00000    	-0.56413094    	 0.16683136E-02
  851.00000    	  852.00000    	-0.53901312    	 0.16049618E-02
  852.00000    	  853.00000    	-0.50273684    	 0.15095363E-02
  853.00000    	  854.00000    	-0.46204725    	 0.14229322E-02
  854.00000    	  855.00000    	-0.42362541    	 0.13511101E-02
  855.00000    	  856.00000    	-0.37797763    	 0.12765926E-02
  856.00000    	  857.00000    	-0.33581751    	 0.12282168E-02
  857.00000    	  858.00000    	-0.29232138    	 0.11860967E-02
  858.00000    	  859.00000    	-0.59812214    	 0.18489806E-02
  859.00000    	  860.00000    	-0.59253939    	 0.17974261E-02
  860.00000    	  861.00000    	-0.57971005    	 0.17489232E-02
  861.00000    	  862.00000    	-0.55440880    	 0.16573479E-02
  862.00000    	  863.00000    	-0.52873785    	 0.15887539E-02
  863.00000    	  864.00000    	-0.49521335    	 0.15119768E-02
  864.00000    	  865.00000    	-0.45487771    	 0.14161479E-02
  865.00000    	  866.00000    	-0.41645942    	 0.13417341E-02
  866.00000    	  867.00000    	-0.37316645    	 0.12757590E-02
  867.00000    	  868.00000    	-0.32933999    	 0.12137000E-02
  868.00000    	  869.00000    	-0.28565050    	 0.11614856E-02
  869.00000    	  870.00000    	-0.58648210    	 0.18357260E-02
  870.00000    	  871.00000    	-0.58350927    	 0.17847921E-02
  871.00000    	  872.00000    	-0.56967316    	 0.17317673E-02
  872.00000    	  873.00000    	-0.54437024    	 0.16435694E-02
  873.00000    	  874.00000    	-0.51786374    	 0.15815833E-02
  874.00000    	  875.00000    	-0.48438089    	 0.14859200E-02
  875.00000    	  876.00000    	-0.44901752    	 0.14100684E-02
  876.00000    	  877.00000    	-0.40939778    	 0.13344520E-02
  877.00000    	  878.00000    	-0.36479705    	 0.12557212E-02
  878.00000    	  879.00000    	-0.32188483    	 0.12106489E-02
  879.00000    	  880.00000    	-0.28002012    	 0.11584890E-02
  880.00000    	  881.00000    	-0.57755004    	 0.18259149E-02
  881.00000    	  882.00000    	-0.57182615    	 0.17770093E-02
  882.00000    	  883.00000    	-0.55628871    	 0.17073377E-02
  883.00000    	  884.00000    	-0.53636241    	 0.16382659E-02
  884.00000    	  885.00000    	-0.50673389    	 0.15562120E-02
  885.00000    	  886.00000    	-0.47784882    	 0.14905573E-02
  886.00000    	  887.00000    	-0.43803281    	 0.13880959E-02
  887.00000    	  888.00000    	-0.39963619    	 0.13170766E-02
  888.00000    	  889.00000    	-0.35952411    	 0.12523066E-02
  889.00000    	  890.00000    	-0.31706684    	 0.11985069E-02
  890.00000    	  891.00000    	-0.27606128    	 0.11556375E-02
  891.00000    	  892.00000    	-0.56992576    	 0.18190294E-02
  892.00000    	  893.00000    	-0.55953719    	 0.17536835E-02
  893.00000    	  894.00000    	-0.54649994    	 0.16922174E-02
  894.00000    	  895.00000    	-0.52621720    	 0.16225065E-02
  895.00000    	  896.00000    	-0.49902290    	 0.15404004E-02
  896.00000    	  897.00000    	-0.46403493    	 0.14541910E-02
  897.00000    	  898.00000    	-0.43183483    	 0.13793454E-02
  898.00000    	  899.00000    	-0.39267116    	 0.13102267E-02
  899.00000    	  900.00000    	-0.35077327    	 0.12429555E-02
  900.00000    	  901.00000    	-0.31177754    	 0.11947733E-02
  901.00000    	  902.00000    	-0.26892907    	 0.11284996E-02
  902.00000    	  903.00000    	-0.55738262    	 0.17997692E-02
  903.00000    	  904.00000    	-0.55256762    	 0.17481178E-02
  904.00000    	  905.00000    	-0.53520019    	 0.16765952E-02
  905.00000    	  906.00000    	-0.51594913    	 0.16169260E-02
  906.00000    	  907.00000    	-0.48982046    	 0.15376897E-02
  907.00000    	  908.00000    	-0.46217030    	 0.14577626E-02
  908.00000    	  909.00000    	-0.42487976    	 0.13761216E-02
  909.00000    	  910.00000    	-0.38779325    	 0.13080628E-02
  910.00000    	  911.00000    	-0.34632443    	 0.12317893E-02
  911.00000    	  912.00000    	-0.30734030    	 0.11895726E-02
  912.00000    	  913.00000    	-0.26644546    	 0.11397319E-02
  913.00000    	  914.00000    	-0.54976540    	 0.17962324E-02
  914.00000    	  915.00000    	-0.53885813    	 0.17254832E-02
  915.00000    	  916.00000    	-0.52976354    	 0.16722068E-02
  916.00000    	  917.00000    	-0.50814077    	 0.15962753E-02
  917.00000    	  918.00000    	-0.48039335    	 0.15196894E-02
  918.00000    	  919.00000    	-0.45156372    	 0.14445222E-02
  919.00000    	  920.00000    	-0.41717084    	 0.13613747E-02
  920.00000    	  921.00000    	-0.37706916    	 0.12832584E-02
  921.00000    	  922.00000    	-0.33867761    	 0.12191378E-02
  922.00000    	  923.00000    	-0.29834477    	 0.11712686E-02
  923.00000    	  924.00000    	-0.25978765    	 0.11327314E-02
  924.00000    	  925.00000    	-0.53713272    	 0.17765655E-02
  925.00000    	  926.00000    	-0.53301546    	 0.17279355E-02
  926.00000    	  927.00000    	-0.51867208    	 0.16651794E-02
  927.00000    	  928.00000    	-0.49809693    	 0.15847727E-02
  928.00000    	  929.00000    	-0.47486825    	 0.15147393E-02
  929.00000    	  930.00000    	-0.44162537    	 0.14232574E-02
  930.00000    	  931.00000    	-0.40819462    	 0.13517364E-02
  931.00000    	  932.00000    	-0.37152588    	 0.12715819E-02
  932.00000    	  933.00000    	-0.33388160    	 0.12149953E-02
  933.00000    	  934.00000    	-0.29349670    	 0.11585765E-02
  934.00000    	  935.00000    	-0.25579748    	 0.11261009E-02
  935.00000    	  936.00000    	-0.52708851    	 0.17727225E-02
  936.00000    	  937.00000    	-0.52189422    	 0.17101947E-02
  937.00000    	  938.00000    	-0.50705945    	 0.16381124E-02
  938.00000    	  939.00000    	-0.48971182    	 0.15855401E-02
  939.00000    	  940.00000    	-0.46322730    	 0.14937371E-02
  940.00000    	  941.00000    	-0.43410754    	 0.14128745E-02
  941.00000    	  942.00000    	-0.40143561    	 0.13350395E-02
  942.00000    	  943.00000    	-0.36509083    	 0.12695320E-02
  943.00000    	  944.00000    	-0.32773811    	 0.12089168E-02
  944.00000    	  945.00000    	-0.29053576    	 0.11627047E-02
  945.00000    	  946.00000    	-0.24954439    	 0.11091444E-02
  946.00000    	  947.00000    	-0.51633302    	 0.17499224E-02
  947.00000    	  948.00000    	-0.51350046    	 0.16990555E-02
  948.00000    	  949.00000    	-0.49777258    	 0.16302601E-02
  949.00000    	  950.00000    	-0.47849132    	 0.15553985E-02
  950.00000    	  951.00000    	-0.45407155    	 0.14780781E-02
  951.00000    	  952.00000    	-0.42644447    	 0.14096968E-02
  952.00000    	  953.00000    	-0.39221092    	 0.13230005E-02
  953.00000    	  954.00000    	-0.35922040    	 0.12595972E-02
  954.00000    	  955.00000    	-0.32201640    	 0.12017890E-02
  955.00000    	  956.00000    	-0.28391543    	 0.11566774E-02
  956.00000    	  957.00000    	-0.24576437    	 0.10987859E-02
  957.00000    	  958.00000    	-0.50979064    	 0.17475117E-02
  958.00000    	  959.00000    	-0.50381339    	 0.16870888E-02
  959.00000    	  960.00000    	-0.49002318    	 0.16228105E-02
  960.00000    	  961.00000    	-0.46809721    	 0.15521700E-02
  961.00000    	  962.00000    	-0.44700157    	 0.14725821E-02
  962.00000    	  963.00000    	-0.42074142    	 0.14006717E-02
  963.00000    	  964.00000    	-0.38643732    	 0.13192922E-02
  964.00000    	  965.00000    	-0.35146773    	 0.12473533E-02
  965.00000    	  966.00000    	-0.31542941    	 0.11849128E-02
  966.00000    	  967.00000    	-0.27973249    	 0.11494305E-02
  967.00000    	  968.00000    	-0.24098897    	 0.10899226E-02
  968.00000    	  969.00000    	-0.50035413    	 0.17316849E-02
  969.00000    	  970.00000    	-0.49079653    	 0.16688440E-02
  970.00000    	  971.00000    	-0.48118222    	 0.16097954E-02
  971.00000    	  972.00000    	-0.46369385    	 0.15383544E-02
  972.00000    	  973.00000    	-0.43940224    	 0.14648968E-02
  973.00000    	  974.00000    	-0.40955394    	 0.13760580E-02
  974.00000    	  975.00000    	-0.37880147    	 0.13023190E-02
  975.00000    	  976.00000    	-0.34467668    	 0.12325867E-02
  976.00000    	  977.00000    	-0.31212742    	 0.11989324E-02
  977.00000    	  978.00000    	-0.27152872    	 0.11319648E-02
  978.00000    	  979.00000    	-0.23702141    	 0.11143071E-02
  979.00000    	  980.00000    	-0.49250924    	 0.17272821E-02
  980.00000    	  981.00000    	-0.48435905    	 0.16752152E-02
  981.00000    	  982.00000    	-0.47260787    	 0.15965960E-02
  982.00000    	  983.00000    	-0.45221330    	 0.15213802E-02
  983.00000    	  984.00000    	-0.43214173    	 0.14532262E-02
  984.00000    	  985.00000    	-0.40650800    	 0.13805753E-02
  985.00000    	  986.00000    	-0.37357226    	 0.12942861E-02
  986.00000    	  987.00000    	-0.34023369    	 0.12286008E-02
  987.00000    	  988.00000    	-0.30650873    	 0.11795254E-02
  988.00000    	  989.00000    	-0.26846139    	 0.11192602E-02
  989.00000    	  990.00000    	-0.23253505    	 0.10871114E-02
  990.00000    	  991.00000    	-0.48045692    	 0.17058215E-02
  991.00000    	  992.00000    	-0.47672721    	 0.16519698E-02
  992.00000    	  993.00000    	-0.46225561    	 0.15831633E-02
  993.00000    	  994.00000    	-0.44663824    	 0.15146863E-02
  994.00000    	  995.00000    	-0.42347622    	 0.14383205E-02
  995.00000    	  996.00000    	-0.39681161    	 0.13714069E-02
  996.00000    	  997.00000    	-0.36596808    	 0.12897155E-02
  997.00000    	  998.00000    	-0.33433872    	 0.12266610E-02
  998.00000    	  999.00000    	-0.29795309    	 0.11625652E-02
  999.00000    	  1000.0000    	-0.26162617    	 0.11079858E-02
  1000.0000    	  1001.0000    	-0.22792004    	 0.10854902E-02
  1001.0000    	  1002.0000    	-0.47300771    	 0.17075769E-02
  1002.0000    	  1003.0000    	-0.46565398    	 0.16408785E-02
  1003.0000    	  1004.0000    	-0.45559782    	 0.15744089E-02
  1004.0000    	  1005.0000    	-0.43854917    	 0.15020369E-02
  1005.0000    	  1006.0000    	-0.41424322    	 0.14245029E-02
  1006.0000    	  1007.0000    	-0.39048653    	 0.13512278E-02
  1007.0000    	  1008.0000    	-0.35894654    	 0.12753331E-02
  1008.0000    	  1009.0000    	-0.32905839    	 0.12174824E-02
  1009.0000    	  1010.0000    	-0.29478989    	 0.11675923E-02
  1010.0000    	  1011.0000    	-0.25899749    	 0.11119966E-02
  1011.0000    	  1012.0000    	-0.22344086    	 0.10696735E-02
  1012.0000    	  1013.0000    	-0.46450122    	 0.16878127E-02
  1013.0000    	  1014.0000    	-0.45988413    	 0.16362338E-02
  1014.0000    	  1015.0000    	-0.44582473    	 0.15663849E-02
  1015.0000    	  1016.0000    	-0.43103617    	 0.14928889E-02
  1016.0000    	  1017.0000    	-0.40771546    	 0.14164565E-02
  1017.0000    	  1018.0000    	-0.38413704    	 0.13506032E-02
  1018.0000    	  1019.0000    	-0.35410302    	 0.12681190E-02
  1019.0000    	  1020.0000    	-0.32141523    	 0.12049694E-02
  1020.0000    	  1021.0000    	-0.28834982    	 0.11521025E-02
  1021.0000    	  1022.0000    	-0.25309611    	 0.11030263E-02
  1022.0000    	  1023.0000    	-0.22031808    	 0.10787126E-02
  1023.0000    	  1024.0000    	-0.45433713    	 0.16711255E-02
  1024.0000    	  1025.0000    	-0.45051410    	 0.16184888E-02
  1025.0000    	  1026.0000    	-0.43918342    	 0.15533744E-02
  1026.0000    	  1027.0000    	-0.42196835    	 0.15005242E-02
  1027.0000    	  1028.0000    	-0.40032541    	 0.14066923E-02
  1028.0000    	  1029.0000    	-0.37515029    	 0.13310257E-02
  1029.0000    	  1030.0000    	-0.34867961    	 0.12744790E-02
  1030.0000    	  1031.0000    	-0.31617931    	 0.12028140E-02
  1031.0000    	  1032.0000    	-0.28292692    	 0.11463156E-02
  1032.0000    	  1033.0000    	-0.24765134    	 0.10968029E-02
  1033.0000    	  1034.0000    	-0.21580726    	 0.10648695E-02
