# xi0
# underflow	  337.04297    	 0.35327235E-01
# overflow	  1.0229085    	 0.67311798E-03
# sum	  613.63401    	 0.38976185E-01
# xmin	xmax	cross	numerror
  0.0000000    	  1.0000000    	 0.82140291    	 0.12692301E-02
  1.0000000    	  2.0000000    	 0.83155171    	 0.12378969E-02
  2.0000000    	  3.0000000    	 0.85612749    	 0.12802677E-02
  3.0000000    	  4.0000000    	 0.88925369    	 0.13463864E-02
  4.0000000    	  5.0000000    	 0.92813984    	 0.13677565E-02
  5.0000000    	  6.0000000    	 0.96580485    	 0.14067646E-02
  6.0000000    	  7.0000000    	 0.99825511    	 0.13964287E-02
  7.0000000    	  8.0000000    	  1.0251158    	 0.13545870E-02
  8.0000000    	  9.0000000    	  1.0384511    	 0.13346319E-02
  9.0000000    	  10.000000    	  1.0407000    	 0.13071423E-02
  10.000000    	  11.000000    	  1.0289872    	 0.12454631E-02
  11.000000    	  12.000000    	 0.79102120    	 0.11706129E-02
  12.000000    	  13.000000    	 0.80468604    	 0.12109770E-02
  13.000000    	  14.000000    	 0.82579519    	 0.12007052E-02
  14.000000    	  15.000000    	 0.85508993    	 0.12316258E-02
  15.000000    	  16.000000    	 0.88692172    	 0.12701974E-02
  16.000000    	  17.000000    	 0.92108773    	 0.12934878E-02
  17.000000    	  18.000000    	 0.94884973    	 0.13179627E-02
  18.000000    	  19.000000    	 0.96987559    	 0.13114332E-02
  19.000000    	  20.000000    	 0.97942824    	 0.12616159E-02
  20.000000    	  21.000000    	 0.97686373    	 0.12190674E-02
  21.000000    	  22.000000    	 0.96117688    	 0.11765122E-02
  22.000000    	  23.000000    	 0.76362070    	 0.10825627E-02
  23.000000    	  24.000000    	 0.77421307    	 0.11066439E-02
  24.000000    	  25.000000    	 0.79440637    	 0.11050114E-02
  25.000000    	  26.000000    	 0.82139288    	 0.11489926E-02
  26.000000    	  27.000000    	 0.85060668    	 0.11999410E-02
  27.000000    	  28.000000    	 0.87793645    	 0.11981143E-02
  28.000000    	  29.000000    	 0.90218792    	 0.12036107E-02
  29.000000    	  30.000000    	 0.91890877    	 0.11955681E-02
  30.000000    	  31.000000    	 0.92483330    	 0.11788182E-02
  31.000000    	  32.000000    	 0.91990068    	 0.11570018E-02
  32.000000    	  33.000000    	 0.90351548    	 0.11177161E-02
  33.000000    	  34.000000    	 0.73668993    	 0.10229861E-02
  34.000000    	  35.000000    	 0.74716441    	 0.10323084E-02
  35.000000    	  36.000000    	 0.76443895    	 0.10431836E-02
  36.000000    	  37.000000    	 0.78864472    	 0.10784912E-02
  37.000000    	  38.000000    	 0.81548753    	 0.11175433E-02
  38.000000    	  39.000000    	 0.84022847    	 0.11196672E-02
  39.000000    	  40.000000    	 0.86105682    	 0.11562827E-02
  40.000000    	  41.000000    	 0.87196070    	 0.11420917E-02
  41.000000    	  42.000000    	 0.87541837    	 0.11187685E-02
  42.000000    	  43.000000    	 0.86677980    	 0.11219791E-02
  43.000000    	  44.000000    	 0.84873098    	 0.10732191E-02
  44.000000    	  45.000000    	 0.71068297    	 0.95890935E-03
  45.000000    	  46.000000    	 0.72099867    	 0.97730553E-03
  46.000000    	  47.000000    	 0.73772874    	 0.99440948E-03
  47.000000    	  48.000000    	 0.75762467    	 0.10244492E-02
  48.000000    	  49.000000    	 0.78065925    	 0.10260921E-02
  49.000000    	  50.000000    	 0.80383968    	 0.10897086E-02
  50.000000    	  51.000000    	 0.82061967    	 0.10936172E-02
  51.000000    	  52.000000    	 0.82941350    	 0.11022297E-02
  52.000000    	  53.000000    	 0.82993231    	 0.10902591E-02
  53.000000    	  54.000000    	 0.81887099    	 0.10473148E-02
  54.000000    	  55.000000    	 0.79979660    	 0.10287486E-02
  55.000000    	  56.000000    	 0.68723798    	 0.93562270E-03
  56.000000    	  57.000000    	 0.69513274    	 0.90882128E-03
  57.000000    	  58.000000    	 0.70954553    	 0.94904146E-03
  58.000000    	  59.000000    	 0.72918541    	 0.95904789E-03
  59.000000    	  60.000000    	 0.75012965    	 0.10124178E-02
  60.000000    	  61.000000    	 0.76930807    	 0.10284176E-02
  61.000000    	  62.000000    	 0.78131879    	 0.10190911E-02
  62.000000    	  63.000000    	 0.78863640    	 0.10448276E-02
  63.000000    	  64.000000    	 0.78650877    	 0.10266510E-02
  64.000000    	  65.000000    	 0.77583705    	 0.10061289E-02
  65.000000    	  66.000000    	 0.75503020    	 0.97897741E-03
  66.000000    	  67.000000    	 0.66280300    	 0.89104430E-03
  67.000000    	  68.000000    	 0.67039189    	 0.88033018E-03
  68.000000    	  69.000000    	 0.68391057    	 0.88682306E-03
  69.000000    	  70.000000    	 0.70076136    	 0.90120129E-03
  70.000000    	  71.000000    	 0.72144306    	 0.97875841E-03
  71.000000    	  72.000000    	 0.73553113    	 0.98449545E-03
  72.000000    	  73.000000    	 0.74749320    	 0.98330895E-03
  73.000000    	  74.000000    	 0.75174913    	 0.98660537E-03
  74.000000    	  75.000000    	 0.74805977    	 0.98381007E-03
  75.000000    	  76.000000    	 0.73445672    	 0.96291052E-03
  76.000000    	  77.000000    	 0.71423847    	 0.94291963E-03
  77.000000    	  78.000000    	 0.64050300    	 0.84546076E-03
  78.000000    	  79.000000    	 0.64781108    	 0.84414988E-03
  79.000000    	  80.000000    	 0.65993150    	 0.86126380E-03
  80.000000    	  81.000000    	 0.67539890    	 0.88112607E-03
  81.000000    	  82.000000    	 0.69138891    	 0.88448611E-03
  82.000000    	  83.000000    	 0.70587381    	 0.95420714E-03
  83.000000    	  84.000000    	 0.71509604    	 0.94138572E-03
  84.000000    	  85.000000    	 0.71695065    	 0.97114179E-03
  85.000000    	  86.000000    	 0.71117204    	 0.94391628E-03
  86.000000    	  87.000000    	 0.69790952    	 0.92943357E-03
  87.000000    	  88.000000    	 0.67735561    	 0.90876663E-03
  88.000000    	  89.000000    	 0.61912578    	 0.81611127E-03
  89.000000    	  90.000000    	 0.62343393    	 0.78336501E-03
  90.000000    	  91.000000    	 0.63529912    	 0.79915909E-03
  91.000000    	  92.000000    	 0.65071672    	 0.83323674E-03
  92.000000    	  93.000000    	 0.66390722    	 0.87104906E-03
  93.000000    	  94.000000    	 0.67662156    	 0.91481152E-03
  94.000000    	  95.000000    	 0.68348792    	 0.89954217E-03
  95.000000    	  96.000000    	 0.68468373    	 0.91876434E-03
  96.000000    	  97.000000    	 0.67731922    	 0.90163628E-03
  97.000000    	  98.000000    	 0.66347888    	 0.90186413E-03
  98.000000    	  99.000000    	 0.64198371    	 0.87320425E-03
  99.000000    	  100.00000    	 0.59772413    	 0.77107291E-03
  100.00000    	  101.00000    	 0.60329585    	 0.77518533E-03
  101.00000    	  102.00000    	 0.61372473    	 0.77268254E-03
  102.00000    	  103.00000    	 0.62615930    	 0.83040730E-03
  103.00000    	  104.00000    	 0.63830809    	 0.82355879E-03
  104.00000    	  105.00000    	 0.64928253    	 0.86397243E-03
  105.00000    	  106.00000    	 0.65465033    	 0.87918440E-03
  106.00000    	  107.00000    	 0.65336834    	 0.87116101E-03
  107.00000    	  108.00000    	 0.64629305    	 0.87864123E-03
  108.00000    	  109.00000    	 0.63271813    	 0.86517211E-03
  109.00000    	  110.00000    	 0.61070154    	 0.84329597E-03
  110.00000    	  111.00000    	 0.57830537    	 0.77009285E-03
  111.00000    	  112.00000    	 0.58350041    	 0.75560059E-03
  112.00000    	  113.00000    	 0.59148956    	 0.74070802E-03
  113.00000    	  114.00000    	 0.60310299    	 0.78664709E-03
  114.00000    	  115.00000    	 0.61471395    	 0.81601019E-03
  115.00000    	  116.00000    	 0.62302835    	 0.81921823E-03
  116.00000    	  117.00000    	 0.62730147    	 0.84569938E-03
  117.00000    	  118.00000    	 0.62524919    	 0.86505989E-03
  118.00000    	  119.00000    	 0.61735668    	 0.84224071E-03
  119.00000    	  120.00000    	 0.60246655    	 0.83990380E-03
  120.00000    	  121.00000    	 0.58062611    	 0.81560778E-03
  121.00000    	  122.00000    	 0.55833274    	 0.71025236E-03
  122.00000    	  123.00000    	 0.56289271    	 0.74621912E-03
  123.00000    	  124.00000    	 0.57218684    	 0.74875087E-03
  124.00000    	  125.00000    	 0.58167221    	 0.76920611E-03
  125.00000    	  126.00000    	 0.59168690    	 0.79775503E-03
  126.00000    	  127.00000    	 0.59976082    	 0.84142488E-03
  127.00000    	  128.00000    	 0.60126556    	 0.82566011E-03
  128.00000    	  129.00000    	 0.60036334    	 0.83738121E-03
  129.00000    	  130.00000    	 0.59026612    	 0.81645995E-03
  130.00000    	  131.00000    	 0.57474155    	 0.80660035E-03
  131.00000    	  132.00000    	 0.55360365    	 0.79912368E-03
  132.00000    	  133.00000    	 0.53925451    	 0.70604001E-03
  133.00000    	  134.00000    	 0.54476760    	 0.70461822E-03
  134.00000    	  135.00000    	 0.55117138    	 0.69302455E-03
  135.00000    	  136.00000    	 0.56070676    	 0.73385585E-03
  136.00000    	  137.00000    	 0.56963401    	 0.75550082E-03
  137.00000    	  138.00000    	 0.57607404    	 0.76398525E-03
  138.00000    	  139.00000    	 0.57808692    	 0.79742876E-03
  139.00000    	  140.00000    	 0.57440481    	 0.80227097E-03
  140.00000    	  141.00000    	 0.56549055    	 0.79053027E-03
  141.00000    	  142.00000    	 0.55001647    	 0.78692443E-03
  142.00000    	  143.00000    	 0.52759538    	 0.76707492E-03
  143.00000    	  144.00000    	 0.52207330    	 0.70728222E-03
  144.00000    	  145.00000    	 0.52480829    	 0.69143733E-03
  145.00000    	  146.00000    	 0.53270635    	 0.69062367E-03
  146.00000    	  147.00000    	 0.54130130    	 0.70604009E-03
  147.00000    	  148.00000    	 0.54928813    	 0.74934928E-03
  148.00000    	  149.00000    	 0.55476713    	 0.76237089E-03
  149.00000    	  150.00000    	 0.55571150    	 0.75527559E-03
  150.00000    	  151.00000    	 0.55101017    	 0.77192274E-03
  151.00000    	  152.00000    	 0.54082085    	 0.76760934E-03
  152.00000    	  153.00000    	 0.52575228    	 0.76045887E-03
  153.00000    	  154.00000    	 0.50369580    	 0.74501240E-03
  154.00000    	  155.00000    	 0.50460611    	 0.66476313E-03
  155.00000    	  156.00000    	 0.50840131    	 0.64910495E-03
  156.00000    	  157.00000    	 0.51423626    	 0.66426061E-03
  157.00000    	  158.00000    	 0.52240951    	 0.67468778E-03
  158.00000    	  159.00000    	 0.52793469    	 0.70773103E-03
  159.00000    	  160.00000    	 0.53358046    	 0.72701097E-03
  160.00000    	  161.00000    	 0.53347094    	 0.73715597E-03
  161.00000    	  162.00000    	 0.52876665    	 0.74840811E-03
  162.00000    	  163.00000    	 0.52017352    	 0.77062133E-03
  163.00000    	  164.00000    	 0.50347941    	 0.73906899E-03
  164.00000    	  165.00000    	 0.48103808    	 0.72321097E-03
  165.00000    	  166.00000    	 0.48754507    	 0.63784057E-03
  166.00000    	  167.00000    	 0.49104261    	 0.62171022E-03
  167.00000    	  168.00000    	 0.49661874    	 0.64262987E-03
  168.00000    	  169.00000    	 0.50368570    	 0.67227204E-03
  169.00000    	  170.00000    	 0.51050186    	 0.68770645E-03
  170.00000    	  171.00000    	 0.51362358    	 0.72659773E-03
  171.00000    	  172.00000    	 0.51337978    	 0.71676710E-03
  172.00000    	  173.00000    	 0.50935699    	 0.73660336E-03
  173.00000    	  174.00000    	 0.49760450    	 0.72641430E-03
  174.00000    	  175.00000    	 0.48222965    	 0.71756046E-03
  175.00000    	  176.00000    	 0.46107693    	 0.70539915E-03
  176.00000    	  177.00000    	 0.47184390    	 0.62672857E-03
  177.00000    	  178.00000    	 0.47495563    	 0.60854295E-03
  178.00000    	  179.00000    	 0.48032569    	 0.61765019E-03
  179.00000    	  180.00000    	 0.48655396    	 0.65786927E-03
  180.00000    	  181.00000    	 0.49251041    	 0.65788624E-03
  181.00000    	  182.00000    	 0.49495422    	 0.69464358E-03
  182.00000    	  183.00000    	 0.49412065    	 0.72499521E-03
  183.00000    	  184.00000    	 0.48827862    	 0.71912000E-03
  184.00000    	  185.00000    	 0.47878511    	 0.70401256E-03
  185.00000    	  186.00000    	 0.46240859    	 0.69950887E-03
  186.00000    	  187.00000    	 0.44154599    	 0.68556885E-03
  187.00000    	  188.00000    	 0.45634250    	 0.60679645E-03
  188.00000    	  189.00000    	 0.45943742    	 0.59850116E-03
  189.00000    	  190.00000    	 0.46418884    	 0.61888832E-03
  190.00000    	  191.00000    	 0.47030331    	 0.63478672E-03
  191.00000    	  192.00000    	 0.47544378    	 0.66599321E-03
  192.00000    	  193.00000    	 0.47713922    	 0.67612646E-03
  193.00000    	  194.00000    	 0.47584348    	 0.70576490E-03
  194.00000    	  195.00000    	 0.47026739    	 0.68843000E-03
  195.00000    	  196.00000    	 0.45916949    	 0.68802601E-03
  196.00000    	  197.00000    	 0.44399584    	 0.68813336E-03
  197.00000    	  198.00000    	 0.42272239    	 0.66681547E-03
  198.00000    	  199.00000    	 0.44141929    	 0.60538796E-03
  199.00000    	  200.00000    	 0.44417782    	 0.58443905E-03
  200.00000    	  201.00000    	 0.44914168    	 0.57842836E-03
  201.00000    	  202.00000    	 0.45382503    	 0.60793276E-03
  202.00000    	  203.00000    	 0.45769774    	 0.63948624E-03
  203.00000    	  204.00000    	 0.46045766    	 0.65231148E-03
  204.00000    	  205.00000    	 0.45890072    	 0.66581981E-03
  205.00000    	  206.00000    	 0.45359561    	 0.67299360E-03
  206.00000    	  207.00000    	 0.44267290    	 0.70000061E-03
  207.00000    	  208.00000    	 0.42648664    	 0.66729543E-03
  208.00000    	  209.00000    	 0.40602726    	 0.65126837E-03
  209.00000    	  210.00000    	 0.42795104    	 0.59163768E-03
  210.00000    	  211.00000    	 0.43052929    	 0.58572777E-03
  211.00000    	  212.00000    	 0.43376296    	 0.58209136E-03
  212.00000    	  213.00000    	 0.43920075    	 0.60134330E-03
  213.00000    	  214.00000    	 0.44340641    	 0.61132313E-03
  214.00000    	  215.00000    	 0.44422487    	 0.63569983E-03
  215.00000    	  216.00000    	 0.44252072    	 0.64712452E-03
  216.00000    	  217.00000    	 0.43567460    	 0.65431440E-03
  217.00000    	  218.00000    	 0.42532891    	 0.65194664E-03
  218.00000    	  219.00000    	 0.41044816    	 0.64684470E-03
  219.00000    	  220.00000    	 0.38859740    	 0.63325334E-03
  220.00000    	  221.00000    	 0.41359851    	 0.54717727E-03
  221.00000    	  222.00000    	 0.41574583    	 0.54891605E-03
  222.00000    	  223.00000    	 0.41978241    	 0.55303267E-03
  223.00000    	  224.00000    	 0.42376325    	 0.58574378E-03
  224.00000    	  225.00000    	 0.42748811    	 0.60617654E-03
  225.00000    	  226.00000    	 0.42909944    	 0.61739435E-03
  226.00000    	  227.00000    	 0.42646456    	 0.63277050E-03
  227.00000    	  228.00000    	 0.41997276    	 0.63569168E-03
  228.00000    	  229.00000    	 0.40959366    	 0.64021023E-03
  229.00000    	  230.00000    	 0.39430075    	 0.63199045E-03
  230.00000    	  231.00000    	 0.37426757    	 0.62257125E-03
  231.00000    	  232.00000    	 0.40027811    	 0.54605128E-03
  232.00000    	  233.00000    	 0.40281591    	 0.56352689E-03
  233.00000    	  234.00000    	 0.40661764    	 0.56140523E-03
  234.00000    	  235.00000    	 0.41035254    	 0.58181558E-03
  235.00000    	  236.00000    	 0.41303989    	 0.60392965E-03
  236.00000    	  237.00000    	 0.41455561    	 0.61165844E-03
  237.00000    	  238.00000    	 0.41138725    	 0.61148422E-03
  238.00000    	  239.00000    	 0.40535142    	 0.62113911E-03
  239.00000    	  240.00000    	 0.39503655    	 0.64531089E-03
  240.00000    	  241.00000    	 0.37956143    	 0.61664475E-03
  241.00000    	  242.00000    	 0.35891506    	 0.60417511E-03
  242.00000    	  243.00000    	 0.38739970    	 0.54206807E-03
  243.00000    	  244.00000    	 0.38981687    	 0.54697999E-03
  244.00000    	  245.00000    	 0.39350480    	 0.54980194E-03
  245.00000    	  246.00000    	 0.39632977    	 0.55249581E-03
  246.00000    	  247.00000    	 0.39928749    	 0.57201703E-03
  247.00000    	  248.00000    	 0.39942377    	 0.58899972E-03
  248.00000    	  249.00000    	 0.39690336    	 0.62267479E-03
  249.00000    	  250.00000    	 0.39099457    	 0.60495786E-03
  250.00000    	  251.00000    	 0.38110049    	 0.60877342E-03
  251.00000    	  252.00000    	 0.36534972    	 0.60383228E-03
  252.00000    	  253.00000    	 0.34529730    	 0.59027197E-03
  253.00000    	  254.00000    	 0.37573560    	 0.52307654E-03
  254.00000    	  255.00000    	 0.37751317    	 0.54425356E-03
  255.00000    	  256.00000    	 0.38032774    	 0.53596767E-03
  256.00000    	  257.00000    	 0.38379333    	 0.54530252E-03
  257.00000    	  258.00000    	 0.38626370    	 0.54858268E-03
  258.00000    	  259.00000    	 0.38691882    	 0.57837338E-03
  259.00000    	  260.00000    	 0.38440313    	 0.58858395E-03
  260.00000    	  261.00000    	 0.37759741    	 0.59865143E-03
  261.00000    	  262.00000    	 0.36719960    	 0.59415435E-03
  262.00000    	  263.00000    	 0.35208765    	 0.58855048E-03
  263.00000    	  264.00000    	 0.33198151    	 0.57641068E-03
  264.00000    	  265.00000    	 0.36316539    	 0.52373490E-03
  265.00000    	  266.00000    	 0.36520299    	 0.51732899E-03
  266.00000    	  267.00000    	 0.36781173    	 0.51152298E-03
  267.00000    	  268.00000    	 0.37179496    	 0.53155433E-03
  268.00000    	  269.00000    	 0.37333463    	 0.54842529E-03
  269.00000    	  270.00000    	 0.37300986    	 0.56813658E-03
  270.00000    	  271.00000    	 0.37058707    	 0.56954279E-03
  271.00000    	  272.00000    	 0.36444857    	 0.57777379E-03
  272.00000    	  273.00000    	 0.35421299    	 0.57959484E-03
  273.00000    	  274.00000    	 0.33907898    	 0.57558288E-03
  274.00000    	  275.00000    	 0.31949304    	 0.56514874E-03
  275.00000    	  276.00000    	 0.35194141    	 0.50702505E-03
  276.00000    	  277.00000    	 0.35289828    	 0.50032335E-03
  277.00000    	  278.00000    	 0.35658200    	 0.50727829E-03
  278.00000    	  279.00000    	 0.35923210    	 0.50545885E-03
  279.00000    	  280.00000    	 0.36088432    	 0.52379309E-03
  280.00000    	  281.00000    	 0.36088395    	 0.53903270E-03
  281.00000    	  282.00000    	 0.35894725    	 0.57730001E-03
  282.00000    	  283.00000    	 0.35172736    	 0.57204360E-03
  283.00000    	  284.00000    	 0.34228290    	 0.57064692E-03
  284.00000    	  285.00000    	 0.32787773    	 0.56624496E-03
  285.00000    	  286.00000    	 0.30774742    	 0.55049344E-03
  286.00000    	  287.00000    	 0.34047230    	 0.47584754E-03
  287.00000    	  288.00000    	 0.34211493    	 0.50790282E-03
  288.00000    	  289.00000    	 0.34505558    	 0.49954833E-03
  289.00000    	  290.00000    	 0.34743595    	 0.49230988E-03
  290.00000    	  291.00000    	 0.34945517    	 0.51556993E-03
  291.00000    	  292.00000    	 0.34924954    	 0.54434534E-03
  292.00000    	  293.00000    	 0.34636899    	 0.54558848E-03
  293.00000    	  294.00000    	 0.34045855    	 0.56967133E-03
  294.00000    	  295.00000    	 0.32991541    	 0.55505340E-03
  295.00000    	  296.00000    	 0.31534359    	 0.54976971E-03
  296.00000    	  297.00000    	 0.29612675    	 0.53894561E-03
  297.00000    	  298.00000    	 0.32934674    	 0.46381808E-03
  298.00000    	  299.00000    	 0.33147214    	 0.47918689E-03
  299.00000    	  300.00000    	 0.33319659    	 0.48460938E-03
  300.00000    	  301.00000    	 0.33566364    	 0.49793848E-03
  301.00000    	  302.00000    	 0.33870633    	 0.51128963E-03
  302.00000    	  303.00000    	 0.33854343    	 0.51913695E-03
  303.00000    	  304.00000    	 0.33505126    	 0.55199040E-03
  304.00000    	  305.00000    	 0.32993193    	 0.54363921E-03
  305.00000    	  306.00000    	 0.31935687    	 0.54941229E-03
  306.00000    	  307.00000    	 0.30468363    	 0.53824973E-03
  307.00000    	  308.00000    	 0.28559261    	 0.52908134E-03
  308.00000    	  309.00000    	 0.31895672    	 0.48059856E-03
  309.00000    	  310.00000    	 0.32031141    	 0.44674069E-03
  310.00000    	  311.00000    	 0.32232900    	 0.46136201E-03
  311.00000    	  312.00000    	 0.32508224    	 0.49298517E-03
  312.00000    	  313.00000    	 0.32721197    	 0.49537837E-03
  313.00000    	  314.00000    	 0.32650921    	 0.50401446E-03
  314.00000    	  315.00000    	 0.32424778    	 0.52390495E-03
  315.00000    	  316.00000    	 0.31807825    	 0.52858193E-03
  316.00000    	  317.00000    	 0.30827950    	 0.53087885E-03
  317.00000    	  318.00000    	 0.29389798    	 0.52734709E-03
  318.00000    	  319.00000    	 0.27466055    	 0.51584084E-03
  319.00000    	  320.00000    	 0.30841522    	 0.44318427E-03
  320.00000    	  321.00000    	 0.30988924    	 0.45791773E-03
  321.00000    	  322.00000    	 0.31263502    	 0.45593822E-03
  322.00000    	  323.00000    	 0.31533089    	 0.47506325E-03
  323.00000    	  324.00000    	 0.31713862    	 0.48249842E-03
  324.00000    	  325.00000    	 0.31644643    	 0.49860987E-03
  325.00000    	  326.00000    	 0.31312415    	 0.51424137E-03
  326.00000    	  327.00000    	 0.30852924    	 0.52999819E-03
  327.00000    	  328.00000    	 0.29800670    	 0.52078328E-03
  328.00000    	  329.00000    	 0.28426887    	 0.51994318E-03
  329.00000    	  330.00000    	 0.26508934    	 0.50551257E-03
  330.00000    	  331.00000    	 0.29827774    	 0.43401758E-03
  331.00000    	  332.00000    	 0.29961794    	 0.42743315E-03
  332.00000    	  333.00000    	 0.30238958    	 0.46031285E-03
  333.00000    	  334.00000    	 0.30466841    	 0.46684651E-03
  334.00000    	  335.00000    	 0.30630921    	 0.46937928E-03
  335.00000    	  336.00000    	 0.30658399    	 0.48811253E-03
  336.00000    	  337.00000    	 0.30353268    	 0.50199711E-03
  337.00000    	  338.00000    	 0.29741562    	 0.51253158E-03
  338.00000    	  339.00000    	 0.28839079    	 0.51228501E-03
  339.00000    	  340.00000    	 0.27455187    	 0.50719707E-03
  340.00000    	  341.00000    	 0.25545042    	 0.49623134E-03
  341.00000    	  342.00000    	 0.28879984    	 0.42459655E-03
  342.00000    	  343.00000    	 0.29039116    	 0.42205733E-03
  343.00000    	  344.00000    	 0.29238130    	 0.42725970E-03
  344.00000    	  345.00000    	 0.29540297    	 0.45468879E-03
  345.00000    	  346.00000    	 0.29723056    	 0.46758663E-03
  346.00000    	  347.00000    	 0.29619083    	 0.47880123E-03
  347.00000    	  348.00000    	 0.29425146    	 0.48801072E-03
  348.00000    	  349.00000    	 0.28866084    	 0.49756917E-03
  349.00000    	  350.00000    	 0.27826201    	 0.50115018E-03
  350.00000    	  351.00000    	 0.26495092    	 0.49555080E-03
  351.00000    	  352.00000    	 0.24626976    	 0.48443894E-03
  352.00000    	  353.00000    	 0.27958987    	 0.42462079E-03
  353.00000    	  354.00000    	 0.28107289    	 0.41244154E-03
  354.00000    	  355.00000    	 0.28348230    	 0.42697656E-03
  355.00000    	  356.00000    	 0.28580682    	 0.46533456E-03
  356.00000    	  357.00000    	 0.28672559    	 0.45072363E-03
  357.00000    	  358.00000    	 0.28735678    	 0.48253666E-03
  358.00000    	  359.00000    	 0.28499645    	 0.48031998E-03
  359.00000    	  360.00000    	 0.27855900    	 0.48682253E-03
  360.00000    	  361.00000    	 0.26950377    	 0.49344779E-03
  361.00000    	  362.00000    	 0.25652176    	 0.48654655E-03
  362.00000    	  363.00000    	 0.23713178    	 0.47367654E-03
  363.00000    	  364.00000    	 0.27128829    	 0.41349789E-03
  364.00000    	  365.00000    	 0.27200072    	 0.40750485E-03
  365.00000    	  366.00000    	 0.27395200    	 0.41177913E-03
  366.00000    	  367.00000    	 0.27655978    	 0.42440470E-03
  367.00000    	  368.00000    	 0.27841063    	 0.44459909E-03
  368.00000    	  369.00000    	 0.27866854    	 0.45733067E-03
  369.00000    	  370.00000    	 0.27588651    	 0.46881134E-03
  370.00000    	  371.00000    	 0.27103944    	 0.48391783E-03
  371.00000    	  372.00000    	 0.26147797    	 0.48104003E-03
  372.00000    	  373.00000    	 0.24762628    	 0.47561251E-03
  373.00000    	  374.00000    	 0.22954009    	 0.46495223E-03
  374.00000    	  375.00000    	 0.26209678    	 0.40545998E-03
  375.00000    	  376.00000    	 0.26361129    	 0.38956423E-03
  376.00000    	  377.00000    	 0.26644822    	 0.40065671E-03
  377.00000    	  378.00000    	 0.26835976    	 0.42347200E-03
  378.00000    	  379.00000    	 0.26952982    	 0.42902691E-03
  379.00000    	  380.00000    	 0.26966292    	 0.46554215E-03
  380.00000    	  381.00000    	 0.26735238    	 0.46060163E-03
  381.00000    	  382.00000    	 0.26244881    	 0.47312005E-03
  382.00000    	  383.00000    	 0.25325461    	 0.47087369E-03
  383.00000    	  384.00000    	 0.23943507    	 0.46680097E-03
  384.00000    	  385.00000    	 0.22194292    	 0.45583637E-03
  385.00000    	  386.00000    	 0.25443192    	 0.39507057E-03
  386.00000    	  387.00000    	 0.25543101    	 0.38661724E-03
  387.00000    	  388.00000    	 0.25761993    	 0.39721791E-03
  388.00000    	  389.00000    	 0.25996190    	 0.40576852E-03
  389.00000    	  390.00000    	 0.26168226    	 0.41859688E-03
  390.00000    	  391.00000    	 0.26165212    	 0.43475034E-03
  391.00000    	  392.00000    	 0.25935665    	 0.44951372E-03
  392.00000    	  393.00000    	 0.25424809    	 0.46037579E-03
  393.00000    	  394.00000    	 0.24514324    	 0.46138817E-03
  394.00000    	  395.00000    	 0.23156307    	 0.45818706E-03
  395.00000    	  396.00000    	 0.21419931    	 0.44713463E-03
  396.00000    	  397.00000    	 0.24653955    	 0.37616631E-03
  397.00000    	  398.00000    	 0.24816264    	 0.38886859E-03
  398.00000    	  399.00000    	 0.25001971    	 0.39909753E-03
  399.00000    	  400.00000    	 0.25272832    	 0.39647430E-03
  400.00000    	  401.00000    	 0.25394663    	 0.41565795E-03
  401.00000    	  402.00000    	 0.25406698    	 0.43039739E-03
  402.00000    	  403.00000    	 0.25220685    	 0.44274750E-03
  403.00000    	  404.00000    	 0.24650232    	 0.44965526E-03
  404.00000    	  405.00000    	 0.23735980    	 0.45329683E-03
  405.00000    	  406.00000    	 0.22512843    	 0.45098681E-03
  406.00000    	  407.00000    	 0.20666129    	 0.43743011E-03
  407.00000    	  408.00000    	 0.23975879    	 0.37622162E-03
  408.00000    	  409.00000    	 0.24097093    	 0.36848127E-03
  409.00000    	  410.00000    	 0.24323120    	 0.37513476E-03
  410.00000    	  411.00000    	 0.24526447    	 0.39078077E-03
  411.00000    	  412.00000    	 0.24692546    	 0.40538858E-03
  412.00000    	  413.00000    	 0.24604958    	 0.41961851E-03
  413.00000    	  414.00000    	 0.24465259    	 0.43865918E-03
  414.00000    	  415.00000    	 0.23896480    	 0.44041861E-03
  415.00000    	  416.00000    	 0.22994492    	 0.44295459E-03
  416.00000    	  417.00000    	 0.21686044    	 0.43941076E-03
  417.00000    	  418.00000    	 0.20010954    	 0.42912183E-03
  418.00000    	  419.00000    	 0.23243239    	 0.36686009E-03
  419.00000    	  420.00000    	 0.23347453    	 0.35721080E-03
  420.00000    	  421.00000    	 0.23590091    	 0.37294681E-03
  421.00000    	  422.00000    	 0.23812329    	 0.38097537E-03
  422.00000    	  423.00000    	 0.23946426    	 0.39690737E-03
  423.00000    	  424.00000    	 0.23954195    	 0.41422435E-03
  424.00000    	  425.00000    	 0.23726652    	 0.42778809E-03
  425.00000    	  426.00000    	 0.23156644    	 0.43295560E-03
  426.00000    	  427.00000    	 0.22340652    	 0.43550068E-03
  427.00000    	  428.00000    	 0.21027831    	 0.43088805E-03
  428.00000    	  429.00000    	 0.19366460    	 0.42155203E-03
  429.00000    	  430.00000    	 0.22605316    	 0.36743514E-03
  430.00000    	  431.00000    	 0.22757147    	 0.36426910E-03
  431.00000    	  432.00000    	 0.22919089    	 0.36578953E-03
  432.00000    	  433.00000    	 0.23118614    	 0.38244634E-03
  433.00000    	  434.00000    	 0.23251528    	 0.39516119E-03
  434.00000    	  435.00000    	 0.23260051    	 0.40765331E-03
  435.00000    	  436.00000    	 0.22990410    	 0.41473590E-03
  436.00000    	  437.00000    	 0.22551275    	 0.42540178E-03
  437.00000    	  438.00000    	 0.21644569    	 0.42803587E-03
  438.00000    	  439.00000    	 0.20360387    	 0.42317398E-03
  439.00000    	  440.00000    	 0.18658558    	 0.41217940E-03
  440.00000    	  441.00000    	 0.21981649    	 0.35230818E-03
  441.00000    	  442.00000    	 0.22034956    	 0.34830856E-03
  442.00000    	  443.00000    	 0.22220668    	 0.35350111E-03
  443.00000    	  444.00000    	 0.22511160    	 0.37883743E-03
  444.00000    	  445.00000    	 0.22622011    	 0.38664793E-03
  445.00000    	  446.00000    	 0.22646175    	 0.40017714E-03
  446.00000    	  447.00000    	 0.22390494    	 0.41187305E-03
  447.00000    	  448.00000    	 0.21873544    	 0.42460614E-03
  448.00000    	  449.00000    	 0.20988023    	 0.41831077E-03
  449.00000    	  450.00000    	 0.19773516    	 0.41562530E-03
  450.00000    	  451.00000    	 0.18123827    	 0.40504056E-03
  451.00000    	  452.00000    	 0.21337145    	 0.34344628E-03
  452.00000    	  453.00000    	 0.21461416    	 0.33897285E-03
  453.00000    	  454.00000    	 0.21646750    	 0.34714522E-03
  454.00000    	  455.00000    	 0.21816197    	 0.35439741E-03
  455.00000    	  456.00000    	 0.22015764    	 0.37941009E-03
  456.00000    	  457.00000    	 0.21960915    	 0.38875220E-03
  457.00000    	  458.00000    	 0.21782736    	 0.40434005E-03
  458.00000    	  459.00000    	 0.21243863    	 0.40903597E-03
  459.00000    	  460.00000    	 0.20440010    	 0.41168064E-03
  460.00000    	  461.00000    	 0.19085551    	 0.40641378E-03
  461.00000    	  462.00000    	 0.17544265    	 0.39769271E-03
  462.00000    	  463.00000    	 0.20751292    	 0.34063178E-03
  463.00000    	  464.00000    	 0.20876543    	 0.33933543E-03
  464.00000    	  465.00000    	 0.21098099    	 0.34656219E-03
  465.00000    	  466.00000    	 0.21272529    	 0.35173757E-03
  466.00000    	  467.00000    	 0.21363432    	 0.36431116E-03
  467.00000    	  468.00000    	 0.21388600    	 0.38248707E-03
  468.00000    	  469.00000    	 0.21163555    	 0.39309479E-03
  469.00000    	  470.00000    	 0.20667802    	 0.40229350E-03
  470.00000    	  471.00000    	 0.19824917    	 0.40368030E-03
  471.00000    	  472.00000    	 0.18553664    	 0.39950424E-03
  472.00000    	  473.00000    	 0.16907422    	 0.38874171E-03
  473.00000    	  474.00000    	 0.20211947    	 0.33612338E-03
  474.00000    	  475.00000    	 0.20291448    	 0.32766471E-03
  475.00000    	  476.00000    	 0.20452387    	 0.33445029E-03
  476.00000    	  477.00000    	 0.20690250    	 0.34233533E-03
  477.00000    	  478.00000    	 0.20824036    	 0.36270796E-03
  478.00000    	  479.00000    	 0.20757817    	 0.37295245E-03
  479.00000    	  480.00000    	 0.20525768    	 0.38464992E-03
  480.00000    	  481.00000    	 0.20087376    	 0.39351508E-03
  481.00000    	  482.00000    	 0.19205554    	 0.39551175E-03
  482.00000    	  483.00000    	 0.17957419    	 0.39235110E-03
  483.00000    	  484.00000    	 0.16376994    	 0.38158816E-03
  484.00000    	  485.00000    	 0.19655138    	 0.32860805E-03
  485.00000    	  486.00000    	 0.19767870    	 0.32399292E-03
  486.00000    	  487.00000    	 0.19908083    	 0.32615146E-03
  487.00000    	  488.00000    	 0.20100609    	 0.34487022E-03
  488.00000    	  489.00000    	 0.20232379    	 0.35056873E-03
  489.00000    	  490.00000    	 0.20270997    	 0.37557265E-03
  490.00000    	  491.00000    	 0.19993650    	 0.37847444E-03
  491.00000    	  492.00000    	 0.19455702    	 0.38533841E-03
  492.00000    	  493.00000    	 0.18653400    	 0.38844117E-03
  493.00000    	  494.00000    	 0.17398519    	 0.38387925E-03
  494.00000    	  495.00000    	 0.15829966    	 0.37446232E-03
  495.00000    	  496.00000    	 0.19114826    	 0.32465383E-03
  496.00000    	  497.00000    	 0.19233139    	 0.31825521E-03
  497.00000    	  498.00000    	 0.19385665    	 0.31938967E-03
  498.00000    	  499.00000    	 0.19575086    	 0.33013607E-03
  499.00000    	  500.00000    	 0.19635351    	 0.34460975E-03
  500.00000    	  501.00000    	 0.19695831    	 0.36116783E-03
  501.00000    	  502.00000    	 0.19435739    	 0.37064443E-03
  502.00000    	  503.00000    	 0.18959805    	 0.37970856E-03
  503.00000    	  504.00000    	 0.18128701    	 0.38129626E-03
  504.00000    	  505.00000    	 0.16911416    	 0.37758923E-03
  505.00000    	  506.00000    	 0.15328959    	 0.36763889E-03
  506.00000    	  507.00000    	 0.18622874    	 0.30761728E-03
  507.00000    	  508.00000    	 0.18695544    	 0.31162298E-03
  508.00000    	  509.00000    	 0.18862311    	 0.31967769E-03
  509.00000    	  510.00000    	 0.19039704    	 0.33236300E-03
  510.00000    	  511.00000    	 0.19167626    	 0.34070326E-03
  511.00000    	  512.00000    	 0.19150235    	 0.35476383E-03
  512.00000    	  513.00000    	 0.18965385    	 0.36661139E-03
  513.00000    	  514.00000    	 0.18427421    	 0.37402450E-03
  514.00000    	  515.00000    	 0.17567266    	 0.37402277E-03
  515.00000    	  516.00000    	 0.16373980    	 0.37098902E-03
  516.00000    	  517.00000    	 0.14819505    	 0.36001197E-03
  517.00000    	  518.00000    	 0.18125751    	 0.30403214E-03
  518.00000    	  519.00000    	 0.18172438    	 0.30114083E-03
  519.00000    	  520.00000    	 0.18404777    	 0.31590572E-03
  520.00000    	  521.00000    	 0.18513463    	 0.31657346E-03
  521.00000    	  522.00000    	 0.18670537    	 0.33375815E-03
  522.00000    	  523.00000    	 0.18642346    	 0.34496355E-03
  523.00000    	  524.00000    	 0.18401803    	 0.35903032E-03
  524.00000    	  525.00000    	 0.17938940    	 0.36593941E-03
  525.00000    	  526.00000    	 0.17040389    	 0.36702848E-03
  526.00000    	  527.00000    	 0.15897981    	 0.36439302E-03
  527.00000    	  528.00000    	 0.14359051    	 0.35380168E-03
  528.00000    	  529.00000    	 0.17653248    	 0.30448856E-03
  529.00000    	  530.00000    	 0.17724313    	 0.29796112E-03
  530.00000    	  531.00000    	 0.17871856    	 0.30013150E-03
  531.00000    	  532.00000    	 0.18064802    	 0.31311906E-03
  532.00000    	  533.00000    	 0.18141198    	 0.32750749E-03
  533.00000    	  534.00000    	 0.18137435    	 0.33948220E-03
  534.00000    	  535.00000    	 0.17914757    	 0.35206477E-03
  535.00000    	  536.00000    	 0.17401202    	 0.35838610E-03
  536.00000    	  537.00000    	 0.16561102    	 0.36008205E-03
  537.00000    	  538.00000    	 0.15360127    	 0.35647159E-03
  538.00000    	  539.00000    	 0.13899358    	 0.34649415E-03
  539.00000    	  540.00000    	 0.17153875    	 0.29176866E-03
  540.00000    	  541.00000    	 0.17244492    	 0.29878937E-03
  541.00000    	  542.00000    	 0.17416218    	 0.29744654E-03
  542.00000    	  543.00000    	 0.17589543    	 0.30761138E-03
  543.00000    	  544.00000    	 0.17695009    	 0.31889451E-03
  544.00000    	  545.00000    	 0.17625416    	 0.33291902E-03
  545.00000    	  546.00000    	 0.17440900    	 0.34439445E-03
  546.00000    	  547.00000    	 0.16930429    	 0.35193871E-03
  547.00000    	  548.00000    	 0.16077865    	 0.35358653E-03
  548.00000    	  549.00000    	 0.14955243    	 0.35084069E-03
  549.00000    	  550.00000    	 0.13414945    	 0.33960163E-03
  550.00000    	  551.00000    	 0.16718299    	 0.29055119E-03
  551.00000    	  552.00000    	 0.16812857    	 0.28209439E-03
  552.00000    	  553.00000    	 0.16962393    	 0.29270571E-03
  553.00000    	  554.00000    	 0.17082750    	 0.30127154E-03
  554.00000    	  555.00000    	 0.17242377    	 0.31381750E-03
  555.00000    	  556.00000    	 0.17170443    	 0.33302325E-03
  556.00000    	  557.00000    	 0.16902841    	 0.33716437E-03
  557.00000    	  558.00000    	 0.16399169    	 0.34603937E-03
  558.00000    	  559.00000    	 0.15612634    	 0.34704335E-03
  559.00000    	  560.00000    	 0.14497558    	 0.34464700E-03
  560.00000    	  561.00000    	 0.13031435    	 0.33392092E-03
  561.00000    	  562.00000    	 0.16259704    	 0.27831363E-03
  562.00000    	  563.00000    	 0.16354028    	 0.27800025E-03
  563.00000    	  564.00000    	 0.16502351    	 0.28355597E-03
  564.00000    	  565.00000    	 0.16636288    	 0.29391077E-03
  565.00000    	  566.00000    	 0.16710064    	 0.30704237E-03
  566.00000    	  567.00000    	 0.16742241    	 0.32160435E-03
  567.00000    	  568.00000    	 0.16481300    	 0.33199108E-03
  568.00000    	  569.00000    	 0.15962993    	 0.33842755E-03
  569.00000    	  570.00000    	 0.15157434    	 0.34074752E-03
  570.00000    	  571.00000    	 0.14102695    	 0.33901637E-03
  571.00000    	  572.00000    	 0.12585986    	 0.32711826E-03
  572.00000    	  573.00000    	 0.15835065    	 0.27420022E-03
  573.00000    	  574.00000    	 0.15924315    	 0.27231897E-03
  574.00000    	  575.00000    	 0.16060944    	 0.27879641E-03
  575.00000    	  576.00000    	 0.16192863    	 0.28828905E-03
  576.00000    	  577.00000    	 0.16310009    	 0.30150958E-03
  577.00000    	  578.00000    	 0.16289733    	 0.31564846E-03
  578.00000    	  579.00000    	 0.16033568    	 0.32545514E-03
  579.00000    	  580.00000    	 0.15557169    	 0.33293672E-03
  580.00000    	  581.00000    	 0.14773821    	 0.33581562E-03
  581.00000    	  582.00000    	 0.13582607    	 0.33128447E-03
  582.00000    	  583.00000    	 0.12209391    	 0.32125655E-03
  583.00000    	  584.00000    	 0.15439105    	 0.26977836E-03
  584.00000    	  585.00000    	 0.15520266    	 0.26644913E-03
  585.00000    	  586.00000    	 0.15655064    	 0.27561689E-03
  586.00000    	  587.00000    	 0.15785904    	 0.28269612E-03
  587.00000    	  588.00000    	 0.15895054    	 0.29596654E-03
  588.00000    	  589.00000    	 0.15877032    	 0.30984944E-03
  589.00000    	  590.00000    	 0.15612487    	 0.31989292E-03
  590.00000    	  591.00000    	 0.15136875    	 0.32735592E-03
  591.00000    	  592.00000    	 0.14320648    	 0.32940803E-03
  592.00000    	  593.00000    	 0.13247258    	 0.32611171E-03
  593.00000    	  594.00000    	 0.11754695    	 0.31438835E-03
  594.00000    	  595.00000    	 0.15016710    	 0.26465456E-03
  595.00000    	  596.00000    	 0.15121878    	 0.26276623E-03
  596.00000    	  597.00000    	 0.15241201    	 0.26937740E-03
  597.00000    	  598.00000    	 0.15409572    	 0.27797936E-03
  598.00000    	  599.00000    	 0.15459348    	 0.29095225E-03
  599.00000    	  600.00000    	 0.15443974    	 0.30344872E-03
  600.00000    	  601.00000    	 0.15181022    	 0.31394147E-03
  601.00000    	  602.00000    	 0.14695706    	 0.32093201E-03
  602.00000    	  603.00000    	 0.13885236    	 0.32229636E-03
  603.00000    	  604.00000    	 0.12837267    	 0.31997363E-03
  604.00000    	  605.00000    	 0.11423063    	 0.30944314E-03
  605.00000    	  606.00000    	 0.14634867    	 0.25846136E-03
  606.00000    	  607.00000    	 0.14744996    	 0.25706655E-03
  607.00000    	  608.00000    	 0.14875181    	 0.26257233E-03
  608.00000    	  609.00000    	 0.14982606    	 0.27268731E-03
  609.00000    	  610.00000    	 0.15047418    	 0.28501860E-03
  610.00000    	  611.00000    	 0.15019036    	 0.29800830E-03
  611.00000    	  612.00000    	 0.14773204    	 0.30979831E-03
  612.00000    	  613.00000    	 0.14248182    	 0.31436331E-03
  613.00000    	  614.00000    	 0.13480925    	 0.31694400E-03
  614.00000    	  615.00000    	 0.12482011    	 0.31480110E-03
  615.00000    	  616.00000    	 0.11007961    	 0.30246970E-03
  616.00000    	  617.00000    	 0.14268983    	 0.25338141E-03
  617.00000    	  618.00000    	 0.14346958    	 0.25429927E-03
  618.00000    	  619.00000    	 0.14461652    	 0.25736979E-03
  619.00000    	  620.00000    	 0.14567393    	 0.26748493E-03
  620.00000    	  621.00000    	 0.14689722    	 0.28041232E-03
  621.00000    	  622.00000    	 0.14607380    	 0.29187602E-03
  622.00000    	  623.00000    	 0.14363912    	 0.30245707E-03
  623.00000    	  624.00000    	 0.13928912    	 0.31038664E-03
  624.00000    	  625.00000    	 0.13142975    	 0.31201783E-03
  625.00000    	  626.00000    	 0.12080638    	 0.30852345E-03
  626.00000    	  627.00000    	 0.10693117    	 0.29910524E-03
  627.00000    	  628.00000    	 0.13877845    	 0.24863482E-03
  628.00000    	  629.00000    	 0.13988571    	 0.24706139E-03
  629.00000    	  630.00000    	 0.14100366    	 0.25269933E-03
  630.00000    	  631.00000    	 0.14214924    	 0.26258275E-03
  631.00000    	  632.00000    	 0.14249243    	 0.27489186E-03
  632.00000    	  633.00000    	 0.14225473    	 0.28723921E-03
  633.00000    	  634.00000    	 0.14042062    	 0.29778644E-03
  634.00000    	  635.00000    	 0.13520115    	 0.30397643E-03
  635.00000    	  636.00000    	 0.12736541    	 0.30612108E-03
  636.00000    	  637.00000    	 0.11694581    	 0.30257456E-03
  637.00000    	  638.00000    	 0.10319188    	 0.29360848E-03
  638.00000    	  639.00000    	 0.13542582    	 0.24424782E-03
  639.00000    	  640.00000    	 0.13601108    	 0.24285332E-03
  640.00000    	  641.00000    	 0.13706333    	 0.24956319E-03
  641.00000    	  642.00000    	 0.13842092    	 0.25747165E-03
  642.00000    	  643.00000    	 0.13943503    	 0.27015361E-03
  643.00000    	  644.00000    	 0.13866725    	 0.28186451E-03
  644.00000    	  645.00000    	 0.13634466    	 0.29200954E-03
  645.00000    	  646.00000    	 0.13137858    	 0.29816825E-03
  646.00000    	  647.00000    	 0.12345329    	 0.30017696E-03
  647.00000    	  648.00000    	 0.11340437    	 0.29729778E-03
  648.00000    	  649.00000    	 0.10006049    	 0.28654111E-03
  649.00000    	  650.00000    	 0.13223325    	 0.24018017E-03
  650.00000    	  651.00000    	 0.13259862    	 0.23812815E-03
  651.00000    	  652.00000    	 0.13386694    	 0.24359805E-03
  652.00000    	  653.00000    	 0.13518094    	 0.25347191E-03
  653.00000    	  654.00000    	 0.13555704    	 0.26503804E-03
  654.00000    	  655.00000    	 0.13492000    	 0.27667947E-03
  655.00000    	  656.00000    	 0.13256301    	 0.28629383E-03
  656.00000    	  657.00000    	 0.12755134    	 0.29298119E-03
  657.00000    	  658.00000    	 0.12063141    	 0.29588533E-03
  658.00000    	  659.00000    	 0.11016148    	 0.29266328E-03
  659.00000    	  660.00000    	 0.96574061E-01	 0.28086925E-03
  660.00000    	  661.00000    	 0.12843706    	 0.23568576E-03
  661.00000    	  662.00000    	 0.12901033    	 0.23379997E-03
  662.00000    	  663.00000    	 0.13021388    	 0.23903758E-03
  663.00000    	  664.00000    	 0.13171826    	 0.24904813E-03
  664.00000    	  665.00000    	 0.13131827    	 0.25960791E-03
  665.00000    	  666.00000    	 0.13109168    	 0.27150871E-03
  666.00000    	  667.00000    	 0.12930178    	 0.28195957E-03
  667.00000    	  668.00000    	 0.12440728    	 0.28829946E-03
  668.00000    	  669.00000    	 0.11663934    	 0.28956404E-03
  669.00000    	  670.00000    	 0.10663054    	 0.28731941E-03
  670.00000    	  671.00000    	 0.93238232E-01	 0.27488177E-03
  671.00000    	  672.00000    	 0.12534646    	 0.23110749E-03
  672.00000    	  673.00000    	 0.12585201    	 0.22964002E-03
  673.00000    	  674.00000    	 0.12708903    	 0.23489881E-03
  674.00000    	  675.00000    	 0.12815540    	 0.24427394E-03
  675.00000    	  676.00000    	 0.12834999    	 0.25518203E-03
  676.00000    	  677.00000    	 0.12791308    	 0.26745979E-03
  677.00000    	  678.00000    	 0.12536238    	 0.27615414E-03
  678.00000    	  679.00000    	 0.12083767    	 0.28295926E-03
  679.00000    	  680.00000    	 0.11322572    	 0.28483693E-03
  680.00000    	  681.00000    	 0.10362953    	 0.28252019E-03
  681.00000    	  682.00000    	 0.90646740E-01	 0.27043060E-03
  682.00000    	  683.00000    	 0.12232190    	 0.22694026E-03
  683.00000    	  684.00000    	 0.12276966    	 0.22615747E-03
  684.00000    	  685.00000    	 0.12382718    	 0.23105525E-03
  685.00000    	  686.00000    	 0.12477972    	 0.23973316E-03
  686.00000    	  687.00000    	 0.12547164    	 0.25139476E-03
  687.00000    	  688.00000    	 0.12446253    	 0.26237450E-03
  688.00000    	  689.00000    	 0.12196207    	 0.27134811E-03
  689.00000    	  690.00000    	 0.11758624    	 0.27847492E-03
  690.00000    	  691.00000    	 0.11017857    	 0.27991518E-03
  691.00000    	  692.00000    	 0.10044528    	 0.27664177E-03
  692.00000    	  693.00000    	 0.87285662E-01	 0.26450472E-03
  693.00000    	  694.00000    	 0.11886883    	 0.22366090E-03
  694.00000    	  695.00000    	 0.11940110    	 0.22133968E-03
  695.00000    	  696.00000    	 0.12035683    	 0.22626795E-03
  696.00000    	  697.00000    	 0.12146952    	 0.23543652E-03
  697.00000    	  698.00000    	 0.12190085    	 0.24640027E-03
  698.00000    	  699.00000    	 0.12101684    	 0.25724589E-03
  699.00000    	  700.00000    	 0.11903856    	 0.26722968E-03
  700.00000    	  701.00000    	 0.11422195    	 0.27309665E-03
  701.00000    	  702.00000    	 0.10706313    	 0.27527628E-03
  702.00000    	  703.00000    	 0.97293310E-01	 0.27209978E-03
  703.00000    	  704.00000    	 0.84461709E-01	 0.25953902E-03
  704.00000    	  705.00000    	 0.11606408    	 0.21880296E-03
  705.00000    	  706.00000    	 0.11623430    	 0.21743425E-03
  706.00000    	  707.00000    	 0.11733985    	 0.22208657E-03
  707.00000    	  708.00000    	 0.11847099    	 0.23132182E-03
  708.00000    	  709.00000    	 0.11866336    	 0.24193559E-03
  709.00000    	  710.00000    	 0.11823069    	 0.25348848E-03
  710.00000    	  711.00000    	 0.11562658    	 0.26176131E-03
  711.00000    	  712.00000    	 0.11098536    	 0.26815317E-03
  712.00000    	  713.00000    	 0.10397381    	 0.27068085E-03
  713.00000    	  714.00000    	 0.94647667E-01	 0.26722200E-03
  714.00000    	  715.00000    	 0.81585750E-01	 0.25446821E-03
  715.00000    	  716.00000    	 0.11286747    	 0.21474392E-03
  716.00000    	  717.00000    	 0.11330691    	 0.21356009E-03
  717.00000    	  718.00000    	 0.11446807    	 0.21845434E-03
  718.00000    	  719.00000    	 0.11560962    	 0.22745122E-03
  719.00000    	  720.00000    	 0.11568450    	 0.23776256E-03
  720.00000    	  721.00000    	 0.11482397    	 0.24889292E-03
  721.00000    	  722.00000    	 0.11252597    	 0.25764992E-03
  722.00000    	  723.00000    	 0.10795940    	 0.26330717E-03
  723.00000    	  724.00000    	 0.10110443    	 0.26649100E-03
  724.00000    	  725.00000    	 0.91220570E-01	 0.26105721E-03
  725.00000    	  726.00000    	 0.78898793E-01	 0.24954357E-03
  726.00000    	  727.00000    	 0.10994996    	 0.21087363E-03
  727.00000    	  728.00000    	 0.11044516    	 0.20978655E-03
  728.00000    	  729.00000    	 0.11167428    	 0.21476180E-03
  729.00000    	  730.00000    	 0.11234169    	 0.22317013E-03
  730.00000    	  731.00000    	 0.11255370    	 0.23337687E-03
  731.00000    	  732.00000    	 0.11175778    	 0.24380928E-03
  732.00000    	  733.00000    	 0.10944637    	 0.25289852E-03
  733.00000    	  734.00000    	 0.10491382    	 0.25891590E-03
  734.00000    	  735.00000    	 0.98237947E-01	 0.26198391E-03
  735.00000    	  736.00000    	 0.88594179E-01	 0.25691259E-03
  736.00000    	  737.00000    	 0.76193567E-01	 0.24446943E-03
  737.00000    	  738.00000    	 0.10722921    	 0.20717041E-03
  738.00000    	  739.00000    	 0.10783353    	 0.20626961E-03
  739.00000    	  740.00000    	 0.10854965    	 0.21089895E-03
  740.00000    	  741.00000    	 0.10953697    	 0.21924315E-03
  741.00000    	  742.00000    	 0.11013106    	 0.22990543E-03
  742.00000    	  743.00000    	 0.10889534    	 0.23968805E-03
  743.00000    	  744.00000    	 0.10633258    	 0.24833368E-03
  744.00000    	  745.00000    	 0.10195705    	 0.25440356E-03
  745.00000    	  746.00000    	 0.95362727E-01	 0.25757493E-03
  746.00000    	  747.00000    	 0.86102738E-01	 0.25268856E-03
  747.00000    	  748.00000    	 0.73762923E-01	 0.23946119E-03
  748.00000    	  749.00000    	 0.10457921    	 0.20425184E-03
  749.00000    	  750.00000    	 0.10477454    	 0.20237335E-03
  750.00000    	  751.00000    	 0.10585056    	 0.20700427E-03
  751.00000    	  752.00000    	 0.10655963    	 0.21502280E-03
  752.00000    	  753.00000    	 0.10717086    	 0.22565158E-03
  753.00000    	  754.00000    	 0.10613429    	 0.23561597E-03
  754.00000    	  755.00000    	 0.10394802    	 0.24533634E-03
  755.00000    	  756.00000    	 0.99470732E-01	 0.25060965E-03
  756.00000    	  757.00000    	 0.92337994E-01	 0.25198249E-03
  757.00000    	  758.00000    	 0.83301192E-01	 0.24825963E-03
  758.00000    	  759.00000    	 0.71099959E-01	 0.23473209E-03
  759.00000    	  760.00000    	 0.10174073    	 0.20010159E-03
  760.00000    	  761.00000    	 0.10234996    	 0.19901808E-03
  761.00000    	  762.00000    	 0.10303056    	 0.20329660E-03
  762.00000    	  763.00000    	 0.10362011    	 0.21132963E-03
  763.00000    	  764.00000    	 0.10392757    	 0.22104275E-03
  764.00000    	  765.00000    	 0.10337496    	 0.23168570E-03
  765.00000    	  766.00000    	 0.10063560    	 0.23969878E-03
  766.00000    	  767.00000    	 0.96317817E-01	 0.24586965E-03
  767.00000    	  768.00000    	 0.90175740E-01	 0.24856105E-03
  768.00000    	  769.00000    	 0.81130104E-01	 0.24447218E-03
  769.00000    	  770.00000    	 0.68962518E-01	 0.22992256E-03
  770.00000    	  771.00000    	 0.99049573E-01	 0.19628884E-03
  771.00000    	  772.00000    	 0.99653941E-01	 0.19549363E-03
  772.00000    	  773.00000    	 0.10024436    	 0.20001601E-03
  773.00000    	  774.00000    	 0.10098496    	 0.20751890E-03
  774.00000    	  775.00000    	 0.10151770    	 0.21800746E-03
  775.00000    	  776.00000    	 0.10028489    	 0.22695196E-03
  776.00000    	  777.00000    	 0.98098620E-01	 0.23618421E-03
  777.00000    	  778.00000    	 0.93905514E-01	 0.24206846E-03
  778.00000    	  779.00000    	 0.87204614E-01	 0.24498241E-03
  779.00000    	  780.00000    	 0.78078981E-01	 0.24036639E-03
  780.00000    	  781.00000    	 0.66585308E-01	 0.22540947E-03
  781.00000    	  782.00000    	 0.96750310E-01	 0.19350678E-03
  782.00000    	  783.00000    	 0.97282661E-01	 0.19215375E-03
  783.00000    	  784.00000    	 0.97673978E-01	 0.19590838E-03
  784.00000    	  785.00000    	 0.98790637E-01	 0.20476658E-03
  785.00000    	  786.00000    	 0.98445128E-01	 0.21352994E-03
  786.00000    	  787.00000    	 0.97726140E-01	 0.22331472E-03
  787.00000    	  788.00000    	 0.95484889E-01	 0.23176536E-03
  788.00000    	  789.00000    	 0.90998877E-01	 0.23734158E-03
  789.00000    	  790.00000    	 0.84694147E-01	 0.23957091E-03
  790.00000    	  791.00000    	 0.75816255E-01	 0.23448974E-03
  791.00000    	  792.00000    	 0.64198502E-01	 0.22083086E-03
  792.00000    	  793.00000    	 0.94176078E-01	 0.18943652E-03
  793.00000    	  794.00000    	 0.94545794E-01	 0.18850207E-03
  794.00000    	  795.00000    	 0.95445095E-01	 0.19291126E-03
  795.00000    	  796.00000    	 0.96166266E-01	 0.20068376E-03
  796.00000    	  797.00000    	 0.96375018E-01	 0.21011607E-03
  797.00000    	  798.00000    	 0.95035231E-01	 0.21916960E-03
  798.00000    	  799.00000    	 0.92913783E-01	 0.22873968E-03
  799.00000    	  800.00000    	 0.88400387E-01	 0.23332208E-03
  800.00000    	  801.00000    	 0.82533968E-01	 0.23591771E-03
  801.00000    	  802.00000    	 0.73543317E-01	 0.23052993E-03
  802.00000    	  803.00000    	 0.61933085E-01	 0.21605991E-03
  803.00000    	  804.00000    	 0.91481841E-01	 0.18585288E-03
  804.00000    	  805.00000    	 0.91908937E-01	 0.18535284E-03
  805.00000    	  806.00000    	 0.92854980E-01	 0.18966444E-03
  806.00000    	  807.00000    	 0.93027146E-01	 0.19617506E-03
  807.00000    	  808.00000    	 0.93480105E-01	 0.20587064E-03
  808.00000    	  809.00000    	 0.92696391E-01	 0.21563015E-03
  809.00000    	  810.00000    	 0.89963257E-01	 0.22353276E-03
  810.00000    	  811.00000    	 0.86109146E-01	 0.22970843E-03
  811.00000    	  812.00000    	 0.79493580E-01	 0.23112994E-03
  812.00000    	  813.00000    	 0.71321322E-01	 0.22634724E-03
  813.00000    	  814.00000    	 0.60250361E-01	 0.21291371E-03
  814.00000    	  815.00000    	 0.89124613E-01	 0.18286364E-03
  815.00000    	  816.00000    	 0.90022445E-01	 0.18229873E-03
  816.00000    	  817.00000    	 0.90188832E-01	 0.18567497E-03
  817.00000    	  818.00000    	 0.90885630E-01	 0.19316416E-03
  818.00000    	  819.00000    	 0.91207854E-01	 0.20275682E-03
  819.00000    	  820.00000    	 0.90373656E-01	 0.21203056E-03
  820.00000    	  821.00000    	 0.87764945E-01	 0.22017904E-03
  821.00000    	  822.00000    	 0.83297314E-01	 0.22516867E-03
  822.00000    	  823.00000    	 0.77835658E-01	 0.22789995E-03
  823.00000    	  824.00000    	 0.69057328E-01	 0.22201866E-03
  824.00000    	  825.00000    	 0.57698069E-01	 0.20739380E-03
  825.00000    	  826.00000    	 0.87055694E-01	 0.17973917E-03
  826.00000    	  827.00000    	 0.87579481E-01	 0.17892868E-03
  827.00000    	  828.00000    	 0.88114188E-01	 0.18257751E-03
  828.00000    	  829.00000    	 0.88501732E-01	 0.19028927E-03
  829.00000    	  830.00000    	 0.88787363E-01	 0.19897834E-03
  830.00000    	  831.00000    	 0.87843271E-01	 0.20829491E-03
  831.00000    	  832.00000    	 0.85494718E-01	 0.21650344E-03
  832.00000    	  833.00000    	 0.81485400E-01	 0.22229549E-03
  833.00000    	  834.00000    	 0.75508650E-01	 0.22421519E-03
  834.00000    	  835.00000    	 0.66715854E-01	 0.21790273E-03
  835.00000    	  836.00000    	 0.55699331E-01	 0.20264081E-03
  836.00000    	  837.00000    	 0.84721710E-01	 0.17670043E-03
  837.00000    	  838.00000    	 0.85171598E-01	 0.17556560E-03
  838.00000    	  839.00000    	 0.85759252E-01	 0.17938845E-03
  839.00000    	  840.00000    	 0.86185101E-01	 0.18634739E-03
  840.00000    	  841.00000    	 0.86497227E-01	 0.19559837E-03
  841.00000    	  842.00000    	 0.85223939E-01	 0.20511442E-03
  842.00000    	  843.00000    	 0.82948916E-01	 0.21267573E-03
  843.00000    	  844.00000    	 0.79025972E-01	 0.21836862E-03
  844.00000    	  845.00000    	 0.73257444E-01	 0.22049982E-03
  845.00000    	  846.00000    	 0.64519863E-01	 0.21370290E-03
  846.00000    	  847.00000    	 0.54112940E-01	 0.19910535E-03
  847.00000    	  848.00000    	 0.82578284E-01	 0.17310529E-03
  848.00000    	  849.00000    	 0.83016633E-01	 0.17286246E-03
  849.00000    	  850.00000    	 0.83590241E-01	 0.17630441E-03
  850.00000    	  851.00000    	 0.83964445E-01	 0.18315263E-03
  851.00000    	  852.00000    	 0.83984024E-01	 0.19186382E-03
  852.00000    	  853.00000    	 0.83127823E-01	 0.20125807E-03
  853.00000    	  854.00000    	 0.80803823E-01	 0.20908051E-03
  854.00000    	  855.00000    	 0.76788258E-01	 0.21462383E-03
  855.00000    	  856.00000    	 0.71291499E-01	 0.21656827E-03
  856.00000    	  857.00000    	 0.62966990E-01	 0.21052670E-03
  857.00000    	  858.00000    	 0.52060794E-01	 0.19441577E-03
  858.00000    	  859.00000    	 0.80533313E-01	 0.17048012E-03
  859.00000    	  860.00000    	 0.81030863E-01	 0.16959144E-03
  860.00000    	  861.00000    	 0.81298318E-01	 0.17296424E-03
  861.00000    	  862.00000    	 0.81969875E-01	 0.18031794E-03
  862.00000    	  863.00000    	 0.81872041E-01	 0.18916320E-03
  863.00000    	  864.00000    	 0.80647379E-01	 0.19740055E-03
  864.00000    	  865.00000    	 0.78569592E-01	 0.20575574E-03
  865.00000    	  866.00000    	 0.74518786E-01	 0.21100762E-03
  866.00000    	  867.00000    	 0.68893183E-01	 0.21231646E-03
  867.00000    	  868.00000    	 0.60690827E-01	 0.20617177E-03
  868.00000    	  869.00000    	 0.50001161E-01	 0.18968572E-03
  869.00000    	  870.00000    	 0.78500978E-01	 0.16725794E-03
  870.00000    	  871.00000    	 0.78573594E-01	 0.16662272E-03
  871.00000    	  872.00000    	 0.79286983E-01	 0.17130672E-03
  872.00000    	  873.00000    	 0.79749399E-01	 0.17710612E-03
  873.00000    	  874.00000    	 0.79642456E-01	 0.18543072E-03
  874.00000    	  875.00000    	 0.78722256E-01	 0.19455557E-03
  875.00000    	  876.00000    	 0.76540187E-01	 0.20283597E-03
  876.00000    	  877.00000    	 0.72433375E-01	 0.20745322E-03
  877.00000    	  878.00000    	 0.66952211E-01	 0.20879483E-03
  878.00000    	  879.00000    	 0.58884789E-01	 0.20225674E-03
  879.00000    	  880.00000    	 0.48387643E-01	 0.18589870E-03
  880.00000    	  881.00000    	 0.76163624E-01	 0.16396200E-03
  881.00000    	  882.00000    	 0.76683245E-01	 0.16350269E-03
  882.00000    	  883.00000    	 0.77236994E-01	 0.16716669E-03
  883.00000    	  884.00000    	 0.77366560E-01	 0.17352040E-03
  884.00000    	  885.00000    	 0.77635438E-01	 0.18402982E-03
  885.00000    	  886.00000    	 0.76630700E-01	 0.19186560E-03
  886.00000    	  887.00000    	 0.73961458E-01	 0.19862695E-03
  887.00000    	  888.00000    	 0.70619685E-01	 0.20467215E-03
  888.00000    	  889.00000    	 0.64943543E-01	 0.20531755E-03
  889.00000    	  890.00000    	 0.56967980E-01	 0.19863011E-03
  890.00000    	  891.00000    	 0.46751855E-01	 0.18194647E-03
  891.00000    	  892.00000    	 0.74254316E-01	 0.16121471E-03
  892.00000    	  893.00000    	 0.74589865E-01	 0.16101111E-03
  893.00000    	  894.00000    	 0.75001148E-01	 0.16383344E-03
  894.00000    	  895.00000    	 0.75425945E-01	 0.17099490E-03
  895.00000    	  896.00000    	 0.75694243E-01	 0.17951728E-03
  896.00000    	  897.00000    	 0.74442372E-01	 0.18802982E-03
  897.00000    	  898.00000    	 0.72184060E-01	 0.19537663E-03
  898.00000    	  899.00000    	 0.68255000E-01	 0.20095560E-03
  899.00000    	  900.00000    	 0.63055680E-01	 0.20201115E-03
  900.00000    	  901.00000    	 0.55084986E-01	 0.19442127E-03
  901.00000    	  902.00000    	 0.45278383E-01	 0.17828037E-03
  902.00000    	  903.00000    	 0.72458502E-01	 0.15846933E-03
  903.00000    	  904.00000    	 0.72769636E-01	 0.15788220E-03
  904.00000    	  905.00000    	 0.73194378E-01	 0.16124993E-03
  905.00000    	  906.00000    	 0.73613411E-01	 0.16841003E-03
  906.00000    	  907.00000    	 0.73376177E-01	 0.17647918E-03
  907.00000    	  908.00000    	 0.72898288E-01	 0.18611900E-03
  908.00000    	  909.00000    	 0.70354261E-01	 0.19290104E-03
  909.00000    	  910.00000    	 0.66468779E-01	 0.19846646E-03
  910.00000    	  911.00000    	 0.60938980E-01	 0.19775172E-03
  911.00000    	  912.00000    	 0.53436054E-01	 0.19108555E-03
  912.00000    	  913.00000    	 0.43544688E-01	 0.17436811E-03
  913.00000    	  914.00000    	 0.70558444E-01	 0.15597434E-03
  914.00000    	  915.00000    	 0.70763345E-01	 0.15491991E-03
  915.00000    	  916.00000    	 0.71378605E-01	 0.15861957E-03
  916.00000    	  917.00000    	 0.71616367E-01	 0.16553625E-03
  917.00000    	  918.00000    	 0.71513027E-01	 0.17320345E-03
  918.00000    	  919.00000    	 0.70543489E-01	 0.18219795E-03
  919.00000    	  920.00000    	 0.68228305E-01	 0.18944657E-03
  920.00000    	  921.00000    	 0.64625852E-01	 0.19458190E-03
  921.00000    	  922.00000    	 0.59561969E-01	 0.19574573E-03
  922.00000    	  923.00000    	 0.51593863E-01	 0.18683449E-03
  923.00000    	  924.00000    	 0.42096219E-01	 0.17028910E-03
  924.00000    	  925.00000    	 0.68567042E-01	 0.15269052E-03
  925.00000    	  926.00000    	 0.69116054E-01	 0.15251864E-03
  926.00000    	  927.00000    	 0.69163474E-01	 0.15539600E-03
  927.00000    	  928.00000    	 0.69804549E-01	 0.16229193E-03
  928.00000    	  929.00000    	 0.69658897E-01	 0.17105902E-03
  929.00000    	  930.00000    	 0.68692046E-01	 0.18045982E-03
  930.00000    	  931.00000    	 0.66330885E-01	 0.18605896E-03
  931.00000    	  932.00000    	 0.62955128E-01	 0.19172310E-03
  932.00000    	  933.00000    	 0.57484023E-01	 0.19109898E-03
  933.00000    	  934.00000    	 0.49842312E-01	 0.18285741E-03
  934.00000    	  935.00000    	 0.40243877E-01	 0.16588153E-03
  935.00000    	  936.00000    	 0.67068767E-01	 0.15047653E-03
  936.00000    	  937.00000    	 0.66890541E-01	 0.14938399E-03
  937.00000    	  938.00000    	 0.67644643E-01	 0.15318841E-03
  938.00000    	  939.00000    	 0.67828324E-01	 0.15946301E-03
  939.00000    	  940.00000    	 0.67593382E-01	 0.16746881E-03
  940.00000    	  941.00000    	 0.66989284E-01	 0.17656913E-03
  941.00000    	  942.00000    	 0.64675698E-01	 0.18324959E-03
  942.00000    	  943.00000    	 0.61019611E-01	 0.18815822E-03
  943.00000    	  944.00000    	 0.52394229E-01	 0.18184808E-03
  944.00000    	  945.00000    	 0.48464651E-01	 0.18006278E-03
  945.00000    	  946.00000    	 0.39151891E-01	 0.16293286E-03
  946.00000    	  947.00000    	 0.64979171E-01	 0.14732677E-03
  947.00000    	  948.00000    	 0.65577510E-01	 0.14739936E-03
  948.00000    	  949.00000    	 0.65730358E-01	 0.15032657E-03
  949.00000    	  950.00000    	 0.66109363E-01	 0.15684541E-03
  950.00000    	  951.00000    	 0.65826491E-01	 0.16509909E-03
  951.00000    	  952.00000    	 0.64868047E-01	 0.17298467E-03
  952.00000    	  953.00000    	 0.62563483E-01	 0.17987358E-03
  953.00000    	  954.00000    	 0.59282842E-01	 0.18536644E-03
  954.00000    	  955.00000    	 0.54218586E-01	 0.18508798E-03
  955.00000    	  956.00000    	 0.46866077E-01	 0.17684402E-03
  956.00000    	  957.00000    	 0.37506434E-01	 0.15908692E-03
  957.00000    	  958.00000    	 0.63404711E-01	 0.14499221E-03
  958.00000    	  959.00000    	 0.63608368E-01	 0.14511310E-03
  959.00000    	  960.00000    	 0.63831045E-01	 0.14767374E-03
  960.00000    	  961.00000    	 0.64322561E-01	 0.15449513E-03
  961.00000    	  962.00000    	 0.64013136E-01	 0.16198096E-03
  962.00000    	  963.00000    	 0.63115290E-01	 0.17055188E-03
  963.00000    	  964.00000    	 0.60950833E-01	 0.17730174E-03
  964.00000    	  965.00000    	 0.57635839E-01	 0.18194884E-03
  965.00000    	  966.00000    	 0.52498026E-01	 0.18108245E-03
  966.00000    	  967.00000    	 0.44998022E-01	 0.17207447E-03
  967.00000    	  968.00000    	 0.36443643E-01	 0.15571788E-03
  968.00000    	  969.00000    	 0.61732747E-01	 0.14260443E-03
  969.00000    	  970.00000    	 0.62056033E-01	 0.14257532E-03
  970.00000    	  971.00000    	 0.62383716E-01	 0.14538907E-03
  971.00000    	  972.00000    	 0.62529674E-01	 0.15160201E-03
  972.00000    	  973.00000    	 0.62367149E-01	 0.15956553E-03
  973.00000    	  974.00000    	 0.61343095E-01	 0.16762913E-03
  974.00000    	  975.00000    	 0.59367228E-01	 0.17448909E-03
  975.00000    	  976.00000    	 0.55933980E-01	 0.17925897E-03
  976.00000    	  977.00000    	 0.51118766E-01	 0.17974395E-03
  977.00000    	  978.00000    	 0.43892777E-01	 0.16939871E-03
  978.00000    	  979.00000    	 0.34792311E-01	 0.15156709E-03
  979.00000    	  980.00000    	 0.59948399E-01	 0.13992868E-03
  980.00000    	  981.00000    	 0.60250542E-01	 0.13968068E-03
  981.00000    	  982.00000    	 0.60658332E-01	 0.14314729E-03
  982.00000    	  983.00000    	 0.60968649E-01	 0.14943848E-03
  983.00000    	  984.00000    	 0.60593365E-01	 0.15687734E-03
  984.00000    	  985.00000    	 0.59734653E-01	 0.16514191E-03
  985.00000    	  986.00000    	 0.57483624E-01	 0.17139468E-03
  986.00000    	  987.00000    	 0.54385658E-01	 0.17626846E-03
  987.00000    	  988.00000    	 0.49180739E-01	 0.17513411E-03
  988.00000    	  989.00000    	 0.42352109E-01	 0.16584220E-03
  989.00000    	  990.00000    	 0.33659979E-01	 0.15024923E-03
  990.00000    	  991.00000    	 0.58288662E-01	 0.13736412E-03
  991.00000    	  992.00000    	 0.58705418E-01	 0.13723269E-03
  992.00000    	  993.00000    	 0.59081188E-01	 0.14081390E-03
  993.00000    	  994.00000    	 0.59095983E-01	 0.14643275E-03
  994.00000    	  995.00000    	 0.59040109E-01	 0.15464996E-03
  995.00000    	  996.00000    	 0.57943659E-01	 0.16308787E-03
  996.00000    	  997.00000    	 0.56004493E-01	 0.16882809E-03
  997.00000    	  998.00000    	 0.53018431E-01	 0.17384991E-03
  998.00000    	  999.00000    	 0.48185197E-01	 0.17220282E-03
  999.00000    	  1000.0000    	 0.41102862E-01	 0.16250234E-03
  1000.0000    	  1001.0000    	 0.19330699E-01	 0.11257837E-03
  1001.0000    	  1002.0000    	 0.56818206E-01	 0.13517174E-03
  1002.0000    	  1003.0000    	 0.57096555E-01	 0.13529953E-03
  1003.0000    	  1004.0000    	 0.57468322E-01	 0.13894472E-03
  1004.0000    	  1005.0000    	 0.57537214E-01	 0.14423566E-03
  1005.0000    	  1006.0000    	 0.57491374E-01	 0.15342973E-03
  1006.0000    	  1007.0000    	 0.56448214E-01	 0.15965621E-03
  1007.0000    	  1008.0000    	 0.54320712E-01	 0.16592722E-03
  1008.0000    	  1009.0000    	 0.51277134E-01	 0.17007895E-03
  1009.0000    	  1010.0000    	 0.46377362E-01	 0.16817091E-03
  1010.0000    	  1011.0000    	 0.39626783E-01	 0.15915143E-03
  1011.0000    	  1012.0000    	 0.31215522E-01	 0.14125385E-03
  1012.0000    	  1013.0000    	 0.55349925E-01	 0.13309909E-03
  1013.0000    	  1014.0000    	 0.55407290E-01	 0.13256486E-03
  1014.0000    	  1015.0000    	 0.55832743E-01	 0.13608217E-03
  1015.0000    	  1016.0000    	 0.56031025E-01	 0.14209479E-03
  1016.0000    	  1017.0000    	 0.55936590E-01	 0.14992512E-03
  1017.0000    	  1018.0000    	 0.54956788E-01	 0.15810596E-03
  1018.0000    	  1019.0000    	 0.52873243E-01	 0.16346929E-03
  1019.0000    	  1020.0000    	 0.49901109E-01	 0.16751803E-03
  1020.0000    	  1021.0000    	 0.45245348E-01	 0.16566961E-03
  1021.0000    	  1022.0000    	 0.38399752E-01	 0.15626422E-03
  1022.0000    	  1023.0000    	 0.30001932E-01	 0.13789192E-03
  1023.0000    	  1024.0000    	 0.53645118E-01	 0.13059124E-03
  1024.0000    	  1025.0000    	 0.54066229E-01	 0.13142079E-03
  1025.0000    	  1026.0000    	 0.54297466E-01	 0.13397065E-03
  1026.0000    	  1027.0000    	 0.54573998E-01	 0.13996529E-03
  1027.0000    	  1028.0000    	 0.54233403E-01	 0.14721367E-03
  1028.0000    	  1029.0000    	 0.53322799E-01	 0.15438837E-03
  1029.0000    	  1030.0000    	 0.51316010E-01	 0.16052647E-03
  1030.0000    	  1031.0000    	 0.48407468E-01	 0.16486112E-03
  1031.0000    	  1032.0000    	 0.43577083E-01	 0.16222179E-03
  1032.0000    	  1033.0000    	 0.36964475E-01	 0.15220581E-03
  1033.0000    	  1034.0000    	 0.28723154E-01	 0.13427239E-03
