# xi0
# underflow	  79.803953    	 0.51066496E-01
# overflow	  1.5166525    	 0.99634682E-03
# sum	  343.39580    	 0.53033826E-01
# xmin	xmax	cross	numerror
  0.0000000    	  1.0000000    	 0.81770979    	 0.12973355E-02
  1.0000000    	  2.0000000    	 0.81507538    	 0.12287426E-02
  2.0000000    	  3.0000000    	 0.81622144    	 0.11866624E-02
  3.0000000    	  4.0000000    	 0.81418753    	 0.11371460E-02
  4.0000000    	  5.0000000    	 0.80948524    	 0.10392222E-02
  5.0000000    	  6.0000000    	 0.79699915    	 0.96190682E-03
  6.0000000    	  7.0000000    	 0.77618306    	 0.87141848E-03
  7.0000000    	  8.0000000    	 0.74812695    	 0.79297097E-03
  8.0000000    	  9.0000000    	 0.71141833    	 0.73592659E-03
  9.0000000    	  10.000000    	 0.66779185    	 0.68172263E-03
  10.000000    	  11.000000    	 0.61865110    	 0.63397813E-03
  11.000000    	  12.000000    	 0.79465854    	 0.11979158E-02
  12.000000    	  13.000000    	 0.79565636    	 0.11978370E-02
  13.000000    	  14.000000    	 0.79301022    	 0.11207535E-02
  14.000000    	  15.000000    	 0.78844590    	 0.10485166E-02
  15.000000    	  16.000000    	 0.77790490    	 0.97539687E-03
  16.000000    	  17.000000    	 0.76175075    	 0.90078561E-03
  17.000000    	  18.000000    	 0.73864160    	 0.83351407E-03
  18.000000    	  19.000000    	 0.70787507    	 0.76685819E-03
  19.000000    	  20.000000    	 0.66861251    	 0.69930686E-03
  20.000000    	  21.000000    	 0.62430271    	 0.64521053E-03
  21.000000    	  22.000000    	 0.57498176    	 0.60192253E-03
  22.000000    	  23.000000    	 0.77412137    	 0.11235069E-02
  23.000000    	  24.000000    	 0.77252686    	 0.11105287E-02
  24.000000    	  25.000000    	 0.76949261    	 0.10499025E-02
  25.000000    	  26.000000    	 0.76183702    	 0.98981899E-03
  26.000000    	  27.000000    	 0.74933984    	 0.93160318E-03
  27.000000    	  28.000000    	 0.72983921    	 0.84475193E-03
  28.000000    	  29.000000    	 0.70328406    	 0.77487389E-03
  29.000000    	  30.000000    	 0.67042784    	 0.71830210E-03
  30.000000    	  31.000000    	 0.62999916    	 0.66699517E-03
  31.000000    	  32.000000    	 0.58533734    	 0.61282360E-03
  32.000000    	  33.000000    	 0.53631782    	 0.57064215E-03
  33.000000    	  34.000000    	 0.75433236    	 0.10627655E-02
  34.000000    	  35.000000    	 0.75270167    	 0.10470472E-02
  35.000000    	  36.000000    	 0.74629375    	 0.99147557E-03
  36.000000    	  37.000000    	 0.73716954    	 0.94938952E-03
  37.000000    	  38.000000    	 0.72237747    	 0.87891476E-03
  38.000000    	  39.000000    	 0.70025008    	 0.80093588E-03
  39.000000    	  40.000000    	 0.67194295    	 0.75545696E-03
  40.000000    	  41.000000    	 0.63626035    	 0.68642836E-03
  41.000000    	  42.000000    	 0.59537272    	 0.63352863E-03
  42.000000    	  43.000000    	 0.54920956    	 0.58601017E-03
  43.000000    	  44.000000    	 0.50101551    	 0.54351549E-03
  44.000000    	  45.000000    	 0.73451510    	 0.10049179E-02
  45.000000    	  46.000000    	 0.73314672    	 0.99734009E-03
  46.000000    	  47.000000    	 0.72658383    	 0.95073792E-03
  47.000000    	  48.000000    	 0.71310441    	 0.90610502E-03
  48.000000    	  49.000000    	 0.69566887    	 0.82414194E-03
  49.000000    	  50.000000    	 0.67267263    	 0.78983915E-03
  50.000000    	  51.000000    	 0.64208641    	 0.72178005E-03
  51.000000    	  52.000000    	 0.60504253    	 0.65978430E-03
  52.000000    	  53.000000    	 0.56336158    	 0.60639770E-03
  53.000000    	  54.000000    	 0.51746597    	 0.55921843E-03
  54.000000    	  55.000000    	 0.46979118    	 0.52024657E-03
  55.000000    	  56.000000    	 0.71748239    	 0.97699290E-03
  56.000000    	  57.000000    	 0.71318678    	 0.93834807E-03
  57.000000    	  58.000000    	 0.70430388    	 0.91834510E-03
  58.000000    	  59.000000    	 0.69176829    	 0.86188638E-03
  59.000000    	  60.000000    	 0.67197660    	 0.81065092E-03
  60.000000    	  61.000000    	 0.64687106    	 0.75082304E-03
  61.000000    	  62.000000    	 0.61362428    	 0.68730898E-03
  62.000000    	  63.000000    	 0.57616727    	 0.63707483E-03
  63.000000    	  64.000000    	 0.53379111    	 0.58278295E-03
  64.000000    	  65.000000    	 0.48871825    	 0.53724345E-03
  65.000000    	  66.000000    	 0.44138714    	 0.49738533E-03
  66.000000    	  67.000000    	 0.69870379    	 0.93765787E-03
  67.000000    	  68.000000    	 0.69443057    	 0.91067664E-03
  68.000000    	  69.000000    	 0.68531707    	 0.86884752E-03
  69.000000    	  70.000000    	 0.66966242    	 0.81604072E-03
  70.000000    	  71.000000    	 0.65022580    	 0.78575328E-03
  71.000000    	  72.000000    	 0.62161589    	 0.72370902E-03
  72.000000    	  73.000000    	 0.58817939    	 0.65898349E-03
  73.000000    	  74.000000    	 0.54940152    	 0.60709658E-03
  74.000000    	  75.000000    	 0.50706499    	 0.56010732E-03
  75.000000    	  76.000000    	 0.46135818    	 0.51582060E-03
  76.000000    	  77.000000    	 0.41552737    	 0.48066425E-03
  77.000000    	  78.000000    	 0.68209324    	 0.90893301E-03
  78.000000    	  79.000000    	 0.67779441    	 0.88082185E-03
  79.000000    	  80.000000    	 0.66682463    	 0.84162105E-03
  80.000000    	  81.000000    	 0.65050487    	 0.80255642E-03
  81.000000    	  82.000000    	 0.62754218    	 0.73774647E-03
  82.000000    	  83.000000    	 0.59910316    	 0.70099069E-03
  83.000000    	  84.000000    	 0.56439135    	 0.64160940E-03
  84.000000    	  85.000000    	 0.52491739    	 0.59005996E-03
  85.000000    	  86.000000    	 0.48185035    	 0.54094387E-03
  86.000000    	  87.000000    	 0.43735371    	 0.49726000E-03
  87.000000    	  88.000000    	 0.39201537    	 0.45915472E-03
  88.000000    	  89.000000    	 0.66578047    	 0.88478206E-03
  89.000000    	  90.000000    	 0.65855649    	 0.83553819E-03
  90.000000    	  91.000000    	 0.64793478    	 0.80379217E-03
  91.000000    	  92.000000    	 0.63152861    	 0.76565302E-03
  92.000000    	  93.000000    	 0.60700014    	 0.73111531E-03
  93.000000    	  94.000000    	 0.57717236    	 0.67913003E-03
  94.000000    	  95.000000    	 0.54206124    	 0.61671426E-03
  95.000000    	  96.000000    	 0.50219858    	 0.57107080E-03
  96.000000    	  97.000000    	 0.45894547    	 0.52064130E-03
  97.000000    	  98.000000    	 0.41486819    	 0.48070920E-03
  98.000000    	  99.000000    	 0.37049159    	 0.44176509E-03
  99.000000    	  100.00000    	 0.64950424    	 0.84140651E-03
  100.00000    	  101.00000    	 0.64312815    	 0.82368311E-03
  101.00000    	  102.00000    	 0.63161669    	 0.78299254E-03
  102.00000    	  103.00000    	 0.61246435    	 0.76246685E-03
  103.00000    	  104.00000    	 0.58747809    	 0.69746557E-03
  104.00000    	  105.00000    	 0.55672297    	 0.65248352E-03
  105.00000    	  106.00000    	 0.52057337    	 0.59929886E-03
  106.00000    	  107.00000    	 0.48060357    	 0.55035693E-03
  107.00000    	  108.00000    	 0.43833164    	 0.50602295E-03
  108.00000    	  109.00000    	 0.39460360    	 0.46389768E-03
  109.00000    	  110.00000    	 0.35094187    	 0.42681644E-03
  110.00000    	  111.00000    	 0.63456155    	 0.84013753E-03
  111.00000    	  112.00000    	 0.62814632    	 0.81192756E-03
  112.00000    	  113.00000    	 0.61432548    	 0.75904994E-03
  113.00000    	  114.00000    	 0.59490391    	 0.72675357E-03
  114.00000    	  115.00000    	 0.56889424    	 0.69229751E-03
  115.00000    	  116.00000    	 0.53710778    	 0.62717376E-03
  116.00000    	  117.00000    	 0.50103261    	 0.58624063E-03
  117.00000    	  118.00000    	 0.46032089    	 0.53405463E-03
  118.00000    	  119.00000    	 0.41849217    	 0.49017382E-03
  119.00000    	  120.00000    	 0.37570331    	 0.45340144E-03
  120.00000    	  121.00000    	 0.33223133    	 0.41174575E-03
  121.00000    	  122.00000    	 0.61896033    	 0.79285241E-03
  122.00000    	  123.00000    	 0.61223676    	 0.80817029E-03
  123.00000    	  124.00000    	 0.59923385    	 0.76596082E-03
  124.00000    	  125.00000    	 0.57841860    	 0.71798471E-03
  125.00000    	  126.00000    	 0.55211459    	 0.67937382E-03
  126.00000    	  127.00000    	 0.51965958    	 0.62948205E-03
  127.00000    	  128.00000    	 0.48190813    	 0.57442718E-03
  128.00000    	  129.00000    	 0.44295126    	 0.52613840E-03
  129.00000    	  130.00000    	 0.40013822    	 0.47671950E-03
  130.00000    	  131.00000    	 0.35741125    	 0.43492246E-03
  131.00000    	  132.00000    	 0.31567074    	 0.39907432E-03
  132.00000    	  133.00000    	 0.60389850    	 0.79190800E-03
  133.00000    	  134.00000    	 0.59794452    	 0.77593288E-03
  134.00000    	  135.00000    	 0.58297012    	 0.72130497E-03
  135.00000    	  136.00000    	 0.56196569    	 0.69940123E-03
  136.00000    	  137.00000    	 0.53478556    	 0.65010082E-03
  137.00000    	  138.00000    	 0.50220776    	 0.59980503E-03
  138.00000    	  139.00000    	 0.46501455    	 0.56035609E-03
  139.00000    	  140.00000    	 0.42485452    	 0.50681929E-03
  140.00000    	  141.00000    	 0.38369134    	 0.46316253E-03
  141.00000    	  142.00000    	 0.34125653    	 0.42321981E-03
  142.00000    	  143.00000    	 0.29964873    	 0.38589779E-03
  143.00000    	  144.00000    	 0.59038047    	 0.78542344E-03
  144.00000    	  145.00000    	 0.58205661    	 0.76278374E-03
  145.00000    	  146.00000    	 0.56834471    	 0.72236915E-03
  146.00000    	  147.00000    	 0.54717993    	 0.68151756E-03
  147.00000    	  148.00000    	 0.51930329    	 0.64808912E-03
  148.00000    	  149.00000    	 0.48600747    	 0.59246258E-03
  149.00000    	  150.00000    	 0.44895594    	 0.53748594E-03
  150.00000    	  151.00000    	 0.40846972    	 0.49350504E-03
  151.00000    	  152.00000    	 0.36692852    	 0.45019748E-03
  152.00000    	  153.00000    	 0.32577297    	 0.41130656E-03
  153.00000    	  154.00000    	 0.28525889    	 0.37446562E-03
  154.00000    	  155.00000    	 0.57653740    	 0.75388995E-03
  155.00000    	  156.00000    	 0.56893570    	 0.72748539E-03
  156.00000    	  157.00000    	 0.55359961    	 0.69648085E-03
  157.00000    	  158.00000    	 0.53213466    	 0.66026404E-03
  158.00000    	  159.00000    	 0.50319865    	 0.62460341E-03
  159.00000    	  160.00000    	 0.47058179    	 0.57636887E-03
  160.00000    	  161.00000    	 0.43270945    	 0.52513946E-03
  161.00000    	  162.00000    	 0.39321864    	 0.48171049E-03
  162.00000    	  163.00000    	 0.35285005    	 0.44163755E-03
  163.00000    	  164.00000    	 0.31152150    	 0.39894210E-03
  164.00000    	  165.00000    	 0.27132514    	 0.36319693E-03
  165.00000    	  166.00000    	 0.56264617    	 0.73450635E-03
  166.00000    	  167.00000    	 0.55526463    	 0.70526777E-03
  167.00000    	  168.00000    	 0.53979256    	 0.68448022E-03
  168.00000    	  169.00000    	 0.51761718    	 0.65421218E-03
  169.00000    	  170.00000    	 0.48978537    	 0.60992027E-03
  170.00000    	  171.00000    	 0.45580159    	 0.56864671E-03
  171.00000    	  172.00000    	 0.41839294    	 0.51549756E-03
  172.00000    	  173.00000    	 0.37920582    	 0.47250178E-03
  173.00000    	  174.00000    	 0.33797738    	 0.42781151E-03
  174.00000    	  175.00000    	 0.29800865    	 0.38835500E-03
  175.00000    	  176.00000    	 0.25903427    	 0.35351332E-03
  176.00000    	  177.00000    	 0.55011620    	 0.72683324E-03
  177.00000    	  178.00000    	 0.54232460    	 0.69604679E-03
  178.00000    	  179.00000    	 0.52646780    	 0.66670785E-03
  179.00000    	  180.00000    	 0.50406614    	 0.64619110E-03
  180.00000    	  181.00000    	 0.47561168    	 0.59109883E-03
  181.00000    	  182.00000    	 0.44162902    	 0.55187491E-03
  182.00000    	  183.00000    	 0.40449930    	 0.50897381E-03
  183.00000    	  184.00000    	 0.36483246    	 0.46069767E-03
  184.00000    	  185.00000    	 0.32516587    	 0.41666630E-03
  185.00000    	  186.00000    	 0.28525322    	 0.37861161E-03
  186.00000    	  187.00000    	 0.24724443    	 0.34433770E-03
  187.00000    	  188.00000    	 0.53740850    	 0.71417182E-03
  188.00000    	  189.00000    	 0.52948060    	 0.68483397E-03
  189.00000    	  190.00000    	 0.51416052    	 0.66733418E-03
  190.00000    	  191.00000    	 0.49115363    	 0.62521706E-03
  191.00000    	  192.00000    	 0.46241995    	 0.59037665E-03
  192.00000    	  193.00000    	 0.42838382    	 0.54439897E-03
  193.00000    	  194.00000    	 0.39097150    	 0.50247928E-03
  194.00000    	  195.00000    	 0.35202440    	 0.44945230E-03
  195.00000    	  196.00000    	 0.31245104    	 0.40728777E-03
  196.00000    	  197.00000    	 0.27369307    	 0.36973080E-03
  197.00000    	  198.00000    	 0.23593150    	 0.33523274E-03
  198.00000    	  199.00000    	 0.52513034    	 0.70995033E-03
  199.00000    	  200.00000    	 0.51710100    	 0.67431569E-03
  200.00000    	  201.00000    	 0.50142192    	 0.63761308E-03
  201.00000    	  202.00000    	 0.47811106    	 0.61264579E-03
  202.00000    	  203.00000    	 0.44896043    	 0.58055963E-03
  203.00000    	  204.00000    	 0.41565699    	 0.53034950E-03
  204.00000    	  205.00000    	 0.37887055    	 0.48502166E-03
  205.00000    	  206.00000    	 0.34014368    	 0.44082700E-03
  206.00000    	  207.00000    	 0.30082719    	 0.40291592E-03
  207.00000    	  208.00000    	 0.26223183    	 0.36098720E-03
  208.00000    	  209.00000    	 0.22589555    	 0.32696850E-03
  209.00000    	  210.00000    	 0.51416869    	 0.69934187E-03
  210.00000    	  211.00000    	 0.50601441    	 0.68260273E-03
  211.00000    	  212.00000    	 0.48875892    	 0.63958679E-03
  212.00000    	  213.00000    	 0.46647638    	 0.60490888E-03
  213.00000    	  214.00000    	 0.43748764    	 0.56142896E-03
  214.00000    	  215.00000    	 0.40335111    	 0.52183367E-03
  215.00000    	  216.00000    	 0.36646146    	 0.47322167E-03
  216.00000    	  217.00000    	 0.32792179    	 0.43036690E-03
  217.00000    	  218.00000    	 0.28919073    	 0.38846664E-03
  218.00000    	  219.00000    	 0.25201044    	 0.35376695E-03
  219.00000    	  220.00000    	 0.21570666    	 0.31782073E-03
  220.00000    	  221.00000    	 0.50188026    	 0.66499671E-03
  221.00000    	  222.00000    	 0.49352995    	 0.64900185E-03
  222.00000    	  223.00000    	 0.47745732    	 0.62182039E-03
  223.00000    	  224.00000    	 0.45419454    	 0.59588012E-03
  224.00000    	  225.00000    	 0.42513348    	 0.55658382E-03
  225.00000    	  226.00000    	 0.39163593    	 0.50800168E-03
  226.00000    	  227.00000    	 0.35505794    	 0.46486330E-03
  227.00000    	  228.00000    	 0.31677876    	 0.42076844E-03
  228.00000    	  229.00000    	 0.27869571    	 0.38074659E-03
  229.00000    	  230.00000    	 0.24180386    	 0.34528432E-03
  230.00000    	  231.00000    	 0.20665778    	 0.31281225E-03
  231.00000    	  232.00000    	 0.49056132    	 0.66435343E-03
  232.00000    	  233.00000    	 0.48254203    	 0.66326926E-03
  233.00000    	  234.00000    	 0.46676665    	 0.62703577E-03
  234.00000    	  235.00000    	 0.44273402    	 0.58634340E-03
  235.00000    	  236.00000    	 0.41359139    	 0.55234627E-03
  236.00000    	  237.00000    	 0.38073781    	 0.50535019E-03
  237.00000    	  238.00000    	 0.34369155    	 0.45500195E-03
  238.00000    	  239.00000    	 0.30644118    	 0.41255029E-03
  239.00000    	  240.00000    	 0.26878154    	 0.37731389E-03
  240.00000    	  241.00000    	 0.23232731    	 0.33599628E-03
  241.00000    	  242.00000    	 0.19783749    	 0.30273636E-03
  242.00000    	  243.00000    	 0.47946683    	 0.66156650E-03
  243.00000    	  244.00000    	 0.47163254    	 0.64951569E-03
  244.00000    	  245.00000    	 0.45564471    	 0.62164796E-03
  245.00000    	  246.00000    	 0.43171528    	 0.57586278E-03
  246.00000    	  247.00000    	 0.40260083    	 0.53295387E-03
  247.00000    	  248.00000    	 0.36911016    	 0.49125259E-03
  248.00000    	  249.00000    	 0.33325147    	 0.45649035E-03
  249.00000    	  250.00000    	 0.29596244    	 0.40362326E-03
  250.00000    	  251.00000    	 0.25957950    	 0.36564377E-03
  251.00000    	  252.00000    	 0.22351677    	 0.32909664E-03
  252.00000    	  253.00000    	 0.18975768    	 0.29608831E-03
  253.00000    	  254.00000    	 0.46973525    	 0.64928182E-03
  254.00000    	  255.00000    	 0.46092722    	 0.64345260E-03
  255.00000    	  256.00000    	 0.44451782    	 0.60801396E-03
  256.00000    	  257.00000    	 0.42121623    	 0.56944416E-03
  257.00000    	  258.00000    	 0.39210635    	 0.52147407E-03
  258.00000    	  259.00000    	 0.35929181    	 0.48501051E-03
  259.00000    	  260.00000    	 0.32357923    	 0.44050870E-03
  260.00000    	  261.00000    	 0.28650477    	 0.39822056E-03
  261.00000    	  262.00000    	 0.25011213    	 0.35776661E-03
  262.00000    	  263.00000    	 0.21507464    	 0.32247350E-03
  263.00000    	  264.00000    	 0.18172370    	 0.28892100E-03
  264.00000    	  265.00000    	 0.45826485    	 0.65076241E-03
  265.00000    	  266.00000    	 0.45009727    	 0.62453782E-03
  266.00000    	  267.00000    	 0.43375261    	 0.59086113E-03
  267.00000    	  268.00000    	 0.41106406    	 0.55907607E-03
  268.00000    	  269.00000    	 0.38178799    	 0.51852435E-03
  269.00000    	  270.00000    	 0.34864688    	 0.47750534E-03
  270.00000    	  271.00000    	 0.31345117    	 0.43067951E-03
  271.00000    	  272.00000    	 0.27712800    	 0.38940936E-03
  272.00000    	  273.00000    	 0.24144356    	 0.35251999E-03
  273.00000    	  274.00000    	 0.20667510    	 0.31482553E-03
  274.00000    	  275.00000    	 0.17467485    	 0.28353771E-03
  275.00000    	  276.00000    	 0.44852041    	 0.63333612E-03
  276.00000    	  277.00000    	 0.43914096    	 0.61415697E-03
  277.00000    	  278.00000    	 0.42387592    	 0.58840393E-03
  278.00000    	  279.00000    	 0.40033636    	 0.54176465E-03
  279.00000    	  280.00000    	 0.37180222    	 0.50669949E-03
  280.00000    	  281.00000    	 0.33902855    	 0.46422447E-03
  281.00000    	  282.00000    	 0.30463002    	 0.42994373E-03
  282.00000    	  283.00000    	 0.26841984    	 0.38405491E-03
  283.00000    	  284.00000    	 0.23325449    	 0.34443921E-03
  284.00000    	  285.00000    	 0.19949301    	 0.30891315E-03
  285.00000    	  286.00000    	 0.16751701    	 0.27678900E-03
  286.00000    	  287.00000    	 0.43790463    	 0.61144641E-03
  287.00000    	  288.00000    	 0.42946361    	 0.62065613E-03
  288.00000    	  289.00000    	 0.41381395    	 0.58413280E-03
  289.00000    	  290.00000    	 0.39062155    	 0.53374251E-03
  290.00000    	  291.00000    	 0.36221032    	 0.49887310E-03
  291.00000    	  292.00000    	 0.32960931    	 0.46450974E-03
  292.00000    	  293.00000    	 0.29517479    	 0.41703061E-03
  293.00000    	  294.00000    	 0.26001258    	 0.37925608E-03
  294.00000    	  295.00000    	 0.22488213    	 0.33897549E-03
  295.00000    	  296.00000    	 0.19180804    	 0.30219132E-03
  296.00000    	  297.00000    	 0.16069384    	 0.27089579E-03
  297.00000    	  298.00000    	 0.42771392    	 0.60217655E-03
  298.00000    	  299.00000    	 0.42010195    	 0.59995495E-03
  299.00000    	  300.00000    	 0.40304352    	 0.57152112E-03
  300.00000    	  301.00000    	 0.38040750    	 0.53367566E-03
  301.00000    	  302.00000    	 0.35292240    	 0.49198811E-03
  302.00000    	  303.00000    	 0.32108877    	 0.45264799E-03
  303.00000    	  304.00000    	 0.28669965    	 0.41560332E-03
  304.00000    	  305.00000    	 0.25221741    	 0.37079128E-03
  305.00000    	  306.00000    	 0.21766184    	 0.33191955E-03
  306.00000    	  307.00000    	 0.18480084    	 0.29653447E-03
  307.00000    	  308.00000    	 0.15434210    	 0.26559874E-03
  308.00000    	  309.00000    	 0.41800227    	 0.61661232E-03
  309.00000    	  310.00000    	 0.40973371    	 0.57281768E-03
  310.00000    	  311.00000    	 0.39352936    	 0.55408886E-03
  311.00000    	  312.00000    	 0.37074250    	 0.53362196E-03
  312.00000    	  313.00000    	 0.34378454    	 0.48674056E-03
  313.00000    	  314.00000    	 0.31173785    	 0.44189094E-03
  314.00000    	  315.00000    	 0.27818595    	 0.40276372E-03
  315.00000    	  316.00000    	 0.24400832    	 0.36276316E-03
  316.00000    	  317.00000    	 0.21028831    	 0.32574331E-03
  317.00000    	  318.00000    	 0.17798255    	 0.29053442E-03
  318.00000    	  319.00000    	 0.14828121    	 0.26056960E-03
  319.00000    	  320.00000    	 0.40822843    	 0.58570895E-03
  320.00000    	  321.00000    	 0.39997144    	 0.58299861E-03
  321.00000    	  322.00000    	 0.38439653    	 0.54771297E-03
  322.00000    	  323.00000    	 0.36209849    	 0.51935129E-03
  323.00000    	  324.00000    	 0.33500163    	 0.47648536E-03
  324.00000    	  325.00000    	 0.30336204    	 0.43696072E-03
  325.00000    	  326.00000    	 0.26990090    	 0.39642755E-03
  326.00000    	  327.00000    	 0.23659597    	 0.35863892E-03
  327.00000    	  328.00000    	 0.20319146    	 0.31936953E-03
  328.00000    	  329.00000    	 0.17181247    	 0.28633058E-03
  329.00000    	  330.00000    	 0.14240099    	 0.25499525E-03
  330.00000    	  331.00000    	 0.39828016    	 0.57838849E-03
  331.00000    	  332.00000    	 0.39015965    	 0.55847833E-03
  332.00000    	  333.00000    	 0.37527038    	 0.55054029E-03
  333.00000    	  334.00000    	 0.35281888    	 0.51099239E-03
  334.00000    	  335.00000    	 0.32556933    	 0.46729461E-03
  335.00000    	  336.00000    	 0.29521575    	 0.43078619E-03
  336.00000    	  337.00000    	 0.26223991    	 0.39072236E-03
  337.00000    	  338.00000    	 0.22879720    	 0.35130719E-03
  338.00000    	  339.00000    	 0.19661696    	 0.31414756E-03
  339.00000    	  340.00000    	 0.16560554    	 0.27990149E-03
  340.00000    	  341.00000    	 0.13717095    	 0.25146472E-03
  341.00000    	  342.00000    	 0.38919492    	 0.56925130E-03
  342.00000    	  343.00000    	 0.38165087    	 0.55301561E-03
  343.00000    	  344.00000    	 0.36551002    	 0.52729947E-03
  344.00000    	  345.00000    	 0.34443410    	 0.50574845E-03
  345.00000    	  346.00000    	 0.31792713    	 0.46366493E-03
  346.00000    	  347.00000    	 0.28649980    	 0.42482235E-03
  347.00000    	  348.00000    	 0.25489492    	 0.38329577E-03
  348.00000    	  349.00000    	 0.22203899    	 0.34491050E-03
  349.00000    	  350.00000    	 0.18976141    	 0.30831033E-03
  350.00000    	  351.00000    	 0.15958337    	 0.27500276E-03
  351.00000    	  352.00000    	 0.13182709    	 0.24544493E-03
  352.00000    	  353.00000    	 0.38020587    	 0.57110742E-03
  353.00000    	  354.00000    	 0.37246130    	 0.54472681E-03
  354.00000    	  355.00000    	 0.35739938    	 0.52388847E-03
  355.00000    	  356.00000    	 0.33578178    	 0.51221183E-03
  356.00000    	  357.00000    	 0.30856343    	 0.45583199E-03
  357.00000    	  358.00000    	 0.27929060    	 0.42321797E-03
  358.00000    	  359.00000    	 0.24759259    	 0.37878876E-03
  359.00000    	  360.00000    	 0.21499287    	 0.33993749E-03
  360.00000    	  361.00000    	 0.18369429    	 0.30341208E-03
  361.00000    	  362.00000    	 0.15415051    	 0.27170558E-03
  362.00000    	  363.00000    	 0.12641464    	 0.24017139E-03
  363.00000    	  364.00000    	 0.37214511    	 0.56281602E-03
  364.00000    	  365.00000    	 0.36344764    	 0.54000902E-03
  365.00000    	  366.00000    	 0.34820987    	 0.51219469E-03
  366.00000    	  367.00000    	 0.32769539    	 0.48419806E-03
  367.00000    	  368.00000    	 0.30130048    	 0.45268407E-03
  368.00000    	  369.00000    	 0.27194393    	 0.41127487E-03
  369.00000    	  370.00000    	 0.24034492    	 0.37185379E-03
  370.00000    	  371.00000    	 0.20924537    	 0.33508483E-03
  371.00000    	  372.00000    	 0.17800783    	 0.29830132E-03
  372.00000    	  373.00000    	 0.14892828    	 0.26548202E-03
  373.00000    	  374.00000    	 0.12193878    	 0.23614522E-03
  374.00000    	  375.00000    	 0.36298642    	 0.55589041E-03
  375.00000    	  376.00000    	 0.35551144    	 0.52625988E-03
  376.00000    	  377.00000    	 0.34153405    	 0.50742327E-03
  377.00000    	  378.00000    	 0.31974733    	 0.47978590E-03
  378.00000    	  379.00000    	 0.29344708    	 0.44108274E-03
  379.00000    	  380.00000    	 0.26479865    	 0.41282512E-03
  380.00000    	  381.00000    	 0.23381786    	 0.36610660E-03
  381.00000    	  382.00000    	 0.20273358    	 0.32935738E-03
  382.00000    	  383.00000    	 0.17236228    	 0.29328865E-03
  383.00000    	  384.00000    	 0.14377217    	 0.26097129E-03
  384.00000    	  385.00000    	 0.11764875    	 0.23226558E-03
  385.00000    	  386.00000    	 0.35547600    	 0.54393821E-03
  386.00000    	  387.00000    	 0.34753399    	 0.52301210E-03
  387.00000    	  388.00000    	 0.33289420    	 0.50360186E-03
  388.00000    	  389.00000    	 0.31201842    	 0.46998146E-03
  389.00000    	  390.00000    	 0.28681656    	 0.43484700E-03
  390.00000    	  391.00000    	 0.25821387    	 0.39811979E-03
  391.00000    	  392.00000    	 0.22765389    	 0.36094874E-03
  392.00000    	  393.00000    	 0.19681221    	 0.32391600E-03
  393.00000    	  394.00000    	 0.16717580    	 0.28871161E-03
  394.00000    	  395.00000    	 0.13864754    	 0.25622343E-03
  395.00000    	  396.00000    	 0.11304874    	 0.22845654E-03
  396.00000    	  397.00000    	 0.34758042    	 0.53076307E-03
  397.00000    	  398.00000    	 0.34053457    	 0.52687331E-03
  398.00000    	  399.00000    	 0.32570918    	 0.50262563E-03
  399.00000    	  400.00000    	 0.30562737    	 0.46410274E-03
  400.00000    	  401.00000    	 0.28001626    	 0.43226286E-03
  401.00000    	  402.00000    	 0.25171801    	 0.39466941E-03
  402.00000    	  403.00000    	 0.22178140    	 0.35613834E-03
  403.00000    	  404.00000    	 0.19125155    	 0.31890860E-03
  404.00000    	  405.00000    	 0.16174121    	 0.28411768E-03
  405.00000    	  406.00000    	 0.13456712    	 0.25354267E-03
  406.00000    	  407.00000    	 0.10911276    	 0.22408604E-03
  407.00000    	  408.00000    	 0.34124801    	 0.53126438E-03
  408.00000    	  409.00000    	 0.33362437    	 0.51041510E-03
  409.00000    	  410.00000    	 0.31963758    	 0.48819216E-03
  410.00000    	  411.00000    	 0.29859410    	 0.45931531E-03
  411.00000    	  412.00000    	 0.27374013    	 0.42571503E-03
  412.00000    	  413.00000    	 0.24506403    	 0.38819298E-03
  413.00000    	  414.00000    	 0.21603558    	 0.35238494E-03
  414.00000    	  415.00000    	 0.18581655    	 0.31418748E-03
  415.00000    	  416.00000    	 0.15692324    	 0.27965734E-03
  416.00000    	  417.00000    	 0.12952599    	 0.24782318E-03
  417.00000    	  418.00000    	 0.10537510    	 0.22027511E-03
  418.00000    	  419.00000    	 0.33374064    	 0.52320445E-03
  419.00000    	  420.00000    	 0.32633106    	 0.50210812E-03
  420.00000    	  421.00000    	 0.31249981    	 0.48416028E-03
  421.00000    	  422.00000    	 0.29216272    	 0.45238965E-03
  422.00000    	  423.00000    	 0.26735885    	 0.41917110E-03
  423.00000    	  424.00000    	 0.23978757    	 0.38418908E-03
  424.00000    	  425.00000    	 0.21025143    	 0.34676332E-03
  425.00000    	  426.00000    	 0.18043497    	 0.30930515E-03
  426.00000    	  427.00000    	 0.15217636    	 0.27516450E-03
  427.00000    	  428.00000    	 0.12570350    	 0.24468279E-03
  428.00000    	  429.00000    	 0.10155769    	 0.21664145E-03
  429.00000    	  430.00000    	 0.32757589    	 0.52328195E-03
  430.00000    	  431.00000    	 0.32059222    	 0.50602518E-03
  431.00000    	  432.00000    	 0.30574610    	 0.47795409E-03
  432.00000    	  433.00000    	 0.28586786    	 0.45159744E-03
  433.00000    	  434.00000    	 0.26120983    	 0.41831333E-03
  434.00000    	  435.00000    	 0.23378458    	 0.37942287E-03
  435.00000    	  436.00000    	 0.20457457    	 0.34086286E-03
  436.00000    	  437.00000    	 0.17618833    	 0.30582007E-03
  437.00000    	  438.00000    	 0.14762817    	 0.27205970E-03
  438.00000    	  439.00000    	 0.12145036    	 0.24014007E-03
  439.00000    	  440.00000    	 0.97764370E-01	 0.21289322E-03
  440.00000    	  441.00000    	 0.32135621    	 0.51167344E-03
  441.00000    	  442.00000    	 0.31335262    	 0.49444338E-03
  442.00000    	  443.00000    	 0.29912843    	 0.47002584E-03
  443.00000    	  444.00000    	 0.28032800    	 0.45159609E-03
  444.00000    	  445.00000    	 0.25599320    	 0.41161801E-03
  445.00000    	  446.00000    	 0.22881778    	 0.37524411E-03
  446.00000    	  447.00000    	 0.19975088    	 0.33756383E-03
  447.00000    	  448.00000    	 0.17095400    	 0.30200591E-03
  448.00000    	  449.00000    	 0.14340287    	 0.26703669E-03
  449.00000    	  450.00000    	 0.11790526    	 0.23680928E-03
  450.00000    	  451.00000    	 0.94705149E-01	 0.20980241E-03
  451.00000    	  452.00000    	 0.31481932    	 0.50525966E-03
  452.00000    	  453.00000    	 0.30793683    	 0.48768388E-03
  453.00000    	  454.00000    	 0.29381581    	 0.46530628E-03
  454.00000    	  455.00000    	 0.27373965    	 0.43503556E-03
  455.00000    	  456.00000    	 0.25049427    	 0.40741454E-03
  456.00000    	  457.00000    	 0.22301241    	 0.36850478E-03
  457.00000    	  458.00000    	 0.19492104    	 0.33286207E-03
  458.00000    	  459.00000    	 0.16665064    	 0.29769465E-03
  459.00000    	  460.00000    	 0.13947441    	 0.26372246E-03
  460.00000    	  461.00000    	 0.11377413    	 0.23325009E-03
  461.00000    	  462.00000    	 0.91526570E-01	 0.20676284E-03
  462.00000    	  463.00000    	 0.30889514    	 0.50214549E-03
  463.00000    	  464.00000    	 0.30185344    	 0.48660626E-03
  464.00000    	  465.00000    	 0.28868686    	 0.46465374E-03
  465.00000    	  466.00000    	 0.26880274    	 0.43210238E-03
  466.00000    	  467.00000    	 0.24458615    	 0.39814875E-03
  467.00000    	  468.00000    	 0.21806578    	 0.36442339E-03
  468.00000    	  469.00000    	 0.19021690    	 0.32803484E-03
  469.00000    	  470.00000    	 0.16215940    	 0.29293521E-03
  470.00000    	  471.00000    	 0.13536757    	 0.25956606E-03
  471.00000    	  472.00000    	 0.11051412    	 0.22958625E-03
  472.00000    	  473.00000    	 0.88162619E-01	 0.20295481E-03
  473.00000    	  474.00000    	 0.30372134    	 0.49868923E-03
  474.00000    	  475.00000    	 0.29600621    	 0.47844310E-03
  475.00000    	  476.00000    	 0.28225182    	 0.45618257E-03
  476.00000    	  477.00000    	 0.26366752    	 0.42559365E-03
  477.00000    	  478.00000    	 0.23982426    	 0.39619789E-03
  478.00000    	  479.00000    	 0.21305968    	 0.35900405E-03
  479.00000    	  480.00000    	 0.18536238    	 0.32343493E-03
  480.00000    	  481.00000    	 0.15806324    	 0.28914568E-03
  481.00000    	  482.00000    	 0.13137047    	 0.25589091E-03
  482.00000    	  483.00000    	 0.10706740    	 0.22657278E-03
  483.00000    	  484.00000    	 0.85228005E-01	 0.19981471E-03
  484.00000    	  485.00000    	 0.29801842    	 0.49385899E-03
  485.00000    	  486.00000    	 0.29119018    	 0.47584140E-03
  486.00000    	  487.00000    	 0.27691532    	 0.45009709E-03
  487.00000    	  488.00000    	 0.25775075    	 0.42635809E-03
  488.00000    	  489.00000    	 0.23465217    	 0.38924465E-03
  489.00000    	  490.00000    	 0.20859558    	 0.35720684E-03
  490.00000    	  491.00000    	 0.18108100    	 0.31995903E-03
  491.00000    	  492.00000    	 0.15378298    	 0.28483139E-03
  492.00000    	  493.00000    	 0.12757320    	 0.25211310E-03
  493.00000    	  494.00000    	 0.10360891    	 0.22268150E-03
  494.00000    	  495.00000    	 0.82265849E-01	 0.19638556E-03
  495.00000    	  496.00000    	 0.29249931    	 0.49000876E-03
  496.00000    	  497.00000    	 0.28566508    	 0.46991907E-03
  497.00000    	  498.00000    	 0.27175520    	 0.44460856E-03
  498.00000    	  499.00000    	 0.25281935    	 0.41641302E-03
  499.00000    	  500.00000    	 0.22934367    	 0.38463063E-03
  500.00000    	  501.00000    	 0.20407347    	 0.35159501E-03
  501.00000    	  502.00000    	 0.17660502    	 0.31513264E-03
  502.00000    	  503.00000    	 0.14997872    	 0.28201038E-03
  503.00000    	  504.00000    	 0.12435622    	 0.24902845E-03
  504.00000    	  505.00000    	 0.10062702    	 0.21965935E-03
  505.00000    	  506.00000    	 0.79460680E-01	 0.19477588E-03
  506.00000    	  507.00000    	 0.28737589    	 0.47644199E-03
  507.00000    	  508.00000    	 0.28016681    	 0.46549885E-03
  508.00000    	  509.00000    	 0.26670560    	 0.44426884E-03
  509.00000    	  510.00000    	 0.24791628    	 0.41605091E-03
  510.00000    	  511.00000    	 0.22500959    	 0.38109826E-03
  511.00000    	  512.00000    	 0.19935578    	 0.34685070E-03
  512.00000    	  513.00000    	 0.17283723    	 0.31231221E-03
  513.00000    	  514.00000    	 0.14589061    	 0.27742733E-03
  514.00000    	  515.00000    	 0.12057084    	 0.24545090E-03
  515.00000    	  516.00000    	 0.97281012E-01	 0.21641671E-03
  516.00000    	  517.00000    	 0.76704521E-01	 0.19031428E-03
  517.00000    	  518.00000    	 0.28218632    	 0.47363892E-03
  518.00000    	  519.00000    	 0.27459032    	 0.45729663E-03
  519.00000    	  520.00000    	 0.26229330    	 0.44176169E-03
  520.00000    	  521.00000    	 0.24296041    	 0.40710192E-03
  521.00000    	  522.00000    	 0.22052169    	 0.37709839E-03
  522.00000    	  523.00000    	 0.19518295    	 0.34218761E-03
  523.00000    	  524.00000    	 0.16863359    	 0.30825879E-03
  524.00000    	  525.00000    	 0.14246877    	 0.27403263E-03
  525.00000    	  526.00000    	 0.11720164    	 0.24213452E-03
  526.00000    	  527.00000    	 0.94420169E-01	 0.21359815E-03
  527.00000    	  528.00000    	 0.74325392E-01	 0.18791918E-03
  528.00000    	  529.00000    	 0.27734766    	 0.47393347E-03
  529.00000    	  530.00000    	 0.27001937    	 0.45406327E-03
  530.00000    	  531.00000    	 0.25684908    	 0.43021988E-03
  531.00000    	  532.00000    	 0.23865234    	 0.40405232E-03
  532.00000    	  533.00000    	 0.21575907    	 0.37280646E-03
  533.00000    	  534.00000    	 0.19063862    	 0.33806529E-03
  534.00000    	  535.00000    	 0.16442301    	 0.30407266E-03
  535.00000    	  536.00000    	 0.13869010    	 0.27038839E-03
  536.00000    	  537.00000    	 0.11398091    	 0.23864159E-03
  537.00000    	  538.00000    	 0.91248547E-01	 0.20987846E-03
  538.00000    	  539.00000    	 0.71867565E-01	 0.18480763E-03
  539.00000    	  540.00000    	 0.27189168    	 0.46346773E-03
  540.00000    	  541.00000    	 0.26523993    	 0.45482997E-03
  541.00000    	  542.00000    	 0.25236055    	 0.42733491E-03
  542.00000    	  543.00000    	 0.23406977    	 0.40007126E-03
  543.00000    	  544.00000    	 0.21162351    	 0.36745677E-03
  544.00000    	  545.00000    	 0.18650954    	 0.33420964E-03
  545.00000    	  546.00000    	 0.16084547    	 0.30005851E-03
  546.00000    	  547.00000    	 0.13503280    	 0.26653810E-03
  547.00000    	  548.00000    	 0.11055781    	 0.23510122E-03
  548.00000    	  549.00000    	 0.88891010E-01	 0.20762388E-03
  549.00000    	  550.00000    	 0.69414494E-01	 0.18210083E-03
  550.00000    	  551.00000    	 0.26729514    	 0.46180876E-03
  551.00000    	  552.00000    	 0.26070691    	 0.44213174E-03
  552.00000    	  553.00000    	 0.24773221    	 0.42389299E-03
  553.00000    	  554.00000    	 0.22892589    	 0.39567534E-03
  554.00000    	  555.00000    	 0.20766065    	 0.36413257E-03
  555.00000    	  556.00000    	 0.18255645    	 0.33204138E-03
  556.00000    	  557.00000    	 0.15676579    	 0.29592449E-03
  557.00000    	  558.00000    	 0.13127357    	 0.26273628E-03
  558.00000    	  559.00000    	 0.10780240    	 0.23252863E-03
  559.00000    	  560.00000    	 0.86141240E-01	 0.20456835E-03
  560.00000    	  561.00000    	 0.67158873E-01	 0.17922656E-03
  561.00000    	  562.00000    	 0.26229230    	 0.45230984E-03
  562.00000    	  563.00000    	 0.25589006    	 0.43865888E-03
  563.00000    	  564.00000    	 0.24293275    	 0.41714299E-03
  564.00000    	  565.00000    	 0.22470631    	 0.38983955E-03
  565.00000    	  566.00000    	 0.20261726    	 0.35912358E-03
  566.00000    	  567.00000    	 0.17875185    	 0.32678445E-03
  567.00000    	  568.00000    	 0.15314595    	 0.29258168E-03
  568.00000    	  569.00000    	 0.12827164    	 0.25992319E-03
  569.00000    	  570.00000    	 0.10472245    	 0.22976143E-03
  570.00000    	  571.00000    	 0.83657119E-01	 0.20188906E-03
  571.00000    	  572.00000    	 0.64987375E-01	 0.17679743E-03
  572.00000    	  573.00000    	 0.25771899    	 0.44873202E-03
  573.00000    	  574.00000    	 0.25119454    	 0.43365288E-03
  574.00000    	  575.00000    	 0.23846615    	 0.41378568E-03
  575.00000    	  576.00000    	 0.22023566    	 0.38570434E-03
  576.00000    	  577.00000    	 0.19881137    	 0.35514502E-03
  577.00000    	  578.00000    	 0.17490167    	 0.32315080E-03
  578.00000    	  579.00000    	 0.14967326    	 0.28899072E-03
  579.00000    	  580.00000    	 0.12520075    	 0.25697578E-03
  580.00000    	  581.00000    	 0.10209467    	 0.22715743E-03
  581.00000    	  582.00000    	 0.80930805E-01	 0.19876034E-03
  582.00000    	  583.00000    	 0.63005495E-01	 0.17424506E-03
  583.00000    	  584.00000    	 0.25352665    	 0.44518199E-03
  584.00000    	  585.00000    	 0.24687026    	 0.42896720E-03
  585.00000    	  586.00000    	 0.23400442    	 0.40982315E-03
  586.00000    	  587.00000    	 0.21631777    	 0.38150162E-03
  587.00000    	  588.00000    	 0.19504829    	 0.35153931E-03
  588.00000    	  589.00000    	 0.17117454    	 0.31907973E-03
  589.00000    	  590.00000    	 0.14628494    	 0.28565699E-03
  590.00000    	  591.00000    	 0.12201250    	 0.25440878E-03
  591.00000    	  592.00000    	 0.99053588E-01	 0.22356000E-03
  592.00000    	  593.00000    	 0.78739506E-01	 0.19633917E-03
  593.00000    	  594.00000    	 0.60805639E-01	 0.17155596E-03
  594.00000    	  595.00000    	 0.24863449    	 0.44047923E-03
  595.00000    	  596.00000    	 0.24264440    	 0.42557459E-03
  596.00000    	  597.00000    	 0.22989906    	 0.40588417E-03
  597.00000    	  598.00000    	 0.21279264    	 0.37819792E-03
  598.00000    	  599.00000    	 0.19092911    	 0.34772295E-03
  599.00000    	  600.00000    	 0.16748207    	 0.31520215E-03
  600.00000    	  601.00000    	 0.14300113    	 0.28254441E-03
  601.00000    	  602.00000    	 0.11879615    	 0.25024566E-03
  602.00000    	  603.00000    	 0.96341880E-01	 0.22044114E-03
  603.00000    	  604.00000    	 0.76289104E-01	 0.19355354E-03
  604.00000    	  605.00000    	 0.58839532E-01	 0.16900081E-03
  605.00000    	  606.00000    	 0.24449089    	 0.43528998E-03
  606.00000    	  607.00000    	 0.23847816    	 0.42088113E-03
  607.00000    	  608.00000    	 0.22636104    	 0.40048038E-03
  608.00000    	  609.00000    	 0.20829358    	 0.37369463E-03
  609.00000    	  610.00000    	 0.18691171    	 0.34344463E-03
  610.00000    	  611.00000    	 0.16391746    	 0.31205809E-03
  611.00000    	  612.00000    	 0.13943721    	 0.27869313E-03
  612.00000    	  613.00000    	 0.11556124    	 0.24706404E-03
  613.00000    	  614.00000    	 0.93776635E-01	 0.21774785E-03
  614.00000    	  615.00000    	 0.74083897E-01	 0.19142453E-03
  615.00000    	  616.00000    	 0.56697269E-01	 0.16622780E-03
  616.00000    	  617.00000    	 0.24040660    	 0.43084070E-03
  617.00000    	  618.00000    	 0.23405518    	 0.41805285E-03
  618.00000    	  619.00000    	 0.22145326    	 0.39514739E-03
  619.00000    	  620.00000    	 0.20399602    	 0.36945441E-03
  620.00000    	  621.00000    	 0.18365580    	 0.34010609E-03
  621.00000    	  622.00000    	 0.16027384    	 0.30789725E-03
  622.00000    	  623.00000    	 0.13632949    	 0.27564499E-03
  623.00000    	  624.00000    	 0.11332496    	 0.24492908E-03
  624.00000    	  625.00000    	 0.91236073E-01	 0.21531672E-03
  625.00000    	  626.00000    	 0.71820558E-01	 0.18826400E-03
  626.00000    	  627.00000    	 0.55137178E-01	 0.16462824E-03
  627.00000    	  628.00000    	 0.23597963    	 0.42660507E-03
  628.00000    	  629.00000    	 0.23023033    	 0.41254960E-03
  629.00000    	  630.00000    	 0.21779462    	 0.39166426E-03
  630.00000    	  631.00000    	 0.20044318    	 0.36589304E-03
  631.00000    	  632.00000    	 0.17925432    	 0.33596911E-03
  632.00000    	  633.00000    	 0.15677693    	 0.30534574E-03
  633.00000    	  634.00000    	 0.13361344    	 0.27274000E-03
  634.00000    	  635.00000    	 0.11008206    	 0.24138121E-03
  635.00000    	  636.00000    	 0.88651924E-01	 0.21221238E-03
  636.00000    	  637.00000    	 0.69591807E-01	 0.18556583E-03
  637.00000    	  638.00000    	 0.53247731E-01	 0.16273155E-03
  638.00000    	  639.00000    	 0.23217239    	 0.42268837E-03
  639.00000    	  640.00000    	 0.22556844    	 0.40803080E-03
  640.00000    	  641.00000    	 0.21323654    	 0.38843289E-03
  641.00000    	  642.00000    	 0.19671559    	 0.36186411E-03
  642.00000    	  643.00000    	 0.17644463    	 0.33294257E-03
  643.00000    	  644.00000    	 0.15369154    	 0.30131067E-03
  644.00000    	  645.00000    	 0.13033284    	 0.26956662E-03
  645.00000    	  646.00000    	 0.10746898    	 0.23852601E-03
  646.00000    	  647.00000    	 0.86123901E-01	 0.21006181E-03
  647.00000    	  648.00000    	 0.67404843E-01	 0.18350824E-03
  648.00000    	  649.00000    	 0.51494217E-01	 0.15923249E-03
  649.00000    	  650.00000    	 0.22863349    	 0.41920650E-03
  650.00000    	  651.00000    	 0.22182739    	 0.40386951E-03
  651.00000    	  652.00000    	 0.21004613    	 0.38391103E-03
  652.00000    	  653.00000    	 0.19351276    	 0.35877875E-03
  653.00000    	  654.00000    	 0.17260524    	 0.32889538E-03
  654.00000    	  655.00000    	 0.15009014    	 0.29747155E-03
  655.00000    	  656.00000    	 0.12739020    	 0.26625803E-03
  656.00000    	  657.00000    	 0.10466558    	 0.23542044E-03
  657.00000    	  658.00000    	 0.84086628E-01	 0.20709601E-03
  658.00000    	  659.00000    	 0.65410367E-01	 0.18054440E-03
  659.00000    	  660.00000    	 0.49914624E-01	 0.15745218E-03
  660.00000    	  661.00000    	 0.22394691    	 0.41460499E-03
  661.00000    	  662.00000    	 0.21758287    	 0.39977211E-03
  662.00000    	  663.00000    	 0.20580982    	 0.37960435E-03
  663.00000    	  664.00000    	 0.18966893    	 0.35479770E-03
  664.00000    	  665.00000    	 0.16858217    	 0.32496802E-03
  665.00000    	  666.00000    	 0.14668630    	 0.29410307E-03
  666.00000    	  667.00000    	 0.12451032    	 0.26343188E-03
  667.00000    	  668.00000    	 0.10231201    	 0.23309950E-03
  668.00000    	  669.00000    	 0.81678267E-01	 0.20424478E-03
  669.00000    	  670.00000    	 0.63660411E-01	 0.17851510E-03
  670.00000    	  671.00000    	 0.48105761E-01	 0.15436001E-03
  671.00000    	  672.00000    	 0.22039469    	 0.41053280E-03
  672.00000    	  673.00000    	 0.21391610    	 0.39581609E-03
  673.00000    	  674.00000    	 0.20257319    	 0.37620500E-03
  674.00000    	  675.00000    	 0.18587979    	 0.35081974E-03
  675.00000    	  676.00000    	 0.16566898    	 0.32171216E-03
  676.00000    	  677.00000    	 0.14394297    	 0.29269128E-03
  677.00000    	  678.00000    	 0.12145018    	 0.26023804E-03
  678.00000    	  679.00000    	 0.99475293E-01	 0.22974579E-03
  679.00000    	  680.00000    	 0.79288254E-01	 0.20150251E-03
  680.00000    	  681.00000    	 0.61742789E-01	 0.17595387E-03
  681.00000    	  682.00000    	 0.46815320E-01	 0.15261451E-03
  682.00000    	  683.00000    	 0.21688643    	 0.40664714E-03
  683.00000    	  684.00000    	 0.21057168    	 0.39306116E-03
  684.00000    	  685.00000    	 0.19879240    	 0.37242971E-03
  685.00000    	  686.00000    	 0.18239862    	 0.34725450E-03
  686.00000    	  687.00000    	 0.16269938    	 0.31856820E-03
  687.00000    	  688.00000    	 0.14080479    	 0.28801028E-03
  688.00000    	  689.00000    	 0.11848515    	 0.25700006E-03
  689.00000    	  690.00000    	 0.97123437E-01	 0.22857395E-03
  690.00000    	  691.00000    	 0.77391316E-01	 0.19938671E-03
  691.00000    	  692.00000    	 0.59933202E-01	 0.17360501E-03
  692.00000    	  693.00000    	 0.45076666E-01	 0.14998002E-03
  693.00000    	  694.00000    	 0.21264776    	 0.40312254E-03
  694.00000    	  695.00000    	 0.20639534    	 0.38798285E-03
  695.00000    	  696.00000    	 0.19460578    	 0.36793376E-03
  696.00000    	  697.00000    	 0.17883994    	 0.34351075E-03
  697.00000    	  698.00000    	 0.15910840    	 0.31477659E-03
  698.00000    	  699.00000    	 0.13759872    	 0.28451643E-03
  699.00000    	  700.00000    	 0.11601406    	 0.25442300E-03
  700.00000    	  701.00000    	 0.94764157E-01	 0.22509005E-03
  701.00000    	  702.00000    	 0.75189954E-01	 0.19676572E-03
  702.00000    	  703.00000    	 0.57977537E-01	 0.17137920E-03
  703.00000    	  704.00000    	 0.43770814E-01	 0.14823955E-03
  704.00000    	  705.00000    	 0.20939507    	 0.39885320E-03
  705.00000    	  706.00000    	 0.20244574    	 0.38401538E-03
  706.00000    	  707.00000    	 0.19147109    	 0.36454080E-03
  707.00000    	  708.00000    	 0.17562862    	 0.34020286E-03
  708.00000    	  709.00000    	 0.15593068    	 0.31145415E-03
  709.00000    	  710.00000    	 0.13511786    	 0.28218535E-03
  710.00000    	  711.00000    	 0.11329648    	 0.25128101E-03
  711.00000    	  712.00000    	 0.92384423E-01	 0.22230471E-03
  712.00000    	  713.00000    	 0.73119676E-01	 0.19444058E-03
  713.00000    	  714.00000    	 0.56435779E-01	 0.16882556E-03
  714.00000    	  715.00000    	 0.42155147E-01	 0.14648196E-03
  715.00000    	  716.00000    	 0.20525010    	 0.39445793E-03
  716.00000    	  717.00000    	 0.19905142    	 0.38036096E-03
  717.00000    	  718.00000    	 0.18807894    	 0.36102446E-03
  718.00000    	  719.00000    	 0.17242351    	 0.33659655E-03
  719.00000    	  720.00000    	 0.15294351    	 0.30837522E-03
  720.00000    	  721.00000    	 0.13180403    	 0.27885477E-03
  721.00000    	  722.00000    	 0.11051012    	 0.24849374E-03
  722.00000    	  723.00000    	 0.90175123E-01	 0.21950382E-03
  723.00000    	  724.00000    	 0.71352822E-01	 0.19253486E-03
  724.00000    	  725.00000    	 0.54529293E-01	 0.16598665E-03
  725.00000    	  726.00000    	 0.40875982E-01	 0.14359890E-03
  726.00000    	  727.00000    	 0.20170806    	 0.39065272E-03
  727.00000    	  728.00000    	 0.19555745    	 0.37655658E-03
  728.00000    	  729.00000    	 0.18499118    	 0.35771042E-03
  729.00000    	  730.00000    	 0.16881706    	 0.33283212E-03
  730.00000    	  731.00000    	 0.14985865    	 0.30493863E-03
  731.00000    	  732.00000    	 0.12909360    	 0.27549762E-03
  732.00000    	  733.00000    	 0.10821213    	 0.24605984E-03
  733.00000    	  734.00000    	 0.87770342E-01	 0.21686553E-03
  734.00000    	  735.00000    	 0.69323455E-01	 0.19035041E-03
  735.00000    	  736.00000    	 0.52977567E-01	 0.16422896E-03
  736.00000    	  737.00000    	 0.39489715E-01	 0.14232410E-03
  737.00000    	  738.00000    	 0.19826254    	 0.38679179E-03
  738.00000    	  739.00000    	 0.19262077    	 0.37338760E-03
  739.00000    	  740.00000    	 0.18118160    	 0.35392191E-03
  740.00000    	  741.00000    	 0.16576961    	 0.32994312E-03
  741.00000    	  742.00000    	 0.14729261    	 0.30232809E-03
  742.00000    	  743.00000    	 0.12629878    	 0.27236798E-03
  743.00000    	  744.00000    	 0.10541719    	 0.24276840E-03
  744.00000    	  745.00000    	 0.85776619E-01	 0.21473709E-03
  745.00000    	  746.00000    	 0.67435160E-01	 0.18786195E-03
  746.00000    	  747.00000    	 0.51652802E-01	 0.16231181E-03
  747.00000    	  748.00000    	 0.38237783E-01	 0.13921356E-03
  748.00000    	  749.00000    	 0.19501017    	 0.38359763E-03
  749.00000    	  750.00000    	 0.18870833    	 0.36929772E-03
  750.00000    	  751.00000    	 0.17794725    	 0.35000746E-03
  751.00000    	  752.00000    	 0.16261174    	 0.32606113E-03
  752.00000    	  753.00000    	 0.14436014    	 0.29913840E-03
  753.00000    	  754.00000    	 0.12383374    	 0.26981134E-03
  754.00000    	  755.00000    	 0.10346790    	 0.24129818E-03
  755.00000    	  756.00000    	 0.83737758E-01	 0.21236031E-03
  756.00000    	  757.00000    	 0.65390106E-01	 0.18463893E-03
  757.00000    	  758.00000    	 0.49854134E-01	 0.15959140E-03
  758.00000    	  759.00000    	 0.37100645E-01	 0.13805230E-03
  759.00000    	  760.00000    	 0.19137926    	 0.37974492E-03
  760.00000    	  761.00000    	 0.18574763    	 0.36588107E-03
  761.00000    	  762.00000    	 0.17464041    	 0.34657625E-03
  762.00000    	  763.00000    	 0.15910123    	 0.32240310E-03
  763.00000    	  764.00000    	 0.14086933    	 0.29522262E-03
  764.00000    	  765.00000    	 0.12109719    	 0.26679156E-03
  765.00000    	  766.00000    	 0.10072737    	 0.23770167E-03
  766.00000    	  767.00000    	 0.81497191E-01	 0.20980831E-03
  767.00000    	  768.00000    	 0.63967790E-01	 0.18292574E-03
  768.00000    	  769.00000    	 0.48611579E-01	 0.15836006E-03
  769.00000    	  770.00000    	 0.35854125E-01	 0.13501231E-03
  770.00000    	  771.00000    	 0.18763420    	 0.37512650E-03
  771.00000    	  772.00000    	 0.18224100    	 0.36203073E-03
  772.00000    	  773.00000    	 0.17110483    	 0.34261903E-03
  773.00000    	  774.00000    	 0.15600202    	 0.31888110E-03
  774.00000    	  775.00000    	 0.13843760    	 0.29379537E-03
  775.00000    	  776.00000    	 0.11829626    	 0.26369461E-03
  776.00000    	  777.00000    	 0.98423073E-01	 0.23549110E-03
  777.00000    	  778.00000    	 0.79400826E-01	 0.20700594E-03
  778.00000    	  779.00000    	 0.62013537E-01	 0.18070535E-03
  779.00000    	  780.00000    	 0.47065650E-01	 0.16007237E-03
  780.00000    	  781.00000    	 0.34758949E-01	 0.13333591E-03
  781.00000    	  782.00000    	 0.18495287    	 0.37246148E-03
  782.00000    	  783.00000    	 0.17943016    	 0.35887147E-03
  783.00000    	  784.00000    	 0.16804147    	 0.33914201E-03
  784.00000    	  785.00000    	 0.15382208    	 0.31716398E-03
  785.00000    	  786.00000    	 0.13505674    	 0.28927877E-03
  786.00000    	  787.00000    	 0.11596230    	 0.26177829E-03
  787.00000    	  788.00000    	 0.96436190E-01	 0.23317191E-03
  788.00000    	  789.00000    	 0.77360901E-01	 0.20478328E-03
  789.00000    	  790.00000    	 0.60136883E-01	 0.17777611E-03
  790.00000    	  791.00000    	 0.45490147E-01	 0.15290963E-03
  791.00000    	  792.00000    	 0.33508131E-01	 0.13117389E-03
  792.00000    	  793.00000    	 0.18169502    	 0.36843780E-03
  793.00000    	  794.00000    	 0.17587925    	 0.35501119E-03
  794.00000    	  795.00000    	 0.16537239    	 0.33610362E-03
  795.00000    	  796.00000    	 0.15074021    	 0.31315907E-03
  796.00000    	  797.00000    	 0.13304034    	 0.28679016E-03
  797.00000    	  798.00000    	 0.11318777    	 0.25798738E-03
  798.00000    	  799.00000    	 0.94092625E-01	 0.23096190E-03
  799.00000    	  800.00000    	 0.75361082E-01	 0.20221024E-03
  800.00000    	  801.00000    	 0.58876565E-01	 0.17612651E-03
  801.00000    	  802.00000    	 0.44402545E-01	 0.15144285E-03
  802.00000    	  803.00000    	 0.32324713E-01	 0.12945309E-03
  803.00000    	  804.00000    	 0.17783560    	 0.36404543E-03
  804.00000    	  805.00000    	 0.17227730    	 0.35116207E-03
  805.00000    	  806.00000    	 0.16227181    	 0.33293116E-03
  806.00000    	  807.00000    	 0.14697818    	 0.30888669E-03
  807.00000    	  808.00000    	 0.12989282    	 0.28318829E-03
  808.00000    	  809.00000    	 0.11109967    	 0.25579858E-03
  809.00000    	  810.00000    	 0.91505863E-01	 0.22747488E-03
  810.00000    	  811.00000    	 0.73664809E-01	 0.20022958E-03
  811.00000    	  812.00000    	 0.56858942E-01	 0.17330576E-03
  812.00000    	  813.00000    	 0.42987791E-01	 0.14897702E-03
  813.00000    	  814.00000    	 0.31506288E-01	 0.12825980E-03
  814.00000    	  815.00000    	 0.17460798    	 0.36025138E-03
  815.00000    	  816.00000    	 0.17011025    	 0.34850780E-03
  816.00000    	  817.00000    	 0.15867725    	 0.32864418E-03
  817.00000    	  818.00000    	 0.14441201    	 0.30609174E-03
  818.00000    	  819.00000    	 0.12754395    	 0.28103182E-03
  819.00000    	  820.00000    	 0.10872740    	 0.25302474E-03
  820.00000    	  821.00000    	 0.89726507E-01	 0.22534371E-03
  821.00000    	  822.00000    	 0.71477231E-01	 0.19734247E-03
  822.00000    	  823.00000    	 0.55582615E-01	 0.17152643E-03
  823.00000    	  824.00000    	 0.41704407E-01	 0.14727084E-03
  824.00000    	  825.00000    	 0.30274695E-01	 0.12568406E-03
  825.00000    	  826.00000    	 0.17188774    	 0.35708571E-03
  826.00000    	  827.00000    	 0.16677036    	 0.34453264E-03
  827.00000    	  828.00000    	 0.15628009    	 0.32577271E-03
  828.00000    	  829.00000    	 0.14165933    	 0.30359708E-03
  829.00000    	  830.00000    	 0.12492873    	 0.27778013E-03
  830.00000    	  831.00000    	 0.10630556    	 0.25037501E-03
  831.00000    	  832.00000    	 0.87670131E-01	 0.22296673E-03
  832.00000    	  833.00000    	 0.70002354E-01	 0.19550690E-03
  833.00000    	  834.00000    	 0.54101456E-01	 0.16955142E-03
  834.00000    	  835.00000    	 0.40380075E-01	 0.14501647E-03
  835.00000    	  836.00000    	 0.29357209E-01	 0.12391767E-03
  836.00000    	  837.00000    	 0.16866896    	 0.35387213E-03
  837.00000    	  838.00000    	 0.16350801    	 0.34078788E-03
  838.00000    	  839.00000    	 0.15330558    	 0.32265511E-03
  839.00000    	  840.00000    	 0.13892024    	 0.29984111E-03
  840.00000    	  841.00000    	 0.12252827    	 0.27521582E-03
  841.00000    	  842.00000    	 0.10378428    	 0.24823476E-03
  842.00000    	  843.00000    	 0.85274038E-01	 0.21991498E-03
  843.00000    	  844.00000    	 0.68167646E-01	 0.19319196E-03
  844.00000    	  845.00000    	 0.52650297E-01	 0.16782630E-03
  845.00000    	  846.00000    	 0.39187572E-01	 0.14308795E-03
  846.00000    	  847.00000    	 0.28509629E-01	 0.12198460E-03
  847.00000    	  848.00000    	 0.16590906    	 0.34987289E-03
  848.00000    	  849.00000    	 0.16075163    	 0.33771966E-03
  849.00000    	  850.00000    	 0.15056388    	 0.31944152E-03
  850.00000    	  851.00000    	 0.13634083    	 0.29704977E-03
  851.00000    	  852.00000    	 0.11956841    	 0.27179515E-03
  852.00000    	  853.00000    	 0.10179813    	 0.24544276E-03
  853.00000    	  854.00000    	 0.83615822E-01	 0.21805254E-03
  854.00000    	  855.00000    	 0.66405275E-01	 0.19060180E-03
  855.00000    	  856.00000    	 0.51166783E-01	 0.16503294E-03
  856.00000    	  857.00000    	 0.38180110E-01	 0.14132618E-03
  857.00000    	  858.00000    	 0.27471419E-01	 0.12040707E-03
  858.00000    	  859.00000    	 0.16305775    	 0.34695638E-03
  859.00000    	  860.00000    	 0.15812863    	 0.33444509E-03
  860.00000    	  861.00000    	 0.14741650    	 0.31570162E-03
  861.00000    	  862.00000    	 0.13385130    	 0.29424579E-03
  862.00000    	  863.00000    	 0.11733347    	 0.26994389E-03
  863.00000    	  864.00000    	 0.99195982E-01	 0.24235640E-03
  864.00000    	  865.00000    	 0.81640567E-01	 0.21577244E-03
  865.00000    	  866.00000    	 0.64689645E-01	 0.18874875E-03
  866.00000    	  867.00000    	 0.49640925E-01	 0.16261178E-03
  867.00000    	  868.00000    	 0.36934439E-01	 0.13918628E-03
  868.00000    	  869.00000    	 0.26347550E-01	 0.11777931E-03
  869.00000    	  870.00000    	 0.16025562    	 0.34319929E-03
  870.00000    	  871.00000    	 0.15460476    	 0.33073697E-03
  871.00000    	  872.00000    	 0.14495906    	 0.31337304E-03
  872.00000    	  873.00000    	 0.13129962    	 0.29138628E-03
  873.00000    	  874.00000    	 0.11500456    	 0.26684547E-03
  874.00000    	  875.00000    	 0.97249942E-01	 0.24011615E-03
  875.00000    	  876.00000    	 0.79775812E-01	 0.21347310E-03
  876.00000    	  877.00000    	 0.63147917E-01	 0.18647521E-03
  877.00000    	  878.00000    	 0.48465737E-01	 0.16134373E-03
  878.00000    	  879.00000    	 0.35892614E-01	 0.13731036E-03
  879.00000    	  880.00000    	 0.25829514E-01	 0.11726571E-03
  880.00000    	  881.00000    	 0.15678504    	 0.33907151E-03
  881.00000    	  882.00000    	 0.15204725    	 0.32738337E-03
  882.00000    	  883.00000    	 0.14227537    	 0.30999846E-03
  883.00000    	  884.00000    	 0.12831829    	 0.28785903E-03
  884.00000    	  885.00000    	 0.11253023    	 0.26547643E-03
  885.00000    	  886.00000    	 0.95185362E-01	 0.23879024E-03
  886.00000    	  887.00000    	 0.77575782E-01	 0.21060737E-03
  887.00000    	  888.00000    	 0.61616364E-01	 0.18451586E-03
  888.00000    	  889.00000    	 0.47000403E-01	 0.15856238E-03
  889.00000    	  890.00000    	 0.34744239E-01	 0.13549157E-03
  890.00000    	  891.00000    	 0.24870473E-01	 0.11523856E-03
  891.00000    	  892.00000    	 0.15406199    	 0.33582934E-03
  892.00000    	  893.00000    	 0.14913070    	 0.32392701E-03
  893.00000    	  894.00000    	 0.13940648    	 0.30659288E-03
  894.00000    	  895.00000    	 0.12611003    	 0.28566685E-03
  895.00000    	  896.00000    	 0.11061248    	 0.26188790E-03
  896.00000    	  897.00000    	 0.93118571E-01	 0.23551385E-03
  897.00000    	  898.00000    	 0.75917155E-01	 0.20854027E-03
  898.00000    	  899.00000    	 0.59755113E-01	 0.18174522E-03
  899.00000    	  900.00000    	 0.45632218E-01	 0.15643194E-03
  900.00000    	  901.00000    	 0.33676306E-01	 0.13333631E-03
  901.00000    	  902.00000    	 0.21304246E-01	 0.10664335E-03
  902.00000    	  903.00000    	 0.15160405    	 0.33275249E-03
  903.00000    	  904.00000    	 0.14659489    	 0.32083573E-03
  904.00000    	  905.00000    	 0.13677387    	 0.30346731E-03
  905.00000    	  906.00000    	 0.12361861    	 0.28279270E-03
  906.00000    	  907.00000    	 0.10776189    	 0.25889224E-03
  907.00000    	  908.00000    	 0.91570525E-01	 0.23461678E-03
  908.00000    	  909.00000    	 0.74368464E-01	 0.20697400E-03
  909.00000    	  910.00000    	 0.58468282E-01	 0.18011890E-03
  910.00000    	  911.00000    	 0.44409391E-01	 0.15444347E-03
  911.00000    	  912.00000    	 0.32638635E-01	 0.13122097E-03
  912.00000    	  913.00000    	 0.23268004E-01	 0.11198855E-03
  913.00000    	  914.00000    	 0.14886911    	 0.32956577E-03
  914.00000    	  915.00000    	 0.14379332    	 0.31766848E-03
  915.00000    	  916.00000    	 0.13457471    	 0.30104105E-03
  916.00000    	  917.00000    	 0.12127589    	 0.28055556E-03
  917.00000    	  918.00000    	 0.10589989    	 0.25653000E-03
  918.00000    	  919.00000    	 0.89228739E-01	 0.23120557E-03
  919.00000    	  920.00000    	 0.72490827E-01	 0.20428163E-03
  920.00000    	  921.00000    	 0.56928623E-01	 0.17774911E-03
  921.00000    	  922.00000    	 0.43342316E-01	 0.15270313E-03
  922.00000    	  923.00000    	 0.31678474E-01	 0.12969744E-03
  923.00000    	  924.00000    	 0.22594045E-01	 0.11044884E-03
  924.00000    	  925.00000    	 0.14587234    	 0.32571468E-03
  925.00000    	  926.00000    	 0.14153451    	 0.31485860E-03
  926.00000    	  927.00000    	 0.13144463    	 0.29741137E-03
  927.00000    	  928.00000    	 0.11906979    	 0.27756326E-03
  928.00000    	  929.00000    	 0.10374621    	 0.25482381E-03
  929.00000    	  930.00000    	 0.87243890E-01	 0.22901116E-03
  930.00000    	  931.00000    	 0.70749837E-01	 0.20195093E-03
  931.00000    	  932.00000    	 0.55646216E-01	 0.17604677E-03
  932.00000    	  933.00000    	 0.42008532E-01	 0.15046745E-03
  933.00000    	  934.00000    	 0.30621886E-01	 0.12726276E-03
  934.00000    	  935.00000    	 0.21668142E-01	 0.10830757E-03
  935.00000    	  936.00000    	 0.14386087    	 0.32334297E-03
  936.00000    	  937.00000    	 0.13808674    	 0.31078748E-03
  937.00000    	  938.00000    	 0.12949469    	 0.29527048E-03
  938.00000    	  939.00000    	 0.11641658    	 0.27476537E-03
  939.00000    	  940.00000    	 0.10129292    	 0.25137368E-03
  940.00000    	  941.00000    	 0.85506951E-01	 0.22661366E-03
  941.00000    	  942.00000    	 0.69246245E-01	 0.19980572E-03
  942.00000    	  943.00000    	 0.54010640E-01	 0.17317548E-03
  943.00000    	  944.00000    	 0.36366605E-01	 0.13989846E-03
  944.00000    	  945.00000    	 0.29844027E-01	 0.12638040E-03
  945.00000    	  946.00000    	 0.21032025E-01	 0.10743929E-03
  946.00000    	  947.00000    	 0.14063733    	 0.31928134E-03
  947.00000    	  948.00000    	 0.13658321    	 0.30933138E-03
  948.00000    	  949.00000    	 0.12692364    	 0.29238628E-03
  949.00000    	  950.00000    	 0.11428318    	 0.27216730E-03
  950.00000    	  951.00000    	 0.99436205E-01	 0.24938691E-03
  951.00000    	  952.00000    	 0.83346851E-01	 0.22374572E-03
  952.00000    	  953.00000    	 0.67327163E-01	 0.19714777E-03
  953.00000    	  954.00000    	 0.52816228E-01	 0.17172396E-03
  954.00000    	  955.00000    	 0.39635471E-01	 0.14680415E-03
  955.00000    	  956.00000    	 0.28928944E-01	 0.12423850E-03
  956.00000    	  957.00000    	 0.20329957E-01	 0.10592318E-03
  957.00000    	  958.00000    	 0.13828336    	 0.31656645E-03
  958.00000    	  959.00000    	 0.13342475    	 0.30634528E-03
  959.00000    	  960.00000    	 0.12412818    	 0.28925482E-03
  960.00000    	  961.00000    	 0.11189611    	 0.26956815E-03
  961.00000    	  962.00000    	 0.97160114E-01	 0.24658007E-03
  962.00000    	  963.00000    	 0.81489116E-01	 0.22210129E-03
  963.00000    	  964.00000    	 0.65844751E-01	 0.19548088E-03
  964.00000    	  965.00000    	 0.51412004E-01	 0.16926248E-03
  965.00000    	  966.00000    	 0.38703924E-01	 0.14496736E-03
  966.00000    	  967.00000    	 0.27856865E-01	 0.12197174E-03
  967.00000    	  968.00000    	 0.19813340E-01	 0.10465906E-03
  968.00000    	  969.00000    	 0.13573954    	 0.31361618E-03
  969.00000    	  970.00000    	 0.13122762    	 0.30295327E-03
  970.00000    	  971.00000    	 0.12219953    	 0.28688807E-03
  971.00000    	  972.00000    	 0.10958992    	 0.26685627E-03
  972.00000    	  973.00000    	 0.95235363E-01	 0.24436924E-03
  973.00000    	  974.00000    	 0.79610918E-01	 0.21919849E-03
  974.00000    	  975.00000    	 0.64466188E-01	 0.19330188E-03
  975.00000    	  976.00000    	 0.49972502E-01	 0.16693569E-03
  976.00000    	  977.00000    	 0.37528074E-01	 0.14279218E-03
  977.00000    	  978.00000    	 0.27137164E-01	 0.12090290E-03
  978.00000    	  979.00000    	 0.18929619E-01	 0.10246487E-03
  979.00000    	  980.00000    	 0.13300640    	 0.31041530E-03
  980.00000    	  981.00000    	 0.12849197    	 0.29991431E-03
  981.00000    	  982.00000    	 0.11985059    	 0.28467597E-03
  982.00000    	  983.00000    	 0.10779542    	 0.26518886E-03
  983.00000    	  984.00000    	 0.93179676E-01	 0.24207771E-03
  984.00000    	  985.00000    	 0.77981358E-01	 0.21736415E-03
  985.00000    	  986.00000    	 0.62619057E-01	 0.19056581E-03
  986.00000    	  987.00000    	 0.48689828E-01	 0.16566333E-03
  987.00000    	  988.00000    	 0.36302036E-01	 0.14025636E-03
  988.00000    	  989.00000    	 0.26335988E-01	 0.11926811E-03
  989.00000    	  990.00000    	 0.17862853E-01	 0.10124050E-03
  990.00000    	  991.00000    	 0.13038497    	 0.30707383E-03
  991.00000    	  992.00000    	 0.12619675    	 0.29703297E-03
  992.00000    	  993.00000    	 0.11758967    	 0.28210381E-03
  993.00000    	  994.00000    	 0.10525524    	 0.26215767E-03
  994.00000    	  995.00000    	 0.91345282E-01	 0.24013522E-03
  995.00000    	  996.00000    	 0.75936227E-01	 0.21449189E-03
  996.00000    	  997.00000    	 0.61391823E-01	 0.18888581E-03
  997.00000    	  998.00000    	 0.47532820E-01	 0.16318675E-03
  998.00000    	  999.00000    	 0.35695563E-01	 0.13948445E-03
  999.00000    	  1000.0000    	 0.25667544E-01	 0.11765552E-03
  1000.0000    	  1001.0000    	 0.10575732E-01	 0.77752260E-04
  1001.0000    	  1002.0000    	 0.12812392    	 0.30447849E-03
  1002.0000    	  1003.0000    	 0.12379426    	 0.29524222E-03
  1003.0000    	  1004.0000    	 0.11517913    	 0.27972514E-03
  1004.0000    	  1005.0000    	 0.10316928    	 0.25988795E-03
  1005.0000    	  1006.0000    	 0.89503088E-01	 0.23882471E-03
  1006.0000    	  1007.0000    	 0.74504710E-01	 0.21250102E-03
  1007.0000    	  1008.0000    	 0.59689396E-01	 0.18646543E-03
  1008.0000    	  1009.0000    	 0.46259343E-01	 0.16082552E-03
  1009.0000    	  1010.0000    	 0.34507745E-01	 0.13684249E-03
  1010.0000    	  1011.0000    	 0.24375002E-01	 0.11461375E-03
  1011.0000    	  1012.0000    	 0.17159684E-01	 0.98737401E-04
  1012.0000    	  1013.0000    	 0.12599464    	 0.30243491E-03
  1013.0000    	  1014.0000    	 0.12113237    	 0.29159030E-03
  1014.0000    	  1015.0000    	 0.11288494    	 0.27686611E-03
  1015.0000    	  1016.0000    	 0.10116743    	 0.25768448E-03
  1016.0000    	  1017.0000    	 0.87640300E-01	 0.23552891E-03
  1017.0000    	  1018.0000    	 0.73044464E-01	 0.21135968E-03
  1018.0000    	  1019.0000    	 0.58437523E-01	 0.18442926E-03
  1019.0000    	  1020.0000    	 0.45119515E-01	 0.15887190E-03
  1020.0000    	  1021.0000    	 0.33733917E-01	 0.13549529E-03
  1021.0000    	  1022.0000    	 0.24051493E-01	 0.11444134E-03
  1022.0000    	  1023.0000    	 0.16541932E-01	 0.97373668E-04
  1023.0000    	  1024.0000    	 0.12321398    	 0.29934761E-03
  1024.0000    	  1025.0000    	 0.11926533    	 0.29027852E-03
  1025.0000    	  1026.0000    	 0.11056032    	 0.27439400E-03
  1026.0000    	  1027.0000    	 0.99318227E-01	 0.25572807E-03
  1027.0000    	  1028.0000    	 0.85509355E-01	 0.23270544E-03
  1028.0000    	  1029.0000    	 0.71203103E-01	 0.20801645E-03
  1029.0000    	  1030.0000    	 0.56897683E-01	 0.18195968E-03
  1030.0000    	  1031.0000    	 0.43859652E-01	 0.15731475E-03
  1031.0000    	  1032.0000    	 0.32512763E-01	 0.13320127E-03
  1032.0000    	  1033.0000    	 0.23141627E-01	 0.11241408E-03
  1033.0000    	  1034.0000    	 0.15795083E-01	 0.94947824E-04
