# xi0
# underflow	 -4134.9086    	  2.6102511    
# overflow	 -4.9569504    	 0.12801738    
# sum	 -4512.2134    	  2.7714762    
# xmin	xmax	cross	numerror
  0.0000000    	  1.0000000    	-0.55057417    	 0.32799326E-01
  1.0000000    	  2.0000000    	-0.54078529    	 0.37064352E-01
  2.0000000    	  3.0000000    	-0.62177491    	 0.36336174E-01
  3.0000000    	  4.0000000    	-0.49941167    	 0.32980101E-01
  4.0000000    	  5.0000000    	-0.59127399    	 0.30987039E-01
  5.0000000    	  6.0000000    	-0.51221165    	 0.30987545E-01
  6.0000000    	  7.0000000    	-0.52235131    	 0.30494603E-01
  7.0000000    	  8.0000000    	-0.58040240    	 0.30136185E-01
  8.0000000    	  9.0000000    	-0.55870806    	 0.28777542E-01
  9.0000000    	  10.000000    	-0.61700690    	 0.30111282E-01
  10.000000    	  11.000000    	-0.63249811    	 0.29809525E-01
  11.000000    	  12.000000    	-0.55914354    	 0.31370311E-01
  12.000000    	  13.000000    	-0.56270270    	 0.34416631E-01
  13.000000    	  14.000000    	-0.54450272    	 0.32100929E-01
  14.000000    	  15.000000    	-0.58509712    	 0.33744903E-01
  15.000000    	  16.000000    	-0.52765001    	 0.29966782E-01
  16.000000    	  17.000000    	-0.55183802    	 0.29289747E-01
  17.000000    	  18.000000    	-0.56931508    	 0.28246362E-01
  18.000000    	  19.000000    	-0.52489962    	 0.27933708E-01
  19.000000    	  20.000000    	-0.59878619    	 0.28288598E-01
  20.000000    	  21.000000    	-0.60141252    	 0.30368175E-01
  21.000000    	  22.000000    	-0.59279920    	 0.29927986E-01
  22.000000    	  23.000000    	-0.55729292    	 0.32513684E-01
  23.000000    	  24.000000    	-0.58343298    	 0.31667426E-01
  24.000000    	  25.000000    	-0.52972837    	 0.32124630E-01
  25.000000    	  26.000000    	-0.55508488    	 0.30096058E-01
  26.000000    	  27.000000    	-0.50513165    	 0.30076943E-01
  27.000000    	  28.000000    	-0.48201335    	 0.28011381E-01
  28.000000    	  29.000000    	-0.55373784    	 0.27945075E-01
  29.000000    	  30.000000    	-0.55504382    	 0.26765139E-01
  30.000000    	  31.000000    	-0.54197638    	 0.28551143E-01
  31.000000    	  32.000000    	-0.55417089    	 0.27763403E-01
  32.000000    	  33.000000    	-0.57914523    	 0.27441094E-01
  33.000000    	  34.000000    	-0.52455915    	 0.32742247E-01
  34.000000    	  35.000000    	-0.52451710    	 0.29872034E-01
  35.000000    	  36.000000    	-0.52730372    	 0.31837631E-01
  36.000000    	  37.000000    	-0.52867102    	 0.30444630E-01
  37.000000    	  38.000000    	-0.55374218    	 0.32068668E-01
  38.000000    	  39.000000    	-0.57099730    	 0.32194883E-01
  39.000000    	  40.000000    	-0.53301343    	 0.28630883E-01
  40.000000    	  41.000000    	-0.55077472    	 0.26257891E-01
  41.000000    	  42.000000    	-0.55017418    	 0.28083688E-01
  42.000000    	  43.000000    	-0.55935882    	 0.28286817E-01
  43.000000    	  44.000000    	-0.58584287    	 0.27009419E-01
  44.000000    	  45.000000    	-0.56561888    	 0.32536574E-01
  45.000000    	  46.000000    	-0.50481655    	 0.30380510E-01
  46.000000    	  47.000000    	-0.56359318    	 0.32320239E-01
  47.000000    	  48.000000    	-0.47381202    	 0.31810525E-01
  48.000000    	  49.000000    	-0.49128675    	 0.30612906E-01
  49.000000    	  50.000000    	-0.53171090    	 0.28609098E-01
  50.000000    	  51.000000    	-0.45620766    	 0.31851128E-01
  51.000000    	  52.000000    	-0.53916462    	 0.28010748E-01
  52.000000    	  53.000000    	-0.50839596    	 0.26330027E-01
  53.000000    	  54.000000    	-0.53458569    	 0.27214964E-01
  54.000000    	  55.000000    	-0.54572970    	 0.26153610E-01
  55.000000    	  56.000000    	-0.51810254    	 0.30203760E-01
  56.000000    	  57.000000    	-0.53780369    	 0.32289428E-01
  57.000000    	  58.000000    	-0.51169996    	 0.33738166E-01
  58.000000    	  59.000000    	-0.54410749    	 0.30808055E-01
  59.000000    	  60.000000    	-0.49349477    	 0.27912826E-01
  60.000000    	  61.000000    	-0.49173305    	 0.27247242E-01
  61.000000    	  62.000000    	-0.52281515    	 0.28684646E-01
  62.000000    	  63.000000    	-0.50992649    	 0.29571233E-01
  63.000000    	  64.000000    	-0.50922660    	 0.26025228E-01
  64.000000    	  65.000000    	-0.57617223    	 0.32032808E-01
  65.000000    	  66.000000    	-0.57141265    	 0.26129853E-01
  66.000000    	  67.000000    	-0.52696177    	 0.30732690E-01
  67.000000    	  68.000000    	-0.49701648    	 0.31819739E-01
  68.000000    	  69.000000    	-0.45870556    	 0.31388263E-01
  69.000000    	  70.000000    	-0.47663160    	 0.29811986E-01
  70.000000    	  71.000000    	-0.52448293    	 0.28977555E-01
  71.000000    	  72.000000    	-0.54339450    	 0.26528970E-01
  72.000000    	  73.000000    	-0.52574325    	 0.26420362E-01
  73.000000    	  74.000000    	-0.49492699    	 0.26500271E-01
  74.000000    	  75.000000    	-0.54018237    	 0.24633832E-01
  75.000000    	  76.000000    	-0.55381242    	 0.29117398E-01
  76.000000    	  77.000000    	-0.53505892    	 0.25205340E-01
  77.000000    	  78.000000    	-0.49640118    	 0.30667351E-01
  78.000000    	  79.000000    	-0.52690801    	 0.31889277E-01
  79.000000    	  80.000000    	-0.52629422    	 0.28671362E-01
  80.000000    	  81.000000    	-0.51670378    	 0.29675414E-01
  81.000000    	  82.000000    	-0.45036588    	 0.30221828E-01
  82.000000    	  83.000000    	-0.41776966    	 0.27426447E-01
  83.000000    	  84.000000    	-0.47665962    	 0.27241892E-01
  84.000000    	  85.000000    	-0.51533073    	 0.26270967E-01
  85.000000    	  86.000000    	-0.47421375    	 0.25746234E-01
  86.000000    	  87.000000    	-0.49248937    	 0.28028703E-01
  87.000000    	  88.000000    	-0.55743432    	 0.24476532E-01
  88.000000    	  89.000000    	-0.44250368    	 0.31996510E-01
  89.000000    	  90.000000    	-0.53993190    	 0.32132039E-01
  90.000000    	  91.000000    	-0.50641560    	 0.30494731E-01
  91.000000    	  92.000000    	-0.53790536    	 0.29523601E-01
  92.000000    	  93.000000    	-0.48059614    	 0.28001675E-01
  93.000000    	  94.000000    	-0.49749664    	 0.27168149E-01
  94.000000    	  95.000000    	-0.49589373    	 0.27076627E-01
  95.000000    	  96.000000    	-0.54700752    	 0.25755022E-01
  96.000000    	  97.000000    	-0.52661414    	 0.24731909E-01
  97.000000    	  98.000000    	-0.50751771    	 0.26750259E-01
  98.000000    	  99.000000    	-0.53798723    	 0.23764315E-01
  99.000000    	  100.00000    	-0.51511301    	 0.30647065E-01
  100.00000    	  101.00000    	-0.45715881    	 0.30311982E-01
  101.00000    	  102.00000    	-0.57505147    	 0.31206426E-01
  102.00000    	  103.00000    	-0.48768520    	 0.26837965E-01
  103.00000    	  104.00000    	-0.46689236    	 0.27066232E-01
  104.00000    	  105.00000    	-0.44230269    	 0.26901146E-01
  105.00000    	  106.00000    	-0.47655168    	 0.27760379E-01
  106.00000    	  107.00000    	-0.45754097    	 0.25031027E-01
  107.00000    	  108.00000    	-0.48285963    	 0.26601258E-01
  108.00000    	  109.00000    	-0.51430374    	 0.26463168E-01
  109.00000    	  110.00000    	-0.53049103    	 0.23916764E-01
  110.00000    	  111.00000    	-0.50234243    	 0.32062622E-01
  111.00000    	  112.00000    	-0.44959139    	 0.29284672E-01
  112.00000    	  113.00000    	-0.46636656    	 0.30669811E-01
  113.00000    	  114.00000    	-0.47827654    	 0.29106596E-01
  114.00000    	  115.00000    	-0.48217353    	 0.28127353E-01
  115.00000    	  116.00000    	-0.50903692    	 0.28389089E-01
  116.00000    	  117.00000    	-0.53180876    	 0.25525777E-01
  117.00000    	  118.00000    	-0.48231276    	 0.25905810E-01
  118.00000    	  119.00000    	-0.48980171    	 0.25047784E-01
  119.00000    	  120.00000    	-0.47287354    	 0.25966370E-01
  120.00000    	  121.00000    	-0.51945295    	 0.25525861E-01
  121.00000    	  122.00000    	-0.49344112    	 0.29625740E-01
  122.00000    	  123.00000    	-0.46025765    	 0.32192272E-01
  123.00000    	  124.00000    	-0.50133111    	 0.32110614E-01
  124.00000    	  125.00000    	-0.45137690    	 0.28517265E-01
  125.00000    	  126.00000    	-0.48566723    	 0.27052384E-01
  126.00000    	  127.00000    	-0.45792691    	 0.26882536E-01
  127.00000    	  128.00000    	-0.44073983    	 0.25457202E-01
  128.00000    	  129.00000    	-0.51447595    	 0.26387006E-01
  129.00000    	  130.00000    	-0.45859512    	 0.24757664E-01
  130.00000    	  131.00000    	-0.52490312    	 0.26806274E-01
  131.00000    	  132.00000    	-0.51513979    	 0.24802145E-01
  132.00000    	  133.00000    	-0.47929212    	 0.31302363E-01
  133.00000    	  134.00000    	-0.47507804    	 0.30450277E-01
  134.00000    	  135.00000    	-0.44155607    	 0.30706130E-01
  135.00000    	  136.00000    	-0.47006765    	 0.26338314E-01
  136.00000    	  137.00000    	-0.42653102    	 0.25851247E-01
  137.00000    	  138.00000    	-0.48180730    	 0.25899745E-01
  138.00000    	  139.00000    	-0.46037080    	 0.28353323E-01
  139.00000    	  140.00000    	-0.44135220    	 0.27354683E-01
  140.00000    	  141.00000    	-0.51483277    	 0.26848045E-01
  141.00000    	  142.00000    	-0.45705504    	 0.23703282E-01
  142.00000    	  143.00000    	-0.52053924    	 0.24773543E-01
  143.00000    	  144.00000    	-0.46139133    	 0.30692141E-01
  144.00000    	  145.00000    	-0.47854164    	 0.28992946E-01
  145.00000    	  146.00000    	-0.45952779    	 0.30631516E-01
  146.00000    	  147.00000    	-0.46290583    	 0.30175496E-01
  147.00000    	  148.00000    	-0.45551521    	 0.26389730E-01
  148.00000    	  149.00000    	-0.39815086    	 0.27304203E-01
  149.00000    	  150.00000    	-0.44035552    	 0.27085814E-01
  150.00000    	  151.00000    	-0.46983473    	 0.24510516E-01
  151.00000    	  152.00000    	-0.44342353    	 0.24827190E-01
  152.00000    	  153.00000    	-0.50299679    	 0.25484631E-01
  153.00000    	  154.00000    	-0.46709992    	 0.24471677E-01
  154.00000    	  155.00000    	-0.45431422    	 0.30506340E-01
  155.00000    	  156.00000    	-0.46424633    	 0.29363564E-01
  156.00000    	  157.00000    	-0.50650325    	 0.27744481E-01
  157.00000    	  158.00000    	-0.47061079    	 0.31093756E-01
  158.00000    	  159.00000    	-0.46967023    	 0.27120205E-01
  159.00000    	  160.00000    	-0.45411496    	 0.26951078E-01
  160.00000    	  161.00000    	-0.45809135    	 0.26041323E-01
  161.00000    	  162.00000    	-0.47967821    	 0.24928240E-01
  162.00000    	  163.00000    	-0.46138736    	 0.24644609E-01
  163.00000    	  164.00000    	-0.48051855    	 0.25452938E-01
  164.00000    	  165.00000    	-0.46480852    	 0.24001141E-01
  165.00000    	  166.00000    	-0.48807152    	 0.30837455E-01
  166.00000    	  167.00000    	-0.46555263    	 0.30885082E-01
  167.00000    	  168.00000    	-0.40318701    	 0.29130827E-01
  168.00000    	  169.00000    	-0.42434868    	 0.29141844E-01
  169.00000    	  170.00000    	-0.46298585    	 0.27439013E-01
  170.00000    	  171.00000    	-0.41862071    	 0.26488412E-01
  171.00000    	  172.00000    	-0.43254181    	 0.27133870E-01
  172.00000    	  173.00000    	-0.42682974    	 0.26805263E-01
  173.00000    	  174.00000    	-0.44739575    	 0.24635943E-01
  174.00000    	  175.00000    	-0.42140473    	 0.27105040E-01
  175.00000    	  176.00000    	-0.49368846    	 0.24761939E-01
  176.00000    	  177.00000    	-0.49240908    	 0.31799557E-01
  177.00000    	  178.00000    	-0.46052275    	 0.32198573E-01
  178.00000    	  179.00000    	-0.46551253    	 0.31739526E-01
  179.00000    	  180.00000    	-0.46238824    	 0.28907310E-01
  180.00000    	  181.00000    	-0.40338929    	 0.28847862E-01
  181.00000    	  182.00000    	-0.46656803    	 0.28188882E-01
  182.00000    	  183.00000    	-0.44822418    	 0.26935777E-01
  183.00000    	  184.00000    	-0.45441580    	 0.25838638E-01
  184.00000    	  185.00000    	-0.44334840    	 0.25456354E-01
  185.00000    	  186.00000    	-0.47568635    	 0.22969189E-01
  186.00000    	  187.00000    	-0.48722242    	 0.24533105E-01
  187.00000    	  188.00000    	-0.40485251    	 0.30328278E-01
  188.00000    	  189.00000    	-0.46138645    	 0.31136489E-01
  189.00000    	  190.00000    	-0.44600320    	 0.30237282E-01
  190.00000    	  191.00000    	-0.41458829    	 0.28283270E-01
  191.00000    	  192.00000    	-0.45795740    	 0.28111783E-01
  192.00000    	  193.00000    	-0.44208035    	 0.25759422E-01
  193.00000    	  194.00000    	-0.50142046    	 0.26051011E-01
  194.00000    	  195.00000    	-0.45158387    	 0.25174701E-01
  195.00000    	  196.00000    	-0.38763726    	 0.23446873E-01
  196.00000    	  197.00000    	-0.49336252    	 0.24139925E-01
  197.00000    	  198.00000    	-0.47389925    	 0.24517909E-01
  198.00000    	  199.00000    	-0.43615525    	 0.30963574E-01
  199.00000    	  200.00000    	-0.43681021    	 0.30204542E-01
  200.00000    	  201.00000    	-0.43274791    	 0.27778284E-01
  201.00000    	  202.00000    	-0.47729151    	 0.26345071E-01
  202.00000    	  203.00000    	-0.38489601    	 0.28757860E-01
  203.00000    	  204.00000    	-0.46736511    	 0.25994422E-01
  204.00000    	  205.00000    	-0.39748668    	 0.26441765E-01
  205.00000    	  206.00000    	-0.44266564    	 0.24642391E-01
  206.00000    	  207.00000    	-0.42526534    	 0.23905460E-01
  207.00000    	  208.00000    	-0.43499047    	 0.25211090E-01
  208.00000    	  209.00000    	-0.44010569    	 0.26840584E-01
  209.00000    	  210.00000    	-0.43813303    	 0.29558628E-01
  210.00000    	  211.00000    	-0.38162695    	 0.28398845E-01
  211.00000    	  212.00000    	-0.45391092    	 0.28826336E-01
  212.00000    	  213.00000    	-0.44346699    	 0.26150342E-01
  213.00000    	  214.00000    	-0.50598162    	 0.29158550E-01
  214.00000    	  215.00000    	-0.42457243    	 0.28225565E-01
  215.00000    	  216.00000    	-0.42693644    	 0.25500680E-01
  216.00000    	  217.00000    	-0.44055682    	 0.25162634E-01
  217.00000    	  218.00000    	-0.50633864    	 0.23862368E-01
  218.00000    	  219.00000    	-0.44287455    	 0.25974487E-01
  219.00000    	  220.00000    	-0.43921370    	 0.25727386E-01
  220.00000    	  221.00000    	-0.45070514    	 0.30197030E-01
  221.00000    	  222.00000    	-0.47435686    	 0.28438295E-01
  222.00000    	  223.00000    	-0.45038072    	 0.31030130E-01
  223.00000    	  224.00000    	-0.41637124    	 0.29571100E-01
  224.00000    	  225.00000    	-0.37735426    	 0.28814480E-01
  225.00000    	  226.00000    	-0.42996091    	 0.28022453E-01
  226.00000    	  227.00000    	-0.39133492    	 0.25637333E-01
  227.00000    	  228.00000    	-0.38764639    	 0.25611540E-01
  228.00000    	  229.00000    	-0.40260909    	 0.25447663E-01
  229.00000    	  230.00000    	-0.39208979    	 0.23719210E-01
  230.00000    	  231.00000    	-0.42492798    	 0.24764616E-01
  231.00000    	  232.00000    	-0.41613153    	 0.28331393E-01
  232.00000    	  233.00000    	-0.38251430    	 0.31270471E-01
  233.00000    	  234.00000    	-0.36635191    	 0.29766522E-01
  234.00000    	  235.00000    	-0.42584597    	 0.30370271E-01
  235.00000    	  236.00000    	-0.44508991    	 0.27388472E-01
  236.00000    	  237.00000    	-0.41265518    	 0.27478183E-01
  237.00000    	  238.00000    	-0.41210544    	 0.26476662E-01
  238.00000    	  239.00000    	-0.43123897    	 0.26056094E-01
  239.00000    	  240.00000    	-0.47641579    	 0.23775240E-01
  240.00000    	  241.00000    	-0.45142688    	 0.24696610E-01
  241.00000    	  242.00000    	-0.43625786    	 0.25224588E-01
  242.00000    	  243.00000    	-0.43255964    	 0.32956215E-01
  243.00000    	  244.00000    	-0.45731928    	 0.31629514E-01
  244.00000    	  245.00000    	-0.49094993    	 0.28400442E-01
  245.00000    	  246.00000    	-0.42762297    	 0.29867191E-01
  246.00000    	  247.00000    	-0.40512923    	 0.28089895E-01
  247.00000    	  248.00000    	-0.44346422    	 0.25743707E-01
  248.00000    	  249.00000    	-0.39908020    	 0.25338409E-01
  249.00000    	  250.00000    	-0.38450244    	 0.25432833E-01
  250.00000    	  251.00000    	-0.37256411    	 0.23551097E-01
  251.00000    	  252.00000    	-0.43243505    	 0.24733979E-01
  252.00000    	  253.00000    	-0.40979072    	 0.25535492E-01
  253.00000    	  254.00000    	-0.40870354    	 0.34518291E-01
  254.00000    	  255.00000    	-0.43447414    	 0.29500269E-01
  255.00000    	  256.00000    	-0.42130677    	 0.26974278E-01
  256.00000    	  257.00000    	-0.42839563    	 0.31963009E-01
  257.00000    	  258.00000    	-0.45120274    	 0.27252261E-01
  258.00000    	  259.00000    	-0.44314419    	 0.29391727E-01
  259.00000    	  260.00000    	-0.42861856    	 0.25323282E-01
  260.00000    	  261.00000    	-0.40594742    	 0.26145005E-01
  261.00000    	  262.00000    	-0.42405711    	 0.25463970E-01
  262.00000    	  263.00000    	-0.38994271    	 0.25535405E-01
  263.00000    	  264.00000    	-0.42004814    	 0.25591698E-01
  264.00000    	  265.00000    	-0.44846882    	 0.32563721E-01
  265.00000    	  266.00000    	-0.45715974    	 0.30323294E-01
  266.00000    	  267.00000    	-0.44072733    	 0.28760505E-01
  267.00000    	  268.00000    	-0.39549840    	 0.31826166E-01
  268.00000    	  269.00000    	-0.42452433    	 0.27467067E-01
  269.00000    	  270.00000    	-0.42767212    	 0.30211509E-01
  270.00000    	  271.00000    	-0.40791175    	 0.24624867E-01
  271.00000    	  272.00000    	-0.43114890    	 0.25596974E-01
  272.00000    	  273.00000    	-0.44532347    	 0.25443456E-01
  273.00000    	  274.00000    	-0.43251647    	 0.23383073E-01
  274.00000    	  275.00000    	-0.43368491    	 0.24073663E-01
  275.00000    	  276.00000    	-0.40831857    	 0.30551098E-01
  276.00000    	  277.00000    	-0.37941571    	 0.31346424E-01
  277.00000    	  278.00000    	-0.38880579    	 0.28951182E-01
  278.00000    	  279.00000    	-0.44127703    	 0.29897861E-01
  279.00000    	  280.00000    	-0.42550169    	 0.29372171E-01
  280.00000    	  281.00000    	-0.40887128    	 0.27612210E-01
  281.00000    	  282.00000    	-0.45730788    	 0.25567390E-01
  282.00000    	  283.00000    	-0.40805366    	 0.26044964E-01
  283.00000    	  284.00000    	-0.41441126    	 0.26201490E-01
  284.00000    	  285.00000    	-0.40492065    	 0.23518536E-01
  285.00000    	  286.00000    	-0.36905989    	 0.25224838E-01
  286.00000    	  287.00000    	-0.40271600    	 0.28513183E-01
  287.00000    	  288.00000    	-0.44866272    	 0.29897955E-01
  288.00000    	  289.00000    	-0.46055641    	 0.29859184E-01
  289.00000    	  290.00000    	-0.47309172    	 0.29032810E-01
  290.00000    	  291.00000    	-0.41650978    	 0.26949871E-01
  291.00000    	  292.00000    	-0.40704859    	 0.28247308E-01
  292.00000    	  293.00000    	-0.36764742    	 0.27150708E-01
  293.00000    	  294.00000    	-0.42199898    	 0.27290047E-01
  294.00000    	  295.00000    	-0.38760665    	 0.25258756E-01
  295.00000    	  296.00000    	-0.38643155    	 0.26010552E-01
  296.00000    	  297.00000    	-0.37695457    	 0.26938074E-01
  297.00000    	  298.00000    	-0.42494731    	 0.28928986E-01
  298.00000    	  299.00000    	-0.39873826    	 0.27877432E-01
  299.00000    	  300.00000    	-0.44960963    	 0.28656551E-01
  300.00000    	  301.00000    	-0.38911233    	 0.27604475E-01
  301.00000    	  302.00000    	-0.40377434    	 0.28145318E-01
  302.00000    	  303.00000    	-0.37888403    	 0.28967669E-01
  303.00000    	  304.00000    	-0.42087205    	 0.26501045E-01
  304.00000    	  305.00000    	-0.37444906    	 0.25715064E-01
  305.00000    	  306.00000    	-0.42594853    	 0.25490236E-01
  306.00000    	  307.00000    	-0.40163780    	 0.24979512E-01
  307.00000    	  308.00000    	-0.39205833    	 0.22315330E-01
  308.00000    	  309.00000    	-0.42997240    	 0.30369653E-01
  309.00000    	  310.00000    	-0.40236651    	 0.29595375E-01
  310.00000    	  311.00000    	-0.37581538    	 0.28707508E-01
  311.00000    	  312.00000    	-0.41719187    	 0.28911773E-01
  312.00000    	  313.00000    	-0.45943309    	 0.28171430E-01
  313.00000    	  314.00000    	-0.40235763    	 0.26222529E-01
  314.00000    	  315.00000    	-0.39907576    	 0.26185752E-01
  315.00000    	  316.00000    	-0.38298968    	 0.25981377E-01
  316.00000    	  317.00000    	-0.35037796    	 0.26813268E-01
  317.00000    	  318.00000    	-0.37364227    	 0.24472366E-01
  318.00000    	  319.00000    	-0.34611524    	 0.23253484E-01
  319.00000    	  320.00000    	-0.40618606    	 0.29426236E-01
  320.00000    	  321.00000    	-0.39083787    	 0.30922552E-01
  321.00000    	  322.00000    	-0.39217611    	 0.28793341E-01
  322.00000    	  323.00000    	-0.42027282    	 0.28589418E-01
  323.00000    	  324.00000    	-0.39355697    	 0.28122543E-01
  324.00000    	  325.00000    	-0.43819587    	 0.25683961E-01
  325.00000    	  326.00000    	-0.39395876    	 0.28944037E-01
  326.00000    	  327.00000    	-0.38598480    	 0.26328988E-01
  327.00000    	  328.00000    	-0.43714921    	 0.25722213E-01
  328.00000    	  329.00000    	-0.34792948    	 0.24312659E-01
  329.00000    	  330.00000    	-0.41218328    	 0.25246267E-01
  330.00000    	  331.00000    	-0.40954598    	 0.30529484E-01
  331.00000    	  332.00000    	-0.42440451    	 0.29503017E-01
  332.00000    	  333.00000    	-0.46601568    	 0.30319749E-01
  333.00000    	  334.00000    	-0.37258652    	 0.28471224E-01
  334.00000    	  335.00000    	-0.40029156    	 0.27606687E-01
  335.00000    	  336.00000    	-0.40065106    	 0.29049980E-01
  336.00000    	  337.00000    	-0.45397329    	 0.27604369E-01
  337.00000    	  338.00000    	-0.40506444    	 0.26251950E-01
  338.00000    	  339.00000    	-0.35311504    	 0.27650003E-01
  339.00000    	  340.00000    	-0.40037406    	 0.23663423E-01
  340.00000    	  341.00000    	-0.37896043    	 0.25366874E-01
  341.00000    	  342.00000    	-0.45073081    	 0.29925722E-01
  342.00000    	  343.00000    	-0.41998333    	 0.28261380E-01
  343.00000    	  344.00000    	-0.37532163    	 0.28468308E-01
  344.00000    	  345.00000    	-0.47246089    	 0.31015247E-01
  345.00000    	  346.00000    	-0.39651583    	 0.27042581E-01
  346.00000    	  347.00000    	-0.39052860    	 0.26700960E-01
  347.00000    	  348.00000    	-0.32377534    	 0.26575355E-01
  348.00000    	  349.00000    	-0.38961687    	 0.25485344E-01
  349.00000    	  350.00000    	-0.39021842    	 0.28692195E-01
  350.00000    	  351.00000    	-0.38288769    	 0.24352779E-01
  351.00000    	  352.00000    	-0.35348613    	 0.22752918E-01
  352.00000    	  353.00000    	-0.37392354    	 0.33750226E-01
  353.00000    	  354.00000    	-0.46052008    	 0.28941002E-01
  354.00000    	  355.00000    	-0.41945143    	 0.30007355E-01
  355.00000    	  356.00000    	-0.42538405    	 0.30045890E-01
  356.00000    	  357.00000    	-0.42498038    	 0.27444099E-01
  357.00000    	  358.00000    	-0.39885310    	 0.26457418E-01
  358.00000    	  359.00000    	-0.42778765    	 0.27589306E-01
  359.00000    	  360.00000    	-0.38774408    	 0.28410617E-01
  360.00000    	  361.00000    	-0.40522585    	 0.26350216E-01
  361.00000    	  362.00000    	-0.38653674    	 0.23639767E-01
  362.00000    	  363.00000    	-0.35759129    	 0.22773351E-01
  363.00000    	  364.00000    	-0.41072535    	 0.34888983E-01
  364.00000    	  365.00000    	-0.41396790    	 0.31545535E-01
  365.00000    	  366.00000    	-0.41695134    	 0.29256898E-01
  366.00000    	  367.00000    	-0.37182349    	 0.29680774E-01
  367.00000    	  368.00000    	-0.38218298    	 0.30535100E-01
  368.00000    	  369.00000    	-0.39071731    	 0.30424949E-01
  369.00000    	  370.00000    	-0.40991030    	 0.29228576E-01
  370.00000    	  371.00000    	-0.34491594    	 0.26866527E-01
  371.00000    	  372.00000    	-0.36344618    	 0.27116282E-01
  372.00000    	  373.00000    	-0.31355159    	 0.21872487E-01
  373.00000    	  374.00000    	-0.34753784    	 0.22305973E-01
  374.00000    	  375.00000    	-0.42688842    	 0.32494546E-01
  375.00000    	  376.00000    	-0.38419356    	 0.31198124E-01
  376.00000    	  377.00000    	-0.45570511    	 0.29187596E-01
  377.00000    	  378.00000    	-0.41263428    	 0.32527729E-01
  378.00000    	  379.00000    	-0.35386471    	 0.30587600E-01
  379.00000    	  380.00000    	-0.36443245    	 0.31225956E-01
  380.00000    	  381.00000    	-0.38160844    	 0.30296823E-01
  381.00000    	  382.00000    	-0.36146137    	 0.26037651E-01
  382.00000    	  383.00000    	-0.35754392    	 0.27250793E-01
  383.00000    	  384.00000    	-0.36781972    	 0.23157051E-01
  384.00000    	  385.00000    	-0.37657904    	 0.23175149E-01
  385.00000    	  386.00000    	-0.40707947    	 0.31610070E-01
  386.00000    	  387.00000    	-0.38879177    	 0.27962479E-01
  387.00000    	  388.00000    	-0.37690237    	 0.28726192E-01
  388.00000    	  389.00000    	-0.37751628    	 0.29785776E-01
  389.00000    	  390.00000    	-0.38532059    	 0.28369197E-01
  390.00000    	  391.00000    	-0.42648599    	 0.29110916E-01
  391.00000    	  392.00000    	-0.36629032    	 0.29012497E-01
  392.00000    	  393.00000    	-0.39251703    	 0.26017147E-01
  393.00000    	  394.00000    	-0.36024564    	 0.26877964E-01
  394.00000    	  395.00000    	-0.38108612    	 0.25822996E-01
  395.00000    	  396.00000    	-0.28516929    	 0.24124819E-01
  396.00000    	  397.00000    	-0.39424973    	 0.30968053E-01
  397.00000    	  398.00000    	-0.41063624    	 0.29359109E-01
  398.00000    	  399.00000    	-0.40053797    	 0.29443791E-01
  399.00000    	  400.00000    	-0.40663710    	 0.27836520E-01
  400.00000    	  401.00000    	-0.39618498    	 0.29330799E-01
  401.00000    	  402.00000    	-0.35651925    	 0.28119745E-01
  402.00000    	  403.00000    	-0.37498335    	 0.27178863E-01
  403.00000    	  404.00000    	-0.32751676    	 0.26975757E-01
  404.00000    	  405.00000    	-0.34836410    	 0.26911829E-01
  405.00000    	  406.00000    	-0.34699377    	 0.24741908E-01
  406.00000    	  407.00000    	-0.33989950    	 0.23605787E-01
  407.00000    	  408.00000    	-0.39264590    	 0.32339463E-01
  408.00000    	  409.00000    	-0.39015553    	 0.32055995E-01
  409.00000    	  410.00000    	-0.36167331    	 0.30566474E-01
  410.00000    	  411.00000    	-0.43142757    	 0.29301494E-01
  411.00000    	  412.00000    	-0.35312527    	 0.28864127E-01
  412.00000    	  413.00000    	-0.40835776    	 0.28441471E-01
  413.00000    	  414.00000    	-0.37821964    	 0.27287100E-01
  414.00000    	  415.00000    	-0.38856149    	 0.25694631E-01
  415.00000    	  416.00000    	-0.39596824    	 0.26879704E-01
  416.00000    	  417.00000    	-0.28011799    	 0.23597870E-01
  417.00000    	  418.00000    	-0.36383737    	 0.24496943E-01
  418.00000    	  419.00000    	-0.35786798    	 0.30103697E-01
  419.00000    	  420.00000    	-0.43873814    	 0.29081379E-01
  420.00000    	  421.00000    	-0.40658176    	 0.31280543E-01
  421.00000    	  422.00000    	-0.37031699    	 0.31205539E-01
  422.00000    	  423.00000    	-0.40901361    	 0.30517869E-01
  423.00000    	  424.00000    	-0.34213864    	 0.28829786E-01
  424.00000    	  425.00000    	-0.40838434    	 0.28046151E-01
  425.00000    	  426.00000    	-0.39823694    	 0.26938394E-01
  426.00000    	  427.00000    	-0.38176362    	 0.24176134E-01
  427.00000    	  428.00000    	-0.36789569    	 0.22791241E-01
  428.00000    	  429.00000    	-0.30292003    	 0.22546770E-01
  429.00000    	  430.00000    	-0.42060811    	 0.30674855E-01
  430.00000    	  431.00000    	-0.39616603    	 0.29603140E-01
  431.00000    	  432.00000    	-0.40329746    	 0.31165747E-01
  432.00000    	  433.00000    	-0.39606936    	 0.29380836E-01
  433.00000    	  434.00000    	-0.35276029    	 0.29932644E-01
  434.00000    	  435.00000    	-0.43370487    	 0.28280737E-01
  435.00000    	  436.00000    	-0.35804178    	 0.27923847E-01
  436.00000    	  437.00000    	-0.34045951    	 0.26712989E-01
  437.00000    	  438.00000    	-0.33336583    	 0.25223594E-01
  438.00000    	  439.00000    	-0.31008910    	 0.25092120E-01
  439.00000    	  440.00000    	-0.33392456    	 0.22643371E-01
  440.00000    	  441.00000    	-0.37261057    	 0.32238310E-01
  441.00000    	  442.00000    	-0.37591490    	 0.30681502E-01
  442.00000    	  443.00000    	-0.41905763    	 0.30805193E-01
  443.00000    	  444.00000    	-0.37160495    	 0.29629439E-01
  444.00000    	  445.00000    	-0.41309531    	 0.28789322E-01
  445.00000    	  446.00000    	-0.37808758    	 0.30157360E-01
  446.00000    	  447.00000    	-0.35100067    	 0.28468268E-01
  447.00000    	  448.00000    	-0.37405094    	 0.28220477E-01
  448.00000    	  449.00000    	-0.30178023    	 0.27498608E-01
  449.00000    	  450.00000    	-0.35863874    	 0.24980636E-01
  450.00000    	  451.00000    	-0.31084025    	 0.26570090E-01
  451.00000    	  452.00000    	-0.43332745    	 0.30014785E-01
  452.00000    	  453.00000    	-0.41077696    	 0.33102585E-01
  453.00000    	  454.00000    	-0.38570873    	 0.32177994E-01
  454.00000    	  455.00000    	-0.37866658    	 0.30666093E-01
  455.00000    	  456.00000    	-0.35527965    	 0.27758955E-01
  456.00000    	  457.00000    	-0.35744991    	 0.28435796E-01
  457.00000    	  458.00000    	-0.39324992    	 0.28848912E-01
  458.00000    	  459.00000    	-0.31640042    	 0.30745269E-01
  459.00000    	  460.00000    	-0.37273415    	 0.26241554E-01
  460.00000    	  461.00000    	-0.34058709    	 0.27215672E-01
  461.00000    	  462.00000    	-0.31005649    	 0.26063701E-01
  462.00000    	  463.00000    	-0.38113848    	 0.32192518E-01
  463.00000    	  464.00000    	-0.34419241    	 0.31164262E-01
  464.00000    	  465.00000    	-0.44787767    	 0.32543183E-01
  465.00000    	  466.00000    	-0.37601810    	 0.30266523E-01
  466.00000    	  467.00000    	-0.42230482    	 0.26199405E-01
  467.00000    	  468.00000    	-0.42891858    	 0.28300629E-01
  468.00000    	  469.00000    	-0.40353428    	 0.26137102E-01
  469.00000    	  470.00000    	-0.33458977    	 0.30352918E-01
  470.00000    	  471.00000    	-0.32493983    	 0.26236194E-01
  471.00000    	  472.00000    	-0.31957977    	 0.24300234E-01
  472.00000    	  473.00000    	-0.30948758    	 0.26101152E-01
  473.00000    	  474.00000    	-0.39206478    	 0.31491184E-01
  474.00000    	  475.00000    	-0.43169939    	 0.29064283E-01
  475.00000    	  476.00000    	-0.35512992    	 0.30468457E-01
  476.00000    	  477.00000    	-0.38693749    	 0.31473591E-01
  477.00000    	  478.00000    	-0.38534257    	 0.28990975E-01
  478.00000    	  479.00000    	-0.31950291    	 0.27922795E-01
  479.00000    	  480.00000    	-0.33671070    	 0.27555124E-01
  480.00000    	  481.00000    	-0.32460870    	 0.28065143E-01
  481.00000    	  482.00000    	-0.36328326    	 0.27491405E-01
  482.00000    	  483.00000    	-0.32359488    	 0.24639040E-01
  483.00000    	  484.00000    	-0.30268799    	 0.23549092E-01
  484.00000    	  485.00000    	-0.45555406    	 0.31111306E-01
  485.00000    	  486.00000    	-0.37948093    	 0.30971641E-01
  486.00000    	  487.00000    	-0.35673670    	 0.30368618E-01
  487.00000    	  488.00000    	-0.32468483    	 0.32039341E-01
  488.00000    	  489.00000    	-0.42802077    	 0.32871968E-01
  489.00000    	  490.00000    	-0.34594480    	 0.28843735E-01
  490.00000    	  491.00000    	-0.36140582    	 0.26931890E-01
  491.00000    	  492.00000    	-0.41801861    	 0.27281689E-01
  492.00000    	  493.00000    	-0.27825149    	 0.27749098E-01
  493.00000    	  494.00000    	-0.27854690    	 0.25652386E-01
  494.00000    	  495.00000    	-0.28600199    	 0.21695382E-01
  495.00000    	  496.00000    	-0.35895371    	 0.31338307E-01
  496.00000    	  497.00000    	-0.38948352    	 0.31091094E-01
  497.00000    	  498.00000    	-0.40389391    	 0.31490907E-01
  498.00000    	  499.00000    	-0.33680354    	 0.30312439E-01
  499.00000    	  500.00000    	-0.36318766    	 0.33073150E-01
  500.00000    	  501.00000    	-0.40514115    	 0.31126892E-01
  501.00000    	  502.00000    	-0.38744577    	 0.27365031E-01
  502.00000    	  503.00000    	-0.35230191    	 0.28367007E-01
  503.00000    	  504.00000    	-0.34166218    	 0.25750197E-01
  504.00000    	  505.00000    	-0.28614568    	 0.25428266E-01
  505.00000    	  506.00000    	-0.27403565    	 0.22445418E-01
  506.00000    	  507.00000    	-0.40437057    	 0.31736595E-01
  507.00000    	  508.00000    	-0.35360480    	 0.31245856E-01
  508.00000    	  509.00000    	-0.42077742    	 0.30448373E-01
  509.00000    	  510.00000    	-0.40842914    	 0.30888369E-01
  510.00000    	  511.00000    	-0.40951160    	 0.31619722E-01
  511.00000    	  512.00000    	-0.35224356    	 0.28714349E-01
  512.00000    	  513.00000    	-0.29457911    	 0.29055663E-01
  513.00000    	  514.00000    	-0.36094651    	 0.27963825E-01
  514.00000    	  515.00000    	-0.32676401    	 0.27103074E-01
  515.00000    	  516.00000    	-0.32884832    	 0.24077042E-01
  516.00000    	  517.00000    	-0.30424471    	 0.22070681E-01
  517.00000    	  518.00000    	-0.38142926    	 0.33690893E-01
  518.00000    	  519.00000    	-0.36118083    	 0.31360701E-01
  519.00000    	  520.00000    	-0.37880691    	 0.31118705E-01
  520.00000    	  521.00000    	-0.41421454    	 0.32050559E-01
  521.00000    	  522.00000    	-0.31851783    	 0.29856583E-01
  522.00000    	  523.00000    	-0.39490256    	 0.29801720E-01
  523.00000    	  524.00000    	-0.34347020    	 0.29483633E-01
  524.00000    	  525.00000    	-0.29213406    	 0.28347470E-01
  525.00000    	  526.00000    	-0.30939474    	 0.26549646E-01
  526.00000    	  527.00000    	-0.30012595    	 0.22740617E-01
  527.00000    	  528.00000    	-0.26664835    	 0.23120873E-01
  528.00000    	  529.00000    	-0.34236033    	 0.36040288E-01
  529.00000    	  530.00000    	-0.40451041    	 0.34010082E-01
  530.00000    	  531.00000    	-0.44790144    	 0.31850105E-01
  531.00000    	  532.00000    	-0.31902273    	 0.31519233E-01
  532.00000    	  533.00000    	-0.37785711    	 0.29305575E-01
  533.00000    	  534.00000    	-0.34419084    	 0.28760884E-01
  534.00000    	  535.00000    	-0.39189542    	 0.28980987E-01
  535.00000    	  536.00000    	-0.35046872    	 0.27714223E-01
  536.00000    	  537.00000    	-0.32584477    	 0.28189826E-01
  537.00000    	  538.00000    	-0.31035597    	 0.24914430E-01
  538.00000    	  539.00000    	-0.27655274    	 0.22353784E-01
  539.00000    	  540.00000    	-0.36814732    	 0.32807756E-01
  540.00000    	  541.00000    	-0.39248888    	 0.32076936E-01
  541.00000    	  542.00000    	-0.38437705    	 0.29825218E-01
  542.00000    	  543.00000    	-0.40879238    	 0.31643678E-01
  543.00000    	  544.00000    	-0.34914913    	 0.30595894E-01
  544.00000    	  545.00000    	-0.34177957    	 0.29193290E-01
  545.00000    	  546.00000    	-0.33859343    	 0.28802826E-01
  546.00000    	  547.00000    	-0.29795254    	 0.24948206E-01
  547.00000    	  548.00000    	-0.31889390    	 0.26809527E-01
  548.00000    	  549.00000    	-0.27991558    	 0.25717992E-01
  549.00000    	  550.00000    	-0.22314646    	 0.21473212E-01
  550.00000    	  551.00000    	-0.43208515    	 0.32340914E-01
  551.00000    	  552.00000    	-0.38204938    	 0.31294506E-01
  552.00000    	  553.00000    	-0.35520428    	 0.29749018E-01
  553.00000    	  554.00000    	-0.42806244    	 0.31552861E-01
  554.00000    	  555.00000    	-0.37846763    	 0.28877972E-01
  555.00000    	  556.00000    	-0.35037391    	 0.28540611E-01
  556.00000    	  557.00000    	-0.34330500    	 0.29164915E-01
  557.00000    	  558.00000    	-0.37472188    	 0.26537310E-01
  558.00000    	  559.00000    	-0.30124914    	 0.27134586E-01
  559.00000    	  560.00000    	-0.27464644    	 0.25927466E-01
  560.00000    	  561.00000    	-0.28224500    	 0.23204013E-01
  561.00000    	  562.00000    	-0.38303899    	 0.30575345E-01
  562.00000    	  563.00000    	-0.36469858    	 0.33640000E-01
  563.00000    	  564.00000    	-0.37733808    	 0.31333368E-01
  564.00000    	  565.00000    	-0.40222866    	 0.32906360E-01
  565.00000    	  566.00000    	-0.32692748    	 0.28726062E-01
  566.00000    	  567.00000    	-0.32240277    	 0.28272603E-01
  567.00000    	  568.00000    	-0.35886003    	 0.33688955E-01
  568.00000    	  569.00000    	-0.32702689    	 0.26695109E-01
  569.00000    	  570.00000    	-0.31367517    	 0.27099147E-01
  570.00000    	  571.00000    	-0.24656481    	 0.24061616E-01
  571.00000    	  572.00000    	-0.26132638    	 0.22887249E-01
  572.00000    	  573.00000    	-0.37009261    	 0.31920365E-01
  573.00000    	  574.00000    	-0.35860499    	 0.33037592E-01
  574.00000    	  575.00000    	-0.38998920    	 0.32777240E-01
  575.00000    	  576.00000    	-0.36109536    	 0.32203925E-01
  576.00000    	  577.00000    	-0.41008819    	 0.31210888E-01
  577.00000    	  578.00000    	-0.34909515    	 0.27546094E-01
  578.00000    	  579.00000    	-0.31175786    	 0.31559754E-01
  579.00000    	  580.00000    	-0.27612885    	 0.29938145E-01
  580.00000    	  581.00000    	-0.27595463    	 0.27053491E-01
  581.00000    	  582.00000    	-0.30423321    	 0.25294015E-01
  582.00000    	  583.00000    	-0.25532733    	 0.20969056E-01
  583.00000    	  584.00000    	-0.41334149    	 0.32234278E-01
  584.00000    	  585.00000    	-0.41572665    	 0.31349533E-01
  585.00000    	  586.00000    	-0.36824333    	 0.32630975E-01
  586.00000    	  587.00000    	-0.32563496    	 0.32555183E-01
  587.00000    	  588.00000    	-0.32374439    	 0.31361782E-01
  588.00000    	  589.00000    	-0.36574324    	 0.28409252E-01
  589.00000    	  590.00000    	-0.33991266    	 0.31097120E-01
  590.00000    	  591.00000    	-0.35440869    	 0.27904817E-01
  591.00000    	  592.00000    	-0.34015156    	 0.26727839E-01
  592.00000    	  593.00000    	-0.28995692    	 0.24577583E-01
  593.00000    	  594.00000    	-0.20659231    	 0.21313614E-01
  594.00000    	  595.00000    	-0.41672950    	 0.31904860E-01
  595.00000    	  596.00000    	-0.39555410    	 0.33511736E-01
  596.00000    	  597.00000    	-0.37176903    	 0.33081648E-01
  597.00000    	  598.00000    	-0.31832356    	 0.32064235E-01
  598.00000    	  599.00000    	-0.32583813    	 0.29213466E-01
  599.00000    	  600.00000    	-0.36477638    	 0.27135401E-01
  600.00000    	  601.00000    	-0.28299298    	 0.33779168E-01
  601.00000    	  602.00000    	-0.31262356    	 0.27725789E-01
  602.00000    	  603.00000    	-0.31133571    	 0.26352625E-01
  603.00000    	  604.00000    	-0.25984189    	 0.23267768E-01
  604.00000    	  605.00000    	-0.26312661    	 0.23159342E-01
  605.00000    	  606.00000    	-0.35888843    	 0.31883273E-01
  606.00000    	  607.00000    	-0.35930611    	 0.34643846E-01
  607.00000    	  608.00000    	-0.38580780    	 0.31226312E-01
  608.00000    	  609.00000    	-0.34924773    	 0.31378780E-01
  609.00000    	  610.00000    	-0.33399018    	 0.29813414E-01
  610.00000    	  611.00000    	-0.39000941    	 0.30722936E-01
  611.00000    	  612.00000    	-0.38568679    	 0.29513734E-01
  612.00000    	  613.00000    	-0.31024277    	 0.26702869E-01
  613.00000    	  614.00000    	-0.28802834    	 0.26672840E-01
  614.00000    	  615.00000    	-0.27089563    	 0.23220453E-01
  615.00000    	  616.00000    	-0.22066098    	 0.22564568E-01
  616.00000    	  617.00000    	-0.40606860    	 0.33379420E-01
  617.00000    	  618.00000    	-0.34361780    	 0.31715642E-01
  618.00000    	  619.00000    	-0.40516917    	 0.31999717E-01
  619.00000    	  620.00000    	-0.37891009    	 0.30638190E-01
  620.00000    	  621.00000    	-0.34127831    	 0.29844866E-01
  621.00000    	  622.00000    	-0.35708383    	 0.32910188E-01
  622.00000    	  623.00000    	-0.31207714    	 0.28529553E-01
  623.00000    	  624.00000    	-0.30104767    	 0.27887581E-01
  624.00000    	  625.00000    	-0.25002276    	 0.27827189E-01
  625.00000    	  626.00000    	-0.26302761    	 0.23303024E-01
  626.00000    	  627.00000    	-0.20926744    	 0.20798647E-01
  627.00000    	  628.00000    	-0.36901167    	 0.37028454E-01
  628.00000    	  629.00000    	-0.32689030    	 0.31168934E-01
  629.00000    	  630.00000    	-0.32841843    	 0.34194698E-01
  630.00000    	  631.00000    	-0.37814502    	 0.29399704E-01
  631.00000    	  632.00000    	-0.37170068    	 0.29822726E-01
  632.00000    	  633.00000    	-0.32223119    	 0.30324038E-01
  633.00000    	  634.00000    	-0.37161509    	 0.26792930E-01
  634.00000    	  635.00000    	-0.34934930    	 0.29108019E-01
  635.00000    	  636.00000    	-0.30356011    	 0.25793707E-01
  636.00000    	  637.00000    	-0.24798815    	 0.24801636E-01
  637.00000    	  638.00000    	-0.19853357    	 0.19842575E-01
  638.00000    	  639.00000    	-0.36672785    	 0.36235503E-01
  639.00000    	  640.00000    	-0.41674523    	 0.30924872E-01
  640.00000    	  641.00000    	-0.34627799    	 0.34939542E-01
  641.00000    	  642.00000    	-0.29138335    	 0.30295648E-01
  642.00000    	  643.00000    	-0.35542624    	 0.31838493E-01
  643.00000    	  644.00000    	-0.34807132    	 0.31177864E-01
  644.00000    	  645.00000    	-0.37491089    	 0.28293119E-01
  645.00000    	  646.00000    	-0.25239725    	 0.28954964E-01
  646.00000    	  647.00000    	-0.27282701    	 0.26870591E-01
  647.00000    	  648.00000    	-0.26915193    	 0.26488946E-01
  648.00000    	  649.00000    	-0.26537412    	 0.19747319E-01
  649.00000    	  650.00000    	-0.33277845    	 0.34041431E-01
  650.00000    	  651.00000    	-0.37908297    	 0.32533137E-01
  651.00000    	  652.00000    	-0.29782636    	 0.32958613E-01
  652.00000    	  653.00000    	-0.36389202    	 0.29565183E-01
  653.00000    	  654.00000    	-0.37576251    	 0.31767608E-01
  654.00000    	  655.00000    	-0.31446106    	 0.31114320E-01
  655.00000    	  656.00000    	-0.29436990    	 0.29992549E-01
  656.00000    	  657.00000    	-0.25544296    	 0.26632572E-01
  657.00000    	  658.00000    	-0.30795984    	 0.27603849E-01
  658.00000    	  659.00000    	-0.26735037    	 0.25695961E-01
  659.00000    	  660.00000    	-0.24192174    	 0.22975294E-01
  660.00000    	  661.00000    	-0.36447193    	 0.32228991E-01
  661.00000    	  662.00000    	-0.32699119    	 0.34736989E-01
  662.00000    	  663.00000    	-0.36145343    	 0.33320251E-01
  663.00000    	  664.00000    	-0.36574003    	 0.32862214E-01
  664.00000    	  665.00000    	-0.35710362    	 0.30196435E-01
  665.00000    	  666.00000    	-0.36773490    	 0.28632723E-01
  666.00000    	  667.00000    	-0.27663501    	 0.31028032E-01
  667.00000    	  668.00000    	-0.34340186    	 0.28813490E-01
  668.00000    	  669.00000    	-0.26143031    	 0.26475220E-01
  669.00000    	  670.00000    	-0.20918066    	 0.23011108E-01
  670.00000    	  671.00000    	-0.17698540    	 0.21615400E-01
  671.00000    	  672.00000    	-0.38674112    	 0.33447947E-01
  672.00000    	  673.00000    	-0.36498241    	 0.35943101E-01
  673.00000    	  674.00000    	-0.33912401    	 0.33944738E-01
  674.00000    	  675.00000    	-0.33155246    	 0.31188069E-01
  675.00000    	  676.00000    	-0.37451741    	 0.33397649E-01
  676.00000    	  677.00000    	-0.30934974    	 0.29232140E-01
  677.00000    	  678.00000    	-0.29908912    	 0.29840141E-01
  678.00000    	  679.00000    	-0.28814658    	 0.26984598E-01
  679.00000    	  680.00000    	-0.27424300    	 0.26238678E-01
  680.00000    	  681.00000    	-0.25209826    	 0.24304902E-01
  681.00000    	  682.00000    	-0.24713198    	 0.21227833E-01
  682.00000    	  683.00000    	-0.40347116    	 0.34324333E-01
  683.00000    	  684.00000    	-0.34792556    	 0.34914149E-01
  684.00000    	  685.00000    	-0.37866016    	 0.33226289E-01
  685.00000    	  686.00000    	-0.40820224    	 0.32388042E-01
  686.00000    	  687.00000    	-0.33099402    	 0.31768278E-01
  687.00000    	  688.00000    	-0.32155761    	 0.30487651E-01
  688.00000    	  689.00000    	-0.30667199    	 0.29020719E-01
  689.00000    	  690.00000    	-0.24020623    	 0.25847278E-01
  690.00000    	  691.00000    	-0.27090100    	 0.27150486E-01
  691.00000    	  692.00000    	-0.25369850    	 0.23083623E-01
  692.00000    	  693.00000    	-0.18164747    	 0.19366613E-01
  693.00000    	  694.00000    	-0.33756195    	 0.33185046E-01
  694.00000    	  695.00000    	-0.33698244    	 0.35271788E-01
  695.00000    	  696.00000    	-0.33329544    	 0.33002355E-01
  696.00000    	  697.00000    	-0.34523508    	 0.31269067E-01
  697.00000    	  698.00000    	-0.34127353    	 0.30378136E-01
  698.00000    	  699.00000    	-0.28527298    	 0.29888924E-01
  699.00000    	  700.00000    	-0.31049095    	 0.28468205E-01
  700.00000    	  701.00000    	-0.31229258    	 0.27364390E-01
  701.00000    	  702.00000    	-0.26724209    	 0.25277886E-01
  702.00000    	  703.00000    	-0.26760847    	 0.22833378E-01
  703.00000    	  704.00000    	-0.18736649    	 0.19602982E-01
  704.00000    	  705.00000    	-0.34463084    	 0.33346013E-01
  705.00000    	  706.00000    	-0.37185288    	 0.32229668E-01
  706.00000    	  707.00000    	-0.28717608    	 0.33888611E-01
  707.00000    	  708.00000    	-0.31344539    	 0.35155528E-01
  708.00000    	  709.00000    	-0.28461706    	 0.31545251E-01
  709.00000    	  710.00000    	-0.29225814    	 0.30408651E-01
  710.00000    	  711.00000    	-0.24594294    	 0.29632536E-01
  711.00000    	  712.00000    	-0.26990069    	 0.27809254E-01
  712.00000    	  713.00000    	-0.26222662    	 0.25775699E-01
  713.00000    	  714.00000    	-0.21319584    	 0.22313116E-01
  714.00000    	  715.00000    	-0.21208663    	 0.20608719E-01
  715.00000    	  716.00000    	-0.37741405    	 0.32967770E-01
  716.00000    	  717.00000    	-0.36206171    	 0.30818994E-01
  717.00000    	  718.00000    	-0.42685655    	 0.33544332E-01
  718.00000    	  719.00000    	-0.40632192    	 0.37239440E-01
  719.00000    	  720.00000    	-0.31708012    	 0.32394104E-01
  720.00000    	  721.00000    	-0.31721201    	 0.30991426E-01
  721.00000    	  722.00000    	-0.33782781    	 0.30873410E-01
  722.00000    	  723.00000    	-0.28613396    	 0.29387279E-01
  723.00000    	  724.00000    	-0.25827529    	 0.23761041E-01
  724.00000    	  725.00000    	-0.21919818    	 0.25294052E-01
  725.00000    	  726.00000    	-0.22077791    	 0.19986433E-01
  726.00000    	  727.00000    	-0.32722876    	 0.35115807E-01
  727.00000    	  728.00000    	-0.31034219    	 0.31205630E-01
  728.00000    	  729.00000    	-0.31338082    	 0.32118107E-01
  729.00000    	  730.00000    	-0.31692204    	 0.35362647E-01
  730.00000    	  731.00000    	-0.32599337    	 0.30496950E-01
  731.00000    	  732.00000    	-0.34168981    	 0.30663174E-01
  732.00000    	  733.00000    	-0.28793827    	 0.31457585E-01
  733.00000    	  734.00000    	-0.30593163    	 0.27734139E-01
  734.00000    	  735.00000    	-0.28027760    	 0.26342308E-01
  735.00000    	  736.00000    	-0.21847591    	 0.25385160E-01
  736.00000    	  737.00000    	-0.18497256    	 0.18981519E-01
  737.00000    	  738.00000    	-0.41395558    	 0.37254559E-01
  738.00000    	  739.00000    	-0.35324115    	 0.31281810E-01
  739.00000    	  740.00000    	-0.35289009    	 0.32821714E-01
  740.00000    	  741.00000    	-0.32216318    	 0.31182416E-01
  741.00000    	  742.00000    	-0.34088746    	 0.35108551E-01
  742.00000    	  743.00000    	-0.30333980    	 0.29049237E-01
  743.00000    	  744.00000    	-0.25249208    	 0.30019297E-01
  744.00000    	  745.00000    	-0.27270600    	 0.26176695E-01
  745.00000    	  746.00000    	-0.23578713    	 0.29565902E-01
  746.00000    	  747.00000    	-0.23178753    	 0.22385826E-01
  747.00000    	  748.00000    	-0.18415363    	 0.20199639E-01
  748.00000    	  749.00000    	-0.32896056    	 0.35514042E-01
  749.00000    	  750.00000    	-0.33433182    	 0.31228375E-01
  750.00000    	  751.00000    	-0.35486931    	 0.32662411E-01
  751.00000    	  752.00000    	-0.35702122    	 0.29864307E-01
  752.00000    	  753.00000    	-0.30574288    	 0.35293974E-01
  753.00000    	  754.00000    	-0.34466626    	 0.29312876E-01
  754.00000    	  755.00000    	-0.26730045    	 0.26879293E-01
  755.00000    	  756.00000    	-0.23015345    	 0.25671361E-01
  756.00000    	  757.00000    	-0.23010214    	 0.24999829E-01
  757.00000    	  758.00000    	-0.21107449    	 0.22371674E-01
  758.00000    	  759.00000    	-0.19715085    	 0.19202738E-01
  759.00000    	  760.00000    	-0.34664868    	 0.34807432E-01
  760.00000    	  761.00000    	-0.34138250    	 0.32439692E-01
  761.00000    	  762.00000    	-0.31721389    	 0.32505860E-01
  762.00000    	  763.00000    	-0.32647147    	 0.31163354E-01
  763.00000    	  764.00000    	-0.31025830    	 0.30833865E-01
  764.00000    	  765.00000    	-0.30461250    	 0.32583629E-01
  765.00000    	  766.00000    	-0.31709169    	 0.28293045E-01
  766.00000    	  767.00000    	-0.30169994    	 0.27697545E-01
  767.00000    	  768.00000    	-0.24518204    	 0.25666336E-01
  768.00000    	  769.00000    	-0.22626701    	 0.23586041E-01
  769.00000    	  770.00000    	-0.17679267    	 0.19482330E-01
  770.00000    	  771.00000    	-0.31759269    	 0.35385265E-01
  771.00000    	  772.00000    	-0.33945151    	 0.33084755E-01
  772.00000    	  773.00000    	-0.28498468    	 0.33659118E-01
  773.00000    	  774.00000    	-0.27343129    	 0.33060406E-01
  774.00000    	  775.00000    	-0.28346832    	 0.30741184E-01
  775.00000    	  776.00000    	-0.26941685    	 0.31643508E-01
  776.00000    	  777.00000    	-0.29585976    	 0.28339425E-01
  777.00000    	  778.00000    	-0.25416598    	 0.28044535E-01
  778.00000    	  779.00000    	-0.24568721    	 0.23872881E-01
  779.00000    	  780.00000    	-0.20380643    	 0.24171177E-01
  780.00000    	  781.00000    	-0.16525093    	 0.21292438E-01
  781.00000    	  782.00000    	-0.33829879    	 0.35792985E-01
  782.00000    	  783.00000    	-0.31800240    	 0.33744357E-01
  783.00000    	  784.00000    	-0.31711650    	 0.33531208E-01
  784.00000    	  785.00000    	-0.37023406    	 0.33329481E-01
  785.00000    	  786.00000    	-0.29507351    	 0.30672918E-01
  786.00000    	  787.00000    	-0.34618619    	 0.31343704E-01
  787.00000    	  788.00000    	-0.29195249    	 0.29628067E-01
  788.00000    	  789.00000    	-0.25721633    	 0.29309898E-01
  789.00000    	  790.00000    	-0.23290157    	 0.23347427E-01
  790.00000    	  791.00000    	-0.22922976    	 0.23294111E-01
  791.00000    	  792.00000    	-0.15674848    	 0.19070663E-01
  792.00000    	  793.00000    	-0.36745477    	 0.35293745E-01
  793.00000    	  794.00000    	-0.36121071    	 0.32152445E-01
  794.00000    	  795.00000    	-0.34524636    	 0.32893172E-01
  795.00000    	  796.00000    	-0.31707913    	 0.31202079E-01
  796.00000    	  797.00000    	-0.32861487    	 0.31009982E-01
  797.00000    	  798.00000    	-0.33286568    	 0.33299390E-01
  798.00000    	  799.00000    	-0.27795686    	 0.30435545E-01
  799.00000    	  800.00000    	-0.23954041    	 0.27418783E-01
  800.00000    	  801.00000    	-0.23312266    	 0.25239346E-01
  801.00000    	  802.00000    	-0.20455509    	 0.22566572E-01
  802.00000    	  803.00000    	-0.15950208    	 0.18486346E-01
  803.00000    	  804.00000    	-0.34268111    	 0.34426486E-01
  804.00000    	  805.00000    	-0.31844599    	 0.30699979E-01
  805.00000    	  806.00000    	-0.31246374    	 0.31894234E-01
  806.00000    	  807.00000    	-0.36706121    	 0.30587185E-01
  807.00000    	  808.00000    	-0.30845944    	 0.31771376E-01
  808.00000    	  809.00000    	-0.27155947    	 0.31046654E-01
  809.00000    	  810.00000    	-0.27706805    	 0.27744390E-01
  810.00000    	  811.00000    	-0.23606233    	 0.26189180E-01
  811.00000    	  812.00000    	-0.20414046    	 0.25213748E-01
  812.00000    	  813.00000    	-0.19412271    	 0.20946840E-01
  813.00000    	  814.00000    	-0.18263754    	 0.17636417E-01
  814.00000    	  815.00000    	-0.33671691    	 0.34818364E-01
  815.00000    	  816.00000    	-0.34080274    	 0.31274922E-01
  816.00000    	  817.00000    	-0.30698594    	 0.31601489E-01
  817.00000    	  818.00000    	-0.29077204    	 0.33180552E-01
  818.00000    	  819.00000    	-0.27867445    	 0.29434130E-01
  819.00000    	  820.00000    	-0.28773722    	 0.29314882E-01
  820.00000    	  821.00000    	-0.25677748    	 0.27734903E-01
  821.00000    	  822.00000    	-0.21861569    	 0.30020360E-01
  822.00000    	  823.00000    	-0.25079996    	 0.27373982E-01
  823.00000    	  824.00000    	-0.21219917    	 0.23091153E-01
  824.00000    	  825.00000    	-0.11968383    	 0.17358281E-01
  825.00000    	  826.00000    	-0.37193882    	 0.32935819E-01
  826.00000    	  827.00000    	-0.34898624    	 0.35486029E-01
  827.00000    	  828.00000    	-0.32409424    	 0.32405356E-01
  828.00000    	  829.00000    	-0.34059283    	 0.35149573E-01
  829.00000    	  830.00000    	-0.34155885    	 0.29360993E-01
  830.00000    	  831.00000    	-0.27975181    	 0.29629721E-01
  831.00000    	  832.00000    	-0.27458733    	 0.28321661E-01
  832.00000    	  833.00000    	-0.28054974    	 0.29984396E-01
  833.00000    	  834.00000    	-0.19197200    	 0.26014551E-01
  834.00000    	  835.00000    	-0.17817426    	 0.22786255E-01
  835.00000    	  836.00000    	-0.18491995    	 0.18118015E-01
  836.00000    	  837.00000    	-0.32047868    	 0.33333081E-01
  837.00000    	  838.00000    	-0.27675731    	 0.34189708E-01
  838.00000    	  839.00000    	-0.34800924    	 0.32611137E-01
  839.00000    	  840.00000    	-0.28598625    	 0.34749218E-01
  840.00000    	  841.00000    	-0.32612873    	 0.31742433E-01
  841.00000    	  842.00000    	-0.25450543    	 0.29699522E-01
  842.00000    	  843.00000    	-0.30577848    	 0.28677040E-01
  843.00000    	  844.00000    	-0.24453203    	 0.26420307E-01
  844.00000    	  845.00000    	-0.19965161    	 0.25498984E-01
  845.00000    	  846.00000    	-0.15348034    	 0.20556295E-01
  846.00000    	  847.00000    	-0.17218811    	 0.19672192E-01
  847.00000    	  848.00000    	-0.35910511    	 0.33517809E-01
  848.00000    	  849.00000    	-0.34050170    	 0.33493331E-01
  849.00000    	  850.00000    	-0.31321733    	 0.32962943E-01
  850.00000    	  851.00000    	-0.33197416    	 0.32401786E-01
  851.00000    	  852.00000    	-0.23206168    	 0.29471483E-01
  852.00000    	  853.00000    	-0.32964100    	 0.29546942E-01
  853.00000    	  854.00000    	-0.26614172    	 0.29884387E-01
  854.00000    	  855.00000    	-0.23952005    	 0.29697419E-01
  855.00000    	  856.00000    	-0.22125539    	 0.23907435E-01
  856.00000    	  857.00000    	-0.18949338    	 0.19734451E-01
  857.00000    	  858.00000    	-0.15319923    	 0.19630891E-01
  858.00000    	  859.00000    	-0.26342738    	 0.34344698E-01
  859.00000    	  860.00000    	-0.33338904    	 0.33633006E-01
  860.00000    	  861.00000    	-0.36171687    	 0.31692465E-01
  861.00000    	  862.00000    	-0.27503094    	 0.29985173E-01
  862.00000    	  863.00000    	-0.33756999    	 0.30231517E-01
  863.00000    	  864.00000    	-0.32183178    	 0.29429935E-01
  864.00000    	  865.00000    	-0.24945637    	 0.26279124E-01
  865.00000    	  866.00000    	-0.23244519    	 0.28291972E-01
  866.00000    	  867.00000    	-0.20744062    	 0.24184683E-01
  867.00000    	  868.00000    	-0.20475433    	 0.22641686E-01
  868.00000    	  869.00000    	-0.15750387    	 0.19224692E-01
  869.00000    	  870.00000    	-0.33075677    	 0.37351254E-01
  870.00000    	  871.00000    	-0.34995186    	 0.34763450E-01
  871.00000    	  872.00000    	-0.31575144    	 0.31927976E-01
  872.00000    	  873.00000    	-0.31065707    	 0.32528381E-01
  873.00000    	  874.00000    	-0.21085568    	 0.33412304E-01
  874.00000    	  875.00000    	-0.30963078    	 0.29908412E-01
  875.00000    	  876.00000    	-0.19515075    	 0.28506487E-01
  876.00000    	  877.00000    	-0.22401404    	 0.25763706E-01
  877.00000    	  878.00000    	-0.18025642    	 0.24864603E-01
  878.00000    	  879.00000    	-0.21457963    	 0.20819933E-01
  879.00000    	  880.00000    	-0.16519063    	 0.18543460E-01
  880.00000    	  881.00000    	-0.27772921    	 0.35850222E-01
  881.00000    	  882.00000    	-0.38369391    	 0.33158898E-01
  882.00000    	  883.00000    	-0.31704748    	 0.32941999E-01
  883.00000    	  884.00000    	-0.29529522    	 0.31531333E-01
  884.00000    	  885.00000    	-0.33689767    	 0.32039253E-01
  885.00000    	  886.00000    	-0.27062784    	 0.32194432E-01
  886.00000    	  887.00000    	-0.30218025    	 0.29649773E-01
  887.00000    	  888.00000    	-0.21995631    	 0.26781317E-01
  888.00000    	  889.00000    	-0.19407886    	 0.25691724E-01
  889.00000    	  890.00000    	-0.14931732    	 0.21186383E-01
  890.00000    	  891.00000    	-0.14118899    	 0.19412302E-01
  891.00000    	  892.00000    	-0.36822179    	 0.34897024E-01
  892.00000    	  893.00000    	-0.31156328    	 0.32419776E-01
  893.00000    	  894.00000    	-0.29217577    	 0.32525861E-01
  894.00000    	  895.00000    	-0.32256048    	 0.32020812E-01
  895.00000    	  896.00000    	-0.24853436    	 0.29684263E-01
  896.00000    	  897.00000    	-0.25894889    	 0.31776507E-01
  897.00000    	  898.00000    	-0.26530721    	 0.27825787E-01
  898.00000    	  899.00000    	-0.21847365    	 0.27121741E-01
  899.00000    	  900.00000    	-0.23442562    	 0.23684233E-01
  900.00000    	  901.00000    	-0.17513048    	 0.21504078E-01
  901.00000    	  902.00000    	-0.14226975    	 0.17052649E-01
  902.00000    	  903.00000    	-0.32873097    	 0.34023783E-01
  903.00000    	  904.00000    	-0.28365250    	 0.30908779E-01
  904.00000    	  905.00000    	-0.30816846    	 0.33730142E-01
  905.00000    	  906.00000    	-0.32040817    	 0.34108740E-01
  906.00000    	  907.00000    	-0.29135499    	 0.28477445E-01
  907.00000    	  908.00000    	-0.27563293    	 0.29830004E-01
  908.00000    	  909.00000    	-0.24485301    	 0.26092649E-01
  909.00000    	  910.00000    	-0.25027678    	 0.26881465E-01
  910.00000    	  911.00000    	-0.18955388    	 0.23498553E-01
  911.00000    	  912.00000    	-0.15528292    	 0.21203022E-01
  912.00000    	  913.00000    	-0.14235953    	 0.16159806E-01
  913.00000    	  914.00000    	-0.33114244    	 0.33297506E-01
  914.00000    	  915.00000    	-0.32365944    	 0.31860146E-01
  915.00000    	  916.00000    	-0.28531929    	 0.35757538E-01
  916.00000    	  917.00000    	-0.28360018    	 0.31916242E-01
  917.00000    	  918.00000    	-0.33298430    	 0.30889346E-01
  918.00000    	  919.00000    	-0.28602204    	 0.29695684E-01
  919.00000    	  920.00000    	-0.28561846    	 0.28684412E-01
  920.00000    	  921.00000    	-0.22433245    	 0.24326442E-01
  921.00000    	  922.00000    	-0.20612537    	 0.26153497E-01
  922.00000    	  923.00000    	-0.16584999    	 0.23214197E-01
  923.00000    	  924.00000    	-0.11160082    	 0.17482041E-01
  924.00000    	  925.00000    	-0.26706892    	 0.33446999E-01
  925.00000    	  926.00000    	-0.32787955    	 0.32977838E-01
  926.00000    	  927.00000    	-0.33686993    	 0.34634739E-01
  927.00000    	  928.00000    	-0.31525317    	 0.31714831E-01
  928.00000    	  929.00000    	-0.27700092    	 0.29124926E-01
  929.00000    	  930.00000    	-0.25427182    	 0.29807501E-01
  930.00000    	  931.00000    	-0.21685050    	 0.27585344E-01
  931.00000    	  932.00000    	-0.24479034    	 0.27894432E-01
  932.00000    	  933.00000    	-0.17721339    	 0.22491479E-01
  933.00000    	  934.00000    	-0.17747415    	 0.21166396E-01
  934.00000    	  935.00000    	-0.11215955    	 0.18043938E-01
  935.00000    	  936.00000    	-0.32457772    	 0.34008939E-01
  936.00000    	  937.00000    	-0.29459956    	 0.34185451E-01
  937.00000    	  938.00000    	-0.27431908    	 0.31003869E-01
  938.00000    	  939.00000    	-0.29573233    	 0.32758568E-01
  939.00000    	  940.00000    	-0.26036834    	 0.30294445E-01
  940.00000    	  941.00000    	-0.26336766    	 0.28494873E-01
  941.00000    	  942.00000    	-0.21534658    	 0.29136207E-01
  942.00000    	  943.00000    	-0.22431376    	 0.26701719E-01
  943.00000    	  944.00000    	-0.18462662    	 0.20866760E-01
  944.00000    	  945.00000    	-0.13401342    	 0.21460418E-01
  945.00000    	  946.00000    	-0.10421591    	 0.16754689E-01
  946.00000    	  947.00000    	-0.27834043    	 0.34836661E-01
  947.00000    	  948.00000    	-0.27673031    	 0.33391879E-01
  948.00000    	  949.00000    	-0.36122005    	 0.32656996E-01
  949.00000    	  950.00000    	-0.26025635    	 0.33669192E-01
  950.00000    	  951.00000    	-0.31978543    	 0.32815427E-01
  951.00000    	  952.00000    	-0.26370238    	 0.29627424E-01
  952.00000    	  953.00000    	-0.29056639    	 0.26503512E-01
  953.00000    	  954.00000    	-0.22291486    	 0.25606269E-01
  954.00000    	  955.00000    	-0.14510124    	 0.24547144E-01
  955.00000    	  956.00000    	-0.17437167    	 0.20518429E-01
  956.00000    	  957.00000    	-0.11175935    	 0.14899050E-01
  957.00000    	  958.00000    	-0.35655436    	 0.33291827E-01
  958.00000    	  959.00000    	-0.39502765    	 0.31477648E-01
  959.00000    	  960.00000    	-0.28312619    	 0.32864765E-01
  960.00000    	  961.00000    	-0.29905701    	 0.37177376E-01
  961.00000    	  962.00000    	-0.23683785    	 0.31819282E-01
  962.00000    	  963.00000    	-0.21951356    	 0.27894986E-01
  963.00000    	  964.00000    	-0.21892210    	 0.26993279E-01
  964.00000    	  965.00000    	-0.19416703    	 0.28163083E-01
  965.00000    	  966.00000    	-0.22266376    	 0.22731067E-01
  966.00000    	  967.00000    	-0.14627091    	 0.20965136E-01
  967.00000    	  968.00000    	-0.11814708    	 0.16595335E-01
  968.00000    	  969.00000    	-0.29477536    	 0.34284855E-01
  969.00000    	  970.00000    	-0.25109452    	 0.31862976E-01
  970.00000    	  971.00000    	-0.30907462    	 0.29966947E-01
  971.00000    	  972.00000    	-0.28509416    	 0.31424425E-01
  972.00000    	  973.00000    	-0.25657579    	 0.31631071E-01
  973.00000    	  974.00000    	-0.22932078    	 0.30307922E-01
  974.00000    	  975.00000    	-0.19958500    	 0.26970308E-01
  975.00000    	  976.00000    	-0.21807868    	 0.27037592E-01
  976.00000    	  977.00000    	-0.21339119    	 0.24049771E-01
  977.00000    	  978.00000    	-0.15586084    	 0.20567979E-01
  978.00000    	  979.00000    	-0.12190443    	 0.17891993E-01
  979.00000    	  980.00000    	-0.33068512    	 0.33427927E-01
  980.00000    	  981.00000    	-0.28239533    	 0.30446518E-01
  981.00000    	  982.00000    	-0.26965700    	 0.32324870E-01
  982.00000    	  983.00000    	-0.26603833    	 0.29318270E-01
  983.00000    	  984.00000    	-0.31903902    	 0.32807548E-01
  984.00000    	  985.00000    	-0.28063436    	 0.28857014E-01
  985.00000    	  986.00000    	-0.23714858    	 0.27023406E-01
  986.00000    	  987.00000    	-0.18749649    	 0.25527708E-01
  987.00000    	  988.00000    	-0.16588480    	 0.23602029E-01
  988.00000    	  989.00000    	-0.15566518    	 0.19117833E-01
  989.00000    	  990.00000    	-0.98393783E-01	 0.17243623E-01
  990.00000    	  991.00000    	-0.36282430    	 0.36373940E-01
  991.00000    	  992.00000    	-0.29191906    	 0.32745140E-01
  992.00000    	  993.00000    	-0.32713006    	 0.33436676E-01
  993.00000    	  994.00000    	-0.25734438    	 0.30320578E-01
  994.00000    	  995.00000    	-0.19414664    	 0.31168313E-01
  995.00000    	  996.00000    	-0.22493188    	 0.28638324E-01
  996.00000    	  997.00000    	-0.21612132    	 0.28810488E-01
  997.00000    	  998.00000    	-0.20163769    	 0.26595786E-01
  998.00000    	  999.00000    	-0.16820258    	 0.25036417E-01
  999.00000    	  1000.0000    	-0.11968875    	 0.20815086E-01
  1000.0000    	  1001.0000    	-0.10098921    	 0.16218246E-01
  1001.0000    	  1002.0000    	-0.26665310    	 0.35366505E-01
  1002.0000    	  1003.0000    	-0.24241162    	 0.32177982E-01
  1003.0000    	  1004.0000    	-0.27081700    	 0.31905820E-01
  1004.0000    	  1005.0000    	-0.30969172    	 0.31867690E-01
  1005.0000    	  1006.0000    	-0.30704078    	 0.32161480E-01
  1006.0000    	  1007.0000    	-0.27040949    	 0.30269152E-01
  1007.0000    	  1008.0000    	-0.21948853    	 0.31304488E-01
  1008.0000    	  1009.0000    	-0.18063717    	 0.27106098E-01
  1009.0000    	  1010.0000    	-0.21260065    	 0.23982312E-01
  1010.0000    	  1011.0000    	-0.15376962    	 0.18864663E-01
  1011.0000    	  1012.0000    	-0.11912150    	 0.15955520E-01
  1012.0000    	  1013.0000    	-0.31514710    	 0.32750489E-01
  1013.0000    	  1014.0000    	-0.29634587    	 0.31856460E-01
  1014.0000    	  1015.0000    	-0.32136456    	 0.31504706E-01
  1015.0000    	  1016.0000    	-0.30334445    	 0.31451676E-01
  1016.0000    	  1017.0000    	-0.20860233    	 0.31622634E-01
  1017.0000    	  1018.0000    	-0.25461701    	 0.30370402E-01
  1018.0000    	  1019.0000    	-0.20480981    	 0.27868956E-01
  1019.0000    	  1020.0000    	-0.18817036    	 0.25732873E-01
  1020.0000    	  1021.0000    	-0.11383423    	 0.23247595E-01
  1021.0000    	  1022.0000    	-0.16669753    	 0.19183290E-01
  1022.0000    	  1023.0000    	-0.11745699    	 0.15078970E-01
  1023.0000    	  1024.0000    	-0.24340031    	 0.33296634E-01
  1024.0000    	  1025.0000    	-0.26865144    	 0.31444920E-01
  1025.0000    	  1026.0000    	-0.24415933    	 0.31877991E-01
  1026.0000    	  1027.0000    	-0.28458199    	 0.31769863E-01
  1027.0000    	  1028.0000    	-0.29089429    	 0.31280485E-01
  1028.0000    	  1029.0000    	-0.22205215    	 0.31044204E-01
  1029.0000    	  1030.0000    	-0.23113686    	 0.26882192E-01
  1030.0000    	  1031.0000    	-0.19130040    	 0.25525602E-01
  1031.0000    	  1032.0000    	-0.18969037    	 0.21651182E-01
  1032.0000    	  1033.0000    	-0.12700557    	 0.19426953E-01
  1033.0000    	  1034.0000    	-0.95838237E-01	 0.16835910E-01
