# xi2
# underflow	 -16.486067    	 0.15739204E-02
# overflow	-0.67852730E-01	 0.50274222E-04
# sum	 -22.514154    	 0.16763891E-02
# xmin	xmax	cross	numerror
  2024.0000    	  2025.0000    	 0.20410488E-02	 0.11396684E-04
  2025.0000    	  2026.0000    	 0.99254357E-03	 0.12159432E-04
  2026.0000    	  2027.0000    	-0.96384399E-03	 0.14050127E-04
  2027.0000    	  2028.0000    	-0.36686874E-02	 0.17528026E-04
  2028.0000    	  2029.0000    	-0.67685683E-02	 0.24346366E-04
  2029.0000    	  2030.0000    	-0.99604500E-02	 0.31190605E-04
  2030.0000    	  2031.0000    	-0.12853905E-01	 0.39236643E-04
  2031.0000    	  2032.0000    	-0.15213676E-01	 0.48074040E-04
  2032.0000    	  2033.0000    	-0.16310414E-01	 0.44336627E-04
  2033.0000    	  2034.0000    	-0.16960535E-01	 0.44553392E-04
  2034.0000    	  2035.0000    	-0.16196592E-01	 0.43397979E-04
  2035.0000    	  2036.0000    	 0.19877535E-02	 0.11267494E-04
  2036.0000    	  2037.0000    	 0.95610457E-03	 0.11954329E-04
  2037.0000    	  2038.0000    	-0.99211653E-03	 0.13907824E-04
  2038.0000    	  2039.0000    	-0.36525988E-02	 0.17501125E-04
  2039.0000    	  2040.0000    	-0.67652470E-02	 0.23742193E-04
  2040.0000    	  2041.0000    	-0.98969680E-02	 0.29354793E-04
  2041.0000    	  2042.0000    	-0.12578584E-01	 0.34504753E-04
  2042.0000    	  2043.0000    	-0.14933360E-01	 0.40799595E-04
  2043.0000    	  2044.0000    	-0.16452846E-01	 0.43895161E-04
  2044.0000    	  2045.0000    	-0.16770191E-01	 0.42825701E-04
  2045.0000    	  2046.0000    	-0.15943296E-01	 0.41585454E-04
  2046.0000    	  2047.0000    	 0.19246033E-02	 0.10998288E-04
  2047.0000    	  2048.0000    	 0.91085562E-03	 0.11821074E-04
  2048.0000    	  2049.0000    	-0.98112496E-03	 0.13666485E-04
  2049.0000    	  2050.0000    	-0.36173524E-02	 0.16968534E-04
  2050.0000    	  2051.0000    	-0.66927909E-02	 0.22128748E-04
  2051.0000    	  2052.0000    	-0.98499399E-02	 0.29505687E-04
  2052.0000    	  2053.0000    	-0.12645265E-01	 0.34582793E-04
  2053.0000    	  2054.0000    	-0.14935527E-01	 0.37772223E-04
  2054.0000    	  2055.0000    	-0.16220398E-01	 0.43427007E-04
  2055.0000    	  2056.0000    	-0.16545659E-01	 0.42440289E-04
  2056.0000    	  2057.0000    	-0.15718249E-01	 0.39777443E-04
  2057.0000    	  2058.0000    	 0.18719616E-02	 0.10869319E-04
  2058.0000    	  2059.0000    	 0.87223464E-03	 0.11708211E-04
  2059.0000    	  2060.0000    	-0.10257069E-02	 0.13513941E-04
  2060.0000    	  2061.0000    	-0.35867683E-02	 0.16580661E-04
  2061.0000    	  2062.0000    	-0.66404760E-02	 0.20777033E-04
  2062.0000    	  2063.0000    	-0.97191425E-02	 0.27472152E-04
  2063.0000    	  2064.0000    	-0.12545583E-01	 0.32859616E-04
  2064.0000    	  2065.0000    	-0.14748043E-01	 0.36210762E-04
  2065.0000    	  2066.0000    	-0.16079837E-01	 0.39578057E-04
  2066.0000    	  2067.0000    	-0.16303445E-01	 0.38563777E-04
  2067.0000    	  2068.0000    	-0.15477123E-01	 0.40940851E-04
  2068.0000    	  2069.0000    	 0.18078468E-02	 0.10809704E-04
  2069.0000    	  2070.0000    	 0.82896234E-03	 0.11552818E-04
  2070.0000    	  2071.0000    	-0.10356322E-02	 0.13337802E-04
  2071.0000    	  2072.0000    	-0.36251346E-02	 0.16633420E-04
  2072.0000    	  2073.0000    	-0.65651065E-02	 0.20063444E-04
  2073.0000    	  2074.0000    	-0.94618325E-02	 0.25136913E-04
  2074.0000    	  2075.0000    	-0.12430989E-01	 0.29862541E-04
  2075.0000    	  2076.0000    	-0.14569561E-01	 0.34877471E-04
  2076.0000    	  2077.0000    	-0.15893094E-01	 0.39411779E-04
  2077.0000    	  2078.0000    	-0.16055279E-01	 0.39554577E-04
  2078.0000    	  2079.0000    	-0.15226331E-01	 0.38168945E-04
  2079.0000    	  2080.0000    	 0.17472764E-02	 0.10648951E-04
  2080.0000    	  2081.0000    	 0.77095185E-03	 0.11366635E-04
  2081.0000    	  2082.0000    	-0.10590120E-02	 0.13251059E-04
  2082.0000    	  2083.0000    	-0.35867524E-02	 0.16105734E-04
  2083.0000    	  2084.0000    	-0.65268906E-02	 0.19815128E-04
  2084.0000    	  2085.0000    	-0.95322275E-02	 0.24372783E-04
  2085.0000    	  2086.0000    	-0.12277762E-01	 0.28403352E-04
  2086.0000    	  2087.0000    	-0.14421026E-01	 0.33550352E-04
  2087.0000    	  2088.0000    	-0.15625798E-01	 0.34415244E-04
  2088.0000    	  2089.0000    	-0.15849605E-01	 0.36584756E-04
  2089.0000    	  2090.0000    	-0.15041337E-01	 0.37447710E-04
  2090.0000    	  2091.0000    	 0.16850985E-02	 0.10506802E-04
  2091.0000    	  2092.0000    	 0.75100558E-03	 0.11218981E-04
  2092.0000    	  2093.0000    	-0.10777854E-02	 0.13146466E-04
  2093.0000    	  2094.0000    	-0.35758959E-02	 0.15836218E-04
  2094.0000    	  2095.0000    	-0.64729917E-02	 0.19859210E-04
  2095.0000    	  2096.0000    	-0.94513621E-02	 0.23978719E-04
  2096.0000    	  2097.0000    	-0.12153484E-01	 0.28890536E-04
  2097.0000    	  2098.0000    	-0.14237575E-01	 0.31240286E-04
  2098.0000    	  2099.0000    	-0.15444956E-01	 0.35407025E-04
  2099.0000    	  2100.0000    	-0.15558623E-01	 0.35450049E-04
  2100.0000    	  2101.0000    	-0.14811600E-01	 0.37504029E-04
  2101.0000    	  2102.0000    	 0.16455127E-02	 0.10390042E-04
  2102.0000    	  2103.0000    	 0.70163806E-03	 0.11072248E-04
  2103.0000    	  2104.0000    	-0.10991663E-02	 0.12911431E-04
  2104.0000    	  2105.0000    	-0.35589528E-02	 0.15656467E-04
  2105.0000    	  2106.0000    	-0.64077991E-02	 0.19030754E-04
  2106.0000    	  2107.0000    	-0.93765677E-02	 0.24088176E-04
  2107.0000    	  2108.0000    	-0.12021469E-01	 0.27511896E-04
  2108.0000    	  2109.0000    	-0.14037930E-01	 0.29728460E-04
  2109.0000    	  2110.0000    	-0.15227079E-01	 0.32946606E-04
  2110.0000    	  2111.0000    	-0.15422791E-01	 0.35214812E-04
  2111.0000    	  2112.0000    	-0.14566725E-01	 0.36230900E-04
  2112.0000    	  2113.0000    	 0.16013235E-02	 0.10617783E-04
  2113.0000    	  2114.0000    	 0.66209309E-03	 0.10956421E-04
  2114.0000    	  2115.0000    	-0.11227819E-02	 0.12765657E-04
  2115.0000    	  2116.0000    	-0.35573794E-02	 0.15749572E-04
  2116.0000    	  2117.0000    	-0.63701866E-02	 0.19716165E-04
  2117.0000    	  2118.0000    	-0.92757689E-02	 0.22276647E-04
  2118.0000    	  2119.0000    	-0.11877693E-01	 0.27138931E-04
  2119.0000    	  2120.0000    	-0.13879530E-01	 0.28958135E-04
  2120.0000    	  2121.0000    	-0.15053488E-01	 0.32082213E-04
  2121.0000    	  2122.0000    	-0.15127558E-01	 0.34107924E-04
  2122.0000    	  2123.0000    	-0.14362725E-01	 0.35583826E-04
  2123.0000    	  2124.0000    	 0.15486013E-02	 0.10111695E-04
  2124.0000    	  2125.0000    	 0.62434966E-03	 0.10868101E-04
  2125.0000    	  2126.0000    	-0.11377083E-02	 0.12742283E-04
  2126.0000    	  2127.0000    	-0.35613335E-02	 0.15300000E-04
  2127.0000    	  2128.0000    	-0.63454440E-02	 0.18506002E-04
  2128.0000    	  2129.0000    	-0.91898331E-02	 0.22164517E-04
  2129.0000    	  2130.0000    	-0.11784649E-01	 0.25178280E-04
  2130.0000    	  2131.0000    	-0.13755162E-01	 0.28918473E-04
  2131.0000    	  2132.0000    	-0.14823956E-01	 0.32539721E-04
  2132.0000    	  2133.0000    	-0.14959177E-01	 0.33625694E-04
  2133.0000    	  2134.0000    	-0.14131730E-01	 0.35032526E-04
  2134.0000    	  2135.0000    	 0.14880221E-02	 0.99904135E-05
  2135.0000    	  2136.0000    	 0.57511826E-03	 0.10800609E-04
  2136.0000    	  2137.0000    	-0.11619994E-02	 0.12535065E-04
  2137.0000    	  2138.0000    	-0.35142077E-02	 0.15162474E-04
  2138.0000    	  2139.0000    	-0.62565906E-02	 0.18256926E-04
  2139.0000    	  2140.0000    	-0.90952079E-02	 0.22027107E-04
  2140.0000    	  2141.0000    	-0.11628971E-01	 0.25101898E-04
  2141.0000    	  2142.0000    	-0.13520162E-01	 0.27798677E-04
  2142.0000    	  2143.0000    	-0.14657410E-01	 0.31205524E-04
  2143.0000    	  2144.0000    	-0.14746356E-01	 0.33247897E-04
  2144.0000    	  2145.0000    	-0.13876069E-01	 0.34557043E-04
  2145.0000    	  2146.0000    	 0.14347826E-02	 0.99306943E-05
  2146.0000    	  2147.0000    	 0.52784373E-03	 0.10690290E-04
  2147.0000    	  2148.0000    	-0.11580729E-02	 0.12385543E-04
  2148.0000    	  2149.0000    	-0.35186862E-02	 0.15003175E-04
  2149.0000    	  2150.0000    	-0.62183313E-02	 0.18048948E-04
  2150.0000    	  2151.0000    	-0.89968425E-02	 0.21274596E-04
  2151.0000    	  2152.0000    	-0.11479741E-01	 0.24141488E-04
  2152.0000    	  2153.0000    	-0.13416508E-01	 0.27572054E-04
  2153.0000    	  2154.0000    	-0.14500209E-01	 0.30453327E-04
  2154.0000    	  2155.0000    	-0.14599524E-01	 0.32664837E-04
  2155.0000    	  2156.0000    	-0.13705436E-01	 0.34046161E-04
  2156.0000    	  2157.0000    	 0.13842112E-02	 0.98411318E-05
  2157.0000    	  2158.0000    	 0.49266692E-03	 0.10559556E-04
  2158.0000    	  2159.0000    	-0.11917859E-02	 0.12276912E-04
  2159.0000    	  2160.0000    	-0.35206467E-02	 0.14860644E-04
  2160.0000    	  2161.0000    	-0.61818041E-02	 0.17773047E-04
  2161.0000    	  2162.0000    	-0.89190361E-02	 0.20851717E-04
  2162.0000    	  2163.0000    	-0.11371137E-01	 0.23822065E-04
  2163.0000    	  2164.0000    	-0.13223282E-01	 0.26993749E-04
  2164.0000    	  2165.0000    	-0.14285295E-01	 0.30444754E-04
  2165.0000    	  2166.0000    	-0.14331062E-01	 0.32131728E-04
  2166.0000    	  2167.0000    	-0.13433648E-01	 0.35233895E-04
  2167.0000    	  2168.0000    	 0.13473258E-02	 0.96922623E-05
  2168.0000    	  2169.0000    	 0.46002878E-03	 0.10472736E-04
  2169.0000    	  2170.0000    	-0.12197162E-02	 0.12189573E-04
  2170.0000    	  2171.0000    	-0.34879365E-02	 0.14715561E-04
  2171.0000    	  2172.0000    	-0.61407404E-02	 0.17567185E-04
  2172.0000    	  2173.0000    	-0.88107304E-02	 0.20414019E-04
  2173.0000    	  2174.0000    	-0.11233437E-01	 0.23377341E-04
  2174.0000    	  2175.0000    	-0.13064123E-01	 0.26504151E-04
  2175.0000    	  2176.0000    	-0.14100290E-01	 0.29645039E-04
  2176.0000    	  2177.0000    	-0.14147362E-01	 0.31670557E-04
  2177.0000    	  2178.0000    	-0.13263644E-01	 0.33073624E-04
  2178.0000    	  2179.0000    	 0.12846871E-02	 0.96316450E-05
  2179.0000    	  2180.0000    	 0.41337482E-03	 0.10370173E-04
  2180.0000    	  2181.0000    	-0.12151949E-02	 0.12071774E-04
  2181.0000    	  2182.0000    	-0.34778765E-02	 0.14583125E-04
  2182.0000    	  2183.0000    	-0.60602969E-02	 0.17324028E-04
  2183.0000    	  2184.0000    	-0.87424531E-02	 0.20233662E-04
  2184.0000    	  2185.0000    	-0.11116871E-01	 0.23115913E-04
  2185.0000    	  2186.0000    	-0.12933285E-01	 0.26479756E-04
  2186.0000    	  2187.0000    	-0.13865252E-01	 0.29134169E-04
  2187.0000    	  2188.0000    	-0.13982279E-01	 0.31260285E-04
  2188.0000    	  2189.0000    	-0.13033485E-01	 0.34200911E-04
  2189.0000    	  2190.0000    	 0.12405295E-02	 0.96079463E-05
  2190.0000    	  2191.0000    	 0.37921987E-03	 0.10228434E-04
  2191.0000    	  2192.0000    	-0.12467909E-02	 0.11970431E-04
  2192.0000    	  2193.0000    	-0.34632346E-02	 0.14393264E-04
  2193.0000    	  2194.0000    	-0.60485556E-02	 0.17169079E-04
  2194.0000    	  2195.0000    	-0.86492792E-02	 0.19901573E-04
  2195.0000    	  2196.0000    	-0.11001277E-01	 0.22691622E-04
  2196.0000    	  2197.0000    	-0.12749468E-01	 0.25617483E-04
  2197.0000    	  2198.0000    	-0.13727972E-01	 0.28587428E-04
  2198.0000    	  2199.0000    	-0.13736061E-01	 0.30812607E-04
  2199.0000    	  2200.0000    	-0.12852519E-01	 0.32206041E-04
  2200.0000    	  2201.0000    	 0.12032537E-02	 0.94106241E-05
  2201.0000    	  2202.0000    	 0.34296481E-03	 0.10123284E-04
  2202.0000    	  2203.0000    	-0.12502815E-02	 0.11841955E-04
  2203.0000    	  2204.0000    	-0.34401015E-02	 0.14214253E-04
  2204.0000    	  2205.0000    	-0.59841231E-02	 0.17421022E-04
  2205.0000    	  2206.0000    	-0.85708175E-02	 0.19624734E-04
  2206.0000    	  2207.0000    	-0.10854593E-01	 0.22323711E-04
  2207.0000    	  2208.0000    	-0.12605415E-01	 0.25253965E-04
  2208.0000    	  2209.0000    	-0.13525297E-01	 0.28079344E-04
  2209.0000    	  2210.0000    	-0.13561060E-01	 0.30381827E-04
  2210.0000    	  2211.0000    	-0.12615404E-01	 0.31729512E-04
  2211.0000    	  2212.0000    	 0.11409876E-02	 0.94458434E-05
  2212.0000    	  2213.0000    	 0.30631516E-03	 0.10016639E-04
  2213.0000    	  2214.0000    	-0.12697332E-02	 0.11700792E-04
  2214.0000    	  2215.0000    	-0.34398337E-02	 0.14156475E-04
  2215.0000    	  2216.0000    	-0.59240841E-02	 0.16752262E-04
  2216.0000    	  2217.0000    	-0.84703427E-02	 0.19422676E-04
  2217.0000    	  2218.0000    	-0.10740689E-01	 0.22031030E-04
  2218.0000    	  2219.0000    	-0.12475656E-01	 0.25038914E-04
  2219.0000    	  2220.0000    	-0.13334740E-01	 0.27683862E-04
  2220.0000    	  2221.0000    	-0.13363578E-01	 0.29977019E-04
  2221.0000    	  2222.0000    	-0.12454484E-01	 0.31393128E-04
  2222.0000    	  2223.0000    	 0.10927585E-02	 0.92902343E-05
  2223.0000    	  2224.0000    	 0.28326610E-03	 0.99301481E-05
  2224.0000    	  2225.0000    	-0.12792476E-02	 0.11595758E-04
  2225.0000    	  2226.0000    	-0.34130464E-02	 0.13941735E-04
  2226.0000    	  2227.0000    	-0.58843959E-02	 0.16648374E-04
  2227.0000    	  2228.0000    	-0.83783055E-02	 0.19218052E-04
  2228.0000    	  2229.0000    	-0.10623920E-01	 0.21725686E-04
  2229.0000    	  2230.0000    	-0.12326471E-01	 0.24616337E-04
  2230.0000    	  2231.0000    	-0.13159938E-01	 0.27308500E-04
  2231.0000    	  2232.0000    	-0.13144196E-01	 0.29556465E-04
  2232.0000    	  2233.0000    	-0.12291128E-01	 0.31061505E-04
  2233.0000    	  2234.0000    	 0.10425133E-02	 0.92185557E-05
  2234.0000    	  2235.0000    	 0.22961436E-03	 0.98386946E-05
  2235.0000    	  2236.0000    	-0.13001504E-02	 0.11521505E-04
  2236.0000    	  2237.0000    	-0.33942324E-02	 0.13810105E-04
  2237.0000    	  2238.0000    	-0.58370299E-02	 0.16391459E-04
  2238.0000    	  2239.0000    	-0.83115140E-02	 0.18923589E-04
  2239.0000    	  2240.0000    	-0.10514062E-01	 0.21447035E-04
  2240.0000    	  2241.0000    	-0.12141604E-01	 0.24234395E-04
  2241.0000    	  2242.0000    	-0.12998656E-01	 0.26968086E-04
  2242.0000    	  2243.0000    	-0.12999154E-01	 0.29251758E-04
  2243.0000    	  2244.0000    	-0.12087467E-01	 0.30648760E-04
  2244.0000    	  2245.0000    	 0.10014253E-02	 0.91513386E-05
  2245.0000    	  2246.0000    	 0.20955257E-03	 0.97895870E-05
  2246.0000    	  2247.0000    	-0.13338912E-02	 0.11433660E-04
  2247.0000    	  2248.0000    	-0.33881656E-02	 0.13672332E-04
  2248.0000    	  2249.0000    	-0.58038976E-02	 0.16248369E-04
  2249.0000    	  2250.0000    	-0.82240851E-02	 0.18730746E-04
  2250.0000    	  2251.0000    	-0.10396871E-01	 0.21495593E-04
  2251.0000    	  2252.0000    	-0.12012887E-01	 0.23984799E-04
  2252.0000    	  2253.0000    	-0.12820645E-01	 0.26649293E-04
  2253.0000    	  2254.0000    	-0.12778693E-01	 0.28817059E-04
  2254.0000    	  2255.0000    	-0.11852580E-01	 0.30203550E-04
  2255.0000    	  2256.0000    	 0.95046617E-03	 0.90206126E-05
  2256.0000    	  2257.0000    	 0.16091226E-03	 0.96992730E-05
  2257.0000    	  2258.0000    	-0.13260877E-02	 0.11268828E-04
  2258.0000    	  2259.0000    	-0.33961114E-02	 0.13676793E-04
  2259.0000    	  2260.0000    	-0.57462310E-02	 0.16117621E-04
  2260.0000    	  2261.0000    	-0.81474150E-02	 0.18470801E-04
  2261.0000    	  2262.0000    	-0.10256600E-01	 0.20958036E-04
  2262.0000    	  2263.0000    	-0.11858671E-01	 0.23624269E-04
  2263.0000    	  2264.0000    	-0.12658653E-01	 0.26337940E-04
  2264.0000    	  2265.0000    	-0.12623550E-01	 0.28527418E-04
  2265.0000    	  2266.0000    	-0.11726163E-01	 0.29882858E-04
  2266.0000    	  2267.0000    	 0.91354283E-03	 0.89602610E-05
  2267.0000    	  2268.0000    	 0.14426934E-03	 0.95358967E-05
  2268.0000    	  2269.0000    	-0.13398744E-02	 0.11216299E-04
  2269.0000    	  2270.0000    	-0.33706921E-02	 0.13425026E-04
  2270.0000    	  2271.0000    	-0.57037515E-02	 0.15926239E-04
  2271.0000    	  2272.0000    	-0.80895142E-02	 0.18294584E-04
  2272.0000    	  2273.0000    	-0.10171048E-01	 0.20679414E-04
  2273.0000    	  2274.0000    	-0.11705876E-01	 0.23319303E-04
  2274.0000    	  2275.0000    	-0.12508409E-01	 0.25999062E-04
  2275.0000    	  2276.0000    	-0.12458088E-01	 0.28238646E-04
  2276.0000    	  2277.0000    	-0.11559962E-01	 0.29592123E-04
  2277.0000    	  2278.0000    	 0.87858123E-03	 0.88367060E-05
  2278.0000    	  2279.0000    	 0.10600447E-03	 0.94592209E-05
  2279.0000    	  2280.0000    	-0.13669952E-02	 0.11130029E-04
  2280.0000    	  2281.0000    	-0.33433823E-02	 0.13336351E-04
  2281.0000    	  2282.0000    	-0.56620617E-02	 0.15709616E-04
  2282.0000    	  2283.0000    	-0.79919390E-02	 0.18051946E-04
  2283.0000    	  2284.0000    	-0.10037064E-01	 0.20428141E-04
  2284.0000    	  2285.0000    	-0.11597957E-01	 0.23077233E-04
  2285.0000    	  2286.0000    	-0.12344458E-01	 0.25762813E-04
  2286.0000    	  2287.0000    	-0.12225672E-01	 0.27795847E-04
  2287.0000    	  2288.0000    	-0.11338929E-01	 0.29159679E-04
  2288.0000    	  2289.0000    	 0.82954553E-03	 0.88339769E-05
  2289.0000    	  2290.0000    	 0.55983590E-04	 0.94894323E-05
  2290.0000    	  2291.0000    	-0.13787304E-02	 0.11015809E-04
  2291.0000    	  2292.0000    	-0.33633624E-02	 0.13195518E-04
  2292.0000    	  2293.0000    	-0.56160228E-02	 0.15590985E-04
  2293.0000    	  2294.0000    	-0.79181602E-02	 0.17885524E-04
  2294.0000    	  2295.0000    	-0.99547483E-02	 0.20231622E-04
  2295.0000    	  2296.0000    	-0.11421375E-01	 0.22774974E-04
  2296.0000    	  2297.0000    	-0.12178727E-01	 0.25439988E-04
  2297.0000    	  2298.0000    	-0.12118229E-01	 0.27573609E-04
  2298.0000    	  2299.0000    	-0.11187584E-01	 0.28873487E-04
  2299.0000    	  2300.0000    	 0.78524084E-03	 0.87877172E-05
  2300.0000    	  2301.0000    	 0.32442593E-04	 0.93609005E-05
  2301.0000    	  2302.0000    	-0.13931324E-02	 0.10981743E-04
  2302.0000    	  2303.0000    	-0.33295493E-02	 0.13059990E-04
  2303.0000    	  2304.0000    	-0.55646437E-02	 0.15421357E-04
  2304.0000    	  2305.0000    	-0.78240036E-02	 0.17682239E-04
  2305.0000    	  2306.0000    	-0.98223024E-02	 0.19943774E-04
  2306.0000    	  2307.0000    	-0.11285583E-01	 0.22511495E-04
  2307.0000    	  2308.0000    	-0.12019073E-01	 0.25109188E-04
  2308.0000    	  2309.0000    	-0.11940509E-01	 0.27212097E-04
  2309.0000    	  2310.0000    	-0.11045491E-01	 0.28637158E-04
  2310.0000    	  2311.0000    	 0.74381989E-03	 0.87074950E-05
  2311.0000    	  2312.0000    	 0.81722491E-05	 0.92447183E-05
  2312.0000    	  2313.0000    	-0.13994624E-02	 0.10842599E-04
  2313.0000    	  2314.0000    	-0.33021460E-02	 0.12980735E-04
  2314.0000    	  2315.0000    	-0.55426321E-02	 0.15311740E-04
  2315.0000    	  2316.0000    	-0.77689334E-02	 0.17495806E-04
  2316.0000    	  2317.0000    	-0.97279296E-02	 0.19748071E-04
  2317.0000    	  2318.0000    	-0.11146522E-01	 0.22242338E-04
  2318.0000    	  2319.0000    	-0.11882199E-01	 0.24841928E-04
  2319.0000    	  2320.0000    	-0.11725293E-01	 0.26863111E-04
  2320.0000    	  2321.0000    	-0.10860752E-01	 0.28225284E-04
  2321.0000    	  2322.0000    	 0.71153018E-03	 0.86006412E-05
  2322.0000    	  2323.0000    	-0.25411972E-04	 0.91635964E-05
  2323.0000    	  2324.0000    	-0.14169803E-02	 0.10715648E-04
  2324.0000    	  2325.0000    	-0.33173208E-02	 0.12860440E-04
  2325.0000    	  2326.0000    	-0.54972679E-02	 0.15149107E-04
  2326.0000    	  2327.0000    	-0.76908564E-02	 0.17337432E-04
  2327.0000    	  2328.0000    	-0.95908539E-02	 0.19491080E-04
  2328.0000    	  2329.0000    	-0.11015351E-01	 0.22007477E-04
  2329.0000    	  2330.0000    	-0.11699296E-01	 0.24527804E-04
  2330.0000    	  2331.0000    	-0.11573763E-01	 0.26626350E-04
  2331.0000    	  2332.0000    	-0.10664187E-01	 0.27865003E-04
  2332.0000    	  2333.0000    	 0.67880732E-03	 0.84757190E-05
  2333.0000    	  2334.0000    	-0.58185516E-04	 0.90991104E-05
  2334.0000    	  2335.0000    	-0.14171302E-02	 0.10653891E-04
  2335.0000    	  2336.0000    	-0.33017880E-02	 0.12791201E-04
  2336.0000    	  2337.0000    	-0.54305030E-02	 0.14985753E-04
  2337.0000    	  2338.0000    	-0.76015291E-02	 0.17122448E-04
  2338.0000    	  2339.0000    	-0.95246745E-02	 0.19321195E-04
  2339.0000    	  2340.0000    	-0.10893290E-01	 0.21787739E-04
  2340.0000    	  2341.0000    	-0.11557322E-01	 0.24269684E-04
  2341.0000    	  2342.0000    	-0.11411505E-01	 0.26283471E-04
  2342.0000    	  2343.0000    	-0.10486363E-01	 0.27569508E-04
  2343.0000    	  2344.0000    	 0.62783141E-03	 0.85514778E-05
  2344.0000    	  2345.0000    	-0.80836872E-04	 0.90419715E-05
  2345.0000    	  2346.0000    	-0.14257140E-02	 0.10541571E-04
  2346.0000    	  2347.0000    	-0.32791853E-02	 0.12640365E-04
  2347.0000    	  2348.0000    	-0.54028016E-02	 0.15032318E-04
  2348.0000    	  2349.0000    	-0.75182535E-02	 0.16945348E-04
  2349.0000    	  2350.0000    	-0.93997991E-02	 0.19113624E-04
  2350.0000    	  2351.0000    	-0.10767776E-01	 0.21566445E-04
  2351.0000    	  2352.0000    	-0.11429766E-01	 0.24089209E-04
  2352.0000    	  2353.0000    	-0.11252367E-01	 0.26033753E-04
  2353.0000    	  2354.0000    	-0.10369033E-01	 0.27350176E-04
  2354.0000    	  2355.0000    	 0.59858749E-03	 0.83498203E-05
  2355.0000    	  2356.0000    	-0.10833733E-03	 0.89559519E-05
  2356.0000    	  2357.0000    	-0.14576242E-02	 0.10530689E-04
  2357.0000    	  2358.0000    	-0.32612989E-02	 0.12530979E-04
  2358.0000    	  2359.0000    	-0.53697778E-02	 0.14743115E-04
  2359.0000    	  2360.0000    	-0.74606316E-02	 0.16829977E-04
  2360.0000    	  2361.0000    	-0.93178626E-02	 0.18933447E-04
  2361.0000    	  2362.0000    	-0.10617900E-01	 0.21325822E-04
  2362.0000    	  2363.0000    	-0.11278097E-01	 0.23751802E-04
  2363.0000    	  2364.0000    	-0.11104796E-01	 0.25731764E-04
  2364.0000    	  2365.0000    	-0.10207716E-01	 0.26991383E-04
  2365.0000    	  2366.0000    	 0.55095393E-03	 0.83767419E-05
  2366.0000    	  2367.0000    	-0.13479590E-03	 0.88945037E-05
  2367.0000    	  2368.0000    	-0.14581765E-02	 0.10460291E-04
  2368.0000    	  2369.0000    	-0.32505567E-02	 0.12468788E-04
  2369.0000    	  2370.0000    	-0.53317383E-02	 0.14604815E-04
  2370.0000    	  2371.0000    	-0.73947918E-02	 0.16648540E-04
  2371.0000    	  2372.0000    	-0.92193634E-02	 0.18758159E-04
  2372.0000    	  2373.0000    	-0.10505529E-01	 0.21078789E-04
  2373.0000    	  2374.0000    	-0.11114244E-01	 0.23489094E-04
  2374.0000    	  2375.0000    	-0.10932358E-01	 0.25418413E-04
  2375.0000    	  2376.0000    	-0.10035476E-01	 0.26694450E-04
  2376.0000    	  2377.0000    	 0.51547853E-03	 0.82322721E-05
  2377.0000    	  2378.0000    	-0.16921218E-03	 0.88108081E-05
  2378.0000    	  2379.0000    	-0.14709697E-02	 0.10308918E-04
  2379.0000    	  2380.0000    	-0.32480839E-02	 0.12326520E-04
  2380.0000    	  2381.0000    	-0.52747303E-02	 0.14457230E-04
  2381.0000    	  2382.0000    	-0.73152830E-02	 0.16481093E-04
  2382.0000    	  2383.0000    	-0.90840462E-02	 0.18499213E-04
  2383.0000    	  2384.0000    	-0.10398149E-01	 0.20899174E-04
  2384.0000    	  2385.0000    	-0.10973224E-01	 0.23263755E-04
  2385.0000    	  2386.0000    	-0.10743874E-01	 0.25127742E-04
  2386.0000    	  2387.0000    	-0.99040655E-02	 0.26418855E-04
  2387.0000    	  2388.0000    	 0.49523081E-03	 0.81603491E-05
  2388.0000    	  2389.0000    	-0.19831198E-03	 0.87615719E-05
  2389.0000    	  2390.0000    	-0.14606973E-02	 0.10213998E-04
  2390.0000    	  2391.0000    	-0.32285433E-02	 0.12232987E-04
  2391.0000    	  2392.0000    	-0.52333980E-02	 0.14313347E-04
  2392.0000    	  2393.0000    	-0.72566915E-02	 0.16319396E-04
  2393.0000    	  2394.0000    	-0.89809844E-02	 0.18322843E-04
  2394.0000    	  2395.0000    	-0.10247979E-01	 0.20640578E-04
  2395.0000    	  2396.0000    	-0.10820175E-01	 0.23006100E-04
  2396.0000    	  2397.0000    	-0.10624248E-01	 0.24902359E-04
  2397.0000    	  2398.0000    	-0.97315618E-02	 0.26116177E-04
  2398.0000    	  2399.0000    	 0.44757657E-03	 0.81131866E-05
  2399.0000    	  2400.0000    	-0.22935745E-03	 0.87432771E-05
  2400.0000    	  2401.0000    	-0.14864990E-02	 0.10139800E-04
  2401.0000    	  2402.0000    	-0.32236297E-02	 0.12139176E-04
  2402.0000    	  2403.0000    	-0.51919437E-02	 0.14296864E-04
  2403.0000    	  2404.0000    	-0.71633983E-02	 0.16158749E-04
  2404.0000    	  2405.0000    	-0.89311309E-02	 0.18186724E-04
  2405.0000    	  2406.0000    	-0.10121323E-01	 0.20455898E-04
  2406.0000    	  2407.0000    	-0.10701434E-01	 0.22890969E-04
  2407.0000    	  2408.0000    	-0.10464743E-01	 0.24681448E-04
  2408.0000    	  2409.0000    	-0.95872597E-02	 0.25817632E-04
  2409.0000    	  2410.0000    	 0.42309935E-03	 0.80312617E-05
  2410.0000    	  2411.0000    	-0.25157999E-03	 0.86195163E-05
  2411.0000    	  2412.0000    	-0.15066323E-02	 0.10134559E-04
  2412.0000    	  2413.0000    	-0.31939499E-02	 0.12037347E-04
  2413.0000    	  2414.0000    	-0.51564228E-02	 0.14057670E-04
  2414.0000    	  2415.0000    	-0.71146884E-02	 0.16009574E-04
  2415.0000    	  2416.0000    	-0.88025576E-02	 0.18017733E-04
  2416.0000    	  2417.0000    	-0.10021470E-01	 0.20251550E-04
  2417.0000    	  2418.0000    	-0.10550843E-01	 0.22556525E-04
  2418.0000    	  2419.0000    	-0.10350547E-01	 0.24416978E-04
  2419.0000    	  2420.0000    	-0.94172512E-02	 0.25534865E-04
  2420.0000    	  2421.0000    	 0.38627605E-03	 0.80523779E-05
  2421.0000    	  2422.0000    	-0.27534386E-03	 0.86312743E-05
  2422.0000    	  2423.0000    	-0.15118068E-02	 0.99942966E-05
  2423.0000    	  2424.0000    	-0.31839888E-02	 0.11948155E-04
  2424.0000    	  2425.0000    	-0.51217486E-02	 0.13984926E-04
  2425.0000    	  2426.0000    	-0.70256063E-02	 0.15829980E-04
  2426.0000    	  2427.0000    	-0.87193293E-02	 0.17815576E-04
  2427.0000    	  2428.0000    	-0.98855754E-02	 0.20022462E-04
  2428.0000    	  2429.0000    	-0.10422882E-01	 0.22326150E-04
  2429.0000    	  2430.0000    	-0.10201954E-01	 0.24209652E-04
  2430.0000    	  2431.0000    	-0.92859569E-02	 0.25275699E-04
  2431.0000    	  2432.0000    	 0.35131141E-03	 0.80891874E-05
  2432.0000    	  2433.0000    	-0.30240573E-03	 0.85200238E-05
  2433.0000    	  2434.0000    	-0.15187185E-02	 0.10006763E-04
  2434.0000    	  2435.0000    	-0.31906059E-02	 0.11827984E-04
  2435.0000    	  2436.0000    	-0.50633157E-02	 0.13805697E-04
  2436.0000    	  2437.0000    	-0.69686305E-02	 0.15702296E-04
  2437.0000    	  2438.0000    	-0.86191253E-02	 0.17652353E-04
  2438.0000    	  2439.0000    	-0.97694346E-02	 0.19824580E-04
  2439.0000    	  2440.0000    	-0.10295622E-01	 0.22125069E-04
  2440.0000    	  2441.0000    	-0.10050204E-01	 0.23887178E-04
  2441.0000    	  2442.0000    	-0.91507151E-02	 0.25001109E-04
  2442.0000    	  2443.0000    	 0.31266576E-03	 0.80233771E-05
  2443.0000    	  2444.0000    	-0.32383398E-03	 0.84480794E-05
  2444.0000    	  2445.0000    	-0.15291138E-02	 0.98700146E-05
  2445.0000    	  2446.0000    	-0.31497032E-02	 0.11797708E-04
  2446.0000    	  2447.0000    	-0.50270728E-02	 0.13675729E-04
  2447.0000    	  2448.0000    	-0.69033262E-02	 0.15643966E-04
  2448.0000    	  2449.0000    	-0.85294694E-02	 0.17528731E-04
  2449.0000    	  2450.0000    	-0.96567393E-02	 0.19632037E-04
  2450.0000    	  2451.0000    	-0.10126258E-01	 0.21847102E-04
  2451.0000    	  2452.0000    	-0.99262226E-02	 0.23682254E-04
  2452.0000    	  2453.0000    	-0.90092580E-02	 0.24754718E-04
  2453.0000    	  2454.0000    	 0.29067111E-03	 0.78749594E-05
  2454.0000    	  2455.0000    	-0.34447353E-03	 0.84258528E-05
  2455.0000    	  2456.0000    	-0.15356084E-02	 0.98077250E-05
  2456.0000    	  2457.0000    	-0.31470239E-02	 0.11706253E-04
  2457.0000    	  2458.0000    	-0.49969177E-02	 0.13605077E-04
  2458.0000    	  2459.0000    	-0.68438865E-02	 0.15443540E-04
  2459.0000    	  2460.0000    	-0.84360516E-02	 0.17310106E-04
  2460.0000    	  2461.0000    	-0.95297505E-02	 0.19435729E-04
  2461.0000    	  2462.0000    	-0.10004287E-01	 0.21741271E-04
  2462.0000    	  2463.0000    	-0.97841724E-02	 0.23437118E-04
  2463.0000    	  2464.0000    	-0.89046287E-02	 0.24590575E-04
  2464.0000    	  2465.0000    	 0.25010868E-03	 0.79016401E-05
  2465.0000    	  2466.0000    	-0.36357981E-03	 0.83181292E-05
  2466.0000    	  2467.0000    	-0.15402967E-02	 0.97300357E-05
  2467.0000    	  2468.0000    	-0.31327111E-02	 0.11531070E-04
  2468.0000    	  2469.0000    	-0.49507319E-02	 0.13449140E-04
  2469.0000    	  2470.0000    	-0.67747207E-02	 0.15295788E-04
  2470.0000    	  2471.0000    	-0.83435271E-02	 0.17160205E-04
  2471.0000    	  2472.0000    	-0.94304161E-02	 0.19260471E-04
  2472.0000    	  2473.0000    	-0.98831364E-02	 0.21439753E-04
  2473.0000    	  2474.0000    	-0.96520472E-02	 0.23228188E-04
  2474.0000    	  2475.0000    	-0.87579250E-02	 0.24295837E-04
  2475.0000    	  2476.0000    	 0.22930462E-03	 0.77886829E-05
  2476.0000    	  2477.0000    	-0.38465401E-03	 0.85473763E-05
  2477.0000    	  2478.0000    	-0.15616326E-02	 0.96920443E-05
  2478.0000    	  2479.0000    	-0.31325092E-02	 0.11489205E-04
  2479.0000    	  2480.0000    	-0.49214387E-02	 0.13416695E-04
  2480.0000    	  2481.0000    	-0.67195782E-02	 0.15162710E-04
  2481.0000    	  2482.0000    	-0.82284984E-02	 0.16951741E-04
  2482.0000    	  2483.0000    	-0.93390469E-02	 0.19152117E-04
  2483.0000    	  2484.0000    	-0.97432353E-02	 0.21215895E-04
  2484.0000    	  2485.0000    	-0.95265555E-02	 0.22993723E-04
  2485.0000    	  2486.0000    	-0.85962377E-02	 0.23985924E-04
  2486.0000    	  2487.0000    	 0.18307753E-03	 0.77732473E-05
  2487.0000    	  2488.0000    	-0.42005494E-03	 0.83073663E-05
  2488.0000    	  2489.0000    	-0.15670182E-02	 0.95952457E-05
  2489.0000    	  2490.0000    	-0.31170381E-02	 0.11391508E-04
  2490.0000    	  2491.0000    	-0.48729930E-02	 0.13227970E-04
  2491.0000    	  2492.0000    	-0.66551034E-02	 0.15101816E-04
  2492.0000    	  2493.0000    	-0.81710912E-02	 0.16837652E-04
  2493.0000    	  2494.0000    	-0.92061290E-02	 0.18896504E-04
  2494.0000    	  2495.0000    	-0.96078505E-02	 0.20981674E-04
  2495.0000    	  2496.0000    	-0.93935199E-02	 0.22844061E-04
  2496.0000    	  2497.0000    	-0.84908455E-02	 0.23820505E-04
  2497.0000    	  2498.0000    	 0.16244713E-03	 0.78184478E-05
  2498.0000    	  2499.0000    	-0.43270580E-03	 0.81469606E-05
  2499.0000    	  2500.0000    	-0.15668915E-02	 0.95899594E-05
  2500.0000    	  2501.0000    	-0.30816337E-02	 0.11275370E-04
  2501.0000    	  2502.0000    	-0.48380410E-02	 0.13215202E-04
  2502.0000    	  2503.0000    	-0.65672279E-02	 0.14917120E-04
  2503.0000    	  2504.0000    	-0.80583223E-02	 0.16680238E-04
  2504.0000    	  2505.0000    	-0.91055999E-02	 0.18730413E-04
  2505.0000    	  2506.0000    	-0.95014226E-02	 0.20809775E-04
  2506.0000    	  2507.0000    	-0.92323818E-02	 0.22535047E-04
  2507.0000    	  2508.0000    	-0.83239105E-02	 0.23511220E-04
  2508.0000    	  2509.0000    	 0.14417606E-03	 0.76612622E-05
  2509.0000    	  2510.0000    	-0.45468642E-03	 0.81546107E-05
  2510.0000    	  2511.0000    	-0.15672665E-02	 0.94362950E-05
  2511.0000    	  2512.0000    	-0.30868796E-02	 0.11209965E-04
  2512.0000    	  2513.0000    	-0.48127212E-02	 0.13051743E-04
  2513.0000    	  2514.0000    	-0.65147901E-02	 0.14780036E-04
  2514.0000    	  2515.0000    	-0.79834235E-02	 0.16528010E-04
  2515.0000    	  2516.0000    	-0.89870839E-02	 0.18587344E-04
  2516.0000    	  2517.0000    	-0.93654738E-02	 0.20627766E-04
  2517.0000    	  2518.0000    	-0.91255824E-02	 0.22306716E-04
  2518.0000    	  2519.0000    	-0.82404256E-02	 0.23323875E-04
  2519.0000    	  2520.0000    	 0.10150457E-03	 0.76893578E-05
  2520.0000    	  2521.0000    	-0.47085905E-03	 0.80869508E-05
  2521.0000    	  2522.0000    	-0.15713405E-02	 0.94016202E-05
  2522.0000    	  2523.0000    	-0.30701576E-02	 0.11127411E-04
  2523.0000    	  2524.0000    	-0.47591736E-02	 0.12925572E-04
  2524.0000    	  2525.0000    	-0.64631950E-02	 0.14647885E-04
  2525.0000    	  2526.0000    	-0.79023447E-02	 0.16361624E-04
  2526.0000    	  2527.0000    	-0.88744729E-02	 0.18349752E-04
  2527.0000    	  2528.0000    	-0.92630450E-02	 0.20474821E-04
  2528.0000    	  2529.0000    	-0.89994272E-02	 0.22237212E-04
  2529.0000    	  2530.0000    	-0.81297172E-02	 0.23165243E-04
  2530.0000    	  2531.0000    	 0.90750011E-04	 0.75098392E-05
  2531.0000    	  2532.0000    	-0.51145574E-03	 0.80526693E-05
  2532.0000    	  2533.0000    	-0.15959671E-02	 0.93357329E-05
  2533.0000    	  2534.0000    	-0.30422186E-02	 0.11047651E-04
  2534.0000    	  2535.0000    	-0.47319284E-02	 0.12847221E-04
  2535.0000    	  2536.0000    	-0.63969803E-02	 0.14509024E-04
  2536.0000    	  2537.0000    	-0.78100327E-02	 0.16336195E-04
  2537.0000    	  2538.0000    	-0.87770634E-02	 0.18209767E-04
  2538.0000    	  2539.0000    	-0.91236236E-02	 0.20249926E-04
  2539.0000    	  2540.0000    	-0.88757698E-02	 0.21891289E-04
  2540.0000    	  2541.0000    	-0.79569614E-02	 0.22814042E-04
  2541.0000    	  2542.0000    	 0.49045869E-04	 0.75045591E-05
  2542.0000    	  2543.0000    	-0.51865782E-03	 0.79989401E-05
  2543.0000    	  2544.0000    	-0.15907910E-02	 0.93394335E-05
  2544.0000    	  2545.0000    	-0.30494916E-02	 0.10969859E-04
  2545.0000    	  2546.0000    	-0.46807954E-02	 0.12740751E-04
  2546.0000    	  2547.0000    	-0.63336282E-02	 0.14394800E-04
  2547.0000    	  2548.0000    	-0.77281457E-02	 0.16074428E-04
  2548.0000    	  2549.0000    	-0.86571789E-02	 0.18014520E-04
  2549.0000    	  2550.0000    	-0.90388850E-02	 0.20073729E-04
  2550.0000    	  2551.0000    	-0.87177537E-02	 0.21636402E-04
  2551.0000    	  2552.0000    	-0.78628541E-02	 0.22630197E-04
  2552.0000    	  2553.0000    	 0.21726253E-04	 0.78475088E-05
  2553.0000    	  2554.0000    	-0.52981924E-03	 0.78883731E-05
  2554.0000    	  2555.0000    	-0.15960130E-02	 0.92470898E-05
  2555.0000    	  2556.0000    	-0.30223388E-02	 0.10850988E-04
  2556.0000    	  2557.0000    	-0.46676767E-02	 0.12615637E-04
  2557.0000    	  2558.0000    	-0.62739471E-02	 0.14244780E-04
  2558.0000    	  2559.0000    	-0.76384466E-02	 0.15973912E-04
  2559.0000    	  2560.0000    	-0.85818399E-02	 0.17903313E-04
  2560.0000    	  2561.0000    	-0.88902583E-02	 0.19840770E-04
  2561.0000    	  2562.0000    	-0.86028274E-02	 0.21442148E-04
  2562.0000    	  2563.0000    	-0.77442360E-02	 0.22409999E-04
  2563.0000    	  2564.0000    	-0.16903203E-04	 0.74978056E-05
  2564.0000    	  2565.0000    	-0.56107140E-03	 0.79025340E-05
  2565.0000    	  2566.0000    	-0.16100294E-02	 0.92090103E-05
  2566.0000    	  2567.0000    	-0.30243538E-02	 0.10809233E-04
  2567.0000    	  2568.0000    	-0.46227011E-02	 0.12531951E-04
  2568.0000    	  2569.0000    	-0.62113600E-02	 0.14123271E-04
  2569.0000    	  2570.0000    	-0.75732467E-02	 0.15809922E-04
  2570.0000    	  2571.0000    	-0.84692934E-02	 0.17706972E-04
  2571.0000    	  2572.0000    	-0.87962639E-02	 0.19672921E-04
  2572.0000    	  2573.0000    	-0.85055493E-02	 0.21298793E-04
  2573.0000    	  2574.0000    	-0.76272322E-02	 0.22223056E-04
  2574.0000    	  2575.0000    	-0.24072367E-04	 0.73621089E-05
  2575.0000    	  2576.0000    	-0.57958949E-03	 0.79339460E-05
  2576.0000    	  2577.0000    	-0.16072569E-02	 0.91276758E-05
  2577.0000    	  2578.0000    	-0.30044013E-02	 0.10833282E-04
  2578.0000    	  2579.0000    	-0.45879458E-02	 0.12479877E-04
  2579.0000    	  2580.0000    	-0.61512257E-02	 0.14037601E-04
  2580.0000    	  2581.0000    	-0.74782627E-02	 0.15684316E-04
  2581.0000    	  2582.0000    	-0.83716621E-02	 0.17556643E-04
  2582.0000    	  2583.0000    	-0.86784209E-02	 0.19506710E-04
  2583.0000    	  2584.0000    	-0.83694942E-02	 0.21037155E-04
  2584.0000    	  2585.0000    	-0.74878369E-02	 0.21931470E-04
  2585.0000    	  2586.0000    	-0.47419365E-04	 0.73909661E-05
  2586.0000    	  2587.0000    	-0.60334881E-03	 0.78100351E-05
  2587.0000    	  2588.0000    	-0.16107495E-02	 0.90268819E-05
  2588.0000    	  2589.0000    	-0.29816310E-02	 0.10649533E-04
  2589.0000    	  2590.0000    	-0.45421528E-02	 0.12337452E-04
  2590.0000    	  2591.0000    	-0.60901647E-02	 0.13884865E-04
  2591.0000    	  2592.0000    	-0.73984028E-02	 0.15534658E-04
  2592.0000    	  2593.0000    	-0.82656714E-02	 0.17452450E-04
  2593.0000    	  2594.0000    	-0.85661135E-02	 0.19302313E-04
  2594.0000    	  2595.0000    	-0.82524802E-02	 0.20855010E-04
  2595.0000    	  2596.0000    	-0.74050313E-02	 0.21792731E-04
  2596.0000    	  2597.0000    	-0.80192973E-04	 0.73752044E-05
  2597.0000    	  2598.0000    	-0.60695807E-03	 0.77399491E-05
  2598.0000    	  2599.0000    	-0.16029283E-02	 0.89818743E-05
  2599.0000    	  2600.0000    	-0.29853444E-02	 0.10563789E-04
  2600.0000    	  2601.0000    	-0.45076799E-02	 0.12201443E-04
  2601.0000    	  2602.0000    	-0.60286527E-02	 0.13788799E-04
  2602.0000    	  2603.0000    	-0.73259905E-02	 0.15399303E-04
  2603.0000    	  2604.0000    	-0.81814410E-02	 0.17248584E-04
  2604.0000    	  2605.0000    	-0.84661301E-02	 0.19178977E-04
  2605.0000    	  2606.0000    	-0.81347767E-02	 0.20639445E-04
  2606.0000    	  2607.0000    	-0.72900764E-02	 0.21591569E-04
  2607.0000    	  2608.0000    	-0.10041593E-03	 0.73188020E-05
  2608.0000    	  2609.0000    	-0.62110610E-03	 0.76968066E-05
  2609.0000    	  2610.0000    	-0.16139987E-02	 0.89112364E-05
  2610.0000    	  2611.0000    	-0.29521943E-02	 0.10472073E-04
  2611.0000    	  2612.0000    	-0.44856836E-02	 0.12166553E-04
  2612.0000    	  2613.0000    	-0.59974964E-02	 0.13788513E-04
  2613.0000    	  2614.0000    	-0.72286227E-02	 0.15238277E-04
  2614.0000    	  2615.0000    	-0.80562631E-02	 0.17070136E-04
  2615.0000    	  2616.0000    	-0.83614551E-02	 0.19024947E-04
  2616.0000    	  2617.0000    	-0.80179035E-02	 0.20439447E-04
  2617.0000    	  2618.0000    	-0.71420412E-02	 0.21340429E-04
  2618.0000    	  2619.0000    	-0.12988021E-03	 0.72821470E-05
  2619.0000    	  2620.0000    	-0.64926209E-03	 0.77068938E-05
  2620.0000    	  2621.0000    	-0.16222811E-02	 0.88588776E-05
  2621.0000    	  2622.0000    	-0.29486939E-02	 0.10431333E-04
  2622.0000    	  2623.0000    	-0.44467800E-02	 0.12061777E-04
  2623.0000    	  2624.0000    	-0.59207164E-02	 0.13560341E-04
  2624.0000    	  2625.0000    	-0.71689442E-02	 0.15136017E-04
  2625.0000    	  2626.0000    	-0.79794519E-02	 0.16945062E-04
  2626.0000    	  2627.0000    	-0.82593579E-02	 0.18810093E-04
  2627.0000    	  2628.0000    	-0.79167485E-02	 0.20289098E-04
  2628.0000    	  2629.0000    	-0.70836719E-02	 0.21140165E-04
  2629.0000    	  2630.0000    	-0.15771242E-03	 0.72920780E-05
  2630.0000    	  2631.0000    	-0.66667770E-03	 0.76797089E-05
  2631.0000    	  2632.0000    	-0.16313458E-02	 0.88111473E-05
  2632.0000    	  2633.0000    	-0.29383279E-02	 0.10396024E-04
  2633.0000    	  2634.0000    	-0.44178502E-02	 0.11972381E-04
  2634.0000    	  2635.0000    	-0.58605721E-02	 0.13458898E-04
  2635.0000    	  2636.0000    	-0.70967628E-02	 0.15109980E-04
  2636.0000    	  2637.0000    	-0.79000667E-02	 0.16908184E-04
  2637.0000    	  2638.0000    	-0.81314783E-02	 0.18634111E-04
  2638.0000    	  2639.0000    	-0.78039441E-02	 0.20100844E-04
  2639.0000    	  2640.0000    	-0.69710088E-02	 0.21034549E-04
  2640.0000    	  2641.0000    	-0.16213325E-03	 0.71781661E-05
  2641.0000    	  2642.0000    	-0.67408861E-03	 0.75809616E-05
  2642.0000    	  2643.0000    	-0.16303588E-02	 0.88250699E-05
  2643.0000    	  2644.0000    	-0.29166233E-02	 0.10291236E-04
  2644.0000    	  2645.0000    	-0.43708632E-02	 0.11897124E-04
  2645.0000    	  2646.0000    	-0.58119194E-02	 0.13353125E-04
  2646.0000    	  2647.0000    	-0.70149153E-02	 0.15050267E-04
  2647.0000    	  2648.0000    	-0.77722545E-02	 0.16622784E-04
  2648.0000    	  2649.0000    	-0.80546884E-02	 0.18493752E-04
  2649.0000    	  2650.0000    	-0.77045687E-02	 0.19925387E-04
  2650.0000    	  2651.0000    	-0.68543407E-02	 0.20839972E-04
  2651.0000    	  2652.0000    	-0.19774288E-03	 0.72654238E-05
  2652.0000    	  2653.0000    	-0.69913115E-03	 0.75820214E-05
  2653.0000    	  2654.0000    	-0.16424647E-02	 0.87266623E-05
  2654.0000    	  2655.0000    	-0.29142733E-02	 0.10239226E-04
  2655.0000    	  2656.0000    	-0.43519725E-02	 0.11804988E-04
  2656.0000    	  2657.0000    	-0.57681620E-02	 0.13353254E-04
  2657.0000    	  2658.0000    	-0.69058977E-02	 0.14731565E-04
  2658.0000    	  2659.0000    	-0.77110261E-02	 0.16899552E-04
  2659.0000    	  2660.0000    	-0.79530623E-02	 0.18350377E-04
  2660.0000    	  2661.0000    	-0.76185867E-02	 0.19774352E-04
  2661.0000    	  2662.0000    	-0.67526754E-02	 0.20561548E-04
  2662.0000    	  2663.0000    	-0.21805505E-03	 0.71999957E-05
  2663.0000    	  2664.0000    	-0.69895752E-03	 0.75065747E-05
  2664.0000    	  2665.0000    	-0.16392223E-02	 0.86688453E-05
  2665.0000    	  2666.0000    	-0.28875039E-02	 0.10193263E-04
  2666.0000    	  2667.0000    	-0.43174144E-02	 0.11704558E-04
  2667.0000    	  2668.0000    	-0.56958259E-02	 0.13138525E-04
  2668.0000    	  2669.0000    	-0.68740265E-02	 0.14697216E-04
  2669.0000    	  2670.0000    	-0.75927290E-02	 0.16362789E-04
  2670.0000    	  2671.0000    	-0.78405327E-02	 0.18203304E-04
  2671.0000    	  2672.0000    	-0.74892948E-02	 0.19589766E-04
  2672.0000    	  2673.0000    	-0.66531970E-02	 0.20405705E-04
  2673.0000    	  2674.0000    	-0.23552147E-03	 0.71612191E-05
  2674.0000    	  2675.0000    	-0.73131428E-03	 0.75004317E-05
  2675.0000    	  2676.0000    	-0.16476513E-02	 0.86266574E-05
  2676.0000    	  2677.0000    	-0.28813457E-02	 0.10077307E-04
  2677.0000    	  2678.0000    	-0.42827903E-02	 0.11609766E-04
  2678.0000    	  2679.0000    	-0.56431105E-02	 0.13019070E-04
  2679.0000    	  2680.0000    	-0.68015715E-02	 0.14530931E-04
  2680.0000    	  2681.0000    	-0.75082854E-02	 0.16220779E-04
  2681.0000    	  2682.0000    	-0.77557453E-02	 0.18028930E-04
  2682.0000    	  2683.0000    	-0.73865162E-02	 0.19402176E-04
  2683.0000    	  2684.0000    	-0.65404958E-02	 0.20214483E-04
  2684.0000    	  2685.0000    	-0.25751093E-03	 0.71246288E-05
  2685.0000    	  2686.0000    	-0.74335323E-03	 0.75383552E-05
  2686.0000    	  2687.0000    	-0.16354668E-02	 0.85415850E-05
  2687.0000    	  2688.0000    	-0.28684197E-02	 0.10026872E-04
  2688.0000    	  2689.0000    	-0.42498593E-02	 0.11510751E-04
  2689.0000    	  2690.0000    	-0.56080766E-02	 0.13065308E-04
  2690.0000    	  2691.0000    	-0.67027299E-02	 0.14372795E-04
  2691.0000    	  2692.0000    	-0.74434254E-02	 0.16120441E-04
  2692.0000    	  2693.0000    	-0.76426487E-02	 0.17951932E-04
  2693.0000    	  2694.0000    	-0.72825191E-02	 0.19198392E-04
  2694.0000    	  2695.0000    	-0.63767412E-02	 0.19891897E-04
  2695.0000    	  2696.0000    	-0.26986902E-03	 0.70380292E-05
  2696.0000    	  2697.0000    	-0.75333396E-03	 0.74187060E-05
  2697.0000    	  2698.0000    	-0.16460974E-02	 0.86009873E-05
  2698.0000    	  2699.0000    	-0.28553401E-02	 0.10043049E-04
  2699.0000    	  2700.0000    	-0.42042821E-02	 0.11429877E-04
  2700.0000    	  2701.0000    	-0.55467437E-02	 0.12844968E-04
  2701.0000    	  2702.0000    	-0.66383595E-02	 0.14282787E-04
  2702.0000    	  2703.0000    	-0.73384825E-02	 0.15957006E-04
  2703.0000    	  2704.0000    	-0.75202467E-02	 0.17653377E-04
  2704.0000    	  2705.0000    	-0.71940808E-02	 0.19031582E-04
  2705.0000    	  2706.0000    	-0.63787978E-02	 0.19862292E-04
  2706.0000    	  2707.0000    	-0.30142822E-03	 0.70938092E-05
  2707.0000    	  2708.0000    	-0.75882054E-03	 0.74109735E-05
  2708.0000    	  2709.0000    	-0.16487789E-02	 0.84522347E-05
  2709.0000    	  2710.0000    	-0.28349727E-02	 0.98695792E-05
  2710.0000    	  2711.0000    	-0.41852923E-02	 0.11393096E-04
  2711.0000    	  2712.0000    	-0.54840316E-02	 0.12750137E-04
  2712.0000    	  2713.0000    	-0.65928454E-02	 0.14213940E-04
  2713.0000    	  2714.0000    	-0.72721199E-02	 0.15849281E-04
  2714.0000    	  2715.0000    	-0.74355085E-02	 0.17598573E-04
  2715.0000    	  2716.0000    	-0.70607425E-02	 0.18831056E-04
  2716.0000    	  2717.0000    	-0.62526427E-02	 0.19635808E-04
  2717.0000    	  2718.0000    	-0.32032253E-03	 0.70761247E-05
  2718.0000    	  2719.0000    	-0.77477560E-03	 0.73840872E-05
  2719.0000    	  2720.0000    	-0.16602364E-02	 0.84388084E-05
  2720.0000    	  2721.0000    	-0.28228657E-02	 0.98471466E-05
  2721.0000    	  2722.0000    	-0.41492637E-02	 0.11377104E-04
  2722.0000    	  2723.0000    	-0.54306209E-02	 0.12634675E-04
  2723.0000    	  2724.0000    	-0.64938002E-02	 0.14075595E-04
  2724.0000    	  2725.0000    	-0.71862971E-02	 0.15704533E-04
  2725.0000    	  2726.0000    	-0.73402355E-02	 0.17360398E-04
  2726.0000    	  2727.0000    	-0.70003043E-02	 0.18724362E-04
  2727.0000    	  2728.0000    	-0.61475850E-02	 0.19460333E-04
  2728.0000    	  2729.0000    	-0.32818474E-03	 0.70021263E-05
  2729.0000    	  2730.0000    	-0.78660873E-03	 0.73929153E-05
  2730.0000    	  2731.0000    	-0.16510628E-02	 0.83976209E-05
  2731.0000    	  2732.0000    	-0.28138133E-02	 0.98779244E-05
  2732.0000    	  2733.0000    	-0.41129571E-02	 0.11210273E-04
  2733.0000    	  2734.0000    	-0.53879571E-02	 0.12549745E-04
  2734.0000    	  2735.0000    	-0.64362849E-02	 0.13948651E-04
  2735.0000    	  2736.0000    	-0.70788680E-02	 0.15570350E-04
  2736.0000    	  2737.0000    	-0.72569673E-02	 0.17223616E-04
  2737.0000    	  2738.0000    	-0.69266663E-02	 0.18584193E-04
  2738.0000    	  2739.0000    	-0.60579814E-02	 0.19291974E-04
  2739.0000    	  2740.0000    	-0.35675213E-03	 0.69988197E-05
  2740.0000    	  2741.0000    	-0.80565761E-03	 0.73361174E-05
  2741.0000    	  2742.0000    	-0.16637434E-02	 0.83730663E-05
  2742.0000    	  2743.0000    	-0.27955523E-02	 0.96776267E-05
  2743.0000    	  2744.0000    	-0.40790654E-02	 0.11108808E-04
  2744.0000    	  2745.0000    	-0.53338569E-02	 0.12477848E-04
  2745.0000    	  2746.0000    	-0.63493737E-02	 0.13792462E-04
  2746.0000    	  2747.0000    	-0.70077486E-02	 0.15481659E-04
  2747.0000    	  2748.0000    	-0.71520957E-02	 0.17084414E-04
  2748.0000    	  2749.0000    	-0.68059669E-02	 0.18402792E-04
  2749.0000    	  2750.0000    	-0.59684990E-02	 0.19162355E-04
  2750.0000    	  2751.0000    	-0.37186201E-03	 0.70554791E-05
  2751.0000    	  2752.0000    	-0.81703658E-03	 0.74851479E-05
  2752.0000    	  2753.0000    	-0.16506977E-02	 0.82856118E-05
  2753.0000    	  2754.0000    	-0.27857934E-02	 0.96395548E-05
  2754.0000    	  2755.0000    	-0.40601221E-02	 0.11088738E-04
  2755.0000    	  2756.0000    	-0.52886429E-02	 0.12351520E-04
  2756.0000    	  2757.0000    	-0.62956426E-02	 0.13733986E-04
  2757.0000    	  2758.0000    	-0.69245824E-02	 0.15303133E-04
  2758.0000    	  2759.0000    	-0.70815699E-02	 0.17005262E-04
  2759.0000    	  2760.0000    	-0.67099018E-02	 0.18254237E-04
  2760.0000    	  2761.0000    	-0.58934411E-02	 0.18964811E-04
  2761.0000    	  2762.0000    	-0.38167113E-03	 0.68750305E-05
  2762.0000    	  2763.0000    	-0.83076219E-03	 0.73090290E-05
  2763.0000    	  2764.0000    	-0.16528533E-02	 0.82950524E-05
  2764.0000    	  2765.0000    	-0.27598588E-02	 0.95775447E-05
  2765.0000    	  2766.0000    	-0.40184793E-02	 0.10977299E-04
  2766.0000    	  2767.0000    	-0.52264824E-02	 0.12272060E-04
  2767.0000    	  2768.0000    	-0.62354444E-02	 0.13621959E-04
  2768.0000    	  2769.0000    	-0.68682619E-02	 0.15231906E-04
  2769.0000    	  2770.0000    	-0.69593687E-02	 0.16773854E-04
  2770.0000    	  2771.0000    	-0.66033280E-02	 0.18035981E-04
  2771.0000    	  2772.0000    	-0.58189619E-02	 0.19082191E-04
  2772.0000    	  2773.0000    	-0.41046740E-03	 0.69194108E-05
  2773.0000    	  2774.0000    	-0.84306259E-03	 0.73007477E-05
  2774.0000    	  2775.0000    	-0.16437004E-02	 0.82077995E-05
  2775.0000    	  2776.0000    	-0.27613433E-02	 0.95264261E-05
  2776.0000    	  2777.0000    	-0.39817600E-02	 0.10869001E-04
  2777.0000    	  2778.0000    	-0.51948980E-02	 0.12185880E-04
  2778.0000    	  2779.0000    	-0.61535109E-02	 0.13512801E-04
  2779.0000    	  2780.0000    	-0.67595973E-02	 0.15079876E-04
  2780.0000    	  2781.0000    	-0.68897671E-02	 0.16829639E-04
  2781.0000    	  2782.0000    	-0.65325059E-02	 0.17942128E-04
  2782.0000    	  2783.0000    	-0.56974613E-02	 0.18615847E-04
  2783.0000    	  2784.0000    	-0.41186889E-03	 0.68620907E-05
  2784.0000    	  2785.0000    	-0.84398191E-03	 0.72089331E-05
  2785.0000    	  2786.0000    	-0.16539634E-02	 0.81687530E-05
  2786.0000    	  2787.0000    	-0.27363502E-02	 0.94814118E-05
  2787.0000    	  2788.0000    	-0.39653629E-02	 0.10817494E-04
  2788.0000    	  2789.0000    	-0.51336518E-02	 0.12088529E-04
  2789.0000    	  2790.0000    	-0.61057984E-02	 0.13449783E-04
  2790.0000    	  2791.0000    	-0.66775691E-02	 0.14928990E-04
  2791.0000    	  2792.0000    	-0.68119706E-02	 0.16623318E-04
  2792.0000    	  2793.0000    	-0.64366106E-02	 0.17778712E-04
  2793.0000    	  2794.0000    	-0.56287638E-02	 0.18535386E-04
  2794.0000    	  2795.0000    	-0.45327202E-03	 0.69179521E-05
  2795.0000    	  2796.0000    	-0.86345612E-03	 0.72051132E-05
  2796.0000    	  2797.0000    	-0.16672456E-02	 0.82022486E-05
  2797.0000    	  2798.0000    	-0.27277892E-02	 0.94100408E-05
  2798.0000    	  2799.0000    	-0.39094596E-02	 0.11315843E-04
  2799.0000    	  2800.0000    	-0.50822402E-02	 0.12002599E-04
  2800.0000    	  2801.0000    	-0.60351768E-02	 0.13303913E-04
  2801.0000    	  2802.0000    	-0.66013603E-02	 0.14836225E-04
  2802.0000    	  2803.0000    	-0.67306973E-02	 0.16451056E-04
  2803.0000    	  2804.0000    	-0.63467828E-02	 0.17650924E-04
  2804.0000    	  2805.0000    	-0.55382488E-02	 0.18594239E-04
  2805.0000    	  2806.0000    	-0.45793439E-03	 0.68366283E-05
  2806.0000    	  2807.0000    	-0.87343637E-03	 0.71874298E-05
  2807.0000    	  2808.0000    	-0.16634952E-02	 0.81494964E-05
  2808.0000    	  2809.0000    	-0.27155095E-02	 0.94426850E-05
  2809.0000    	  2810.0000    	-0.38974698E-02	 0.10681631E-04
  2810.0000    	  2811.0000    	-0.50389927E-02	 0.11890328E-04
  2811.0000    	  2812.0000    	-0.59583242E-02	 0.13181242E-04
  2812.0000    	  2813.0000    	-0.65482273E-02	 0.14736815E-04
  2813.0000    	  2814.0000    	-0.66084926E-02	 0.16216495E-04
  2814.0000    	  2815.0000    	-0.62506472E-02	 0.17474014E-04
  2815.0000    	  2816.0000    	-0.54497814E-02	 0.18150963E-04
  2816.0000    	  2817.0000    	-0.47127959E-03	 0.68995780E-05
  2817.0000    	  2818.0000    	-0.87981937E-03	 0.71289075E-05
  2818.0000    	  2819.0000    	-0.16625999E-02	 0.80942374E-05
  2819.0000    	  2820.0000    	-0.26902998E-02	 0.92992833E-05
  2820.0000    	  2821.0000    	-0.38752707E-02	 0.10782754E-04
  2821.0000    	  2822.0000    	-0.50058561E-02	 0.12303623E-04
  2822.0000    	  2823.0000    	-0.59140029E-02	 0.13112167E-04
  2823.0000    	  2824.0000    	-0.64545060E-02	 0.15392958E-04
  2824.0000    	  2825.0000    	-0.65399570E-02	 0.16150492E-04
  2825.0000    	  2826.0000    	-0.61755014E-02	 0.17333116E-04
  2826.0000    	  2827.0000    	-0.53822791E-02	 0.18031868E-04
  2827.0000    	  2828.0000    	-0.48326772E-03	 0.67622377E-05
  2828.0000    	  2829.0000    	-0.88730608E-03	 0.73160856E-05
  2829.0000    	  2830.0000    	-0.16566125E-02	 0.81015116E-05
  2830.0000    	  2831.0000    	-0.26844987E-02	 0.92477970E-05
  2831.0000    	  2832.0000    	-0.38406591E-02	 0.10529507E-04
  2832.0000    	  2833.0000    	-0.49393266E-02	 0.11731403E-04
  2833.0000    	  2834.0000    	-0.58372482E-02	 0.13071301E-04
  2834.0000    	  2835.0000    	-0.63739793E-02	 0.14511708E-04
  2835.0000    	  2836.0000    	-0.64556730E-02	 0.15974228E-04
  2836.0000    	  2837.0000    	-0.60715634E-02	 0.17203200E-04
  2837.0000    	  2838.0000    	-0.52960372E-02	 0.17902892E-04
  2838.0000    	  2839.0000    	-0.48883335E-03	 0.67167127E-05
  2839.0000    	  2840.0000    	-0.90865812E-03	 0.70919201E-05
  2840.0000    	  2841.0000    	-0.16558393E-02	 0.80815706E-05
  2841.0000    	  2842.0000    	-0.26734620E-02	 0.92011830E-05
  2842.0000    	  2843.0000    	-0.38005329E-02	 0.10458305E-04
  2843.0000    	  2844.0000    	-0.49133905E-02	 0.12180249E-04
  2844.0000    	  2845.0000    	-0.57854804E-02	 0.12930470E-04
  2845.0000    	  2846.0000    	-0.63226245E-02	 0.14398706E-04
  2846.0000    	  2847.0000    	-0.63977881E-02	 0.15895572E-04
  2847.0000    	  2848.0000    	-0.60010658E-02	 0.17053758E-04
  2848.0000    	  2849.0000    	-0.52305602E-02	 0.17791749E-04
  2849.0000    	  2850.0000    	-0.51353389E-03	 0.67813969E-05
  2850.0000    	  2851.0000    	-0.91115508E-03	 0.71138535E-05
  2851.0000    	  2852.0000    	-0.16466785E-02	 0.79833551E-05
  2852.0000    	  2853.0000    	-0.26636145E-02	 0.93801948E-05
  2853.0000    	  2854.0000    	-0.37794113E-02	 0.10400430E-04
  2854.0000    	  2855.0000    	-0.48551824E-02	 0.11608686E-04
  2855.0000    	  2856.0000    	-0.57239850E-02	 0.12852359E-04
  2856.0000    	  2857.0000    	-0.62324553E-02	 0.14275740E-04
  2857.0000    	  2858.0000    	-0.62919356E-02	 0.15713075E-04
  2858.0000    	  2859.0000    	-0.59064154E-02	 0.16876777E-04
  2859.0000    	  2860.0000    	-0.51296404E-02	 0.17603403E-04
  2860.0000    	  2861.0000    	-0.53467161E-03	 0.67718079E-05
  2861.0000    	  2862.0000    	-0.91406624E-03	 0.70814557E-05
  2862.0000    	  2863.0000    	-0.16649450E-02	 0.80462228E-05
  2863.0000    	  2864.0000    	-0.26413316E-02	 0.91180669E-05
  2864.0000    	  2865.0000    	-0.37547647E-02	 0.10378384E-04
  2865.0000    	  2866.0000    	-0.47961295E-02	 0.11486304E-04
  2866.0000    	  2867.0000    	-0.56523070E-02	 0.12712756E-04
  2867.0000    	  2868.0000    	-0.61624913E-02	 0.14143818E-04
  2868.0000    	  2869.0000    	-0.62427742E-02	 0.15623967E-04
  2869.0000    	  2870.0000    	-0.58087120E-02	 0.16710606E-04
  2870.0000    	  2871.0000    	-0.50620367E-02	 0.17444148E-04
  2871.0000    	  2872.0000    	-0.54908600E-03	 0.67834206E-05
  2872.0000    	  2873.0000    	-0.93825163E-03	 0.70563533E-05
  2873.0000    	  2874.0000    	-0.16501695E-02	 0.79199143E-05
  2874.0000    	  2875.0000    	-0.26255513E-02	 0.90749104E-05
  2875.0000    	  2876.0000    	-0.37188176E-02	 0.10268655E-04
  2876.0000    	  2877.0000    	-0.47664380E-02	 0.11433294E-04
  2877.0000    	  2878.0000    	-0.55978364E-02	 0.12610850E-04
  2878.0000    	  2879.0000    	-0.60894235E-02	 0.14072776E-04
  2879.0000    	  2880.0000    	-0.61415047E-02	 0.15487689E-04
  2880.0000    	  2881.0000    	-0.57604929E-02	 0.16637305E-04
  2881.0000    	  2882.0000    	-0.49761536E-02	 0.17366921E-04
  2882.0000    	  2883.0000    	-0.55926904E-03	 0.68429971E-05
  2883.0000    	  2884.0000    	-0.92905318E-03	 0.69755959E-05
  2884.0000    	  2885.0000    	-0.16586243E-02	 0.79150889E-05
  2885.0000    	  2886.0000    	-0.26279722E-02	 0.90718547E-05
  2886.0000    	  2887.0000    	-0.36897489E-02	 0.10275083E-04
  2887.0000    	  2888.0000    	-0.47184602E-02	 0.11366458E-04
  2888.0000    	  2889.0000    	-0.55442415E-02	 0.12520122E-04
  2889.0000    	  2890.0000    	-0.60198523E-02	 0.13943181E-04
  2890.0000    	  2891.0000    	-0.60977953E-02	 0.15396643E-04
  2891.0000    	  2892.0000    	-0.56633959E-02	 0.16505132E-04
  2892.0000    	  2893.0000    	-0.49189369E-02	 0.17349764E-04
  2893.0000    	  2894.0000    	-0.56400295E-03	 0.66550333E-05
  2894.0000    	  2895.0000    	-0.94306387E-03	 0.70131697E-05
  2895.0000    	  2896.0000    	-0.16535634E-02	 0.79216870E-05
  2896.0000    	  2897.0000    	-0.26017755E-02	 0.89923911E-05
  2897.0000    	  2898.0000    	-0.36592427E-02	 0.10164110E-04
  2898.0000    	  2899.0000    	-0.46768226E-02	 0.11299895E-04
  2899.0000    	  2900.0000    	-0.54771449E-02	 0.12434961E-04
  2900.0000    	  2901.0000    	-0.59554599E-02	 0.13840143E-04
  2901.0000    	  2902.0000    	-0.60097290E-02	 0.15287833E-04
  2902.0000    	  2903.0000    	-0.56096931E-02	 0.16424304E-04
  2903.0000    	  2904.0000    	-0.48243116E-02	 0.17044799E-04
  2904.0000    	  2905.0000    	-0.57829307E-03	 0.66731243E-05
  2905.0000    	  2906.0000    	-0.95080955E-03	 0.69633935E-05
  2906.0000    	  2907.0000    	-0.16344006E-02	 0.78677064E-05
  2907.0000    	  2908.0000    	-0.25960425E-02	 0.89565721E-05
  2908.0000    	  2909.0000    	-0.36418840E-02	 0.10098734E-04
  2909.0000    	  2910.0000    	-0.46306335E-02	 0.11190885E-04
  2910.0000    	  2911.0000    	-0.54296984E-02	 0.12352030E-04
  2911.0000    	  2912.0000    	-0.58718546E-02	 0.13720956E-04
  2912.0000    	  2913.0000    	-0.59345827E-02	 0.15156212E-04
  2913.0000    	  2914.0000    	-0.55175921E-02	 0.16264006E-04
  2914.0000    	  2915.0000    	-0.47584923E-02	 0.17014104E-04
  2915.0000    	  2916.0000    	-0.59502777E-03	 0.66810420E-05
  2916.0000    	  2917.0000    	-0.96153729E-03	 0.69468775E-05
  2917.0000    	  2918.0000    	-0.16549242E-02	 0.78684829E-05
  2918.0000    	  2919.0000    	-0.25665403E-02	 0.88961267E-05
  2919.0000    	  2920.0000    	-0.35937188E-02	 0.10045762E-04
  2920.0000    	  2921.0000    	-0.45892739E-02	 0.11115058E-04
  2921.0000    	  2922.0000    	-0.53643165E-02	 0.12269454E-04
  2922.0000    	  2923.0000    	-0.58218360E-02	 0.13620267E-04
  2923.0000    	  2924.0000    	-0.58148018E-02	 0.14986894E-04
  2924.0000    	  2925.0000    	-0.54612303E-02	 0.16159200E-04
  2925.0000    	  2926.0000    	-0.46830979E-02	 0.16829176E-04
  2926.0000    	  2927.0000    	-0.61060166E-03	 0.67696577E-05
  2927.0000    	  2928.0000    	-0.96612293E-03	 0.69662869E-05
  2928.0000    	  2929.0000    	-0.16584014E-02	 0.78054577E-05
  2929.0000    	  2930.0000    	-0.25644728E-02	 0.88544603E-05
  2930.0000    	  2931.0000    	-0.35806104E-02	 0.99853169E-05
  2931.0000    	  2932.0000    	-0.45346297E-02	 0.11020414E-04
  2932.0000    	  2933.0000    	-0.53102036E-02	 0.12161414E-04
  2933.0000    	  2934.0000    	-0.57337245E-02	 0.14001803E-04
  2934.0000    	  2935.0000    	-0.57800883E-02	 0.14952103E-04
  2935.0000    	  2936.0000    	-0.53771684E-02	 0.16029856E-04
  2936.0000    	  2937.0000    	-0.46482115E-02	 0.16742794E-04
  2937.0000    	  2938.0000    	-0.61292354E-03	 0.65826681E-05
  2938.0000    	  2939.0000    	-0.97560393E-03	 0.69210845E-05
  2939.0000    	  2940.0000    	-0.16428953E-02	 0.77665114E-05
  2940.0000    	  2941.0000    	-0.25412780E-02	 0.88034169E-05
  2941.0000    	  2942.0000    	-0.35546078E-02	 0.99485612E-05
  2942.0000    	  2943.0000    	-0.45068928E-02	 0.10948085E-04
  2943.0000    	  2944.0000    	-0.52644586E-02	 0.12078033E-04
  2944.0000    	  2945.0000    	-0.56875356E-02	 0.13413771E-04
  2945.0000    	  2946.0000    	-0.57097986E-02	 0.14838338E-04
  2946.0000    	  2947.0000    	-0.53122882E-02	 0.15941868E-04
  2947.0000    	  2948.0000    	-0.45417065E-02	 0.16654914E-04
  2948.0000    	  2949.0000    	-0.62113291E-03	 0.66909820E-05
  2949.0000    	  2950.0000    	-0.98725511E-03	 0.69261791E-05
  2950.0000    	  2951.0000    	-0.16511979E-02	 0.78763579E-05
  2951.0000    	  2952.0000    	-0.25362037E-02	 0.88177242E-05
  2952.0000    	  2953.0000    	-0.35114831E-02	 0.98653808E-05
  2953.0000    	  2954.0000    	-0.44629462E-02	 0.10895562E-04
  2954.0000    	  2955.0000    	-0.51805788E-02	 0.11986369E-04
  2955.0000    	  2956.0000    	-0.56148419E-02	 0.13313677E-04
  2956.0000    	  2957.0000    	-0.56052589E-02	 0.14657684E-04
  2957.0000    	  2958.0000    	-0.52303763E-02	 0.16922195E-04
  2958.0000    	  2959.0000    	-0.44885088E-02	 0.16483818E-04
  2959.0000    	  2960.0000    	-0.64124176E-03	 0.65900442E-05
  2960.0000    	  2961.0000    	-0.98959051E-03	 0.69321918E-05
  2961.0000    	  2962.0000    	-0.16291050E-02	 0.76947354E-05
  2962.0000    	  2963.0000    	-0.25204226E-02	 0.87881359E-05
  2963.0000    	  2964.0000    	-0.34958629E-02	 0.98031089E-05
  2964.0000    	  2965.0000    	-0.44029738E-02	 0.10838047E-04
  2965.0000    	  2966.0000    	-0.51447331E-02	 0.11897898E-04
  2966.0000    	  2967.0000    	-0.55430768E-02	 0.13227115E-04
  2967.0000    	  2968.0000    	-0.55652726E-02	 0.14596249E-04
  2968.0000    	  2969.0000    	-0.51572207E-02	 0.15710274E-04
  2969.0000    	  2970.0000    	-0.44228159E-02	 0.16407689E-04
  2970.0000    	  2971.0000    	-0.63731450E-03	 0.66026655E-05
  2971.0000    	  2972.0000    	-0.98880634E-03	 0.68633481E-05
  2972.0000    	  2973.0000    	-0.16356832E-02	 0.76825759E-05
  2973.0000    	  2974.0000    	-0.25061684E-02	 0.87401772E-05
  2974.0000    	  2975.0000    	-0.34628416E-02	 0.97565157E-05
  2975.0000    	  2976.0000    	-0.43654870E-02	 0.10742260E-04
  2976.0000    	  2977.0000    	-0.51015316E-02	 0.11846021E-04
  2977.0000    	  2978.0000    	-0.54941967E-02	 0.13135295E-04
  2978.0000    	  2979.0000    	-0.54766795E-02	 0.14469890E-04
  2979.0000    	  2980.0000    	-0.50744587E-02	 0.15541149E-04
  2980.0000    	  2981.0000    	-0.43359087E-02	 0.16287911E-04
  2981.0000    	  2982.0000    	-0.65710682E-03	 0.65547421E-05
  2982.0000    	  2983.0000    	-0.98889435E-03	 0.68074584E-05
  2983.0000    	  2984.0000    	-0.16432418E-02	 0.77344169E-05
  2984.0000    	  2985.0000    	-0.24930852E-02	 0.86833409E-05
  2985.0000    	  2986.0000    	-0.34402849E-02	 0.97187895E-05
  2986.0000    	  2987.0000    	-0.43463014E-02	 0.10723544E-04
  2987.0000    	  2988.0000    	-0.50329930E-02	 0.11763757E-04
  2988.0000    	  2989.0000    	-0.54179111E-02	 0.13025227E-04
  2989.0000    	  2990.0000    	-0.54213071E-02	 0.14571484E-04
  2990.0000    	  2991.0000    	-0.50372131E-02	 0.15549854E-04
  2991.0000    	  2992.0000    	-0.42978336E-02	 0.16135751E-04
  2992.0000    	  2993.0000    	-0.67289038E-03	 0.65381087E-05
  2993.0000    	  2994.0000    	-0.10044690E-02	 0.68475156E-05
  2994.0000    	  2995.0000    	-0.16352807E-02	 0.76890720E-05
  2995.0000    	  2996.0000    	-0.24753636E-02	 0.87297015E-05
  2996.0000    	  2997.0000    	-0.34128705E-02	 0.96666010E-05
  2997.0000    	  2998.0000    	-0.42777579E-02	 0.10577994E-04
  2998.0000    	  2999.0000    	-0.49824407E-02	 0.11644438E-04
  2999.0000    	  3000.0000    	-0.53699760E-02	 0.13057212E-04
  3000.0000    	  3001.0000    	-0.53587272E-02	 0.14259017E-04
  3001.0000    	  3002.0000    	-0.49022060E-02	 0.15296572E-04
  3002.0000    	  3003.0000    	-0.42221661E-02	 0.16021567E-04
  3003.0000    	  3004.0000    	-0.67256442E-03	 0.65118610E-05
  3004.0000    	  3005.0000    	-0.10074742E-02	 0.67954673E-05
  3005.0000    	  3006.0000    	-0.16409268E-02	 0.77327390E-05
  3006.0000    	  3007.0000    	-0.24552584E-02	 0.86108739E-05
  3007.0000    	  3008.0000    	-0.33832209E-02	 0.96013730E-05
  3008.0000    	  3009.0000    	-0.42594813E-02	 0.10551488E-04
  3009.0000    	  3010.0000    	-0.49299919E-02	 0.11569779E-04
  3010.0000    	  3011.0000    	-0.52939301E-02	 0.12840073E-04
  3011.0000    	  3012.0000    	-0.52774475E-02	 0.14210309E-04
  3012.0000    	  3013.0000    	-0.48923594E-02	 0.15297410E-04
  3013.0000    	  3014.0000    	-0.41632308E-02	 0.16519589E-04
  3014.0000    	  3015.0000    	-0.68643634E-03	 0.64748629E-05
  3015.0000    	  3016.0000    	-0.10170749E-02	 0.68645482E-05
  3016.0000    	  3017.0000    	-0.16258028E-02	 0.75788235E-05
  3017.0000    	  3018.0000    	-0.24559635E-02	 0.87993061E-05
  3018.0000    	  3019.0000    	-0.33515903E-02	 0.95620782E-05
  3019.0000    	  3020.0000    	-0.42160502E-02	 0.10533662E-04
  3020.0000    	  3021.0000    	-0.48702749E-02	 0.11480981E-04
  3021.0000    	  3022.0000    	-0.52259477E-02	 0.12730389E-04
  3022.0000    	  3023.0000    	-0.52215959E-02	 0.14095734E-04
  3023.0000    	  3024.0000    	-0.48099646E-02	 0.15189723E-04
  3024.0000    	  3025.0000    	-0.41090119E-02	 0.15864341E-04
  3025.0000    	  3026.0000    	-0.70421905E-03	 0.65405188E-05
  3026.0000    	  3027.0000    	-0.10208015E-02	 0.67959541E-05
  3027.0000    	  3028.0000    	-0.16260060E-02	 0.75547800E-05
  3028.0000    	  3029.0000    	-0.24400899E-02	 0.85584761E-05
  3029.0000    	  3030.0000    	-0.33329251E-02	 0.95249585E-05
  3030.0000    	  3031.0000    	-0.41759477E-02	 0.10435358E-04
  3031.0000    	  3032.0000    	-0.48335114E-02	 0.11444056E-04
  3032.0000    	  3033.0000    	-0.51828713E-02	 0.12900705E-04
  3033.0000    	  3034.0000    	-0.51597168E-02	 0.14040786E-04
  3034.0000    	  3035.0000    	-0.47547514E-02	 0.15095233E-04
  3035.0000    	  3036.0000    	-0.40239814E-02	 0.15763906E-04
  3036.0000    	  3037.0000    	-0.69641451E-03	 0.64452231E-05
  3037.0000    	  3038.0000    	-0.10273274E-02	 0.68055162E-05
  3038.0000    	  3039.0000    	-0.16165709E-02	 0.75249353E-05
  3039.0000    	  3040.0000    	-0.24086338E-02	 0.84908936E-05
  3040.0000    	  3041.0000    	-0.32993532E-02	 0.94714930E-05
  3041.0000    	  3042.0000    	-0.41415062E-02	 0.10404273E-04
  3042.0000    	  3043.0000    	-0.47790385E-02	 0.11346508E-04
  3043.0000    	  3044.0000    	-0.51171257E-02	 0.12589677E-04
  3044.0000    	  3045.0000    	-0.50772113E-02	 0.13897138E-04
  3045.0000    	  3046.0000    	-0.47048736E-02	 0.15036433E-04
  3046.0000    	  3047.0000    	-0.39618890E-02	 0.15588884E-04
  3047.0000    	  3048.0000    	-0.70778537E-03	 0.64973390E-05
  3048.0000    	  3049.0000    	-0.10318688E-02	 0.67983454E-05
  3049.0000    	  3050.0000    	-0.16298740E-02	 0.75425269E-05
  3050.0000    	  3051.0000    	-0.24113570E-02	 0.85084664E-05
  3051.0000    	  3052.0000    	-0.32699453E-02	 0.94306570E-05
  3052.0000    	  3053.0000    	-0.40987011E-02	 0.10323471E-04
  3053.0000    	  3054.0000    	-0.47221302E-02	 0.11275490E-04
  3054.0000    	  3055.0000    	-0.50543695E-02	 0.12576561E-04
  3055.0000    	  3056.0000    	-0.50380938E-02	 0.13875895E-04
  3056.0000    	  3057.0000    	-0.46128003E-02	 0.14874081E-04
  3057.0000    	  3058.0000    	-0.39067132E-02	 0.15530945E-04
  3058.0000    	  3059.0000    	-0.70575212E-03	 0.64520198E-05
  3059.0000    	  3060.0000    	-0.10304763E-02	 0.67204213E-05
  3060.0000    	  3061.0000    	-0.16204334E-02	 0.75049950E-05
  3061.0000    	  3062.0000    	-0.23938144E-02	 0.84707546E-05
  3062.0000    	  3063.0000    	-0.32581693E-02	 0.94655042E-05
  3063.0000    	  3064.0000    	-0.40631210E-02	 0.10269754E-04
  3064.0000    	  3065.0000    	-0.46741869E-02	 0.11194059E-04
  3065.0000    	  3066.0000    	-0.49996297E-02	 0.12420189E-04
  3066.0000    	  3067.0000    	-0.49499581E-02	 0.13714964E-04
  3067.0000    	  3068.0000    	-0.45578666E-02	 0.14817698E-04
  3068.0000    	  3069.0000    	-0.38664762E-02	 0.15408822E-04
  3069.0000    	  3070.0000    	-0.72586043E-03	 0.65257571E-05
  3070.0000    	  3071.0000    	-0.10276931E-02	 0.66714301E-05
  3071.0000    	  3072.0000    	-0.16161339E-02	 0.74916508E-05
  3072.0000    	  3073.0000    	-0.23872273E-02	 0.84929338E-05
  3073.0000    	  3074.0000    	-0.32307009E-02	 0.93718541E-05
  3074.0000    	  3075.0000    	-0.40144195E-02	 0.10192013E-04
  3075.0000    	  3076.0000    	-0.46370774E-02	 0.11156456E-04
  3076.0000    	  3077.0000    	-0.49500606E-02	 0.12353508E-04
  3077.0000    	  3078.0000    	-0.48934195E-02	 0.13649148E-04
  3078.0000    	  3079.0000    	-0.44895890E-02	 0.14728418E-04
  3079.0000    	  3080.0000    	-0.37943938E-02	 0.15348696E-04
  3080.0000    	  3081.0000    	-0.74379608E-03	 0.65029469E-05
  3081.0000    	  3082.0000    	-0.10439244E-02	 0.67960321E-05
  3082.0000    	  3083.0000    	-0.16103749E-02	 0.74749146E-05
  3083.0000    	  3084.0000    	-0.23673953E-02	 0.85014752E-05
  3084.0000    	  3085.0000    	-0.31978259E-02	 0.93392197E-05
  3085.0000    	  3086.0000    	-0.39901609E-02	 0.10169316E-04
  3086.0000    	  3087.0000    	-0.45880667E-02	 0.11104318E-04
  3087.0000    	  3088.0000    	-0.48875123E-02	 0.12289794E-04
  3088.0000    	  3089.0000    	-0.48468123E-02	 0.13589836E-04
  3089.0000    	  3090.0000    	-0.44543370E-02	 0.14686337E-04
  3090.0000    	  3091.0000    	-0.36612112E-02	 0.14984521E-04
  3091.0000    	  3092.0000    	-0.73117512E-03	 0.63824985E-05
  3092.0000    	  3093.0000    	-0.10522484E-02	 0.66874643E-05
  3093.0000    	  3094.0000    	-0.16064378E-02	 0.74350479E-05
  3094.0000    	  3095.0000    	-0.23535844E-02	 0.84087950E-05
  3095.0000    	  3096.0000    	-0.31741875E-02	 0.93463169E-05
  3096.0000    	  3097.0000    	-0.39457480E-02	 0.10094107E-04
  3097.0000    	  3098.0000    	-0.45253755E-02	 0.10987632E-04
  3098.0000    	  3099.0000    	-0.48350577E-02	 0.12219693E-04
  3099.0000    	  3100.0000    	-0.47716024E-02	 0.13489417E-04
  3100.0000    	  3101.0000    	-0.43341477E-02	 0.14493367E-04
  3101.0000    	  3102.0000    	-0.36959207E-02	 0.15152224E-04
  3102.0000    	  3103.0000    	-0.75640436E-03	 0.64177525E-05
  3103.0000    	  3104.0000    	-0.10388493E-02	 0.65911559E-05
  3104.0000    	  3105.0000    	-0.16116475E-02	 0.74195049E-05
  3105.0000    	  3106.0000    	-0.23453952E-02	 0.83898677E-05
  3106.0000    	  3107.0000    	-0.31533165E-02	 0.92767387E-05
  3107.0000    	  3108.0000    	-0.39114748E-02	 0.10087594E-04
  3108.0000    	  3109.0000    	-0.44873073E-02	 0.10947842E-04
  3109.0000    	  3110.0000    	-0.47587873E-02	 0.12114316E-04
  3110.0000    	  3111.0000    	-0.47212225E-02	 0.13432520E-04
  3111.0000    	  3112.0000    	-0.43118241E-02	 0.14491387E-04
  3112.0000    	  3113.0000    	-0.36541610E-02	 0.15150886E-04
  3113.0000    	  3114.0000    	-0.76018521E-03	 0.63980739E-05
  3114.0000    	  3115.0000    	-0.10606042E-02	 0.66821466E-05
  3115.0000    	  3116.0000    	-0.15929915E-02	 0.73889530E-05
  3116.0000    	  3117.0000    	-0.23304975E-02	 0.83456022E-05
  3117.0000    	  3118.0000    	-0.31247637E-02	 0.92269680E-05
  3118.0000    	  3119.0000    	-0.38695389E-02	 0.99993232E-05
  3119.0000    	  3120.0000    	-0.44283907E-02	 0.10901057E-04
  3120.0000    	  3121.0000    	-0.47416843E-02	 0.12116335E-04
  3121.0000    	  3122.0000    	-0.46619649E-02	 0.13400168E-04
  3122.0000    	  3123.0000    	-0.42569431E-02	 0.14383160E-04
  3123.0000    	  3124.0000    	-0.35733740E-02	 0.14855399E-04
