# xi1
# underflow	 -454.65045    	 0.51415611    
# overflow	 -1.1769205    	 0.45820333E-01
# sum	 -554.70362    	 0.71000716    
# xmin	xmax	cross	numerror
  2024.0000    	  2025.0000    	-0.23523677    	 0.27345709E-01
  2025.0000    	  2026.0000    	-0.24744702    	 0.25458663E-01
  2026.0000    	  2027.0000    	-0.20462471    	 0.25190120E-01
  2027.0000    	  2028.0000    	-0.18669049    	 0.23114614E-01
  2028.0000    	  2029.0000    	-0.15911037    	 0.20763299E-01
  2029.0000    	  2030.0000    	-0.13320544    	 0.19034654E-01
  2030.0000    	  2031.0000    	-0.13009362    	 0.17171689E-01
  2031.0000    	  2032.0000    	-0.92710261E-01	 0.14325072E-01
  2032.0000    	  2033.0000    	-0.53136769E-01	 0.13047350E-01
  2033.0000    	  2034.0000    	-0.56657186E-01	 0.10267922E-01
  2034.0000    	  2035.0000    	-0.30428771E-01	 0.78969387E-02
  2035.0000    	  2036.0000    	-0.23871452    	 0.26291474E-01
  2036.0000    	  2037.0000    	-0.23504789    	 0.23817503E-01
  2037.0000    	  2038.0000    	-0.22007388    	 0.24407467E-01
  2038.0000    	  2039.0000    	-0.18072152    	 0.22834733E-01
  2039.0000    	  2040.0000    	-0.16130466    	 0.20539728E-01
  2040.0000    	  2041.0000    	-0.17163784    	 0.17640704E-01
  2041.0000    	  2042.0000    	-0.13351456    	 0.17248260E-01
  2042.0000    	  2043.0000    	-0.11340195    	 0.14205273E-01
  2043.0000    	  2044.0000    	-0.76260496E-01	 0.12800969E-01
  2044.0000    	  2045.0000    	-0.40016007E-01	 0.99195481E-02
  2045.0000    	  2046.0000    	-0.23291842E-01	 0.77417953E-02
  2046.0000    	  2047.0000    	-0.27351461    	 0.26267269E-01
  2047.0000    	  2048.0000    	-0.22318356    	 0.24150568E-01
  2048.0000    	  2049.0000    	-0.23068970    	 0.22426174E-01
  2049.0000    	  2050.0000    	-0.21300413    	 0.23808923E-01
  2050.0000    	  2051.0000    	-0.19089912    	 0.22515811E-01
  2051.0000    	  2052.0000    	-0.15710057    	 0.18826972E-01
  2052.0000    	  2053.0000    	-0.11348442    	 0.16111248E-01
  2053.0000    	  2054.0000    	-0.87510532E-01	 0.13081990E-01
  2054.0000    	  2055.0000    	-0.10689360    	 0.11791072E-01
  2055.0000    	  2056.0000    	-0.49514222E-01	 0.11209190E-01
  2056.0000    	  2057.0000    	-0.57215051E-01	 0.77820078E-02
  2057.0000    	  2058.0000    	-0.20772501    	 0.25643351E-01
  2058.0000    	  2059.0000    	-0.24347696    	 0.27019791E-01
  2059.0000    	  2060.0000    	-0.21443973    	 0.24295456E-01
  2060.0000    	  2061.0000    	-0.21033432    	 0.23859590E-01
  2061.0000    	  2062.0000    	-0.18327090    	 0.21988731E-01
  2062.0000    	  2063.0000    	-0.16697258    	 0.20239328E-01
  2063.0000    	  2064.0000    	-0.13462490    	 0.16558724E-01
  2064.0000    	  2065.0000    	-0.10319007    	 0.13661020E-01
  2065.0000    	  2066.0000    	-0.77262794E-01	 0.11559906E-01
  2066.0000    	  2067.0000    	-0.44801127E-01	 0.10482882E-01
  2067.0000    	  2068.0000    	-0.26390648E-01	 0.75213907E-02
  2068.0000    	  2069.0000    	-0.28751312    	 0.25902360E-01
  2069.0000    	  2070.0000    	-0.23915012    	 0.26342741E-01
  2070.0000    	  2071.0000    	-0.21580985    	 0.24057757E-01
  2071.0000    	  2072.0000    	-0.20713020    	 0.23353994E-01
  2072.0000    	  2073.0000    	-0.15043102    	 0.20845007E-01
  2073.0000    	  2074.0000    	-0.14213848    	 0.18992071E-01
  2074.0000    	  2075.0000    	-0.10814458    	 0.16333604E-01
  2075.0000    	  2076.0000    	-0.90649217E-01	 0.14630417E-01
  2076.0000    	  2077.0000    	-0.82110331E-01	 0.11667255E-01
  2077.0000    	  2078.0000    	-0.58603464E-01	 0.94437090E-02
  2078.0000    	  2079.0000    	-0.43688882E-01	 0.74776368E-02
  2079.0000    	  2080.0000    	-0.23891487    	 0.26756285E-01
  2080.0000    	  2081.0000    	-0.23667723    	 0.25539903E-01
  2081.0000    	  2082.0000    	-0.20737182    	 0.24189719E-01
  2082.0000    	  2083.0000    	-0.17818901    	 0.21678639E-01
  2083.0000    	  2084.0000    	-0.14979566    	 0.19966401E-01
  2084.0000    	  2085.0000    	-0.14942208    	 0.17798789E-01
  2085.0000    	  2086.0000    	-0.13399605    	 0.15145281E-01
  2086.0000    	  2087.0000    	-0.12786953    	 0.16099056E-01
  2087.0000    	  2088.0000    	-0.86208100E-01	 0.12063244E-01
  2088.0000    	  2089.0000    	-0.49527006E-01	 0.98154994E-02
  2089.0000    	  2090.0000    	-0.57296704E-01	 0.75146878E-02
  2090.0000    	  2091.0000    	-0.22303934    	 0.25602578E-01
  2091.0000    	  2092.0000    	-0.22210102    	 0.25729239E-01
  2092.0000    	  2093.0000    	-0.22176685    	 0.23286630E-01
  2093.0000    	  2094.0000    	-0.19097859    	 0.22439922E-01
  2094.0000    	  2095.0000    	-0.17098495    	 0.19608861E-01
  2095.0000    	  2096.0000    	-0.14404271    	 0.18957985E-01
  2096.0000    	  2097.0000    	-0.14975684    	 0.16833391E-01
  2097.0000    	  2098.0000    	-0.82115223E-01	 0.14958309E-01
  2098.0000    	  2099.0000    	-0.72174615E-01	 0.12323143E-01
  2099.0000    	  2100.0000    	-0.50013189E-01	 0.10503679E-01
  2100.0000    	  2101.0000    	-0.27168345E-01	 0.74148833E-02
  2101.0000    	  2102.0000    	-0.20821735    	 0.25098147E-01
  2102.0000    	  2103.0000    	-0.18730590    	 0.25343441E-01
  2103.0000    	  2104.0000    	-0.22424860    	 0.24541655E-01
  2104.0000    	  2105.0000    	-0.18036977    	 0.21123992E-01
  2105.0000    	  2106.0000    	-0.17861232    	 0.20640246E-01
  2106.0000    	  2107.0000    	-0.13098916    	 0.19126452E-01
  2107.0000    	  2108.0000    	-0.10665800    	 0.15059866E-01
  2108.0000    	  2109.0000    	-0.93959637E-01	 0.14669625E-01
  2109.0000    	  2110.0000    	-0.70617990E-01	 0.12475053E-01
  2110.0000    	  2111.0000    	-0.46971920E-01	 0.92893598E-02
  2111.0000    	  2112.0000    	-0.37757194E-01	 0.77385098E-02
  2112.0000    	  2113.0000    	-0.22271778    	 0.25667139E-01
  2113.0000    	  2114.0000    	-0.22615789    	 0.25786070E-01
  2114.0000    	  2115.0000    	-0.15964982    	 0.23267800E-01
  2115.0000    	  2116.0000    	-0.20135008    	 0.21897841E-01
  2116.0000    	  2117.0000    	-0.18835489    	 0.19773559E-01
  2117.0000    	  2118.0000    	-0.14450775    	 0.19373569E-01
  2118.0000    	  2119.0000    	-0.10076795    	 0.16281654E-01
  2119.0000    	  2120.0000    	-0.90282572E-01	 0.14771942E-01
  2120.0000    	  2121.0000    	-0.66951721E-01	 0.13013487E-01
  2121.0000    	  2122.0000    	-0.38610146E-01	 0.82811097E-02
  2122.0000    	  2123.0000    	-0.39505943E-01	 0.76838604E-02
  2123.0000    	  2124.0000    	-0.23037206    	 0.26740749E-01
  2124.0000    	  2125.0000    	-0.18139811    	 0.25443907E-01
  2125.0000    	  2126.0000    	-0.19197125    	 0.23534942E-01
  2126.0000    	  2127.0000    	-0.16838151    	 0.21381487E-01
  2127.0000    	  2128.0000    	-0.15833751    	 0.20548356E-01
  2128.0000    	  2129.0000    	-0.11799536    	 0.19021383E-01
  2129.0000    	  2130.0000    	-0.12492719    	 0.17006405E-01
  2130.0000    	  2131.0000    	-0.83234615E-01	 0.14500432E-01
  2131.0000    	  2132.0000    	-0.61255312E-01	 0.12337809E-01
  2132.0000    	  2133.0000    	-0.43867660E-01	 0.83591496E-02
  2133.0000    	  2134.0000    	-0.22026171E-01	 0.71839410E-02
  2134.0000    	  2135.0000    	-0.16467633    	 0.26200703E-01
  2135.0000    	  2136.0000    	-0.25328194    	 0.24555889E-01
  2136.0000    	  2137.0000    	-0.16944580    	 0.24137873E-01
  2137.0000    	  2138.0000    	-0.18688008    	 0.20350377E-01
  2138.0000    	  2139.0000    	-0.16179042    	 0.18158100E-01
  2139.0000    	  2140.0000    	-0.16910868    	 0.19642184E-01
  2140.0000    	  2141.0000    	-0.95872814E-01	 0.16821103E-01
  2141.0000    	  2142.0000    	-0.11522537    	 0.13330293E-01
  2142.0000    	  2143.0000    	-0.47332118E-01	 0.11504183E-01
  2143.0000    	  2144.0000    	-0.69525057E-01	 0.93016839E-02
  2144.0000    	  2145.0000    	-0.32154969E-01	 0.74293448E-02
  2145.0000    	  2146.0000    	-0.21735133    	 0.22738488E-01
  2146.0000    	  2147.0000    	-0.20003688    	 0.24000668E-01
  2147.0000    	  2148.0000    	-0.22651616    	 0.24727073E-01
  2148.0000    	  2149.0000    	-0.18609956    	 0.20569296E-01
  2149.0000    	  2150.0000    	-0.16803343    	 0.18600540E-01
  2150.0000    	  2151.0000    	-0.13319973    	 0.19463412E-01
  2151.0000    	  2152.0000    	-0.12685301    	 0.17267803E-01
  2152.0000    	  2153.0000    	-0.84021146E-01	 0.13664057E-01
  2153.0000    	  2154.0000    	-0.71471526E-01	 0.11848889E-01
  2154.0000    	  2155.0000    	-0.41706886E-01	 0.95030240E-02
  2155.0000    	  2156.0000    	-0.31369001E-01	 0.86813433E-02
  2156.0000    	  2157.0000    	-0.20153162    	 0.22508417E-01
  2157.0000    	  2158.0000    	-0.23971830    	 0.22195626E-01
  2158.0000    	  2159.0000    	-0.22434644    	 0.24631462E-01
  2159.0000    	  2160.0000    	-0.18882375    	 0.22475057E-01
  2160.0000    	  2161.0000    	-0.15992708    	 0.20118877E-01
  2161.0000    	  2162.0000    	-0.13172121    	 0.17875276E-01
  2162.0000    	  2163.0000    	-0.96803099E-01	 0.15279950E-01
  2163.0000    	  2164.0000    	-0.99941228E-01	 0.13230891E-01
  2164.0000    	  2165.0000    	-0.77245416E-01	 0.11636470E-01
  2165.0000    	  2166.0000    	-0.59392788E-01	 0.88062763E-02
  2166.0000    	  2167.0000    	-0.21089021E-01	 0.63161357E-02
  2167.0000    	  2168.0000    	-0.18361804    	 0.24338843E-01
  2168.0000    	  2169.0000    	-0.23461985    	 0.25212381E-01
  2169.0000    	  2170.0000    	-0.20189877    	 0.23204144E-01
  2170.0000    	  2171.0000    	-0.19562920    	 0.21695914E-01
  2171.0000    	  2172.0000    	-0.14460619    	 0.18885134E-01
  2172.0000    	  2173.0000    	-0.13693411    	 0.16834783E-01
  2173.0000    	  2174.0000    	-0.10923924    	 0.15316360E-01
  2174.0000    	  2175.0000    	-0.98475146E-01	 0.14319517E-01
  2175.0000    	  2176.0000    	-0.77902935E-01	 0.13112494E-01
  2176.0000    	  2177.0000    	-0.44300558E-01	 0.82022605E-02
  2177.0000    	  2178.0000    	-0.32265241E-01	 0.79522120E-02
  2178.0000    	  2179.0000    	-0.25435368    	 0.24332785E-01
  2179.0000    	  2180.0000    	-0.19261093    	 0.25078147E-01
  2180.0000    	  2181.0000    	-0.19257833    	 0.22525806E-01
  2181.0000    	  2182.0000    	-0.16698341    	 0.20635174E-01
  2182.0000    	  2183.0000    	-0.16585525    	 0.19650788E-01
  2183.0000    	  2184.0000    	-0.14721075    	 0.19130295E-01
  2184.0000    	  2185.0000    	-0.13875204    	 0.15259106E-01
  2185.0000    	  2186.0000    	-0.80234549E-01	 0.14024869E-01
  2186.0000    	  2187.0000    	-0.59632013E-01	 0.11046826E-01
  2187.0000    	  2188.0000    	-0.49541678E-01	 0.85302642E-02
  2188.0000    	  2189.0000    	-0.27172790E-01	 0.68563572E-02
  2189.0000    	  2190.0000    	-0.18584708    	 0.25531093E-01
  2190.0000    	  2191.0000    	-0.17873633    	 0.24186761E-01
  2191.0000    	  2192.0000    	-0.22220799    	 0.24271903E-01
  2192.0000    	  2193.0000    	-0.19649998    	 0.21696730E-01
  2193.0000    	  2194.0000    	-0.16875267    	 0.19817505E-01
  2194.0000    	  2195.0000    	-0.13303637    	 0.19751830E-01
  2195.0000    	  2196.0000    	-0.10562112    	 0.14877518E-01
  2196.0000    	  2197.0000    	-0.10225917    	 0.13513111E-01
  2197.0000    	  2198.0000    	-0.73535456E-01	 0.11150060E-01
  2198.0000    	  2199.0000    	-0.41322803E-01	 0.88867662E-02
  2199.0000    	  2200.0000    	-0.38028523E-01	 0.67894772E-02
  2200.0000    	  2201.0000    	-0.19219167    	 0.24846367E-01
  2201.0000    	  2202.0000    	-0.22442525    	 0.23391190E-01
  2202.0000    	  2203.0000    	-0.16603806    	 0.23969163E-01
  2203.0000    	  2204.0000    	-0.15930586    	 0.20962049E-01
  2204.0000    	  2205.0000    	-0.17055481    	 0.18236217E-01
  2205.0000    	  2206.0000    	-0.14380345    	 0.16713105E-01
  2206.0000    	  2207.0000    	-0.10153613    	 0.15542223E-01
  2207.0000    	  2208.0000    	-0.86879279E-01	 0.12914976E-01
  2208.0000    	  2209.0000    	-0.54066302E-01	 0.10333695E-01
  2209.0000    	  2210.0000    	-0.51429229E-01	 0.85081922E-02
  2210.0000    	  2211.0000    	-0.32297930E-01	 0.71298034E-02
  2211.0000    	  2212.0000    	-0.20460125    	 0.25749787E-01
  2212.0000    	  2213.0000    	-0.21864237    	 0.24749909E-01
  2213.0000    	  2214.0000    	-0.20072368    	 0.20266429E-01
  2214.0000    	  2215.0000    	-0.16091078    	 0.20185260E-01
  2215.0000    	  2216.0000    	-0.13416148    	 0.18774895E-01
  2216.0000    	  2217.0000    	-0.14257342    	 0.17389697E-01
  2217.0000    	  2218.0000    	-0.12576160    	 0.14983084E-01
  2218.0000    	  2219.0000    	-0.87432465E-01	 0.12654363E-01
  2219.0000    	  2220.0000    	-0.65590142E-01	 0.10623934E-01
  2220.0000    	  2221.0000    	-0.38599448E-01	 0.81160307E-02
  2221.0000    	  2222.0000    	-0.27565807E-01	 0.68702767E-02
  2222.0000    	  2223.0000    	-0.21821731    	 0.25116120E-01
  2223.0000    	  2224.0000    	-0.23746727    	 0.24931646E-01
  2224.0000    	  2225.0000    	-0.17096078    	 0.22159210E-01
  2225.0000    	  2226.0000    	-0.15692951    	 0.21583737E-01
  2226.0000    	  2227.0000    	-0.14826058    	 0.19779008E-01
  2227.0000    	  2228.0000    	-0.12552710    	 0.16031869E-01
  2228.0000    	  2229.0000    	-0.82792782E-01	 0.15329334E-01
  2229.0000    	  2230.0000    	-0.75309593E-01	 0.11995249E-01
  2230.0000    	  2231.0000    	-0.52808519E-01	 0.10850856E-01
  2231.0000    	  2232.0000    	-0.45230617E-01	 0.87521508E-02
  2232.0000    	  2233.0000    	-0.36063681E-01	 0.75850684E-02
  2233.0000    	  2234.0000    	-0.15966349    	 0.24778493E-01
  2234.0000    	  2235.0000    	-0.12042733    	 0.24243552E-01
  2235.0000    	  2236.0000    	-0.18501860    	 0.22050421E-01
  2236.0000    	  2237.0000    	-0.15657731    	 0.20596967E-01
  2237.0000    	  2238.0000    	-0.13407551    	 0.18203361E-01
  2238.0000    	  2239.0000    	-0.10499618    	 0.16053152E-01
  2239.0000    	  2240.0000    	-0.12674276    	 0.14330087E-01
  2240.0000    	  2241.0000    	-0.79125333E-01	 0.12640977E-01
  2241.0000    	  2242.0000    	-0.72381341E-01	 0.97859185E-02
  2242.0000    	  2243.0000    	-0.42477466E-01	 0.76674377E-02
  2243.0000    	  2244.0000    	-0.22619231E-01	 0.78554578E-02
  2244.0000    	  2245.0000    	-0.20337413    	 0.26156899E-01
  2245.0000    	  2246.0000    	-0.20104221    	 0.22990359E-01
  2246.0000    	  2247.0000    	-0.20139222    	 0.24254484E-01
  2247.0000    	  2248.0000    	-0.15056284    	 0.21223891E-01
  2248.0000    	  2249.0000    	-0.15996251    	 0.18043012E-01
  2249.0000    	  2250.0000    	-0.14073848    	 0.17654917E-01
  2250.0000    	  2251.0000    	-0.11491545    	 0.14096526E-01
  2251.0000    	  2252.0000    	-0.89386899E-01	 0.12362937E-01
  2252.0000    	  2253.0000    	-0.65597043E-01	 0.10693708E-01
  2253.0000    	  2254.0000    	-0.32700721E-01	 0.86230003E-02
  2254.0000    	  2255.0000    	-0.20273076E-01	 0.66136876E-02
  2255.0000    	  2256.0000    	-0.17857516    	 0.26054044E-01
  2256.0000    	  2257.0000    	-0.17848595    	 0.23891742E-01
  2257.0000    	  2258.0000    	-0.16937843    	 0.23240023E-01
  2258.0000    	  2259.0000    	-0.18830151    	 0.21881165E-01
  2259.0000    	  2260.0000    	-0.14976343    	 0.18063897E-01
  2260.0000    	  2261.0000    	-0.12232024    	 0.18307393E-01
  2261.0000    	  2262.0000    	-0.85573048E-01	 0.14098932E-01
  2262.0000    	  2263.0000    	-0.81511912E-01	 0.11577660E-01
  2263.0000    	  2264.0000    	-0.45731647E-01	 0.10882898E-01
  2264.0000    	  2265.0000    	-0.40979060E-01	 0.99479110E-02
  2265.0000    	  2266.0000    	-0.26106614E-01	 0.64677280E-02
  2266.0000    	  2267.0000    	-0.21156230    	 0.23061082E-01
  2267.0000    	  2268.0000    	-0.16698939    	 0.23590696E-01
  2268.0000    	  2269.0000    	-0.17943359    	 0.22732258E-01
  2269.0000    	  2270.0000    	-0.13842956    	 0.19927205E-01
  2270.0000    	  2271.0000    	-0.15843952    	 0.19633773E-01
  2271.0000    	  2272.0000    	-0.10772480    	 0.16414653E-01
  2272.0000    	  2273.0000    	-0.99213707E-01	 0.14437975E-01
  2273.0000    	  2274.0000    	-0.85902201E-01	 0.15045574E-01
  2274.0000    	  2275.0000    	-0.65861625E-01	 0.94994017E-02
  2275.0000    	  2276.0000    	-0.30946735E-01	 0.83074439E-02
  2276.0000    	  2277.0000    	-0.13975522E-01	 0.60561834E-02
  2277.0000    	  2278.0000    	-0.20221611    	 0.22797906E-01
  2278.0000    	  2279.0000    	-0.18437056    	 0.23756615E-01
  2279.0000    	  2280.0000    	-0.17486916    	 0.22478723E-01
  2280.0000    	  2281.0000    	-0.15153847    	 0.19712784E-01
  2281.0000    	  2282.0000    	-0.13609456    	 0.17473419E-01
  2282.0000    	  2283.0000    	-0.91475408E-01	 0.15541998E-01
  2283.0000    	  2284.0000    	-0.10426530    	 0.14940415E-01
  2284.0000    	  2285.0000    	-0.90209504E-01	 0.14441595E-01
  2285.0000    	  2286.0000    	-0.42206884E-01	 0.95211104E-02
  2286.0000    	  2287.0000    	-0.38698361E-01	 0.77889664E-02
  2287.0000    	  2288.0000    	-0.40085849E-01	 0.66087625E-02
  2288.0000    	  2289.0000    	-0.17944801    	 0.25866379E-01
  2289.0000    	  2290.0000    	-0.20723774    	 0.26293514E-01
  2290.0000    	  2291.0000    	-0.18035472    	 0.23197932E-01
  2291.0000    	  2292.0000    	-0.19146481    	 0.19708329E-01
  2292.0000    	  2293.0000    	-0.12697558    	 0.18551345E-01
  2293.0000    	  2294.0000    	-0.13270111    	 0.17206992E-01
  2294.0000    	  2295.0000    	-0.89092818E-01	 0.14445841E-01
  2295.0000    	  2296.0000    	-0.68396603E-01	 0.13228812E-01
  2296.0000    	  2297.0000    	-0.61038693E-01	 0.10511803E-01
  2297.0000    	  2298.0000    	-0.45353856E-01	 0.81744427E-02
  2298.0000    	  2299.0000    	-0.19363397E-01	 0.63159828E-02
  2299.0000    	  2300.0000    	-0.19001696    	 0.26649444E-01
  2300.0000    	  2301.0000    	-0.17466350    	 0.23310580E-01
  2301.0000    	  2302.0000    	-0.16091173    	 0.18995895E-01
  2302.0000    	  2303.0000    	-0.12337022    	 0.21673442E-01
  2303.0000    	  2304.0000    	-0.15880243    	 0.17850164E-01
  2304.0000    	  2305.0000    	-0.95746717E-01	 0.15450062E-01
  2305.0000    	  2306.0000    	-0.10382177    	 0.13322724E-01
  2306.0000    	  2307.0000    	-0.52511702E-01	 0.11570524E-01
  2307.0000    	  2308.0000    	-0.60130790E-01	 0.10170744E-01
  2308.0000    	  2309.0000    	-0.43803367E-01	 0.82903251E-02
  2309.0000    	  2310.0000    	-0.32634989E-01	 0.63509465E-02
  2310.0000    	  2311.0000    	-0.12858786    	 0.23084433E-01
  2311.0000    	  2312.0000    	-0.19224231    	 0.22597284E-01
  2312.0000    	  2313.0000    	-0.18562629    	 0.19816610E-01
  2313.0000    	  2314.0000    	-0.12360902    	 0.18401809E-01
  2314.0000    	  2315.0000    	-0.12534318    	 0.17319691E-01
  2315.0000    	  2316.0000    	-0.12094139    	 0.15794843E-01
  2316.0000    	  2317.0000    	-0.79485162E-01	 0.13481622E-01
  2317.0000    	  2318.0000    	-0.78349828E-01	 0.11241443E-01
  2318.0000    	  2319.0000    	-0.40306103E-01	 0.10750625E-01
  2319.0000    	  2320.0000    	-0.38920785E-01	 0.83347684E-02
  2320.0000    	  2321.0000    	-0.16746527E-01	 0.56888388E-02
  2321.0000    	  2322.0000    	-0.16955392    	 0.22687868E-01
  2322.0000    	  2323.0000    	-0.13078652    	 0.24774856E-01
  2323.0000    	  2324.0000    	-0.14621678    	 0.20667311E-01
  2324.0000    	  2325.0000    	-0.14606170    	 0.21137237E-01
  2325.0000    	  2326.0000    	-0.17212044    	 0.18638855E-01
  2326.0000    	  2327.0000    	-0.13201362    	 0.15196412E-01
  2327.0000    	  2328.0000    	-0.95043779E-01	 0.13216016E-01
  2328.0000    	  2329.0000    	-0.73811726E-01	 0.12162253E-01
  2329.0000    	  2330.0000    	-0.62196191E-01	 0.10799631E-01
  2330.0000    	  2331.0000    	-0.44416783E-01	 0.71535253E-02
  2331.0000    	  2332.0000    	-0.32403730E-01	 0.59094589E-02
  2332.0000    	  2333.0000    	-0.21191871    	 0.24234817E-01
  2333.0000    	  2334.0000    	-0.17546794    	 0.24336248E-01
  2334.0000    	  2335.0000    	-0.18142236    	 0.19900151E-01
  2335.0000    	  2336.0000    	-0.19690724    	 0.20304431E-01
  2336.0000    	  2337.0000    	-0.11236085    	 0.18665187E-01
  2337.0000    	  2338.0000    	-0.10387301    	 0.15942845E-01
  2338.0000    	  2339.0000    	-0.12376152    	 0.15474112E-01
  2339.0000    	  2340.0000    	-0.80354062E-01	 0.11141613E-01
  2340.0000    	  2341.0000    	-0.55594380E-01	 0.89093352E-02
  2341.0000    	  2342.0000    	-0.46279146E-01	 0.80098559E-02
  2342.0000    	  2343.0000    	-0.27588442E-01	 0.62013435E-02
  2343.0000    	  2344.0000    	-0.19362453    	 0.23972603E-01
  2344.0000    	  2345.0000    	-0.16384800    	 0.22394835E-01
  2345.0000    	  2346.0000    	-0.12917327    	 0.20399733E-01
  2346.0000    	  2347.0000    	-0.11885874    	 0.17980606E-01
  2347.0000    	  2348.0000    	-0.13363796    	 0.18937960E-01
  2348.0000    	  2349.0000    	-0.12127318    	 0.16285576E-01
  2349.0000    	  2350.0000    	-0.75778257E-01	 0.15644368E-01
  2350.0000    	  2351.0000    	-0.83924130E-01	 0.12495061E-01
  2351.0000    	  2352.0000    	-0.42152543E-01	 0.90256293E-02
  2352.0000    	  2353.0000    	-0.43498662E-01	 0.72158065E-02
  2353.0000    	  2354.0000    	-0.29065115E-01	 0.59699515E-02
  2354.0000    	  2355.0000    	-0.13959212    	 0.22918241E-01
  2355.0000    	  2356.0000    	-0.20426215    	 0.25390989E-01
  2356.0000    	  2357.0000    	-0.18802355    	 0.21976625E-01
  2357.0000    	  2358.0000    	-0.13241823    	 0.17941516E-01
  2358.0000    	  2359.0000    	-0.13277477    	 0.16916564E-01
  2359.0000    	  2360.0000    	-0.10834628    	 0.14757355E-01
  2360.0000    	  2361.0000    	-0.76153554E-01	 0.14102077E-01
  2361.0000    	  2362.0000    	-0.69131156E-01	 0.11803232E-01
  2362.0000    	  2363.0000    	-0.62740182E-01	 0.90885629E-02
  2363.0000    	  2364.0000    	-0.35918357E-01	 0.74933948E-02
  2364.0000    	  2365.0000    	-0.28464775E-01	 0.57525550E-02
  2365.0000    	  2366.0000    	-0.16536663    	 0.23127670E-01
  2366.0000    	  2367.0000    	-0.21071468    	 0.24225026E-01
  2367.0000    	  2368.0000    	-0.13920981    	 0.21174865E-01
  2368.0000    	  2369.0000    	-0.16792129    	 0.17893466E-01
  2369.0000    	  2370.0000    	-0.12752625    	 0.18736489E-01
  2370.0000    	  2371.0000    	-0.11757639    	 0.16218763E-01
  2371.0000    	  2372.0000    	-0.10541299    	 0.12953983E-01
  2372.0000    	  2373.0000    	-0.75415115E-01	 0.12722844E-01
  2373.0000    	  2374.0000    	-0.51227001E-01	 0.10507267E-01
  2374.0000    	  2375.0000    	-0.48454557E-01	 0.88613572E-02
  2375.0000    	  2376.0000    	-0.31513544E-01	 0.59067554E-02
  2376.0000    	  2377.0000    	-0.19550122    	 0.21092445E-01
  2377.0000    	  2378.0000    	-0.15160249    	 0.22981701E-01
  2378.0000    	  2379.0000    	-0.16198364    	 0.19202642E-01
  2379.0000    	  2380.0000    	-0.14565594    	 0.18222729E-01
  2380.0000    	  2381.0000    	-0.13508922    	 0.17577544E-01
  2381.0000    	  2382.0000    	-0.11703823    	 0.15966968E-01
  2382.0000    	  2383.0000    	-0.72337373E-01	 0.12666525E-01
  2383.0000    	  2384.0000    	-0.77743039E-01	 0.11850268E-01
  2384.0000    	  2385.0000    	-0.38923497E-01	 0.97233869E-02
  2385.0000    	  2386.0000    	-0.34361553E-01	 0.77086479E-02
  2386.0000    	  2387.0000    	-0.22031202E-01	 0.53986694E-02
  2387.0000    	  2388.0000    	-0.17078089    	 0.22416667E-01
  2388.0000    	  2389.0000    	-0.15606565    	 0.21394812E-01
  2389.0000    	  2390.0000    	-0.14282575    	 0.19536333E-01
  2390.0000    	  2391.0000    	-0.16020201    	 0.18668067E-01
  2391.0000    	  2392.0000    	-0.11483674    	 0.18493480E-01
  2392.0000    	  2393.0000    	-0.10666942    	 0.14661952E-01
  2393.0000    	  2394.0000    	-0.98640369E-01	 0.13195991E-01
  2394.0000    	  2395.0000    	-0.63127910E-01	 0.12152738E-01
  2395.0000    	  2396.0000    	-0.48390315E-01	 0.93009149E-02
  2396.0000    	  2397.0000    	-0.36389851E-01	 0.76549990E-02
  2397.0000    	  2398.0000    	-0.27006307E-01	 0.62563908E-02
  2398.0000    	  2399.0000    	-0.18626781    	 0.21907663E-01
  2399.0000    	  2400.0000    	-0.18758241    	 0.20041480E-01
  2400.0000    	  2401.0000    	-0.16818661    	 0.19813489E-01
  2401.0000    	  2402.0000    	-0.14408916    	 0.18335587E-01
  2402.0000    	  2403.0000    	-0.11054110    	 0.16909791E-01
  2403.0000    	  2404.0000    	-0.13236989    	 0.16017488E-01
  2404.0000    	  2405.0000    	-0.86303921E-01	 0.12708897E-01
  2405.0000    	  2406.0000    	-0.58908672E-01	 0.12083068E-01
  2406.0000    	  2407.0000    	-0.54563944E-01	 0.93249419E-02
  2407.0000    	  2408.0000    	-0.43320084E-01	 0.78835427E-02
  2408.0000    	  2409.0000    	-0.93018163E-02	 0.63608878E-02
  2409.0000    	  2410.0000    	-0.18058636    	 0.21114389E-01
  2410.0000    	  2411.0000    	-0.20451879    	 0.20582989E-01
  2411.0000    	  2412.0000    	-0.18903068    	 0.20264570E-01
  2412.0000    	  2413.0000    	-0.13468267    	 0.17115923E-01
  2413.0000    	  2414.0000    	-0.14401818    	 0.16475889E-01
  2414.0000    	  2415.0000    	-0.11594029    	 0.14725363E-01
  2415.0000    	  2416.0000    	-0.97080455E-01	 0.12616523E-01
  2416.0000    	  2417.0000    	-0.54670660E-01	 0.10753734E-01
  2417.0000    	  2418.0000    	-0.54926055E-01	 0.92690131E-02
  2418.0000    	  2419.0000    	-0.18090913E-01	 0.69869318E-02
  2419.0000    	  2420.0000    	-0.29107991E-01	 0.54581828E-02
  2420.0000    	  2421.0000    	-0.16221380    	 0.23106240E-01
  2421.0000    	  2422.0000    	-0.13592107    	 0.20291006E-01
  2422.0000    	  2423.0000    	-0.14291535    	 0.20791752E-01
  2423.0000    	  2424.0000    	-0.12578505    	 0.17201312E-01
  2424.0000    	  2425.0000    	-0.11787248    	 0.17875979E-01
  2425.0000    	  2426.0000    	-0.10625784    	 0.13642672E-01
  2426.0000    	  2427.0000    	-0.10340532    	 0.12552734E-01
  2427.0000    	  2428.0000    	-0.60732131E-01	 0.10536297E-01
  2428.0000    	  2429.0000    	-0.50734296E-01	 0.96143656E-02
  2429.0000    	  2430.0000    	-0.40240406E-01	 0.69537408E-02
  2430.0000    	  2431.0000    	-0.22162457E-01	 0.45982788E-02
  2431.0000    	  2432.0000    	-0.13096158    	 0.22504903E-01
  2432.0000    	  2433.0000    	-0.17205755    	 0.21288912E-01
  2433.0000    	  2434.0000    	-0.14931007    	 0.19417550E-01
  2434.0000    	  2435.0000    	-0.15839091    	 0.17772591E-01
  2435.0000    	  2436.0000    	-0.13887804    	 0.15742046E-01
  2436.0000    	  2437.0000    	-0.93374294E-01	 0.14521618E-01
  2437.0000    	  2438.0000    	-0.73832642E-01	 0.13947716E-01
  2438.0000    	  2439.0000    	-0.68428910E-01	 0.11632593E-01
  2439.0000    	  2440.0000    	-0.30575579E-01	 0.93261889E-02
  2440.0000    	  2441.0000    	-0.36462743E-01	 0.70666560E-02
  2441.0000    	  2442.0000    	-0.31278496E-01	 0.57248334E-02
  2442.0000    	  2443.0000    	-0.18520105    	 0.23717856E-01
  2443.0000    	  2444.0000    	-0.12803707    	 0.21027314E-01
  2444.0000    	  2445.0000    	-0.15827056    	 0.19816897E-01
  2445.0000    	  2446.0000    	-0.10172756    	 0.19138158E-01
  2446.0000    	  2447.0000    	-0.13590974    	 0.16462018E-01
  2447.0000    	  2448.0000    	-0.12337593    	 0.15885732E-01
  2448.0000    	  2449.0000    	-0.89104726E-01	 0.13817076E-01
  2449.0000    	  2450.0000    	-0.55667360E-01	 0.12584678E-01
  2450.0000    	  2451.0000    	-0.33356861E-01	 0.91979672E-02
  2451.0000    	  2452.0000    	-0.44234900E-01	 0.69011739E-02
  2452.0000    	  2453.0000    	-0.24761010E-01	 0.51075249E-02
  2453.0000    	  2454.0000    	-0.13521527    	 0.21180149E-01
  2454.0000    	  2455.0000    	-0.16279793    	 0.20777084E-01
  2455.0000    	  2456.0000    	-0.16345284    	 0.19773773E-01
  2456.0000    	  2457.0000    	-0.12799029    	 0.18935751E-01
  2457.0000    	  2458.0000    	-0.89478658E-01	 0.16834485E-01
  2458.0000    	  2459.0000    	-0.10919519    	 0.15650765E-01
  2459.0000    	  2460.0000    	-0.91549512E-01	 0.13799609E-01
  2460.0000    	  2461.0000    	-0.68325105E-01	 0.10704425E-01
  2461.0000    	  2462.0000    	-0.52542765E-01	 0.99827293E-02
  2462.0000    	  2463.0000    	-0.34703316E-01	 0.66384313E-02
  2463.0000    	  2464.0000    	-0.24336653E-01	 0.55207702E-02
  2464.0000    	  2465.0000    	-0.16016833    	 0.21866890E-01
  2465.0000    	  2466.0000    	-0.16349753    	 0.20857322E-01
  2466.0000    	  2467.0000    	-0.14892751    	 0.20237779E-01
  2467.0000    	  2468.0000    	-0.14203817    	 0.18264763E-01
  2468.0000    	  2469.0000    	-0.10505378    	 0.16173197E-01
  2469.0000    	  2470.0000    	-0.91483852E-01	 0.13934312E-01
  2470.0000    	  2471.0000    	-0.68950123E-01	 0.12592986E-01
  2471.0000    	  2472.0000    	-0.51329042E-01	 0.10622552E-01
  2472.0000    	  2473.0000    	-0.42086856E-01	 0.81198456E-02
  2473.0000    	  2474.0000    	-0.29962301E-01	 0.58018499E-02
  2474.0000    	  2475.0000    	-0.17848590E-01	 0.49737921E-02
  2475.0000    	  2476.0000    	-0.14749719    	 0.20696329E-01
  2476.0000    	  2477.0000    	-0.14577228    	 0.19634580E-01
  2477.0000    	  2478.0000    	-0.14406044    	 0.19592317E-01
  2478.0000    	  2479.0000    	-0.11960246    	 0.15523644E-01
  2479.0000    	  2480.0000    	-0.10841965    	 0.15387869E-01
  2480.0000    	  2481.0000    	-0.96536949E-01	 0.14067000E-01
  2481.0000    	  2482.0000    	-0.81129494E-01	 0.11873212E-01
  2482.0000    	  2483.0000    	-0.47457199E-01	 0.93778633E-02
  2483.0000    	  2484.0000    	-0.59039717E-01	 0.86694331E-02
  2484.0000    	  2485.0000    	-0.36590005E-01	 0.64191794E-02
  2485.0000    	  2486.0000    	-0.18486006E-01	 0.54003199E-02
  2486.0000    	  2487.0000    	-0.18825488    	 0.23279991E-01
  2487.0000    	  2488.0000    	-0.13191514    	 0.21371384E-01
  2488.0000    	  2489.0000    	-0.14449410    	 0.19542669E-01
  2489.0000    	  2490.0000    	-0.12678325    	 0.16023587E-01
  2490.0000    	  2491.0000    	-0.10853821    	 0.15333289E-01
  2491.0000    	  2492.0000    	-0.11255552    	 0.14428800E-01
  2492.0000    	  2493.0000    	-0.62588144E-01	 0.13206723E-01
  2493.0000    	  2494.0000    	-0.73255533E-01	 0.98467082E-02
  2494.0000    	  2495.0000    	-0.32428607E-01	 0.83306780E-02
  2495.0000    	  2496.0000    	-0.32448979E-01	 0.69607399E-02
  2496.0000    	  2497.0000    	-0.20205618E-01	 0.54326699E-02
  2497.0000    	  2498.0000    	-0.12903370    	 0.24148470E-01
  2498.0000    	  2499.0000    	-0.15229743    	 0.21605524E-01
  2499.0000    	  2500.0000    	-0.12389847    	 0.20393186E-01
  2500.0000    	  2501.0000    	-0.12857120    	 0.16340729E-01
  2501.0000    	  2502.0000    	-0.10688243    	 0.15129621E-01
  2502.0000    	  2503.0000    	-0.80980083E-01	 0.14119600E-01
  2503.0000    	  2504.0000    	-0.74234134E-01	 0.12907980E-01
  2504.0000    	  2505.0000    	-0.60843601E-01	 0.10684197E-01
  2505.0000    	  2506.0000    	-0.53521007E-01	 0.86127340E-02
  2506.0000    	  2507.0000    	-0.31008561E-01	 0.68899265E-02
  2507.0000    	  2508.0000    	-0.31616713E-01	 0.51171168E-02
  2508.0000    	  2509.0000    	-0.14725605    	 0.23517063E-01
  2509.0000    	  2510.0000    	-0.15374617    	 0.22018395E-01
  2510.0000    	  2511.0000    	-0.16814677    	 0.21372563E-01
  2511.0000    	  2512.0000    	-0.14992711    	 0.16742708E-01
  2512.0000    	  2513.0000    	-0.13295025    	 0.14425156E-01
  2513.0000    	  2514.0000    	-0.10494214    	 0.14888811E-01
  2514.0000    	  2515.0000    	-0.93084379E-01	 0.11518162E-01
  2515.0000    	  2516.0000    	-0.65189910E-01	 0.10437751E-01
  2516.0000    	  2517.0000    	-0.41024098E-01	 0.77997293E-02
  2517.0000    	  2518.0000    	-0.40337368E-01	 0.73795521E-02
  2518.0000    	  2519.0000    	-0.19713738E-01	 0.50208375E-02
  2519.0000    	  2520.0000    	-0.15858830    	 0.23439606E-01
  2520.0000    	  2521.0000    	-0.10186467    	 0.22911014E-01
  2521.0000    	  2522.0000    	-0.12927455    	 0.20178903E-01
  2522.0000    	  2523.0000    	-0.11147862    	 0.17031600E-01
  2523.0000    	  2524.0000    	-0.11991513    	 0.15052551E-01
  2524.0000    	  2525.0000    	-0.96343232E-01	 0.14142206E-01
  2525.0000    	  2526.0000    	-0.86224040E-01	 0.12270581E-01
  2526.0000    	  2527.0000    	-0.48248651E-01	 0.10351282E-01
  2527.0000    	  2528.0000    	-0.51869402E-01	 0.77718714E-02
  2528.0000    	  2529.0000    	-0.30261640E-01	 0.66534076E-02
  2529.0000    	  2530.0000    	-0.18728958E-01	 0.49672074E-02
  2530.0000    	  2531.0000    	-0.16445988    	 0.22425276E-01
  2531.0000    	  2532.0000    	-0.11373992    	 0.20688655E-01
  2532.0000    	  2533.0000    	-0.10423091    	 0.19444312E-01
  2533.0000    	  2534.0000    	-0.10067770    	 0.17807525E-01
  2534.0000    	  2535.0000    	-0.85868935E-01	 0.15604307E-01
  2535.0000    	  2536.0000    	-0.10311502    	 0.13419259E-01
  2536.0000    	  2537.0000    	-0.54008647E-01	 0.12503230E-01
  2537.0000    	  2538.0000    	-0.47852452E-01	 0.94716314E-02
  2538.0000    	  2539.0000    	-0.44617835E-01	 0.85908201E-02
  2539.0000    	  2540.0000    	-0.30115256E-01	 0.55096707E-02
  2540.0000    	  2541.0000    	-0.17383068E-01	 0.49498983E-02
  2541.0000    	  2542.0000    	-0.16113801    	 0.22194225E-01
  2542.0000    	  2543.0000    	-0.16931906    	 0.19927429E-01
  2543.0000    	  2544.0000    	-0.13221336    	 0.17995926E-01
  2544.0000    	  2545.0000    	-0.11954463    	 0.17378840E-01
  2545.0000    	  2546.0000    	-0.12747194    	 0.15854009E-01
  2546.0000    	  2547.0000    	-0.91073792E-01	 0.13902890E-01
  2547.0000    	  2548.0000    	-0.77652851E-01	 0.12462252E-01
  2548.0000    	  2549.0000    	-0.52838546E-01	 0.93395301E-02
  2549.0000    	  2550.0000    	-0.52691926E-01	 0.93216215E-02
  2550.0000    	  2551.0000    	-0.32820686E-01	 0.67763125E-02
  2551.0000    	  2552.0000    	-0.18973604E-01	 0.47689552E-02
  2552.0000    	  2553.0000    	-0.13790842    	 0.21169267E-01
  2553.0000    	  2554.0000    	-0.13278952    	 0.21276646E-01
  2554.0000    	  2555.0000    	-0.14854622    	 0.18704100E-01
  2555.0000    	  2556.0000    	-0.10440194    	 0.18049003E-01
  2556.0000    	  2557.0000    	-0.10262183    	 0.16412096E-01
  2557.0000    	  2558.0000    	-0.90630230E-01	 0.13453959E-01
  2558.0000    	  2559.0000    	-0.62750166E-01	 0.11465635E-01
  2559.0000    	  2560.0000    	-0.62512748E-01	 0.93134492E-02
  2560.0000    	  2561.0000    	-0.47942084E-01	 0.76169461E-02
  2561.0000    	  2562.0000    	-0.35842838E-01	 0.68366621E-02
  2562.0000    	  2563.0000    	-0.21706708E-01	 0.48442476E-02
  2563.0000    	  2564.0000    	-0.79873595E-01	 0.16919696E-01
  2564.0000    	  2565.0000    	-0.13538560    	 0.20333387E-01
  2565.0000    	  2566.0000    	-0.10642512    	 0.17247481E-01
  2566.0000    	  2567.0000    	-0.10359518    	 0.16578493E-01
  2567.0000    	  2568.0000    	-0.10021794    	 0.14908465E-01
  2568.0000    	  2569.0000    	-0.93709805E-01	 0.14160047E-01
  2569.0000    	  2570.0000    	-0.61870195E-01	 0.12410738E-01
  2570.0000    	  2571.0000    	-0.62632619E-01	 0.98213198E-02
  2571.0000    	  2572.0000    	-0.55205755E-01	 0.88522589E-02
  2572.0000    	  2573.0000    	-0.29401091E-01	 0.70288998E-02
  2573.0000    	  2574.0000    	-0.11604099E-01	 0.42931522E-02
  2574.0000    	  2575.0000    	-0.14430969    	 0.18954440E-01
  2575.0000    	  2576.0000    	-0.12024755    	 0.19877868E-01
  2576.0000    	  2577.0000    	-0.14575429    	 0.16955775E-01
  2577.0000    	  2578.0000    	-0.13139718    	 0.17436316E-01
  2578.0000    	  2579.0000    	-0.11920832    	 0.14187753E-01
  2579.0000    	  2580.0000    	-0.99609556E-01	 0.14554445E-01
  2580.0000    	  2581.0000    	-0.82987104E-01	 0.11207937E-01
  2581.0000    	  2582.0000    	-0.70728881E-01	 0.99502930E-02
  2582.0000    	  2583.0000    	-0.32704946E-01	 0.89317553E-02
  2583.0000    	  2584.0000    	-0.28750302E-01	 0.60309665E-02
  2584.0000    	  2585.0000    	-0.22146578E-01	 0.51768667E-02
  2585.0000    	  2586.0000    	-0.14967390    	 0.20186543E-01
  2586.0000    	  2587.0000    	-0.15437410    	 0.19386952E-01
  2587.0000    	  2588.0000    	-0.12398801    	 0.18873377E-01
  2588.0000    	  2589.0000    	-0.13280583    	 0.17350835E-01
  2589.0000    	  2590.0000    	-0.10536724    	 0.15793227E-01
  2590.0000    	  2591.0000    	-0.60081252E-01	 0.13686146E-01
  2591.0000    	  2592.0000    	-0.63041832E-01	 0.11315928E-01
  2592.0000    	  2593.0000    	-0.43988370E-01	 0.88666735E-02
  2593.0000    	  2594.0000    	-0.43200329E-01	 0.87126833E-02
  2594.0000    	  2595.0000    	-0.33789962E-01	 0.64644226E-02
  2595.0000    	  2596.0000    	-0.20541462E-01	 0.39642468E-02
  2596.0000    	  2597.0000    	-0.14583276    	 0.22907510E-01
  2597.0000    	  2598.0000    	-0.12247205    	 0.20726700E-01
  2598.0000    	  2599.0000    	-0.10649201    	 0.17677684E-01
  2599.0000    	  2600.0000    	-0.91600882E-01	 0.17034473E-01
  2600.0000    	  2601.0000    	-0.74173142E-01	 0.15000295E-01
  2601.0000    	  2602.0000    	-0.99077972E-01	 0.14374278E-01
  2602.0000    	  2603.0000    	-0.70908972E-01	 0.11581071E-01
  2603.0000    	  2604.0000    	-0.57609687E-01	 0.97749582E-02
  2604.0000    	  2605.0000    	-0.38271228E-01	 0.81525791E-02
  2605.0000    	  2606.0000    	-0.36558244E-01	 0.71001472E-02
  2606.0000    	  2607.0000    	-0.11518514E-01	 0.43056507E-02
  2607.0000    	  2608.0000    	-0.12662434    	 0.21012557E-01
  2608.0000    	  2609.0000    	-0.80457727E-01	 0.20731025E-01
  2609.0000    	  2610.0000    	-0.13638997    	 0.16739428E-01
  2610.0000    	  2611.0000    	-0.12727709    	 0.17396397E-01
  2611.0000    	  2612.0000    	-0.96460420E-01	 0.14782349E-01
  2612.0000    	  2613.0000    	-0.67158305E-01	 0.13615206E-01
  2613.0000    	  2614.0000    	-0.68005151E-01	 0.10912501E-01
  2614.0000    	  2615.0000    	-0.39655492E-01	 0.89967888E-02
  2615.0000    	  2616.0000    	-0.34405566E-01	 0.85215042E-02
  2616.0000    	  2617.0000    	-0.28692159E-01	 0.65922875E-02
  2617.0000    	  2618.0000    	-0.13417459E-01	 0.40470346E-02
  2618.0000    	  2619.0000    	-0.13732451    	 0.19118814E-01
  2619.0000    	  2620.0000    	-0.12637955    	 0.19930613E-01
  2620.0000    	  2621.0000    	-0.13989875    	 0.16161593E-01
  2621.0000    	  2622.0000    	-0.10388700    	 0.15061494E-01
  2622.0000    	  2623.0000    	-0.10373066    	 0.13118971E-01
  2623.0000    	  2624.0000    	-0.10907396    	 0.13869695E-01
  2624.0000    	  2625.0000    	-0.69941281E-01	 0.12200687E-01
  2625.0000    	  2626.0000    	-0.65833464E-01	 0.10586743E-01
  2626.0000    	  2627.0000    	-0.40063920E-01	 0.80569417E-02
  2627.0000    	  2628.0000    	-0.22545570E-01	 0.56041741E-02
  2628.0000    	  2629.0000    	-0.20156309E-01	 0.45020025E-02
  2629.0000    	  2630.0000    	-0.13382423    	 0.19064370E-01
  2630.0000    	  2631.0000    	-0.13565287    	 0.19858121E-01
  2631.0000    	  2632.0000    	-0.12535952    	 0.17214764E-01
  2632.0000    	  2633.0000    	-0.14302183    	 0.18340166E-01
  2633.0000    	  2634.0000    	-0.84364476E-01	 0.16738876E-01
  2634.0000    	  2635.0000    	-0.72598763E-01	 0.12871532E-01
  2635.0000    	  2636.0000    	-0.64524093E-01	 0.11696240E-01
  2636.0000    	  2637.0000    	-0.43615975E-01	 0.10031461E-01
  2637.0000    	  2638.0000    	-0.32933880E-01	 0.90978329E-02
  2638.0000    	  2639.0000    	-0.31183629E-01	 0.59842097E-02
  2639.0000    	  2640.0000    	-0.22175569E-01	 0.44041038E-02
  2640.0000    	  2641.0000    	-0.12366728    	 0.18192516E-01
  2641.0000    	  2642.0000    	-0.11770987    	 0.18766758E-01
  2642.0000    	  2643.0000    	-0.11974124    	 0.17789326E-01
  2643.0000    	  2644.0000    	-0.12045906    	 0.17236407E-01
  2644.0000    	  2645.0000    	-0.98498143E-01	 0.16521107E-01
  2645.0000    	  2646.0000    	-0.59692002E-01	 0.13013734E-01
  2646.0000    	  2647.0000    	-0.70631352E-01	 0.10812946E-01
  2647.0000    	  2648.0000    	-0.51754403E-01	 0.93479792E-02
  2648.0000    	  2649.0000    	-0.30807078E-01	 0.85721477E-02
  2649.0000    	  2650.0000    	-0.17542711E-01	 0.51290724E-02
  2650.0000    	  2651.0000    	-0.19300899E-01	 0.43976651E-02
  2651.0000    	  2652.0000    	-0.10602759    	 0.17344371E-01
  2652.0000    	  2653.0000    	-0.11324716    	 0.18282640E-01
  2653.0000    	  2654.0000    	-0.95393299E-01	 0.16646482E-01
  2654.0000    	  2655.0000    	-0.98724622E-01	 0.15555095E-01
  2655.0000    	  2656.0000    	-0.80983719E-01	 0.14325494E-01
  2656.0000    	  2657.0000    	-0.93224284E-01	 0.12869485E-01
  2657.0000    	  2658.0000    	-0.78051726E-01	 0.10085376E-01
  2658.0000    	  2659.0000    	-0.41357098E-01	 0.94194704E-02
  2659.0000    	  2660.0000    	-0.48323995E-01	 0.73272172E-02
  2660.0000    	  2661.0000    	-0.26008655E-01	 0.48562958E-02
  2661.0000    	  2662.0000    	-0.11318180E-01	 0.31792805E-02
  2662.0000    	  2663.0000    	-0.13145342    	 0.18866428E-01
  2663.0000    	  2664.0000    	-0.10417573    	 0.17676538E-01
  2664.0000    	  2665.0000    	-0.14442540    	 0.16570628E-01
  2665.0000    	  2666.0000    	-0.10367575    	 0.16149327E-01
  2666.0000    	  2667.0000    	-0.82103526E-01	 0.15484054E-01
  2667.0000    	  2668.0000    	-0.10657194    	 0.13651303E-01
  2668.0000    	  2669.0000    	-0.77624564E-01	 0.10171328E-01
  2669.0000    	  2670.0000    	-0.64942668E-01	 0.95087948E-02
  2670.0000    	  2671.0000    	-0.30438728E-01	 0.77947968E-02
  2671.0000    	  2672.0000    	-0.24750015E-01	 0.66024058E-02
  2672.0000    	  2673.0000    	-0.29981832E-01	 0.49760316E-02
  2673.0000    	  2674.0000    	-0.14276526    	 0.19763782E-01
  2674.0000    	  2675.0000    	-0.14808862    	 0.18604607E-01
  2675.0000    	  2676.0000    	-0.13751800    	 0.15824784E-01
  2676.0000    	  2677.0000    	-0.14027888    	 0.16260709E-01
  2677.0000    	  2678.0000    	-0.10117242    	 0.15436963E-01
  2678.0000    	  2679.0000    	-0.77845274E-01	 0.12980696E-01
  2679.0000    	  2680.0000    	-0.52464812E-01	 0.11424520E-01
  2680.0000    	  2681.0000    	-0.59838273E-01	 0.95670705E-02
  2681.0000    	  2682.0000    	-0.51601723E-01	 0.77325430E-02
  2682.0000    	  2683.0000    	-0.24375117E-01	 0.51123864E-02
  2683.0000    	  2684.0000    	-0.11384297E-01	 0.45885139E-02
  2684.0000    	  2685.0000    	-0.11070635    	 0.19066902E-01
  2685.0000    	  2686.0000    	-0.10316530    	 0.18412208E-01
  2686.0000    	  2687.0000    	-0.13560359    	 0.16525548E-01
  2687.0000    	  2688.0000    	-0.66994112E-01	 0.17727514E-01
  2688.0000    	  2689.0000    	-0.98680965E-01	 0.14573561E-01
  2689.0000    	  2690.0000    	-0.79791176E-01	 0.12889980E-01
  2690.0000    	  2691.0000    	-0.96776250E-01	 0.11745227E-01
  2691.0000    	  2692.0000    	-0.32235656E-01	 0.10311238E-01
  2692.0000    	  2693.0000    	-0.45964455E-01	 0.80437672E-02
  2693.0000    	  2694.0000    	-0.18361695E-01	 0.60864857E-02
  2694.0000    	  2695.0000    	-0.15741208E-01	 0.43857163E-02
  2695.0000    	  2696.0000    	-0.11209769    	 0.18701221E-01
  2696.0000    	  2697.0000    	-0.10480099    	 0.17526517E-01
  2697.0000    	  2698.0000    	-0.81018155E-01	 0.16218258E-01
  2698.0000    	  2699.0000    	-0.10490084    	 0.16042429E-01
  2699.0000    	  2700.0000    	-0.88384177E-01	 0.14522824E-01
  2700.0000    	  2701.0000    	-0.53824060E-01	 0.11375033E-01
  2701.0000    	  2702.0000    	-0.70955124E-01	 0.12397838E-01
  2702.0000    	  2703.0000    	-0.55675018E-01	 0.89314576E-02
  2703.0000    	  2704.0000    	-0.35892649E-01	 0.81573243E-02
  2704.0000    	  2705.0000    	-0.25942524E-01	 0.44416694E-02
  2705.0000    	  2706.0000    	-0.17096205E-01	 0.43154757E-02
  2706.0000    	  2707.0000    	-0.14055039    	 0.18694257E-01
  2707.0000    	  2708.0000    	-0.12683661    	 0.16631841E-01
  2708.0000    	  2709.0000    	-0.12291672    	 0.16617058E-01
  2709.0000    	  2710.0000    	-0.97740455E-01	 0.14547816E-01
  2710.0000    	  2711.0000    	-0.10986403    	 0.13836466E-01
  2711.0000    	  2712.0000    	-0.65003174E-01	 0.12335411E-01
  2712.0000    	  2713.0000    	-0.58260410E-01	 0.10141604E-01
  2713.0000    	  2714.0000    	-0.39695495E-01	 0.88527356E-02
  2714.0000    	  2715.0000    	-0.39164726E-01	 0.75278237E-02
  2715.0000    	  2716.0000    	-0.14588482E-01	 0.57531977E-02
  2716.0000    	  2717.0000    	-0.11312581E-01	 0.43478537E-02
  2717.0000    	  2718.0000    	-0.11413072    	 0.18006481E-01
  2718.0000    	  2719.0000    	-0.10814473    	 0.19330767E-01
  2719.0000    	  2720.0000    	-0.11112107    	 0.17957237E-01
  2720.0000    	  2721.0000    	-0.84050742E-01	 0.16080706E-01
  2721.0000    	  2722.0000    	-0.77565366E-01	 0.13666701E-01
  2722.0000    	  2723.0000    	-0.85823212E-01	 0.12356271E-01
  2723.0000    	  2724.0000    	-0.48840427E-01	 0.11424065E-01
  2724.0000    	  2725.0000    	-0.41478962E-01	 0.85758559E-02
  2725.0000    	  2726.0000    	-0.52413189E-01	 0.77684494E-02
  2726.0000    	  2727.0000    	-0.24508597E-01	 0.61240171E-02
  2727.0000    	  2728.0000    	-0.22663603E-01	 0.48043394E-02
  2728.0000    	  2729.0000    	-0.12324092    	 0.20102921E-01
  2729.0000    	  2730.0000    	-0.14434463    	 0.18850692E-01
  2730.0000    	  2731.0000    	-0.12403657    	 0.16705872E-01
  2731.0000    	  2732.0000    	-0.81696515E-01	 0.15730563E-01
  2732.0000    	  2733.0000    	-0.78290180E-01	 0.15941444E-01
  2733.0000    	  2734.0000    	-0.57724551E-01	 0.11493572E-01
  2734.0000    	  2735.0000    	-0.59377136E-01	 0.11271207E-01
  2735.0000    	  2736.0000    	-0.51817965E-01	 0.83203950E-02
  2736.0000    	  2737.0000    	-0.35946837E-01	 0.77581325E-02
  2737.0000    	  2738.0000    	-0.15747596E-01	 0.51436100E-02
  2738.0000    	  2739.0000    	-0.97930794E-02	 0.36886547E-02
  2739.0000    	  2740.0000    	-0.96659922E-01	 0.21235814E-01
  2740.0000    	  2741.0000    	-0.12086633    	 0.17906544E-01
  2741.0000    	  2742.0000    	-0.89539849E-01	 0.15760451E-01
  2742.0000    	  2743.0000    	-0.13119721    	 0.15583348E-01
  2743.0000    	  2744.0000    	-0.10093014    	 0.15530067E-01
  2744.0000    	  2745.0000    	-0.82965982E-01	 0.11257352E-01
  2745.0000    	  2746.0000    	-0.69702734E-01	 0.10011498E-01
  2746.0000    	  2747.0000    	-0.44709093E-01	 0.88284849E-02
  2747.0000    	  2748.0000    	-0.35431053E-01	 0.69828345E-02
  2748.0000    	  2749.0000    	-0.28806657E-01	 0.56259438E-02
  2749.0000    	  2750.0000    	-0.17130950E-01	 0.40897082E-02
  2750.0000    	  2751.0000    	-0.10935705    	 0.20854771E-01
  2751.0000    	  2752.0000    	-0.99066193E-01	 0.16774334E-01
  2752.0000    	  2753.0000    	-0.91753360E-01	 0.15312810E-01
  2753.0000    	  2754.0000    	-0.10846409    	 0.15701228E-01
  2754.0000    	  2755.0000    	-0.10847933    	 0.13969047E-01
  2755.0000    	  2756.0000    	-0.67776588E-01	 0.12861631E-01
  2756.0000    	  2757.0000    	-0.44380450E-01	 0.94847332E-02
  2757.0000    	  2758.0000    	-0.35572739E-01	 0.90037072E-02
  2758.0000    	  2759.0000    	-0.29408517E-01	 0.66000676E-02
  2759.0000    	  2760.0000    	-0.22768395E-01	 0.54176835E-02
  2760.0000    	  2761.0000    	-0.14179467E-01	 0.39034972E-02
  2761.0000    	  2762.0000    	-0.14026059    	 0.17840017E-01
  2762.0000    	  2763.0000    	-0.10250791    	 0.16566300E-01
  2763.0000    	  2764.0000    	-0.13216338    	 0.15943364E-01
  2764.0000    	  2765.0000    	-0.10407304    	 0.16498619E-01
  2765.0000    	  2766.0000    	-0.86481378E-01	 0.13230786E-01
  2766.0000    	  2767.0000    	-0.79413673E-01	 0.13232688E-01
  2767.0000    	  2768.0000    	-0.68282236E-01	 0.10327134E-01
  2768.0000    	  2769.0000    	-0.50447484E-01	 0.84886813E-02
  2769.0000    	  2770.0000    	-0.34287763E-01	 0.70816714E-02
  2770.0000    	  2771.0000    	-0.16552642E-01	 0.47924664E-02
  2771.0000    	  2772.0000    	-0.14302542E-01	 0.45509405E-02
  2772.0000    	  2773.0000    	-0.11175199    	 0.16910139E-01
  2773.0000    	  2774.0000    	-0.94993295E-01	 0.15445100E-01
  2774.0000    	  2775.0000    	-0.97940320E-01	 0.15808800E-01
  2775.0000    	  2776.0000    	-0.89546648E-01	 0.15430773E-01
  2776.0000    	  2777.0000    	-0.77328489E-01	 0.12959859E-01
  2777.0000    	  2778.0000    	-0.45252604E-01	 0.12139303E-01
  2778.0000    	  2779.0000    	-0.58403918E-01	 0.10998604E-01
  2779.0000    	  2780.0000    	-0.57102882E-01	 0.88397680E-02
  2780.0000    	  2781.0000    	-0.23665873E-01	 0.78827973E-02
  2781.0000    	  2782.0000    	-0.34058288E-01	 0.58987960E-02
  2782.0000    	  2783.0000    	-0.14493826E-01	 0.38715317E-02
  2783.0000    	  2784.0000    	-0.13696009    	 0.19056756E-01
  2784.0000    	  2785.0000    	-0.13666093    	 0.15609943E-01
  2785.0000    	  2786.0000    	-0.10333618    	 0.15569953E-01
  2786.0000    	  2787.0000    	-0.10484388    	 0.14678781E-01
  2787.0000    	  2788.0000    	-0.78789619E-01	 0.13047073E-01
  2788.0000    	  2789.0000    	-0.72375412E-01	 0.12164071E-01
  2789.0000    	  2790.0000    	-0.64286474E-01	 0.11617128E-01
  2790.0000    	  2791.0000    	-0.47766430E-01	 0.88538902E-02
  2791.0000    	  2792.0000    	-0.29880114E-01	 0.77641493E-02
  2792.0000    	  2793.0000    	-0.73480959E-02	 0.60076372E-02
  2793.0000    	  2794.0000    	-0.11749379E-01	 0.29556777E-02
  2794.0000    	  2795.0000    	-0.11784113    	 0.18132046E-01
  2795.0000    	  2796.0000    	-0.13914981    	 0.16176092E-01
  2796.0000    	  2797.0000    	-0.93696465E-01	 0.14311269E-01
  2797.0000    	  2798.0000    	-0.10995613    	 0.16577824E-01
  2798.0000    	  2799.0000    	-0.66471998E-01	 0.13882516E-01
  2799.0000    	  2800.0000    	-0.62485233E-01	 0.11578998E-01
  2800.0000    	  2801.0000    	-0.46554716E-01	 0.10469138E-01
  2801.0000    	  2802.0000    	-0.32741243E-01	 0.80323455E-02
  2802.0000    	  2803.0000    	-0.51958023E-01	 0.84710455E-02
  2803.0000    	  2804.0000    	-0.32938731E-01	 0.51963135E-02
  2804.0000    	  2805.0000    	-0.14658963E-01	 0.35326594E-02
  2805.0000    	  2806.0000    	-0.10495983    	 0.18030656E-01
  2806.0000    	  2807.0000    	-0.98720140E-01	 0.15969145E-01
  2807.0000    	  2808.0000    	-0.10831289    	 0.14802322E-01
  2808.0000    	  2809.0000    	-0.86843692E-01	 0.15584347E-01
  2809.0000    	  2810.0000    	-0.80995704E-01	 0.13546886E-01
  2810.0000    	  2811.0000    	-0.63529915E-01	 0.11414153E-01
  2811.0000    	  2812.0000    	-0.49103362E-01	 0.10436196E-01
  2812.0000    	  2813.0000    	-0.44230736E-01	 0.82800706E-02
  2813.0000    	  2814.0000    	-0.30061759E-01	 0.70891119E-02
  2814.0000    	  2815.0000    	-0.19792926E-01	 0.51302600E-02
  2815.0000    	  2816.0000    	-0.12272124E-01	 0.41804034E-02
  2816.0000    	  2817.0000    	-0.12561086    	 0.17046914E-01
  2817.0000    	  2818.0000    	-0.89395028E-01	 0.16198395E-01
  2818.0000    	  2819.0000    	-0.11722068    	 0.15739152E-01
  2819.0000    	  2820.0000    	-0.78360120E-01	 0.14701576E-01
  2820.0000    	  2821.0000    	-0.62766016E-01	 0.12249572E-01
  2821.0000    	  2822.0000    	-0.63493013E-01	 0.12275182E-01
  2822.0000    	  2823.0000    	-0.51404608E-01	 0.10258981E-01
  2823.0000    	  2824.0000    	-0.40659329E-01	 0.87825296E-02
  2824.0000    	  2825.0000    	-0.42971215E-01	 0.69439575E-02
  2825.0000    	  2826.0000    	-0.19617997E-01	 0.47813485E-02
  2826.0000    	  2827.0000    	-0.16245022E-01	 0.34455076E-02
  2827.0000    	  2828.0000    	-0.95335378E-01	 0.16568636E-01
  2828.0000    	  2829.0000    	-0.10014385    	 0.15922338E-01
  2829.0000    	  2830.0000    	-0.12396732    	 0.15930747E-01
  2830.0000    	  2831.0000    	-0.98466893E-01	 0.14860498E-01
  2831.0000    	  2832.0000    	-0.67468642E-01	 0.11994626E-01
  2832.0000    	  2833.0000    	-0.70611416E-01	 0.10150247E-01
  2833.0000    	  2834.0000    	-0.50913074E-01	 0.84681200E-02
  2834.0000    	  2835.0000    	-0.57063758E-01	 0.88097051E-02
  2835.0000    	  2836.0000    	-0.27701206E-01	 0.65707529E-02
  2836.0000    	  2837.0000    	-0.17795536E-01	 0.49369962E-02
  2837.0000    	  2838.0000    	-0.10627969E-01	 0.43286297E-02
  2838.0000    	  2839.0000    	-0.12943751    	 0.17855649E-01
  2839.0000    	  2840.0000    	-0.95746065E-01	 0.15893667E-01
  2840.0000    	  2841.0000    	-0.95095006E-01	 0.15635473E-01
  2841.0000    	  2842.0000    	-0.94433151E-01	 0.14437431E-01
  2842.0000    	  2843.0000    	-0.89178105E-01	 0.12716923E-01
  2843.0000    	  2844.0000    	-0.62338027E-01	 0.10332539E-01
  2844.0000    	  2845.0000    	-0.48452065E-01	 0.10303094E-01
  2845.0000    	  2846.0000    	-0.37117100E-01	 0.82331766E-02
  2846.0000    	  2847.0000    	-0.24459004E-01	 0.63827002E-02
  2847.0000    	  2848.0000    	-0.21564828E-01	 0.51495591E-02
  2848.0000    	  2849.0000    	-0.14373406E-01	 0.27629222E-02
  2849.0000    	  2850.0000    	-0.88686289E-01	 0.16225460E-01
  2850.0000    	  2851.0000    	-0.90826486E-01	 0.15839839E-01
  2851.0000    	  2852.0000    	-0.10898312    	 0.16675658E-01
  2852.0000    	  2853.0000    	-0.10739654    	 0.15404922E-01
  2853.0000    	  2854.0000    	-0.87062444E-01	 0.12560131E-01
  2854.0000    	  2855.0000    	-0.63638256E-01	 0.94362154E-02
  2855.0000    	  2856.0000    	-0.50774615E-01	 0.10181602E-01
  2856.0000    	  2857.0000    	-0.35829915E-01	 0.83617518E-02
  2857.0000    	  2858.0000    	-0.35768085E-01	 0.61567355E-02
  2858.0000    	  2859.0000    	-0.31432986E-01	 0.51257514E-02
  2859.0000    	  2860.0000    	-0.12023464E-01	 0.32625888E-02
  2860.0000    	  2861.0000    	-0.11472622    	 0.16540981E-01
  2861.0000    	  2862.0000    	-0.10097432    	 0.15549122E-01
  2862.0000    	  2863.0000    	-0.99251565E-01	 0.16171279E-01
  2863.0000    	  2864.0000    	-0.10067944    	 0.13540060E-01
  2864.0000    	  2865.0000    	-0.82463706E-01	 0.13239473E-01
  2865.0000    	  2866.0000    	-0.81700125E-01	 0.11929715E-01
  2866.0000    	  2867.0000    	-0.67519001E-01	 0.10512091E-01
  2867.0000    	  2868.0000    	-0.36317005E-01	 0.71801489E-02
  2868.0000    	  2869.0000    	-0.27086723E-01	 0.60710846E-02
  2869.0000    	  2870.0000    	-0.21736121E-01	 0.40767267E-02
  2870.0000    	  2871.0000    	-0.12314041E-01	 0.38917835E-02
  2871.0000    	  2872.0000    	-0.94018736E-01	 0.15884272E-01
  2872.0000    	  2873.0000    	-0.12595028    	 0.15509335E-01
  2873.0000    	  2874.0000    	-0.92052632E-01	 0.15118933E-01
  2874.0000    	  2875.0000    	-0.96730056E-01	 0.12394875E-01
  2875.0000    	  2876.0000    	-0.80906636E-01	 0.12653392E-01
  2876.0000    	  2877.0000    	-0.78781089E-01	 0.11958975E-01
  2877.0000    	  2878.0000    	-0.52978388E-01	 0.11048911E-01
  2878.0000    	  2879.0000    	-0.33757142E-01	 0.83295092E-02
  2879.0000    	  2880.0000    	-0.39230081E-01	 0.63753022E-02
  2880.0000    	  2881.0000    	-0.20962664E-01	 0.41482681E-02
  2881.0000    	  2882.0000    	-0.11978350E-01	 0.36408542E-02
  2882.0000    	  2883.0000    	-0.12422273    	 0.17832880E-01
  2883.0000    	  2884.0000    	-0.76673785E-01	 0.14198958E-01
  2884.0000    	  2885.0000    	-0.93762359E-01	 0.15261407E-01
  2885.0000    	  2886.0000    	-0.73348090E-01	 0.14115623E-01
  2886.0000    	  2887.0000    	-0.73905685E-01	 0.11733878E-01
  2887.0000    	  2888.0000    	-0.57375780E-01	 0.10231996E-01
  2888.0000    	  2889.0000    	-0.61314342E-01	 0.94033391E-02
  2889.0000    	  2890.0000    	-0.51610923E-01	 0.79143249E-02
  2890.0000    	  2891.0000    	-0.22429558E-01	 0.56263170E-02
  2891.0000    	  2892.0000    	-0.19493702E-01	 0.46735776E-02
  2892.0000    	  2893.0000    	-0.74913360E-02	 0.34897733E-02
  2893.0000    	  2894.0000    	-0.11623415    	 0.16761307E-01
  2894.0000    	  2895.0000    	-0.10544637    	 0.16062569E-01
  2895.0000    	  2896.0000    	-0.76136688E-01	 0.14396326E-01
  2896.0000    	  2897.0000    	-0.88567684E-01	 0.12146109E-01
  2897.0000    	  2898.0000    	-0.83907368E-01	 0.12097831E-01
  2898.0000    	  2899.0000    	-0.66786078E-01	 0.10191883E-01
  2899.0000    	  2900.0000    	-0.39708273E-01	 0.99703133E-02
  2900.0000    	  2901.0000    	-0.39707064E-01	 0.76872171E-02
  2901.0000    	  2902.0000    	-0.25660163E-01	 0.66242863E-02
  2902.0000    	  2903.0000    	-0.12865884E-01	 0.49007111E-02
  2903.0000    	  2904.0000    	-0.14798210E-01	 0.29052567E-02
  2904.0000    	  2905.0000    	-0.84255884E-01	 0.15609647E-01
  2905.0000    	  2906.0000    	-0.99443086E-01	 0.17084064E-01
  2906.0000    	  2907.0000    	-0.99759578E-01	 0.15272534E-01
  2907.0000    	  2908.0000    	-0.76292825E-01	 0.15103995E-01
  2908.0000    	  2909.0000    	-0.66414210E-01	 0.13307339E-01
  2909.0000    	  2910.0000    	-0.59024388E-01	 0.10328414E-01
  2910.0000    	  2911.0000    	-0.70275930E-01	 0.96932338E-02
  2911.0000    	  2912.0000    	-0.39461538E-01	 0.94494165E-02
  2912.0000    	  2913.0000    	-0.25455140E-01	 0.67554502E-02
  2913.0000    	  2914.0000    	-0.16110671E-01	 0.44976978E-02
  2914.0000    	  2915.0000    	-0.10364201E-01	 0.34060468E-02
  2915.0000    	  2916.0000    	-0.10426992    	 0.15589677E-01
  2916.0000    	  2917.0000    	-0.74395699E-01	 0.16172347E-01
  2917.0000    	  2918.0000    	-0.10983650    	 0.14480459E-01
  2918.0000    	  2919.0000    	-0.67933550E-01	 0.13417061E-01
  2919.0000    	  2920.0000    	-0.64139744E-01	 0.12661272E-01
  2920.0000    	  2921.0000    	-0.82958335E-01	 0.11951938E-01
  2921.0000    	  2922.0000    	-0.33027744E-01	 0.83681348E-02
  2922.0000    	  2923.0000    	-0.37262480E-01	 0.83033774E-02
  2923.0000    	  2924.0000    	-0.19249154E-01	 0.71539834E-02
  2924.0000    	  2925.0000    	-0.15814005E-01	 0.45194744E-02
  2925.0000    	  2926.0000    	-0.10491872E-01	 0.33528315E-02
  2926.0000    	  2927.0000    	-0.10065917    	 0.17810175E-01
  2927.0000    	  2928.0000    	-0.11635471    	 0.15634888E-01
  2928.0000    	  2929.0000    	-0.52116749E-01	 0.14397955E-01
  2929.0000    	  2930.0000    	-0.97141478E-01	 0.13129898E-01
  2930.0000    	  2931.0000    	-0.74751512E-01	 0.12485925E-01
  2931.0000    	  2932.0000    	-0.57819099E-01	 0.12134163E-01
  2932.0000    	  2933.0000    	-0.58152171E-01	 0.82906203E-02
  2933.0000    	  2934.0000    	-0.29959864E-01	 0.78687202E-02
  2934.0000    	  2935.0000    	-0.28686031E-01	 0.67864593E-02
  2935.0000    	  2936.0000    	-0.91877626E-02	 0.45217148E-02
  2936.0000    	  2937.0000    	-0.14184434E-01	 0.28512870E-02
  2937.0000    	  2938.0000    	-0.10118703    	 0.16827879E-01
  2938.0000    	  2939.0000    	-0.91008869E-01	 0.15815535E-01
  2939.0000    	  2940.0000    	-0.69959205E-01	 0.14397416E-01
  2940.0000    	  2941.0000    	-0.81065751E-01	 0.13808799E-01
  2941.0000    	  2942.0000    	-0.74696459E-01	 0.12953732E-01
  2942.0000    	  2943.0000    	-0.62342601E-01	 0.10712719E-01
  2943.0000    	  2944.0000    	-0.48458796E-01	 0.86788101E-02
  2944.0000    	  2945.0000    	-0.35789228E-01	 0.84709305E-02
  2945.0000    	  2946.0000    	-0.26561783E-01	 0.58681560E-02
  2946.0000    	  2947.0000    	-0.24885681E-01	 0.48673587E-02
  2947.0000    	  2948.0000    	-0.12483792E-01	 0.33126926E-02
  2948.0000    	  2949.0000    	-0.10719840    	 0.15452277E-01
  2949.0000    	  2950.0000    	-0.96694445E-01	 0.15076299E-01
  2950.0000    	  2951.0000    	-0.74074474E-01	 0.12704953E-01
  2951.0000    	  2952.0000    	-0.64066196E-01	 0.12806585E-01
  2952.0000    	  2953.0000    	-0.74585576E-01	 0.11012011E-01
  2953.0000    	  2954.0000    	-0.51444956E-01	 0.90780359E-02
  2954.0000    	  2955.0000    	-0.41790991E-01	 0.82162184E-02
  2955.0000    	  2956.0000    	-0.40955567E-01	 0.75270716E-02
  2956.0000    	  2957.0000    	-0.22840849E-01	 0.57879151E-02
  2957.0000    	  2958.0000    	-0.14693504E-01	 0.40366996E-02
  2958.0000    	  2959.0000    	-0.12918247E-01	 0.29243926E-02
  2959.0000    	  2960.0000    	-0.87113196E-01	 0.14232760E-01
  2960.0000    	  2961.0000    	-0.50594829E-01	 0.14220602E-01
  2961.0000    	  2962.0000    	-0.10844207    	 0.14389196E-01
  2962.0000    	  2963.0000    	-0.69953712E-01	 0.12238443E-01
  2963.0000    	  2964.0000    	-0.63251246E-01	 0.11276452E-01
  2964.0000    	  2965.0000    	-0.52747704E-01	 0.91865157E-02
  2965.0000    	  2966.0000    	-0.42290810E-01	 0.85996121E-02
  2966.0000    	  2967.0000    	-0.30532082E-01	 0.72921047E-02
  2967.0000    	  2968.0000    	-0.24414083E-01	 0.60354726E-02
  2968.0000    	  2969.0000    	-0.22642895E-01	 0.44648925E-02
  2969.0000    	  2970.0000    	-0.10035673E-01	 0.29512431E-02
  2970.0000    	  2971.0000    	-0.91147812E-01	 0.14069322E-01
  2971.0000    	  2972.0000    	-0.12650518    	 0.14871185E-01
  2972.0000    	  2973.0000    	-0.73772413E-01	 0.13890695E-01
  2973.0000    	  2974.0000    	-0.10235591    	 0.12921798E-01
  2974.0000    	  2975.0000    	-0.53906014E-01	 0.12315279E-01
  2975.0000    	  2976.0000    	-0.66965576E-01	 0.10125966E-01
  2976.0000    	  2977.0000    	-0.50530243E-01	 0.96601060E-02
  2977.0000    	  2978.0000    	-0.32300621E-01	 0.71814422E-02
  2978.0000    	  2979.0000    	-0.30722530E-01	 0.60682663E-02
  2979.0000    	  2980.0000    	-0.15757753E-01	 0.44994369E-02
  2980.0000    	  2981.0000    	-0.87848955E-02	 0.33183134E-02
  2981.0000    	  2982.0000    	-0.11638571    	 0.14880446E-01
  2982.0000    	  2983.0000    	-0.10227915    	 0.15378193E-01
  2983.0000    	  2984.0000    	-0.10946585    	 0.14494084E-01
  2984.0000    	  2985.0000    	-0.69415344E-01	 0.13765499E-01
  2985.0000    	  2986.0000    	-0.77294937E-01	 0.12331496E-01
  2986.0000    	  2987.0000    	-0.48386023E-01	 0.10077359E-01
  2987.0000    	  2988.0000    	-0.45879007E-01	 0.93018953E-02
  2988.0000    	  2989.0000    	-0.38176680E-01	 0.75262557E-02
  2989.0000    	  2990.0000    	-0.33494979E-01	 0.65318433E-02
  2990.0000    	  2991.0000    	-0.20896288E-01	 0.47138503E-02
  2991.0000    	  2992.0000    	-0.11101865E-01	 0.24816656E-02
  2992.0000    	  2993.0000    	-0.75584369E-01	 0.15186156E-01
  2993.0000    	  2994.0000    	-0.10951863    	 0.14632779E-01
  2994.0000    	  2995.0000    	-0.72776825E-01	 0.13290126E-01
  2995.0000    	  2996.0000    	-0.62718350E-01	 0.13608578E-01
  2996.0000    	  2997.0000    	-0.73529720E-01	 0.10691564E-01
  2997.0000    	  2998.0000    	-0.50534491E-01	 0.91268382E-02
  2998.0000    	  2999.0000    	-0.31574603E-01	 0.87177057E-02
  2999.0000    	  3000.0000    	-0.32242723E-01	 0.84430013E-02
  3000.0000    	  3001.0000    	-0.20865860E-01	 0.56833904E-02
  3001.0000    	  3002.0000    	-0.13202211E-01	 0.44575527E-02
  3002.0000    	  3003.0000    	-0.12165052E-01	 0.34823558E-02
  3003.0000    	  3004.0000    	-0.95346316E-01	 0.14288025E-01
  3004.0000    	  3005.0000    	-0.94103782E-01	 0.13867140E-01
  3005.0000    	  3006.0000    	-0.10148117    	 0.13716540E-01
  3006.0000    	  3007.0000    	-0.76287192E-01	 0.12490237E-01
  3007.0000    	  3008.0000    	-0.67373588E-01	 0.10466298E-01
  3008.0000    	  3009.0000    	-0.70020363E-01	 0.10596705E-01
  3009.0000    	  3010.0000    	-0.39310923E-01	 0.81388000E-02
  3010.0000    	  3011.0000    	-0.38687291E-01	 0.66177933E-02
  3011.0000    	  3012.0000    	-0.23060015E-01	 0.51413371E-02
  3012.0000    	  3013.0000    	-0.19353779E-01	 0.47032487E-02
  3013.0000    	  3014.0000    	-0.88886317E-02	 0.16395513E-02
  3014.0000    	  3015.0000    	-0.85125678E-01	 0.13141283E-01
  3015.0000    	  3016.0000    	-0.70975270E-01	 0.13669043E-01
  3016.0000    	  3017.0000    	-0.84410970E-01	 0.14874181E-01
  3017.0000    	  3018.0000    	-0.93097262E-01	 0.12434795E-01
  3018.0000    	  3019.0000    	-0.65800076E-01	 0.10858813E-01
  3019.0000    	  3020.0000    	-0.44334083E-01	 0.96496048E-02
  3020.0000    	  3021.0000    	-0.57049735E-01	 0.87503840E-02
  3021.0000    	  3022.0000    	-0.27850991E-01	 0.72886546E-02
  3022.0000    	  3023.0000    	-0.26243548E-01	 0.62540205E-02
  3023.0000    	  3024.0000    	-0.15521500E-01	 0.42153575E-02
  3024.0000    	  3025.0000    	-0.77433348E-02	 0.34765194E-02
  3025.0000    	  3026.0000    	-0.10437255    	 0.14235007E-01
  3026.0000    	  3027.0000    	-0.96685620E-01	 0.13224580E-01
  3027.0000    	  3028.0000    	-0.56977170E-01	 0.14161723E-01
  3028.0000    	  3029.0000    	-0.73919551E-01	 0.12472363E-01
  3029.0000    	  3030.0000    	-0.50189193E-01	 0.10797172E-01
  3030.0000    	  3031.0000    	-0.55589930E-01	 0.93176719E-02
  3031.0000    	  3032.0000    	-0.36950538E-01	 0.85000716E-02
  3032.0000    	  3033.0000    	-0.16861484E-01	 0.71012735E-02
  3033.0000    	  3034.0000    	-0.16247192E-01	 0.57805472E-02
  3034.0000    	  3035.0000    	-0.12466410E-01	 0.33571582E-02
  3035.0000    	  3036.0000    	-0.77848121E-02	 0.31948641E-02
  3036.0000    	  3037.0000    	-0.62204938E-01	 0.14613083E-01
  3037.0000    	  3038.0000    	-0.59796071E-01	 0.13663362E-01
  3038.0000    	  3039.0000    	-0.78694792E-01	 0.13369372E-01
  3039.0000    	  3040.0000    	-0.65621243E-01	 0.12315825E-01
  3040.0000    	  3041.0000    	-0.50469718E-01	 0.10746733E-01
  3041.0000    	  3042.0000    	-0.61309977E-01	 0.94709711E-02
  3042.0000    	  3043.0000    	-0.45356749E-01	 0.84782691E-02
  3043.0000    	  3044.0000    	-0.33239541E-01	 0.67130317E-02
  3044.0000    	  3045.0000    	-0.22385050E-01	 0.49417117E-02
  3045.0000    	  3046.0000    	-0.13115720E-01	 0.41790127E-02
  3046.0000    	  3047.0000    	-0.12727414E-01	 0.28859186E-02
  3047.0000    	  3048.0000    	-0.10700256    	 0.16933259E-01
  3048.0000    	  3049.0000    	-0.92172969E-01	 0.15633454E-01
  3049.0000    	  3050.0000    	-0.73757155E-01	 0.12281547E-01
  3050.0000    	  3051.0000    	-0.72913859E-01	 0.14149453E-01
  3051.0000    	  3052.0000    	-0.67158893E-01	 0.11093557E-01
  3052.0000    	  3053.0000    	-0.52839190E-01	 0.98819612E-02
  3053.0000    	  3054.0000    	-0.29930365E-01	 0.81698106E-02
  3054.0000    	  3055.0000    	-0.34016273E-01	 0.75143084E-02
  3055.0000    	  3056.0000    	-0.29818389E-01	 0.53754966E-02
  3056.0000    	  3057.0000    	-0.20040599E-01	 0.42960112E-02
  3057.0000    	  3058.0000    	-0.11197062E-01	 0.30532628E-02
  3058.0000    	  3059.0000    	-0.93973327E-01	 0.14153732E-01
  3059.0000    	  3060.0000    	-0.88258221E-01	 0.16322359E-01
  3060.0000    	  3061.0000    	-0.71726409E-01	 0.14394539E-01
  3061.0000    	  3062.0000    	-0.69572836E-01	 0.13220236E-01
  3062.0000    	  3063.0000    	-0.74711832E-01	 0.11727636E-01
  3063.0000    	  3064.0000    	-0.44470310E-01	 0.96485718E-02
  3064.0000    	  3065.0000    	-0.37388715E-01	 0.74953684E-02
  3065.0000    	  3066.0000    	-0.22207622E-01	 0.57027737E-02
  3066.0000    	  3067.0000    	-0.21353615E-01	 0.44781169E-02
  3067.0000    	  3068.0000    	-0.13856942E-01	 0.46927240E-02
  3068.0000    	  3069.0000    	-0.94148788E-02	 0.30248269E-02
  3069.0000    	  3070.0000    	-0.90765446E-01	 0.14838352E-01
  3070.0000    	  3071.0000    	-0.55632541E-01	 0.13949442E-01
  3071.0000    	  3072.0000    	-0.75309106E-01	 0.12776572E-01
  3072.0000    	  3073.0000    	-0.64756364E-01	 0.11635774E-01
  3073.0000    	  3074.0000    	-0.67321942E-01	 0.11156085E-01
  3074.0000    	  3075.0000    	-0.62105297E-01	 0.89096304E-02
  3075.0000    	  3076.0000    	-0.38754799E-01	 0.71005971E-02
  3076.0000    	  3077.0000    	-0.30153954E-01	 0.64856776E-02
  3077.0000    	  3078.0000    	-0.27348920E-01	 0.45251026E-02
  3078.0000    	  3079.0000    	-0.20592821E-01	 0.43160483E-02
  3079.0000    	  3080.0000    	-0.10352434E-01	 0.29067228E-02
  3080.0000    	  3081.0000    	-0.93049705E-01	 0.15256669E-01
  3081.0000    	  3082.0000    	-0.82719329E-01	 0.14039154E-01
  3082.0000    	  3083.0000    	-0.82506845E-01	 0.12090281E-01
  3083.0000    	  3084.0000    	-0.87060111E-01	 0.13113970E-01
  3084.0000    	  3085.0000    	-0.49993495E-01	 0.99414166E-02
  3085.0000    	  3086.0000    	-0.43265929E-01	 0.91622722E-02
  3086.0000    	  3087.0000    	-0.36813961E-01	 0.72248772E-02
  3087.0000    	  3088.0000    	-0.31731978E-01	 0.73223647E-02
  3088.0000    	  3089.0000    	-0.21734263E-01	 0.50049508E-02
  3089.0000    	  3090.0000    	-0.15333000E-01	 0.29526605E-02
  3090.0000    	  3091.0000    	-0.30215563E-02	 0.34557209E-02
  3091.0000    	  3092.0000    	-0.69280809E-01	 0.14474165E-01
  3092.0000    	  3093.0000    	-0.70113630E-01	 0.14153850E-01
  3093.0000    	  3094.0000    	-0.73271130E-01	 0.12363608E-01
  3094.0000    	  3095.0000    	-0.58359988E-01	 0.11809478E-01
  3095.0000    	  3096.0000    	-0.64317969E-01	 0.94774824E-02
  3096.0000    	  3097.0000    	-0.53715128E-01	 0.84628551E-02
  3097.0000    	  3098.0000    	-0.39660504E-01	 0.74149240E-02
  3098.0000    	  3099.0000    	-0.26247704E-01	 0.69848284E-02
  3099.0000    	  3100.0000    	-0.23715031E-01	 0.45897707E-02
  3100.0000    	  3101.0000    	-0.83193269E-02	 0.44541472E-02
  3101.0000    	  3102.0000    	-0.92034598E-02	 0.29120298E-02
  3102.0000    	  3103.0000    	-0.75956698E-01	 0.13473001E-01
  3103.0000    	  3104.0000    	-0.91330679E-01	 0.13825887E-01
  3104.0000    	  3105.0000    	-0.93180002E-01	 0.13564611E-01
  3105.0000    	  3106.0000    	-0.86724847E-01	 0.11221279E-01
  3106.0000    	  3107.0000    	-0.58795876E-01	 0.94177877E-02
  3107.0000    	  3108.0000    	-0.54492579E-01	 0.91727670E-02
  3108.0000    	  3109.0000    	-0.27980756E-01	 0.81246512E-02
  3109.0000    	  3110.0000    	-0.33371547E-01	 0.70958008E-02
  3110.0000    	  3111.0000    	-0.25158863E-01	 0.50271415E-02
  3111.0000    	  3112.0000    	-0.13449980E-01	 0.35287299E-02
  3112.0000    	  3113.0000    	-0.46662428E-02	 0.23169861E-02
  3113.0000    	  3114.0000    	-0.77235084E-01	 0.14409758E-01
  3114.0000    	  3115.0000    	-0.78000439E-01	 0.14248543E-01
  3115.0000    	  3116.0000    	-0.91768136E-01	 0.10865905E-01
  3116.0000    	  3117.0000    	-0.89200025E-01	 0.11675600E-01
  3117.0000    	  3118.0000    	-0.57242392E-01	 0.10864923E-01
  3118.0000    	  3119.0000    	-0.52987838E-01	 0.77651099E-02
  3119.0000    	  3120.0000    	-0.39749780E-01	 0.87869198E-02
  3120.0000    	  3121.0000    	-0.30481871E-01	 0.69507679E-02
  3121.0000    	  3122.0000    	-0.21955447E-01	 0.56066396E-02
  3122.0000    	  3123.0000    	-0.21829622E-01	 0.43105287E-02
  3123.0000    	  3124.0000    	-0.84189716E-02	 0.38093489E-02
