# xi0
# underflow	 -104.52010    	 0.13103694    
# overflow	-0.36243726    	 0.14619352E-01
# sum	 -131.20365    	 0.19257438    
# xmin	xmax	cross	numerror
  3124.0000    	  3125.0000    	-0.49836466E-01	 0.83836015E-02
  3125.0000    	  3126.0000    	-0.39159200E-01	 0.74022835E-02
  3126.0000    	  3127.0000    	-0.56676779E-01	 0.69645356E-02
  3127.0000    	  3128.0000    	-0.49113243E-01	 0.68028006E-02
  3128.0000    	  3129.0000    	-0.52794532E-01	 0.65972329E-02
  3129.0000    	  3130.0000    	-0.44108402E-01	 0.64842227E-02
  3130.0000    	  3131.0000    	-0.26700009E-01	 0.47466184E-02
  3131.0000    	  3132.0000    	-0.28028837E-01	 0.44274411E-02
  3132.0000    	  3133.0000    	-0.13498720E-01	 0.29266051E-02
  3133.0000    	  3134.0000    	-0.14047120E-01	 0.22764148E-02
  3134.0000    	  3135.0000    	-0.63957138E-02	 0.10772215E-02
  3135.0000    	  3136.0000    	-0.51647383E-01	 0.87136954E-02
  3136.0000    	  3137.0000    	-0.73964735E-01	 0.74614627E-02
  3137.0000    	  3138.0000    	-0.45591829E-01	 0.70732827E-02
  3138.0000    	  3139.0000    	-0.38079063E-01	 0.62936247E-02
  3139.0000    	  3140.0000    	-0.45218706E-01	 0.64243724E-02
  3140.0000    	  3141.0000    	-0.21866297E-01	 0.55693556E-02
  3141.0000    	  3142.0000    	-0.42703647E-01	 0.49728374E-02
  3142.0000    	  3143.0000    	-0.32790793E-01	 0.44698625E-02
  3143.0000    	  3144.0000    	-0.17704555E-01	 0.31549108E-02
  3144.0000    	  3145.0000    	-0.15865026E-01	 0.21474273E-02
  3145.0000    	  3146.0000    	-0.60465593E-02	 0.85757283E-03
  3146.0000    	  3147.0000    	-0.61940484E-01	 0.81460503E-02
  3147.0000    	  3148.0000    	-0.47913237E-01	 0.76807095E-02
  3148.0000    	  3149.0000    	-0.46152019E-01	 0.69542667E-02
  3149.0000    	  3150.0000    	-0.49233777E-01	 0.66296618E-02
  3150.0000    	  3151.0000    	-0.41943854E-01	 0.63185947E-02
  3151.0000    	  3152.0000    	-0.47074198E-01	 0.50652356E-02
  3152.0000    	  3153.0000    	-0.39492012E-01	 0.48406970E-02
  3153.0000    	  3154.0000    	-0.24946722E-01	 0.40819155E-02
  3154.0000    	  3155.0000    	-0.16178218E-01	 0.25916671E-02
  3155.0000    	  3156.0000    	-0.97042817E-02	 0.14434228E-02
  3156.0000    	  3157.0000    	-0.92693695E-02	 0.13394135E-02
  3157.0000    	  3158.0000    	-0.55529273E-01	 0.81539196E-02
  3158.0000    	  3159.0000    	-0.67687304E-01	 0.76154908E-02
  3159.0000    	  3160.0000    	-0.69207456E-01	 0.82466307E-02
  3160.0000    	  3161.0000    	-0.53747455E-01	 0.65833453E-02
  3161.0000    	  3162.0000    	-0.50078046E-01	 0.65537922E-02
  3162.0000    	  3163.0000    	-0.43249903E-01	 0.56227927E-02
  3163.0000    	  3164.0000    	-0.38160453E-01	 0.51828038E-02
  3164.0000    	  3165.0000    	-0.21660620E-01	 0.41951508E-02
  3165.0000    	  3166.0000    	-0.19914938E-01	 0.27323426E-02
  3166.0000    	  3167.0000    	-0.18710077E-01	 0.24181732E-02
  3167.0000    	  3168.0000    	-0.81083564E-02	 0.12571569E-02
  3168.0000    	  3169.0000    	-0.49214909E-01	 0.78492408E-02
  3169.0000    	  3170.0000    	-0.56080343E-01	 0.75371326E-02
  3170.0000    	  3171.0000    	-0.45041110E-01	 0.76725421E-02
  3171.0000    	  3172.0000    	-0.43293494E-01	 0.73385052E-02
  3172.0000    	  3173.0000    	-0.41254427E-01	 0.70098751E-02
  3173.0000    	  3174.0000    	-0.28495039E-01	 0.55340215E-02
  3174.0000    	  3175.0000    	-0.27404043E-01	 0.42471302E-02
  3175.0000    	  3176.0000    	-0.31696173E-01	 0.44697041E-02
  3176.0000    	  3177.0000    	-0.18028587E-01	 0.28677983E-02
  3177.0000    	  3178.0000    	-0.11958986E-01	 0.21873382E-02
  3178.0000    	  3179.0000    	-0.11142882E-01	 0.14852181E-02
  3179.0000    	  3180.0000    	-0.59627716E-01	 0.80827343E-02
  3180.0000    	  3181.0000    	-0.46582201E-01	 0.71177822E-02
  3181.0000    	  3182.0000    	-0.60277020E-01	 0.73668969E-02
  3182.0000    	  3183.0000    	-0.48217742E-01	 0.59334768E-02
  3183.0000    	  3184.0000    	-0.44365365E-01	 0.61826990E-02
  3184.0000    	  3185.0000    	-0.35415969E-01	 0.49247738E-02
  3185.0000    	  3186.0000    	-0.35893979E-01	 0.51811068E-02
  3186.0000    	  3187.0000    	-0.23137073E-01	 0.42094930E-02
  3187.0000    	  3188.0000    	-0.11977166E-01	 0.23811134E-02
  3188.0000    	  3189.0000    	-0.11384170E-01	 0.18470617E-02
  3189.0000    	  3190.0000    	-0.53658585E-02	 0.34709600E-03
  3190.0000    	  3191.0000    	-0.56414151E-01	 0.78306127E-02
  3191.0000    	  3192.0000    	-0.66470559E-01	 0.70860093E-02
  3192.0000    	  3193.0000    	-0.54124534E-01	 0.66014538E-02
  3193.0000    	  3194.0000    	-0.54010339E-01	 0.58674056E-02
  3194.0000    	  3195.0000    	-0.45570533E-01	 0.58565454E-02
  3195.0000    	  3196.0000    	-0.50645757E-01	 0.54000458E-02
  3196.0000    	  3197.0000    	-0.29582439E-01	 0.50697169E-02
  3197.0000    	  3198.0000    	-0.20267565E-01	 0.38477771E-02
  3198.0000    	  3199.0000    	-0.15440928E-01	 0.28826673E-02
  3199.0000    	  3200.0000    	-0.11537201E-01	 0.18974070E-02
  3200.0000    	  3201.0000    	-0.72128163E-02	 0.15467754E-02
  3201.0000    	  3202.0000    	-0.65566510E-01	 0.71906881E-02
  3202.0000    	  3203.0000    	-0.57801351E-01	 0.69364538E-02
  3203.0000    	  3204.0000    	-0.58769638E-01	 0.67882686E-02
  3204.0000    	  3205.0000    	-0.46441831E-01	 0.67845094E-02
  3205.0000    	  3206.0000    	-0.44388960E-01	 0.60495097E-02
  3206.0000    	  3207.0000    	-0.32137219E-01	 0.47655846E-02
  3207.0000    	  3208.0000    	-0.28286192E-01	 0.46946104E-02
  3208.0000    	  3209.0000    	-0.26318336E-01	 0.39267746E-02
  3209.0000    	  3210.0000    	-0.19725942E-01	 0.28734791E-02
  3210.0000    	  3211.0000    	-0.14253751E-01	 0.21263269E-02
  3211.0000    	  3212.0000    	-0.74656700E-02	 0.69566646E-03
  3212.0000    	  3213.0000    	-0.66488976E-01	 0.75280091E-02
  3213.0000    	  3214.0000    	-0.58491612E-01	 0.69052191E-02
  3214.0000    	  3215.0000    	-0.41591530E-01	 0.73776336E-02
  3215.0000    	  3216.0000    	-0.51697947E-01	 0.67922805E-02
  3216.0000    	  3217.0000    	-0.43985940E-01	 0.62354119E-02
  3217.0000    	  3218.0000    	-0.28286610E-01	 0.57990670E-02
  3218.0000    	  3219.0000    	-0.32772638E-01	 0.41529184E-02
  3219.0000    	  3220.0000    	-0.22279881E-01	 0.37483346E-02
  3220.0000    	  3221.0000    	-0.22125816E-01	 0.28240146E-02
  3221.0000    	  3222.0000    	-0.98388029E-02	 0.21842111E-02
  3222.0000    	  3223.0000    	-0.26403111E-02	 0.88696427E-03
  3223.0000    	  3224.0000    	-0.51444142E-01	 0.79089930E-02
  3224.0000    	  3225.0000    	-0.52239080E-01	 0.68575284E-02
  3225.0000    	  3226.0000    	-0.55478375E-01	 0.71239588E-02
  3226.0000    	  3227.0000    	-0.51099795E-01	 0.68347214E-02
  3227.0000    	  3228.0000    	-0.34109738E-01	 0.58249639E-02
  3228.0000    	  3229.0000    	-0.48274923E-01	 0.57272393E-02
  3229.0000    	  3230.0000    	-0.27418959E-01	 0.46910265E-02
  3230.0000    	  3231.0000    	-0.29990772E-01	 0.38123162E-02
  3231.0000    	  3232.0000    	-0.18856604E-01	 0.28840120E-02
  3232.0000    	  3233.0000    	-0.10492827E-01	 0.14783849E-02
  3233.0000    	  3234.0000    	-0.10077936E-01	 0.13981707E-02
  3234.0000    	  3235.0000    	-0.62784477E-01	 0.83647892E-02
  3235.0000    	  3236.0000    	-0.48566944E-01	 0.60190378E-02
  3236.0000    	  3237.0000    	-0.53904669E-01	 0.65869573E-02
  3237.0000    	  3238.0000    	-0.50220019E-01	 0.72787276E-02
  3238.0000    	  3239.0000    	-0.46775903E-01	 0.62029414E-02
  3239.0000    	  3240.0000    	-0.45514238E-01	 0.54585521E-02
  3240.0000    	  3241.0000    	-0.26739216E-01	 0.41188906E-02
  3241.0000    	  3242.0000    	-0.20266148E-01	 0.36126866E-02
  3242.0000    	  3243.0000    	-0.14039100E-01	 0.21336415E-02
  3243.0000    	  3244.0000    	-0.14171592E-01	 0.22562138E-02
  3244.0000    	  3245.0000    	-0.11374852E-01	 0.15266229E-02
  3245.0000    	  3246.0000    	-0.51618980E-01	 0.72948512E-02
  3246.0000    	  3247.0000    	-0.51482849E-01	 0.70343109E-02
  3247.0000    	  3248.0000    	-0.48686131E-01	 0.66038779E-02
  3248.0000    	  3249.0000    	-0.52277189E-01	 0.64887461E-02
  3249.0000    	  3250.0000    	-0.38556223E-01	 0.53355876E-02
  3250.0000    	  3251.0000    	-0.30902503E-01	 0.52197943E-02
  3251.0000    	  3252.0000    	-0.31453906E-01	 0.43060286E-02
  3252.0000    	  3253.0000    	-0.24677117E-01	 0.39227933E-02
  3253.0000    	  3254.0000    	-0.18820662E-01	 0.25897702E-02
  3254.0000    	  3255.0000    	-0.10311644E-01	 0.21197862E-02
  3255.0000    	  3256.0000    	-0.53690905E-02	 0.39704854E-03
  3256.0000    	  3257.0000    	-0.60454778E-01	 0.71591571E-02
  3257.0000    	  3258.0000    	-0.57088617E-01	 0.72213077E-02
  3258.0000    	  3259.0000    	-0.55852242E-01	 0.69641384E-02
  3259.0000    	  3260.0000    	-0.56473904E-01	 0.63132250E-02
  3260.0000    	  3261.0000    	-0.47213568E-01	 0.63045596E-02
  3261.0000    	  3262.0000    	-0.21165707E-01	 0.47141657E-02
  3262.0000    	  3263.0000    	-0.35793623E-01	 0.46256091E-02
  3263.0000    	  3264.0000    	-0.30459609E-01	 0.40150425E-02
  3264.0000    	  3265.0000    	-0.18956086E-01	 0.25538959E-02
  3265.0000    	  3266.0000    	-0.98717890E-02	 0.20655118E-02
  3266.0000    	  3267.0000    	-0.80055064E-02	 0.95146588E-03
  3267.0000    	  3268.0000    	-0.63367847E-01	 0.71201057E-02
  3268.0000    	  3269.0000    	-0.55853552E-01	 0.75378338E-02
  3269.0000    	  3270.0000    	-0.44824756E-01	 0.53957600E-02
  3270.0000    	  3271.0000    	-0.40753205E-01	 0.57601394E-02
  3271.0000    	  3272.0000    	-0.21760355E-01	 0.58555419E-02
  3272.0000    	  3273.0000    	-0.46267473E-01	 0.56496653E-02
  3273.0000    	  3274.0000    	-0.32345120E-01	 0.43532136E-02
  3274.0000    	  3275.0000    	-0.29030467E-01	 0.39802711E-02
  3275.0000    	  3276.0000    	-0.14869921E-01	 0.29911059E-02
  3276.0000    	  3277.0000    	-0.12798056E-01	 0.19173928E-02
  3277.0000    	  3278.0000    	-0.85275885E-02	 0.14169303E-02
  3278.0000    	  3279.0000    	-0.61078392E-01	 0.75275603E-02
  3279.0000    	  3280.0000    	-0.55272904E-01	 0.76841089E-02
  3280.0000    	  3281.0000    	-0.48587721E-01	 0.67399379E-02
  3281.0000    	  3282.0000    	-0.41719150E-01	 0.63800396E-02
  3282.0000    	  3283.0000    	-0.47239911E-01	 0.58880044E-02
  3283.0000    	  3284.0000    	-0.26852826E-01	 0.53911242E-02
  3284.0000    	  3285.0000    	-0.24921450E-01	 0.44682629E-02
  3285.0000    	  3286.0000    	-0.23200263E-01	 0.33369603E-02
  3286.0000    	  3287.0000    	-0.16211461E-01	 0.26908318E-02
  3287.0000    	  3288.0000    	-0.12881630E-01	 0.20323743E-02
  3288.0000    	  3289.0000    	-0.86053770E-02	 0.14663638E-02
  3289.0000    	  3290.0000    	-0.49840615E-01	 0.76004267E-02
  3290.0000    	  3291.0000    	-0.50254754E-01	 0.74017404E-02
  3291.0000    	  3292.0000    	-0.43772108E-01	 0.64961621E-02
  3292.0000    	  3293.0000    	-0.49006044E-01	 0.68187066E-02
  3293.0000    	  3294.0000    	-0.32297926E-01	 0.54740834E-02
  3294.0000    	  3295.0000    	-0.29102958E-01	 0.37366661E-02
  3295.0000    	  3296.0000    	-0.28765337E-01	 0.32497017E-02
  3296.0000    	  3297.0000    	-0.21411568E-01	 0.37289666E-02
  3297.0000    	  3298.0000    	-0.13935243E-01	 0.15853345E-02
  3298.0000    	  3299.0000    	-0.12664113E-01	 0.17288500E-02
  3299.0000    	  3300.0000    	-0.44076998E-02	 0.53448271E-03
  3300.0000    	  3301.0000    	-0.44862860E-01	 0.73783912E-02
  3301.0000    	  3302.0000    	-0.60627940E-01	 0.76797954E-02
  3302.0000    	  3303.0000    	-0.52560081E-01	 0.63320602E-02
  3303.0000    	  3304.0000    	-0.42191830E-01	 0.65779907E-02
  3304.0000    	  3305.0000    	-0.49100823E-01	 0.64679554E-02
  3305.0000    	  3306.0000    	-0.38271459E-01	 0.48654385E-02
  3306.0000    	  3307.0000    	-0.25771297E-01	 0.46348903E-02
  3307.0000    	  3308.0000    	-0.24300303E-01	 0.36242597E-02
  3308.0000    	  3309.0000    	-0.16441847E-01	 0.26211841E-02
  3309.0000    	  3310.0000    	-0.11299527E-01	 0.19647416E-02
  3310.0000    	  3311.0000    	-0.82638694E-02	 0.11830160E-02
  3311.0000    	  3312.0000    	-0.62593117E-01	 0.74041214E-02
  3312.0000    	  3313.0000    	-0.33496634E-01	 0.41262545E-02
  3313.0000    	  3314.0000    	-0.47865702E-01	 0.61843182E-02
  3314.0000    	  3315.0000    	-0.47016867E-01	 0.63393749E-02
  3315.0000    	  3316.0000    	-0.49381290E-01	 0.63757104E-02
  3316.0000    	  3317.0000    	-0.36159361E-01	 0.46550592E-02
  3317.0000    	  3318.0000    	-0.24386670E-01	 0.43820044E-02
  3318.0000    	  3319.0000    	-0.27806637E-01	 0.29706362E-02
  3319.0000    	  3320.0000    	-0.15902659E-01	 0.25565136E-02
  3320.0000    	  3321.0000    	-0.87902235E-02	 0.17639931E-02
  3321.0000    	  3322.0000    	-0.55036601E-02	 0.51178344E-03
  3322.0000    	  3323.0000    	-0.50285429E-01	 0.67661121E-02
  3323.0000    	  3324.0000    	-0.48198683E-01	 0.70147698E-02
  3324.0000    	  3325.0000    	-0.53109985E-01	 0.70486586E-02
  3325.0000    	  3326.0000    	-0.37782699E-01	 0.68210172E-02
  3326.0000    	  3327.0000    	-0.31494255E-01	 0.51746914E-02
  3327.0000    	  3328.0000    	-0.40317317E-01	 0.46836811E-02
  3328.0000    	  3329.0000    	-0.19151716E-01	 0.41074294E-02
  3329.0000    	  3330.0000    	-0.14956130E-01	 0.32092114E-02
  3330.0000    	  3331.0000    	-0.15274273E-01	 0.21506149E-02
  3331.0000    	  3332.0000    	-0.78768478E-02	 0.11922741E-02
  3332.0000    	  3333.0000    	-0.75715362E-02	 0.14713378E-02
  3333.0000    	  3334.0000    	-0.48319885E-01	 0.64200976E-02
  3334.0000    	  3335.0000    	-0.60186987E-01	 0.73177430E-02
  3335.0000    	  3336.0000    	-0.42228528E-01	 0.65986080E-02
  3336.0000    	  3337.0000    	-0.46473786E-01	 0.63939582E-02
  3337.0000    	  3338.0000    	-0.36275252E-01	 0.60683843E-02
  3338.0000    	  3339.0000    	-0.35297970E-01	 0.52155476E-02
  3339.0000    	  3340.0000    	-0.25720594E-01	 0.40101038E-02
  3340.0000    	  3341.0000    	-0.33940616E-01	 0.37840899E-02
  3341.0000    	  3342.0000    	-0.17277751E-01	 0.29565760E-02
  3342.0000    	  3343.0000    	-0.13492687E-01	 0.20862589E-02
  3343.0000    	  3344.0000    	-0.50133802E-02	 0.72980013E-03
  3344.0000    	  3345.0000    	-0.45675201E-01	 0.72408917E-02
  3345.0000    	  3346.0000    	-0.53898881E-01	 0.70508915E-02
  3346.0000    	  3347.0000    	-0.47334246E-01	 0.62893278E-02
  3347.0000    	  3348.0000    	-0.47443100E-01	 0.73584649E-02
  3348.0000    	  3349.0000    	-0.31202091E-01	 0.51871052E-02
  3349.0000    	  3350.0000    	-0.25200088E-01	 0.53114527E-02
  3350.0000    	  3351.0000    	-0.26456176E-01	 0.37860503E-02
  3351.0000    	  3352.0000    	-0.17375055E-01	 0.36719154E-02
  3352.0000    	  3353.0000    	-0.20941248E-01	 0.28969104E-02
  3353.0000    	  3354.0000    	-0.92948402E-02	 0.15980228E-02
  3354.0000    	  3355.0000    	-0.53780825E-02	 0.51488118E-03
  3355.0000    	  3356.0000    	-0.45380168E-01	 0.70215684E-02
  3356.0000    	  3357.0000    	-0.48516688E-01	 0.69416205E-02
  3357.0000    	  3358.0000    	-0.42571521E-01	 0.65995454E-02
  3358.0000    	  3359.0000    	-0.44350286E-01	 0.66934095E-02
  3359.0000    	  3360.0000    	-0.28495054E-01	 0.57812742E-02
  3360.0000    	  3361.0000    	-0.31726758E-01	 0.41038777E-02
  3361.0000    	  3362.0000    	-0.31693385E-01	 0.41236161E-02
  3362.0000    	  3363.0000    	-0.22463340E-01	 0.36214599E-02
  3363.0000    	  3364.0000    	-0.14543266E-01	 0.24657621E-02
  3364.0000    	  3365.0000    	-0.65401191E-02	 0.11148746E-02
  3365.0000    	  3366.0000    	-0.64379180E-02	 0.11519902E-02
  3366.0000    	  3367.0000    	-0.41615351E-01	 0.68071299E-02
  3367.0000    	  3368.0000    	-0.57150876E-01	 0.64641903E-02
  3368.0000    	  3369.0000    	-0.44262402E-01	 0.70648095E-02
  3369.0000    	  3370.0000    	-0.44342717E-01	 0.63472004E-02
  3370.0000    	  3371.0000    	-0.44852200E-01	 0.58639072E-02
  3371.0000    	  3372.0000    	-0.32713057E-01	 0.51984752E-02
  3372.0000    	  3373.0000    	-0.25027007E-01	 0.38203133E-02
  3373.0000    	  3374.0000    	-0.19026666E-01	 0.33239840E-02
  3374.0000    	  3375.0000    	-0.15827745E-01	 0.22584345E-02
  3375.0000    	  3376.0000    	-0.97913242E-02	 0.18346509E-02
  3376.0000    	  3377.0000    	-0.82642388E-02	 0.12583124E-02
  3377.0000    	  3378.0000    	-0.42663857E-01	 0.69917913E-02
  3378.0000    	  3379.0000    	-0.43258368E-01	 0.67344915E-02
  3379.0000    	  3380.0000    	-0.36707839E-01	 0.73972782E-02
  3380.0000    	  3381.0000    	-0.43140085E-01	 0.59552513E-02
  3381.0000    	  3382.0000    	-0.42186935E-01	 0.56440330E-02
  3382.0000    	  3383.0000    	-0.21572742E-01	 0.38597850E-02
  3383.0000    	  3384.0000    	-0.23838376E-01	 0.30544400E-02
  3384.0000    	  3385.0000    	-0.15809291E-01	 0.33576537E-02
  3385.0000    	  3386.0000    	-0.18909260E-01	 0.26885386E-02
  3386.0000    	  3387.0000    	-0.13265794E-01	 0.20172923E-02
  3387.0000    	  3388.0000    	-0.66716889E-02	 0.12051357E-02
  3388.0000    	  3389.0000    	-0.56467762E-01	 0.60097226E-02
  3389.0000    	  3390.0000    	-0.58488273E-01	 0.68472867E-02
  3390.0000    	  3391.0000    	-0.43656418E-01	 0.68229064E-02
  3391.0000    	  3392.0000    	-0.36850583E-01	 0.60251152E-02
  3392.0000    	  3393.0000    	-0.36631067E-01	 0.53664470E-02
  3393.0000    	  3394.0000    	-0.23216824E-01	 0.36856204E-02
  3394.0000    	  3395.0000    	-0.26766716E-01	 0.46686590E-02
  3395.0000    	  3396.0000    	-0.19559943E-01	 0.27763759E-02
  3396.0000    	  3397.0000    	-0.11002043E-01	 0.15517429E-02
  3397.0000    	  3398.0000    	-0.81002238E-02	 0.17558781E-02
  3398.0000    	  3399.0000    	-0.43792828E-02	 0.10936346E-02
  3399.0000    	  3400.0000    	-0.51041606E-01	 0.64991163E-02
  3400.0000    	  3401.0000    	-0.39654446E-01	 0.61416498E-02
  3401.0000    	  3402.0000    	-0.52233151E-01	 0.62428033E-02
  3402.0000    	  3403.0000    	-0.38862407E-01	 0.57034383E-02
  3403.0000    	  3404.0000    	-0.37746385E-01	 0.50095468E-02
  3404.0000    	  3405.0000    	-0.28077242E-01	 0.47484194E-02
  3405.0000    	  3406.0000    	-0.22898888E-01	 0.36734420E-02
  3406.0000    	  3407.0000    	-0.22732070E-01	 0.34361128E-02
  3407.0000    	  3408.0000    	-0.14111661E-01	 0.23777757E-02
  3408.0000    	  3409.0000    	-0.91779535E-02	 0.16171209E-02
  3409.0000    	  3410.0000    	-0.10017239E-01	 0.13679694E-02
  3410.0000    	  3411.0000    	-0.46540961E-01	 0.64819318E-02
  3411.0000    	  3412.0000    	-0.41264376E-01	 0.64956255E-02
  3412.0000    	  3413.0000    	-0.50403932E-01	 0.61947973E-02
  3413.0000    	  3414.0000    	-0.50986982E-01	 0.61027154E-02
  3414.0000    	  3415.0000    	-0.28903775E-01	 0.52346783E-02
  3415.0000    	  3416.0000    	-0.34534124E-01	 0.49882188E-02
  3416.0000    	  3417.0000    	-0.21021445E-01	 0.39292469E-02
  3417.0000    	  3418.0000    	-0.20647632E-01	 0.31133418E-02
  3418.0000    	  3419.0000    	-0.17208802E-01	 0.28026873E-02
  3419.0000    	  3420.0000    	-0.91708392E-02	 0.11197888E-02
  3420.0000    	  3421.0000    	-0.91886959E-02	 0.12407777E-02
  3421.0000    	  3422.0000    	-0.49321800E-01	 0.67618025E-02
  3422.0000    	  3423.0000    	-0.48626637E-01	 0.76085812E-02
  3423.0000    	  3424.0000    	-0.34292416E-01	 0.65098146E-02
  3424.0000    	  3425.0000    	-0.47336418E-01	 0.52583355E-02
  3425.0000    	  3426.0000    	-0.40871284E-01	 0.50678596E-02
  3426.0000    	  3427.0000    	-0.33240107E-01	 0.53636813E-02
  3427.0000    	  3428.0000    	-0.18097874E-01	 0.16648885E-02
  3428.0000    	  3429.0000    	-0.19593322E-01	 0.31405984E-02
  3429.0000    	  3430.0000    	-0.15071676E-01	 0.26425809E-02
  3430.0000    	  3431.0000    	-0.13312630E-01	 0.17762248E-02
  3431.0000    	  3432.0000    	-0.56767027E-02	 0.69644605E-03
  3432.0000    	  3433.0000    	-0.40228478E-01	 0.58756745E-02
  3433.0000    	  3434.0000    	-0.47163485E-01	 0.66817342E-02
  3434.0000    	  3435.0000    	-0.50871091E-01	 0.63563231E-02
  3435.0000    	  3436.0000    	-0.40342723E-01	 0.58020440E-02
  3436.0000    	  3437.0000    	-0.40556981E-01	 0.53549144E-02
  3437.0000    	  3438.0000    	-0.26264503E-01	 0.50883640E-02
  3438.0000    	  3439.0000    	-0.22312830E-01	 0.34907077E-02
  3439.0000    	  3440.0000    	-0.21116871E-01	 0.32585743E-02
  3440.0000    	  3441.0000    	-0.10458910E-01	 0.26595978E-02
  3441.0000    	  3442.0000    	-0.12238935E-01	 0.19078602E-02
  3442.0000    	  3443.0000    	-0.72003996E-02	 0.10104023E-02
  3443.0000    	  3444.0000    	-0.35220131E-01	 0.67486200E-02
  3444.0000    	  3445.0000    	-0.40344525E-01	 0.51377434E-02
  3445.0000    	  3446.0000    	-0.38951401E-01	 0.59062285E-02
  3446.0000    	  3447.0000    	-0.43492708E-01	 0.60406243E-02
  3447.0000    	  3448.0000    	-0.28305700E-01	 0.51237436E-02
  3448.0000    	  3449.0000    	-0.45497656E-01	 0.57735573E-02
  3449.0000    	  3450.0000    	-0.23700196E-01	 0.39441965E-02
  3450.0000    	  3451.0000    	-0.13348142E-01	 0.30492794E-02
  3451.0000    	  3452.0000    	-0.10206675E-01	 0.11039240E-02
  3452.0000    	  3453.0000    	-0.88233151E-02	 0.18332547E-02
  3453.0000    	  3454.0000    	-0.50749228E-02	 0.69078174E-03
  3454.0000    	  3455.0000    	-0.53183904E-01	 0.66151007E-02
  3455.0000    	  3456.0000    	-0.39108826E-01	 0.66827221E-02
  3456.0000    	  3457.0000    	-0.46888288E-01	 0.63596475E-02
  3457.0000    	  3458.0000    	-0.35643997E-01	 0.56100775E-02
  3458.0000    	  3459.0000    	-0.32508032E-01	 0.44712626E-02
  3459.0000    	  3460.0000    	-0.33099055E-01	 0.49013809E-02
  3460.0000    	  3461.0000    	-0.19732158E-01	 0.32610292E-02
  3461.0000    	  3462.0000    	-0.19841114E-01	 0.30446259E-02
  3462.0000    	  3463.0000    	-0.15766796E-01	 0.25830819E-02
  3463.0000    	  3464.0000    	-0.10292434E-01	 0.17739447E-02
  3464.0000    	  3465.0000    	-0.75934851E-02	 0.10876829E-02
  3465.0000    	  3466.0000    	-0.46377808E-01	 0.69422308E-02
  3466.0000    	  3467.0000    	-0.53683374E-01	 0.70008352E-02
  3467.0000    	  3468.0000    	-0.51233919E-01	 0.62509311E-02
  3468.0000    	  3469.0000    	-0.40698247E-01	 0.55594014E-02
  3469.0000    	  3470.0000    	-0.24697203E-01	 0.54393162E-02
  3470.0000    	  3471.0000    	-0.30332598E-01	 0.35147953E-02
  3471.0000    	  3472.0000    	-0.25984268E-01	 0.39039088E-02
  3472.0000    	  3473.0000    	-0.17643643E-01	 0.33902234E-02
  3473.0000    	  3474.0000    	-0.12694682E-01	 0.23061311E-02
  3474.0000    	  3475.0000    	-0.72058044E-02	 0.51966887E-03
  3475.0000    	  3476.0000    	-0.54276433E-02	 0.71732514E-03
  3476.0000    	  3477.0000    	-0.43060349E-01	 0.66210487E-02
  3477.0000    	  3478.0000    	-0.41062322E-01	 0.69016430E-02
  3478.0000    	  3479.0000    	-0.43031929E-01	 0.62049655E-02
  3479.0000    	  3480.0000    	-0.36082293E-01	 0.57467353E-02
  3480.0000    	  3481.0000    	-0.30439556E-01	 0.39855463E-02
  3481.0000    	  3482.0000    	-0.35704078E-01	 0.49485100E-02
  3482.0000    	  3483.0000    	-0.28088181E-01	 0.41860740E-02
  3483.0000    	  3484.0000    	-0.20637089E-01	 0.28477847E-02
  3484.0000    	  3485.0000    	-0.11254563E-01	 0.22735223E-02
  3485.0000    	  3486.0000    	-0.65064483E-02	 0.81965802E-03
  3486.0000    	  3487.0000    	-0.23167904E-02	 0.65919452E-03
  3487.0000    	  3488.0000    	-0.46358347E-01	 0.70686981E-02
  3488.0000    	  3489.0000    	-0.40927285E-01	 0.67709269E-02
  3489.0000    	  3490.0000    	-0.33362343E-01	 0.56082588E-02
  3490.0000    	  3491.0000    	-0.40295847E-01	 0.60149796E-02
  3491.0000    	  3492.0000    	-0.35807633E-01	 0.53466899E-02
  3492.0000    	  3493.0000    	-0.20271120E-01	 0.40037014E-02
  3493.0000    	  3494.0000    	-0.14499720E-01	 0.35643818E-02
  3494.0000    	  3495.0000    	-0.20611467E-01	 0.29535119E-02
  3495.0000    	  3496.0000    	-0.11687123E-01	 0.11704638E-02
  3496.0000    	  3497.0000    	-0.10938446E-01	 0.18344494E-02
  3497.0000    	  3498.0000    	-0.68704162E-02	 0.10739616E-02
  3498.0000    	  3499.0000    	-0.40266806E-01	 0.68911872E-02
  3499.0000    	  3500.0000    	-0.54744342E-01	 0.65230870E-02
  3500.0000    	  3501.0000    	-0.38813781E-01	 0.57572102E-02
  3501.0000    	  3502.0000    	-0.40391975E-01	 0.57827783E-02
  3502.0000    	  3503.0000    	-0.38325443E-01	 0.53503140E-02
  3503.0000    	  3504.0000    	-0.21872498E-01	 0.50852050E-02
  3504.0000    	  3505.0000    	-0.20307402E-01	 0.30937729E-02
  3505.0000    	  3506.0000    	-0.18698647E-01	 0.34896208E-02
  3506.0000    	  3507.0000    	-0.16129979E-01	 0.23493035E-02
  3507.0000    	  3508.0000    	-0.87889136E-02	 0.14523216E-02
  3508.0000    	  3509.0000    	-0.60403894E-02	 0.10670060E-02
  3509.0000    	  3510.0000    	-0.45301535E-01	 0.68826698E-02
  3510.0000    	  3511.0000    	-0.48789862E-01	 0.65373245E-02
  3511.0000    	  3512.0000    	-0.35803424E-01	 0.57396775E-02
  3512.0000    	  3513.0000    	-0.35329783E-01	 0.53869571E-02
  3513.0000    	  3514.0000    	-0.30186657E-01	 0.51241555E-02
  3514.0000    	  3515.0000    	-0.28919867E-01	 0.54591086E-02
  3515.0000    	  3516.0000    	-0.20593602E-01	 0.31021896E-02
  3516.0000    	  3517.0000    	-0.23993521E-01	 0.28044708E-02
  3517.0000    	  3518.0000    	-0.14232815E-01	 0.24855356E-02
  3518.0000    	  3519.0000    	-0.89096148E-02	 0.17182866E-02
  3519.0000    	  3520.0000    	-0.77714247E-02	 0.11171880E-02
  3520.0000    	  3521.0000    	-0.48401699E-01	 0.69125909E-02
  3521.0000    	  3522.0000    	-0.29665189E-01	 0.58721569E-02
  3522.0000    	  3523.0000    	-0.44056187E-01	 0.61995831E-02
  3523.0000    	  3524.0000    	-0.46555869E-01	 0.56610439E-02
  3524.0000    	  3525.0000    	-0.31789193E-01	 0.43877563E-02
  3525.0000    	  3526.0000    	-0.18123876E-01	 0.46759554E-02
  3526.0000    	  3527.0000    	-0.24638334E-01	 0.31469209E-02
  3527.0000    	  3528.0000    	-0.16540212E-01	 0.30560956E-02
  3528.0000    	  3529.0000    	-0.10360271E-01	 0.25743798E-02
  3529.0000    	  3530.0000    	-0.84860514E-02	 0.13514518E-02
  3530.0000    	  3531.0000    	-0.67594463E-02	 0.12792152E-02
  3531.0000    	  3532.0000    	-0.43524541E-01	 0.59909686E-02
  3532.0000    	  3533.0000    	-0.56091382E-01	 0.68077981E-02
  3533.0000    	  3534.0000    	-0.40257700E-01	 0.64278085E-02
  3534.0000    	  3535.0000    	-0.42375223E-01	 0.59302427E-02
  3535.0000    	  3536.0000    	-0.30094284E-01	 0.48160506E-02
  3536.0000    	  3537.0000    	-0.28433877E-01	 0.42845796E-02
  3537.0000    	  3538.0000    	-0.19672322E-01	 0.39800396E-02
  3538.0000    	  3539.0000    	-0.18531653E-01	 0.33049568E-02
  3539.0000    	  3540.0000    	-0.13189381E-01	 0.21695830E-02
  3540.0000    	  3541.0000    	-0.70000469E-02	 0.13662290E-02
  3541.0000    	  3542.0000    	-0.36570249E-02	 0.77989640E-03
  3542.0000    	  3543.0000    	-0.33959176E-01	 0.60277097E-02
  3543.0000    	  3544.0000    	-0.33182229E-01	 0.67791270E-02
  3544.0000    	  3545.0000    	-0.41579400E-01	 0.60352720E-02
  3545.0000    	  3546.0000    	-0.30476826E-01	 0.56732756E-02
  3546.0000    	  3547.0000    	-0.35098443E-01	 0.48064351E-02
  3547.0000    	  3548.0000    	-0.15001126E-01	 0.38870239E-02
  3548.0000    	  3549.0000    	-0.18998414E-01	 0.25582408E-02
  3549.0000    	  3550.0000    	-0.15172938E-01	 0.29138862E-02
  3550.0000    	  3551.0000    	-0.13941331E-01	 0.23454425E-02
  3551.0000    	  3552.0000    	-0.69680689E-02	 0.13709786E-02
  3552.0000    	  3553.0000    	-0.44180482E-02	 0.86833815E-03
  3553.0000    	  3554.0000    	-0.40806583E-01	 0.64787662E-02
  3554.0000    	  3555.0000    	-0.38844624E-01	 0.65820112E-02
  3555.0000    	  3556.0000    	-0.41052372E-01	 0.51172153E-02
  3556.0000    	  3557.0000    	-0.31962267E-01	 0.59051337E-02
  3557.0000    	  3558.0000    	-0.29244614E-01	 0.44281980E-02
  3558.0000    	  3559.0000    	-0.30472317E-01	 0.42008006E-02
  3559.0000    	  3560.0000    	-0.27166762E-01	 0.41820312E-02
  3560.0000    	  3561.0000    	-0.21132735E-01	 0.28941483E-02
  3561.0000    	  3562.0000    	-0.10686820E-01	 0.19221796E-02
  3562.0000    	  3563.0000    	-0.65547408E-02	 0.10198659E-02
  3563.0000    	  3564.0000    	-0.61280780E-02	 0.10756366E-02
  3564.0000    	  3565.0000    	-0.44356251E-01	 0.74319243E-02
  3565.0000    	  3566.0000    	-0.37436427E-01	 0.64685112E-02
  3566.0000    	  3567.0000    	-0.47945882E-01	 0.60140134E-02
  3567.0000    	  3568.0000    	-0.33144065E-01	 0.54011549E-02
  3568.0000    	  3569.0000    	-0.32254484E-01	 0.55780163E-02
  3569.0000    	  3570.0000    	-0.21993450E-01	 0.44258927E-02
  3570.0000    	  3571.0000    	-0.16478243E-01	 0.23707974E-02
  3571.0000    	  3572.0000    	-0.11964882E-01	 0.13213534E-02
  3572.0000    	  3573.0000    	-0.94787198E-02	 0.21052101E-02
  3573.0000    	  3574.0000    	-0.72798712E-02	 0.17153304E-02
  3574.0000    	  3575.0000    	-0.14563099E-02	 0.10020797E-02
  3575.0000    	  3576.0000    	-0.41223216E-01	 0.65121063E-02
  3576.0000    	  3577.0000    	-0.46928959E-01	 0.58053693E-02
  3577.0000    	  3578.0000    	-0.33532894E-01	 0.57801300E-02
  3578.0000    	  3579.0000    	-0.34557533E-01	 0.49447857E-02
  3579.0000    	  3580.0000    	-0.33955273E-01	 0.48995411E-02
  3580.0000    	  3581.0000    	-0.21264794E-01	 0.40017101E-02
  3581.0000    	  3582.0000    	-0.22180237E-01	 0.35536445E-02
  3582.0000    	  3583.0000    	-0.12956609E-01	 0.17999813E-02
  3583.0000    	  3584.0000    	-0.12506921E-01	 0.20723579E-02
  3584.0000    	  3585.0000    	-0.82027124E-02	 0.80780279E-03
  3585.0000    	  3586.0000    	-0.39026425E-02	 0.78388557E-03
  3586.0000    	  3587.0000    	-0.49461243E-01	 0.67316092E-02
  3587.0000    	  3588.0000    	-0.37031633E-01	 0.62787731E-02
  3588.0000    	  3589.0000    	-0.39744657E-01	 0.61026897E-02
  3589.0000    	  3590.0000    	-0.39346665E-01	 0.57841942E-02
  3590.0000    	  3591.0000    	-0.23390439E-01	 0.47346108E-02
  3591.0000    	  3592.0000    	-0.26797618E-01	 0.42300807E-02
  3592.0000    	  3593.0000    	-0.25275235E-01	 0.35121724E-02
  3593.0000    	  3594.0000    	-0.12666670E-01	 0.17257023E-02
  3594.0000    	  3595.0000    	-0.10581749E-01	 0.21641919E-02
  3595.0000    	  3596.0000    	-0.53089128E-02	 0.10251463E-02
  3596.0000    	  3597.0000    	-0.36704916E-02	 0.27608646E-03
  3597.0000    	  3598.0000    	-0.39236526E-01	 0.66270639E-02
  3598.0000    	  3599.0000    	-0.50510514E-01	 0.64903981E-02
  3599.0000    	  3600.0000    	-0.42270482E-01	 0.64867744E-02
  3600.0000    	  3601.0000    	-0.28781703E-01	 0.54385148E-02
  3601.0000    	  3602.0000    	-0.25404293E-01	 0.40852997E-02
  3602.0000    	  3603.0000    	-0.34421688E-01	 0.42302187E-02
  3603.0000    	  3604.0000    	-0.19335398E-01	 0.35163274E-02
  3604.0000    	  3605.0000    	-0.14549561E-01	 0.22631408E-02
  3605.0000    	  3606.0000    	-0.97062756E-02	 0.16009636E-02
  3606.0000    	  3607.0000    	-0.70240816E-02	 0.15919555E-02
  3607.0000    	  3608.0000    	-0.52508523E-02	 0.66730354E-03
  3608.0000    	  3609.0000    	-0.34137226E-01	 0.64411655E-02
  3609.0000    	  3610.0000    	-0.35584771E-01	 0.62735642E-02
  3610.0000    	  3611.0000    	-0.42854235E-01	 0.55919383E-02
  3611.0000    	  3612.0000    	-0.49321588E-01	 0.52440802E-02
  3612.0000    	  3613.0000    	-0.39448164E-01	 0.48739012E-02
  3613.0000    	  3614.0000    	-0.25612645E-01	 0.44096980E-02
  3614.0000    	  3615.0000    	-0.22090239E-01	 0.37034708E-02
  3615.0000    	  3616.0000    	-0.11728878E-01	 0.32175436E-02
  3616.0000    	  3617.0000    	-0.12400823E-01	 0.21375998E-02
  3617.0000    	  3618.0000    	-0.58625456E-02	 0.11639225E-02
  3618.0000    	  3619.0000    	-0.63044337E-02	 0.94256441E-03
  3619.0000    	  3620.0000    	-0.38758189E-01	 0.59728847E-02
  3620.0000    	  3621.0000    	-0.43503380E-01	 0.59263103E-02
  3621.0000    	  3622.0000    	-0.44322825E-01	 0.56654340E-02
  3622.0000    	  3623.0000    	-0.29897175E-01	 0.37627578E-02
  3623.0000    	  3624.0000    	-0.20657746E-01	 0.46966814E-02
  3624.0000    	  3625.0000    	-0.26549241E-01	 0.42679416E-02
  3625.0000    	  3626.0000    	-0.21103020E-01	 0.32420538E-02
  3626.0000    	  3627.0000    	-0.20640013E-01	 0.27428270E-02
  3627.0000    	  3628.0000    	-0.86366590E-02	 0.13911596E-02
  3628.0000    	  3629.0000    	-0.96220449E-02	 0.14028227E-02
  3629.0000    	  3630.0000    	-0.32673300E-02	 0.65094348E-03
  3630.0000    	  3631.0000    	-0.26879720E-01	 0.52521502E-02
  3631.0000    	  3632.0000    	-0.36631431E-01	 0.56380755E-02
  3632.0000    	  3633.0000    	-0.31530676E-01	 0.56058963E-02
  3633.0000    	  3634.0000    	-0.35722094E-01	 0.52876641E-02
  3634.0000    	  3635.0000    	-0.28075498E-01	 0.44767469E-02
  3635.0000    	  3636.0000    	-0.24571983E-01	 0.36585866E-02
  3636.0000    	  3637.0000    	-0.15641844E-01	 0.35629409E-02
  3637.0000    	  3638.0000    	-0.15098384E-01	 0.26083295E-02
  3638.0000    	  3639.0000    	-0.12556115E-01	 0.19485487E-02
  3639.0000    	  3640.0000    	-0.66673340E-02	 0.94041221E-03
  3640.0000    	  3641.0000    	-0.31247699E-02	 0.33746017E-03
  3641.0000    	  3642.0000    	-0.36949241E-01	 0.63396231E-02
  3642.0000    	  3643.0000    	-0.45266324E-01	 0.62635906E-02
  3643.0000    	  3644.0000    	-0.39786888E-01	 0.54480229E-02
  3644.0000    	  3645.0000    	-0.32089729E-01	 0.55494806E-02
  3645.0000    	  3646.0000    	-0.32116484E-01	 0.47182677E-02
  3646.0000    	  3647.0000    	-0.20738437E-01	 0.34574894E-02
  3647.0000    	  3648.0000    	-0.17174100E-01	 0.27667689E-02
  3648.0000    	  3649.0000    	-0.17048425E-01	 0.27885273E-02
  3649.0000    	  3650.0000    	-0.88235781E-02	 0.13022832E-02
  3650.0000    	  3651.0000    	-0.51570759E-02	 0.98148055E-03
  3651.0000    	  3652.0000    	-0.41654024E-02	 0.57226147E-03
  3652.0000    	  3653.0000    	-0.46684345E-01	 0.65934056E-02
  3653.0000    	  3654.0000    	-0.36392983E-01	 0.60536009E-02
  3654.0000    	  3655.0000    	-0.27832235E-01	 0.57204071E-02
  3655.0000    	  3656.0000    	-0.36986625E-01	 0.51698375E-02
  3656.0000    	  3657.0000    	-0.27034007E-01	 0.44593878E-02
  3657.0000    	  3658.0000    	-0.23313297E-01	 0.32817100E-02
  3658.0000    	  3659.0000    	-0.15705931E-01	 0.31042238E-02
  3659.0000    	  3660.0000    	-0.10756550E-01	 0.26256061E-02
  3660.0000    	  3661.0000    	-0.14233124E-01	 0.20900290E-02
  3661.0000    	  3662.0000    	-0.93777234E-02	 0.16023219E-02
  3662.0000    	  3663.0000    	-0.36597473E-02	 0.44580450E-03
  3663.0000    	  3664.0000    	-0.49565544E-01	 0.58906570E-02
  3664.0000    	  3665.0000    	-0.39313384E-01	 0.59057749E-02
  3665.0000    	  3666.0000    	-0.40684590E-01	 0.56737007E-02
  3666.0000    	  3667.0000    	-0.36362854E-01	 0.54104739E-02
  3667.0000    	  3668.0000    	-0.32531782E-01	 0.43812257E-02
  3668.0000    	  3669.0000    	-0.21282144E-01	 0.39045081E-02
  3669.0000    	  3670.0000    	-0.21115263E-01	 0.31565045E-02
  3670.0000    	  3671.0000    	-0.12456933E-01	 0.19307282E-02
  3671.0000    	  3672.0000    	-0.11326222E-01	 0.18447435E-02
  3672.0000    	  3673.0000    	-0.67364374E-02	 0.13669202E-02
  3673.0000    	  3674.0000    	-0.58943749E-02	 0.97937608E-03
  3674.0000    	  3675.0000    	-0.44123025E-01	 0.62453914E-02
  3675.0000    	  3676.0000    	-0.41649686E-01	 0.61885381E-02
  3676.0000    	  3677.0000    	-0.41404358E-01	 0.52854999E-02
  3677.0000    	  3678.0000    	-0.24835870E-01	 0.51074826E-02
  3678.0000    	  3679.0000    	-0.24490932E-01	 0.47373177E-02
  3679.0000    	  3680.0000    	-0.21554517E-01	 0.37428387E-02
  3680.0000    	  3681.0000    	-0.23151280E-01	 0.34688678E-02
  3681.0000    	  3682.0000    	-0.14989984E-01	 0.31645213E-02
  3682.0000    	  3683.0000    	-0.90862811E-02	 0.15659922E-02
  3683.0000    	  3684.0000    	-0.65671107E-02	 0.79663216E-03
  3684.0000    	  3685.0000    	-0.32934029E-02	 0.30928906E-03
  3685.0000    	  3686.0000    	-0.35588447E-01	 0.58101200E-02
  3686.0000    	  3687.0000    	-0.33836204E-01	 0.60696739E-02
  3687.0000    	  3688.0000    	-0.39712589E-01	 0.54282363E-02
  3688.0000    	  3689.0000    	-0.42154332E-01	 0.53668576E-02
  3689.0000    	  3690.0000    	-0.26180341E-01	 0.43200139E-02
  3690.0000    	  3691.0000    	-0.28176872E-01	 0.36234017E-02
  3691.0000    	  3692.0000    	-0.24010588E-01	 0.34693167E-02
  3692.0000    	  3693.0000    	-0.14383465E-01	 0.27544799E-02
  3693.0000    	  3694.0000    	-0.62640343E-02	 0.75923612E-03
  3694.0000    	  3695.0000    	-0.74591741E-02	 0.13849323E-02
  3695.0000    	  3696.0000    	-0.34037643E-02	 0.59661148E-03
  3696.0000    	  3697.0000    	-0.34558023E-01	 0.53381527E-02
  3697.0000    	  3698.0000    	-0.37905879E-01	 0.58318644E-02
  3698.0000    	  3699.0000    	-0.25359492E-01	 0.51872003E-02
  3699.0000    	  3700.0000    	-0.31304995E-01	 0.48092222E-02
  3700.0000    	  3701.0000    	-0.41770312E-01	 0.48550048E-02
  3701.0000    	  3702.0000    	-0.24006840E-01	 0.38278916E-02
  3702.0000    	  3703.0000    	-0.13112524E-01	 0.25485652E-02
  3703.0000    	  3704.0000    	-0.10079045E-01	 0.91955318E-03
  3704.0000    	  3705.0000    	-0.10420018E-01	 0.19784461E-02
  3705.0000    	  3706.0000    	-0.57359621E-02	 0.10933753E-02
  3706.0000    	  3707.0000    	-0.18282029E-02	 0.38320562E-03
  3707.0000    	  3708.0000    	-0.33033005E-01	 0.57669119E-02
  3708.0000    	  3709.0000    	-0.29765270E-01	 0.53961592E-02
  3709.0000    	  3710.0000    	-0.45999524E-01	 0.59603877E-02
  3710.0000    	  3711.0000    	-0.23599337E-01	 0.51017499E-02
  3711.0000    	  3712.0000    	-0.23846024E-01	 0.44775307E-02
  3712.0000    	  3713.0000    	-0.20123847E-01	 0.37727456E-02
  3713.0000    	  3714.0000    	-0.14145255E-01	 0.19103308E-02
  3714.0000    	  3715.0000    	-0.12788233E-01	 0.24011324E-02
  3715.0000    	  3716.0000    	-0.12521267E-01	 0.18676401E-02
  3716.0000    	  3717.0000    	-0.88544987E-02	 0.12295202E-02
  3717.0000    	  3718.0000    	-0.38449870E-02	 0.60753513E-03
  3718.0000    	  3719.0000    	-0.28942058E-01	 0.54163717E-02
  3719.0000    	  3720.0000    	-0.37837685E-01	 0.55108377E-02
  3720.0000    	  3721.0000    	-0.21774349E-01	 0.51508488E-02
  3721.0000    	  3722.0000    	-0.28368635E-01	 0.51071705E-02
  3722.0000    	  3723.0000    	-0.19733901E-01	 0.46848125E-02
  3723.0000    	  3724.0000    	-0.19457198E-01	 0.38825622E-02
  3724.0000    	  3725.0000    	-0.16623360E-01	 0.17986803E-02
  3725.0000    	  3726.0000    	-0.14643456E-01	 0.24015989E-02
  3726.0000    	  3727.0000    	-0.10922063E-01	 0.18194658E-02
  3727.0000    	  3728.0000    	-0.44392082E-02	 0.85722645E-03
  3728.0000    	  3729.0000    	-0.27312579E-02	 0.39392915E-03
  3729.0000    	  3730.0000    	-0.39418077E-01	 0.59558290E-02
  3730.0000    	  3731.0000    	-0.34560652E-01	 0.60253905E-02
  3731.0000    	  3732.0000    	-0.32757270E-01	 0.56419793E-02
  3732.0000    	  3733.0000    	-0.30579872E-01	 0.49135847E-02
  3733.0000    	  3734.0000    	-0.33763631E-01	 0.42043521E-02
  3734.0000    	  3735.0000    	-0.19744024E-01	 0.41541795E-02
  3735.0000    	  3736.0000    	-0.12843996E-01	 0.26857351E-02
  3736.0000    	  3737.0000    	-0.16948013E-01	 0.25458871E-02
  3737.0000    	  3738.0000    	-0.89113549E-02	 0.18531811E-02
  3738.0000    	  3739.0000    	-0.59057658E-02	 0.41644575E-03
  3739.0000    	  3740.0000    	-0.33510641E-02	 0.54845495E-03
  3740.0000    	  3741.0000    	-0.32605225E-01	 0.52673024E-02
  3741.0000    	  3742.0000    	-0.29833165E-01	 0.55929323E-02
  3742.0000    	  3743.0000    	-0.33965867E-01	 0.55426683E-02
  3743.0000    	  3744.0000    	-0.26233488E-01	 0.49100548E-02
  3744.0000    	  3745.0000    	-0.26759710E-01	 0.45812060E-02
  3745.0000    	  3746.0000    	-0.22296609E-01	 0.39091099E-02
  3746.0000    	  3747.0000    	-0.16365464E-01	 0.32674071E-02
  3747.0000    	  3748.0000    	-0.15873694E-01	 0.25471956E-02
  3748.0000    	  3749.0000    	-0.77863051E-02	 0.12331439E-02
  3749.0000    	  3750.0000    	-0.92787581E-02	 0.14658001E-02
  3750.0000    	  3751.0000    	-0.42615235E-02	 0.71483424E-03
  3751.0000    	  3752.0000    	-0.35970555E-01	 0.59572869E-02
  3752.0000    	  3753.0000    	-0.37957800E-01	 0.50356577E-02
  3753.0000    	  3754.0000    	-0.31785027E-01	 0.51784312E-02
  3754.0000    	  3755.0000    	-0.29341471E-01	 0.52770869E-02
  3755.0000    	  3756.0000    	-0.32775144E-01	 0.47610394E-02
  3756.0000    	  3757.0000    	-0.20461297E-01	 0.39045039E-02
  3757.0000    	  3758.0000    	-0.16521684E-01	 0.32451376E-02
  3758.0000    	  3759.0000    	-0.99980908E-02	 0.22847348E-02
  3759.0000    	  3760.0000    	-0.10171556E-01	 0.19240252E-02
  3760.0000    	  3761.0000    	-0.73014211E-02	 0.12731268E-02
  3761.0000    	  3762.0000    	-0.43142081E-02	 0.71111334E-03
  3762.0000    	  3763.0000    	-0.37972042E-01	 0.47947167E-02
  3763.0000    	  3764.0000    	-0.38410268E-01	 0.58722810E-02
  3764.0000    	  3765.0000    	-0.30195427E-01	 0.51555689E-02
  3765.0000    	  3766.0000    	-0.29008070E-01	 0.50458820E-02
  3766.0000    	  3767.0000    	-0.24189266E-01	 0.50958894E-02
  3767.0000    	  3768.0000    	-0.19337887E-01	 0.32922365E-02
  3768.0000    	  3769.0000    	-0.16614150E-01	 0.33145039E-02
  3769.0000    	  3770.0000    	-0.12908903E-01	 0.21723231E-02
  3770.0000    	  3771.0000    	-0.94903303E-02	 0.16733199E-02
  3771.0000    	  3772.0000    	-0.50051362E-02	 0.92911013E-03
  3772.0000    	  3773.0000    	-0.42315935E-02	 0.47061487E-03
  3773.0000    	  3774.0000    	-0.51814375E-01	 0.57835360E-02
  3774.0000    	  3775.0000    	-0.38102161E-01	 0.61364007E-02
  3775.0000    	  3776.0000    	-0.34349371E-01	 0.53744345E-02
  3776.0000    	  3777.0000    	-0.32211586E-01	 0.53274554E-02
  3777.0000    	  3778.0000    	-0.17656827E-01	 0.27381769E-02
  3778.0000    	  3779.0000    	-0.21457420E-01	 0.34928204E-02
  3779.0000    	  3780.0000    	-0.15363960E-01	 0.30031437E-02
  3780.0000    	  3781.0000    	-0.11417459E-01	 0.24824053E-02
  3781.0000    	  3782.0000    	-0.86199599E-02	 0.12203802E-02
  3782.0000    	  3783.0000    	-0.42746307E-02	 0.67837405E-03
  3783.0000    	  3784.0000    	-0.46106151E-02	 0.88394295E-03
  3784.0000    	  3785.0000    	-0.23010530E-01	 0.45531804E-02
  3785.0000    	  3786.0000    	-0.29200212E-01	 0.65378201E-02
  3786.0000    	  3787.0000    	-0.36388919E-01	 0.57517609E-02
  3787.0000    	  3788.0000    	-0.31605232E-01	 0.43646524E-02
  3788.0000    	  3789.0000    	-0.25132838E-01	 0.39587669E-02
  3789.0000    	  3790.0000    	-0.18877261E-01	 0.33445197E-02
  3790.0000    	  3791.0000    	-0.21190093E-01	 0.26130887E-02
  3791.0000    	  3792.0000    	-0.14871441E-01	 0.26420651E-02
  3792.0000    	  3793.0000    	-0.80916253E-02	 0.17503605E-02
  3793.0000    	  3794.0000    	-0.44746229E-02	 0.47791657E-03
  3794.0000    	  3795.0000    	-0.34941899E-02	 0.48417814E-03
  3795.0000    	  3796.0000    	-0.36272292E-01	 0.55514044E-02
  3796.0000    	  3797.0000    	-0.41691957E-01	 0.63542387E-02
  3797.0000    	  3798.0000    	-0.39343539E-01	 0.57068619E-02
  3798.0000    	  3799.0000    	-0.25585115E-01	 0.45531512E-02
  3799.0000    	  3800.0000    	-0.25271552E-01	 0.41838694E-02
  3800.0000    	  3801.0000    	-0.28551517E-01	 0.38552272E-02
  3801.0000    	  3802.0000    	-0.17553505E-01	 0.21262656E-02
  3802.0000    	  3803.0000    	-0.14789083E-01	 0.28900163E-02
  3803.0000    	  3804.0000    	-0.12404633E-01	 0.19024661E-02
  3804.0000    	  3805.0000    	-0.48398599E-02	 0.12415627E-02
  3805.0000    	  3806.0000    	-0.40693709E-02	 0.10017065E-02
  3806.0000    	  3807.0000    	-0.32962785E-01	 0.56924266E-02
  3807.0000    	  3808.0000    	-0.44778746E-01	 0.54940574E-02
  3808.0000    	  3809.0000    	-0.29172901E-01	 0.51878758E-02
  3809.0000    	  3810.0000    	-0.33500193E-01	 0.49581950E-02
  3810.0000    	  3811.0000    	-0.23775703E-01	 0.41816512E-02
  3811.0000    	  3812.0000    	-0.13731487E-01	 0.36527052E-02
  3812.0000    	  3813.0000    	-0.22215490E-01	 0.32297848E-02
  3813.0000    	  3814.0000    	-0.80504223E-02	 0.19503191E-02
  3814.0000    	  3815.0000    	-0.10011574E-01	 0.14822040E-02
  3815.0000    	  3816.0000    	-0.51953068E-02	 0.10909489E-02
  3816.0000    	  3817.0000    	-0.27801377E-02	 0.28540541E-03
  3817.0000    	  3818.0000    	-0.35406510E-01	 0.56890163E-02
  3818.0000    	  3819.0000    	-0.36260405E-01	 0.55377442E-02
  3819.0000    	  3820.0000    	-0.35258298E-01	 0.50989300E-02
  3820.0000    	  3821.0000    	-0.34580888E-01	 0.47121260E-02
  3821.0000    	  3822.0000    	-0.25867270E-01	 0.40276444E-02
  3822.0000    	  3823.0000    	-0.24064038E-01	 0.37029258E-02
  3823.0000    	  3824.0000    	-0.22126434E-01	 0.30378884E-02
  3824.0000    	  3825.0000    	-0.13982440E-01	 0.21759776E-02
  3825.0000    	  3826.0000    	-0.94924730E-02	 0.17984215E-02
  3826.0000    	  3827.0000    	-0.39875460E-02	 0.68958534E-03
  3827.0000    	  3828.0000    	-0.50132471E-02	 0.82901124E-03
  3828.0000    	  3829.0000    	-0.47275954E-01	 0.55800775E-02
  3829.0000    	  3830.0000    	-0.32846281E-01	 0.50285161E-02
  3830.0000    	  3831.0000    	-0.35352978E-01	 0.52535698E-02
  3831.0000    	  3832.0000    	-0.30127370E-01	 0.40966973E-02
  3832.0000    	  3833.0000    	-0.19158675E-01	 0.44593225E-02
  3833.0000    	  3834.0000    	-0.21592639E-01	 0.30883991E-02
  3834.0000    	  3835.0000    	-0.14377799E-01	 0.26134650E-02
  3835.0000    	  3836.0000    	-0.10492536E-01	 0.21170226E-02
  3836.0000    	  3837.0000    	-0.10053513E-01	 0.22351733E-02
  3837.0000    	  3838.0000    	-0.63902211E-02	 0.10726925E-02
  3838.0000    	  3839.0000    	-0.32451685E-02	 0.61817780E-03
  3839.0000    	  3840.0000    	-0.37023729E-01	 0.57721620E-02
  3840.0000    	  3841.0000    	-0.37161861E-01	 0.48882935E-02
  3841.0000    	  3842.0000    	-0.25319872E-01	 0.51247643E-02
  3842.0000    	  3843.0000    	-0.26863036E-01	 0.44960861E-02
  3843.0000    	  3844.0000    	-0.22413472E-01	 0.44366131E-02
  3844.0000    	  3845.0000    	-0.23773421E-01	 0.37855364E-02
  3845.0000    	  3846.0000    	-0.14629459E-01	 0.22502326E-02
  3846.0000    	  3847.0000    	-0.10878028E-01	 0.15518090E-02
  3847.0000    	  3848.0000    	-0.99207818E-02	 0.20338781E-02
  3848.0000    	  3849.0000    	-0.25907716E-02	 0.51889456E-03
  3849.0000    	  3850.0000    	-0.34222195E-02	 0.45490641E-03
  3850.0000    	  3851.0000    	-0.34062017E-01	 0.55151602E-02
  3851.0000    	  3852.0000    	-0.22290161E-01	 0.55719944E-02
  3852.0000    	  3853.0000    	-0.31134259E-01	 0.49586595E-02
  3853.0000    	  3854.0000    	-0.31142159E-01	 0.44288482E-02
  3854.0000    	  3855.0000    	-0.23040308E-01	 0.37010491E-02
  3855.0000    	  3856.0000    	-0.24569118E-01	 0.35007385E-02
  3856.0000    	  3857.0000    	-0.18611077E-01	 0.32289307E-02
  3857.0000    	  3858.0000    	-0.13320521E-01	 0.23259560E-02
  3858.0000    	  3859.0000    	-0.98025137E-02	 0.18622186E-02
  3859.0000    	  3860.0000    	-0.43560568E-02	 0.13675143E-02
  3860.0000    	  3861.0000    	-0.47033489E-02	 0.80651508E-03
  3861.0000    	  3862.0000    	-0.31835280E-01	 0.48137497E-02
  3862.0000    	  3863.0000    	-0.39674633E-01	 0.58652757E-02
  3863.0000    	  3864.0000    	-0.33077801E-01	 0.47602631E-02
  3864.0000    	  3865.0000    	-0.25298552E-01	 0.41378535E-02
  3865.0000    	  3866.0000    	-0.23699573E-01	 0.44882673E-02
  3866.0000    	  3867.0000    	-0.14278074E-01	 0.38232351E-02
  3867.0000    	  3868.0000    	-0.18831468E-01	 0.25890778E-02
  3868.0000    	  3869.0000    	-0.18797897E-01	 0.28041224E-02
  3869.0000    	  3870.0000    	-0.63798451E-02	 0.64746181E-03
  3870.0000    	  3871.0000    	-0.51363635E-02	 0.76972653E-03
  3871.0000    	  3872.0000    	-0.34596090E-02	 0.70657927E-03
  3872.0000    	  3873.0000    	-0.26430337E-01	 0.47982875E-02
  3873.0000    	  3874.0000    	-0.31265944E-01	 0.52763944E-02
  3874.0000    	  3875.0000    	-0.35819800E-01	 0.55613193E-02
  3875.0000    	  3876.0000    	-0.27691875E-01	 0.46911808E-02
  3876.0000    	  3877.0000    	-0.20750810E-01	 0.45526988E-02
  3877.0000    	  3878.0000    	-0.23240149E-01	 0.33858778E-02
  3878.0000    	  3879.0000    	-0.11413414E-01	 0.94123880E-03
  3879.0000    	  3880.0000    	-0.13332798E-01	 0.21159463E-02
  3880.0000    	  3881.0000    	-0.10189624E-01	 0.19431069E-02
  3881.0000    	  3882.0000    	-0.50296396E-02	 0.87629861E-03
  3882.0000    	  3883.0000    	-0.16418124E-02	 0.19879200E-03
  3883.0000    	  3884.0000    	-0.18874274E-01	 0.53610717E-02
  3884.0000    	  3885.0000    	-0.41486326E-01	 0.53125995E-02
  3885.0000    	  3886.0000    	-0.25293188E-01	 0.47852224E-02
  3886.0000    	  3887.0000    	-0.21891036E-01	 0.42882829E-02
  3887.0000    	  3888.0000    	-0.30729845E-01	 0.42562791E-02
  3888.0000    	  3889.0000    	-0.14733800E-01	 0.35069077E-02
  3889.0000    	  3890.0000    	-0.13165950E-01	 0.25903110E-02
  3890.0000    	  3891.0000    	-0.12032234E-01	 0.20663172E-02
  3891.0000    	  3892.0000    	-0.11236317E-01	 0.15144014E-02
  3892.0000    	  3893.0000    	-0.76989033E-02	 0.11873345E-02
  3893.0000    	  3894.0000    	-0.22514638E-02	 0.49078470E-03
  3894.0000    	  3895.0000    	-0.37068364E-01	 0.52937845E-02
  3895.0000    	  3896.0000    	-0.29002916E-01	 0.46166955E-02
  3896.0000    	  3897.0000    	-0.29103525E-01	 0.44516594E-02
  3897.0000    	  3898.0000    	-0.21528428E-01	 0.38908730E-02
  3898.0000    	  3899.0000    	-0.22249187E-01	 0.30768108E-02
  3899.0000    	  3900.0000    	-0.17428807E-01	 0.24364503E-02
  3900.0000    	  3901.0000    	-0.14980485E-01	 0.21467754E-02
  3901.0000    	  3902.0000    	-0.10009090E-01	 0.20656215E-02
  3902.0000    	  3903.0000    	-0.10882724E-01	 0.18880963E-02
  3903.0000    	  3904.0000    	-0.86094141E-02	 0.13354377E-02
  3904.0000    	  3905.0000    	-0.45825191E-02	 0.69493850E-03
  3905.0000    	  3906.0000    	-0.38523819E-01	 0.55697518E-02
  3906.0000    	  3907.0000    	-0.37225665E-01	 0.49829094E-02
  3907.0000    	  3908.0000    	-0.29767087E-01	 0.44236321E-02
  3908.0000    	  3909.0000    	-0.29511072E-01	 0.44308503E-02
  3909.0000    	  3910.0000    	-0.20446783E-01	 0.40389219E-02
  3910.0000    	  3911.0000    	-0.24447166E-01	 0.37303379E-02
  3911.0000    	  3912.0000    	-0.10423581E-01	 0.25463439E-02
  3912.0000    	  3913.0000    	-0.13155571E-01	 0.20587915E-02
  3913.0000    	  3914.0000    	-0.80156855E-02	 0.16472187E-02
  3914.0000    	  3915.0000    	-0.41801367E-02	 0.90845448E-03
  3915.0000    	  3916.0000    	-0.69225915E-03	 0.45277695E-03
  3916.0000    	  3917.0000    	-0.32106107E-01	 0.53893062E-02
  3917.0000    	  3918.0000    	-0.26750144E-01	 0.48630219E-02
  3918.0000    	  3919.0000    	-0.25443934E-01	 0.47722692E-02
  3919.0000    	  3920.0000    	-0.24272091E-01	 0.44777993E-02
  3920.0000    	  3921.0000    	-0.22845744E-01	 0.36582665E-02
  3921.0000    	  3922.0000    	-0.24313095E-01	 0.34575586E-02
  3922.0000    	  3923.0000    	-0.13763357E-01	 0.28227583E-02
  3923.0000    	  3924.0000    	-0.80858368E-02	 0.12127226E-02
  3924.0000    	  3925.0000    	-0.11121767E-01	 0.16108382E-02
  3925.0000    	  3926.0000    	-0.60516111E-02	 0.10930058E-02
  3926.0000    	  3927.0000    	-0.37651163E-02	 0.58589718E-03
  3927.0000    	  3928.0000    	-0.31264239E-01	 0.53127775E-02
  3928.0000    	  3929.0000    	-0.32257193E-01	 0.46862937E-02
  3929.0000    	  3930.0000    	-0.28660315E-01	 0.53108230E-02
  3930.0000    	  3931.0000    	-0.35072899E-01	 0.45158687E-02
  3931.0000    	  3932.0000    	-0.27503654E-01	 0.40173916E-02
  3932.0000    	  3933.0000    	-0.28241259E-01	 0.34428974E-02
  3933.0000    	  3934.0000    	-0.15025599E-01	 0.31031469E-02
  3934.0000    	  3935.0000    	-0.11024904E-01	 0.14934487E-02
  3935.0000    	  3936.0000    	-0.83257987E-02	 0.10889697E-02
  3936.0000    	  3937.0000    	-0.82035449E-02	 0.11191225E-02
  3937.0000    	  3938.0000    	-0.19729800E-02	 0.23981215E-03
  3938.0000    	  3939.0000    	-0.39004355E-01	 0.45337424E-02
  3939.0000    	  3940.0000    	-0.31554130E-01	 0.47655869E-02
  3940.0000    	  3941.0000    	-0.19850748E-01	 0.51719062E-02
  3941.0000    	  3942.0000    	-0.28801550E-01	 0.47957231E-02
  3942.0000    	  3943.0000    	-0.21093948E-01	 0.37512147E-02
  3943.0000    	  3944.0000    	-0.19537879E-01	 0.32882305E-02
  3944.0000    	  3945.0000    	-0.14656715E-01	 0.28179407E-02
  3945.0000    	  3946.0000    	-0.98923994E-02	 0.22154575E-02
  3946.0000    	  3947.0000    	-0.86148397E-02	 0.16192217E-02
  3947.0000    	  3948.0000    	-0.59905580E-02	 0.11175479E-02
  3948.0000    	  3949.0000    	-0.96098494E-03	 0.39091576E-03
  3949.0000    	  3950.0000    	-0.28895516E-01	 0.48403480E-02
  3950.0000    	  3951.0000    	-0.37074544E-01	 0.46882443E-02
  3951.0000    	  3952.0000    	-0.16939252E-01	 0.41667854E-02
  3952.0000    	  3953.0000    	-0.23073608E-01	 0.42331852E-02
  3953.0000    	  3954.0000    	-0.28198528E-01	 0.33630189E-02
  3954.0000    	  3955.0000    	-0.23641305E-01	 0.36147657E-02
  3955.0000    	  3956.0000    	-0.19107910E-01	 0.30074973E-02
  3956.0000    	  3957.0000    	-0.13399947E-01	 0.21004082E-02
  3957.0000    	  3958.0000    	-0.45896408E-02	 0.11839868E-02
  3958.0000    	  3959.0000    	-0.51184220E-02	 0.10034394E-02
  3959.0000    	  3960.0000    	-0.29990097E-02	 0.70411688E-03
  3960.0000    	  3961.0000    	-0.26147106E-01	 0.49063811E-02
  3961.0000    	  3962.0000    	-0.28136647E-01	 0.49141370E-02
  3962.0000    	  3963.0000    	-0.26650404E-01	 0.46527853E-02
  3963.0000    	  3964.0000    	-0.28335856E-01	 0.42470008E-02
  3964.0000    	  3965.0000    	-0.20067326E-01	 0.41630840E-02
  3965.0000    	  3966.0000    	-0.99783138E-02	 0.34895325E-02
  3966.0000    	  3967.0000    	-0.13248339E-01	 0.23907152E-02
  3967.0000    	  3968.0000    	-0.88944211E-02	 0.94754735E-03
  3968.0000    	  3969.0000    	-0.67476741E-02	 0.14144677E-02
  3969.0000    	  3970.0000    	-0.64975019E-02	 0.98084206E-03
  3970.0000    	  3971.0000    	-0.19134270E-02	 0.26435543E-03
  3971.0000    	  3972.0000    	-0.36092221E-01	 0.56352095E-02
  3972.0000    	  3973.0000    	-0.22220010E-01	 0.43888131E-02
  3973.0000    	  3974.0000    	-0.29337926E-01	 0.43022116E-02
  3974.0000    	  3975.0000    	-0.22138023E-01	 0.43196445E-02
  3975.0000    	  3976.0000    	-0.20454838E-01	 0.41795344E-02
  3976.0000    	  3977.0000    	-0.16866605E-01	 0.35212913E-02
  3977.0000    	  3978.0000    	-0.16143162E-01	 0.22262108E-02
  3978.0000    	  3979.0000    	-0.10878491E-01	 0.21911871E-02
  3979.0000    	  3980.0000    	-0.83880096E-02	 0.16484357E-02
  3980.0000    	  3981.0000    	-0.47137045E-02	 0.11857409E-02
  3981.0000    	  3982.0000    	-0.14400648E-03	 0.14453510E-03
  3982.0000    	  3983.0000    	-0.32415378E-01	 0.52660524E-02
  3983.0000    	  3984.0000    	-0.24501704E-01	 0.51769022E-02
  3984.0000    	  3985.0000    	-0.22782936E-01	 0.39553095E-02
  3985.0000    	  3986.0000    	-0.32037489E-01	 0.43336224E-02
  3986.0000    	  3987.0000    	-0.24393377E-01	 0.35632730E-02
  3987.0000    	  3988.0000    	-0.12363240E-01	 0.33413484E-02
  3988.0000    	  3989.0000    	-0.15887719E-01	 0.27739454E-02
  3989.0000    	  3990.0000    	-0.11372689E-01	 0.20077417E-02
  3990.0000    	  3991.0000    	-0.51304529E-02	 0.11937308E-02
  3991.0000    	  3992.0000    	-0.45661170E-02	 0.58277209E-03
  3992.0000    	  3993.0000    	-0.38511697E-02	 0.81167205E-03
  3993.0000    	  3994.0000    	-0.30174085E-01	 0.49143729E-02
  3994.0000    	  3995.0000    	-0.36556005E-01	 0.49396208E-02
  3995.0000    	  3996.0000    	-0.24864371E-01	 0.39154171E-02
  3996.0000    	  3997.0000    	-0.22323183E-01	 0.35635348E-02
  3997.0000    	  3998.0000    	-0.22446046E-01	 0.25566259E-02
  3998.0000    	  3999.0000    	-0.22500957E-01	 0.33852175E-02
  3999.0000    	  4000.0000    	-0.11130314E-01	 0.22695569E-02
  4000.0000    	  4001.0000    	-0.11027448E-01	 0.25325453E-02
  4001.0000    	  4002.0000    	-0.62451706E-02	 0.94479369E-03
  4002.0000    	  4003.0000    	-0.33545012E-02	 0.61623585E-03
  4003.0000    	  4004.0000    	-0.40401398E-02	 0.56261332E-03
  4004.0000    	  4005.0000    	-0.29991066E-01	 0.48538584E-02
  4005.0000    	  4006.0000    	-0.28276039E-01	 0.54569846E-02
  4006.0000    	  4007.0000    	-0.26566336E-01	 0.49733817E-02
  4007.0000    	  4008.0000    	-0.21050101E-01	 0.36924589E-02
  4008.0000    	  4009.0000    	-0.21021716E-01	 0.33674097E-02
  4009.0000    	  4010.0000    	-0.17564345E-01	 0.32055043E-02
  4010.0000    	  4011.0000    	-0.13696133E-01	 0.22058163E-02
  4011.0000    	  4012.0000    	-0.11410135E-01	 0.23391281E-02
  4012.0000    	  4013.0000    	-0.69579409E-02	 0.15036890E-02
  4013.0000    	  4014.0000    	-0.35254182E-02	 0.11393680E-02
  4014.0000    	  4015.0000    	-0.24438472E-02	 0.41501976E-03
  4015.0000    	  4016.0000    	-0.28055339E-01	 0.43891794E-02
  4016.0000    	  4017.0000    	-0.31509694E-01	 0.47632752E-02
  4017.0000    	  4018.0000    	-0.25542870E-01	 0.41007898E-02
  4018.0000    	  4019.0000    	-0.27813417E-01	 0.36623703E-02
  4019.0000    	  4020.0000    	-0.18724019E-01	 0.41217945E-02
  4020.0000    	  4021.0000    	-0.19644798E-01	 0.31667688E-02
  4021.0000    	  4022.0000    	-0.10896762E-01	 0.23602168E-02
  4022.0000    	  4023.0000    	-0.87348364E-02	 0.16472381E-02
  4023.0000    	  4024.0000    	-0.82421856E-02	 0.14854928E-02
  4024.0000    	  4025.0000    	-0.46171830E-02	 0.97261216E-03
  4025.0000    	  4026.0000    	-0.18188355E-02	 0.63583946E-03
  4026.0000    	  4027.0000    	-0.36129578E-01	 0.45580548E-02
  4027.0000    	  4028.0000    	-0.20808358E-01	 0.52647731E-02
  4028.0000    	  4029.0000    	-0.27805377E-01	 0.51194205E-02
  4029.0000    	  4030.0000    	-0.14646191E-01	 0.38922133E-02
  4030.0000    	  4031.0000    	-0.12320508E-01	 0.35930416E-02
  4031.0000    	  4032.0000    	-0.16722127E-01	 0.34363129E-02
  4032.0000    	  4033.0000    	-0.12890848E-01	 0.29308454E-02
  4033.0000    	  4034.0000    	-0.94389240E-02	 0.12226660E-02
  4034.0000    	  4035.0000    	-0.40718991E-02	 0.15117330E-02
  4035.0000    	  4036.0000    	-0.33432851E-02	 0.47852964E-03
  4036.0000    	  4037.0000    	-0.17702024E-02	 0.18630293E-03
  4037.0000    	  4038.0000    	-0.22857748E-01	 0.47870321E-02
  4038.0000    	  4039.0000    	-0.34506814E-01	 0.48713901E-02
  4039.0000    	  4040.0000    	-0.24895075E-01	 0.48840636E-02
  4040.0000    	  4041.0000    	-0.26463937E-01	 0.39969160E-02
  4041.0000    	  4042.0000    	-0.19452930E-01	 0.30813505E-02
  4042.0000    	  4043.0000    	-0.14788835E-01	 0.23100542E-02
  4043.0000    	  4044.0000    	-0.13703841E-01	 0.21354965E-02
  4044.0000    	  4045.0000    	-0.94295857E-02	 0.15153105E-02
  4045.0000    	  4046.0000    	-0.60998114E-02	 0.93084025E-03
  4046.0000    	  4047.0000    	-0.34987313E-02	 0.46157563E-03
  4047.0000    	  4048.0000    	-0.16189171E-02	 0.26673652E-03
  4048.0000    	  4049.0000    	-0.27301688E-01	 0.48069112E-02
  4049.0000    	  4050.0000    	-0.23065798E-01	 0.52134836E-02
  4050.0000    	  4051.0000    	-0.26720831E-01	 0.51221850E-02
  4051.0000    	  4052.0000    	-0.32062330E-01	 0.41199964E-02
  4052.0000    	  4053.0000    	-0.22606641E-01	 0.39167614E-02
  4053.0000    	  4054.0000    	-0.19199025E-01	 0.31446570E-02
  4054.0000    	  4055.0000    	-0.12795685E-01	 0.24126073E-02
  4055.0000    	  4056.0000    	-0.11096027E-01	 0.16987978E-02
  4056.0000    	  4057.0000    	-0.70822615E-02	 0.15410430E-02
  4057.0000    	  4058.0000    	-0.51394555E-02	 0.99203786E-03
  4058.0000    	  4059.0000    	-0.18212131E-02	 0.38584880E-03
  4059.0000    	  4060.0000    	-0.27149142E-01	 0.48448552E-02
  4060.0000    	  4061.0000    	-0.34394462E-01	 0.51495949E-02
  4061.0000    	  4062.0000    	-0.17550254E-01	 0.41390595E-02
  4062.0000    	  4063.0000    	-0.26111685E-01	 0.41774762E-02
  4063.0000    	  4064.0000    	-0.18519777E-01	 0.34297601E-02
  4064.0000    	  4065.0000    	-0.11733110E-01	 0.10110095E-02
  4065.0000    	  4066.0000    	-0.14396200E-01	 0.22419789E-02
  4066.0000    	  4067.0000    	-0.92822578E-02	 0.17928777E-02
  4067.0000    	  4068.0000    	-0.10671188E-01	 0.17314378E-02
  4068.0000    	  4069.0000    	-0.68732801E-02	 0.11627727E-02
  4069.0000    	  4070.0000    	-0.17212594E-02	 0.21358011E-03
  4070.0000    	  4071.0000    	-0.35940123E-01	 0.50440585E-02
  4071.0000    	  4072.0000    	-0.14914063E-01	 0.47723029E-02
  4072.0000    	  4073.0000    	-0.27324689E-01	 0.44741081E-02
  4073.0000    	  4074.0000    	-0.22922846E-01	 0.44606930E-02
  4074.0000    	  4075.0000    	-0.19348554E-01	 0.33802830E-02
  4075.0000    	  4076.0000    	-0.12574018E-01	 0.29620240E-02
  4076.0000    	  4077.0000    	-0.13714069E-01	 0.28753729E-02
  4077.0000    	  4078.0000    	-0.10546684E-01	 0.20566148E-02
  4078.0000    	  4079.0000    	-0.63748042E-02	 0.75400948E-03
  4079.0000    	  4080.0000    	-0.52305270E-02	 0.99136028E-03
  4080.0000    	  4081.0000    	-0.17110636E-02	 0.51834365E-03
  4081.0000    	  4082.0000    	-0.28398065E-01	 0.51498084E-02
  4082.0000    	  4083.0000    	-0.26323997E-01	 0.35410362E-02
  4083.0000    	  4084.0000    	-0.21607981E-01	 0.23506692E-02
  4084.0000    	  4085.0000    	-0.23462328E-01	 0.37993928E-02
  4085.0000    	  4086.0000    	-0.22216673E-01	 0.33190530E-02
  4086.0000    	  4087.0000    	-0.17383489E-01	 0.29198461E-02
  4087.0000    	  4088.0000    	-0.11694798E-01	 0.26389909E-02
  4088.0000    	  4089.0000    	-0.64444624E-02	 0.13340434E-02
  4089.0000    	  4090.0000    	-0.55032238E-02	 0.65858335E-03
  4090.0000    	  4091.0000    	-0.36998399E-02	 0.42260677E-03
  4091.0000    	  4092.0000    	-0.29871468E-02	 0.65341786E-03
  4092.0000    	  4093.0000    	-0.27481681E-01	 0.46396284E-02
  4093.0000    	  4094.0000    	-0.26527594E-01	 0.46510420E-02
  4094.0000    	  4095.0000    	-0.22481855E-01	 0.40740949E-02
  4095.0000    	  4096.0000    	-0.21537963E-01	 0.32396129E-02
  4096.0000    	  4097.0000    	-0.18020996E-01	 0.33896791E-02
  4097.0000    	  4098.0000    	-0.16620642E-01	 0.31654693E-02
  4098.0000    	  4099.0000    	-0.18885820E-01	 0.26173865E-02
  4099.0000    	  4100.0000    	-0.66680978E-02	 0.99545275E-03
  4100.0000    	  4101.0000    	-0.81260431E-02	 0.16333868E-02
  4101.0000    	  4102.0000    	-0.43726291E-02	 0.76115770E-03
  4102.0000    	  4103.0000    	-0.21489850E-02	 0.30020886E-03
  4103.0000    	  4104.0000    	-0.35160085E-01	 0.43587681E-02
  4104.0000    	  4105.0000    	-0.25098302E-01	 0.45929365E-02
  4105.0000    	  4106.0000    	-0.20306766E-01	 0.42035168E-02
  4106.0000    	  4107.0000    	-0.24658294E-01	 0.40636420E-02
  4107.0000    	  4108.0000    	-0.21115760E-01	 0.38047754E-02
  4108.0000    	  4109.0000    	-0.16949174E-01	 0.30193500E-02
  4109.0000    	  4110.0000    	-0.10658696E-01	 0.23557731E-02
  4110.0000    	  4111.0000    	-0.98387101E-02	 0.19717549E-02
  4111.0000    	  4112.0000    	-0.60604092E-02	 0.12524626E-02
  4112.0000    	  4113.0000    	-0.48093542E-02	 0.96208864E-03
  4113.0000    	  4114.0000    	-0.35665284E-02	 0.59077616E-03
  4114.0000    	  4115.0000    	-0.27620505E-01	 0.47789877E-02
  4115.0000    	  4116.0000    	-0.23515133E-01	 0.49014845E-02
  4116.0000    	  4117.0000    	-0.16707010E-01	 0.31218630E-02
  4117.0000    	  4118.0000    	-0.20386689E-01	 0.35855903E-02
  4118.0000    	  4119.0000    	-0.22861159E-01	 0.34408943E-02
  4119.0000    	  4120.0000    	-0.17686945E-01	 0.30389444E-02
  4120.0000    	  4121.0000    	-0.95804598E-02	 0.86920135E-03
  4121.0000    	  4122.0000    	-0.70615300E-02	 0.19792311E-02
  4122.0000    	  4123.0000    	-0.86849691E-02	 0.11085562E-02
  4123.0000    	  4124.0000    	-0.44627806E-02	 0.85855305E-03
  4124.0000    	  4125.0000    	-0.14029008E-02	 0.47192979E-03
  4125.0000    	  4126.0000    	-0.20787668E-01	 0.50036812E-02
  4126.0000    	  4127.0000    	-0.28699512E-01	 0.42933882E-02
  4127.0000    	  4128.0000    	-0.26944103E-01	 0.42927106E-02
  4128.0000    	  4129.0000    	-0.20855449E-01	 0.42466259E-02
  4129.0000    	  4130.0000    	-0.18574039E-01	 0.34302626E-02
  4130.0000    	  4131.0000    	-0.14980074E-01	 0.31005204E-02
  4131.0000    	  4132.0000    	-0.10587040E-01	 0.26724262E-02
  4132.0000    	  4133.0000    	-0.84114633E-02	 0.19831984E-02
  4133.0000    	  4134.0000    	-0.59031198E-02	 0.10698593E-02
  4134.0000    	  4135.0000    	-0.41043114E-02	 0.78535376E-03
  4135.0000    	  4136.0000    	-0.11771980E-02	 0.43909901E-03
  4136.0000    	  4137.0000    	-0.27867192E-01	 0.46892748E-02
  4137.0000    	  4138.0000    	-0.28182379E-01	 0.39498885E-02
  4138.0000    	  4139.0000    	-0.21765679E-01	 0.42261950E-02
  4139.0000    	  4140.0000    	-0.23928030E-01	 0.37866184E-02
  4140.0000    	  4141.0000    	-0.20652272E-01	 0.32934502E-02
  4141.0000    	  4142.0000    	-0.11607527E-01	 0.36004084E-02
  4142.0000    	  4143.0000    	-0.12137099E-01	 0.22952518E-02
  4143.0000    	  4144.0000    	-0.76989311E-02	 0.12075263E-02
  4144.0000    	  4145.0000    	-0.55691400E-02	 0.11954956E-02
  4145.0000    	  4146.0000    	-0.36488360E-02	 0.59987414E-03
  4146.0000    	  4147.0000    	-0.19206856E-02	 0.38572099E-03
  4147.0000    	  4148.0000    	-0.18678524E-01	 0.45539983E-02
  4148.0000    	  4149.0000    	-0.21686942E-01	 0.40565569E-02
  4149.0000    	  4150.0000    	-0.23753438E-01	 0.38947070E-02
  4150.0000    	  4151.0000    	-0.23049155E-01	 0.35984185E-02
  4151.0000    	  4152.0000    	-0.15489914E-01	 0.30863517E-02
  4152.0000    	  4153.0000    	-0.13897213E-01	 0.18600075E-02
  4153.0000    	  4154.0000    	-0.15002430E-01	 0.24729942E-02
  4154.0000    	  4155.0000    	-0.10250732E-01	 0.18693882E-02
  4155.0000    	  4156.0000    	-0.46661397E-02	 0.47854818E-03
  4156.0000    	  4157.0000    	-0.42444179E-02	 0.66520617E-03
  4157.0000    	  4158.0000    	-0.13988136E-02	 0.16523870E-03
  4158.0000    	  4159.0000    	-0.32713788E-01	 0.46276015E-02
  4159.0000    	  4160.0000    	-0.27359215E-01	 0.47265328E-02
  4160.0000    	  4161.0000    	-0.24328510E-01	 0.41270433E-02
  4161.0000    	  4162.0000    	-0.17548377E-01	 0.26453447E-02
  4162.0000    	  4163.0000    	-0.18596289E-01	 0.29029455E-02
  4163.0000    	  4164.0000    	-0.14992927E-01	 0.27758510E-02
  4164.0000    	  4165.0000    	-0.10892656E-01	 0.21761958E-02
  4165.0000    	  4166.0000    	-0.10219322E-01	 0.16872233E-02
  4166.0000    	  4167.0000    	-0.58887599E-02	 0.11077627E-02
  4167.0000    	  4168.0000    	-0.30355874E-02	 0.85674366E-03
  4168.0000    	  4169.0000    	-0.16924326E-02	 0.29967060E-03
  4169.0000    	  4170.0000    	-0.23346100E-01	 0.40022920E-02
  4170.0000    	  4171.0000    	-0.32629061E-01	 0.43935239E-02
  4171.0000    	  4172.0000    	-0.24882814E-01	 0.41765443E-02
  4172.0000    	  4173.0000    	-0.19807381E-01	 0.26855906E-02
  4173.0000    	  4174.0000    	-0.14670854E-01	 0.28549163E-02
  4174.0000    	  4175.0000    	-0.13632538E-01	 0.31526319E-02
  4175.0000    	  4176.0000    	-0.14705697E-01	 0.22849373E-02
  4176.0000    	  4177.0000    	-0.69358941E-02	 0.97707254E-03
  4177.0000    	  4178.0000    	-0.47456072E-02	 0.59176420E-03
  4178.0000    	  4179.0000    	-0.37860394E-02	 0.69369715E-03
  4179.0000    	  4180.0000    	-0.31283105E-02	 0.66799393E-03
  4180.0000    	  4181.0000    	-0.26300253E-01	 0.36137688E-02
  4181.0000    	  4182.0000    	-0.16199824E-01	 0.30038037E-02
  4182.0000    	  4183.0000    	-0.23897087E-01	 0.38012857E-02
  4183.0000    	  4184.0000    	-0.13863203E-01	 0.28565432E-02
  4184.0000    	  4185.0000    	-0.17543322E-01	 0.27461904E-02
  4185.0000    	  4186.0000    	-0.12806652E-01	 0.16471858E-02
  4186.0000    	  4187.0000    	-0.14424612E-01	 0.26555245E-02
  4187.0000    	  4188.0000    	-0.90185864E-02	 0.18125003E-02
  4188.0000    	  4189.0000    	-0.73975034E-02	 0.13379752E-02
  4189.0000    	  4190.0000    	-0.33719387E-02	 0.52601582E-03
  4190.0000    	  4191.0000    	-0.21511288E-02	 0.33393774E-03
  4191.0000    	  4192.0000    	-0.23560925E-01	 0.34725511E-02
  4192.0000    	  4193.0000    	-0.20691615E-01	 0.16165999E-02
  4193.0000    	  4194.0000    	-0.13203455E-01	 0.35495935E-02
  4194.0000    	  4195.0000    	-0.26381831E-01	 0.30736647E-02
  4195.0000    	  4196.0000    	-0.19737054E-01	 0.31154837E-02
  4196.0000    	  4197.0000    	-0.16423609E-01	 0.21111582E-02
  4197.0000    	  4198.0000    	-0.94901571E-02	 0.16126706E-02
  4198.0000    	  4199.0000    	-0.64407620E-02	 0.51456346E-03
  4199.0000    	  4200.0000    	-0.24055594E-02	 0.77510352E-03
  4200.0000    	  4201.0000    	-0.29718531E-02	 0.54246131E-03
  4201.0000    	  4202.0000    	-0.23194817E-02	 0.30445925E-03
  4202.0000    	  4203.0000    	-0.24095644E-01	 0.40257309E-02
  4203.0000    	  4204.0000    	-0.19807652E-01	 0.39360634E-02
  4204.0000    	  4205.0000    	-0.23445940E-01	 0.41328357E-02
  4205.0000    	  4206.0000    	-0.23330470E-01	 0.38474964E-02
  4206.0000    	  4207.0000    	-0.13399054E-01	 0.30543193E-02
  4207.0000    	  4208.0000    	-0.17039017E-01	 0.29792407E-02
  4208.0000    	  4209.0000    	-0.11708298E-01	 0.20668410E-02
  4209.0000    	  4210.0000    	-0.79932967E-02	 0.14937548E-02
  4210.0000    	  4211.0000    	-0.38586638E-02	 0.92080776E-03
  4211.0000    	  4212.0000    	-0.27998532E-02	 0.24114019E-03
  4212.0000    	  4213.0000    	-0.11488016E-03	 0.60256071E-04
  4213.0000    	  4214.0000    	-0.21014181E-01	 0.30227485E-02
  4214.0000    	  4215.0000    	-0.27194995E-01	 0.41143043E-02
  4215.0000    	  4216.0000    	-0.22066111E-01	 0.38560820E-02
  4216.0000    	  4217.0000    	-0.19840717E-01	 0.36691063E-02
  4217.0000    	  4218.0000    	-0.25184085E-01	 0.34249908E-02
  4218.0000    	  4219.0000    	-0.16946182E-01	 0.26181974E-02
  4219.0000    	  4220.0000    	-0.61903864E-02	 0.22540751E-02
  4220.0000    	  4221.0000    	-0.66358421E-02	 0.11173331E-02
  4221.0000    	  4222.0000    	-0.61773503E-02	 0.11817745E-02
  4222.0000    	  4223.0000    	-0.39370588E-02	 0.93994195E-03
  4223.0000    	  4224.0000    	-0.11635725E-02	 0.15865380E-03
