# xi1
# underflow	 -480.89770    	 0.17821702    
# overflow	 -1.3109368    	 0.20817754E-01
# sum	 -604.49656    	 0.30053313    
# xmin	xmax	cross	numerror
  1034.0000    	  1035.0000    	-0.31242610    	 0.12460462E-01
  1035.0000    	  1036.0000    	-0.28888699    	 0.12949894E-01
  1036.0000    	  1037.0000    	-0.26976605    	 0.12528275E-01
  1037.0000    	  1038.0000    	-0.29958470    	 0.12485775E-01
  1038.0000    	  1039.0000    	-0.25509899    	 0.11104958E-01
  1039.0000    	  1040.0000    	-0.22288948    	 0.97055428E-02
  1040.0000    	  1041.0000    	-0.20870492    	 0.88772852E-02
  1041.0000    	  1042.0000    	-0.17046017    	 0.82930665E-02
  1042.0000    	  1043.0000    	-0.14982645    	 0.78836145E-02
  1043.0000    	  1044.0000    	-0.12160224    	 0.66412241E-02
  1044.0000    	  1045.0000    	-0.11254783    	 0.58750676E-02
  1045.0000    	  1046.0000    	-0.31888894    	 0.12616858E-01
  1046.0000    	  1047.0000    	-0.26888218    	 0.12232809E-01
  1047.0000    	  1048.0000    	-0.26696027    	 0.11821528E-01
  1048.0000    	  1049.0000    	-0.25609417    	 0.11554279E-01
  1049.0000    	  1050.0000    	-0.25538117    	 0.10262072E-01
  1050.0000    	  1051.0000    	-0.24203649    	 0.10425045E-01
  1051.0000    	  1052.0000    	-0.20568909    	 0.89697367E-02
  1052.0000    	  1053.0000    	-0.19029657    	 0.84914664E-02
  1053.0000    	  1054.0000    	-0.15670217    	 0.74504796E-02
  1054.0000    	  1055.0000    	-0.13007816    	 0.67462430E-02
  1055.0000    	  1056.0000    	-0.11330668    	 0.58056810E-02
  1056.0000    	  1057.0000    	-0.26669595    	 0.13142369E-01
  1057.0000    	  1058.0000    	-0.30250335    	 0.12307298E-01
  1058.0000    	  1059.0000    	-0.29001825    	 0.10873547E-01
  1059.0000    	  1060.0000    	-0.27857099    	 0.11346071E-01
  1060.0000    	  1061.0000    	-0.23736743    	 0.11520773E-01
  1061.0000    	  1062.0000    	-0.22872714    	 0.96578181E-02
  1062.0000    	  1063.0000    	-0.19299266    	 0.91432024E-02
  1063.0000    	  1064.0000    	-0.19215354    	 0.84180457E-02
  1064.0000    	  1065.0000    	-0.15394683    	 0.85991256E-02
  1065.0000    	  1066.0000    	-0.13201332    	 0.71984136E-02
  1066.0000    	  1067.0000    	-0.11424915    	 0.59556391E-02
  1067.0000    	  1068.0000    	-0.28437756    	 0.12560174E-01
  1068.0000    	  1069.0000    	-0.28069498    	 0.12480594E-01
  1069.0000    	  1070.0000    	-0.27493662    	 0.11089073E-01
  1070.0000    	  1071.0000    	-0.25381880    	 0.10938333E-01
  1071.0000    	  1072.0000    	-0.21846970    	 0.11734805E-01
  1072.0000    	  1073.0000    	-0.22366129    	 0.94844975E-02
  1073.0000    	  1074.0000    	-0.20382346    	 0.88463959E-02
  1074.0000    	  1075.0000    	-0.16544535    	 0.82401819E-02
  1075.0000    	  1076.0000    	-0.14321033    	 0.80238919E-02
  1076.0000    	  1077.0000    	-0.12896282    	 0.71167574E-02
  1077.0000    	  1078.0000    	-0.10429802    	 0.64211655E-02
  1078.0000    	  1079.0000    	-0.30248463    	 0.13498391E-01
  1079.0000    	  1080.0000    	-0.28791246    	 0.12794883E-01
  1080.0000    	  1081.0000    	-0.27629761    	 0.12296507E-01
  1081.0000    	  1082.0000    	-0.25402101    	 0.10790663E-01
  1082.0000    	  1083.0000    	-0.23934464    	 0.10843557E-01
  1083.0000    	  1084.0000    	-0.20941802    	 0.93530364E-02
  1084.0000    	  1085.0000    	-0.18941929    	 0.87073722E-02
  1085.0000    	  1086.0000    	-0.18727912    	 0.85303401E-02
  1086.0000    	  1087.0000    	-0.14989528    	 0.75382449E-02
  1087.0000    	  1088.0000    	-0.12092146    	 0.66790065E-02
  1088.0000    	  1089.0000    	-0.10755519    	 0.65095625E-02
  1089.0000    	  1090.0000    	-0.28699141    	 0.12886443E-01
  1090.0000    	  1091.0000    	-0.28142758    	 0.11932979E-01
  1091.0000    	  1092.0000    	-0.27958869    	 0.12466038E-01
  1092.0000    	  1093.0000    	-0.24491640    	 0.10711313E-01
  1093.0000    	  1094.0000    	-0.24775845    	 0.10339275E-01
  1094.0000    	  1095.0000    	-0.22910011    	 0.91641903E-02
  1095.0000    	  1096.0000    	-0.19256376    	 0.85572207E-02
  1096.0000    	  1097.0000    	-0.16384008    	 0.79220048E-02
  1097.0000    	  1098.0000    	-0.14290025    	 0.72591185E-02
  1098.0000    	  1099.0000    	-0.13199692    	 0.67497829E-02
  1099.0000    	  1100.0000    	-0.10340110    	 0.64403598E-02
  1100.0000    	  1101.0000    	-0.28224791    	 0.12260658E-01
  1101.0000    	  1102.0000    	-0.28005050    	 0.11447462E-01
  1102.0000    	  1103.0000    	-0.26503488    	 0.11199061E-01
  1103.0000    	  1104.0000    	-0.26231649    	 0.10672641E-01
  1104.0000    	  1105.0000    	-0.22543722    	 0.99772823E-02
  1105.0000    	  1106.0000    	-0.19423695    	 0.93756434E-02
  1106.0000    	  1107.0000    	-0.19564164    	 0.84005448E-02
  1107.0000    	  1108.0000    	-0.16542603    	 0.83133723E-02
  1108.0000    	  1109.0000    	-0.14213763    	 0.71470956E-02
  1109.0000    	  1110.0000    	-0.11153205    	 0.71047383E-02
  1110.0000    	  1111.0000    	-0.10769692    	 0.61428647E-02
  1111.0000    	  1112.0000    	-0.27974720    	 0.12003917E-01
  1112.0000    	  1113.0000    	-0.24868362    	 0.12566257E-01
  1113.0000    	  1114.0000    	-0.24672435    	 0.10806671E-01
  1114.0000    	  1115.0000    	-0.23599791    	 0.10633428E-01
  1115.0000    	  1116.0000    	-0.22454574    	 0.96540665E-02
  1116.0000    	  1117.0000    	-0.20761766    	 0.93282656E-02
  1117.0000    	  1118.0000    	-0.18575930    	 0.83174463E-02
  1118.0000    	  1119.0000    	-0.15675924    	 0.77944931E-02
  1119.0000    	  1120.0000    	-0.13747703    	 0.68003922E-02
  1120.0000    	  1121.0000    	-0.11833970    	 0.62872680E-02
  1121.0000    	  1122.0000    	-0.10633449    	 0.61046885E-02
  1122.0000    	  1123.0000    	-0.25966273    	 0.11840917E-01
  1123.0000    	  1124.0000    	-0.27210921    	 0.12712623E-01
  1124.0000    	  1125.0000    	-0.26204706    	 0.11213611E-01
  1125.0000    	  1126.0000    	-0.24140478    	 0.10437559E-01
  1126.0000    	  1127.0000    	-0.25925340    	 0.99783590E-02
  1127.0000    	  1128.0000    	-0.20668413    	 0.93508114E-02
  1128.0000    	  1129.0000    	-0.17744290    	 0.85484475E-02
  1129.0000    	  1130.0000    	-0.17292025    	 0.76473647E-02
  1130.0000    	  1131.0000    	-0.14156150    	 0.70712925E-02
  1131.0000    	  1132.0000    	-0.11863024    	 0.59213974E-02
  1132.0000    	  1133.0000    	-0.90444608E-01	 0.59673551E-02
  1133.0000    	  1134.0000    	-0.27549392    	 0.11458886E-01
  1134.0000    	  1135.0000    	-0.25851728    	 0.11819252E-01
  1135.0000    	  1136.0000    	-0.25804121    	 0.11211617E-01
  1136.0000    	  1137.0000    	-0.23051863    	 0.10393908E-01
  1137.0000    	  1138.0000    	-0.18690154    	 0.10021006E-01
  1138.0000    	  1139.0000    	-0.19020759    	 0.97436063E-02
  1139.0000    	  1140.0000    	-0.16851813    	 0.85615162E-02
  1140.0000    	  1141.0000    	-0.14568956    	 0.75674278E-02
  1141.0000    	  1142.0000    	-0.12807946    	 0.72050243E-02
  1142.0000    	  1143.0000    	-0.12276110    	 0.66255103E-02
  1143.0000    	  1144.0000    	-0.94627996E-01	 0.56813596E-02
  1144.0000    	  1145.0000    	-0.25537568    	 0.12294510E-01
  1145.0000    	  1146.0000    	-0.26456120    	 0.12192665E-01
  1146.0000    	  1147.0000    	-0.24276995    	 0.10919586E-01
  1147.0000    	  1148.0000    	-0.23289576    	 0.10959621E-01
  1148.0000    	  1149.0000    	-0.22636741    	 0.10182728E-01
  1149.0000    	  1150.0000    	-0.20647197    	 0.93255751E-02
  1150.0000    	  1151.0000    	-0.18271812    	 0.83059267E-02
  1151.0000    	  1152.0000    	-0.16845124    	 0.75566544E-02
  1152.0000    	  1153.0000    	-0.12885693    	 0.69803024E-02
  1153.0000    	  1154.0000    	-0.11102026    	 0.72964933E-02
  1154.0000    	  1155.0000    	-0.98794104E-01	 0.59065827E-02
  1155.0000    	  1156.0000    	-0.27718807    	 0.13270480E-01
  1156.0000    	  1157.0000    	-0.26396080    	 0.12724987E-01
  1157.0000    	  1158.0000    	-0.23386887    	 0.11618503E-01
  1158.0000    	  1159.0000    	-0.23629839    	 0.10695191E-01
  1159.0000    	  1160.0000    	-0.21254091    	 0.10021862E-01
  1160.0000    	  1161.0000    	-0.19268475    	 0.88782581E-02
  1161.0000    	  1162.0000    	-0.18252704    	 0.86899810E-02
  1162.0000    	  1163.0000    	-0.15675980    	 0.80130821E-02
  1163.0000    	  1164.0000    	-0.12940336    	 0.67470392E-02
  1164.0000    	  1165.0000    	-0.10284909    	 0.70798670E-02
  1165.0000    	  1166.0000    	-0.91486116E-01	 0.57121359E-02
  1166.0000    	  1167.0000    	-0.25075317    	 0.12067182E-01
  1167.0000    	  1168.0000    	-0.24429572    	 0.11132569E-01
  1168.0000    	  1169.0000    	-0.24839244    	 0.11477902E-01
  1169.0000    	  1170.0000    	-0.24090331    	 0.10771560E-01
  1170.0000    	  1171.0000    	-0.19087316    	 0.94914274E-02
  1171.0000    	  1172.0000    	-0.20503859    	 0.87545324E-02
  1172.0000    	  1173.0000    	-0.16675785    	 0.86003140E-02
  1173.0000    	  1174.0000    	-0.16159670    	 0.85312641E-02
  1174.0000    	  1175.0000    	-0.14543828    	 0.70059729E-02
  1175.0000    	  1176.0000    	-0.10616226    	 0.61982940E-02
  1176.0000    	  1177.0000    	-0.90717767E-01	 0.53400340E-02
  1177.0000    	  1178.0000    	-0.24216575    	 0.11011249E-01
  1178.0000    	  1179.0000    	-0.22898821    	 0.11630508E-01
  1179.0000    	  1180.0000    	-0.24541707    	 0.10817992E-01
  1180.0000    	  1181.0000    	-0.23999654    	 0.11028951E-01
  1181.0000    	  1182.0000    	-0.22250992    	 0.96835244E-02
  1182.0000    	  1183.0000    	-0.18248485    	 0.85457969E-02
  1183.0000    	  1184.0000    	-0.16706627    	 0.84407257E-02
  1184.0000    	  1185.0000    	-0.14234033    	 0.75459773E-02
  1185.0000    	  1186.0000    	-0.12674284    	 0.70453272E-02
  1186.0000    	  1187.0000    	-0.10647949    	 0.63684909E-02
  1187.0000    	  1188.0000    	-0.10086714    	 0.56831118E-02
  1188.0000    	  1189.0000    	-0.26774510    	 0.11391824E-01
  1189.0000    	  1190.0000    	-0.24767220    	 0.12001241E-01
  1190.0000    	  1191.0000    	-0.23522024    	 0.11082545E-01
  1191.0000    	  1192.0000    	-0.20845227    	 0.10267273E-01
  1192.0000    	  1193.0000    	-0.20558507    	 0.97336739E-02
  1193.0000    	  1194.0000    	-0.18350231    	 0.95147927E-02
  1194.0000    	  1195.0000    	-0.16195903    	 0.78619874E-02
  1195.0000    	  1196.0000    	-0.15346975    	 0.74918025E-02
  1196.0000    	  1197.0000    	-0.11940749    	 0.68820658E-02
  1197.0000    	  1198.0000    	-0.10894917    	 0.65827858E-02
  1198.0000    	  1199.0000    	-0.84337620E-01	 0.63422653E-02
  1199.0000    	  1200.0000    	-0.25036084    	 0.11425018E-01
  1200.0000    	  1201.0000    	-0.24233611    	 0.11467506E-01
  1201.0000    	  1202.0000    	-0.21105350    	 0.11997438E-01
  1202.0000    	  1203.0000    	-0.20668606    	 0.10176494E-01
  1203.0000    	  1204.0000    	-0.20670498    	 0.96530807E-02
  1204.0000    	  1205.0000    	-0.17944045    	 0.90855571E-02
  1205.0000    	  1206.0000    	-0.17046757    	 0.86131686E-02
  1206.0000    	  1207.0000    	-0.14215243    	 0.75839093E-02
  1207.0000    	  1208.0000    	-0.12652990    	 0.69043798E-02
  1208.0000    	  1209.0000    	-0.97400733E-01	 0.61705396E-02
  1209.0000    	  1210.0000    	-0.83999569E-01	 0.63906956E-02
  1210.0000    	  1211.0000    	-0.24369317    	 0.11559251E-01
  1211.0000    	  1212.0000    	-0.23146697    	 0.11766193E-01
  1212.0000    	  1213.0000    	-0.23580255    	 0.11139117E-01
  1213.0000    	  1214.0000    	-0.20524229    	 0.10059437E-01
  1214.0000    	  1215.0000    	-0.19703935    	 0.99701066E-02
  1215.0000    	  1216.0000    	-0.19657493    	 0.85094070E-02
  1216.0000    	  1217.0000    	-0.15414507    	 0.82642802E-02
  1217.0000    	  1218.0000    	-0.14180732    	 0.75282316E-02
  1218.0000    	  1219.0000    	-0.11834588    	 0.71935699E-02
  1219.0000    	  1220.0000    	-0.10766591    	 0.60140632E-02
  1220.0000    	  1221.0000    	-0.78137389E-01	 0.54974392E-02
  1221.0000    	  1222.0000    	-0.23511955    	 0.11482361E-01
  1222.0000    	  1223.0000    	-0.24180939    	 0.12035975E-01
  1223.0000    	  1224.0000    	-0.23396761    	 0.10696749E-01
  1224.0000    	  1225.0000    	-0.20274338    	 0.10135843E-01
  1225.0000    	  1226.0000    	-0.20871356    	 0.99373143E-02
  1226.0000    	  1227.0000    	-0.16192918    	 0.80934051E-02
  1227.0000    	  1228.0000    	-0.16326026    	 0.80362705E-02
  1228.0000    	  1229.0000    	-0.15374069    	 0.76587089E-02
  1229.0000    	  1230.0000    	-0.12567807    	 0.66603246E-02
  1230.0000    	  1231.0000    	-0.10229337    	 0.62756675E-02
  1231.0000    	  1232.0000    	-0.84339596E-01	 0.57358730E-02
  1232.0000    	  1233.0000    	-0.24349899    	 0.11958295E-01
  1233.0000    	  1234.0000    	-0.21690864    	 0.11192496E-01
  1234.0000    	  1235.0000    	-0.20014487    	 0.10799799E-01
  1235.0000    	  1236.0000    	-0.22518187    	 0.10184845E-01
  1236.0000    	  1237.0000    	-0.18319103    	 0.95335802E-02
  1237.0000    	  1238.0000    	-0.18175068    	 0.82719128E-02
  1238.0000    	  1239.0000    	-0.15483423    	 0.81292407E-02
  1239.0000    	  1240.0000    	-0.12547709    	 0.75298796E-02
  1240.0000    	  1241.0000    	-0.11391789    	 0.68865862E-02
  1241.0000    	  1242.0000    	-0.10349464    	 0.70037544E-02
  1242.0000    	  1243.0000    	-0.78594037E-01	 0.52798346E-02
  1243.0000    	  1244.0000    	-0.22203690    	 0.11852978E-01
  1244.0000    	  1245.0000    	-0.23813386    	 0.11125491E-01
  1245.0000    	  1246.0000    	-0.20623409    	 0.10435396E-01
  1246.0000    	  1247.0000    	-0.19314244    	 0.10328982E-01
  1247.0000    	  1248.0000    	-0.20187313    	 0.95337906E-02
  1248.0000    	  1249.0000    	-0.16719196    	 0.88528101E-02
  1249.0000    	  1250.0000    	-0.17296072    	 0.87993529E-02
  1250.0000    	  1251.0000    	-0.13412510    	 0.69675399E-02
  1251.0000    	  1252.0000    	-0.11047610    	 0.70656529E-02
  1252.0000    	  1253.0000    	-0.89611123E-01	 0.56742887E-02
  1253.0000    	  1254.0000    	-0.87825555E-01	 0.54312811E-02
  1254.0000    	  1255.0000    	-0.22429065    	 0.11284839E-01
  1255.0000    	  1256.0000    	-0.20180060    	 0.11673900E-01
  1256.0000    	  1257.0000    	-0.24752274    	 0.10837037E-01
  1257.0000    	  1258.0000    	-0.20132518    	 0.10443556E-01
  1258.0000    	  1259.0000    	-0.18521953    	 0.10328899E-01
  1259.0000    	  1260.0000    	-0.17176042    	 0.84761678E-02
  1260.0000    	  1261.0000    	-0.13462915    	 0.79619346E-02
  1261.0000    	  1262.0000    	-0.13358485    	 0.70972083E-02
  1262.0000    	  1263.0000    	-0.11074373    	 0.77847790E-02
  1263.0000    	  1264.0000    	-0.90812640E-01	 0.53517506E-02
  1264.0000    	  1265.0000    	-0.74166099E-01	 0.59392227E-02
  1265.0000    	  1266.0000    	-0.22565070    	 0.11423356E-01
  1266.0000    	  1267.0000    	-0.22431878    	 0.11202777E-01
  1267.0000    	  1268.0000    	-0.20770820    	 0.10748990E-01
  1268.0000    	  1269.0000    	-0.21438140    	 0.11115729E-01
  1269.0000    	  1270.0000    	-0.18150027    	 0.99148843E-02
  1270.0000    	  1271.0000    	-0.17250759    	 0.82461215E-02
  1271.0000    	  1272.0000    	-0.15967332    	 0.77534489E-02
  1272.0000    	  1273.0000    	-0.13910152    	 0.72279473E-02
  1273.0000    	  1274.0000    	-0.11413957    	 0.74156616E-02
  1274.0000    	  1275.0000    	-0.89666862E-01	 0.59494381E-02
  1275.0000    	  1276.0000    	-0.72713242E-01	 0.54893344E-02
  1276.0000    	  1277.0000    	-0.21637809    	 0.11852494E-01
  1277.0000    	  1278.0000    	-0.22613116    	 0.11302066E-01
  1278.0000    	  1279.0000    	-0.19535839    	 0.10950595E-01
  1279.0000    	  1280.0000    	-0.19031186    	 0.10472939E-01
  1280.0000    	  1281.0000    	-0.18980689    	 0.95491631E-02
  1281.0000    	  1282.0000    	-0.16052407    	 0.80506491E-02
  1282.0000    	  1283.0000    	-0.13123008    	 0.76809003E-02
  1283.0000    	  1284.0000    	-0.13198533    	 0.72533727E-02
  1284.0000    	  1285.0000    	-0.11362272    	 0.70558726E-02
  1285.0000    	  1286.0000    	-0.92602274E-01	 0.59787403E-02
  1286.0000    	  1287.0000    	-0.71800113E-01	 0.53108258E-02
  1287.0000    	  1288.0000    	-0.21566174    	 0.11579068E-01
  1288.0000    	  1289.0000    	-0.21687411    	 0.11014484E-01
  1289.0000    	  1290.0000    	-0.20734847    	 0.10690771E-01
  1290.0000    	  1291.0000    	-0.20205579    	 0.94719401E-02
  1291.0000    	  1292.0000    	-0.18121011    	 0.92763688E-02
  1292.0000    	  1293.0000    	-0.18726544    	 0.84830167E-02
  1293.0000    	  1294.0000    	-0.15715087    	 0.80569898E-02
  1294.0000    	  1295.0000    	-0.12681942    	 0.75368533E-02
  1295.0000    	  1296.0000    	-0.10897246    	 0.69779583E-02
  1296.0000    	  1297.0000    	-0.92403277E-01	 0.53710212E-02
  1297.0000    	  1298.0000    	-0.80091376E-01	 0.50352754E-02
  1298.0000    	  1299.0000    	-0.21656224    	 0.11635409E-01
  1299.0000    	  1300.0000    	-0.20014305    	 0.10999391E-01
  1300.0000    	  1301.0000    	-0.19274510    	 0.10490246E-01
  1301.0000    	  1302.0000    	-0.18736326    	 0.99718299E-02
  1302.0000    	  1303.0000    	-0.17212859    	 0.83311911E-02
  1303.0000    	  1304.0000    	-0.14605844    	 0.86916881E-02
  1304.0000    	  1305.0000    	-0.15040785    	 0.76190577E-02
  1305.0000    	  1306.0000    	-0.13259569    	 0.71542383E-02
  1306.0000    	  1307.0000    	-0.11384410    	 0.61892660E-02
  1307.0000    	  1308.0000    	-0.95672889E-01	 0.57577142E-02
  1308.0000    	  1309.0000    	-0.73018811E-01	 0.50027851E-02
  1309.0000    	  1310.0000    	-0.23775873    	 0.11350989E-01
  1310.0000    	  1311.0000    	-0.21319414    	 0.11291281E-01
  1311.0000    	  1312.0000    	-0.20402670    	 0.10100944E-01
  1312.0000    	  1313.0000    	-0.19402502    	 0.10142327E-01
  1313.0000    	  1314.0000    	-0.16934603    	 0.89940058E-02
  1314.0000    	  1315.0000    	-0.15660380    	 0.84051866E-02
  1315.0000    	  1316.0000    	-0.14125620    	 0.76459068E-02
  1316.0000    	  1317.0000    	-0.11999933    	 0.67202456E-02
  1317.0000    	  1318.0000    	-0.98669912E-01	 0.61754012E-02
  1318.0000    	  1319.0000    	-0.91758136E-01	 0.63573742E-02
  1319.0000    	  1320.0000    	-0.73447495E-01	 0.47311941E-02
  1320.0000    	  1321.0000    	-0.18190617    	 0.11048520E-01
  1321.0000    	  1322.0000    	-0.20682544    	 0.11366268E-01
  1322.0000    	  1323.0000    	-0.20915204    	 0.10163970E-01
  1323.0000    	  1324.0000    	-0.18670355    	 0.94076459E-02
  1324.0000    	  1325.0000    	-0.18018645    	 0.91850149E-02
  1325.0000    	  1326.0000    	-0.15701094    	 0.83329498E-02
  1326.0000    	  1327.0000    	-0.12668665    	 0.78915953E-02
  1327.0000    	  1328.0000    	-0.12627430    	 0.67819876E-02
  1328.0000    	  1329.0000    	-0.10306959    	 0.61030813E-02
  1329.0000    	  1330.0000    	-0.87914875E-01	 0.64671666E-02
  1330.0000    	  1331.0000    	-0.75267918E-01	 0.46959142E-02
  1331.0000    	  1332.0000    	-0.20130502    	 0.11282707E-01
  1332.0000    	  1333.0000    	-0.20452972    	 0.10298036E-01
  1333.0000    	  1334.0000    	-0.19039197    	 0.10639550E-01
  1334.0000    	  1335.0000    	-0.19749647    	 0.94004232E-02
  1335.0000    	  1336.0000    	-0.16962158    	 0.90658623E-02
  1336.0000    	  1337.0000    	-0.16242842    	 0.83821209E-02
  1337.0000    	  1338.0000    	-0.15267422    	 0.72920969E-02
  1338.0000    	  1339.0000    	-0.11180515    	 0.68024989E-02
  1339.0000    	  1340.0000    	-0.10111284    	 0.62791268E-02
  1340.0000    	  1341.0000    	-0.93671980E-01	 0.55764473E-02
  1341.0000    	  1342.0000    	-0.64741314E-01	 0.45062927E-02
  1342.0000    	  1343.0000    	-0.20478657    	 0.10632168E-01
  1343.0000    	  1344.0000    	-0.18873363    	 0.10238709E-01
  1344.0000    	  1345.0000    	-0.18961548    	 0.10158681E-01
  1345.0000    	  1346.0000    	-0.16583636    	 0.91465158E-02
  1346.0000    	  1347.0000    	-0.16410697    	 0.93714716E-02
  1347.0000    	  1348.0000    	-0.16117122    	 0.89505813E-02
  1348.0000    	  1349.0000    	-0.13049272    	 0.71729632E-02
  1349.0000    	  1350.0000    	-0.12219688    	 0.67625944E-02
  1350.0000    	  1351.0000    	-0.92015269E-01	 0.64446975E-02
  1351.0000    	  1352.0000    	-0.82072711E-01	 0.55435985E-02
  1352.0000    	  1353.0000    	-0.66639345E-01	 0.46006002E-02
  1353.0000    	  1354.0000    	-0.21360053    	 0.11334101E-01
  1354.0000    	  1355.0000    	-0.18683086    	 0.10257252E-01
  1355.0000    	  1356.0000    	-0.18901190    	 0.10024998E-01
  1356.0000    	  1357.0000    	-0.17861966    	 0.93005903E-02
  1357.0000    	  1358.0000    	-0.17030078    	 0.93661893E-02
  1358.0000    	  1359.0000    	-0.14490658    	 0.94405146E-02
  1359.0000    	  1360.0000    	-0.12991729    	 0.74271718E-02
  1360.0000    	  1361.0000    	-0.10679308    	 0.69346694E-02
  1361.0000    	  1362.0000    	-0.10534894    	 0.63997556E-02
  1362.0000    	  1363.0000    	-0.69250378E-01	 0.55151664E-02
  1363.0000    	  1364.0000    	-0.64032917E-01	 0.49474101E-02
  1364.0000    	  1365.0000    	-0.18465175    	 0.11198308E-01
  1365.0000    	  1366.0000    	-0.20362845    	 0.10551538E-01
  1366.0000    	  1367.0000    	-0.18861645    	 0.97411515E-02
  1367.0000    	  1368.0000    	-0.16239683    	 0.10076634E-01
  1368.0000    	  1369.0000    	-0.16488180    	 0.85198820E-02
  1369.0000    	  1370.0000    	-0.13337401    	 0.89981479E-02
  1370.0000    	  1371.0000    	-0.13255157    	 0.77268642E-02
  1371.0000    	  1372.0000    	-0.11401882    	 0.70519547E-02
  1372.0000    	  1373.0000    	-0.94870138E-01	 0.61510611E-02
  1373.0000    	  1374.0000    	-0.88917903E-01	 0.54479508E-02
  1374.0000    	  1375.0000    	-0.75932789E-01	 0.47300779E-02
  1375.0000    	  1376.0000    	-0.19180551    	 0.11031397E-01
  1376.0000    	  1377.0000    	-0.17734892    	 0.11170394E-01
  1377.0000    	  1378.0000    	-0.18242226    	 0.99760641E-02
  1378.0000    	  1379.0000    	-0.17283656    	 0.98233928E-02
  1379.0000    	  1380.0000    	-0.15571747    	 0.84247035E-02
  1380.0000    	  1381.0000    	-0.14378543    	 0.84885369E-02
  1381.0000    	  1382.0000    	-0.12930435    	 0.77719303E-02
  1382.0000    	  1383.0000    	-0.10876903    	 0.67449772E-02
  1383.0000    	  1384.0000    	-0.10082576    	 0.61266810E-02
  1384.0000    	  1385.0000    	-0.83547879E-01	 0.53604070E-02
  1385.0000    	  1386.0000    	-0.64005695E-01	 0.46590960E-02
  1386.0000    	  1387.0000    	-0.19822538    	 0.11001657E-01
  1387.0000    	  1388.0000    	-0.20579714    	 0.10940588E-01
  1388.0000    	  1389.0000    	-0.18147817    	 0.98819981E-02
  1389.0000    	  1390.0000    	-0.15454557    	 0.95752237E-02
  1390.0000    	  1391.0000    	-0.15559073    	 0.82919243E-02
  1391.0000    	  1392.0000    	-0.13039585    	 0.83767276E-02
  1392.0000    	  1393.0000    	-0.13347659    	 0.78017197E-02
  1393.0000    	  1394.0000    	-0.10372416    	 0.70631130E-02
  1394.0000    	  1395.0000    	-0.86734094E-01	 0.61113173E-02
  1395.0000    	  1396.0000    	-0.72675126E-01	 0.54248375E-02
  1396.0000    	  1397.0000    	-0.68505395E-01	 0.45556805E-02
  1397.0000    	  1398.0000    	-0.19599188    	 0.10326181E-01
  1398.0000    	  1399.0000    	-0.19016318    	 0.10621916E-01
  1399.0000    	  1400.0000    	-0.18363614    	 0.96381449E-02
  1400.0000    	  1401.0000    	-0.17063505    	 0.91856743E-02
  1401.0000    	  1402.0000    	-0.14849929    	 0.85175917E-02
  1402.0000    	  1403.0000    	-0.14252587    	 0.78190163E-02
  1403.0000    	  1404.0000    	-0.11071931    	 0.75801821E-02
  1404.0000    	  1405.0000    	-0.10552474    	 0.67209061E-02
  1405.0000    	  1406.0000    	-0.88321106E-01	 0.60511394E-02
  1406.0000    	  1407.0000    	-0.81801329E-01	 0.53586832E-02
  1407.0000    	  1408.0000    	-0.66339289E-01	 0.43549102E-02
  1408.0000    	  1409.0000    	-0.19345294    	 0.10510488E-01
  1409.0000    	  1410.0000    	-0.17185066    	 0.10078977E-01
  1410.0000    	  1411.0000    	-0.18450438    	 0.10274776E-01
  1411.0000    	  1412.0000    	-0.16009282    	 0.94353505E-02
  1412.0000    	  1413.0000    	-0.16009284    	 0.85039779E-02
  1413.0000    	  1414.0000    	-0.14274365    	 0.76464424E-02
  1414.0000    	  1415.0000    	-0.12787638    	 0.73953663E-02
  1415.0000    	  1416.0000    	-0.10298917    	 0.63058512E-02
  1416.0000    	  1417.0000    	-0.92459262E-01	 0.59757695E-02
  1417.0000    	  1418.0000    	-0.84122135E-01	 0.51927587E-02
  1418.0000    	  1419.0000    	-0.61132843E-01	 0.45092431E-02
  1419.0000    	  1420.0000    	-0.19079125    	 0.10473610E-01
  1420.0000    	  1421.0000    	-0.18614863    	 0.96859337E-02
  1421.0000    	  1422.0000    	-0.17054550    	 0.10581698E-01
  1422.0000    	  1423.0000    	-0.18947318    	 0.98416703E-02
  1423.0000    	  1424.0000    	-0.14334563    	 0.81327629E-02
  1424.0000    	  1425.0000    	-0.13328345    	 0.76243780E-02
  1425.0000    	  1426.0000    	-0.11302401    	 0.70264081E-02
  1426.0000    	  1427.0000    	-0.11276402    	 0.64799966E-02
  1427.0000    	  1428.0000    	-0.90302333E-01	 0.62979780E-02
  1428.0000    	  1429.0000    	-0.67570309E-01	 0.49397961E-02
  1429.0000    	  1430.0000    	-0.58180851E-01	 0.45869750E-02
  1430.0000    	  1431.0000    	-0.16806242    	 0.10409667E-01
  1431.0000    	  1432.0000    	-0.17801734    	 0.10355704E-01
  1432.0000    	  1433.0000    	-0.18234288    	 0.10105824E-01
  1433.0000    	  1434.0000    	-0.15622494    	 0.94811842E-02
  1434.0000    	  1435.0000    	-0.16221897    	 0.82996702E-02
  1435.0000    	  1436.0000    	-0.13232164    	 0.77912049E-02
  1436.0000    	  1437.0000    	-0.12769244    	 0.75160427E-02
  1437.0000    	  1438.0000    	-0.10389950    	 0.63934608E-02
  1438.0000    	  1439.0000    	-0.92035387E-01	 0.62376431E-02
  1439.0000    	  1440.0000    	-0.68999573E-01	 0.50433605E-02
  1440.0000    	  1441.0000    	-0.61486797E-01	 0.44303372E-02
  1441.0000    	  1442.0000    	-0.17584993    	 0.10420893E-01
  1442.0000    	  1443.0000    	-0.16729418    	 0.10584002E-01
  1443.0000    	  1444.0000    	-0.16345716    	 0.99449796E-02
  1444.0000    	  1445.0000    	-0.14508498    	 0.92733094E-02
  1445.0000    	  1446.0000    	-0.15535230    	 0.84743372E-02
  1446.0000    	  1447.0000    	-0.14463754    	 0.78402150E-02
  1447.0000    	  1448.0000    	-0.12655041    	 0.73753705E-02
  1448.0000    	  1449.0000    	-0.11095079    	 0.67616424E-02
  1449.0000    	  1450.0000    	-0.90506535E-01	 0.64187423E-02
  1450.0000    	  1451.0000    	-0.73957128E-01	 0.53516256E-02
  1451.0000    	  1452.0000    	-0.55891987E-01	 0.49657489E-02
  1452.0000    	  1453.0000    	-0.18545641    	 0.10534042E-01
  1453.0000    	  1454.0000    	-0.17731112    	 0.10408978E-01
  1454.0000    	  1455.0000    	-0.16320899    	 0.94413528E-02
  1455.0000    	  1456.0000    	-0.18315572    	 0.90847303E-02
  1456.0000    	  1457.0000    	-0.15454925    	 0.88940427E-02
  1457.0000    	  1458.0000    	-0.13173027    	 0.81181799E-02
  1458.0000    	  1459.0000    	-0.10464462    	 0.69438621E-02
  1459.0000    	  1460.0000    	-0.84443506E-01	 0.67208711E-02
  1460.0000    	  1461.0000    	-0.82170395E-01	 0.62522744E-02
  1461.0000    	  1462.0000    	-0.68526228E-01	 0.54363023E-02
  1462.0000    	  1463.0000    	-0.57099143E-01	 0.46255194E-02
  1463.0000    	  1464.0000    	-0.18216294    	 0.10622251E-01
  1464.0000    	  1465.0000    	-0.15652001    	 0.10397785E-01
  1465.0000    	  1466.0000    	-0.14099109    	 0.93064966E-02
  1466.0000    	  1467.0000    	-0.14733144    	 0.91273324E-02
  1467.0000    	  1468.0000    	-0.14255543    	 0.89342345E-02
  1468.0000    	  1469.0000    	-0.11588401    	 0.78962944E-02
  1469.0000    	  1470.0000    	-0.11986224    	 0.70089073E-02
  1470.0000    	  1471.0000    	-0.10317479    	 0.60295672E-02
  1471.0000    	  1472.0000    	-0.86957910E-01	 0.58336339E-02
  1472.0000    	  1473.0000    	-0.77019566E-01	 0.50599326E-02
  1473.0000    	  1474.0000    	-0.64073546E-01	 0.41345321E-02
  1474.0000    	  1475.0000    	-0.17674615    	 0.10689206E-01
  1475.0000    	  1476.0000    	-0.17252044    	 0.10308231E-01
  1476.0000    	  1477.0000    	-0.16947636    	 0.89454496E-02
  1477.0000    	  1478.0000    	-0.14472318    	 0.88060181E-02
  1478.0000    	  1479.0000    	-0.14890215    	 0.80486988E-02
  1479.0000    	  1480.0000    	-0.13803433    	 0.76265644E-02
  1480.0000    	  1481.0000    	-0.10630617    	 0.69086108E-02
  1481.0000    	  1482.0000    	-0.99733032E-01	 0.61740066E-02
  1482.0000    	  1483.0000    	-0.77358719E-01	 0.59453073E-02
  1483.0000    	  1484.0000    	-0.64101384E-01	 0.48202260E-02
  1484.0000    	  1485.0000    	-0.58917902E-01	 0.40770942E-02
  1485.0000    	  1486.0000    	-0.16375579    	 0.97368844E-02
  1486.0000    	  1487.0000    	-0.18043852    	 0.98212689E-02
  1487.0000    	  1488.0000    	-0.17405392    	 0.95717113E-02
  1488.0000    	  1489.0000    	-0.15939329    	 0.85904045E-02
  1489.0000    	  1490.0000    	-0.13263326    	 0.78394630E-02
  1490.0000    	  1491.0000    	-0.12402322    	 0.72011117E-02
  1491.0000    	  1492.0000    	-0.11892522    	 0.65284902E-02
  1492.0000    	  1493.0000    	-0.93627320E-01	 0.62777159E-02
  1493.0000    	  1494.0000    	-0.87137589E-01	 0.55261144E-02
  1494.0000    	  1495.0000    	-0.67344875E-01	 0.47258724E-02
  1495.0000    	  1496.0000    	-0.49149392E-01	 0.43366475E-02
  1496.0000    	  1497.0000    	-0.15649070    	 0.10398857E-01
  1497.0000    	  1498.0000    	-0.16355334    	 0.95822228E-02
  1498.0000    	  1499.0000    	-0.15998760    	 0.91960034E-02
  1499.0000    	  1500.0000    	-0.15873157    	 0.89681714E-02
  1500.0000    	  1501.0000    	-0.13747399    	 0.82969401E-02
  1501.0000    	  1502.0000    	-0.11890548    	 0.74114531E-02
  1502.0000    	  1503.0000    	-0.10515469    	 0.67883295E-02
  1503.0000    	  1504.0000    	-0.10355458    	 0.60049678E-02
  1504.0000    	  1505.0000    	-0.80850676E-01	 0.55132050E-02
  1505.0000    	  1506.0000    	-0.68479963E-01	 0.50894980E-02
  1506.0000    	  1507.0000    	-0.53366962E-01	 0.42711469E-02
  1507.0000    	  1508.0000    	-0.15355608    	 0.95096424E-02
  1508.0000    	  1509.0000    	-0.15480201    	 0.94770660E-02
  1509.0000    	  1510.0000    	-0.14430489    	 0.91307451E-02
  1510.0000    	  1511.0000    	-0.14123159    	 0.88832443E-02
  1511.0000    	  1512.0000    	-0.12668586    	 0.83674224E-02
  1512.0000    	  1513.0000    	-0.11959088    	 0.78025112E-02
  1513.0000    	  1514.0000    	-0.11061989    	 0.68086701E-02
  1514.0000    	  1515.0000    	-0.95567533E-01	 0.59178579E-02
  1515.0000    	  1516.0000    	-0.74724653E-01	 0.58493024E-02
  1516.0000    	  1517.0000    	-0.61465918E-01	 0.48357256E-02
  1517.0000    	  1518.0000    	-0.49928243E-01	 0.42200856E-02
  1518.0000    	  1519.0000    	-0.16974926    	 0.98046617E-02
  1519.0000    	  1520.0000    	-0.17178492    	 0.90985808E-02
  1520.0000    	  1521.0000    	-0.15645093    	 0.85892519E-02
  1521.0000    	  1522.0000    	-0.13412472    	 0.85511899E-02
  1522.0000    	  1523.0000    	-0.12150532    	 0.81832503E-02
  1523.0000    	  1524.0000    	-0.12412378    	 0.81198073E-02
  1524.0000    	  1525.0000    	-0.95816467E-01	 0.65949784E-02
  1525.0000    	  1526.0000    	-0.85455992E-01	 0.59171549E-02
  1526.0000    	  1527.0000    	-0.77537175E-01	 0.58423451E-02
  1527.0000    	  1528.0000    	-0.67607734E-01	 0.44881303E-02
  1528.0000    	  1529.0000    	-0.52271594E-01	 0.39642209E-02
  1529.0000    	  1530.0000    	-0.16342177    	 0.99189613E-02
  1530.0000    	  1531.0000    	-0.15923015    	 0.94694521E-02
  1531.0000    	  1532.0000    	-0.15443539    	 0.85815902E-02
  1532.0000    	  1533.0000    	-0.14470392    	 0.86116439E-02
  1533.0000    	  1534.0000    	-0.13837702    	 0.80981869E-02
  1534.0000    	  1535.0000    	-0.11238792    	 0.78135407E-02
  1535.0000    	  1536.0000    	-0.11191985    	 0.63921824E-02
  1536.0000    	  1537.0000    	-0.86722152E-01	 0.60835384E-02
  1537.0000    	  1538.0000    	-0.69059272E-01	 0.51858309E-02
  1538.0000    	  1539.0000    	-0.62954379E-01	 0.45417958E-02
  1539.0000    	  1540.0000    	-0.53643451E-01	 0.39312073E-02
  1540.0000    	  1541.0000    	-0.15940549    	 0.10428171E-01
  1541.0000    	  1542.0000    	-0.15170826    	 0.10011995E-01
  1542.0000    	  1543.0000    	-0.16462427    	 0.90393666E-02
  1543.0000    	  1544.0000    	-0.14093757    	 0.77332822E-02
  1544.0000    	  1545.0000    	-0.13688285    	 0.81178940E-02
  1545.0000    	  1546.0000    	-0.11013216    	 0.70503921E-02
  1546.0000    	  1547.0000    	-0.99033097E-01	 0.62651441E-02
  1547.0000    	  1548.0000    	-0.88618097E-01	 0.61816021E-02
  1548.0000    	  1549.0000    	-0.82036614E-01	 0.50558883E-02
  1549.0000    	  1550.0000    	-0.64153136E-01	 0.45033996E-02
  1550.0000    	  1551.0000    	-0.47500250E-01	 0.35813476E-02
  1551.0000    	  1552.0000    	-0.16669601    	 0.98967581E-02
  1552.0000    	  1553.0000    	-0.15507370    	 0.95640086E-02
  1553.0000    	  1554.0000    	-0.15544592    	 0.90002950E-02
  1554.0000    	  1555.0000    	-0.12966970    	 0.83342717E-02
  1555.0000    	  1556.0000    	-0.12480315    	 0.78215778E-02
  1556.0000    	  1557.0000    	-0.11487735    	 0.68652327E-02
  1557.0000    	  1558.0000    	-0.11165134    	 0.64789324E-02
  1558.0000    	  1559.0000    	-0.86626374E-01	 0.59377393E-02
  1559.0000    	  1560.0000    	-0.74426178E-01	 0.51810455E-02
  1560.0000    	  1561.0000    	-0.62263923E-01	 0.45376931E-02
  1561.0000    	  1562.0000    	-0.54941315E-01	 0.39940518E-02
  1562.0000    	  1563.0000    	-0.14900939    	 0.99218197E-02
  1563.0000    	  1564.0000    	-0.15522570    	 0.91710950E-02
  1564.0000    	  1565.0000    	-0.14636102    	 0.88053016E-02
  1565.0000    	  1566.0000    	-0.13143175    	 0.82774724E-02
  1566.0000    	  1567.0000    	-0.12717578    	 0.74483279E-02
  1567.0000    	  1568.0000    	-0.12165315    	 0.75192058E-02
  1568.0000    	  1569.0000    	-0.98162456E-01	 0.66526891E-02
  1569.0000    	  1570.0000    	-0.84078286E-01	 0.58634649E-02
  1570.0000    	  1571.0000    	-0.69263248E-01	 0.50860259E-02
  1571.0000    	  1572.0000    	-0.60479400E-01	 0.44268684E-02
  1572.0000    	  1573.0000    	-0.51525409E-01	 0.40173124E-02
  1573.0000    	  1574.0000    	-0.17403967    	 0.10421652E-01
  1574.0000    	  1575.0000    	-0.14233735    	 0.88320697E-02
  1575.0000    	  1576.0000    	-0.13757235    	 0.92462608E-02
  1576.0000    	  1577.0000    	-0.13162665    	 0.83178967E-02
  1577.0000    	  1578.0000    	-0.12578643    	 0.75582372E-02
  1578.0000    	  1579.0000    	-0.10186471    	 0.72035126E-02
  1579.0000    	  1580.0000    	-0.10131256    	 0.68187133E-02
  1580.0000    	  1581.0000    	-0.86384862E-01	 0.54285956E-02
  1581.0000    	  1582.0000    	-0.74974312E-01	 0.50155593E-02
  1582.0000    	  1583.0000    	-0.58558491E-01	 0.43112434E-02
  1583.0000    	  1584.0000    	-0.47068368E-01	 0.38653827E-02
  1584.0000    	  1585.0000    	-0.14078923    	 0.10438207E-01
  1585.0000    	  1586.0000    	-0.14985479    	 0.84748903E-02
  1586.0000    	  1587.0000    	-0.12829531    	 0.98519889E-02
  1587.0000    	  1588.0000    	-0.13257001    	 0.85046384E-02
  1588.0000    	  1589.0000    	-0.11745171    	 0.75328125E-02
  1589.0000    	  1590.0000    	-0.11965276    	 0.68006073E-02
  1590.0000    	  1591.0000    	-0.86439166E-01	 0.64853507E-02
  1591.0000    	  1592.0000    	-0.86625120E-01	 0.56915114E-02
  1592.0000    	  1593.0000    	-0.68693684E-01	 0.50888938E-02
  1593.0000    	  1594.0000    	-0.58788467E-01	 0.44469090E-02
  1594.0000    	  1595.0000    	-0.49796742E-01	 0.37733129E-02
  1595.0000    	  1596.0000    	-0.13716081    	 0.93569406E-02
  1596.0000    	  1597.0000    	-0.14230106    	 0.86193964E-02
  1597.0000    	  1598.0000    	-0.13929396    	 0.89032075E-02
  1598.0000    	  1599.0000    	-0.13962105    	 0.82850033E-02
  1599.0000    	  1600.0000    	-0.12300278    	 0.73489163E-02
  1600.0000    	  1601.0000    	-0.10828063    	 0.69071646E-02
  1601.0000    	  1602.0000    	-0.91495689E-01	 0.63819534E-02
  1602.0000    	  1603.0000    	-0.72654841E-01	 0.62689493E-02
  1603.0000    	  1604.0000    	-0.65863444E-01	 0.48384150E-02
  1604.0000    	  1605.0000    	-0.57076348E-01	 0.43717181E-02
  1605.0000    	  1606.0000    	-0.43472305E-01	 0.38152116E-02
  1606.0000    	  1607.0000    	-0.14688265    	 0.90280443E-02
  1607.0000    	  1608.0000    	-0.13237378    	 0.84128633E-02
  1608.0000    	  1609.0000    	-0.15530997    	 0.90024332E-02
  1609.0000    	  1610.0000    	-0.13939847    	 0.82700478E-02
  1610.0000    	  1611.0000    	-0.11875065    	 0.75826341E-02
  1611.0000    	  1612.0000    	-0.10421107    	 0.69879441E-02
  1612.0000    	  1613.0000    	-0.10398633    	 0.68066355E-02
  1613.0000    	  1614.0000    	-0.82250858E-01	 0.58885613E-02
  1614.0000    	  1615.0000    	-0.67896441E-01	 0.49273058E-02
  1615.0000    	  1616.0000    	-0.59504271E-01	 0.43925070E-02
  1616.0000    	  1617.0000    	-0.46297075E-01	 0.39448933E-02
  1617.0000    	  1618.0000    	-0.13906105    	 0.90116124E-02
  1618.0000    	  1619.0000    	-0.13875570    	 0.80954795E-02
  1619.0000    	  1620.0000    	-0.10666505    	 0.91847193E-02
  1620.0000    	  1621.0000    	-0.12652940    	 0.82613520E-02
  1621.0000    	  1622.0000    	-0.11610539    	 0.80555569E-02
  1622.0000    	  1623.0000    	-0.10517475    	 0.70377498E-02
  1623.0000    	  1624.0000    	-0.82320071E-01	 0.65552718E-02
  1624.0000    	  1625.0000    	-0.84197836E-01	 0.57403994E-02
  1625.0000    	  1626.0000    	-0.68894490E-01	 0.49078480E-02
  1626.0000    	  1627.0000    	-0.61462272E-01	 0.45575379E-02
  1627.0000    	  1628.0000    	-0.41493316E-01	 0.37276145E-02
  1628.0000    	  1629.0000    	-0.13779208    	 0.92427980E-02
  1629.0000    	  1630.0000    	-0.14823293    	 0.84138935E-02
  1630.0000    	  1631.0000    	-0.15261745    	 0.80476349E-02
  1631.0000    	  1632.0000    	-0.13211140    	 0.90556594E-02
  1632.0000    	  1633.0000    	-0.10821534    	 0.77515558E-02
  1633.0000    	  1634.0000    	-0.10732090    	 0.66835400E-02
  1634.0000    	  1635.0000    	-0.99961057E-01	 0.58171290E-02
  1635.0000    	  1636.0000    	-0.79845823E-01	 0.55495337E-02
  1636.0000    	  1637.0000    	-0.59603294E-01	 0.47665512E-02
  1637.0000    	  1638.0000    	-0.50770379E-01	 0.42777832E-02
  1638.0000    	  1639.0000    	-0.54628425E-01	 0.35537800E-02
  1639.0000    	  1640.0000    	-0.14594827    	 0.96603962E-02
  1640.0000    	  1641.0000    	-0.12364900    	 0.87301607E-02
  1641.0000    	  1642.0000    	-0.13340038    	 0.80294919E-02
  1642.0000    	  1643.0000    	-0.12153418    	 0.87943614E-02
  1643.0000    	  1644.0000    	-0.10973291    	 0.70845028E-02
  1644.0000    	  1645.0000    	-0.10046438    	 0.67856093E-02
  1645.0000    	  1646.0000    	-0.10444852    	 0.61198638E-02
  1646.0000    	  1647.0000    	-0.77501817E-01	 0.56679648E-02
  1647.0000    	  1648.0000    	-0.72315381E-01	 0.54793274E-02
  1648.0000    	  1649.0000    	-0.56283620E-01	 0.40810223E-02
  1649.0000    	  1650.0000    	-0.47992799E-01	 0.35978460E-02
  1650.0000    	  1651.0000    	-0.14808391    	 0.97751114E-02
  1651.0000    	  1652.0000    	-0.15421190    	 0.93877471E-02
  1652.0000    	  1653.0000    	-0.13169152    	 0.80710942E-02
  1653.0000    	  1654.0000    	-0.97824134E-01	 0.75807583E-02
  1654.0000    	  1655.0000    	-0.11161337    	 0.69831651E-02
  1655.0000    	  1656.0000    	-0.10771649    	 0.68691363E-02
  1656.0000    	  1657.0000    	-0.76890663E-01	 0.66957014E-02
  1657.0000    	  1658.0000    	-0.76614003E-01	 0.57727562E-02
  1658.0000    	  1659.0000    	-0.64580103E-01	 0.52717657E-02
  1659.0000    	  1660.0000    	-0.52483837E-01	 0.40639455E-02
  1660.0000    	  1661.0000    	-0.44303152E-01	 0.34488227E-02
  1661.0000    	  1662.0000    	-0.13910594    	 0.89216982E-02
  1662.0000    	  1663.0000    	-0.12780605    	 0.94087004E-02
  1663.0000    	  1664.0000    	-0.13542202    	 0.78721136E-02
  1664.0000    	  1665.0000    	-0.13986706    	 0.71072485E-02
  1665.0000    	  1666.0000    	-0.10902603    	 0.74506664E-02
  1666.0000    	  1667.0000    	-0.97970451E-01	 0.68152222E-02
  1667.0000    	  1668.0000    	-0.78383762E-01	 0.61171631E-02
  1668.0000    	  1669.0000    	-0.82241082E-01	 0.52263865E-02
  1669.0000    	  1670.0000    	-0.62669173E-01	 0.47970131E-02
  1670.0000    	  1671.0000    	-0.51691933E-01	 0.39963644E-02
  1671.0000    	  1672.0000    	-0.39027868E-01	 0.35802017E-02
  1672.0000    	  1673.0000    	-0.15875323    	 0.90114138E-02
  1673.0000    	  1674.0000    	-0.13440727    	 0.83417961E-02
  1674.0000    	  1675.0000    	-0.12553590    	 0.78549414E-02
  1675.0000    	  1676.0000    	-0.11743850    	 0.75171118E-02
  1676.0000    	  1677.0000    	-0.96217809E-01	 0.70523971E-02
  1677.0000    	  1678.0000    	-0.87982512E-01	 0.63786786E-02
  1678.0000    	  1679.0000    	-0.95843578E-01	 0.62688989E-02
  1679.0000    	  1680.0000    	-0.73104152E-01	 0.54079265E-02
  1680.0000    	  1681.0000    	-0.62939984E-01	 0.48167986E-02
  1681.0000    	  1682.0000    	-0.48706690E-01	 0.40182545E-02
  1682.0000    	  1683.0000    	-0.40795979E-01	 0.35913500E-02
  1683.0000    	  1684.0000    	-0.10796649    	 0.86766086E-02
  1684.0000    	  1685.0000    	-0.13585751    	 0.84922157E-02
  1685.0000    	  1686.0000    	-0.11803492    	 0.78456700E-02
  1686.0000    	  1687.0000    	-0.11880972    	 0.75683860E-02
  1687.0000    	  1688.0000    	-0.11547061    	 0.67371284E-02
  1688.0000    	  1689.0000    	-0.11131301    	 0.64838525E-02
  1689.0000    	  1690.0000    	-0.80068106E-01	 0.59118039E-02
  1690.0000    	  1691.0000    	-0.72092943E-01	 0.54577328E-02
  1691.0000    	  1692.0000    	-0.64148062E-01	 0.46059877E-02
  1692.0000    	  1693.0000    	-0.53292101E-01	 0.41508381E-02
  1693.0000    	  1694.0000    	-0.36643057E-01	 0.34350481E-02
  1694.0000    	  1695.0000    	-0.13451883    	 0.87814176E-02
  1695.0000    	  1696.0000    	-0.12635322    	 0.90828763E-02
  1696.0000    	  1697.0000    	-0.11068006    	 0.85095751E-02
  1697.0000    	  1698.0000    	-0.11280566    	 0.78554870E-02
  1698.0000    	  1699.0000    	-0.10906705    	 0.66204476E-02
  1699.0000    	  1700.0000    	-0.96507865E-01	 0.70675763E-02
  1700.0000    	  1701.0000    	-0.78919027E-01	 0.60171065E-02
  1701.0000    	  1702.0000    	-0.80347299E-01	 0.51939461E-02
  1702.0000    	  1703.0000    	-0.60763626E-01	 0.46535595E-02
  1703.0000    	  1704.0000    	-0.50260504E-01	 0.37353053E-02
  1704.0000    	  1705.0000    	-0.42632728E-01	 0.34465474E-02
  1705.0000    	  1706.0000    	-0.13785051    	 0.94772036E-02
  1706.0000    	  1707.0000    	-0.11818808    	 0.95607682E-02
  1707.0000    	  1708.0000    	-0.13182908    	 0.85768655E-02
  1708.0000    	  1709.0000    	-0.11036140    	 0.77253262E-02
  1709.0000    	  1710.0000    	-0.10984737    	 0.68268231E-02
  1710.0000    	  1711.0000    	-0.87569732E-01	 0.68295699E-02
  1711.0000    	  1712.0000    	-0.93055397E-01	 0.60462382E-02
  1712.0000    	  1713.0000    	-0.70787293E-01	 0.53875838E-02
  1713.0000    	  1714.0000    	-0.63075399E-01	 0.44956033E-02
  1714.0000    	  1715.0000    	-0.48285718E-01	 0.36658417E-02
  1715.0000    	  1716.0000    	-0.43265144E-01	 0.34985388E-02
  1716.0000    	  1717.0000    	-0.12286944    	 0.88469470E-02
  1717.0000    	  1718.0000    	-0.12880454    	 0.91601184E-02
  1718.0000    	  1719.0000    	-0.12523148    	 0.74526598E-02
  1719.0000    	  1720.0000    	-0.12831198    	 0.74406313E-02
  1720.0000    	  1721.0000    	-0.94249558E-01	 0.70896105E-02
  1721.0000    	  1722.0000    	-0.97023331E-01	 0.64142644E-02
  1722.0000    	  1723.0000    	-0.82507721E-01	 0.60265119E-02
  1723.0000    	  1724.0000    	-0.67388426E-01	 0.53052133E-02
  1724.0000    	  1725.0000    	-0.63520518E-01	 0.45027233E-02
  1725.0000    	  1726.0000    	-0.54946717E-01	 0.37958036E-02
  1726.0000    	  1727.0000    	-0.38103724E-01	 0.32398333E-02
  1727.0000    	  1728.0000    	-0.12750187    	 0.85535091E-02
  1728.0000    	  1729.0000    	-0.11066076    	 0.80522653E-02
  1729.0000    	  1730.0000    	-0.12337722    	 0.78160563E-02
  1730.0000    	  1731.0000    	-0.10440639    	 0.74038277E-02
  1731.0000    	  1732.0000    	-0.10925211    	 0.67530812E-02
  1732.0000    	  1733.0000    	-0.90060180E-01	 0.61218880E-02
  1733.0000    	  1734.0000    	-0.82106843E-01	 0.59004135E-02
  1734.0000    	  1735.0000    	-0.70202301E-01	 0.53411332E-02
  1735.0000    	  1736.0000    	-0.47102784E-01	 0.42859476E-02
  1736.0000    	  1737.0000    	-0.51024285E-01	 0.39693828E-02
  1737.0000    	  1738.0000    	-0.40885646E-01	 0.32946460E-02
  1738.0000    	  1739.0000    	-0.13044106    	 0.82596192E-02
  1739.0000    	  1740.0000    	-0.13334268    	 0.77712994E-02
  1740.0000    	  1741.0000    	-0.11003155    	 0.80649148E-02
  1741.0000    	  1742.0000    	-0.10982959    	 0.76940271E-02
  1742.0000    	  1743.0000    	-0.93421242E-01	 0.66499590E-02
  1743.0000    	  1744.0000    	-0.98183004E-01	 0.62765794E-02
  1744.0000    	  1745.0000    	-0.75865032E-01	 0.58729428E-02
  1745.0000    	  1746.0000    	-0.67789651E-01	 0.54333625E-02
  1746.0000    	  1747.0000    	-0.57455346E-01	 0.42656560E-02
  1747.0000    	  1748.0000    	-0.41001420E-01	 0.37489592E-02
  1748.0000    	  1749.0000    	-0.36939501E-01	 0.33164313E-02
  1749.0000    	  1750.0000    	-0.12269635    	 0.81729864E-02
  1750.0000    	  1751.0000    	-0.11947844    	 0.76458397E-02
  1751.0000    	  1752.0000    	-0.11714065    	 0.74381321E-02
  1752.0000    	  1753.0000    	-0.10667740    	 0.79029384E-02
  1753.0000    	  1754.0000    	-0.10840418    	 0.71106527E-02
  1754.0000    	  1755.0000    	-0.90533202E-01	 0.61181347E-02
  1755.0000    	  1756.0000    	-0.82279244E-01	 0.55535696E-02
  1756.0000    	  1757.0000    	-0.64336791E-01	 0.52255575E-02
  1757.0000    	  1758.0000    	-0.59439000E-01	 0.47440209E-02
  1758.0000    	  1759.0000    	-0.50317571E-01	 0.38610509E-02
  1759.0000    	  1760.0000    	-0.37343973E-01	 0.33252793E-02
  1760.0000    	  1761.0000    	-0.11057954    	 0.83679185E-02
  1761.0000    	  1762.0000    	-0.11072559    	 0.79045729E-02
  1762.0000    	  1763.0000    	-0.11339974    	 0.71973863E-02
  1763.0000    	  1764.0000    	-0.10302540    	 0.72441852E-02
  1764.0000    	  1765.0000    	-0.98813784E-01	 0.68025506E-02
  1765.0000    	  1766.0000    	-0.85883333E-01	 0.60263491E-02
  1766.0000    	  1767.0000    	-0.77208437E-01	 0.57757359E-02
  1767.0000    	  1768.0000    	-0.67340283E-01	 0.49298345E-02
  1768.0000    	  1769.0000    	-0.54750434E-01	 0.43384757E-02
  1769.0000    	  1770.0000    	-0.42772047E-01	 0.36524160E-02
  1770.0000    	  1771.0000    	-0.31293737E-01	 0.33441182E-02
  1771.0000    	  1772.0000    	-0.12283244    	 0.87602562E-02
  1772.0000    	  1773.0000    	-0.10302976    	 0.78635563E-02
  1773.0000    	  1774.0000    	-0.11355050    	 0.71220307E-02
  1774.0000    	  1775.0000    	-0.11148838    	 0.71145732E-02
  1775.0000    	  1776.0000    	-0.98029769E-01	 0.66153980E-02
  1776.0000    	  1777.0000    	-0.82163087E-01	 0.63428797E-02
  1777.0000    	  1778.0000    	-0.77670628E-01	 0.59755702E-02
  1778.0000    	  1779.0000    	-0.68825546E-01	 0.49276000E-02
  1779.0000    	  1780.0000    	-0.59863764E-01	 0.43059428E-02
  1780.0000    	  1781.0000    	-0.44910699E-01	 0.39305464E-02
  1781.0000    	  1782.0000    	-0.39150514E-01	 0.32345203E-02
  1782.0000    	  1783.0000    	-0.11868665    	 0.94722808E-02
  1783.0000    	  1784.0000    	-0.12273113    	 0.75389312E-02
  1784.0000    	  1785.0000    	-0.12172392    	 0.74629309E-02
  1785.0000    	  1786.0000    	-0.99835972E-01	 0.66989590E-02
  1786.0000    	  1787.0000    	-0.93738508E-01	 0.65525518E-02
  1787.0000    	  1788.0000    	-0.90822611E-01	 0.59541518E-02
  1788.0000    	  1789.0000    	-0.77349060E-01	 0.55359032E-02
  1789.0000    	  1790.0000    	-0.72656634E-01	 0.49294033E-02
  1790.0000    	  1791.0000    	-0.57873192E-01	 0.46680547E-02
  1791.0000    	  1792.0000    	-0.42727894E-01	 0.38117278E-02
  1792.0000    	  1793.0000    	-0.37712086E-01	 0.30293651E-02
  1793.0000    	  1794.0000    	-0.12190004    	 0.87853830E-02
  1794.0000    	  1795.0000    	-0.10433702    	 0.73555631E-02
  1795.0000    	  1796.0000    	-0.11022571    	 0.77275616E-02
  1796.0000    	  1797.0000    	-0.10630654    	 0.66118011E-02
  1797.0000    	  1798.0000    	-0.90753098E-01	 0.63176609E-02
  1798.0000    	  1799.0000    	-0.82513989E-01	 0.57860364E-02
  1799.0000    	  1800.0000    	-0.74913247E-01	 0.52955709E-02
  1800.0000    	  1801.0000    	-0.53526776E-01	 0.46190749E-02
  1801.0000    	  1802.0000    	-0.53833996E-01	 0.46619327E-02
  1802.0000    	  1803.0000    	-0.47083331E-01	 0.35638247E-02
  1803.0000    	  1804.0000    	-0.36283582E-01	 0.30024230E-02
  1804.0000    	  1805.0000    	-0.11849554    	 0.82054932E-02
  1805.0000    	  1806.0000    	-0.11412109    	 0.71358587E-02
  1806.0000    	  1807.0000    	-0.11453816    	 0.71370437E-02
  1807.0000    	  1808.0000    	-0.98149310E-01	 0.68938232E-02
  1808.0000    	  1809.0000    	-0.96708523E-01	 0.60599367E-02
  1809.0000    	  1810.0000    	-0.76944550E-01	 0.55496997E-02
  1810.0000    	  1811.0000    	-0.66840284E-01	 0.50634180E-02
  1811.0000    	  1812.0000    	-0.63752999E-01	 0.44776924E-02
  1812.0000    	  1813.0000    	-0.47453873E-01	 0.40728576E-02
  1813.0000    	  1814.0000    	-0.43463969E-01	 0.35037582E-02
  1814.0000    	  1815.0000    	-0.33291046E-01	 0.30508447E-02
  1815.0000    	  1816.0000    	-0.10154737    	 0.77428223E-02
  1816.0000    	  1817.0000    	-0.11569598    	 0.74331689E-02
  1817.0000    	  1818.0000    	-0.10663997    	 0.77215342E-02
  1818.0000    	  1819.0000    	-0.98363799E-01	 0.65976087E-02
  1819.0000    	  1820.0000    	-0.92788806E-01	 0.62782267E-02
  1820.0000    	  1821.0000    	-0.82411093E-01	 0.61838167E-02
  1821.0000    	  1822.0000    	-0.78122047E-01	 0.53383174E-02
  1822.0000    	  1823.0000    	-0.63439028E-01	 0.52212808E-02
  1823.0000    	  1824.0000    	-0.52353266E-01	 0.45710945E-02
  1824.0000    	  1825.0000    	-0.41314581E-01	 0.37495402E-02
  1825.0000    	  1826.0000    	-0.33064678E-01	 0.27367078E-02
  1826.0000    	  1827.0000    	-0.11518824    	 0.77721198E-02
  1827.0000    	  1828.0000    	-0.10249740    	 0.74690549E-02
  1828.0000    	  1829.0000    	-0.10106892    	 0.74796170E-02
  1829.0000    	  1830.0000    	-0.10470314    	 0.66596233E-02
  1830.0000    	  1831.0000    	-0.86880368E-01	 0.65591719E-02
  1831.0000    	  1832.0000    	-0.78835231E-01	 0.60877389E-02
  1832.0000    	  1833.0000    	-0.78778846E-01	 0.53476029E-02
  1833.0000    	  1834.0000    	-0.58739742E-01	 0.54353500E-02
  1834.0000    	  1835.0000    	-0.52561319E-01	 0.45934321E-02
  1835.0000    	  1836.0000    	-0.43356880E-01	 0.37854887E-02
  1836.0000    	  1837.0000    	-0.35782109E-01	 0.27287235E-02
  1837.0000    	  1838.0000    	-0.11318248    	 0.72904207E-02
  1838.0000    	  1839.0000    	-0.10844276    	 0.71657414E-02
  1839.0000    	  1840.0000    	-0.94793106E-01	 0.67450753E-02
  1840.0000    	  1841.0000    	-0.99259186E-01	 0.71830757E-02
  1841.0000    	  1842.0000    	-0.10101372    	 0.62578049E-02
  1842.0000    	  1843.0000    	-0.90527878E-01	 0.58758057E-02
  1843.0000    	  1844.0000    	-0.66646109E-01	 0.53599300E-02
  1844.0000    	  1845.0000    	-0.55478983E-01	 0.51355032E-02
  1845.0000    	  1846.0000    	-0.47638476E-01	 0.40927075E-02
  1846.0000    	  1847.0000    	-0.40159860E-01	 0.34331547E-02
  1847.0000    	  1848.0000    	-0.30923477E-01	 0.28641923E-02
  1848.0000    	  1849.0000    	-0.10364486    	 0.71422290E-02
  1849.0000    	  1850.0000    	-0.11160298    	 0.72581423E-02
  1850.0000    	  1851.0000    	-0.10025682    	 0.68153351E-02
  1851.0000    	  1852.0000    	-0.93717781E-01	 0.71896321E-02
  1852.0000    	  1853.0000    	-0.83525403E-01	 0.64532141E-02
  1853.0000    	  1854.0000    	-0.75634739E-01	 0.55704394E-02
  1854.0000    	  1855.0000    	-0.66853449E-01	 0.55092882E-02
  1855.0000    	  1856.0000    	-0.66117023E-01	 0.48862170E-02
  1856.0000    	  1857.0000    	-0.50514589E-01	 0.38527296E-02
  1857.0000    	  1858.0000    	-0.35280522E-01	 0.34473085E-02
  1858.0000    	  1859.0000    	-0.34707608E-01	 0.28061061E-02
  1859.0000    	  1860.0000    	-0.10455002    	 0.73869465E-02
  1860.0000    	  1861.0000    	-0.10717521    	 0.68944916E-02
  1861.0000    	  1862.0000    	-0.11125512    	 0.70273557E-02
  1862.0000    	  1863.0000    	-0.85569861E-01	 0.66997108E-02
  1863.0000    	  1864.0000    	-0.88340064E-01	 0.60769876E-02
  1864.0000    	  1865.0000    	-0.71109451E-01	 0.55899937E-02
  1865.0000    	  1866.0000    	-0.72997693E-01	 0.54102038E-02
  1866.0000    	  1867.0000    	-0.50008215E-01	 0.44759709E-02
  1867.0000    	  1868.0000    	-0.57389558E-01	 0.38944471E-02
  1868.0000    	  1869.0000    	-0.44486585E-01	 0.37164407E-02
  1869.0000    	  1870.0000    	-0.28555647E-01	 0.27801263E-02
  1870.0000    	  1871.0000    	-0.10440937    	 0.77127365E-02
  1871.0000    	  1872.0000    	-0.10417252    	 0.72233591E-02
  1872.0000    	  1873.0000    	-0.98431451E-01	 0.71360343E-02
  1873.0000    	  1874.0000    	-0.94124710E-01	 0.63433057E-02
  1874.0000    	  1875.0000    	-0.85545260E-01	 0.60357143E-02
  1875.0000    	  1876.0000    	-0.85130847E-01	 0.58864106E-02
  1876.0000    	  1877.0000    	-0.61591335E-01	 0.49975453E-02
  1877.0000    	  1878.0000    	-0.62888571E-01	 0.44846038E-02
  1878.0000    	  1879.0000    	-0.48536039E-01	 0.42754257E-02
  1879.0000    	  1880.0000    	-0.41536737E-01	 0.35233684E-02
  1880.0000    	  1881.0000    	-0.36873152E-01	 0.26425608E-02
  1881.0000    	  1882.0000    	-0.11011310    	 0.74817576E-02
  1882.0000    	  1883.0000    	-0.94918546E-01	 0.72798671E-02
  1883.0000    	  1884.0000    	-0.10298744    	 0.66954795E-02
  1884.0000    	  1885.0000    	-0.97591995E-01	 0.63375763E-02
  1885.0000    	  1886.0000    	-0.81525280E-01	 0.60103569E-02
  1886.0000    	  1887.0000    	-0.82436274E-01	 0.56928878E-02
  1887.0000    	  1888.0000    	-0.66200551E-01	 0.54745078E-02
  1888.0000    	  1889.0000    	-0.59277800E-01	 0.45489417E-02
  1889.0000    	  1890.0000    	-0.46887505E-01	 0.44158056E-02
  1890.0000    	  1891.0000    	-0.37114453E-01	 0.32311320E-02
  1891.0000    	  1892.0000    	-0.29929832E-01	 0.27609920E-02
  1892.0000    	  1893.0000    	-0.99590181E-01	 0.70018687E-02
  1893.0000    	  1894.0000    	-0.11065870    	 0.68999397E-02
  1894.0000    	  1895.0000    	-0.10685859    	 0.63631247E-02
  1895.0000    	  1896.0000    	-0.89152450E-01	 0.64918338E-02
  1896.0000    	  1897.0000    	-0.77175628E-01	 0.57429392E-02
  1897.0000    	  1898.0000    	-0.67889417E-01	 0.57154493E-02
  1898.0000    	  1899.0000    	-0.60265818E-01	 0.55651330E-02
  1899.0000    	  1900.0000    	-0.55539049E-01	 0.47208348E-02
  1900.0000    	  1901.0000    	-0.36378433E-01	 0.39743864E-02
  1901.0000    	  1902.0000    	-0.39206788E-01	 0.31435903E-02
  1902.0000    	  1903.0000    	-0.32455775E-01	 0.29062111E-02
  1903.0000    	  1904.0000    	-0.10529246    	 0.69215925E-02
  1904.0000    	  1905.0000    	-0.10081098    	 0.70449188E-02
  1905.0000    	  1906.0000    	-0.85990077E-01	 0.68417079E-02
  1906.0000    	  1907.0000    	-0.86466488E-01	 0.63395848E-02
  1907.0000    	  1908.0000    	-0.76034676E-01	 0.57303751E-02
  1908.0000    	  1909.0000    	-0.79723494E-01	 0.55046409E-02
  1909.0000    	  1910.0000    	-0.71680220E-01	 0.47764381E-02
  1910.0000    	  1911.0000    	-0.57381121E-01	 0.41537109E-02
  1911.0000    	  1912.0000    	-0.54127002E-01	 0.39090210E-02
  1912.0000    	  1913.0000    	-0.36144774E-01	 0.33314327E-02
  1913.0000    	  1914.0000    	-0.32939195E-01	 0.29684165E-02
  1914.0000    	  1915.0000    	-0.10569593    	 0.68708251E-02
  1915.0000    	  1916.0000    	-0.91889297E-01	 0.67924701E-02
  1916.0000    	  1917.0000    	-0.86449019E-01	 0.69644473E-02
  1917.0000    	  1918.0000    	-0.86005643E-01	 0.65254581E-02
  1918.0000    	  1919.0000    	-0.84052833E-01	 0.58077071E-02
  1919.0000    	  1920.0000    	-0.65505522E-01	 0.55499246E-02
  1920.0000    	  1921.0000    	-0.54879216E-01	 0.48687416E-02
  1921.0000    	  1922.0000    	-0.51369545E-01	 0.40390393E-02
  1922.0000    	  1923.0000    	-0.40371030E-01	 0.38893498E-02
  1923.0000    	  1924.0000    	-0.34538783E-01	 0.33002524E-02
  1924.0000    	  1925.0000    	-0.25606731E-01	 0.26160421E-02
  1925.0000    	  1926.0000    	-0.92725764E-01	 0.74093946E-02
  1926.0000    	  1927.0000    	-0.98588236E-01	 0.67869291E-02
  1927.0000    	  1928.0000    	-0.84881183E-01	 0.66542538E-02
  1928.0000    	  1929.0000    	-0.91949338E-01	 0.63435629E-02
  1929.0000    	  1930.0000    	-0.82609881E-01	 0.56868745E-02
  1930.0000    	  1931.0000    	-0.71777473E-01	 0.56235186E-02
  1931.0000    	  1932.0000    	-0.57031026E-01	 0.47204115E-02
  1932.0000    	  1933.0000    	-0.52744639E-01	 0.46773468E-02
  1933.0000    	  1934.0000    	-0.44011832E-01	 0.40610995E-02
  1934.0000    	  1935.0000    	-0.33979980E-01	 0.30578711E-02
  1935.0000    	  1936.0000    	-0.29496980E-01	 0.25980879E-02
  1936.0000    	  1937.0000    	-0.92542283E-01	 0.74435442E-02
  1937.0000    	  1938.0000    	-0.97332297E-01	 0.63327453E-02
  1938.0000    	  1939.0000    	-0.90137081E-01	 0.62328804E-02
  1939.0000    	  1940.0000    	-0.89114319E-01	 0.59065764E-02
  1940.0000    	  1941.0000    	-0.77757138E-01	 0.57394776E-02
  1941.0000    	  1942.0000    	-0.73387572E-01	 0.57468525E-02
  1942.0000    	  1943.0000    	-0.71659586E-01	 0.49169049E-02
  1943.0000    	  1944.0000    	-0.53189175E-01	 0.47825577E-02
  1944.0000    	  1945.0000    	-0.45155556E-01	 0.38557761E-02
  1945.0000    	  1946.0000    	-0.42725303E-01	 0.30775500E-02
  1946.0000    	  1947.0000    	-0.27188321E-01	 0.27983409E-02
  1947.0000    	  1948.0000    	-0.10340739    	 0.78094358E-02
  1948.0000    	  1949.0000    	-0.90732509E-01	 0.71142037E-02
  1949.0000    	  1950.0000    	-0.97676541E-01	 0.71134964E-02
  1950.0000    	  1951.0000    	-0.87724606E-01	 0.57892979E-02
  1951.0000    	  1952.0000    	-0.70906410E-01	 0.57717292E-02
  1952.0000    	  1953.0000    	-0.71457456E-01	 0.59773083E-02
  1953.0000    	  1954.0000    	-0.60244208E-01	 0.48957711E-02
  1954.0000    	  1955.0000    	-0.45819986E-01	 0.43027770E-02
  1955.0000    	  1956.0000    	-0.43545360E-01	 0.34734437E-02
  1956.0000    	  1957.0000    	-0.35254033E-01	 0.29952192E-02
  1957.0000    	  1958.0000    	-0.30567911E-01	 0.29782845E-02
  1958.0000    	  1959.0000    	-0.96893176E-01	 0.74856957E-02
  1959.0000    	  1960.0000    	-0.91474828E-01	 0.73565163E-02
  1960.0000    	  1961.0000    	-0.76989989E-01	 0.72128957E-02
  1961.0000    	  1962.0000    	-0.91149351E-01	 0.61574687E-02
  1962.0000    	  1963.0000    	-0.75820846E-01	 0.60227094E-02
  1963.0000    	  1964.0000    	-0.65397884E-01	 0.57110737E-02
  1964.0000    	  1965.0000    	-0.65551073E-01	 0.48550791E-02
  1965.0000    	  1966.0000    	-0.52019928E-01	 0.40522171E-02
  1966.0000    	  1967.0000    	-0.45127421E-01	 0.34609767E-02
  1967.0000    	  1968.0000    	-0.33784722E-01	 0.28996039E-02
  1968.0000    	  1969.0000    	-0.32344229E-01	 0.28004665E-02
  1969.0000    	  1970.0000    	-0.97301175E-01	 0.69689838E-02
  1970.0000    	  1971.0000    	-0.87191095E-01	 0.63785860E-02
  1971.0000    	  1972.0000    	-0.95898383E-01	 0.63898998E-02
  1972.0000    	  1973.0000    	-0.74208832E-01	 0.65496472E-02
  1973.0000    	  1974.0000    	-0.72625916E-01	 0.60115166E-02
  1974.0000    	  1975.0000    	-0.64587219E-01	 0.54813438E-02
  1975.0000    	  1976.0000    	-0.48673333E-01	 0.46549896E-02
  1976.0000    	  1977.0000    	-0.51519905E-01	 0.38499152E-02
  1977.0000    	  1978.0000    	-0.40682628E-01	 0.37033918E-02
  1978.0000    	  1979.0000    	-0.34319013E-01	 0.30546106E-02
  1979.0000    	  1980.0000    	-0.26307120E-01	 0.27757303E-02
  1980.0000    	  1981.0000    	-0.95557379E-01	 0.68651885E-02
  1981.0000    	  1982.0000    	-0.96859219E-01	 0.63120266E-02
  1982.0000    	  1983.0000    	-0.86518151E-01	 0.60925428E-02
  1983.0000    	  1984.0000    	-0.87277502E-01	 0.60328910E-02
  1984.0000    	  1985.0000    	-0.73183466E-01	 0.58180522E-02
  1985.0000    	  1986.0000    	-0.66032059E-01	 0.51104648E-02
  1986.0000    	  1987.0000    	-0.57082242E-01	 0.42022215E-02
  1987.0000    	  1988.0000    	-0.54973381E-01	 0.40823253E-02
  1988.0000    	  1989.0000    	-0.42640506E-01	 0.38774594E-02
  1989.0000    	  1990.0000    	-0.31315541E-01	 0.30144949E-02
  1990.0000    	  1991.0000    	-0.25775046E-01	 0.26815196E-02
  1991.0000    	  1992.0000    	-0.84944888E-01	 0.75721398E-02
  1992.0000    	  1993.0000    	-0.95801962E-01	 0.67685140E-02
  1993.0000    	  1994.0000    	-0.84561633E-01	 0.63784996E-02
  1994.0000    	  1995.0000    	-0.79994639E-01	 0.61437667E-02
  1995.0000    	  1996.0000    	-0.79228895E-01	 0.56566649E-02
  1996.0000    	  1997.0000    	-0.75257869E-01	 0.48435004E-02
  1997.0000    	  1998.0000    	-0.70117324E-01	 0.45380373E-02
  1998.0000    	  1999.0000    	-0.46569538E-01	 0.41852159E-02
  1999.0000    	  2000.0000    	-0.39810527E-01	 0.37079580E-02
  2000.0000    	  2001.0000    	-0.37312895E-01	 0.31779580E-02
  2001.0000    	  2002.0000    	-0.18334435E-01	 0.26136850E-02
  2002.0000    	  2003.0000    	-0.10002042    	 0.78289563E-02
  2003.0000    	  2004.0000    	-0.79469069E-01	 0.64522798E-02
  2004.0000    	  2005.0000    	-0.83363404E-01	 0.65506610E-02
  2005.0000    	  2006.0000    	-0.78413018E-01	 0.66248917E-02
  2006.0000    	  2007.0000    	-0.73137684E-01	 0.54462187E-02
  2007.0000    	  2008.0000    	-0.63326282E-01	 0.48480483E-02
  2008.0000    	  2009.0000    	-0.52311357E-01	 0.43092567E-02
  2009.0000    	  2010.0000    	-0.47118394E-01	 0.40379577E-02
  2010.0000    	  2011.0000    	-0.36143580E-01	 0.37750295E-02
  2011.0000    	  2012.0000    	-0.35756133E-01	 0.29374265E-02
  2012.0000    	  2013.0000    	-0.27244337E-01	 0.24719578E-02
  2013.0000    	  2014.0000    	-0.90318711E-01	 0.78006281E-02
  2014.0000    	  2015.0000    	-0.94692596E-01	 0.63688554E-02
  2015.0000    	  2016.0000    	-0.88265231E-01	 0.63245054E-02
  2016.0000    	  2017.0000    	-0.71654722E-01	 0.63200355E-02
  2017.0000    	  2018.0000    	-0.73352199E-01	 0.56192786E-02
  2018.0000    	  2019.0000    	-0.61427342E-01	 0.49700422E-02
  2019.0000    	  2020.0000    	-0.63038829E-01	 0.43572057E-02
  2020.0000    	  2021.0000    	-0.47090468E-01	 0.44968614E-02
  2021.0000    	  2022.0000    	-0.47645166E-01	 0.40249582E-02
  2022.0000    	  2023.0000    	-0.29931223E-01	 0.29066074E-02
  2023.0000    	  2024.0000    	-0.24076836E-01	 0.23043022E-02
