4.11314e-06,3.95743e-06,3.78052e-06,3.59054e-06,3.45688e-06,3.30573e-06,3.13977e-06,3.02166e-06,2.91981e-06,2.84054e-06,2.7997e-06
3.81e-06,3.64101e-06,3.48961e-06,3.33097e-06,3.20135e-06,3.06682e-06,2.9003e-06,2.80824e-06,2.70427e-06,2.62957e-06,2.58546e-06
3.56839e-06,3.41148e-06,3.23998e-06,3.09299e-06,2.97501e-06,2.84267e-06,2.70971e-06,2.60134e-06,2.51723e-06,2.43992e-06,2.3945e-06
3.31435e-06,3.15931e-06,3.01152e-06,2.88265e-06,2.77315e-06,2.65288e-06,2.52383e-06,2.42856e-06,2.35095e-06,2.27103e-06,2.21601e-06
3.10965e-06,2.9651e-06,2.82522e-06,2.70554e-06,2.60356e-06,2.49344e-06,2.37207e-06,2.2814e-06,2.20969e-06,2.1298e-06,2.07008e-06
2.93969e-06,2.80287e-06,2.66585e-06,2.55357e-06,2.46681e-06,2.35314e-06,2.23903e-06,2.15653e-06,2.08745e-06,2.00985e-06,1.94808e-06
2.76071e-06,2.64175e-06,2.51851e-06,2.41201e-06,2.32318e-06,2.22588e-06,2.11686e-06,2.03542e-06,1.9696e-06,1.8941e-06,1.82957e-06
2.61234e-06,2.50551e-06,2.38929e-06,2.2896e-06,2.20531e-06,2.11135e-06,2.00858e-06,1.93123e-06,1.86635e-06,1.79414e-06,1.72911e-06
2.47866e-06,2.38267e-06,2.27232e-06,2.17971e-06,2.09865e-06,2.0069e-06,1.91067e-06,1.83676e-06,1.77235e-06,1.70327e-06,1.63868e-06
2.35898e-06,2.27204e-06,2.16684e-06,2.08129e-06,2.00226e-06,1.91142e-06,1.82206e-06,1.75053e-06,1.68664e-06,1.62066e-06,1.55704e-06
2.24933e-06,2.16984e-06,2.06906e-06,1.98941e-06,1.9127e-06,1.82394e-06,1.74029e-06,1.67162e-06,1.60855e-06,1.54378e-06,1.48208e-06
2.15195e-06,2.07778e-06,1.98027e-06,1.90611e-06,1.83144e-06,1.74238e-06,1.66529e-06,1.60009e-06,1.53651e-06,1.47345e-06,1.41386e-06
2.05933e-06,1.98975e-06,1.89836e-06,1.82784e-06,1.7547e-06,1.66869e-06,1.59532e-06,1.53136e-06,1.47056e-06,1.40766e-06,1.34998e-06
1.97513e-06,1.91007e-06,1.82244e-06,1.75608e-06,1.6844e-06,1.60118e-06,1.53078e-06,1.46895e-06,1.40926e-06,1.34744e-06,1.29179e-06
1.89809e-06,1.83516e-06,1.75242e-06,1.68791e-06,1.61835e-06,1.53782e-06,1.4704e-06,1.41047e-06,1.35212e-06,1.29091e-06,1.23721e-06
1.82768e-06,1.76734e-06,1.68748e-06,1.62609e-06,1.55596e-06,1.48153e-06,1.41498e-06,1.35718e-06,1.2988e-06,1.24037e-06,1.18766e-06
1.76156e-06,1.70486e-06,1.62639e-06,1.56779e-06,1.50215e-06,1.42744e-06,1.36544e-06,1.30759e-06,1.24961e-06,1.1911e-06,1.14076e-06
1.6968e-06,1.63966e-06,1.56949e-06,1.51023e-06,1.4461e-06,1.37634e-06,1.31289e-06,1.25789e-06,1.20287e-06,1.14551e-06,1.09668e-06
1.63856e-06,1.58414e-06,1.51657e-06,1.45881e-06,1.39697e-06,1.32994e-06,1.26823e-06,1.21427e-06,1.15972e-06,1.10423e-06,1.05631e-06
1.58399e-06,1.53056e-06,1.46624e-06,1.41008e-06,1.34962e-06,1.28653e-06,1.22486e-06,1.17269e-06,1.11905e-06,1.06531e-06,1.01851e-06
1.53186e-06,1.48019e-06,1.41918e-06,1.36372e-06,1.30594e-06,1.24396e-06,1.18475e-06,1.13271e-06,1.0802e-06,1.02807e-06,9.82515e-07
1.48147e-06,1.43169e-06,1.37313e-06,1.32151e-06,1.26318e-06,1.20608e-06,1.14523e-06,1.09438e-06,1.04339e-06,9.93556e-07,9.49394e-07
1.43799e-06,1.38684e-06,1.33329e-06,1.2795e-06,1.22543e-06,1.16674e-06,1.11083e-06,1.05884e-06,1.0094e-06,9.60062e-07,9.15756e-07
1.3952e-06,1.34465e-06,1.29323e-06,1.2403e-06,1.18726e-06,1.13211e-06,1.07546e-06,1.02655e-06,9.77515e-07,9.30066e-07,8.8822e-07
1.35426e-06,1.30517e-06,1.25628e-06,1.20485e-06,1.15461e-06,1.10023e-06,1.04345e-06,9.94488e-07,9.47353e-07,8.99776e-07,8.57176e-07
1.31255e-06,1.2655e-06,1.21922e-06,1.16829e-06,1.11878e-06,1.06453e-06,1.01274e-06,9.63557e-07,9.17448e-07,8.71609e-07,8.31775e-07
1.27706e-06,1.23033e-06,1.18668e-06,1.137e-06,1.0884e-06,1.0344e-06,9.8515e-07,9.35371e-07,8.90704e-07,8.46152e-07,8.07172e-07
1.24147e-06,1.19692e-06,1.15417e-06,1.10539e-06,1.05864e-06,1.00666e-06,9.57363e-07,9.09287e-07,8.65395e-07,8.21446e-07,7.83873e-07
1.20835e-06,1.1656e-06,1.12388e-06,1.07661e-06,1.02978e-06,9.78881e-07,9.31608e-07,8.84392e-07,8.40446e-07,7.97875e-07,7.60547e-07
1.17705e-06,1.13602e-06,1.0961e-06,1.0491e-06,1.00375e-06,9.53406e-07,9.08232e-07,8.60793e-07,8.18784e-07,7.76633e-07,7.4228e-07
1.14711e-06,1.10698e-06,1.06745e-06,1.02261e-06,9.77289e-07,9.28955e-07,8.84025e-07,8.37734e-07,7.95358e-07,7.54841e-07,7.19327e-07
1.11807e-06,1.07916e-06,1.04051e-06,9.96835e-07,9.52376e-07,9.0576e-07,8.6178e-07,8.15536e-07,7.74318e-07,7.3467e-07,7.00413e-07
1.09112e-06,1.05333e-06,1.01548e-06,9.72922e-07,9.29238e-07,8.83773e-07,8.406e-07,7.94995e-07,7.54402e-07,7.15776e-07,6.82396e-07
1.06553e-06,1.02879e-06,9.917e-07,9.50216e-07,9.07259e-07,8.62898e-07,8.20393e-07,7.75443e-07,7.35455e-07,6.97833e-07,6.65332e-07
1.04158e-06,1.0056e-06,9.69346e-07,9.28693e-07,8.8694e-07,8.43421e-07,8.01152e-07,7.56945e-07,7.17818e-07,6.81031e-07,6.49524e-07
1.01804e-06,9.83173e-07,9.47491e-07,9.0797e-07,8.66375e-07,8.24062e-07,7.82479e-07,7.39128e-07,7.00209e-07,6.64321e-07,6.3364e-07
9.95511e-07,9.61726e-07,9.26519e-07,8.87829e-07,8.47225e-07,8.05616e-07,7.64652e-07,7.21927e-07,6.83683e-07,6.48832e-07,6.18738e-07
9.74059e-07,9.41183e-07,9.0656e-07,8.68707e-07,8.28865e-07,7.87966e-07,7.47517e-07,7.05544e-07,6.67851e-07,6.33852e-07,6.04572e-07
9.53492e-07,9.2141e-07,8.87417e-07,8.50376e-07,8.11262e-07,7.70956e-07,7.31022e-07,6.89854e-07,6.52703e-07,6.196e-07,5.91021e-07
9.33937e-07,9.02522e-07,8.69155e-07,8.32708e-07,7.94372e-07,7.54771e-07,7.15161e-07,6.74571e-07,6.3812e-07,6.05664e-07,5.7802e-07
9.1403e-07,8.83456e-07,8.50714e-07,8.15131e-07,7.77584e-07,7.38404e-07,6.99364e-07,6.59769e-07,6.23789e-07,5.92108e-07,5.65133e-07
8.95085e-07,8.65271e-07,8.3305e-07,7.98181e-07,7.61344e-07,7.22722e-07,6.84182e-07,6.4533e-07,6.10016e-07,5.78997e-07,5.52665e-07
8.76968e-07,8.47825e-07,8.16131e-07,7.81951e-07,7.45774e-07,7.0765e-07,6.69569e-07,6.31528e-07,5.96831e-07,5.66434e-07,5.40825e-07
8.58153e-07,8.29714e-07,7.98608e-07,7.65114e-07,7.29669e-07,6.92076e-07,6.54611e-07,6.17325e-07,5.83294e-07,5.53596e-07,5.28504e-07
8.41085e-07,8.13258e-07,7.82842e-07,7.49864e-07,7.15103e-07,6.77924e-07,6.41026e-07,6.04427e-07,5.70828e-07,5.42116e-07,5.17403e-07
8.21811e-07,7.94642e-07,7.64643e-07,7.32514e-07,6.98398e-07,6.61911e-07,6.25619e-07,5.89787e-07,5.57177e-07,5.28842e-07,5.04965e-07
8.05318e-07,7.78726e-07,7.49152e-07,7.17521e-07,6.83944e-07,6.47995e-07,6.12249e-07,5.77278e-07,5.45324e-07,5.17554e-07,4.9412e-07
7.85452e-07,7.59415e-07,7.30629e-07,6.99777e-07,6.6701e-07,6.31719e-07,5.96801e-07,5.62607e-07,5.31246e-07,5.04269e-07,4.81563e-07
7.66923e-07,7.41633e-07,7.13276e-07,6.83233e-07,6.51023e-07,6.16369e-07,5.82197e-07,5.48731e-07,5.18249e-07,4.91886e-07,4.69473e-07
7.4847e-07,7.23684e-07,6.95957e-07,6.66455e-07,6.35073e-07,6.01117e-07,5.67598e-07,5.34969e-07,5.05373e-07,4.79487e-07,4.57468e-07
7.2933e-07,7.05247e-07,6.78045e-07,6.49403e-07,6.18576e-07,5.85271e-07,5.52666e-07,5.20849e-07,4.91802e-07,4.66798e-07,4.45327e-07
7.10187e-07,6.86687e-07,6.60184e-07,6.31999e-07,6.0193e-07,5.69426e-07,5.37553e-07,5.06832e-07,4.7834e-07,4.54024e-07,4.33506e-07
6.90953e-07,6.67903e-07,6.41821e-07,6.14792e-07,5.85291e-07,5.53624e-07,5.22502e-07,4.92481e-07,4.65015e-07,4.41112e-07,4.21375e-07
6.70723e-07,6.48329e-07,6.23021e-07,5.96316e-07,5.67863e-07,5.36872e-07,5.06822e-07,4.77652e-07,4.50982e-07,4.27934e-07,4.08195e-07
6.50479e-07,6.28616e-07,6.04016e-07,5.78099e-07,5.503e-07,5.20099e-07,4.90895e-07,4.62745e-07,4.36752e-07,4.14461e-07,3.95269e-07
6.30325e-07,6.0893e-07,5.85043e-07,5.60046e-07,5.33003e-07,5.03558e-07,4.75236e-07,4.47907e-07,4.22757e-07,4.01167e-07,3.82554e-07
6.09526e-07,5.88878e-07,5.65686e-07,5.41161e-07,5.15124e-07,4.86564e-07,4.59197e-07,4.32792e-07,4.08421e-07,3.87732e-07,3.68805e-07
5.88513e-07,5.68379e-07,5.45753e-07,5.22036e-07,4.96804e-07,4.69233e-07,4.42802e-07,4.17444e-07,3.93854e-07,3.73589e-07,3.56071e-07
5.67445e-07,5.47864e-07,5.25975e-07,5.03112e-07,4.78612e-07,4.51935e-07,4.26487e-07,4.02098e-07,3.79295e-07,3.59711e-07,3.42648e-07
5.46576e-07,5.27592e-07,5.06283e-07,4.84334e-07,4.61041e-07,4.35183e-07,4.10658e-07,3.86574e-07,3.65197e-07,3.46179e-07,3.29517e-07
5.25606e-07,5.06784e-07,4.86784e-07,4.65073e-07,4.42594e-07,4.1787e-07,3.94325e-07,3.72306e-07,3.5021e-07,3.32068e-07,3.16354e-07
5.04088e-07,4.86182e-07,4.66353e-07,4.45871e-07,4.23966e-07,4.00067e-07,3.77513e-07,3.55949e-07,3.35567e-07,3.17975e-07,3.02541e-07
4.83027e-07,4.65668e-07,4.46525e-07,4.26841e-07,4.05773e-07,3.82826e-07,3.61253e-07,3.40642e-07,3.21022e-07,3.04099e-07,2.89216e-07
4.62403e-07,4.45443e-07,4.27071e-07,4.0819e-07,3.87999e-07,3.65934e-07,3.45276e-07,3.25493e-07,3.06568e-07,2.90487e-07,2.76262e-07
4.41653e-07,4.25353e-07,4.07542e-07,3.89421e-07,3.70047e-07,3.48958e-07,3.29284e-07,3.10504e-07,2.92425e-07,2.76792e-07,2.62998e-07
4.30801e-07,4.151e-07,3.97031e-07,3.79182e-07,3.59666e-07,3.39298e-07,3.20329e-07,3.02074e-07,2.84659e-07,2.69645e-07,2.56138e-07
4.01931e-07,3.86647e-07,3.7002e-07,3.53544e-07,3.36185e-07,3.16658e-07,2.98625e-07,2.8108e-07,2.64955e-07,2.50585e-07,2.37825e-07
3.82443e-07,3.67606e-07,3.51686e-07,3.35781e-07,3.18797e-07,3.00433e-07,2.83434e-07,2.67314e-07,2.51363e-07,2.37563e-07,2.2538e-07
3.63983e-07,3.49517e-07,3.34296e-07,3.18854e-07,3.03104e-07,2.85416e-07,2.69242e-07,2.54562e-07,2.38618e-07,2.25362e-07,2.13861e-07
3.4567e-07,3.31744e-07,3.1697e-07,3.02396e-07,2.86889e-07,2.70121e-07,2.54862e-07,2.40262e-07,2.2574e-07,2.13128e-07,2.01922e-07
3.28345e-07,3.14818e-07,3.0057e-07,2.86631e-07,2.71832e-07,2.55869e-07,2.41387e-07,2.27469e-07,2.13684e-07,2.01563e-07,1.90882e-07
3.11987e-07,2.99068e-07,2.85358e-07,2.71512e-07,2.57903e-07,2.42677e-07,2.2916e-07,2.15843e-07,2.02311e-07,1.90758e-07,1.80239e-07
2.96046e-07,2.83282e-07,2.69801e-07,2.57273e-07,2.43712e-07,2.2925e-07,2.16056e-07,2.0343e-07,1.91258e-07,1.79942e-07,1.70393e-07
2.80943e-07,2.68516e-07,2.55684e-07,2.43362e-07,2.30397e-07,2.16531e-07,2.04091e-07,1.92281e-07,1.80267e-07,1.69719e-07,1.60432e-07
2.66955e-07,2.54839e-07,2.42415e-07,2.30549e-07,2.18105e-07,2.04857e-07,1.93023e-07,1.81808e-07,1.70342e-07,1.60268e-07,1.5142e-07
2.54181e-07,2.42436e-07,2.30269e-07,2.19314e-07,2.07112e-07,1.94315e-07,1.83063e-07,1.72377e-07,1.61476e-07,1.51667e-07,1.42996e-07
2.4182e-07,2.30255e-07,2.18556e-07,2.07455e-07,1.9592e-07,1.83769e-07,1.73011e-07,1.6285e-07,1.52409e-07,1.43215e-07,1.35182e-07
2.30686e-07,2.19362e-07,2.07982e-07,1.97199e-07,1.8605e-07,1.74381e-07,1.64088e-07,1.54391e-07,1.44418e-07,1.35632e-07,1.27977e-07
2.20509e-07,2.09409e-07,1.98318e-07,1.8781e-07,1.77004e-07,1.65771e-07,1.55898e-07,1.46622e-07,1.3709e-07,1.2869e-07,1.21387e-07
2.11242e-07,2.00346e-07,1.8952e-07,1.7925e-07,1.68748e-07,1.5791e-07,1.48413e-07,1.39517e-07,1.30396e-07,1.22364e-07,1.15398e-07
2.02937e-07,1.92246e-07,1.81643e-07,1.71574e-07,1.61383e-07,1.50877e-07,1.41673e-07,1.33022e-07,1.24392e-07,1.16705e-07,1.10034e-07
1.95401e-07,1.84861e-07,1.7452e-07,1.64609e-07,1.54825e-07,1.44453e-07,1.35604e-07,1.27414e-07,1.18929e-07,1.11579e-07,1.05218e-07
1.88581e-07,1.78221e-07,1.68068e-07,1.58319e-07,1.48526e-07,1.38641e-07,1.3003e-07,1.22044e-07,1.13993e-07,1.06942e-07,1.00839e-07
1.82608e-07,1.72445e-07,1.62373e-07,1.52608e-07,1.43215e-07,1.33626e-07,1.25201e-07,1.1754e-07,1.09712e-07,1.02901e-07,9.72686e-08
1.77171e-07,1.67158e-07,1.57351e-07,1.47843e-07,1.38406e-07,1.29052e-07,1.208e-07,1.13184e-07,1.05785e-07,9.92872e-08,9.36472e-08
1.72268e-07,1.62408e-07,1.52789e-07,1.43382e-07,1.3405e-07,1.24852e-07,1.16885e-07,1.09517e-07,1.02302e-07,9.60573e-08,9.06102e-08
1.67733e-07,1.58048e-07,1.48556e-07,1.39261e-07,1.30113e-07,1.21092e-07,1.13242e-07,1.06071e-07,9.91141e-08,9.30838e-08,8.78385e-08
1.63655e-07,1.54134e-07,1.44791e-07,1.35594e-07,1.26563e-07,1.17732e-07,1.1003e-07,1.03006e-07,9.62751e-08,9.04456e-08,8.53865e-08
1.59962e-07,1.50616e-07,1.41399e-07,1.32307e-07,1.23427e-07,1.14741e-07,1.07146e-07,1.00196e-07,9.37474e-08,8.81104e-08,8.31966e-08
1.56426e-07,1.47235e-07,1.38173e-07,1.29172e-07,1.2039e-07,1.11871e-07,1.04427e-07,9.76743e-08,9.13435e-08,8.58765e-08,8.11228e-08
1.53116e-07,1.44085e-07,1.35158e-07,1.26261e-07,1.17607e-07,1.09234e-07,1.01907e-07,9.52813e-08,8.91245e-08,8.38245e-08,7.92154e-08
1.49962e-07,1.41099e-07,1.32313e-07,1.23524e-07,1.14991e-07,1.0676e-07,9.95408e-08,9.30875e-08,8.70541e-08,8.18873e-08,7.74164e-08
1.46916e-07,1.38226e-07,1.29564e-07,1.20886e-07,1.12501e-07,1.04397e-07,9.7278e-08,9.08441e-08,8.50627e-08,8.00499e-08,7.56808e-08
1.43941e-07,1.35407e-07,1.26895e-07,1.18326e-07,1.10096e-07,1.0209e-07,9.50991e-08,8.88404e-08,8.31303e-08,7.82535e-08,7.40096e-08
1.41022e-07,1.32652e-07,1.24267e-07,1.1582e-07,1.07678e-07,9.98479e-08,9.29552e-08,8.67985e-08,8.12542e-08,7.64912e-08,7.23668e-08
1.3822e-07,1.30002e-07,1.21757e-07,1.13439e-07,1.0541e-07,9.77088e-08,9.09242e-08,8.48833e-08,7.94671e-08,7.48149e-08,7.07994e-08
1.3547e-07,1.27409e-07,1.19294e-07,1.11094e-07,1.03194e-07,9.56245e-08,8.89466e-08,8.30166e-08,7.77186e-08,7.31802e-08,6.92744e-08
1.32786e-07,1.24876e-07,1.16896e-07,1.08816e-07,1.01038e-07,9.3593e-08,8.70172e-08,8.11978e-08,7.60261e-08,7.15914e-08,6.77846e-08
1.30168e-07,1.224e-07,1.14545e-07,1.06596e-07,9.89304e-08,9.16088e-08,8.51411e-08,7.94255e-08,7.43764e-08,7.00456e-08,6.63419e-08
1.27607e-07,1.19985e-07,1.12267e-07,1.04447e-07,9.68876e-08,8.96936e-08,8.33249e-08,7.77159e-08,7.27806e-08,6.85459e-08,6.49299e-08
1.25095e-07,1.17606e-07,1.10006e-07,1.0231e-07,9.48746e-08,8.78007e-08,8.15355e-08,7.6039e-08,7.12154e-08,6.70684e-08,6.35553e-08
1.22621e-07,1.15273e-07,1.07806e-07,1.00243e-07,9.29161e-08,8.59611e-08,7.98001e-08,7.44029e-08,6.96817e-08,6.56307e-08,6.22012e-08
1.20218e-07,1.12997e-07,1.05642e-07,9.82005e-08,9.10002e-08,8.41742e-08,7.81138e-08,7.28219e-08,6.8181e-08,6.42329e-08,6.08963e-08
1.17819e-07,1.10742e-07,1.03516e-07,9.619e-08,8.91146e-08,8.23992e-08,7.64387e-08,7.12519e-08,6.67385e-08,6.2847e-08,5.95959e-08
1.1546e-07,1.08506e-07,1.01399e-07,9.42021e-08,8.72478e-08,8.06468e-08,7.47964e-08,6.97057e-08,6.52782e-08,6.1489e-08,5.83203e-08
1.13154e-07,1.06331e-07,9.93432e-08,9.22697e-08,8.5441e-08,7.89547e-08,7.32024e-08,6.82156e-08,6.38739e-08,6.01682e-08,5.70703e-08
1.11078e-07,1.04357e-07,9.74572e-08,9.04717e-08,8.3717e-08,7.73097e-08,7.16571e-08,6.67838e-08,6.2546e-08,5.89415e-08,5.59416e-08
1.08877e-07,1.02259e-07,9.54819e-08,8.86299e-08,8.19762e-08,7.56741e-08,7.01263e-08,6.53533e-08,6.12101e-08,5.7678e-08,5.47441e-08
1.06668e-07,1.00184e-07,9.35097e-08,8.67724e-08,8.0239e-08,7.40758e-08,6.86269e-08,6.39428e-08,5.9878e-08,5.6424e-08,5.35769e-08
1.04256e-07,9.79046e-08,9.13811e-08,8.4806e-08,7.84491e-08,7.24294e-08,6.70956e-08,6.24861e-08,5.85031e-08,5.50959e-08,5.23105e-08
1.02069e-07,9.58445e-08,8.94441e-08,8.29883e-08,7.67624e-08,7.08558e-08,6.5619e-08,6.11102e-08,5.72044e-08,5.38706e-08,5.11447e-08
9.99487e-08,9.38356e-08,8.75545e-08,8.12309e-08,7.51048e-08,6.93563e-08,6.42136e-08,5.97503e-08,5.59592e-08,5.2688e-08,5.0014e-08
9.78288e-08,9.18357e-08,8.56679e-08,7.94613e-08,7.34653e-08,6.77972e-08,6.27627e-08,5.8436e-08,5.46926e-08,5.14959e-08,4.8893e-08
9.5759e-08,8.98732e-08,8.3831e-08,7.77711e-08,7.18732e-08,6.63104e-08,6.13907e-08,5.71441e-08,5.34786e-08,5.03397e-08,4.78176e-08
9.36877e-08,8.79204e-08,8.19754e-08,7.60235e-08,7.02668e-08,6.48358e-08,6.00077e-08,5.58547e-08,5.22555e-08,4.91896e-08,4.67128e-08
9.16313e-08,8.59768e-08,8.01564e-08,7.43107e-08,6.86905e-08,6.33655e-08,5.86309e-08,5.45625e-08,5.10574e-08,4.80537e-08,4.5637e-08
8.96215e-08,8.40755e-08,7.83746e-08,7.26686e-08,6.71337e-08,6.19805e-08,5.73329e-08,5.32984e-08,4.99044e-08,4.69566e-08,4.45758e-08
8.76168e-08,8.21838e-08,7.65954e-08,7.09855e-08,6.56034e-08,6.0512e-08,5.59791e-08,5.20777e-08,4.87186e-08,4.58437e-08,4.35343e-08
8.56215e-08,8.03008e-08,7.48272e-08,6.93469e-08,6.40803e-08,5.90932e-08,5.46578e-08,5.08521e-08,4.75639e-08,4.47453e-08,4.24937e-08
8.36865e-08,7.8463e-08,7.31158e-08,6.77805e-08,6.26066e-08,5.77271e-08,5.33989e-08,4.96642e-08,4.64541e-08,4.36919e-08,4.14827e-08
8.17491e-08,7.66465e-08,7.13985e-08,6.61615e-08,6.1137e-08,5.63693e-08,5.21281e-08,4.84873e-08,4.53274e-08,4.2622e-08,4.05072e-08
7.98574e-08,7.4859e-08,6.97474e-08,6.46496e-08,5.9743e-08,5.51683e-08,5.10063e-08,4.73821e-08,4.4321e-08,4.16348e-08,3.95107e-08
7.79518e-08,7.30518e-08,6.80504e-08,6.30304e-08,5.83035e-08,5.37421e-08,4.96871e-08,4.62254e-08,4.31892e-08,4.05776e-08,3.85095e-08
7.60559e-08,7.12801e-08,6.63845e-08,6.15113e-08,5.68463e-08,5.24037e-08,4.84493e-08,4.50528e-08,4.20887e-08,3.95569e-08,3.75406e-08
7.42053e-08,6.95373e-08,6.47559e-08,6.00032e-08,5.54549e-08,5.11162e-08,4.72476e-08,4.39338e-08,4.10418e-08,3.85609e-08,3.65834e-08
7.23838e-08,6.7821e-08,6.3155e-08,5.85139e-08,5.40699e-08,4.98558e-08,4.60805e-08,4.28315e-08,4.00121e-08,3.75787e-08,3.5648e-08
7.0584e-08,6.61248e-08,6.15597e-08,5.70427e-08,5.27124e-08,4.85988e-08,4.49094e-08,4.1745e-08,3.89834e-08,3.66076e-08,3.47193e-08
6.88057e-08,6.44537e-08,6.00126e-08,5.56125e-08,5.13678e-08,4.74004e-08,4.38142e-08,4.06911e-08,3.80071e-08,3.56735e-08,3.38151e-08
6.70382e-08,6.27927e-08,5.84602e-08,5.41723e-08,5.00634e-08,4.61513e-08,4.26428e-08,3.9625e-08,3.69946e-08,3.47219e-08,3.28995e-08
6.5329e-08,6.11845e-08,5.69626e-08,5.27879e-08,4.8788e-08,4.49704e-08,4.15518e-08,3.86066e-08,3.60357e-08,3.38135e-08,3.20303e-08
6.36308e-08,5.95908e-08,5.54756e-08,5.14217e-08,4.75287e-08,4.37995e-08,4.04744e-08,3.75975e-08,3.50838e-08,3.29146e-08,3.1155e-08
6.19542e-08,5.80124e-08,5.40118e-08,5.00594e-08,4.62711e-08,4.26529e-08,3.94051e-08,3.65986e-08,3.41447e-08,3.20049e-08,3.03013e-08
6.03231e-08,5.64806e-08,5.25862e-08,4.87435e-08,4.50579e-08,4.15347e-08,3.83626e-08,3.56282e-08,3.3232e-08,3.11442e-08,2.94604e-08
5.92271e-08,5.54393e-08,5.15737e-08,4.77453e-08,4.40615e-08,4.05175e-08,3.74175e-08,3.4797e-08,3.24756e-08,3.0498e-08,2.88843e-08
5.71257e-08,5.34802e-08,4.97974e-08,4.61659e-08,4.26787e-08,3.9344e-08,3.63331e-08,3.3731e-08,3.1442e-08,2.94394e-08,2.78251e-08
5.55889e-08,5.20373e-08,4.84564e-08,4.49306e-08,4.15426e-08,3.82903e-08,3.53536e-08,3.28231e-08,3.05891e-08,2.8634e-08,2.70395e-08
5.40693e-08,5.06107e-08,4.71316e-08,4.37091e-08,4.04355e-08,3.7251e-08,3.4387e-08,3.19261e-08,2.9745e-08,2.78262e-08,2.62665e-08
5.25878e-08,4.92217e-08,4.58423e-08,4.25141e-08,3.931e-08,3.62258e-08,3.3444e-08,3.10354e-08,2.89091e-08,2.7041e-08,2.55128e-08
5.11394e-08,4.78694e-08,4.45883e-08,4.13497e-08,3.82402e-08,3.52485e-08,3.25244e-08,3.01807e-08,2.81054e-08,2.62859e-08,2.47596e-08
4.97302e-08,4.65471e-08,4.33511e-08,4.0235e-08,3.71915e-08,3.42577e-08,3.16237e-08,2.93435e-08,2.73164e-08,2.55292e-08,2.40494e-08
4.83519e-08,4.52547e-08,4.21539e-08,3.91068e-08,3.6162e-08,3.33166e-08,3.07331e-08,2.85095e-08,2.65426e-08,2.4795e-08,2.33383e-08
4.70126e-08,4.39976e-08,4.09891e-08,3.80293e-08,3.51645e-08,3.23912e-08,2.9888e-08,2.77145e-08,2.57871e-08,2.40813e-08,2.26568e-08
4.56984e-08,4.27699e-08,3.98446e-08,3.69719e-08,3.41855e-08,3.14862e-08,2.90374e-08,2.69266e-08,2.50514e-08,2.33838e-08,2.19737e-08
4.44376e-08,4.1588e-08,3.87489e-08,3.59564e-08,3.32468e-08,3.06159e-08,2.82413e-08,2.61745e-08,2.4344e-08,2.27159e-08,2.13338e-08
4.32168e-08,4.04432e-08,3.76862e-08,3.49709e-08,3.2332e-08,2.97714e-08,2.74419e-08,2.54398e-08,2.36536e-08,2.20547e-08,2.06987e-08
4.20323e-08,3.93358e-08,3.66582e-08,3.40177e-08,3.14481e-08,2.89544e-08,2.66826e-08,2.47302e-08,2.29878e-08,2.14367e-08,2.00903e-08
4.08881e-08,3.82644e-08,3.56605e-08,3.30945e-08,3.05904e-08,2.815e-08,2.59328e-08,2.40382e-08,2.23411e-08,2.08374e-08,1.95014e-08
3.97571e-08,3.7203e-08,3.46741e-08,3.21769e-08,2.97372e-08,2.73575e-08,2.51985e-08,2.33503e-08,2.16975e-08,2.02028e-08,1.89144e-08
3.86842e-08,3.62022e-08,3.37376e-08,3.13271e-08,2.89331e-08,2.65995e-08,2.44992e-08,2.27023e-08,2.10908e-08,1.96438e-08,1.83618e-08
3.7643e-08,3.52249e-08,3.2833e-08,3.04642e-08,2.81411e-08,2.58713e-08,2.38151e-08,2.20598e-08,2.04914e-08,1.90817e-08,1.78226e-08
3.66485e-08,3.4296e-08,3.19662e-08,2.96577e-08,2.7389e-08,2.51711e-08,2.31624e-08,2.14517e-08,1.99225e-08,1.85493e-08,1.73088e-08
3.56973e-08,3.34034e-08,3.11362e-08,2.88838e-08,2.66658e-08,2.44998e-08,2.25407e-08,2.0868e-08,1.93779e-08,1.80385e-08,1.68166e-08
3.4784e-08,3.25472e-08,3.0337e-08,2.81373e-08,2.59691e-08,2.3844e-08,2.19256e-08,2.03008e-08,1.88482e-08,1.75383e-08,1.63409e-08
3.39017e-08,3.17216e-08,2.95673e-08,2.7419e-08,2.5295e-08,2.3216e-08,2.13406e-08,1.976e-08,1.83426e-08,1.70686e-08,1.58838e-08
3.30508e-08,3.09257e-08,2.88216e-08,2.6721e-08,2.46412e-08,2.26029e-08,2.07708e-08,1.92236e-08,1.78458e-08,1.66188e-08,1.54432e-08
3.22392e-08,3.01642e-08,2.81075e-08,2.60525e-08,2.40139e-08,2.2016e-08,2.0223e-08,1.87142e-08,1.73732e-08,1.61621e-08,1.50156e-08
3.14802e-08,2.94496e-08,2.74445e-08,2.54288e-08,2.34244e-08,2.14658e-08,1.97128e-08,1.82369e-08,1.69293e-08,1.57449e-08,1.46232e-08
3.07377e-08,2.87553e-08,2.67884e-08,2.48148e-08,2.28488e-08,2.0924e-08,1.92033e-08,1.77627e-08,1.64943e-08,1.53412e-08,1.42353e-08
3.00192e-08,2.80816e-08,2.61581e-08,2.42203e-08,2.2288e-08,2.03965e-08,1.87119e-08,1.73097e-08,1.60693e-08,1.49488e-08,1.38631e-08
2.93536e-08,2.74554e-08,2.55709e-08,2.36695e-08,2.17678e-08,1.9908e-08,1.82547e-08,1.68862e-08,1.56778e-08,1.45842e-08,1.35201e-08
2.87154e-08,2.68576e-08,2.50106e-08,2.31377e-08,2.12656e-08,1.94365e-08,1.78163e-08,1.64783e-08,1.52988e-08,1.42321e-08,1.31841e-08
2.80965e-08,2.62754e-08,2.44614e-08,2.26214e-08,2.07763e-08,1.89754e-08,1.73854e-08,1.60772e-08,1.49301e-08,1.38975e-08,1.28631e-08
2.75019e-08,2.57161e-08,2.39344e-08,2.21228e-08,2.0306e-08,1.85325e-08,1.69721e-08,1.56937e-08,1.45751e-08,1.35639e-08,1.25534e-08
2.69523e-08,2.51975e-08,2.34469e-08,2.1662e-08,1.9868e-08,1.81232e-08,1.65898e-08,1.53372e-08,1.42481e-08,1.32608e-08,1.22676e-08
2.64112e-08,2.46908e-08,2.29665e-08,2.12073e-08,1.94387e-08,1.77182e-08,1.62103e-08,1.4985e-08,1.39229e-08,1.29627e-08,1.19893e-08
2.58951e-08,2.42023e-08,2.25075e-08,2.07707e-08,1.90231e-08,1.73265e-08,1.58475e-08,1.46489e-08,1.36113e-08,1.26759e-08,1.1722e-08
2.54193e-08,2.37513e-08,2.20849e-08,2.03697e-08,1.86423e-08,1.69685e-08,1.55112e-08,1.43395e-08,1.3325e-08,1.24117e-08,1.14801e-08
2.49401e-08,2.33022e-08,2.1658e-08,1.99641e-08,1.82568e-08,1.6608e-08,1.51778e-08,1.40256e-08,1.30367e-08,1.21481e-08,1.12312e-08
2.44902e-08,2.28779e-08,2.12567e-08,1.95834e-08,1.78957e-08,1.62686e-08,1.48618e-08,1.37323e-08,1.27665e-08,1.18999e-08,1.10011e-08
2.40624e-08,2.24761e-08,2.0876e-08,1.92228e-08,1.75537e-08,1.59446e-08,1.4561e-08,1.34547e-08,1.25125e-08,1.16649e-08,1.07845e-08
2.36481e-08,2.20851e-08,2.05039e-08,1.88703e-08,1.72216e-08,1.56328e-08,1.42741e-08,1.31868e-08,1.22633e-08,1.14394e-08,1.0573e-08
2.32434e-08,2.1703e-08,2.01415e-08,1.8529e-08,1.69021e-08,1.5331e-08,1.39892e-08,1.29262e-08,1.2025e-08,1.12157e-08,1.03695e-08
2.28485e-08,2.13294e-08,1.97898e-08,1.81944e-08,1.65833e-08,1.50342e-08,1.37152e-08,1.267e-08,1.17876e-08,1.10003e-08,1.01716e-08
2.24663e-08,2.09688e-08,1.94496e-08,1.78706e-08,1.62777e-08,1.47499e-08,1.34505e-08,1.24254e-08,1.15624e-08,1.07934e-08,9.98069e-09
2.20983e-08,2.06212e-08,1.91206e-08,1.75602e-08,1.59854e-08,1.44757e-08,1.31965e-08,1.21888e-08,1.1345e-08,1.05911e-08,9.79672e-09
2.17442e-08,2.02864e-08,1.88054e-08,1.72614e-08,1.57046e-08,1.42156e-08,1.29547e-08,1.19661e-08,1.1137e-08,1.03988e-08,9.62142e-09
2.13933e-08,1.99542e-08,1.84911e-08,1.69664e-08,1.54278e-08,1.39563e-08,1.27159e-08,1.17429e-08,1.09329e-08,1.02111e-08,9.44925e-09
2.10448e-08,1.96268e-08,1.81826e-08,1.66753e-08,1.5154e-08,1.37024e-08,1.24808e-08,1.15259e-08,1.07315e-08,1.0027e-08,9.27754e-09
2.07102e-08,1.9309e-08,1.78846e-08,1.63935e-08,1.4891e-08,1.34587e-08,1.22555e-08,1.13169e-08,1.05385e-08,9.84373e-09,9.11252e-09
2.03757e-08,1.89957e-08,1.75866e-08,1.61156e-08,1.46339e-08,1.32195e-08,1.20348e-08,1.1112e-08,1.03485e-08,9.66838e-09,8.95006e-09
2.00468e-08,1.86853e-08,1.72952e-08,1.58417e-08,1.43784e-08,1.29834e-08,1.1817e-08,1.09104e-08,1.016e-08,9.49442e-09,8.79075e-09
1.97291e-08,1.83833e-08,1.70128e-08,1.55774e-08,1.41334e-08,1.27563e-08,1.16069e-08,1.07161e-08,9.98008e-09,9.32552e-09,8.63646e-09
1.94091e-08,1.80847e-08,1.67315e-08,1.53139e-08,1.38876e-08,1.25341e-08,1.14017e-08,1.05234e-08,9.79932e-09,9.16066e-09,8.48279e-09
1.90955e-08,1.77895e-08,1.64551e-08,1.50551e-08,1.3648e-08,1.23125e-08,1.11992e-08,1.0336e-08,9.62338e-09,8.99844e-09,8.33236e-09
1.8783e-08,1.74936e-08,1.61786e-08,1.47988e-08,1.34131e-08,1.20942e-08,1.09987e-08,1.01504e-08,9.45242e-09,8.8336e-09,8.18107e-09
1.84761e-08,1.72066e-08,1.59085e-08,1.45469e-08,1.31798e-08,1.18799e-08,1.08025e-08,9.96926e-09,9.28162e-09,8.67655e-09,8.03464e-09
1.81711e-08,1.69187e-08,1.56394e-08,1.42965e-08,1.29488e-08,1.16676e-08,1.06067e-08,9.78784e-09,9.11254e-09,8.51836e-09,7.88914e-09
1.78725e-08,1.66383e-08,1.5376e-08,1.40523e-08,1.27245e-08,1.14611e-08,1.04167e-08,9.61247e-09,8.94973e-09,8.36448e-09,7.74785e-09
1.7578e-08,1.63622e-08,1.51178e-08,1.38122e-08,1.25037e-08,1.12573e-08,1.02301e-08,9.43939e-09,8.78704e-09,8.21383e-09,7.60945e-09
1.72892e-08,1.60908e-08,1.48648e-08,1.3577e-08,1.22865e-08,1.10587e-08,1.00478e-08,9.27047e-09,8.62967e-09,8.06627e-09,7.47262e-09
1.69986e-08,1.58171e-08,1.46102e-08,1.33411e-08,1.20699e-08,1.08601e-08,9.86568e-09,9.1022e-09,8.47185e-09,7.91842e-09,7.33475e-09
1.67164e-08,1.55525e-08,1.43632e-08,1.31128e-08,1.18591e-08,1.06675e-08,9.68829e-09,8.93776e-09,8.3189e-09,7.77465e-09,7.20257e-09
1.6433e-08,1.52863e-08,1.41151e-08,1.28832e-08,1.16487e-08,1.04742e-08,9.51158e-09,8.77459e-09,8.16609e-09,7.63206e-09,7.06936e-09
1.61566e-08,1.50277e-08,1.38742e-08,1.26601e-08,1.14442e-08,1.02872e-08,9.33996e-09,8.61616e-09,8.01785e-09,7.49421e-09,6.94045e-09
1.5883e-08,1.47704e-08,1.36348e-08,1.24395e-08,1.12411e-08,1.0101e-08,9.16987e-09,8.45854e-09,7.87074e-09,7.35491e-09,6.81221e-09
1.56136e-08,1.4518e-08,1.34002e-08,1.22229e-08,1.10431e-08,9.91931e-09,9.00306e-09,8.30513e-09,7.72802e-09,7.22039e-09,6.68671e-09
1.53462e-08,1.42677e-08,1.31675e-08,1.20083e-08,1.08464e-08,9.73929e-09,8.83862e-09,8.15273e-09,7.58491e-09,7.08687e-09,6.56237e-09
1.50821e-08,1.40204e-08,1.2938e-08,1.17967e-08,1.06522e-08,9.56169e-09,8.67577e-09,8.00212e-09,7.44498e-09,6.95492e-09,6.43942e-09
1.48232e-08,1.37783e-08,1.27142e-08,1.15899e-08,1.04622e-08,9.38937e-09,8.51796e-09,7.85582e-09,7.30768e-09,6.82635e-09,6.31934e-09
1.45636e-08,1.35352e-08,1.24879e-08,1.13821e-08,1.02724e-08,9.21403e-09,8.35738e-09,7.70871e-09,7.17065e-09,6.69759e-09,6.19949e-09
1.43099e-08,1.3298e-08,1.2268e-08,1.11797e-08,1.00871e-08,9.04451e-09,8.20238e-09,7.56565e-09,7.03702e-09,6.57185e-09,6.08231e-09
1.40603e-08,1.30649e-08,1.20518e-08,1.09813e-08,9.90596e-09,8.87837e-09,8.05029e-09,7.42552e-09,6.90572e-09,6.44925e-09,5.96744e-09
1.38122e-08,1.28332e-08,1.18375e-08,1.07838e-08,9.72463e-09,8.71271e-09,7.89833e-09,7.28572e-09,6.77611e-09,6.32652e-09,5.85313e-09
1.357e-08,1.26069e-08,1.1628e-08,1.05919e-08,9.55008e-09,8.55271e-09,7.75204e-09,7.15122e-09,6.65153e-09,6.20809e-09,5.74183e-09
1.33281e-08,1.2381e-08,1.14192e-08,1.03999e-08,9.3731e-09,8.3908e-09,7.60391e-09,7.01453e-09,6.52318e-09,6.08863e-09,5.63054e-09
1.30921e-08,1.21605e-08,1.12152e-08,1.02128e-08,9.20251e-09,8.23425e-09,7.46022e-09,6.88267e-09,6.40054e-09,5.97296e-09,5.52238e-09
1.28579e-08,1.19424e-08,1.10137e-08,1.00277e-08,9.03267e-09,8.07908e-09,7.31861e-09,6.75225e-09,6.2788e-09,5.85847e-09,5.41521e-09
1.26273e-08,1.17274e-08,1.08149e-08,9.84543e-09,8.86595e-09,7.92634e-09,7.17863e-09,6.6234e-09,6.15899e-09,5.74582e-09,5.30962e-09
1.24009e-08,1.15164e-08,1.06201e-08,9.66749e-09,8.70313e-09,7.77679e-09,7.04181e-09,6.49801e-09,6.04284e-09,5.63584e-09,5.20652e-09
1.21775e-08,1.13081e-08,1.04276e-08,9.49085e-09,8.5413e-09,7.62874e-09,6.90598e-09,6.37311e-09,5.92635e-09,5.52678e-09,5.10388e-09
1.1957e-08,1.11024e-08,1.02381e-08,9.31668e-09,8.38206e-09,7.48294e-09,6.77256e-09,6.25031e-09,5.8123e-09,5.41927e-09,5.00322e-09
1.17411e-08,1.09013e-08,1.00526e-08,9.14737e-09,8.22722e-09,7.34108e-09,6.64234e-09,6.13144e-09,5.70142e-09,5.31494e-09,4.90512e-09
1.15272e-08,1.07022e-08,9.86877e-09,8.97881e-09,8.07233e-09,7.19886e-09,6.51201e-09,6.01159e-09,5.59056e-09,5.2106e-09,4.80761e-09
1.13182e-08,1.05079e-08,9.68945e-09,8.8152e-09,7.92272e-09,7.06101e-09,6.38591e-09,5.89635e-09,5.48473e-09,5.10944e-09,4.71285e-09
1.11125e-08,1.0316e-08,9.51291e-09,8.65314e-09,7.77382e-09,6.92525e-09,6.26116e-09,5.78126e-09,5.37696e-09,5.00954e-09,4.61858e-09
1.09097e-08,1.01273e-08,9.33863e-09,8.49354e-09,7.62816e-09,6.79116e-09,6.13832e-09,5.66889e-09,5.27279e-09,4.9114e-09,4.52667e-09
1.07105e-08,9.94188e-09,9.16718e-09,8.33541e-09,7.48069e-09,6.65515e-09,6.01267e-09,5.55439e-09,5.16664e-09,4.81421e-09,4.43607e-09
1.05163e-08,9.76097e-09,9.001e-09,8.18473e-09,7.34509e-09,6.53112e-09,5.89989e-09,5.45059e-09,5.07074e-09,4.72072e-09,4.34749e-09
1.03237e-08,9.58239e-09,8.83532e-09,8.03207e-09,7.20313e-09,6.39924e-09,5.77818e-09,5.34032e-09,4.97027e-09,4.62704e-09,4.26043e-09
1.01358e-08,9.40743e-09,8.67489e-09,7.88695e-09,7.07162e-09,6.27996e-09,5.66913e-09,5.23972e-09,4.87544e-09,4.53686e-09,4.17506e-09
9.95119e-09,9.23558e-09,8.51577e-09,7.7395e-09,6.93398e-09,6.15246e-09,5.55158e-09,5.13272e-09,4.77565e-09,4.44658e-09,4.09114e-09
9.77011e-09,9.06752e-09,8.36132e-09,7.59994e-09,6.80889e-09,6.03851e-09,5.447e-09,5.03639e-09,4.68795e-09,4.35985e-09,4.009e-09
9.59313e-09,8.90259e-09,8.20942e-09,7.46079e-09,6.681e-09,5.92037e-09,5.33866e-09,4.9376e-09,4.59686e-09,4.27422e-09,3.92807e-09
9.41972e-09,8.74181e-09,8.06103e-09,7.32607e-09,6.55758e-09,5.80581e-09,5.23389e-09,4.84278e-09,4.5117e-09,4.19063e-09,3.85035e-09
9.24968e-09,8.58309e-09,7.91481e-09,7.19125e-09,6.43349e-09,5.69243e-09,5.12922e-09,4.74605e-09,4.42062e-09,4.108e-09,3.7725e-09
9.08323e-09,8.42836e-09,7.7718e-09,7.06107e-09,6.31413e-09,5.58263e-09,5.02876e-09,4.65487e-09,4.33538e-09,4.02778e-09,3.69707e-09
8.92086e-09,8.27761e-09,7.63258e-09,6.93296e-09,6.19624e-09,5.47417e-09,4.92818e-09,4.56267e-09,4.25185e-09,3.94903e-09,3.62332e-09
8.76243e-09,8.12969e-09,7.49603e-09,6.80833e-09,6.08156e-09,5.36826e-09,4.83107e-09,4.47378e-09,4.17021e-09,3.87203e-09,3.55114e-09
8.60666e-09,7.98535e-09,7.36284e-09,6.68802e-09,5.97137e-09,5.26499e-09,4.73657e-09,4.38876e-09,4.09504e-09,3.79736e-09,3.48107e-09
8.45464e-09,7.84379e-09,7.23156e-09,6.56675e-09,5.85946e-09,5.16307e-09,4.64199e-09,4.30132e-09,4.01215e-09,3.72341e-09,3.41152e-09
8.30689e-09,7.70598e-09,7.10452e-09,6.45042e-09,5.75293e-09,5.06493e-09,4.5525e-09,4.22053e-09,3.93622e-09,3.65149e-09,3.34424e-09
8.16192e-09,7.57104e-09,6.97971e-09,6.33621e-09,5.6479e-09,4.96841e-09,4.4619e-09,4.13749e-09,3.86153e-09,3.58131e-09,3.27853e-09
8.02148e-09,7.4402e-09,6.85851e-09,6.22532e-09,5.54518e-09,4.87306e-09,4.37446e-09,4.05793e-09,3.78891e-09,3.51295e-09,3.21446e-09
7.88394e-09,7.31237e-09,6.7403e-09,6.11845e-09,5.44831e-09,4.78173e-09,4.29159e-09,3.98323e-09,3.72394e-09,3.44684e-09,3.15223e-09
7.75069e-09,7.18799e-09,6.62523e-09,6.0104e-09,5.34831e-09,4.69161e-09,4.20765e-09,3.90586e-09,3.64904e-09,3.38114e-09,3.0909e-09
7.61887e-09,7.06518e-09,6.5111e-09,5.907e-09,5.25237e-09,4.60253e-09,4.12508e-09,3.83041e-09,3.58101e-09,3.31745e-09,3.0317e-09
7.49279e-09,6.94767e-09,6.40255e-09,5.80811e-09,5.1637e-09,4.52287e-09,4.05107e-09,3.76138e-09,3.51709e-09,3.25643e-09,2.97425e-09
7.36882e-09,6.83143e-09,6.2947e-09,5.70877e-09,5.06962e-09,4.43384e-09,3.96948e-09,3.68832e-09,3.45158e-09,3.19603e-09,2.918e-09
7.24815e-09,6.72023e-09,6.19096e-09,5.61512e-09,4.98472e-09,4.35304e-09,3.89622e-09,3.62378e-09,3.39662e-09,3.13751e-09,2.86304e-09
7.13127e-09,6.60992e-09,6.08854e-09,5.51973e-09,4.89598e-09,4.27292e-09,3.82104e-09,3.55344e-09,3.32828e-09,3.08004e-09,2.80989e-09
7.01791e-09,6.50475e-09,5.99073e-09,5.43044e-09,4.8131e-09,4.19665e-09,3.75029e-09,3.48949e-09,3.26978e-09,3.02492e-09,2.75832e-09
6.90785e-09,6.4013e-09,5.89491e-09,5.3428e-09,4.73573e-09,4.12916e-09,3.68667e-09,3.4285e-09,3.21415e-09,2.97133e-09,2.70878e-09
6.79971e-09,6.30018e-09,5.80061e-09,5.25446e-09,4.65214e-09,4.04835e-09,3.61397e-09,3.36457e-09,3.15633e-09,2.91797e-09,2.65899e-09
6.69466e-09,6.20134e-09,5.70686e-09,5.16653e-09,4.564e-09,3.96171e-09,3.53305e-09,3.29383e-09,3.09622e-09,2.86527e-09,2.61142e-09
6.59347e-09,6.10723e-09,5.62093e-09,5.09114e-09,4.50178e-09,3.90998e-09,3.48791e-09,3.25076e-09,3.04959e-09,2.818e-09,2.56612e-09
6.49401e-09,6.01346e-09,5.53122e-09,5.0033e-09,4.41174e-09,3.82423e-09,3.40443e-09,3.1744e-09,2.98227e-09,2.76673e-09,2.52072e-09
6.3997e-09,5.9261e-09,5.45188e-09,4.93624e-09,4.36175e-09,3.78384e-09,3.36854e-09,3.13802e-09,2.94975e-09,2.7237e-09,2.47778e-09
6.30646e-09,5.83829e-09,5.36974e-09,4.86004e-09,4.28837e-09,3.71409e-09,3.30527e-09,3.08299e-09,2.90003e-09,2.67768e-09,2.43619e-09
6.21652e-09,5.75457e-09,5.29138e-09,4.7904e-09,4.22645e-09,3.65365e-09,3.25179e-09,3.03613e-09,2.8633e-09,2.63467e-09,2.39588e-09
6.12874e-09,5.67174e-09,5.21409e-09,4.71817e-09,4.15889e-09,3.59476e-09,3.19779e-09,2.98569e-09,2.80819e-09,2.59168e-09,2.35607e-09
6.04347e-09,5.59188e-09,5.13912e-09,4.64764e-09,4.09409e-09,3.53493e-09,3.14076e-09,2.93195e-09,2.76345e-09,2.54974e-09,2.31779e-09
5.96092e-09,5.51445e-09,5.06764e-09,4.58336e-09,4.03915e-09,3.48931e-09,3.09574e-09,2.88848e-09,2.72263e-09,2.50999e-09,2.2811e-09
5.88094e-09,5.43889e-09,4.99646e-09,4.51721e-09,3.97374e-09,3.42558e-09,3.0399e-09,2.84019e-09,2.67926e-09,2.47055e-09,2.24484e-09
5.80334e-09,5.36708e-09,4.92889e-09,4.45825e-09,3.92202e-09,3.37518e-09,2.99674e-09,2.803e-09,2.65073e-09,2.43414e-09,2.21032e-09
5.72648e-09,5.29402e-09,4.86062e-09,4.39239e-09,3.86017e-09,3.32132e-09,2.94428e-09,2.7525e-09,2.59922e-09,2.39596e-09,2.17593e-09
5.65298e-09,5.22537e-09,4.79577e-09,4.33333e-09,3.8065e-09,3.27266e-09,2.89955e-09,2.71139e-09,2.56168e-09,2.36049e-09,2.14333e-09
5.58194e-09,5.15837e-09,4.73387e-09,4.27704e-09,3.7591e-09,3.23298e-09,2.86137e-09,2.67296e-09,2.52683e-09,2.32689e-09,2.11174e-09
5.512e-09,5.09266e-09,4.6717e-09,4.21903e-09,3.70246e-09,3.17791e-09,2.813e-09,2.63172e-09,2.48891e-09,2.29228e-09,2.08092e-09
5.44468e-09,5.03055e-09,4.61354e-09,4.1695e-09,3.66045e-09,3.1382e-09,2.78109e-09,2.60194e-09,2.46913e-09,2.26189e-09,2.05085e-09
5.37804e-09,4.96681e-09,4.55405e-09,4.11232e-09,3.60605e-09,3.09219e-09,2.73526e-09,2.55823e-09,2.42218e-09,2.22895e-09,2.02249e-09
5.31301e-09,4.90576e-09,4.49673e-09,4.05963e-09,3.55875e-09,3.04912e-09,2.69644e-09,2.52211e-09,2.38928e-09,2.19774e-09,1.99378e-09
5.25072e-09,4.84725e-09,4.44227e-09,4.01057e-09,3.51898e-09,3.01743e-09,2.66547e-09,2.49003e-09,2.3598e-09,2.16871e-09,1.96686e-09
5.18899e-09,4.78846e-09,4.38704e-09,3.95883e-09,3.46688e-09,2.96538e-09,2.61901e-09,2.45318e-09,2.32462e-09,2.13848e-09,1.93957e-09
5.12952e-09,4.73335e-09,4.33585e-09,3.91654e-09,3.43211e-09,2.93109e-09,2.59287e-09,2.4333e-09,2.30931e-09,2.11252e-09,1.9143e-09
5.07017e-09,4.67712e-09,4.28267e-09,3.86337e-09,3.38117e-09,2.88862e-09,2.5495e-09,2.38864e-09,2.26531e-09,2.08264e-09,1.88802e-09
5.01262e-09,4.62299e-09,4.23226e-09,3.81759e-09,3.33959e-09,2.8521e-09,2.51616e-09,2.35803e-09,2.23659e-09,2.05586e-09,1.86381e-09
4.95605e-09,4.57021e-09,4.18278e-09,3.77225e-09,3.2989e-09,2.81624e-09,2.48304e-09,2.32775e-09,2.20873e-09,2.02995e-09,1.84062e-09
4.90096e-09,4.51847e-09,4.13451e-09,3.7285e-09,3.2598e-09,2.7816e-09,2.45192e-09,2.29856e-09,2.18147e-09,2.00426e-09,1.81612e-09
4.84793e-09,4.4691e-09,4.08882e-09,3.69015e-09,3.2277e-09,2.74976e-09,2.4259e-09,2.2774e-09,2.16971e-09,1.98082e-09,1.79392e-09
4.7938e-09,4.41785e-09,4.04055e-09,3.64317e-09,3.18358e-09,2.71433e-09,2.39116e-09,2.24203e-09,2.12869e-09,1.95474e-09,1.77081e-09
4.74293e-09,4.36839e-09,3.99238e-09,3.59121e-09,3.12452e-09,2.65741e-09,2.33573e-09,2.19353e-09,2.08036e-09,1.92757e-09,1.74777e-09
4.69165e-09,4.32213e-09,3.95162e-09,3.56251e-09,3.11218e-09,2.65159e-09,2.33552e-09,2.18931e-09,2.07892e-09,1.90848e-09,1.72791e-09
4.63999e-09,4.27344e-09,3.90672e-09,3.52151e-09,3.07564e-09,2.61953e-09,2.30586e-09,2.16263e-09,2.05429e-09,1.8849e-09,1.70635e-09
4.59158e-09,4.22846e-09,3.86511e-09,3.4871e-09,3.04779e-09,2.59128e-09,2.28352e-09,2.14471e-09,2.04572e-09,1.86382e-09,1.6863e-09
4.5426e-09,4.18236e-09,3.82254e-09,3.44552e-09,3.00981e-09,2.56385e-09,2.25459e-09,2.11485e-09,2.00824e-09,1.84093e-09,1.66578e-09
4.49536e-09,4.13751e-09,3.78089e-09,3.40754e-09,2.97496e-09,2.53168e-09,2.22726e-09,2.08917e-09,1.98473e-09,1.81909e-09,1.64583e-09
4.44668e-09,4.09214e-09,3.73929e-09,3.36996e-09,2.94194e-09,2.50275e-09,2.20124e-09,2.0651e-09,1.96204e-09,1.79814e-09,1.6261e-09
4.40114e-09,4.05015e-09,3.69912e-09,3.33517e-09,2.91139e-09,2.47619e-09,2.17765e-09,2.04283e-09,1.94065e-09,1.77789e-09,1.60814e-09
4.35461e-09,4.00682e-09,3.66063e-09,3.30244e-09,2.88519e-09,2.44958e-09,2.15662e-09,2.02657e-09,1.9336e-09,1.75818e-09,1.58907e-09
4.30774e-09,3.9624e-09,3.61921e-09,3.26159e-09,2.84689e-09,2.42016e-09,2.12756e-09,1.99611e-09,1.89664e-09,1.73656e-09,1.56966e-09
4.26286e-09,3.92059e-09,3.58059e-09,3.22696e-09,2.81627e-09,2.39349e-09,2.10397e-09,1.97414e-09,1.8756e-09,1.71699e-09,1.55138e-09
4.21825e-09,3.8788e-09,3.54238e-09,3.19239e-09,2.78602e-09,2.36757e-09,2.08103e-09,1.95252e-09,1.85466e-09,1.69739e-09,1.53413e-09
4.17383e-09,3.83737e-09,3.50462e-09,3.15837e-09,2.75587e-09,2.34146e-09,2.0574e-09,1.93029e-09,1.83402e-09,1.6777e-09,1.51509e-09
4.13171e-09,3.79869e-09,3.46927e-09,3.12981e-09,2.73352e-09,2.3188e-09,2.03999e-09,1.91704e-09,1.82965e-09,1.66033e-09,1.49876e-09
