0.000371127,0.000370482,0.000353576,0.000342187,0.000330865,0.000327255,0.000308517,0.000298496,0.000277586,0.0002613,0.000241011
0.00034733,0.000347607,0.000330936,0.000319563,0.000313172,0.00030916,0.000286558,0.000278293,0.000257891,0.000244428,0.000226596
0.000330122,0.000325233,0.000314117,0.000302263,0.000294604,0.000288455,0.000269044,0.000262517,0.000244751,0.000228404,0.000211153
0.000310108,0.000307952,0.000297188,0.000283783,0.000278559,0.000272395,0.000250647,0.00024645,0.000228992,0.000215161,0.00019794
0.000293765,0.000291197,0.000281597,0.00026909,0.000264026,0.000256967,0.00023631,0.00023321,0.000216544,0.000203012,0.000186921
0.000279214,0.000277,0.000266166,0.000256112,0.000251382,0.000243787,0.000223887,0.000220737,0.000204715,0.000192456,0.000177418
0.000265798,0.000262474,0.000253831,0.000243993,0.00023872,0.000230664,0.000212173,0.000209891,0.000195201,0.000181678,0.000168086
0.000254572,0.000249853,0.000242072,0.000233469,0.000227087,0.000219246,0.000202568,0.0001998,0.000186381,0.000172399,0.000159986
0.00024283,0.000238581,0.00023035,0.000223131,0.000217515,0.000209127,0.000192959,0.000190112,0.000177656,0.000163643,0.000152572
0.000233025,0.00022775,0.000220095,0.000214093,0.00020896,0.000200128,0.000184666,0.000180876,0.000170332,0.000155188,0.000145635
0.000223022,0.00021883,0.00021104,0.000205572,0.000199478,0.000191294,0.000177714,0.000173081,0.000162302,0.000148118,0.000139118
0.000215489,0.000210199,0.000201666,0.000196754,0.000190192,0.000183618,0.000169405,0.000166254,0.00015647,0.000143231,0.000133565
0.000205553,0.000200707,0.000194168,0.000190219,0.000183703,0.000176199,0.000163365,0.000159195,0.000150381,0.000135661,0.00012905
0.000197933,0.000193964,0.000186309,0.000182939,0.000176548,0.000169273,0.000157639,0.000151904,0.000144236,0.000129904,0.000123168
0.000190698,0.000186853,0.000179828,0.000176025,0.000169333,0.000162728,0.000151458,0.000146257,0.000138786,0.000125425,0.000119058
0.000183595,0.000180367,0.000173686,0.000169646,0.000162654,0.000156709,0.000145536,0.000140405,0.000133398,0.000120732,0.000114979
0.000176865,0.000174687,0.000167433,0.00016383,0.000156903,0.000151921,0.000140763,0.000135335,0.000128444,0.000116636,0.000110427
0.000170064,0.000168234,0.00016182,0.000158427,0.000150952,0.0001461,0.000135367,0.000129911,0.000123767,0.000112284,0.000106781
0.000164037,0.000163106,0.000157004,0.000153175,0.000146022,0.00014002,0.000130939,0.000126297,0.00011949,0.000108754,0.000103386
0.000158114,0.000157404,0.000152461,0.000147361,0.000140497,0.000134392,0.000126304,0.000121656,0.00011513,0.000104288,9.97851e-05
0.000152419,0.00015234,0.000146932,0.000142864,0.000135862,0.000130337,0.000122121,0.000117742,0.000110958,0.000101419,9.65084e-05
0.000146815,0.000146512,0.000141497,0.000137256,0.000130991,0.000125886,0.000118139,0.000112839,0.000106732,9.73811e-05,9.30132e-05
0.000141987,0.000141557,0.000136821,0.000133437,0.000126868,0.000122078,0.000114195,0.000110132,0.000103209,9.45472e-05,9.04585e-05
0.000136963,0.00013771,0.000132807,0.000127662,0.000121998,0.000117885,0.000110208,0.000105225,9.95429e-05,9.12759e-05,8.68601e-05
0.000132428,0.00013257,0.000128279,0.000124086,0.000118322,0.000113116,0.000106793,0.000102925,9.6454e-05,8.8464e-05,8.44757e-05
0.00012764,0.000128381,0.000124459,0.00011964,0.000114064,0.000109429,0.000103271,9.91446e-05,9.28862e-05,8.50624e-05,8.12187e-05
0.000123405,0.00012419,0.000120606,0.000115627,0.000110317,0.000105829,0.000100084,9.60823e-05,8.99172e-05,8.25768e-05,7.8659e-05
0.000119387,0.000120432,0.000117283,0.000111586,0.000106711,0.000101817,9.71033e-05,9.26221e-05,8.68991e-05,7.94271e-05,7.5988e-05
0.000115265,0.000116238,0.000113204,0.000107976,0.000103529,9.87e-05,9.3674e-05,8.98139e-05,8.39388e-05,7.72002e-05,7.34775e-05
0.000111003,0.000112662,0.000109583,0.000104007,9.95083e-05,9.5919e-05,9.08775e-05,8.69859e-05,8.14991e-05,7.45174e-05,7.10303e-05
0.000107851,0.000108605,0.000105943,0.000100497,9.6791e-05,9.22935e-05,8.79783e-05,8.40207e-05,7.85478e-05,7.21075e-05,6.87614e-05
0.000103986,0.000104809,0.000103225,9.69552e-05,9.36177e-05,8.9239e-05,8.50204e-05,8.12307e-05,7.65162e-05,6.94272e-05,6.65683e-05
0.000100526,0.000101418,9.96069e-05,9.35769e-05,9.04287e-05,8.62607e-05,8.23518e-05,7.84183e-05,7.39078e-05,6.71696e-05,6.41751e-05
9.71512e-05,9.80436e-05,9.64715e-05,9.01919e-05,8.74552e-05,8.32514e-05,7.97337e-05,7.55826e-05,7.13635e-05,6.50065e-05,6.20807e-05
9.41233e-05,9.49036e-05,9.32516e-05,8.72307e-05,8.454e-05,8.08732e-05,7.73295e-05,7.30811e-05,6.89938e-05,6.26201e-05,5.99681e-05
9.07963e-05,9.16288e-05,9.0541e-05,8.41474e-05,8.18397e-05,7.78468e-05,7.46801e-05,7.08908e-05,6.71231e-05,6.03408e-05,5.78439e-05
8.77497e-05,8.86915e-05,8.71588e-05,8.1254e-05,7.89805e-05,7.52223e-05,7.20222e-05,6.81812e-05,6.48184e-05,5.85573e-05,5.58432e-05
8.46817e-05,8.55003e-05,8.42437e-05,7.83485e-05,7.61429e-05,7.25837e-05,6.95069e-05,6.57886e-05,6.26486e-05,5.63635e-05,5.39035e-05
8.22852e-05,8.27512e-05,8.11447e-05,7.55528e-05,7.36294e-05,7.06727e-05,6.73166e-05,6.35266e-05,6.04707e-05,5.44572e-05,5.21455e-05
7.97552e-05,7.94789e-05,7.87638e-05,7.28214e-05,7.14199e-05,6.80242e-05,6.46538e-05,6.16534e-05,5.9106e-05,5.26885e-05,5.03083e-05
7.65315e-05,7.68568e-05,7.60573e-05,7.02006e-05,6.87806e-05,6.52592e-05,6.25645e-05,5.91959e-05,5.65439e-05,5.08494e-05,4.85529e-05
7.39909e-05,7.41639e-05,7.32216e-05,6.77279e-05,6.62016e-05,6.32294e-05,6.0432e-05,5.72389e-05,5.46251e-05,4.89805e-05,4.67957e-05
7.14585e-05,7.18205e-05,7.16578e-05,6.57537e-05,6.43044e-05,6.10745e-05,5.84112e-05,5.53499e-05,5.29248e-05,4.76056e-05,4.54129e-05
6.86671e-05,6.88747e-05,6.81675e-05,6.28782e-05,6.1615e-05,5.86734e-05,5.59968e-05,5.30822e-05,5.07485e-05,4.55823e-05,4.34569e-05
6.66554e-05,6.67156e-05,6.64212e-05,6.08868e-05,5.96449e-05,5.69344e-05,5.42628e-05,5.14871e-05,4.91257e-05,4.42478e-05,4.22784e-05
6.38016e-05,6.385e-05,6.32821e-05,5.81672e-05,5.71656e-05,5.4739e-05,5.19766e-05,4.92407e-05,4.70779e-05,4.23039e-05,4.02478e-05
6.1643e-05,6.17398e-05,6.17083e-05,5.66757e-05,5.54125e-05,5.30956e-05,5.0435e-05,4.78732e-05,4.56178e-05,4.11728e-05,3.91264e-05
5.92989e-05,5.91409e-05,5.87701e-05,5.38316e-05,5.31405e-05,5.0756e-05,4.80413e-05,4.57925e-05,4.34036e-05,3.9316e-05,3.74512e-05
5.71216e-05,5.65911e-05,5.68496e-05,5.18745e-05,5.11852e-05,4.89412e-05,4.63097e-05,4.38465e-05,4.21842e-05,3.79554e-05,3.59025e-05
5.49253e-05,5.4456e-05,5.4548e-05,5.00675e-05,4.9198e-05,4.7039e-05,4.46997e-05,4.22839e-05,4.05277e-05,3.65414e-05,3.46691e-05
5.28912e-05,5.22569e-05,5.24281e-05,4.80518e-05,4.74037e-05,4.53287e-05,4.28959e-05,4.0539e-05,3.90689e-05,3.52075e-05,3.32635e-05
5.12512e-05,5.07611e-05,5.00935e-05,4.63406e-05,4.55434e-05,4.36454e-05,4.15134e-05,3.94353e-05,3.76736e-05,3.39505e-05,3.21875e-05
4.90683e-05,4.87079e-05,4.82614e-05,4.44956e-05,4.39161e-05,4.18353e-05,3.96381e-05,3.78016e-05,3.60487e-05,3.27018e-05,3.10147e-05
4.73445e-05,4.6561e-05,4.65457e-05,4.27892e-05,4.22536e-05,4.02079e-05,3.82468e-05,3.63503e-05,3.46963e-05,3.155e-05,2.99984e-05
4.53987e-05,4.48844e-05,4.45848e-05,4.11226e-05,4.06106e-05,3.87152e-05,3.67866e-05,3.49315e-05,3.34203e-05,3.03632e-05,2.87957e-05
4.37872e-05,4.31737e-05,4.2659e-05,3.96288e-05,3.90172e-05,3.71354e-05,3.53552e-05,3.36424e-05,3.22374e-05,2.92801e-05,2.77832e-05
4.21284e-05,4.1526e-05,4.11653e-05,3.81049e-05,3.75887e-05,3.58464e-05,3.41267e-05,3.25151e-05,3.1087e-05,2.82368e-05,2.67114e-05
4.06417e-05,3.97344e-05,3.96604e-05,3.66718e-05,3.62091e-05,3.43868e-05,3.28029e-05,3.12838e-05,2.99304e-05,2.72614e-05,2.5881e-05
3.9036e-05,3.82342e-05,3.80778e-05,3.53069e-05,3.48409e-05,3.31044e-05,3.16284e-05,3.01483e-05,2.88434e-05,2.63469e-05,2.48958e-05
3.76946e-05,3.66956e-05,3.66589e-05,3.40417e-05,3.35776e-05,3.18884e-05,3.05139e-05,2.90817e-05,2.77907e-05,2.54009e-05,2.40216e-05
3.62435e-05,3.55733e-05,3.50547e-05,3.28796e-05,3.23351e-05,3.06746e-05,2.94404e-05,2.81223e-05,2.68508e-05,2.45372e-05,2.32001e-05
3.4972e-05,3.40794e-05,3.38888e-05,3.15582e-05,3.11745e-05,2.95506e-05,2.8298e-05,2.71525e-05,2.59924e-05,2.3785e-05,2.24651e-05
3.36801e-05,3.27611e-05,3.25898e-05,3.0481e-05,3.00716e-05,2.84849e-05,2.73967e-05,2.61686e-05,2.50748e-05,2.2992e-05,2.16333e-05
3.25966e-05,3.15605e-05,3.12926e-05,2.94307e-05,2.89832e-05,2.74582e-05,2.64696e-05,2.52302e-05,2.42619e-05,2.22184e-05,2.09185e-05
3.13703e-05,3.04659e-05,3.0257e-05,2.8456e-05,2.80378e-05,2.64698e-05,2.56251e-05,2.44753e-05,2.3475e-05,2.15289e-05,2.01721e-05
3.03931e-05,2.95399e-05,2.94277e-05,2.77046e-05,2.72114e-05,2.57803e-05,2.49103e-05,2.38347e-05,2.28707e-05,2.10283e-05,1.97249e-05
2.92869e-05,2.83262e-05,2.82299e-05,2.64965e-05,2.6184e-05,2.47843e-05,2.39253e-05,2.30064e-05,2.20424e-05,2.02546e-05,1.89248e-05
2.83271e-05,2.72856e-05,2.71266e-05,2.57422e-05,2.5314e-05,2.39308e-05,2.32742e-05,2.22435e-05,2.13185e-05,1.96445e-05,1.83199e-05
2.74777e-05,2.6417e-05,2.6149e-05,2.4977e-05,2.45353e-05,2.31614e-05,2.25895e-05,2.16235e-05,2.06671e-05,1.90779e-05,1.77538e-05
2.64733e-05,2.55781e-05,2.53053e-05,2.41432e-05,2.37588e-05,2.24429e-05,2.18764e-05,2.09104e-05,2.00619e-05,1.85112e-05,1.72363e-05
2.55752e-05,2.47845e-05,2.4395e-05,2.33318e-05,2.30074e-05,2.17175e-05,2.12076e-05,2.02829e-05,1.94894e-05,1.79427e-05,1.67157e-05
2.4834e-05,2.39908e-05,2.36621e-05,2.26605e-05,2.23221e-05,2.11157e-05,2.0552e-05,1.9698e-05,1.89023e-05,1.74662e-05,1.61869e-05
2.4103e-05,2.31994e-05,2.29314e-05,2.19797e-05,2.15545e-05,2.04013e-05,1.9969e-05,1.91728e-05,1.84138e-05,1.70428e-05,1.57474e-05
2.33027e-05,2.25533e-05,2.22344e-05,2.13909e-05,2.10663e-05,1.98253e-05,1.94652e-05,1.8649e-05,1.78779e-05,1.6537e-05,1.52867e-05
2.26277e-05,2.18802e-05,2.15178e-05,2.06723e-05,2.0347e-05,1.92978e-05,1.89376e-05,1.81534e-05,1.74309e-05,1.60467e-05,1.47913e-05
2.2023e-05,2.11777e-05,2.08591e-05,2.02066e-05,1.97666e-05,1.88067e-05,1.83319e-05,1.76136e-05,1.68982e-05,1.56487e-05,1.44161e-05
2.13156e-05,2.06158e-05,2.02734e-05,1.96079e-05,1.92338e-05,1.81391e-05,1.78845e-05,1.7201e-05,1.64812e-05,1.5244e-05,1.40193e-05
2.07367e-05,2.00386e-05,1.96501e-05,1.9034e-05,1.87207e-05,1.77626e-05,1.73911e-05,1.672e-05,1.59931e-05,1.4845e-05,1.3621e-05
2.01812e-05,1.94717e-05,1.91058e-05,1.84826e-05,1.81863e-05,1.72427e-05,1.69342e-05,1.63182e-05,1.5587e-05,1.44597e-05,1.32339e-05
1.95954e-05,1.89409e-05,1.85299e-05,1.80213e-05,1.76532e-05,1.6797e-05,1.64842e-05,1.58304e-05,1.51141e-05,1.40488e-05,1.28302e-05
1.90349e-05,1.84082e-05,1.80408e-05,1.7524e-05,1.71997e-05,1.63162e-05,1.60293e-05,1.5452e-05,1.47956e-05,1.37111e-05,1.25537e-05
1.85169e-05,1.79392e-05,1.75117e-05,1.70656e-05,1.67221e-05,1.59209e-05,1.56063e-05,1.50133e-05,1.43159e-05,1.3322e-05,1.21318e-05
1.80239e-05,1.74531e-05,1.71186e-05,1.65503e-05,1.62574e-05,1.55411e-05,1.52186e-05,1.46544e-05,1.40297e-05,1.30152e-05,1.18718e-05
1.75111e-05,1.69914e-05,1.65611e-05,1.62099e-05,1.57814e-05,1.5141e-05,1.48714e-05,1.42729e-05,1.35993e-05,1.2635e-05,1.14637e-05
1.70556e-05,1.65136e-05,1.61836e-05,1.57017e-05,1.5397e-05,1.46745e-05,1.44405e-05,1.39422e-05,1.32867e-05,1.23701e-05,1.12561e-05
1.65859e-05,1.61151e-05,1.56882e-05,1.52934e-05,1.49782e-05,1.43722e-05,1.40628e-05,1.35423e-05,1.28805e-05,1.19749e-05,1.08294e-05
1.61456e-05,1.5666e-05,1.52826e-05,1.49029e-05,1.45815e-05,1.39065e-05,1.37067e-05,1.32026e-05,1.26399e-05,1.17023e-05,1.05714e-05
1.56865e-05,1.52586e-05,1.48457e-05,1.45576e-05,1.41939e-05,1.36176e-05,1.33442e-05,1.28811e-05,1.22164e-05,1.13664e-05,1.02747e-05
1.52785e-05,1.4864e-05,1.44539e-05,1.41618e-05,1.38284e-05,1.32645e-05,1.29575e-05,1.24798e-05,1.19389e-05,1.11217e-05,1.00311e-05
1.48316e-05,1.44895e-05,1.40537e-05,1.3833e-05,1.35206e-05,1.29902e-05,1.26915e-05,1.22286e-05,1.15691e-05,1.07429e-05,9.68048e-06
1.44363e-05,1.40698e-05,1.37575e-05,1.34306e-05,1.3125e-05,1.25852e-05,1.22979e-05,1.19279e-05,1.13434e-05,1.05547e-05,9.47018e-06
1.40738e-05,1.37279e-05,1.33348e-05,1.30702e-05,1.27431e-05,1.22778e-05,1.20032e-05,1.15751e-05,1.09572e-05,1.02245e-05,9.18617e-06
1.36883e-05,1.33544e-05,1.29528e-05,1.27096e-05,1.23692e-05,1.19609e-05,1.16619e-05,1.13018e-05,1.07405e-05,9.94676e-06,8.94042e-06
1.33697e-05,1.30038e-05,1.26665e-05,1.23906e-05,1.20857e-05,1.16579e-05,1.13708e-05,1.10077e-05,1.0433e-05,9.70402e-06,8.70201e-06
1.29487e-05,1.2709e-05,1.23261e-05,1.20543e-05,1.17867e-05,1.1314e-05,1.10633e-05,1.07012e-05,1.01595e-05,9.47132e-06,8.46873e-06
1.26299e-05,1.24068e-05,1.1976e-05,1.1726e-05,1.14253e-05,1.10518e-05,1.07946e-05,1.03717e-05,9.82611e-06,9.19163e-06,8.18466e-06
1.23173e-05,1.20616e-05,1.16669e-05,1.13806e-05,1.12501e-05,1.07296e-05,1.0514e-05,1.01694e-05,9.62772e-06,8.96561e-06,8.03669e-06
1.19842e-05,1.17282e-05,1.13636e-05,1.11144e-05,1.08587e-05,1.04892e-05,1.02471e-05,9.89335e-06,9.29782e-06,8.70469e-06,7.76799e-06
1.16257e-05,1.14006e-05,1.10688e-05,1.08375e-05,1.05766e-05,1.02514e-05,9.9571e-06,9.66809e-06,9.1464e-06,8.48271e-06,7.57e-06
1.133e-05,1.11073e-05,1.08056e-05,1.05688e-05,1.03186e-05,9.96905e-06,9.73645e-06,9.37655e-06,8.81577e-06,8.2627e-06,7.34683e-06
1.10321e-05,1.08349e-05,1.04816e-05,1.02813e-05,9.97477e-06,9.71272e-06,9.42234e-06,9.12511e-06,8.6509e-06,8.03935e-06,7.14153e-06
1.07535e-05,1.05595e-05,1.02476e-05,1.00157e-05,9.75692e-06,9.47571e-06,9.23765e-06,8.89689e-06,8.3513e-06,7.80774e-06,6.93241e-06
1.04937e-05,1.02724e-05,9.98067e-06,9.71658e-06,9.52251e-06,9.21844e-06,8.9366e-06,8.64958e-06,8.17591e-06,7.63952e-06,6.79472e-06
1.01691e-05,1.00173e-05,9.67589e-06,9.49897e-06,9.30144e-06,8.96895e-06,8.75349e-06,8.44279e-06,7.9053e-06,7.3826e-06,6.54348e-06
9.91712e-06,9.73437e-06,9.45953e-06,9.23138e-06,9.02649e-06,8.76058e-06,8.49168e-06,8.23366e-06,7.7512e-06,7.20644e-06,6.40207e-06
9.65852e-06,9.49955e-06,9.19982e-06,8.99142e-06,8.82649e-06,8.51114e-06,8.28656e-06,8.02762e-06,7.5409e-06,7.02113e-06,6.2415e-06
9.426e-06,9.26378e-06,9.00517e-06,8.8015e-06,8.59434e-06,8.35823e-06,8.07249e-06,7.83473e-06,7.35993e-06,6.85311e-06,6.07521e-06
9.14529e-06,9.01401e-06,8.77073e-06,8.5893e-06,8.32837e-06,8.16837e-06,7.86407e-06,7.62052e-06,7.18422e-06,6.65455e-06,5.88586e-06
8.96803e-06,8.76902e-06,8.55337e-06,8.35351e-06,8.19779e-06,7.92241e-06,7.67451e-06,7.45173e-06,6.97751e-06,6.49476e-06,5.76627e-06
8.70019e-06,8.51929e-06,8.30464e-06,8.11601e-06,7.93154e-06,7.70629e-06,7.44643e-06,7.23786e-06,6.78619e-06,6.27745e-06,5.57283e-06
8.45135e-06,8.30579e-06,8.1094e-06,7.90953e-06,7.70617e-06,7.50678e-06,7.24943e-06,7.03303e-06,6.59269e-06,6.11374e-06,5.42415e-06
8.24073e-06,8.06932e-06,7.89333e-06,7.6841e-06,7.53147e-06,7.31493e-06,7.07774e-06,6.84971e-06,6.40481e-06,5.96116e-06,5.24301e-06
8.02582e-06,7.93631e-06,7.7064e-06,7.48778e-06,7.34209e-06,7.12744e-06,6.89315e-06,6.69611e-06,6.23606e-06,5.78263e-06,5.14154e-06
7.88922e-06,7.72032e-06,7.50303e-06,7.26294e-06,7.14455e-06,6.96667e-06,6.74072e-06,6.52542e-06,6.10202e-06,5.62582e-06,4.97791e-06
7.63092e-06,7.48589e-06,7.32439e-06,7.10238e-06,6.98446e-06,6.75494e-06,6.55246e-06,6.35736e-06,5.92062e-06,5.48538e-06,4.85977e-06
7.43017e-06,7.27013e-06,7.10917e-06,6.95703e-06,6.77727e-06,6.60422e-06,6.39344e-06,6.18829e-06,5.75113e-06,5.33171e-06,4.7208e-06
7.22179e-06,7.08556e-06,6.96983e-06,6.74103e-06,6.57142e-06,6.4165e-06,6.24578e-06,6.02093e-06,5.5972e-06,5.19998e-06,4.56598e-06
7.10185e-06,6.96523e-06,6.76051e-06,6.56265e-06,6.47366e-06,6.30635e-06,6.09372e-06,5.86257e-06,5.49368e-06,5.05064e-06,4.4792e-06
6.87044e-06,6.73931e-06,6.5963e-06,6.39535e-06,6.26486e-06,6.12901e-06,5.92809e-06,5.71115e-06,5.31862e-06,4.92937e-06,4.34073e-06
6.70808e-06,6.57989e-06,6.4238e-06,6.2643e-06,6.12175e-06,6.00083e-06,5.76939e-06,5.56724e-06,5.18836e-06,4.77963e-06,4.22901e-06
6.5688e-06,6.41979e-06,6.25149e-06,6.07455e-06,6.02776e-06,5.81009e-06,5.63211e-06,5.44958e-06,5.05237e-06,4.66171e-06,4.14511e-06
6.37647e-06,6.24131e-06,6.11839e-06,5.94073e-06,5.80847e-06,5.68265e-06,5.50013e-06,5.2836e-06,4.89648e-06,4.55259e-06,4.013e-06
6.19216e-06,6.06456e-06,5.94668e-06,5.81564e-06,5.66879e-06,5.56223e-06,5.33313e-06,5.14504e-06,4.77712e-06,4.40977e-06,3.91167e-06
6.07485e-06,5.96263e-06,5.81796e-06,5.64255e-06,5.52466e-06,5.43256e-06,5.22629e-06,5.03947e-06,4.68059e-06,4.29376e-06,3.80768e-06
5.9227e-06,5.76898e-06,5.65339e-06,5.51699e-06,5.39914e-06,5.28546e-06,5.09134e-06,4.9126e-06,4.54966e-06,4.18259e-06,3.70396e-06
5.79154e-06,5.62516e-06,5.52207e-06,5.36371e-06,5.24917e-06,5.16135e-06,4.96873e-06,4.81398e-06,4.44164e-06,4.07737e-06,3.60323e-06
5.61629e-06,5.46393e-06,5.38859e-06,5.25664e-06,5.14815e-06,5.00755e-06,4.86218e-06,4.67717e-06,4.32787e-06,3.96947e-06,3.54316e-06
5.49253e-06,5.34718e-06,5.24082e-06,5.13829e-06,5.02753e-06,4.92816e-06,4.72323e-06,4.56469e-06,4.22281e-06,3.85342e-06,3.44979e-06
5.34773e-06,5.19964e-06,5.12889e-06,5.016e-06,4.88919e-06,4.79217e-06,4.62205e-06,4.44311e-06,4.11394e-06,3.76117e-06,3.35029e-06
5.22851e-06,5.05239e-06,4.98609e-06,4.86502e-06,4.78351e-06,4.67413e-06,4.51056e-06,4.33106e-06,4.01223e-06,3.67822e-06,3.26992e-06
5.05977e-06,4.94452e-06,4.89906e-06,4.76923e-06,4.6595e-06,4.55254e-06,4.39976e-06,4.22319e-06,3.90711e-06,3.56574e-06,3.17824e-06
4.96573e-06,4.813e-06,4.74465e-06,4.65522e-06,4.54494e-06,4.47287e-06,4.31346e-06,4.12665e-06,3.82251e-06,3.48236e-06,3.0947e-06
4.83038e-06,4.72114e-06,4.63244e-06,4.54756e-06,4.44251e-06,4.34871e-06,4.22705e-06,4.0351e-06,3.71883e-06,3.40772e-06,3.03202e-06
4.74315e-06,4.58135e-06,4.516e-06,4.4507e-06,4.35719e-06,4.29167e-06,4.10575e-06,3.95062e-06,3.64031e-06,3.31359e-06,2.94193e-06
4.61595e-06,4.47519e-06,4.40446e-06,4.33939e-06,4.22441e-06,4.15853e-06,4.02053e-06,3.84389e-06,3.54273e-06,3.23313e-06,2.8689e-06
4.51191e-06,4.35561e-06,4.27923e-06,4.25091e-06,4.15048e-06,4.06802e-06,3.92447e-06,3.74452e-06,3.46667e-06,3.15029e-06,2.78789e-06
4.39529e-06,4.23255e-06,4.17247e-06,4.17155e-06,4.03596e-06,3.97294e-06,3.83559e-06,3.65095e-06,3.37069e-06,3.07264e-06,2.72047e-06
4.29219e-06,4.14924e-06,4.08148e-06,4.04746e-06,3.9529e-06,3.88149e-06,3.75873e-06,3.56302e-06,3.30883e-06,3.00015e-06,2.66303e-06
4.16156e-06,4.03768e-06,4.00794e-06,3.96302e-06,3.85904e-06,3.78837e-06,3.6687e-06,3.50376e-06,3.22149e-06,2.91908e-06,2.6028e-06
4.08453e-06,3.95854e-06,3.90471e-06,3.86271e-06,3.75284e-06,3.70945e-06,3.58352e-06,3.41456e-06,3.14067e-06,2.84641e-06,2.5361e-06
3.98815e-06,3.84746e-06,3.80762e-06,3.77513e-06,3.6643e-06,3.62113e-06,3.49656e-06,3.33587e-06,3.07581e-06,2.78272e-06,2.46585e-06
3.90772e-06,3.74896e-06,3.73317e-06,3.6909e-06,3.5919e-06,3.53867e-06,3.42666e-06,3.27409e-06,3.00388e-06,2.71478e-06,2.40892e-06
3.80405e-06,3.6812e-06,3.62563e-06,3.60066e-06,3.50331e-06,3.46772e-06,3.34125e-06,3.19892e-06,2.94497e-06,2.65409e-06,2.35237e-06
3.71401e-06,3.57927e-06,3.54223e-06,3.53222e-06,3.435e-06,3.38844e-06,3.28007e-06,3.11975e-06,2.8715e-06,2.58337e-06,2.2854e-06
3.62052e-06,3.49156e-06,3.45296e-06,3.47032e-06,3.35441e-06,3.31243e-06,3.21997e-06,3.04799e-06,2.79974e-06,2.53697e-06,2.24912e-06
3.53253e-06,3.40777e-06,3.40567e-06,3.38637e-06,3.2913e-06,3.2445e-06,3.14032e-06,2.98005e-06,2.74533e-06,2.45928e-06,2.18367e-06
3.46602e-06,3.33585e-06,3.29089e-06,3.30897e-06,3.22068e-06,3.18086e-06,3.07031e-06,2.90381e-06,2.68391e-06,2.40092e-06,2.12118e-06
3.38123e-06,3.27076e-06,3.20479e-06,3.2184e-06,3.12584e-06,3.10919e-06,3.01598e-06,2.84569e-06,2.62439e-06,2.35958e-06,2.07873e-06
3.28771e-06,3.17309e-06,3.14429e-06,3.15011e-06,3.05864e-06,3.03361e-06,2.9419e-06,2.77628e-06,2.54961e-06,2.30008e-06,2.01781e-06
3.20666e-06,3.0974e-06,3.07187e-06,3.08357e-06,2.99616e-06,2.96642e-06,2.88411e-06,2.72024e-06,2.50459e-06,2.24454e-06,1.97628e-06
3.12394e-06,3.02384e-06,2.99847e-06,3.02086e-06,2.91749e-06,2.8947e-06,2.82663e-06,2.66878e-06,2.44971e-06,2.19964e-06,1.94104e-06
3.06432e-06,2.94822e-06,2.93045e-06,2.96349e-06,2.85642e-06,2.84508e-06,2.75739e-06,2.59776e-06,2.39389e-06,2.15345e-06,1.8845e-06
2.9986e-06,2.90068e-06,2.85298e-06,2.887e-06,2.80082e-06,2.79356e-06,2.70665e-06,2.53568e-06,2.3559e-06,2.10285e-06,1.83504e-06
2.91592e-06,2.82447e-06,2.80268e-06,2.81749e-06,2.73618e-06,2.73076e-06,2.6409e-06,2.49594e-06,2.29489e-06,2.05096e-06,1.80081e-06
2.84324e-06,2.75891e-06,2.74684e-06,2.76108e-06,2.67436e-06,2.66991e-06,2.58334e-06,2.43479e-06,2.24044e-06,2.00272e-06,1.75516e-06
2.7899e-06,2.706e-06,2.67078e-06,2.69215e-06,2.60885e-06,2.61863e-06,2.52698e-06,2.38295e-06,2.19315e-06,1.95976e-06,1.71094e-06
2.73242e-06,2.64338e-06,2.60155e-06,2.64576e-06,2.553e-06,2.5543e-06,2.48957e-06,2.34055e-06,2.14311e-06,1.91308e-06,1.68244e-06
2.66224e-06,2.56109e-06,2.55531e-06,2.58113e-06,2.50301e-06,2.49239e-06,2.43066e-06,2.28794e-06,2.09974e-06,1.87538e-06,1.63856e-06
2.59544e-06,2.50692e-06,2.4923e-06,2.5298e-06,2.45285e-06,2.44254e-06,2.38201e-06,2.2364e-06,2.05193e-06,1.82965e-06,1.60307e-06
2.54488e-06,2.44859e-06,2.42885e-06,2.4793e-06,2.40493e-06,2.39783e-06,2.32553e-06,2.18161e-06,2.00586e-06,1.79065e-06,1.55482e-06
2.47905e-06,2.40197e-06,2.37844e-06,2.42058e-06,2.3357e-06,2.33859e-06,2.28413e-06,2.13837e-06,1.97182e-06,1.75219e-06,1.53276e-06
2.41722e-06,2.34652e-06,2.33305e-06,2.37327e-06,2.30003e-06,2.30211e-06,2.23417e-06,2.09541e-06,1.92093e-06,1.70898e-06,1.49479e-06
2.35682e-06,2.30539e-06,2.27371e-06,2.32417e-06,2.25521e-06,2.25093e-06,2.18881e-06,2.04551e-06,1.87827e-06,1.67432e-06,1.454e-06
2.31697e-06,2.25231e-06,2.22026e-06,2.26807e-06,2.19328e-06,2.20442e-06,2.14553e-06,2.00644e-06,1.84242e-06,1.63427e-06,1.4236e-06
2.25658e-06,2.20539e-06,2.16943e-06,2.21835e-06,2.16279e-06,2.15848e-06,2.10231e-06,1.96218e-06,1.79918e-06,1.59919e-06,1.3879e-06
2.20402e-06,2.15262e-06,2.12738e-06,2.17076e-06,2.1096e-06,2.11299e-06,2.05815e-06,1.92459e-06,1.76195e-06,1.56263e-06,1.35401e-06
2.15129e-06,2.10703e-06,2.07754e-06,2.12475e-06,2.06143e-06,2.06936e-06,2.02267e-06,1.88048e-06,1.72578e-06,1.53214e-06,1.32065e-06
2.09591e-06,2.05325e-06,2.02486e-06,2.0867e-06,2.01376e-06,2.02565e-06,1.97175e-06,1.83497e-06,1.6901e-06,1.4951e-06,1.29062e-06
2.05264e-06,1.99655e-06,1.98711e-06,2.03906e-06,1.97496e-06,1.98584e-06,1.93162e-06,1.80111e-06,1.65149e-06,1.46224e-06,1.2662e-06
1.9995e-06,1.96286e-06,1.9473e-06,1.98929e-06,1.93592e-06,1.95148e-06,1.8946e-06,1.7676e-06,1.61427e-06,1.4249e-06,1.2356e-06
1.9621e-06,1.93133e-06,1.89748e-06,1.94804e-06,1.89219e-06,1.90662e-06,1.84661e-06,1.72762e-06,1.5856e-06,1.40016e-06,1.20914e-06
1.92531e-06,1.90051e-06,1.86136e-06,1.90491e-06,1.84675e-06,1.8693e-06,1.81948e-06,1.68887e-06,1.55087e-06,1.37179e-06,1.17362e-06
1.87591e-06,1.84439e-06,1.81955e-06,1.86924e-06,1.81532e-06,1.83527e-06,1.77156e-06,1.65365e-06,1.5109e-06,1.33881e-06,1.14547e-06
1.82396e-06,1.80544e-06,1.77283e-06,1.83048e-06,1.77107e-06,1.78849e-06,1.74479e-06,1.61677e-06,1.48309e-06,1.3084e-06,1.12251e-06
1.78352e-06,1.76705e-06,1.73642e-06,1.78908e-06,1.73952e-06,1.75591e-06,1.70605e-06,1.584e-06,1.44936e-06,1.2776e-06,1.09587e-06
1.74488e-06,1.72164e-06,1.70494e-06,1.75256e-06,1.69912e-06,1.71617e-06,1.67303e-06,1.55268e-06,1.41818e-06,1.2497e-06,1.06598e-06
1.69719e-06,1.6936e-06,1.65979e-06,1.71604e-06,1.66137e-06,1.68468e-06,1.63796e-06,1.51816e-06,1.39228e-06,1.22041e-06,1.04525e-06
1.65555e-06,1.65302e-06,1.62621e-06,1.67956e-06,1.62673e-06,1.65191e-06,1.60341e-06,1.48622e-06,1.35803e-06,1.19243e-06,1.02115e-06
1.61601e-06,1.61606e-06,1.58924e-06,1.64451e-06,1.59879e-06,1.61499e-06,1.57441e-06,1.4525e-06,1.33049e-06,1.16768e-06,9.92164e-07
1.59425e-06,1.58366e-06,1.55847e-06,1.60557e-06,1.56486e-06,1.57912e-06,1.53757e-06,1.42291e-06,1.29914e-06,1.13926e-06,9.71406e-07
1.54901e-06,1.54754e-06,1.52558e-06,1.57482e-06,1.53153e-06,1.55032e-06,1.50666e-06,1.39377e-06,1.27081e-06,1.11876e-06,9.50736e-07
1.51511e-06,1.53049e-06,1.48896e-06,1.54496e-06,1.49991e-06,1.52523e-06,1.48022e-06,1.36553e-06,1.24685e-06,1.09441e-06,9.28412e-07
1.48028e-06,1.48416e-06,1.4569e-06,1.51381e-06,1.46572e-06,1.48903e-06,1.44613e-06,1.33025e-06,1.21952e-06,1.07077e-06,9.05766e-07
1.44658e-06,1.44678e-06,1.4284e-06,1.48484e-06,1.44128e-06,1.45315e-06,1.41458e-06,1.30478e-06,1.19253e-06,1.04408e-06,8.88989e-07
1.41324e-06,1.42379e-06,1.39711e-06,1.44783e-06,1.40917e-06,1.43443e-06,1.38808e-06,1.28116e-06,1.16738e-06,1.02235e-06,8.62717e-07
1.37811e-06,1.39131e-06,1.3663e-06,1.42288e-06,1.37708e-06,1.40302e-06,1.35631e-06,1.25446e-06,1.14409e-06,9.99496e-07,8.41568e-07
1.34962e-06,1.36695e-06,1.33686e-06,1.38706e-06,1.34896e-06,1.37603e-06,1.33359e-06,1.22828e-06,1.12156e-06,9.80647e-07,8.22845e-07
1.31936e-06,1.33107e-06,1.31335e-06,1.3617e-06,1.3291e-06,1.34697e-06,1.30419e-06,1.20014e-06,1.09905e-06,9.60562e-07,8.02414e-07
1.28655e-06,1.30867e-06,1.2835e-06,1.3356e-06,1.29532e-06,1.31665e-06,1.27601e-06,1.17563e-06,1.07454e-06,9.34687e-07,7.86985e-07
1.2585e-06,1.27985e-06,1.25651e-06,1.30505e-06,1.26872e-06,1.29284e-06,1.26073e-06,1.14819e-06,1.04899e-06,9.16616e-07,7.72995e-07
1.23172e-06,1.25156e-06,1.23609e-06,1.28416e-06,1.24643e-06,1.268e-06,1.22663e-06,1.12767e-06,1.02876e-06,8.95299e-07,7.52045e-07
1.20357e-06,1.22213e-06,1.20466e-06,1.25886e-06,1.22136e-06,1.2432e-06,1.19823e-06,1.10313e-06,1.00804e-06,8.76108e-07,7.33613e-07
1.17393e-06,1.20049e-06,1.18238e-06,1.22537e-06,1.20014e-06,1.22366e-06,1.18029e-06,1.08008e-06,9.8527e-07,8.60221e-07,7.19561e-07
1.15022e-06,1.17374e-06,1.15329e-06,1.21029e-06,1.17058e-06,1.19808e-06,1.15634e-06,1.05677e-06,9.65411e-07,8.42158e-07,7.02064e-07
1.12654e-06,1.14999e-06,1.13249e-06,1.18728e-06,1.15058e-06,1.17389e-06,1.1369e-06,1.03556e-06,9.42413e-07,8.23902e-07,6.86079e-07
1.10067e-06,1.12664e-06,1.10952e-06,1.16474e-06,1.12572e-06,1.15048e-06,1.10759e-06,1.01687e-06,9.27822e-07,8.03541e-07,6.67268e-07
1.07691e-06,1.10275e-06,1.08587e-06,1.13637e-06,1.10667e-06,1.12964e-06,1.0864e-06,9.9673e-07,9.10392e-07,7.88448e-07,6.51195e-07
1.05375e-06,1.07953e-06,1.06711e-06,1.11806e-06,1.08476e-06,1.10727e-06,1.06987e-06,9.79133e-07,8.90097e-07,7.71832e-07,6.40116e-07
1.03298e-06,1.05089e-06,1.04615e-06,1.09231e-06,1.07085e-06,1.08191e-06,1.04104e-06,9.58379e-07,8.70781e-07,7.56156e-07,6.28176e-07
1.00973e-06,1.03544e-06,1.02102e-06,1.07623e-06,1.04505e-06,1.06267e-06,1.02265e-06,9.37202e-07,8.53954e-07,7.38857e-07,6.10468e-07
9.8376e-07,1.01014e-06,1.00489e-06,1.05557e-06,1.02745e-06,1.04382e-06,1.0068e-06,9.19265e-07,8.38748e-07,7.28877e-07,5.96175e-07
9.613e-07,9.9236e-07,9.89426e-07,1.04001e-06,1.00303e-06,1.02831e-06,9.82815e-07,9.06251e-07,8.24197e-07,7.1017e-07,5.84422e-07
9.39786e-07,9.71305e-07,9.69792e-07,1.01177e-06,9.88669e-07,1.0031e-06,9.71287e-07,8.86535e-07,8.00648e-07,6.95156e-07,5.74232e-07
9.25315e-07,9.50638e-07,9.49967e-07,9.93394e-07,9.71835e-07,9.90508e-07,9.48041e-07,8.69179e-07,7.8768e-07,6.84152e-07,5.6093e-07
9.08573e-07,9.35223e-07,9.33237e-07,9.7681e-07,9.51373e-07,9.65892e-07,9.35186e-07,8.51915e-07,7.73045e-07,6.67877e-07,5.5028e-07
8.84521e-07,9.11283e-07,9.1253e-07,9.50936e-07,9.36025e-07,9.51788e-07,9.13935e-07,8.37747e-07,7.59697e-07,6.5379e-07,5.38339e-07
8.62792e-07,9.03881e-07,8.98255e-07,9.35877e-07,9.14681e-07,9.37268e-07,9.00996e-07,8.17953e-07,7.39429e-07,6.40876e-07,5.28265e-07
8.49528e-07,8.79015e-07,8.83321e-07,9.22983e-07,9.01474e-07,9.22185e-07,8.77454e-07,8.02639e-07,7.29682e-07,6.30502e-07,5.1425e-07
8.32147e-07,8.60028e-07,8.62093e-07,9.09309e-07,8.84409e-07,9.02429e-07,8.58205e-07,7.86841e-07,7.14794e-07,6.16179e-07,5.02609e-07
8.12077e-07,8.41407e-07,8.47576e-07,8.87229e-07,8.7355e-07,8.8608e-07,8.43646e-07,7.74915e-07,7.04815e-07,6.07791e-07,4.91774e-07
8.01061e-07,8.28809e-07,8.38271e-07,8.70929e-07,8.54089e-07,8.69968e-07,8.34032e-07,7.58213e-07,6.8943e-07,5.96566e-07,4.83905e-07
7.80952e-07,8.18876e-07,8.15236e-07,8.59023e-07,8.35636e-07,8.50719e-07,8.17474e-07,7.43046e-07,6.81274e-07,5.79856e-07,4.71133e-07
7.6406e-07,7.95049e-07,8.03533e-07,8.41612e-07,8.26259e-07,8.39116e-07,8.02443e-07,7.32012e-07,6.64462e-07,5.71513e-07,4.61514e-07
7.49728e-07,7.81068e-07,7.91791e-07,8.23039e-07,8.09034e-07,8.22879e-07,7.86871e-07,7.19581e-07,6.53803e-07,5.61156e-07,4.53976e-07
7.32471e-07,7.67082e-07,7.71601e-07,8.11247e-07,7.99555e-07,8.10248e-07,7.73314e-07,7.04672e-07,6.41998e-07,5.55039e-07,4.4322e-07
7.19874e-07,7.5548e-07,7.6128e-07,8.02567e-07,7.87118e-07,7.97912e-07,7.64012e-07,6.98308e-07,6.27717e-07,5.40408e-07,4.36407e-07
7.05483e-07,7.3935e-07,7.44974e-07,7.86852e-07,7.6892e-07,7.8187e-07,7.45006e-07,6.82693e-07,6.17594e-07,5.30106e-07,4.24434e-07
6.97975e-07,7.2823e-07,7.33675e-07,7.73644e-07,7.59572e-07,7.73549e-07,7.35857e-07,6.7108e-07,6.04281e-07,5.24776e-07,4.20037e-07
6.81134e-07,7.10129e-07,7.20006e-07,7.53274e-07,7.36991e-07,7.602e-07,7.1972e-07,6.53681e-07,5.92795e-07,5.11562e-07,4.07295e-07
6.66516e-07,6.96827e-07,7.08606e-07,7.45599e-07,7.29757e-07,7.46698e-07,7.07652e-07,6.49556e-07,5.83483e-07,5.05138e-07,3.99271e-07
6.50728e-07,6.8732e-07,6.94179e-07,7.37215e-07,7.15189e-07,7.29548e-07,6.93575e-07,6.35633e-07,5.78089e-07,4.89017e-07,3.90488e-07
6.4414e-07,6.68256e-07,6.83466e-07,7.26609e-07,7.05649e-07,7.20371e-07,6.82893e-07,6.25419e-07,5.67884e-07,4.84839e-07,3.83987e-07
6.27813e-07,6.60398e-07,6.78532e-07,7.07217e-07,7.00038e-07,7.09192e-07,6.73129e-07,6.16231e-07,5.55402e-07,4.76717e-07,3.78899e-07
6.17705e-07,6.49871e-07,6.64113e-07,6.98946e-07,6.90339e-07,6.95302e-07,6.60308e-07,6.06657e-07,5.44006e-07,4.67361e-07,3.70432e-07
6.06587e-07,6.37916e-07,6.54245e-07,6.86361e-07,6.76585e-07,6.86046e-07,6.53934e-07,5.95468e-07,5.38633e-07,4.65939e-07,3.64622e-07
5.9296e-07,6.24497e-07,6.40261e-07,6.76019e-07,6.67198e-07,6.76019e-07,6.42179e-07,5.87713e-07,5.30809e-07,4.53762e-07,3.56881e-07
5.86939e-07,6.14377e-07,6.30836e-07,6.64168e-07,6.50734e-07,6.62157e-07,6.34119e-07,5.77989e-07,5.18213e-07,4.44052e-07,3.49324e-07
5.71029e-07,6.10005e-07,6.26968e-07,6.54566e-07,6.45964e-07,6.52801e-07,6.21388e-07,5.7115e-07,5.14322e-07,4.41788e-07,3.44179e-07
5.655e-07,5.98281e-07,6.11575e-07,6.42216e-07,6.34319e-07,6.39887e-07,6.11596e-07,5.58108e-07,4.99038e-07,4.32612e-07,3.37459e-07
5.60109e-07,5.81996e-07,5.99275e-07,6.32574e-07,6.22351e-07,6.34967e-07,6.02558e-07,5.4843e-07,4.95125e-07,4.25076e-07,3.32914e-07
5.45245e-07,5.74683e-07,5.97788e-07,6.22196e-07,6.14349e-07,6.24015e-07,5.89495e-07,5.38694e-07,4.86926e-07,4.20905e-07,3.24198e-07
5.38276e-07,5.67925e-07,5.88416e-07,6.11997e-07,6.0497e-07,6.1426e-07,5.82842e-07,5.33845e-07,4.78541e-07,4.10312e-07,3.20064e-07
5.25591e-07,5.52217e-07,5.76006e-07,6.0351e-07,6.01938e-07,6.04902e-07,5.75886e-07,5.24684e-07,4.70182e-07,4.04902e-07,3.13554e-07
5.19288e-07,5.5113e-07,5.69611e-07,5.96955e-07,5.88706e-07,5.93708e-07,5.6568e-07,5.20188e-07,4.65572e-07,3.98646e-07,3.10386e-07
5.15703e-07,5.39325e-07,5.63673e-07,5.86124e-07,5.75834e-07,5.86155e-07,5.59249e-07,5.14654e-07,4.57034e-07,3.91108e-07,3.04869e-07
5.02406e-07,5.30106e-07,5.50112e-07,5.77252e-07,5.72348e-07,5.79756e-07,5.48126e-07,5.03369e-07,4.48745e-07,3.86171e-07,2.98405e-07
4.9474e-07,5.19293e-07,5.41852e-07,5.66512e-07,5.65528e-07,5.69205e-07,5.42978e-07,4.99845e-07,4.42365e-07,3.83759e-07,2.93364e-07
4.87907e-07,5.11879e-07,5.37067e-07,5.58738e-07,5.55835e-07,5.60567e-07,5.37157e-07,4.88036e-07,4.36763e-07,3.72516e-07,2.89628e-07
4.77563e-07,5.05906e-07,5.25797e-07,5.4706e-07,5.51354e-07,5.50802e-07,5.23872e-07,4.80302e-07,4.27847e-07,3.68412e-07,2.82869e-07
4.71632e-07,4.95088e-07,5.18957e-07,5.45129e-07,5.43458e-07,5.47897e-07,5.14072e-07,4.76588e-07,4.22398e-07,3.61504e-07,2.80512e-07
4.6168e-07,4.90089e-07,5.14483e-07,5.36528e-07,5.2949e-07,5.39523e-07,5.12509e-07,4.65996e-07,4.16949e-07,3.60296e-07,2.7457e-07
4.53241e-07,4.82194e-07,5.05856e-07,5.30283e-07,5.28466e-07,5.29814e-07,5.02493e-07,4.64113e-07,4.13741e-07,3.54533e-07,2.68691e-07
4.50411e-07,4.75697e-07,4.97329e-07,5.20303e-07,5.16965e-07,5.23354e-07,4.97864e-07,4.54731e-07,4.0331e-07,3.4672e-07,2.65917e-07
4.38346e-07,4.69499e-07,4.9003e-07,5.1084e-07,5.08199e-07,5.15425e-07,4.84393e-07,4.47252e-07,3.99199e-07,3.41103e-07,2.5962e-07
4.3297e-07,4.59392e-07,4.84756e-07,5.01189e-07,5.01999e-07,5.08878e-07,4.80877e-07,4.42063e-07,3.93819e-07,3.39369e-07,2.55502e-07
4.26033e-07,4.49807e-07,4.72633e-07,4.96176e-07,4.91309e-07,5.00797e-07,4.71727e-07,4.34552e-07,3.88828e-07,3.29653e-07,2.49402e-07
4.22056e-07,4.44026e-07,4.66126e-07,4.94446e-07,4.89103e-07,4.95755e-07,4.66735e-07,4.3159e-07,3.81259e-07,3.26186e-07,2.47732e-07
4.16475e-07,4.42768e-07,4.62729e-07,4.8474e-07,4.84239e-07,4.87213e-07,4.6179e-07,4.28305e-07,3.75964e-07,3.2412e-07,2.43717e-07
4.11363e-07,4.35692e-07,4.555e-07,4.78234e-07,4.7686e-07,4.80388e-07,4.55552e-07,4.17483e-07,3.70003e-07,3.17265e-07,2.39582e-07
4.02109e-07,4.2737e-07,4.51635e-07,4.67671e-07,4.70908e-07,4.72211e-07,4.47594e-07,4.12875e-07,3.66805e-07,3.14829e-07,2.36605e-07
4.03093e-07,4.21433e-07,4.44557e-07,4.5897e-07,4.6614e-07,4.66971e-07,4.44705e-07,4.0767e-07,3.58735e-07,3.0816e-07,2.31308e-07
3.94922e-07,4.15138e-07,4.35093e-07,4.59997e-07,4.55891e-07,4.58748e-07,4.36001e-07,4.0053e-07,3.55502e-07,3.05053e-07,2.27429e-07
3.86903e-07,4.10149e-07,4.33702e-07,4.50025e-07,4.53243e-07,4.5401e-07,4.30245e-07,3.99088e-07,3.5067e-07,3.0194e-07,2.23351e-07
3.79229e-07,4.01689e-07,4.25133e-07,4.43204e-07,4.46259e-07,4.467e-07,4.2206e-07,3.92896e-07,3.4513e-07,2.97985e-07,2.21422e-07
3.75509e-07,3.99068e-07,4.22575e-07,4.36858e-07,4.39654e-07,4.42605e-07,4.16477e-07,3.88406e-07,3.42196e-07,2.92197e-07,2.18293e-07
3.71465e-07,3.92226e-07,4.15807e-07,4.32504e-07,4.31707e-07,4.36573e-07,4.09935e-07,3.80512e-07,3.34474e-07,2.86753e-07,2.15139e-07
3.70234e-07,3.84281e-07,4.12185e-07,4.2903e-07,4.22762e-07,4.2798e-07,4.05564e-07,3.76059e-07,3.29788e-07,2.82486e-07,2.12027e-07
3.59425e-07,3.81735e-07,4.03593e-07,4.20726e-07,4.20669e-07,4.23594e-07,4.02198e-07,3.71789e-07,3.25424e-07,2.796e-07,2.07065e-07
3.57016e-07,3.78427e-07,3.99013e-07,4.08975e-07,4.1746e-07,4.18435e-07,3.96385e-07,3.67093e-07,3.21321e-07,2.7706e-07,2.0206e-07
3.49465e-07,3.65657e-07,3.89486e-07,4.07239e-07,4.11144e-07,4.13719e-07,3.90967e-07,3.61433e-07,3.18188e-07,2.70938e-07,2.00525e-07
3.47745e-07,3.64382e-07,3.88888e-07,3.98157e-07,4.05241e-07,4.08955e-07,3.83322e-07,3.56815e-07,3.11482e-07,2.69599e-07,1.96805e-07
3.44657e-07,3.57239e-07,3.804e-07,3.94735e-07,3.9713e-07,4.05546e-07,3.82888e-07,3.51685e-07,3.08247e-07,2.64435e-07,1.95654e-07
3.36078e-07,3.54697e-07,3.76802e-07,3.94488e-07,3.96435e-07,3.97017e-07,3.71832e-07,3.47533e-07,3.02351e-07,2.58867e-07,1.92869e-07
3.28679e-07,3.48447e-07,3.73912e-07,3.87129e-07,3.90676e-07,3.89519e-07,3.68804e-07,3.40072e-07,2.99356e-07,2.57087e-07,1.89011e-07
3.25661e-07,3.43394e-07,3.69354e-07,3.8105e-07,3.83661e-07,3.8343e-07,3.62913e-07,3.36546e-07,2.97922e-07,2.51516e-07,1.87898e-07
3.23527e-07,3.40794e-07,3.61963e-07,3.77211e-07,3.80595e-07,3.7952e-07,3.60396e-07,3.3544e-07,2.8976e-07,2.49904e-07,1.83575e-07
3.17499e-07,3.37403e-07,3.59007e-07,3.73453e-07,3.73312e-07,3.74227e-07,3.55547e-07,3.30327e-07,2.87543e-07,2.45314e-07,1.81897e-07
3.12055e-07,3.33843e-07,3.53401e-07,3.68253e-07,3.69184e-07,3.68674e-07,3.49144e-07,3.25371e-07,2.83389e-07,2.4068e-07,1.786e-07
3.09781e-07,3.23909e-07,3.51106e-07,3.58561e-07,3.65526e-07,3.64935e-07,3.44659e-07,3.21837e-07,2.79049e-07,2.37835e-07,1.7492e-07
3.05434e-07,3.21452e-07,3.4223e-07,3.58761e-07,3.58896e-07,3.59951e-07,3.40816e-07,3.15382e-07,2.75553e-07,2.33635e-07,1.73067e-07
2.99908e-07,3.1727e-07,3.37348e-07,3.54938e-07,3.52835e-07,3.55889e-07,3.33371e-07,3.12662e-07,2.71085e-07,2.31684e-07,1.68465e-07
2.96264e-07,3.1258e-07,3.33138e-07,3.5407e-07,3.47454e-07,3.49673e-07,3.31431e-07,3.04415e-07,2.66232e-07,2.26736e-07,1.65983e-07
2.91087e-07,3.09776e-07,3.31287e-07,3.44624e-07,3.4563e-07,3.44191e-07,3.28416e-07,3.04248e-07,2.64997e-07,2.23763e-07,1.65325e-07
2.89237e-07,3.09566e-07,3.27962e-07,3.37104e-07,3.40087e-07,3.38951e-07,3.21521e-07,2.99635e-07,2.61089e-07,2.22584e-07,1.62575e-07
2.85364e-07,3.0301e-07,3.2332e-07,3.3365e-07,3.33418e-07,3.36333e-07,3.19797e-07,2.93493e-07,2.59252e-07,2.17512e-07,1.6034e-07
2.8256e-07,2.98388e-07,3.17267e-07,3.2847e-07,3.31042e-07,3.31679e-07,3.17346e-07,2.9326e-07,2.51248e-07,2.14069e-07,1.58471e-07
2.77997e-07,2.94524e-07,3.14114e-07,3.26783e-07,3.25567e-07,3.28507e-07,3.11753e-07,2.86641e-07,2.50376e-07,2.10935e-07,1.56845e-07
2.70577e-07,2.82357e-07,3.07149e-07,3.17568e-07,3.22684e-07,3.22532e-07,3.06175e-07,2.8346e-07,2.46293e-07,2.07513e-07,1.53105e-07
2.6948e-07,2.86519e-07,3.04148e-07,3.19164e-07,3.17222e-07,3.17238e-07,3.02327e-07,2.80129e-07,2.4095e-07,2.05633e-07,1.51165e-07
2.66606e-07,2.83155e-07,3.04733e-07,3.1539e-07,3.13742e-07,3.15111e-07,2.95339e-07,2.76124e-07,2.37957e-07,2.00331e-07,1.48654e-07
2.60985e-07,2.75518e-07,2.92966e-07,3.07599e-07,3.07949e-07,3.10357e-07,2.93717e-07,2.71117e-07,2.34504e-07,1.97461e-07,1.46104e-07
2.58771e-07,2.73076e-07,2.91269e-07,3.0674e-07,3.07167e-07,3.04537e-07,2.90142e-07,2.69771e-07,2.3224e-07,1.9694e-07,1.43427e-07
2.5518e-07,2.69684e-07,2.85472e-07,3.00441e-07,3.0171e-07,3.03e-07,2.85966e-07,2.67549e-07,2.28821e-07,1.92855e-07,1.42382e-07
2.54856e-07,2.69878e-07,2.88701e-07,2.94794e-07,2.95775e-07,2.9719e-07,2.80301e-07,2.61972e-07,2.25354e-07,1.8944e-07,1.38185e-07
