0.000324443,0.000317846,0.000317638,0.00030176,0.000299199,0.0002829,0.000284387,0.000270478,0.00026605,0.000255873,0.000234318
0.000306812,0.00030124,0.000298074,0.000288491,0.000284409,0.000267414,0.00026903,0.000255204,0.000250518,0.000239064,0.000219878
0.000290023,0.000285961,0.000284115,0.00027185,0.000267232,0.00025421,0.000251729,0.000237772,0.000234331,0.000224262,0.00020343
0.000274956,0.000271079,0.000268567,0.000259713,0.000253644,0.000240747,0.000239052,0.000224451,0.000221378,0.000209871,0.00019195
0.000261869,0.000258296,0.000255861,0.000247914,0.000240866,0.000229017,0.00022656,0.000213008,0.000209365,0.000197841,0.000181315
0.000249393,0.000246932,0.000244031,0.000237588,0.000229143,0.000218143,0.000215717,0.000203409,0.000198533,0.000187671,0.00017231
0.000238914,0.000236347,0.000233596,0.000227082,0.000218345,0.000208545,0.000204847,0.000193986,0.000188097,0.000177087,0.000163
0.000229228,0.000226661,0.000223986,0.000217129,0.000208657,0.00019965,0.000195571,0.000185768,0.000178959,0.00016825,0.000155162
0.000219855,0.000217796,0.000214624,0.000209075,0.000199321,0.000191258,0.000186566,0.000178264,0.000169937,0.000160019,0.000147816
0.000211275,0.000209615,0.000206067,0.000201922,0.000191171,0.000183445,0.000178843,0.000171184,0.000161899,0.000152815,0.000141463
0.000203581,0.000202027,0.000198123,0.000193177,0.000183502,0.000176272,0.000171092,0.000164602,0.00015455,0.000145912,0.000135202
0.000196122,0.000194645,0.000190974,0.000185923,0.000176232,0.000169957,0.000163831,0.000157424,0.000148213,0.000140101,0.000129849
0.00019019,0.000187961,0.000183827,0.000178872,0.000168867,0.000163681,0.000157406,0.000151921,0.000141613,0.000133455,0.000124042
0.000183571,0.000181803,0.000176829,0.000172276,0.000162944,0.00015722,0.000150583,0.000147011,0.000135642,0.000128467,0.000119321
0.000177709,0.000175078,0.00017072,0.000166364,0.000156932,0.000152142,0.000145126,0.000141173,0.000130358,0.000123046,0.000114207
0.000172466,0.00016939,0.000165142,0.000160412,0.000152056,0.000146725,0.00013983,0.000136134,0.00012555,0.000118411,0.000109884
0.00016692,0.000163909,0.000159139,0.000155082,0.000145895,0.000142396,0.000134868,0.000131899,0.000120909,0.000114175,0.000105433
0.000161219,0.000159249,0.000154309,0.000149691,0.000141483,0.000137333,0.000129999,0.000126609,0.000116374,0.000109356,0.000101767
0.000157068,0.000153705,0.000149184,0.000144524,0.000136089,0.000133254,0.000125834,0.000122444,0.000112162,0.000105218,9.7667e-05
0.000152535,0.000149017,0.000144429,0.000139925,0.000131936,0.000128473,0.000121332,0.000118127,0.000108217,0.000101837,9.41653e-05
0.000147801,0.000144302,0.000140181,0.000135158,0.000127383,0.000124923,0.00011776,0.000113948,0.000104464,9.75879e-05,9.04539e-05
0.000143178,0.000140038,0.000136314,0.000130779,0.000123899,0.000120629,0.000113711,0.000109728,0.000100519,9.42662e-05,8.7221e-05
0.00013895,0.000135282,0.000131814,0.000126521,0.000119526,0.000117041,0.000110123,0.000106114,9.72463e-05,9.0917e-05,8.37198e-05
0.00013465,0.000131905,0.000128521,0.000122931,0.000116379,0.00011344,0.000107105,0.000102372,9.39836e-05,8.77464e-05,8.08416e-05
0.000131076,0.000127661,0.000124877,0.000119166,0.000112288,0.000110007,0.00010381,9.87888e-05,9.10731e-05,8.4479e-05,7.78863e-05
0.000126926,0.000123907,0.000121116,0.00011523,0.000109129,0.000106554,0.000100579,9.55424e-05,8.79717e-05,8.14264e-05,7.53113e-05
0.00012337,0.000120283,0.000117727,0.000111525,0.000105368,0.000103383,9.74563e-05,9.21039e-05,8.5331e-05,7.85535e-05,7.26106e-05
0.0001196,0.000116647,0.000114294,0.000108385,0.000102564,0.0001003,9.43937e-05,8.91589e-05,8.24921e-05,7.61505e-05,7.01651e-05
0.000115994,0.000113309,0.000111064,0.000105094,9.90949e-05,9.71234e-05,9.17119e-05,8.58053e-05,7.98199e-05,7.32907e-05,6.76202e-05
0.00011272,0.000110457,0.00010803,0.000102201,9.65046e-05,9.43579e-05,8.89889e-05,8.33618e-05,7.7406e-05,7.09482e-05,6.54396e-05
0.000109752,0.000107497,0.000104517,9.91055e-05,9.30752e-05,9.13047e-05,8.6423e-05,8.07322e-05,7.49235e-05,6.84375e-05,6.29611e-05
0.000106166,0.000103887,0.00010173,9.60352e-05,9.02829e-05,8.86272e-05,8.35244e-05,7.77289e-05,7.24664e-05,6.592e-05,6.07607e-05
0.000103119,0.000100975,9.86515e-05,9.33099e-05,8.75338e-05,8.57907e-05,8.09198e-05,7.52488e-05,7.00476e-05,6.37437e-05,5.84798e-05
0.000100063,9.79962e-05,9.58484e-05,9.06407e-05,8.49024e-05,8.31376e-05,7.83702e-05,7.30071e-05,6.7738e-05,6.15071e-05,5.64694e-05
9.71205e-05,9.54325e-05,9.25068e-05,8.80699e-05,8.22986e-05,8.05929e-05,7.59179e-05,7.05671e-05,6.56276e-05,5.96201e-05,5.43884e-05
9.4355e-05,9.26134e-05,9.00469e-05,8.54859e-05,7.96106e-05,7.81116e-05,7.37302e-05,6.823e-05,6.3527e-05,5.71273e-05,5.24885e-05
9.13477e-05,8.98795e-05,8.7355e-05,8.27881e-05,7.74607e-05,7.55594e-05,7.10853e-05,6.58321e-05,6.11365e-05,5.53449e-05,5.03982e-05
8.86146e-05,8.7251e-05,8.46496e-05,8.03974e-05,7.49934e-05,7.31356e-05,6.88811e-05,6.35592e-05,5.9239e-05,5.35179e-05,4.85817e-05
8.59174e-05,8.46418e-05,8.15829e-05,7.8256e-05,7.28099e-05,7.08213e-05,6.64425e-05,6.16034e-05,5.71495e-05,5.16099e-05,4.68865e-05
8.33006e-05,8.17086e-05,7.93324e-05,7.56589e-05,7.02555e-05,6.86463e-05,6.42063e-05,5.9342e-05,5.51725e-05,4.95438e-05,4.50789e-05
8.08496e-05,7.94818e-05,7.67245e-05,7.34781e-05,6.80451e-05,6.62198e-05,6.21124e-05,5.75069e-05,5.31868e-05,4.77878e-05,4.33072e-05
7.82325e-05,7.69198e-05,7.42675e-05,7.12814e-05,6.60966e-05,6.39897e-05,5.99363e-05,5.54686e-05,5.12827e-05,4.60606e-05,4.16348e-05
7.63251e-05,7.48157e-05,7.20707e-05,6.9311e-05,6.40112e-05,6.2181e-05,5.83017e-05,5.37741e-05,4.98439e-05,4.44795e-05,4.01862e-05
7.35173e-05,7.20552e-05,6.95427e-05,6.67208e-05,6.18671e-05,5.98639e-05,5.59139e-05,5.17625e-05,4.77973e-05,4.26774e-05,3.85303e-05
7.22458e-05,7.01208e-05,6.77101e-05,6.47553e-05,6.01131e-05,5.82462e-05,5.40714e-05,5.05196e-05,4.62934e-05,4.13109e-05,3.71911e-05
6.89518e-05,6.77151e-05,6.50617e-05,6.24399e-05,5.79402e-05,5.58021e-05,5.20115e-05,4.83683e-05,4.43857e-05,3.95027e-05,3.5572e-05
6.71479e-05,6.61789e-05,6.31092e-05,6.0963e-05,5.63497e-05,5.43553e-05,5.05699e-05,4.67552e-05,4.28991e-05,3.81817e-05,3.4477e-05
6.47758e-05,6.33998e-05,6.07409e-05,5.86108e-05,5.42572e-05,5.21086e-05,4.83063e-05,4.50017e-05,4.11299e-05,3.66515e-05,3.28118e-05
6.26927e-05,6.13581e-05,5.89476e-05,5.65072e-05,5.2404e-05,5.01838e-05,4.66914e-05,4.34944e-05,3.96688e-05,3.5171e-05,3.15771e-05
6.04551e-05,5.94673e-05,5.69229e-05,5.46889e-05,5.06932e-05,4.8481e-05,4.52175e-05,4.19865e-05,3.82322e-05,3.38661e-05,3.03633e-05
5.86532e-05,5.75714e-05,5.50857e-05,5.29138e-05,4.8964e-05,4.67863e-05,4.34206e-05,4.0437e-05,3.67601e-05,3.25592e-05,2.91896e-05
5.64653e-05,5.55727e-05,5.32296e-05,5.11582e-05,4.74903e-05,4.52426e-05,4.18469e-05,3.89442e-05,3.52262e-05,3.13292e-05,2.81302e-05
5.47902e-05,5.35588e-05,5.14445e-05,4.93057e-05,4.59326e-05,4.37542e-05,4.03744e-05,3.7532e-05,3.40632e-05,3.00687e-05,2.70147e-05
5.3182e-05,5.21888e-05,4.97834e-05,4.7914e-05,4.44073e-05,4.22221e-05,3.88447e-05,3.61724e-05,3.27534e-05,2.89737e-05,2.58229e-05
5.14753e-05,5.04395e-05,4.81736e-05,4.61335e-05,4.28308e-05,4.07533e-05,3.76147e-05,3.49562e-05,3.14951e-05,2.79234e-05,2.48255e-05
5.00412e-05,4.8708e-05,4.67146e-05,4.45335e-05,4.14222e-05,3.93605e-05,3.62314e-05,3.37991e-05,3.02344e-05,2.68788e-05,2.38484e-05
4.83279e-05,4.72555e-05,4.51169e-05,4.30654e-05,4.00847e-05,3.80384e-05,3.49749e-05,3.23883e-05,2.91952e-05,2.59114e-05,2.29092e-05
4.6771e-05,4.58189e-05,4.36114e-05,4.17146e-05,3.88147e-05,3.67331e-05,3.37549e-05,3.12668e-05,2.81428e-05,2.48963e-05,2.20562e-05
4.52829e-05,4.4325e-05,4.22482e-05,4.02797e-05,3.75055e-05,3.55211e-05,3.26086e-05,3.0224e-05,2.71013e-05,2.40414e-05,2.11951e-05
4.39242e-05,4.30029e-05,4.09045e-05,3.9006e-05,3.63864e-05,3.43729e-05,3.15219e-05,2.91891e-05,2.61491e-05,2.32105e-05,2.03871e-05
4.25452e-05,4.16873e-05,3.95663e-05,3.76584e-05,3.50972e-05,3.33141e-05,3.05375e-05,2.82819e-05,2.52494e-05,2.24552e-05,1.96553e-05
4.13292e-05,4.03939e-05,3.84696e-05,3.6524e-05,3.41298e-05,3.212e-05,2.93764e-05,2.71973e-05,2.43049e-05,2.15804e-05,1.89492e-05
4.00549e-05,3.91506e-05,3.7267e-05,3.53386e-05,3.30032e-05,3.11243e-05,2.84874e-05,2.63369e-05,2.34611e-05,2.08536e-05,1.81882e-05
3.89342e-05,3.79556e-05,3.62361e-05,3.42316e-05,3.20074e-05,3.01409e-05,2.75231e-05,2.55727e-05,2.26403e-05,2.01322e-05,1.75321e-05
3.78159e-05,3.70159e-05,3.50673e-05,3.3265e-05,3.10633e-05,2.91904e-05,2.67148e-05,2.46645e-05,2.19092e-05,1.94842e-05,1.69024e-05
3.69188e-05,3.61013e-05,3.41556e-05,3.23837e-05,3.02295e-05,2.84838e-05,2.60601e-05,2.39773e-05,2.12784e-05,1.89685e-05,1.64092e-05
3.57295e-05,3.48042e-05,3.31897e-05,3.12381e-05,2.93482e-05,2.74458e-05,2.5013e-05,2.30902e-05,2.04458e-05,1.82371e-05,1.57538e-05
3.46577e-05,3.38312e-05,3.21225e-05,3.03449e-05,2.83983e-05,2.66897e-05,2.43169e-05,2.24676e-05,1.98536e-05,1.76586e-05,1.51915e-05
3.37296e-05,3.2889e-05,3.12011e-05,2.94641e-05,2.75833e-05,2.59395e-05,2.36296e-05,2.17467e-05,1.92033e-05,1.71074e-05,1.46957e-05
3.28577e-05,3.20654e-05,3.04383e-05,2.86788e-05,2.68513e-05,2.51515e-05,2.29224e-05,2.11676e-05,1.863e-05,1.65931e-05,1.41987e-05
3.20232e-05,3.11902e-05,2.96321e-05,2.78525e-05,2.61046e-05,2.4408e-05,2.2328e-05,2.05264e-05,1.80268e-05,1.61015e-05,1.37392e-05
3.11864e-05,3.04184e-05,2.88284e-05,2.71344e-05,2.53732e-05,2.36907e-05,2.16837e-05,1.99128e-05,1.75268e-05,1.56237e-05,1.32846e-05
3.04058e-05,2.94919e-05,2.80873e-05,2.64048e-05,2.47408e-05,2.30699e-05,2.10366e-05,1.93026e-05,1.69798e-05,1.51279e-05,1.28465e-05
2.95614e-05,2.8692e-05,2.73956e-05,2.56202e-05,2.40954e-05,2.24268e-05,2.05208e-05,1.87974e-05,1.64926e-05,1.47207e-05,1.25426e-05
2.897e-05,2.80026e-05,2.67213e-05,2.50299e-05,2.35098e-05,2.18329e-05,1.99559e-05,1.82267e-05,1.60233e-05,1.42539e-05,1.20981e-05
2.82406e-05,2.73202e-05,2.59635e-05,2.43585e-05,2.28811e-05,2.1283e-05,1.94554e-05,1.77167e-05,1.55748e-05,1.38492e-05,1.17245e-05
2.74993e-05,2.66484e-05,2.53262e-05,2.37795e-05,2.22955e-05,2.07181e-05,1.88841e-05,1.72497e-05,1.51502e-05,1.3481e-05,1.13651e-05
2.68344e-05,2.60019e-05,2.47076e-05,2.31521e-05,2.17264e-05,2.01423e-05,1.84062e-05,1.68012e-05,1.47388e-05,1.30707e-05,1.10461e-05
2.62385e-05,2.53707e-05,2.41436e-05,2.25587e-05,2.12046e-05,1.9648e-05,1.79446e-05,1.63508e-05,1.43111e-05,1.27594e-05,1.0739e-05
2.55739e-05,2.47434e-05,2.3541e-05,2.20248e-05,2.06776e-05,1.91253e-05,1.74892e-05,1.58965e-05,1.39219e-05,1.23458e-05,1.04236e-05
2.4953e-05,2.41094e-05,2.2983e-05,2.1465e-05,2.01482e-05,1.86213e-05,1.70327e-05,1.54752e-05,1.35591e-05,1.20065e-05,1.01338e-05
2.43841e-05,2.35717e-05,2.23992e-05,2.09486e-05,1.96613e-05,1.81576e-05,1.66191e-05,1.50512e-05,1.31936e-05,1.16816e-05,9.82722e-06
2.37329e-05,2.29724e-05,2.18816e-05,2.04559e-05,1.9213e-05,1.77053e-05,1.61799e-05,1.46759e-05,1.28284e-05,1.14109e-05,9.54554e-06
2.32951e-05,2.24295e-05,2.13346e-05,1.999e-05,1.87794e-05,1.72982e-05,1.58128e-05,1.42446e-05,1.25051e-05,1.10388e-05,9.27204e-06
2.26941e-05,2.18647e-05,2.08188e-05,1.94937e-05,1.82848e-05,1.68583e-05,1.53858e-05,1.39091e-05,1.21608e-05,1.07474e-05,9.05366e-06
2.21474e-05,2.13841e-05,2.04039e-05,1.90342e-05,1.78378e-05,1.64061e-05,1.49754e-05,1.35757e-05,1.18661e-05,1.04757e-05,8.73116e-06
2.1687e-05,2.09017e-05,1.98137e-05,1.85942e-05,1.73517e-05,1.60263e-05,1.46194e-05,1.31486e-05,1.15296e-05,1.01571e-05,8.53665e-06
2.11193e-05,2.03553e-05,1.94108e-05,1.80794e-05,1.69668e-05,1.56361e-05,1.42715e-05,1.28533e-05,1.12508e-05,9.88268e-06,8.29751e-06
2.06253e-05,1.98889e-05,1.88733e-05,1.77154e-05,1.65342e-05,1.52367e-05,1.39093e-05,1.25012e-05,1.09682e-05,9.61102e-06,8.05028e-06
2.01659e-05,1.93803e-05,1.85223e-05,1.72218e-05,1.614e-05,1.49363e-05,1.35776e-05,1.22165e-05,1.07196e-05,9.35896e-06,7.84742e-06
1.96861e-05,1.89314e-05,1.80113e-05,1.68491e-05,1.57346e-05,1.45338e-05,1.32457e-05,1.18816e-05,1.03806e-05,9.10577e-06,7.64055e-06
1.92046e-05,1.84881e-05,1.76164e-05,1.64248e-05,1.53737e-05,1.41426e-05,1.28902e-05,1.157e-05,1.01259e-05,8.83847e-06,7.41427e-06
1.87802e-05,1.80097e-05,1.72067e-05,1.60512e-05,1.50406e-05,1.38135e-05,1.25717e-05,1.12487e-05,9.86897e-06,8.58473e-06,7.19935e-06
1.83089e-05,1.76077e-05,1.67636e-05,1.56507e-05,1.46171e-05,1.34618e-05,1.2252e-05,1.09726e-05,9.60886e-06,8.36941e-06,7.01503e-06
1.78526e-05,1.7201e-05,1.63696e-05,1.52771e-05,1.42802e-05,1.31229e-05,1.19595e-05,1.06911e-05,9.35682e-06,8.12622e-06,6.80772e-06
1.7448e-05,1.67748e-05,1.59712e-05,1.49304e-05,1.39458e-05,1.28075e-05,1.16677e-05,1.04033e-05,9.13894e-06,7.88556e-06,6.62908e-06
1.70423e-05,1.639e-05,1.55756e-05,1.45625e-05,1.3604e-05,1.25513e-05,1.13718e-05,1.0146e-05,8.921e-06,7.70107e-06,6.46496e-06
1.66107e-05,1.59834e-05,1.52363e-05,1.41951e-05,1.32359e-05,1.21973e-05,1.10739e-05,9.89903e-06,8.66817e-06,7.46448e-06,6.27073e-06
1.61987e-05,1.55541e-05,1.48613e-05,1.38331e-05,1.29425e-05,1.1917e-05,1.08013e-05,9.62772e-06,8.44606e-06,7.2829e-06,6.10326e-06
1.58315e-05,1.5228e-05,1.45157e-05,1.35456e-05,1.25935e-05,1.1607e-05,1.0504e-05,9.40788e-06,8.24811e-06,7.06175e-06,5.91546e-06
1.54642e-05,1.48383e-05,1.41469e-05,1.32154e-05,1.23248e-05,1.13207e-05,1.02607e-05,9.14061e-06,8.01502e-06,6.85702e-06,5.779e-06
1.5106e-05,1.44939e-05,1.38159e-05,1.28888e-05,1.1995e-05,1.106e-05,9.99762e-06,8.90393e-06,7.81533e-06,6.69629e-06,5.60029e-06
1.47355e-05,1.41673e-05,1.34384e-05,1.25843e-05,1.17491e-05,1.08075e-05,9.77138e-06,8.67686e-06,7.61307e-06,6.50997e-06,5.48513e-06
1.43444e-05,1.38175e-05,1.31962e-05,1.22741e-05,1.13869e-05,1.05206e-05,9.49405e-06,8.47391e-06,7.42799e-06,6.32088e-06,5.30115e-06
1.40189e-05,1.34764e-05,1.2837e-05,1.19673e-05,1.11445e-05,1.0265e-05,9.26224e-06,8.24119e-06,7.23933e-06,6.1623e-06,5.15814e-06
1.36629e-05,1.31716e-05,1.25202e-05,1.16707e-05,1.08544e-05,1.00193e-05,9.03244e-06,8.05298e-06,7.04759e-06,5.9907e-06,5.00296e-06
1.34212e-05,1.28544e-05,1.22665e-05,1.14304e-05,1.06333e-05,9.80792e-06,8.83339e-06,7.86559e-06,6.88779e-06,5.84659e-06,4.90253e-06
1.31023e-05,1.25524e-05,1.19515e-05,1.11667e-05,1.03872e-05,9.58079e-06,8.58495e-06,7.63984e-06,6.71189e-06,5.70473e-06,4.75744e-06
1.2809e-05,1.2262e-05,1.16679e-05,1.09e-05,1.01219e-05,9.38853e-06,8.40488e-06,7.46472e-06,6.55353e-06,5.5491e-06,4.6672e-06
1.24205e-05,1.19423e-05,1.13716e-05,1.05767e-05,9.8466e-06,9.09985e-06,8.18147e-06,7.26883e-06,6.378e-06,5.37781e-06,4.50603e-06
1.21552e-05,1.16577e-05,1.10804e-05,1.03625e-05,9.59937e-06,8.87495e-06,7.9718e-06,7.08956e-06,6.21126e-06,5.23673e-06,4.3676e-06
1.18566e-05,1.14001e-05,1.08221e-05,1.01004e-05,9.37146e-06,8.64958e-06,7.77261e-06,6.90758e-06,6.03862e-06,5.07981e-06,4.24737e-06
1.15981e-05,1.11214e-05,1.05902e-05,9.87503e-06,9.16697e-06,8.43571e-06,7.56484e-06,6.74989e-06,5.91587e-06,4.94738e-06,4.11077e-06
1.13315e-05,1.08658e-05,1.03202e-05,9.62356e-06,8.93908e-06,8.2716e-06,7.37055e-06,6.56306e-06,5.79899e-06,4.82633e-06,4.01542e-06
1.10543e-05,1.05918e-05,1.00656e-05,9.41196e-06,8.73978e-06,8.05372e-06,7.19615e-06,6.40987e-06,5.62774e-06,4.69175e-06,3.92025e-06
1.07765e-05,1.03632e-05,9.81442e-06,9.16844e-06,8.48365e-06,7.84671e-06,7.02216e-06,6.2487e-06,5.46847e-06,4.56346e-06,3.80968e-06
1.0537e-05,1.01276e-05,9.60476e-06,8.96168e-06,8.30075e-06,7.67774e-06,6.85439e-06,6.1043e-06,5.34354e-06,4.44618e-06,3.68778e-06
1.02655e-05,9.89349e-06,9.41434e-06,8.74143e-06,8.08654e-06,7.48108e-06,6.69204e-06,5.98372e-06,5.19293e-06,4.33649e-06,3.61955e-06
1.0067e-05,9.65444e-06,9.15872e-06,8.53842e-06,7.90461e-06,7.32005e-06,6.52464e-06,5.79966e-06,5.07821e-06,4.2337e-06,3.49942e-06
9.82692e-06,9.43968e-06,8.91653e-06,8.35168e-06,7.73475e-06,7.11693e-06,6.3767e-06,5.66165e-06,4.95801e-06,4.10946e-06,3.39872e-06
9.64971e-06,9.25855e-06,8.74009e-06,8.17092e-06,7.55856e-06,6.99551e-06,6.21915e-06,5.52486e-06,4.84725e-06,4.01003e-06,3.32712e-06
9.33833e-06,9.0237e-06,8.55071e-06,7.94998e-06,7.33608e-06,6.81554e-06,6.06965e-06,5.39788e-06,4.72748e-06,3.89279e-06,3.22502e-06
9.17812e-06,8.81419e-06,8.33586e-06,7.79658e-06,7.19524e-06,6.60402e-06,5.9121e-06,5.26806e-06,4.60083e-06,3.79623e-06,3.13321e-06
8.96237e-06,8.60744e-06,8.15877e-06,7.62589e-06,7.02378e-06,6.48421e-06,5.80451e-06,5.16376e-06,4.49158e-06,3.70975e-06,3.05819e-06
8.75952e-06,8.42479e-06,7.9431e-06,7.45479e-06,6.85457e-06,6.32378e-06,5.65351e-06,5.02539e-06,4.38153e-06,3.61146e-06,2.96177e-06
8.55949e-06,8.24767e-06,7.7829e-06,7.26059e-06,6.71239e-06,6.19317e-06,5.51389e-06,4.91287e-06,4.29636e-06,3.51687e-06,2.8906e-06
8.37911e-06,8.05683e-06,7.58626e-06,7.11361e-06,6.55471e-06,6.05993e-06,5.38767e-06,4.79588e-06,4.17702e-06,3.43366e-06,2.82163e-06
8.19604e-06,7.88998e-06,7.41942e-06,6.95472e-06,6.40086e-06,5.89372e-06,5.25282e-06,4.69176e-06,4.08024e-06,3.35659e-06,2.7451e-06
8.03179e-06,7.70341e-06,7.24935e-06,6.79702e-06,6.25322e-06,5.77031e-06,5.14119e-06,4.57681e-06,3.98613e-06,3.26929e-06,2.66918e-06
7.82702e-06,7.54869e-06,7.10351e-06,6.64842e-06,6.11423e-06,5.62611e-06,5.00237e-06,4.46664e-06,3.89463e-06,3.16352e-06,2.59491e-06
7.64193e-06,7.37944e-06,6.94334e-06,6.50054e-06,5.97468e-06,5.51277e-06,4.89085e-06,4.36315e-06,3.81382e-06,3.10345e-06,2.52779e-06
7.50116e-06,7.20588e-06,6.78268e-06,6.36342e-06,5.82587e-06,5.37043e-06,4.8e-06,4.26714e-06,3.69e-06,3.01923e-06,2.46375e-06
7.36489e-06,7.04789e-06,6.63368e-06,6.21501e-06,5.70154e-06,5.2609e-06,4.69387e-06,4.1588e-06,3.60721e-06,2.95024e-06,2.39209e-06
7.20032e-06,6.91429e-06,6.50153e-06,6.09838e-06,5.59972e-06,5.14629e-06,4.58986e-06,4.08144e-06,3.54957e-06,2.88128e-06,2.34104e-06
7.04624e-06,6.75336e-06,6.35925e-06,5.95613e-06,5.46362e-06,5.01659e-06,4.48357e-06,3.98045e-06,3.45036e-06,2.8148e-06,2.2628e-06
6.89655e-06,6.63086e-06,6.21992e-06,5.84349e-06,5.35321e-06,4.89753e-06,4.38777e-06,3.8881e-06,3.37575e-06,2.73972e-06,2.20413e-06
6.73946e-06,6.49145e-06,6.07328e-06,5.72057e-06,5.22255e-06,4.80472e-06,4.2842e-06,3.79945e-06,3.29523e-06,2.67356e-06,2.15497e-06
6.59246e-06,6.35178e-06,5.96467e-06,5.59125e-06,5.10402e-06,4.69424e-06,4.18912e-06,3.72211e-06,3.22028e-06,2.60795e-06,2.10495e-06
6.44058e-06,6.2138e-06,5.83161e-06,5.49638e-06,5.01599e-06,4.59265e-06,4.09451e-06,3.64505e-06,3.15458e-06,2.5392e-06,2.04042e-06
6.33812e-06,6.08329e-06,5.70874e-06,5.36483e-06,4.88949e-06,4.49287e-06,4.01289e-06,3.56179e-06,3.08278e-06,2.47361e-06,1.98806e-06
6.22642e-06,5.96834e-06,5.59652e-06,5.24449e-06,4.7977e-06,4.40421e-06,3.92169e-06,3.47614e-06,3.00717e-06,2.42449e-06,1.93444e-06
6.08591e-06,5.82442e-06,5.46414e-06,5.14769e-06,4.69998e-06,4.29334e-06,3.85023e-06,3.40817e-06,2.95427e-06,2.37396e-06,1.89395e-06
5.96256e-06,5.70439e-06,5.37034e-06,5.03325e-06,4.61634e-06,4.21081e-06,3.76305e-06,3.32361e-06,2.89089e-06,2.32344e-06,1.82777e-06
5.84126e-06,5.59929e-06,5.25228e-06,4.94398e-06,4.50496e-06,4.11856e-06,3.68968e-06,3.25995e-06,2.8205e-06,2.25717e-06,1.7947e-06
5.72912e-06,5.48563e-06,5.14093e-06,4.84198e-06,4.4064e-06,4.04925e-06,3.61102e-06,3.18466e-06,2.75453e-06,2.2267e-06,1.76035e-06
5.58534e-06,5.36315e-06,5.04493e-06,4.75834e-06,4.32652e-06,3.95511e-06,3.53838e-06,3.13124e-06,2.69693e-06,2.16518e-06,1.70882e-06
5.48278e-06,5.28198e-06,4.94969e-06,4.67064e-06,4.24235e-06,3.86628e-06,3.46367e-06,3.07383e-06,2.64068e-06,2.09799e-06,1.66878e-06
5.39366e-06,5.1652e-06,4.84652e-06,4.55397e-06,4.13992e-06,3.78944e-06,3.39428e-06,2.98905e-06,2.57099e-06,2.06563e-06,1.62241e-06
5.2802e-06,5.06941e-06,4.74707e-06,4.46381e-06,4.05807e-06,3.71083e-06,3.32144e-06,2.92664e-06,2.51903e-06,2.00777e-06,1.58046e-06
5.18432e-06,4.97557e-06,4.65947e-06,4.39081e-06,3.98992e-06,3.63115e-06,3.25187e-06,2.86562e-06,2.45714e-06,1.96421e-06,1.5439e-06
5.07817e-06,4.86806e-06,4.56859e-06,4.29747e-06,3.90436e-06,3.56126e-06,3.18202e-06,2.8085e-06,2.4142e-06,1.93485e-06,1.50574e-06
4.97815e-06,4.7852e-06,4.47311e-06,4.21796e-06,3.83102e-06,3.48112e-06,3.12435e-06,2.74505e-06,2.36247e-06,1.89761e-06,1.46055e-06
4.88647e-06,4.6937e-06,4.407e-06,4.13642e-06,3.7626e-06,3.41424e-06,3.07035e-06,2.6945e-06,2.30825e-06,1.84778e-06,1.42556e-06
4.7742e-06,4.58846e-06,4.30407e-06,4.0645e-06,3.68762e-06,3.34185e-06,3.00422e-06,2.63569e-06,2.26696e-06,1.80191e-06,1.38896e-06
4.68122e-06,4.50088e-06,4.21765e-06,3.98651e-06,3.61359e-06,3.27583e-06,2.93896e-06,2.58081e-06,2.21931e-06,1.76753e-06,1.35868e-06
4.59876e-06,4.41593e-06,4.13805e-06,3.89774e-06,3.53843e-06,3.21068e-06,2.88181e-06,2.52389e-06,2.16594e-06,1.72551e-06,1.32105e-06
4.50318e-06,4.33409e-06,4.06185e-06,3.82835e-06,3.46165e-06,3.14809e-06,2.82943e-06,2.48076e-06,2.1174e-06,1.68141e-06,1.30483e-06
4.42886e-06,4.25604e-06,3.97783e-06,3.75856e-06,3.40571e-06,3.08414e-06,2.76313e-06,2.4209e-06,2.07564e-06,1.64895e-06,1.26434e-06
4.34339e-06,4.17478e-06,3.90226e-06,3.69214e-06,3.33998e-06,3.02695e-06,2.71229e-06,2.37931e-06,2.02966e-06,1.61303e-06,1.24392e-06
4.25506e-06,4.08557e-06,3.82617e-06,3.62122e-06,3.27612e-06,2.96209e-06,2.66305e-06,2.33125e-06,1.99422e-06,1.57812e-06,1.21094e-06
4.17593e-06,4.02586e-06,3.76274e-06,3.55063e-06,3.21046e-06,2.9092e-06,2.61221e-06,2.28221e-06,1.94473e-06,1.54761e-06,1.18661e-06
4.09064e-06,3.93703e-06,3.68636e-06,3.49633e-06,3.15346e-06,2.84096e-06,2.55792e-06,2.23813e-06,1.9079e-06,1.50793e-06,1.15325e-06
4.01908e-06,3.86315e-06,3.61914e-06,3.42058e-06,3.09319e-06,2.79239e-06,2.50716e-06,2.18725e-06,1.86799e-06,1.47884e-06,1.12669e-06
3.94263e-06,3.7894e-06,3.54742e-06,3.35256e-06,3.02574e-06,2.73595e-06,2.46173e-06,2.14631e-06,1.82324e-06,1.44519e-06,1.09954e-06
3.87181e-06,3.71338e-06,3.48421e-06,3.29561e-06,2.97352e-06,2.68535e-06,2.41087e-06,2.1084e-06,1.7904e-06,1.41937e-06,1.0717e-06
3.79724e-06,3.64905e-06,3.41926e-06,3.23474e-06,2.91766e-06,2.63056e-06,2.36654e-06,2.06117e-06,1.75426e-06,1.38552e-06,1.04825e-06
3.72585e-06,3.57664e-06,3.35934e-06,3.17256e-06,2.86062e-06,2.57934e-06,2.32099e-06,2.01956e-06,1.71584e-06,1.35732e-06,1.0284e-06
3.65734e-06,3.51293e-06,3.29484e-06,3.11635e-06,2.81032e-06,2.53061e-06,2.27344e-06,1.9749e-06,1.68039e-06,1.33021e-06,1.00066e-06
3.59463e-06,3.44317e-06,3.2366e-06,3.06095e-06,2.7568e-06,2.47622e-06,2.22511e-06,1.93838e-06,1.64314e-06,1.30022e-06,9.76771e-07
3.51642e-06,3.39015e-06,3.17346e-06,3.01151e-06,2.70398e-06,2.43231e-06,2.1861e-06,1.90148e-06,1.60601e-06,1.26889e-06,9.61536e-07
3.45618e-06,3.31369e-06,3.11551e-06,2.946e-06,2.65443e-06,2.38071e-06,2.14447e-06,1.86464e-06,1.5794e-06,1.24554e-06,9.30803e-07
3.39058e-06,3.25388e-06,3.05536e-06,2.88802e-06,2.59581e-06,2.33905e-06,2.10721e-06,1.82217e-06,1.5432e-06,1.21837e-06,9.11745e-07
3.32379e-06,3.1907e-06,2.99948e-06,2.84174e-06,2.55759e-06,2.29252e-06,2.06862e-06,1.79334e-06,1.51568e-06,1.19324e-06,8.89588e-07
3.25815e-06,3.14217e-06,2.94208e-06,2.78526e-06,2.50273e-06,2.25066e-06,2.02229e-06,1.7538e-06,1.47944e-06,1.16618e-06,8.72754e-07
3.20154e-06,3.0773e-06,2.89299e-06,2.73738e-06,2.46017e-06,2.2071e-06,1.98534e-06,1.72082e-06,1.44775e-06,1.14215e-06,8.51936e-07
3.14714e-06,3.01916e-06,2.84216e-06,2.69037e-06,2.41669e-06,2.16615e-06,1.94667e-06,1.68664e-06,1.42143e-06,1.11942e-06,8.3311e-07
3.08657e-06,2.96431e-06,2.79147e-06,2.64081e-06,2.37161e-06,2.12653e-06,1.91595e-06,1.65281e-06,1.38735e-06,1.09352e-06,8.14932e-07
3.02477e-06,2.90975e-06,2.74005e-06,2.5931e-06,2.32783e-06,2.08435e-06,1.87603e-06,1.62023e-06,1.36151e-06,1.07115e-06,7.96834e-07
2.97421e-06,2.86894e-06,2.69426e-06,2.54612e-06,2.28322e-06,2.04971e-06,1.83891e-06,1.58758e-06,1.32801e-06,1.04745e-06,7.8159e-07
2.9162e-06,2.80229e-06,2.64111e-06,2.49871e-06,2.23663e-06,2.00343e-06,1.80318e-06,1.55779e-06,1.30357e-06,1.02429e-06,7.6304e-07
2.86255e-06,2.75647e-06,2.594e-06,2.45178e-06,2.20101e-06,1.97313e-06,1.77021e-06,1.52827e-06,1.27735e-06,1.00447e-06,7.44896e-07
2.81191e-06,2.71041e-06,2.54893e-06,2.41011e-06,2.15544e-06,1.93175e-06,1.74021e-06,1.50082e-06,1.2501e-06,9.8237e-07,7.27775e-07
2.7637e-06,2.6573e-06,2.50328e-06,2.36485e-06,2.12033e-06,1.89702e-06,1.70651e-06,1.46552e-06,1.22396e-06,9.65286e-07,7.10071e-07
2.71137e-06,2.60836e-06,2.462e-06,2.32542e-06,2.08329e-06,1.8596e-06,1.6678e-06,1.43902e-06,1.20155e-06,9.45622e-07,6.96224e-07
2.66253e-06,2.56327e-06,2.42153e-06,2.28088e-06,2.04782e-06,1.82809e-06,1.64526e-06,1.41192e-06,1.17416e-06,9.22825e-07,6.77295e-07
2.60976e-06,2.518e-06,2.37677e-06,2.24069e-06,2.01129e-06,1.79476e-06,1.61351e-06,1.38225e-06,1.1497e-06,9.05113e-07,6.65629e-07
2.56304e-06,2.46853e-06,2.33165e-06,2.20226e-06,1.9718e-06,1.76078e-06,1.58125e-06,1.35624e-06,1.12377e-06,8.859e-07,6.51569e-07
2.51974e-06,2.4318e-06,2.29371e-06,2.1595e-06,1.93748e-06,1.73235e-06,1.55424e-06,1.33407e-06,1.10345e-06,8.67134e-07,6.38019e-07
2.47703e-06,2.39027e-06,2.25397e-06,2.12724e-06,1.90412e-06,1.69801e-06,1.52923e-06,1.30532e-06,1.08248e-06,8.4855e-07,6.24795e-07
2.43529e-06,2.34977e-06,2.20995e-06,2.08474e-06,1.86705e-06,1.66623e-06,1.49808e-06,1.28184e-06,1.05806e-06,8.30312e-07,6.13564e-07
2.38927e-06,2.30247e-06,2.17597e-06,2.05132e-06,1.83931e-06,1.635e-06,1.4689e-06,1.25877e-06,1.0359e-06,8.15205e-07,5.97252e-07
2.34315e-06,2.25648e-06,2.13583e-06,2.01632e-06,1.80588e-06,1.60954e-06,1.44119e-06,1.2346e-06,1.01685e-06,7.98206e-07,5.81817e-07
2.30613e-06,2.2245e-06,2.101e-06,1.98143e-06,1.77485e-06,1.57722e-06,1.41599e-06,1.2137e-06,9.97884e-07,7.80053e-07,5.7152e-07
2.26615e-06,2.1867e-06,2.06876e-06,1.94645e-06,1.74074e-06,1.55158e-06,1.39081e-06,1.18654e-06,9.75398e-07,7.6376e-07,5.59101e-07
2.22677e-06,2.1533e-06,2.03802e-06,1.91755e-06,1.71251e-06,1.52499e-06,1.37082e-06,1.16351e-06,9.56571e-07,7.47854e-07,5.46836e-07
2.18986e-06,2.11247e-06,1.99916e-06,1.8798e-06,1.68445e-06,1.49639e-06,1.34101e-06,1.14397e-06,9.36514e-07,7.32053e-07,5.34667e-07
2.15152e-06,2.08177e-06,1.9723e-06,1.85115e-06,1.65812e-06,1.47501e-06,1.32171e-06,1.1237e-06,9.18045e-07,7.19014e-07,5.27736e-07
2.12035e-06,2.05555e-06,1.93179e-06,1.81723e-06,1.62916e-06,1.4483e-06,1.29658e-06,1.10038e-06,9.03234e-07,7.02155e-07,5.12897e-07
2.08189e-06,2.01157e-06,1.90364e-06,1.7839e-06,1.60104e-06,1.417e-06,1.27442e-06,1.08206e-06,8.86287e-07,6.88738e-07,5.0476e-07
2.05275e-06,1.98335e-06,1.87234e-06,1.75735e-06,1.57514e-06,1.39748e-06,1.25194e-06,1.06269e-06,8.65727e-07,6.75012e-07,4.91964e-07
2.01844e-06,1.94917e-06,1.84258e-06,1.72743e-06,1.55051e-06,1.37346e-06,1.23456e-06,1.04509e-06,8.48491e-07,6.61517e-07,4.84558e-07
1.9768e-06,1.92081e-06,1.81392e-06,1.70023e-06,1.52941e-06,1.35475e-06,1.21401e-06,1.02968e-06,8.3183e-07,6.49342e-07,4.70627e-07
1.9477e-06,1.88291e-06,1.78289e-06,1.67543e-06,1.50082e-06,1.33312e-06,1.19214e-06,1.01171e-06,8.17232e-07,6.35618e-07,4.64026e-07
1.92218e-06,1.85489e-06,1.75814e-06,1.64578e-06,1.47505e-06,1.30729e-06,1.16375e-06,9.92616e-07,8.04166e-07,6.22143e-07,4.54536e-07
1.8875e-06,1.8262e-06,1.72914e-06,1.62265e-06,1.45396e-06,1.28634e-06,1.14671e-06,9.7238e-07,7.85659e-07,6.12281e-07,4.45419e-07
1.85882e-06,1.80316e-06,1.70799e-06,1.60005e-06,1.43112e-06,1.26575e-06,1.12767e-06,9.53612e-07,7.72306e-07,6.00208e-07,4.36996e-07
1.83116e-06,1.77461e-06,1.68877e-06,1.57063e-06,1.40659e-06,1.24457e-06,1.1094e-06,9.40805e-07,7.57587e-07,5.90058e-07,4.26022e-07
1.8071e-06,1.74347e-06,1.65326e-06,1.55163e-06,1.38207e-06,1.22725e-06,1.09214e-06,9.19834e-07,7.40208e-07,5.77594e-07,4.19413e-07
1.76794e-06,1.71683e-06,1.63364e-06,1.52076e-06,1.36183e-06,1.20737e-06,1.07625e-06,9.05031e-07,7.24753e-07,5.67063e-07,4.10648e-07
1.75041e-06,1.69028e-06,1.6066e-06,1.50122e-06,1.34326e-06,1.18512e-06,1.05685e-06,8.95042e-07,7.14978e-07,5.52677e-07,4.02017e-07
1.72203e-06,1.6671e-06,1.57741e-06,1.47752e-06,1.32291e-06,1.16787e-06,1.04025e-06,8.7376e-07,7.0172e-07,5.46167e-07,3.96264e-07
1.69415e-06,1.64142e-06,1.55798e-06,1.45041e-06,1.30574e-06,1.148e-06,1.02621e-06,8.62408e-07,6.87683e-07,5.36298e-07,3.83898e-07
1.66578e-06,1.61825e-06,1.53547e-06,1.43751e-06,1.28599e-06,1.12882e-06,1.01114e-06,8.47255e-07,6.75446e-07,5.23783e-07,3.78378e-07
1.64146e-06,1.59392e-06,1.51402e-06,1.4091e-06,1.26608e-06,1.12031e-06,9.92426e-07,8.33072e-07,6.5991e-07,5.14335e-07,3.73549e-07
1.61933e-06,1.56993e-06,1.48717e-06,1.39513e-06,1.25145e-06,1.09676e-06,9.78875e-07,8.18988e-07,6.48826e-07,5.03452e-07,3.64761e-07
1.60003e-06,1.54965e-06,1.47517e-06,1.36988e-06,1.22961e-06,1.07946e-06,9.63225e-07,8.09618e-07,6.42838e-07,4.98109e-07,3.55737e-07
1.56765e-06,1.51832e-06,1.45011e-06,1.34656e-06,1.21359e-06,1.06103e-06,9.47764e-07,7.93307e-07,6.29262e-07,4.85047e-07,3.4774e-07
1.55221e-06,1.5022e-06,1.43344e-06,1.33013e-06,1.20041e-06,1.04853e-06,9.31864e-07,7.77821e-07,6.19897e-07,4.78278e-07,3.4289e-07
1.52715e-06,1.47895e-06,1.40706e-06,1.31481e-06,1.17488e-06,1.03367e-06,9.17198e-07,7.6597e-07,6.07612e-07,4.68616e-07,3.38638e-07
1.51331e-06,1.46533e-06,1.38977e-06,1.29117e-06,1.15856e-06,1.01857e-06,9.05666e-07,7.57086e-07,6.01617e-07,4.61979e-07,3.30467e-07
1.47396e-06,1.4354e-06,1.36616e-06,1.27358e-06,1.14653e-06,1.00051e-06,8.94224e-07,7.40929e-07,5.80692e-07,4.50496e-07,3.21507e-07
1.46752e-06,1.4214e-06,1.35486e-06,1.25975e-06,1.13046e-06,9.90511e-07,8.81751e-07,7.33771e-07,5.76045e-07,4.42881e-07,3.19353e-07
1.43826e-06,1.40146e-06,1.33101e-06,1.24163e-06,1.11484e-06,9.75927e-07,8.68109e-07,7.18945e-07,5.68738e-07,4.36858e-07,3.12621e-07
1.42636e-06,1.38259e-06,1.31995e-06,1.22736e-06,1.10057e-06,9.61048e-07,8.559e-07,7.07055e-07,5.57193e-07,4.28191e-07,3.07107e-07
1.40768e-06,1.3682e-06,1.30006e-06,1.20441e-06,1.08797e-06,9.50816e-07,8.42262e-07,6.9944e-07,5.48773e-07,4.22384e-07,3.02464e-07
1.38369e-06,1.35006e-06,1.28554e-06,1.187e-06,1.06872e-06,9.37887e-07,8.30345e-07,6.90978e-07,5.39909e-07,4.12601e-07,2.95572e-07
1.36847e-06,1.33374e-06,1.26459e-06,1.1735e-06,1.05853e-06,9.22406e-07,8.25888e-07,6.78456e-07,5.31048e-07,4.05633e-07,2.90072e-07
1.35468e-06,1.31654e-06,1.2445e-06,1.15967e-06,1.05028e-06,9.06372e-07,8.07574e-07,6.65588e-07,5.20722e-07,4.00017e-07,2.86398e-07
1.33725e-06,1.29938e-06,1.23346e-06,1.14651e-06,1.03274e-06,9.00929e-07,7.9661e-07,6.58413e-07,5.15026e-07,3.92099e-07,2.79423e-07
1.31602e-06,1.27642e-06,1.21735e-06,1.13268e-06,1.01539e-06,8.87222e-07,7.87528e-07,6.45278e-07,5.04735e-07,3.86033e-07,2.74111e-07
1.29286e-06,1.26249e-06,1.20207e-06,1.11255e-06,1.00335e-06,8.76788e-07,7.77115e-07,6.39699e-07,4.96079e-07,3.80199e-07,2.70629e-07
1.28226e-06,1.24613e-06,1.18868e-06,1.09952e-06,9.91103e-07,8.63103e-07,7.63885e-07,6.29892e-07,4.9215e-07,3.73076e-07,2.6664e-07
1.26356e-06,1.23294e-06,1.17157e-06,1.09043e-06,9.79874e-07,8.49419e-07,7.54572e-07,6.18092e-07,4.81846e-07,3.66971e-07,2.62859e-07
1.25066e-06,1.21573e-06,1.15046e-06,1.06919e-06,9.69378e-07,8.40787e-07,7.44463e-07,6.1227e-07,4.77684e-07,3.62085e-07,2.57235e-07
1.23857e-06,1.19875e-06,1.13775e-06,1.05708e-06,9.54095e-07,8.30767e-07,7.3271e-07,6.01172e-07,4.70015e-07,3.55862e-07,2.50988e-07
1.21866e-06,1.18208e-06,1.12569e-06,1.04734e-06,9.40801e-07,8.2041e-07,7.21957e-07,5.94019e-07,4.61332e-07,3.49502e-07,2.47998e-07
1.20771e-06,1.17356e-06,1.11568e-06,1.03027e-06,9.31509e-07,8.07109e-07,7.13972e-07,5.84981e-07,4.54034e-07,3.4498e-07,2.44782e-07
1.19209e-06,1.15942e-06,1.10586e-06,1.01359e-06,9.23946e-07,7.97778e-07,7.04087e-07,5.78244e-07,4.47674e-07,3.36476e-07,2.38135e-07
1.17357e-06,1.14201e-06,1.09017e-06,1.00767e-06,9.08421e-07,7.87961e-07,6.93985e-07,5.68085e-07,4.40555e-07,3.32628e-07,2.37312e-07
1.15569e-06,1.12562e-06,1.07934e-06,9.92839e-07,8.98068e-07,7.79327e-07,6.85326e-07,5.5962e-07,4.36787e-07,3.29227e-07,2.31441e-07
1.14423e-06,1.11992e-06,1.06045e-06,9.84774e-07,8.89604e-07,7.70257e-07,6.77484e-07,5.53823e-07,4.27907e-07,3.23816e-07,2.27841e-07
1.14149e-06,1.10831e-06,1.05117e-06,9.73332e-07,8.81288e-07,7.55353e-07,6.69207e-07,5.46344e-07,4.17345e-07,3.16169e-07,2.2543e-07
1.1145e-06,1.08788e-06,1.03512e-06,9.60426e-07,8.67055e-07,7.54237e-07,6.61161e-07,5.39062e-07,4.17663e-07,3.13614e-07,2.20568e-07
1.10424e-06,1.07463e-06,1.02615e-06,9.42118e-07,8.55101e-07,7.43305e-07,6.48975e-07,5.30854e-07,4.08328e-07,3.06629e-07,2.16179e-07
1.08799e-06,1.06573e-06,1.01451e-06,9.35146e-07,8.43449e-07,7.34233e-07,6.41424e-07,5.25597e-07,4.03312e-07,3.03066e-07,2.12872e-07
1.07738e-06,1.04296e-06,1.00097e-06,9.25021e-07,8.34409e-07,7.19635e-07,6.3306e-07,5.17229e-07,3.96704e-07,2.9646e-07,2.07942e-07
1.07078e-06,1.04082e-06,9.9264e-07,9.17955e-07,8.24663e-07,7.09789e-07,6.29378e-07,5.09713e-07,3.92548e-07,2.92901e-07,2.07468e-07
1.05341e-06,1.02975e-06,9.79437e-07,9.04015e-07,8.14685e-07,7.02484e-07,6.20217e-07,5.0353e-07,3.88322e-07,2.8933e-07,2.01875e-07
1.04207e-06,1.02117e-06,9.68521e-07,8.91668e-07,8.07948e-07,6.94918e-07,6.09963e-07,4.97955e-07,3.81537e-07,2.84478e-07,2.01069e-07
1.02772e-06,1.00116e-06,9.53163e-07,8.81221e-07,7.96332e-07,6.89146e-07,6.00467e-07,4.9038e-07,3.76025e-07,2.78548e-07,1.96796e-07
1.01697e-06,9.87825e-07,9.47209e-07,8.76729e-07,7.8357e-07,6.78312e-07,5.9643e-07,4.82839e-07,3.72308e-07,2.77121e-07,1.93172e-07
1.00879e-06,9.82368e-07,9.30737e-07,8.59858e-07,7.77194e-07,6.70196e-07,5.89938e-07,4.78371e-07,3.66227e-07,2.71847e-07,1.91434e-07
9.93476e-07,9.65517e-07,9.23629e-07,8.48278e-07,7.72115e-07,6.62159e-07,5.7917e-07,4.71018e-07,3.62627e-07,2.68877e-07,1.84988e-07
9.88666e-07,9.537e-07,9.13309e-07,8.39048e-07,7.59611e-07,6.54974e-07,5.74025e-07,4.64444e-07,3.5781e-07,2.65235e-07,1.85965e-07
9.71454e-07,9.43296e-07,9.004e-07,8.28252e-07,7.5241e-07,6.4691e-07,5.67293e-07,4.59665e-07,3.52142e-07,2.60982e-07,1.81734e-07
9.59147e-07,9.39805e-07,8.9827e-07,8.24612e-07,7.44065e-07,6.38414e-07,5.60339e-07,4.52216e-07,3.44601e-07,2.55788e-07,1.797e-07
9.486e-07,9.31592e-07,8.83404e-07,8.09339e-07,7.36824e-07,6.3227e-07,5.5718e-07,4.47259e-07,3.41328e-07,2.51937e-07,1.767e-07
9.37496e-07,9.18196e-07,8.7316e-07,8.03103e-07,7.24112e-07,6.23771e-07,5.43448e-07,4.43416e-07,3.36394e-07,2.50333e-07,1.72801e-07
9.28906e-07,9.03474e-07,8.61133e-07,7.98345e-07,7.16911e-07,6.18135e-07,5.36041e-07,4.35705e-07,3.32099e-07,2.44839e-07,1.73605e-07
9.16837e-07,8.91828e-07,8.51931e-07,7.89798e-07,7.09854e-07,6.07033e-07,5.28822e-07,4.29367e-07,3.26335e-07,2.42608e-07,1.68137e-07
9.08947e-07,8.86311e-07,8.44502e-07,7.77417e-07,6.98045e-07,6.00674e-07,5.22749e-07,4.23615e-07,3.20834e-07,2.37715e-07,1.66855e-07
8.94983e-07,8.79186e-07,8.32883e-07,7.67282e-07,6.88919e-07,5.96203e-07,5.14376e-07,4.18536e-07,3.17828e-07,2.33607e-07,1.63801e-07
8.83672e-07,8.60882e-07,8.24853e-07,7.61824e-07,6.83113e-07,5.88632e-07,5.10528e-07,4.12188e-07,3.15283e-07,2.31724e-07,1.60581e-07
8.73968e-07,8.51174e-07,8.11874e-07,7.39855e-07,6.778e-07,5.81855e-07,5.05711e-07,4.07784e-07,3.10633e-07,2.28699e-07,1.56901e-07
8.66923e-07,8.40554e-07,8.0399e-07,7.36415e-07,6.64915e-07,5.75765e-07,4.97844e-07,4.01738e-07,3.05547e-07,2.2505e-07,1.5491e-07
8.54884e-07,8.32709e-07,7.93755e-07,7.30128e-07,6.59104e-07,5.65798e-07,4.90895e-07,3.97316e-07,3.02265e-07,2.21442e-07,1.52457e-07
8.43858e-07,8.20815e-07,7.84143e-07,7.25637e-07,6.5151e-07,5.60925e-07,4.85907e-07,3.90147e-07,2.97663e-07,2.19134e-07,1.50947e-07
8.29451e-07,8.1171e-07,7.74684e-07,7.15555e-07,6.43248e-07,5.53907e-07,4.80908e-07,3.8907e-07,2.93419e-07,2.14715e-07,1.49043e-07
8.2798e-07,8.08107e-07,7.68368e-07,7.05772e-07,6.35578e-07,5.45442e-07,4.75156e-07,3.80988e-07,2.90791e-07,2.12003e-07,1.45839e-07
8.13514e-07,7.93317e-07,7.58783e-07,6.97203e-07,6.2953e-07,5.40483e-07,4.68568e-07,3.7649e-07,2.86463e-07,2.10166e-07,1.43613e-07
8.00677e-07,7.83087e-07,7.51326e-07,6.8665e-07,6.18888e-07,5.34486e-07,4.64451e-07,3.72895e-07,2.81944e-07,2.06162e-07,1.41748e-07
7.97271e-07,7.7835e-07,7.41688e-07,6.8229e-07,6.18642e-07,5.27753e-07,4.59473e-07,3.67463e-07,2.77721e-07,2.03296e-07,1.40908e-07
7.83351e-07,7.67994e-07,7.32596e-07,6.73173e-07,6.06187e-07,5.22193e-07,4.50778e-07,3.61679e-07,2.74351e-07,2.00525e-07,1.37625e-07
7.77574e-07,7.59295e-07,7.23945e-07,6.6405e-07,6.00049e-07,5.1496e-07,4.44906e-07,3.5686e-07,2.70751e-07,1.97956e-07,1.35428e-07
7.70433e-07,7.51205e-07,7.17041e-07,6.56823e-07,5.9407e-07,5.07653e-07,4.39732e-07,3.54169e-07,2.67556e-07,1.93902e-07,1.34561e-07
7.53935e-07,7.39323e-07,7.07491e-07,6.52415e-07,5.83678e-07,5.03e-07,4.35299e-07,3.47256e-07,2.64549e-07,1.92715e-07,1.31172e-07
7.45737e-07,7.31894e-07,6.99251e-07,6.4286e-07,5.78248e-07,4.97871e-07,4.27249e-07,3.43639e-07,2.59479e-07,1.88881e-07,1.30594e-07
7.44536e-07,7.21371e-07,6.91377e-07,6.38295e-07,5.72073e-07,4.88506e-07,4.24654e-07,3.3844e-07,2.55732e-07,1.87744e-07,1.27891e-07
7.30454e-07,7.14552e-07,6.84854e-07,6.26749e-07,5.65488e-07,4.84167e-07,4.19694e-07,3.35867e-07,2.54445e-07,1.83695e-07,1.24552e-07
7.23252e-07,7.05453e-07,6.75416e-07,6.19854e-07,5.57403e-07,4.7953e-07,4.10627e-07,3.29546e-07,2.47495e-07,1.80533e-07,1.23828e-07
7.11872e-07,6.96237e-07,6.64213e-07,6.16992e-07,5.50396e-07,4.73637e-07,4.06377e-07,3.25109e-07,2.45495e-07,1.77879e-07,1.22539e-07
7.07149e-07,6.88458e-07,6.57764e-07,6.0408e-07,5.43713e-07,4.67782e-07,3.9998e-07,3.22752e-07,2.43651e-07,1.7675e-07,1.18598e-07
6.96249e-07,6.82768e-07,6.52182e-07,5.95631e-07,5.37216e-07,4.58469e-07,3.98983e-07,3.16908e-07,2.40164e-07,1.73831e-07,1.18611e-07
6.89397e-07,6.72743e-07,6.48394e-07,5.86675e-07,5.29758e-07,4.56162e-07,3.92136e-07,3.13439e-07,2.36451e-07,1.7051e-07,1.17306e-07
