0.0357917,0.0358102,0.0354274,0.0349217,0.0339739,0.0326873,0.0314867,0.0301004,0.0279536,0.0264571,0.0243851
0.033578,0.033259,0.0329569,0.0326402,0.0317901,0.0305155,0.0297907,0.0281897,0.0264573,0.0245181,0.0224992
0.0311736,0.0309069,0.0312174,0.0299724,0.0295766,0.0283335,0.0275316,0.0261776,0.0243174,0.0226405,0.0205703
0.0289575,0.0288041,0.0286768,0.0280084,0.0275275,0.0264985,0.0255215,0.0242561,0.0226038,0.0209721,0.0191897
0.0270512,0.0269147,0.0267973,0.0262121,0.0257407,0.0248083,0.0238601,0.0226807,0.0211422,0.0195445,0.0178468
0.0253781,0.0250933,0.0252867,0.0247545,0.0242471,0.0233082,0.0225357,0.0213446,0.0199328,0.0183447,0.0165844
0.0237128,0.0236863,0.0235749,0.0230811,0.0226321,0.0218263,0.0210033,0.0199201,0.0185354,0.0170481,0.0155413
0.0223662,0.0223032,0.0222001,0.0217362,0.0212723,0.0205543,0.019803,0.0187264,0.0173523,0.0159415,0.0145549
0.0209386,0.0209787,0.0208906,0.0204463,0.0200297,0.0193189,0.018621,0.0175712,0.0163661,0.0149649,0.0136294
0.019715,0.0198504,0.0196217,0.0192949,0.0189117,0.0181995,0.0175656,0.0166573,0.0154264,0.0140477,0.0128118
0.0186895,0.0187029,0.0186045,0.0180627,0.0178284,0.0171472,0.0164919,0.0156122,0.0145131,0.0131398,0.0120173
0.0174643,0.0176981,0.0176963,0.0173405,0.0169716,0.0163089,0.0157054,0.0148044,0.0137406,0.0124983,0.0112839
0.0166244,0.0167212,0.016671,0.0163638,0.0159136,0.0153809,0.0148314,0.0139335,0.0130108,0.0117167,0.0106689
0.0156817,0.0159362,0.0157569,0.0154757,0.0151042,0.014556,0.0140144,0.013145,0.0122196,0.0109988,0.0100855
0.0148641,0.0150808,0.015023,0.0146482,0.0143267,0.0138007,0.0132914,0.0125113,0.0116052,0.0104416,0.00946865
0.0141371,0.014239,0.0142155,0.0138214,0.0136522,0.0131186,0.0125632,0.0117889,0.0110269,0.00983299,0.0090293
0.0134128,0.0136992,0.0136415,0.0130856,0.0130525,0.0125497,0.0120025,0.0113263,0.0104182,0.0093507,0.00848284
0.0127069,0.0129861,0.0128817,0.0125935,0.0123253,0.0118439,0.0113515,0.0105883,0.00991368,0.00888798,0.00810248
0.0121309,0.012326,0.0122261,0.0118203,0.0117396,0.0113308,0.0107988,0.0101666,0.00944119,0.00843519,0.00755677
0.0114696,0.0116769,0.0116887,0.011569,0.0111483,0.0107355,0.0102924,0.00962449,0.00908539,0.00798598,0.00722757
0.0110267,0.0112149,0.0110943,0.0107131,0.010681,0.0102582,0.00979535,0.00921124,0.00854701,0.00760634,0.00680652
0.0104594,0.0107121,0.010636,0.0103164,0.0101033,0.00971947,0.00933075,0.00875022,0.00809647,0.00717076,0.00655849
0.0101384,0.0101966,0.010205,0.00967487,0.00965867,0.0093847,0.00892724,0.00848532,0.00768152,0.00686836,0.00615647
0.00951279,0.00975125,0.00979631,0.00935497,0.00925993,0.00890748,0.00851341,0.00798445,0.00734163,0.00651649,0.00594733
0.00916923,0.00928232,0.00925784,0.00883439,0.00895651,0.00857015,0.00813623,0.00765222,0.00699091,0.0062442,0.00559715
0.0087534,0.00884235,0.00887867,0.00852193,0.0084315,0.00813763,0.00777872,0.00726452,0.0066975,0.00592886,0.00532643
0.00837444,0.00850296,0.00852153,0.00805398,0.00811392,0.0078165,0.0074019,0.00697135,0.00639967,0.00569416,0.00507827
0.00804836,0.00810555,0.00815807,0.0079263,0.00774355,0.00749134,0.00709841,0.00666556,0.00618846,0.00540543,0.00484266
0.00769311,0.007778,0.0077744,0.00737206,0.00747358,0.00714218,0.00675854,0.00638347,0.00584512,0.00517216,0.0046362
0.0073195,0.00740836,0.00756469,0.00715172,0.00710151,0.0068647,0.00651938,0.00607203,0.00557553,0.00498086,0.00446671
0.00701236,0.00708493,0.00715345,0.00677271,0.0067991,0.00652084,0.00623596,0.00581251,0.00536833,0.00473924,0.00419236
0.00673185,0.00676279,0.00688881,0.00656759,0.00653388,0.00624909,0.00598115,0.00558718,0.00517286,0.00455324,0.004014
0.00645733,0.0065041,0.00661895,0.00629791,0.00627846,0.00600153,0.00571398,0.00535608,0.00492856,0.00433808,0.00385008
0.00616119,0.00624877,0.00635134,0.0060165,0.00601707,0.00577811,0.00550295,0.0051237,0.00473052,0.00413488,0.00367775
0.00599011,0.00597673,0.00611925,0.00586175,0.00575611,0.0055118,0.00526151,0.00491074,0.00453124,0.00401923,0.00352212
0.00573722,0.00573368,0.00586342,0.00555752,0.00561894,0.00528163,0.00509085,0.00469869,0.00431783,0.00381646,0.00337474
0.00552116,0.00550264,0.00564243,0.00532506,0.0053077,0.00510757,0.0048716,0.00451027,0.00418178,0.00366071,0.00323355
0.0052889,0.00529085,0.00539216,0.00515204,0.00513462,0.00489785,0.00467404,0.00435447,0.00397075,0.00352688,0.00308024
0.00514515,0.00514032,0.00523647,0.00498465,0.00498417,0.00469245,0.00452229,0.00420659,0.00382792,0.00338935,0.00295364
0.00492201,0.00488098,0.00498626,0.00485058,0.00480717,0.00460211,0.00434098,0.00410233,0.0036955,0.00324853,0.00283325
0.00470044,0.00467054,0.00481041,0.00458606,0.00461323,0.00441721,0.00415988,0.00386982,0.00353727,0.00312844,0.00272392
0.00455128,0.00455048,0.00462,0.00443017,0.00444781,0.00420487,0.00402933,0.00374876,0.00342181,0.00298629,0.00260937
0.00437335,0.00430832,0.00446764,0.00427089,0.00427349,0.00404439,0.00384978,0.00358909,0.00329544,0.00288043,0.00247664
0.00423626,0.0042065,0.0042908,0.00411441,0.00413204,0.00389781,0.00371731,0.00344901,0.00313279,0.00277373,0.00241089
0.00400331,0.00405042,0.0041003,0.0039275,0.00398786,0.00378665,0.00357902,0.00330772,0.00305916,0.0026742,0.00228692
0.00390908,0.00388389,0.00401559,0.00379125,0.00380333,0.00364729,0.00343704,0.00321805,0.00296317,0.00256164,0.00222005
0.00380188,0.00375657,0.00384342,0.00367606,0.00366522,0.00346616,0.00329074,0.00312195,0.00283353,0.00243201,0.00213753
0.00365982,0.00363108,0.00367684,0.00354497,0.00354491,0.00338039,0.00320022,0.00297846,0.00272772,0.00238801,0.00206316
0.00347223,0.00351772,0.00360156,0.00343007,0.00341225,0.00329248,0.00308672,0.00289983,0.00264028,0.00231029,0.00198407
0.0034091,0.00337285,0.00345868,0.00329926,0.00330122,0.00313246,0.00297798,0.00280429,0.00253582,0.00222303,0.00190829
0.00324644,0.00327614,0.00336361,0.00319982,0.00317367,0.0030825,0.00288365,0.00270048,0.0024747,0.00213725,0.00184595
0.00315932,0.00316172,0.00324575,0.00307912,0.00305604,0.0029303,0.00279521,0.00260805,0.0023511,0.00204784,0.00175117
0.00307225,0.00302741,0.00314654,0.00298655,0.0029753,0.00284159,0.00268636,0.00250806,0.00227643,0.00198023,0.00169156
0.00295834,0.00295697,0.00299615,0.00288263,0.00288072,0.00277518,0.00258522,0.00242891,0.00220876,0.00190909,0.00164933
0.00282281,0.00283064,0.0028886,0.00279276,0.00277628,0.00266606,0.00251433,0.0023353,0.00213031,0.00185487,0.00157745
0.00272377,0.00273216,0.0028038,0.00269608,0.00268784,0.00260057,0.00242254,0.00225457,0.00208154,0.00179823,0.00152477
0.00263465,0.00266015,0.00269261,0.00260212,0.0025895,0.00250766,0.00235305,0.00218966,0.00199818,0.00172647,0.00147697
0.00255597,0.00256639,0.0026165,0.00251604,0.00251913,0.00242508,0.00226101,0.00212419,0.00192328,0.00165769,0.00142721
0.00245987,0.00247752,0.00252847,0.00243696,0.00242192,0.00233452,0.00219662,0.00204464,0.00185372,0.00161488,0.00136952
0.00237891,0.00239568,0.00243523,0.00236413,0.00235339,0.00226046,0.00212775,0.00198386,0.00179368,0.00156686,0.00132402
0.00231231,0.00231598,0.00237313,0.00228921,0.00227722,0.00216879,0.00206529,0.00189466,0.00171739,0.0015234,0.00127026
0.00222556,0.0022526,0.00228219,0.00220702,0.00220438,0.0021215,0.0019905,0.00186498,0.00167682,0.0014556,0.00124247
0.00214828,0.00217153,0.00221109,0.00214209,0.0021254,0.00205615,0.00192779,0.00179497,0.0016234,0.00141301,0.00118845
0.00206924,0.00209605,0.00213636,0.00207023,0.00205682,0.00199906,0.00186466,0.00173531,0.00157321,0.00137316,0.00114758
0.00200935,0.00203867,0.00207189,0.00201236,0.001971,0.00192703,0.00182143,0.00168423,0.00151384,0.0013143,0.00110807
0.00194568,0.00197366,0.00201223,0.00195578,0.00192745,0.00187379,0.00175278,0.00162832,0.00147429,0.00126662,0.00107462
0.0018667,0.00190809,0.00194182,0.00188457,0.00186342,0.00181134,0.001695,0.0015913,0.00142129,0.00123592,0.00104041
0.00182093,0.0018464,0.00188375,0.00183702,0.00181014,0.00175072,0.00164732,0.00152581,0.00137497,0.00120005,0.000995138
0.00177069,0.00179698,0.00184486,0.00178145,0.00176543,0.00169435,0.0015954,0.00147394,0.00133621,0.00115428,0.000962068
0.00170188,0.00172929,0.00175897,0.00172612,0.00168791,0.0016516,0.00154951,0.00143014,0.00129506,0.00112148,0.000930557
0.0016504,0.00167924,0.00171026,0.00167695,0.00164727,0.00159992,0.00150875,0.00138813,0.00125703,0.00108022,0.000908226
0.00159743,0.00163078,0.00164848,0.00162226,0.00160382,0.0015463,0.00145896,0.0013503,0.0012154,0.00105694,0.000871311
0.00156419,0.00158216,0.00160171,0.0015692,0.00155507,0.00150937,0.00140669,0.0013144,0.00117565,0.00100923,0.000845303
0.00148547,0.00152509,0.00155031,0.00152015,0.00150708,0.0014572,0.0013699,0.00127556,0.00113631,0.000980703,0.00082976
0.00145001,0.00148353,0.00150443,0.00147425,0.00144973,0.00141558,0.00133681,0.00123197,0.00110245,0.000950865,0.000787502
0.00140235,0.00143047,0.00145544,0.0014325,0.00141037,0.00137138,0.00129048,0.00119234,0.00106632,0.00092288,0.000764468
0.00136189,0.00139074,0.00141424,0.00138581,0.0013796,0.00133009,0.00125396,0.00116214,0.00103528,0.000891939,0.000740628
0.00131235,0.00134603,0.00137739,0.00135036,0.00132875,0.00129382,0.00121762,0.00112368,0.00100311,0.000856677,0.000714186
0.001276,0.00131559,0.00132896,0.00130328,0.00129458,0.00124827,0.00118221,0.00109692,0.000979591,0.000835211,0.000695417
0.00122867,0.00126423,0.00129405,0.00127285,0.00125391,0.00121672,0.00113899,0.00105681,0.000941927,0.000808197,0.00066849
0.00120069,0.0012342,0.00125288,0.00122749,0.00121685,0.00118395,0.00110753,0.00103154,0.000918368,0.000783008,0.000653103
0.00115515,0.00118916,0.0012159,0.00119107,0.0011814,0.00115169,0.00107545,0.000996473,0.000889937,0.000755169,0.000626502
0.00112175,0.00115439,0.00118429,0.00115997,0.00114092,0.00111843,0.00104638,0.000968484,0.000857366,0.000731764,0.000603957
0.00108264,0.00111836,0.00113986,0.00112541,0.0011198,0.00108603,0.00101168,0.000940355,0.000827564,0.000713637,0.000585842
0.00105265,0.00108847,0.00111285,0.00108782,0.00107341,0.0010514,0.000981961,0.000914776,0.000809792,0.000692116,0.000566947
0.00101153,0.00105011,0.00108591,0.00106796,0.00104469,0.00102663,0.000959107,0.000883563,0.000783837,0.000668019,0.000541375
0.000996262,0.00101529,0.00103963,0.00102256,0.00102041,0.000989601,0.000930781,0.000855696,0.000761872,0.000652412,0.000537323
0.000952404,0.000989311,0.00101545,0.000999724,0.000989132,0.000962743,0.000897526,0.000833845,0.000736314,0.000625846,0.000515898
0.000931576,0.000953424,0.000986369,0.000971728,0.000953351,0.000935797,0.000878787,0.000809186,0.000714359,0.000600416,0.000502363
0.000895996,0.000936782,0.000952674,0.000941976,0.000934953,0.000907159,0.000848914,0.000788139,0.000697845,0.000582875,0.000487462
0.000864156,0.000900247,0.00092935,0.000918894,0.000901015,0.00088211,0.000822175,0.000764807,0.000678572,0.000569479,0.000467672
0.000841468,0.000879468,0.000901503,0.000888487,0.000881342,0.000860012,0.000801198,0.000743641,0.000652486,0.000553165,0.000451689
0.000816741,0.000852272,0.000869989,0.000863694,0.000851991,0.000833345,0.000775108,0.000721595,0.000638092,0.000536421,0.000438821
0.000795455,0.000825926,0.000851446,0.000835043,0.000829864,0.000815904,0.000753672,0.000698375,0.000616123,0.000519402,0.000425418
0.000772551,0.000804843,0.000828871,0.000815292,0.000809501,0.000788394,0.00073601,0.00067469,0.000599441,0.00050388,0.000414483
0.000750992,0.000788841,0.000802242,0.000797856,0.000790797,0.000766996,0.000717157,0.000660954,0.000580735,0.000488683,0.000405187
0.000721737,0.000758429,0.000782343,0.000765613,0.000767929,0.000752415,0.000694583,0.000643901,0.000564493,0.000474207,0.000385091
0.000705524,0.000741449,0.000758005,0.000747722,0.000747252,0.000726611,0.000674643,0.000623982,0.000545403,0.000461275,0.000375027
0.000679745,0.000717543,0.000733827,0.00073129,0.000721183,0.000707776,0.00065285,0.000607566,0.000529978,0.000446594,0.00036532
0.000666822,0.00069393,0.000720109,0.000713943,0.000704864,0.000684868,0.000641791,0.000586058,0.000518252,0.000430594,0.000351517
0.00064246,0.000678726,0.00069496,0.00069371,0.000678809,0.000663652,0.000617892,0.000572221,0.000503301,0.000423625,0.000344455
0.000626204,0.000662053,0.000680475,0.000668345,0.000665619,0.000650482,0.000606368,0.000558784,0.000488254,0.000409735,0.000335018
0.000597457,0.000638013,0.000651403,0.000650722,0.000641245,0.000637058,0.000586706,0.000542834,0.000473395,0.000397437,0.000323387
0.00058942,0.000623452,0.000643036,0.000633099,0.000634411,0.000615285,0.000575646,0.00052516,0.000463001,0.000386068,0.000311697
0.000572181,0.000607338,0.000620965,0.000615991,0.000611181,0.000599993,0.000558059,0.000512971,0.000447125,0.00037486,0.000305766
0.000556583,0.000589269,0.000603437,0.000600013,0.000596325,0.000585028,0.00053925,0.000497354,0.000433725,0.000362703,0.000296683
0.000541865,0.000572762,0.000590575,0.000583018,0.000575961,0.000568725,0.000528372,0.000480769,0.000423449,0.00035357,0.000285893
0.000524826,0.00055765,0.000570343,0.000570788,0.00055982,0.000550513,0.00051629,0.000469628,0.000412605,0.000344786,0.000282445
0.000508104,0.000538305,0.000561073,0.000557838,0.000548511,0.000538393,0.000499754,0.000458775,0.00040125,0.000335221,0.000267206
0.00049535,0.000527875,0.000537736,0.000539188,0.000533832,0.000525965,0.000483648,0.000448323,0.000390372,0.000324169,0.000263903
0.000480179,0.000513636,0.000531863,0.000520155,0.000516874,0.000509408,0.000477218,0.000432629,0.000379862,0.000315464,0.000256716
0.000467226,0.00049641,0.00051004,0.000513189,0.000506963,0.000502267,0.000459333,0.000423781,0.000369813,0.00030488,0.000246172
0.000457383,0.000485711,0.00049757,0.000496302,0.000494004,0.000482942,0.000453561,0.000410337,0.000358103,0.000296685,0.000243731
0.000446373,0.00047259,0.000478362,0.000480582,0.000479858,0.000473842,0.00043479,0.000398903,0.000349282,0.000290339,0.000238044
0.000429991,0.000458903,0.000475953,0.000470334,0.000469214,0.000459889,0.000425206,0.000389994,0.000342303,0.000282891,0.000224724
0.000423044,0.000446575,0.000460966,0.000461902,0.000454261,0.000443995,0.000413663,0.000375999,0.000332072,0.000273583,0.000221154
0.000403442,0.000429229,0.000448723,0.000451463,0.000439357,0.000429972,0.00040554,0.000368405,0.000321309,0.000266171,0.000214892
0.000400281,0.000428008,0.000435761,0.000431417,0.000430276,0.000430231,0.000390343,0.00036214,0.000312434,0.000259398,0.000207796
0.000381814,0.000410983,0.00042542,0.000425511,0.000419215,0.000413576,0.000382267,0.000349813,0.000303448,0.000253132,0.000201806
0.000373855,0.000400795,0.000413443,0.000414059,0.000409171,0.000405545,0.000371262,0.000341713,0.000294477,0.000243921,0.000199888
0.000364797,0.000392705,0.000400753,0.000401184,0.000400594,0.000394061,0.000361093,0.000335496,0.000290783,0.000239926,0.000191783
0.000353839,0.000379758,0.000393184,0.000400209,0.000387266,0.000381452,0.000349497,0.000324016,0.000280017,0.000231696,0.000185033
0.000345852,0.000373904,0.000381115,0.000385195,0.000378306,0.000371904,0.000343303,0.000314794,0.000274187,0.0002286,0.000181084
0.000333851,0.000362688,0.0003746,0.000372115,0.000367683,0.000363829,0.000335639,0.000307085,0.000265974,0.000218417,0.000175464
0.000328242,0.000353445,0.000362256,0.000363911,0.000361773,0.000353783,0.000330849,0.000297427,0.000257988,0.000215179,0.000170858
0.000318415,0.000344018,0.000347705,0.000353135,0.000351282,0.000346911,0.000317448,0.000292047,0.000252732,0.000208118,0.000166588
0.000308337,0.000336504,0.000345461,0.000346086,0.000343861,0.000335864,0.000314569,0.000285241,0.000246869,0.000203218,0.000162015
0.000304145,0.000326208,0.000333252,0.000334403,0.000332476,0.000331111,0.000305857,0.000276989,0.000239296,0.000197019,0.000159611
0.000293975,0.000318666,0.000326173,0.000326481,0.000325346,0.000318971,0.00029997,0.000268973,0.000234199,0.000192185,0.000154445
0.000289446,0.000311958,0.000315367,0.000320345,0.000318873,0.000313413,0.000287939,0.000262349,0.000227213,0.000187557,0.000150325
0.00028002,0.000302045,0.000311366,0.000314109,0.000306822,0.000301149,0.000281655,0.000254704,0.000221042,0.000182052,0.000146813
0.000273876,0.000294139,0.000303463,0.000305427,0.000301014,0.000296664,0.000274806,0.000250474,0.00021502,0.000177073,0.000141236
0.000265325,0.000287715,0.000296329,0.000296519,0.000295,0.000288883,0.000270949,0.000244421,0.000210484,0.000172305,0.00013821
0.000260085,0.000278907,0.000285409,0.000288581,0.000285853,0.00028438,0.00025958,0.000235469,0.000204625,0.000168081,0.000134169
0.000250561,0.0002735,0.000279879,0.000284654,0.000279558,0.000275312,0.000255837,0.000232237,0.00020034,0.000164651,0.000130814
0.000246798,0.000267372,0.000270167,0.000276171,0.000273407,0.000269655,0.000248576,0.000224449,0.000195311,0.000160247,0.000127369
0.000239324,0.000259686,0.00026421,0.000272421,0.000265691,0.000262753,0.000242073,0.00021655,0.000191295,0.000155211,0.000123905
0.000233299,0.000254289,0.000258831,0.000263631,0.000260003,0.000257892,0.000235483,0.000212575,0.000185338,0.000151556,0.000121226
0.00022788,0.000246848,0.000254051,0.000256777,0.000254424,0.000248941,0.000231203,0.000208129,0.000180135,0.000148062,0.000117632
0.000219564,0.00023801,0.000246657,0.000252043,0.000246301,0.000241098,0.000227124,0.000203113,0.000174013,0.000143002,0.000115207
0.000217434,0.000234747,0.000239537,0.000244095,0.000241497,0.000237372,0.000220585,0.00019822,0.000170537,0.00014035,0.00011218
0.000208444,0.000227301,0.000235588,0.000237241,0.000234999,0.000233071,0.000213417,0.000193918,0.000166785,0.000136683,0.000108864
0.000205417,0.000222428,0.000227142,0.000232805,0.000229298,0.00022658,0.000210856,0.000187522,0.000163601,0.000132333,0.00010661
0.000199769,0.000217464,0.000222808,0.000227404,0.000224922,0.000221114,0.000204591,0.000182982,0.000159132,0.000129401,0.000102977
0.000194612,0.000212975,0.000217265,0.000222003,0.000221033,0.000214393,0.000200957,0.000179751,0.000156434,0.000127147,0.000100047
0.000189357,0.000207027,0.000216282,0.00021587,0.000213899,0.000210163,0.000194453,0.000173614,0.000151514,0.000122795,9.70459e-05
0.000185792,0.000202039,0.000206119,0.000212069,0.000209634,0.00020569,0.000188999,0.000168735,0.000145864,0.000120588,9.48176e-05
0.000179561,0.000197146,0.000200397,0.00020601,0.000204622,0.000200078,0.000187316,0.000165476,0.000143138,0.000116712,9.34323e-05
0.000175806,0.00019008,0.000196994,0.000202247,0.000198013,0.000193674,0.000181299,0.000160917,0.000139383,0.000113462,9.11465e-05
0.000171777,0.000187211,0.000192372,0.00019686,0.000195324,0.000190975,0.000176623,0.000157896,0.000136627,0.000110815,8.79039e-05
0.000166502,0.000182669,0.000188221,0.000191734,0.000189817,0.000185267,0.000173516,0.000154441,0.00013352,0.000108514,8.59526e-05
0.000161303,0.000178131,0.000182657,0.000188782,0.000185211,0.000181141,0.000169134,0.000150042,0.000130059,0.000106001,8.33184e-05
0.000158872,0.00017458,0.000176884,0.000183992,0.000180769,0.000177965,0.000163275,0.000146443,0.000126683,0.000102948,8.13615e-05
0.000152969,0.000168708,0.000174378,0.00017897,0.000176223,0.000171872,0.000160275,0.00014271,0.000122282,0.000101036,7.94601e-05
0.000150115,0.000164598,0.000171276,0.000174229,0.000171239,0.000167975,0.000156567,0.000139308,0.00011982,9.84177e-05,7.69455e-05
0.000147277,0.000161516,0.000165519,0.000169935,0.000167948,0.000163926,0.000153507,0.000136457,0.000116839,9.53891e-05,7.5559e-05
0.000144285,0.000158415,0.000161399,0.000167884,0.000164638,0.000161228,0.000149926,0.000133634,0.000114038,9.29833e-05,7.48787e-05
0.000140313,0.000154173,0.00015779,0.000163203,0.000161056,0.000157559,0.000147381,0.000130629,0.000112026,9.08429e-05,7.17867e-05
0.000135592,0.000150087,0.000153757,0.000158725,0.000156973,0.000153504,0.000143591,0.000126562,0.000108779,8.86642e-05,7.01778e-05
0.000131236,0.000146366,0.000149147,0.000155509,0.000152908,0.000149992,0.000140012,0.000122133,0.000106348,8.65288e-05,6.86977e-05
0.000129105,0.000143853,0.000145825,0.000151673,0.000148928,0.000145293,0.00013694,0.000120426,0.000103665,8.46258e-05,6.76839e-05
0.000126223,0.000139008,0.000142886,0.000147468,0.000146406,0.000143761,0.000133871,0.000117443,0.000100777,8.23724e-05,6.45251e-05
0.000122929,0.000136184,0.000140077,0.000144735,0.00014287,0.000139346,0.000130551,0.000114595,9.84272e-05,7.99922e-05,6.2989e-05
0.000120114,0.000133668,0.000135849,0.000140955,0.000139852,0.000136021,0.000128093,0.000112792,9.59474e-05,7.80678e-05,6.19555e-05
0.000117034,0.000130287,0.000132613,0.000136901,0.000136608,0.000133321,0.000124789,0.000109432,9.40133e-05,7.62078e-05,5.92559e-05
0.000114088,0.000126619,0.000130213,0.000134564,0.000133192,0.000130016,0.000121447,0.000106781,9.16379e-05,7.43456e-05,5.8235e-05
0.000109642,0.000123506,0.000127619,0.000132,0.000130168,0.000127272,0.000119211,0.000103574,8.96543e-05,7.25185e-05,5.66275e-05
0.000107751,0.000120694,0.000123254,0.000128976,0.000126077,0.000124115,0.000115527,0.000101766,8.76804e-05,7.09025e-05,5.52438e-05
0.000105907,0.000117015,0.000121302,0.000125829,0.000123989,0.000121787,0.000113009,9.94435e-05,8.53028e-05,6.9284e-05,5.41285e-05
0.000104128,0.000114866,0.000118318,0.000122385,0.000121601,0.000119314,0.000110348,9.71718e-05,8.34906e-05,6.73662e-05,5.22345e-05
0.000100353,0.000112992,0.000114683,0.000118897,0.000117768,0.000116126,0.000108351,9.48744e-05,8.10611e-05,6.57508e-05,5.20685e-05
9.76284e-05,0.000109293,0.000112063,0.000116768,0.000115494,0.00011322,0.000106943,9.18354e-05,7.87685e-05,6.36507e-05,5.00561e-05
9.50545e-05,0.000107306,0.000109897,0.000113896,0.000112654,0.000111228,0.000102957,8.95648e-05,7.70704e-05,6.26428e-05,4.87522e-05
9.36295e-05,0.000105064,0.00010733,0.000111847,0.000110278,0.000108208,0.000101331,8.80938e-05,7.54046e-05,6.09697e-05,4.74231e-05
9.12993e-05,0.000102289,0.000104897,0.000108722,0.000107994,0.00010614,9.86947e-05,8.61851e-05,7.3421e-05,5.93696e-05,4.59971e-05
8.85747e-05,9.92206e-05,0.000102962,0.000106716,0.000105348,0.000103114,9.60899e-05,8.39727e-05,7.18017e-05,5.79362e-05,4.45672e-05
8.59664e-05,9.73156e-05,0.000100548,0.000104208,0.000102552,0.000101152,9.49715e-05,8.21331e-05,6.99946e-05,5.60426e-05,4.38529e-05
8.47208e-05,9.53519e-05,9.78724e-05,0.000101517,0.000100737,9.88295e-05,9.186e-05,8.0261e-05,6.84713e-05,5.51195e-05,4.26217e-05
8.32889e-05,9.33559e-05,9.58027e-05,9.98913e-05,9.8915e-05,9.7085e-05,8.97056e-05,7.83385e-05,6.67473e-05,5.36152e-05,4.13877e-05
8.09993e-05,9.01196e-05,9.34576e-05,9.67164e-05,9.65623e-05,9.42648e-05,8.82032e-05,7.65975e-05,6.49041e-05,5.22256e-05,4.04149e-05
7.85201e-05,8.85861e-05,9.14532e-05,9.4945e-05,9.40465e-05,9.18963e-05,8.58583e-05,7.46954e-05,6.35317e-05,5.11896e-05,3.95296e-05
7.70342e-05,8.74248e-05,8.93119e-05,9.30626e-05,9.28098e-05,9.10891e-05,8.38724e-05,7.28564e-05,6.19941e-05,4.98769e-05,3.85325e-05
7.4861e-05,8.49124e-05,8.68169e-05,9.08559e-05,8.98783e-05,8.81976e-05,8.21075e-05,7.12671e-05,6.08373e-05,4.88916e-05,3.73536e-05
7.29125e-05,8.26302e-05,8.54508e-05,8.88781e-05,8.78554e-05,8.61942e-05,8.01327e-05,6.96398e-05,5.90769e-05,4.74795e-05,3.66904e-05
7.16376e-05,8.06958e-05,8.35683e-05,8.6238e-05,8.60383e-05,8.45254e-05,7.83114e-05,6.85141e-05,5.76381e-05,4.6192e-05,3.54764e-05
7.01941e-05,7.9044e-05,8.12967e-05,8.47134e-05,8.39163e-05,8.23951e-05,7.61615e-05,6.66303e-05,5.64879e-05,4.54608e-05,3.44883e-05
6.83164e-05,7.75335e-05,7.96712e-05,8.22516e-05,8.24207e-05,8.0709e-05,7.52121e-05,6.51822e-05,5.50628e-05,4.42624e-05,3.36004e-05
6.67708e-05,7.51319e-05,7.78171e-05,8.08915e-05,8.08232e-05,7.90193e-05,7.34085e-05,6.32926e-05,5.37972e-05,4.32286e-05,3.2972e-05
6.50106e-05,7.40306e-05,7.62876e-05,7.94083e-05,7.84185e-05,7.71189e-05,7.17595e-05,6.18749e-05,5.24584e-05,4.19916e-05,3.23017e-05
6.32552e-05,7.29748e-05,7.43141e-05,7.73997e-05,7.67459e-05,7.56029e-05,7.06034e-05,6.06522e-05,5.12693e-05,4.13598e-05,3.169e-05
6.19747e-05,7.04916e-05,7.3148e-05,7.55953e-05,7.52613e-05,7.36115e-05,6.84123e-05,5.91693e-05,5.02236e-05,4.00915e-05,3.07328e-05
6.03483e-05,6.87114e-05,7.0946e-05,7.40735e-05,7.36709e-05,7.20207e-05,6.66846e-05,5.78214e-05,4.91431e-05,3.91124e-05,2.96921e-05
5.88893e-05,6.78557e-05,6.95985e-05,7.1707e-05,7.19568e-05,7.0841e-05,6.53421e-05,5.65782e-05,4.76548e-05,3.83216e-05,2.91276e-05
5.8022e-05,6.58599e-05,6.78847e-05,7.06839e-05,7.01559e-05,6.92393e-05,6.44968e-05,5.51094e-05,4.68699e-05,3.7629e-05,2.85364e-05
5.66032e-05,6.46183e-05,6.63666e-05,6.88926e-05,6.91002e-05,6.76196e-05,6.28582e-05,5.40251e-05,4.50625e-05,3.66542e-05,2.76286e-05
5.53877e-05,6.29629e-05,6.50338e-05,6.7985e-05,6.72008e-05,6.60069e-05,6.12827e-05,5.29342e-05,4.45915e-05,3.55212e-05,2.68916e-05
5.39188e-05,6.15715e-05,6.33691e-05,6.57994e-05,6.60579e-05,6.49495e-05,5.96733e-05,5.14847e-05,4.38601e-05,3.49329e-05,2.62249e-05
5.28321e-05,6.02178e-05,6.22782e-05,6.50298e-05,6.4651e-05,6.35094e-05,5.86787e-05,5.06087e-05,4.2785e-05,3.3943e-05,2.56652e-05
5.1542e-05,5.8396e-05,6.10052e-05,6.29396e-05,6.34706e-05,6.18349e-05,5.67459e-05,4.93371e-05,4.1519e-05,3.3218e-05,2.49955e-05
5.04024e-05,5.76537e-05,5.92613e-05,6.20619e-05,6.20459e-05,6.0642e-05,5.58551e-05,4.82153e-05,4.06374e-05,3.23512e-05,2.42971e-05
4.9132e-05,5.62719e-05,5.8254e-05,6.05188e-05,6.02398e-05,5.9364e-05,5.48074e-05,4.72255e-05,3.98276e-05,3.17369e-05,2.37334e-05
4.80247e-05,5.50895e-05,5.70596e-05,5.9752e-05,5.8811e-05,5.82276e-05,5.32267e-05,4.62041e-05,3.90845e-05,3.08141e-05,2.34466e-05
4.68528e-05,5.37716e-05,5.60027e-05,5.77418e-05,5.80265e-05,5.67823e-05,5.25301e-05,4.50728e-05,3.78876e-05,3.01961e-05,2.28254e-05
4.60016e-05,5.24075e-05,5.47739e-05,5.65869e-05,5.6806e-05,5.57077e-05,5.14243e-05,4.40852e-05,3.68258e-05,2.9555e-05,2.2185e-05
4.48687e-05,5.17034e-05,5.36288e-05,5.54119e-05,5.56175e-05,5.42822e-05,5.05839e-05,4.32671e-05,3.64093e-05,2.89615e-05,2.16314e-05
4.40584e-05,5.03646e-05,5.22746e-05,5.3973e-05,5.42386e-05,5.33382e-05,4.93698e-05,4.22138e-05,3.55241e-05,2.79863e-05,2.10891e-05
4.28774e-05,4.97834e-05,5.16078e-05,5.2768e-05,5.2539e-05,5.22877e-05,4.83852e-05,4.13851e-05,3.44238e-05,2.73505e-05,2.06837e-05
4.23333e-05,4.81547e-05,5.02276e-05,5.20714e-05,5.22461e-05,5.12641e-05,4.73024e-05,4.02709e-05,3.38235e-05,2.72077e-05,2.00348e-05
4.11956e-05,4.723e-05,4.91138e-05,5.09215e-05,5.10957e-05,5.01176e-05,4.56091e-05,3.93023e-05,3.30688e-05,2.63324e-05,1.96753e-05
4.02917e-05,4.62966e-05,4.80835e-05,4.96362e-05,4.99994e-05,4.89834e-05,4.48875e-05,3.83083e-05,3.24667e-05,2.61256e-05,1.90678e-05
3.96215e-05,4.51673e-05,4.74641e-05,4.85827e-05,4.89792e-05,4.78048e-05,4.41711e-05,3.7599e-05,3.16713e-05,2.53739e-05,1.86667e-05
3.85683e-05,4.41843e-05,4.57669e-05,4.77711e-05,4.76412e-05,4.70109e-05,4.30133e-05,3.66466e-05,3.12934e-05,2.4337e-05,1.84123e-05
3.77263e-05,4.32691e-05,4.5364e-05,4.64943e-05,4.69068e-05,4.59476e-05,4.21412e-05,3.59921e-05,3.04541e-05,2.39116e-05,1.77418e-05
3.702e-05,4.24832e-05,4.43033e-05,4.54716e-05,4.5818e-05,4.52017e-05,4.09844e-05,3.52748e-05,2.97923e-05,2.3461e-05,1.73625e-05
3.60919e-05,4.17453e-05,4.32187e-05,4.43695e-05,4.48281e-05,4.43564e-05,4.01749e-05,3.43468e-05,2.91322e-05,2.29738e-05,1.70443e-05
3.51746e-05,4.03679e-05,4.22534e-05,4.3612e-05,4.38063e-05,4.32146e-05,3.97123e-05,3.41828e-05,2.83167e-05,2.24076e-05,1.65324e-05
3.4675e-05,3.971e-05,4.15214e-05,4.27154e-05,4.30608e-05,4.19635e-05,3.87845e-05,3.32828e-05,2.78798e-05,2.19864e-05,1.60613e-05
3.38534e-05,3.91605e-05,4.04505e-05,4.15148e-05,4.22169e-05,4.16741e-05,3.79057e-05,3.23496e-05,2.70486e-05,2.18028e-05,1.58577e-05
3.3545e-05,3.81667e-05,3.98954e-05,4.0723e-05,4.11172e-05,4.10128e-05,3.68712e-05,3.17023e-05,2.66176e-05,2.11207e-05,1.52649e-05
3.21678e-05,3.7292e-05,3.85548e-05,4.01433e-05,4.0064e-05,3.99708e-05,3.66308e-05,3.09745e-05,2.58151e-05,2.06206e-05,1.48227e-05
3.16338e-05,3.65208e-05,3.81385e-05,3.91294e-05,3.94098e-05,3.88359e-05,3.56247e-05,3.03032e-05,2.55184e-05,2.00125e-05,1.46592e-05
3.11975e-05,3.55689e-05,3.73101e-05,3.87558e-05,3.86298e-05,3.78372e-05,3.46268e-05,2.97119e-05,2.48887e-05,1.94949e-05,1.42804e-05
3.00414e-05,3.48751e-05,3.66536e-05,3.7475e-05,3.79315e-05,3.71153e-05,3.39074e-05,2.92125e-05,2.42924e-05,1.91789e-05,1.39734e-05
2.97231e-05,3.4358e-05,3.58127e-05,3.7136e-05,3.75005e-05,3.65333e-05,3.30066e-05,2.82902e-05,2.37876e-05,1.87057e-05,1.37069e-05
2.89953e-05,3.34173e-05,3.49447e-05,3.6143e-05,3.65352e-05,3.56389e-05,3.26087e-05,2.77911e-05,2.33869e-05,1.84287e-05,1.33614e-05
2.82268e-05,3.28833e-05,3.40573e-05,3.55889e-05,3.55163e-05,3.52258e-05,3.19087e-05,2.72644e-05,2.29158e-05,1.79335e-05,1.30074e-05
2.81e-05,3.21139e-05,3.35976e-05,3.48639e-05,3.46587e-05,3.42025e-05,3.12352e-05,2.65195e-05,2.24273e-05,1.74573e-05,1.2774e-05
2.72944e-05,3.15206e-05,3.32139e-05,3.38838e-05,3.42723e-05,3.36476e-05,3.08095e-05,2.62011e-05,2.19709e-05,1.71317e-05,1.23845e-05
2.6651e-05,3.10342e-05,3.22014e-05,3.3145e-05,3.32553e-05,3.29581e-05,2.99492e-05,2.56698e-05,2.12737e-05,1.68105e-05,1.21355e-05
2.62864e-05,3.03165e-05,3.14887e-05,3.25664e-05,3.26367e-05,3.21043e-05,2.94344e-05,2.48081e-05,2.10665e-05,1.65048e-05,1.19795e-05
2.56587e-05,2.96632e-05,3.10918e-05,3.18521e-05,3.21654e-05,3.15692e-05,2.83887e-05,2.45016e-05,2.05441e-05,1.62675e-05,1.15838e-05
2.53984e-05,2.90422e-05,3.05274e-05,3.13378e-05,3.15577e-05,3.10125e-05,2.80434e-05,2.39892e-05,1.99391e-05,1.56975e-05,1.13853e-05
2.4498e-05,2.83875e-05,2.98555e-05,3.06699e-05,3.10915e-05,3.03561e-05,2.75284e-05,2.34816e-05,1.96125e-05,1.53632e-05,1.10749e-05
2.4057e-05,2.82162e-05,2.91696e-05,3.00991e-05,2.99457e-05,2.97117e-05,2.68436e-05,2.29519e-05,1.93094e-05,1.50881e-05,1.09436e-05
2.36951e-05,2.71173e-05,2.89838e-05,2.90864e-05,2.96242e-05,2.89448e-05,2.62935e-05,2.26723e-05,1.871e-05,1.46925e-05,1.04489e-05
2.30118e-05,2.68364e-05,2.80135e-05,2.89211e-05,2.91739e-05,2.85675e-05,2.58216e-05,2.19994e-05,1.83636e-05,1.4393e-05,1.04393e-05
2.27211e-05,2.61947e-05,2.73055e-05,2.80056e-05,2.84754e-05,2.78851e-05,2.56476e-05,2.16136e-05,1.79546e-05,1.4228e-05,1.00466e-05
2.23161e-05,2.55616e-05,2.71048e-05,2.7834e-05,2.78617e-05,2.7082e-05,2.48857e-05,2.12503e-05,1.77036e-05,1.3682e-05,9.79796e-06
2.16793e-05,2.51823e-05,2.63661e-05,2.71381e-05,2.74277e-05,2.6848e-05,2.43339e-05,2.05989e-05,1.72231e-05,1.35786e-05,9.6867e-06
2.114e-05,2.43495e-05,2.59361e-05,2.68466e-05,2.70472e-05,2.61718e-05,2.34672e-05,2.03259e-05,1.69761e-05,1.31736e-05,9.45e-06
2.08815e-05,2.39042e-05,2.53417e-05,2.62912e-05,2.58214e-05,2.56754e-05,2.32904e-05,1.98416e-05,1.66981e-05,1.29285e-05,9.26898e-06
2.07234e-05,2.34541e-05,2.49379e-05,2.55031e-05,2.6068e-05,2.54778e-05,2.28965e-05,1.93054e-05,1.64136e-05,1.2562e-05,9.0447e-06
2.01582e-05,2.30675e-05,2.45272e-05,2.50612e-05,2.51343e-05,2.45512e-05,2.24926e-05,1.9025e-05,1.59434e-05,1.23262e-05,8.88591e-06
1.9326e-05,2.29329e-05,2.38904e-05,2.47738e-05,2.45679e-05,2.43194e-05,2.19165e-05,1.86551e-05,1.57633e-05,1.22036e-05,8.65015e-06
1.92119e-05,2.21053e-05,2.34238e-05,2.38262e-05,2.41753e-05,2.3907e-05,2.13975e-05,1.84095e-05,1.52019e-05,1.19261e-05,8.32558e-06
1.89138e-05,2.16584e-05,2.28773e-05,2.36126e-05,2.36815e-05,2.33078e-05,2.09839e-05,1.79568e-05,1.50509e-05,1.15405e-05,8.07518e-06
1.85591e-05,2.08641e-05,2.24036e-05,2.31784e-05,2.33506e-05,2.2729e-05,2.05551e-05,1.74212e-05,1.46539e-05,1.12784e-05,8.01116e-06
1.80472e-05,2.07691e-05,2.18156e-05,2.26498e-05,2.27581e-05,2.2174e-05,2.01154e-05,1.72311e-05,1.44061e-05,1.10921e-05,7.82485e-06
1.76711e-05,2.06388e-05,2.14645e-05,2.24797e-05,2.23241e-05,2.22134e-05,1.98941e-05,1.67771e-05,1.40044e-05,1.08815e-05,7.64072e-06
1.74064e-05,2.00867e-05,2.10019e-05,2.16521e-05,2.18083e-05,2.1501e-05,1.93502e-05,1.64206e-05,1.36666e-05,1.06409e-05,7.54914e-06
1.72928e-05,1.98776e-05,2.08252e-05,2.11499e-05,2.17381e-05,2.1114e-05,1.90694e-05,1.60009e-05,1.33663e-05,1.04093e-05,7.32742e-06
1.70113e-05,1.90814e-05,2.0388e-05,2.08832e-05,2.11522e-05,2.05627e-05,1.85255e-05,1.56819e-05,1.32094e-05,1.01808e-05,7.17764e-06
1.61527e-05,1.88178e-05,2.01234e-05,2.04358e-05,2.07846e-05,2.00574e-05,1.83161e-05,1.54714e-05,1.30193e-05,1.0041e-05,6.87504e-06
1.60465e-05,1.84035e-05,1.93458e-05,2.00556e-05,2.02598e-05,1.99056e-05,1.78423e-05,1.52617e-05,1.26986e-05,9.96675e-06,6.75282e-06
1.5737e-05,1.78558e-05,1.92732e-05,1.96315e-05,1.99132e-05,1.95382e-05,1.70282e-05,1.47704e-05,1.25299e-05,9.51646e-06,6.69276e-06
1.55399e-05,1.75002e-05,1.88844e-05,1.9672e-05,1.961e-05,1.91092e-05,1.69742e-05,1.4595e-05,1.21086e-05,9.30603e-06,6.56983e-06
1.54942e-05,1.72154e-05,1.85448e-05,1.9042e-05,1.89237e-05,1.85054e-05,1.66018e-05,1.40528e-05,1.19789e-05,9.09713e-06,6.3968e-06
1.49831e-05,1.68574e-05,1.80153e-05,1.85344e-05,1.85991e-05,1.82111e-05,1.64621e-05,1.39986e-05,1.16596e-05,8.954e-06,6.2307e-06
1.45518e-05,1.66336e-05,1.77938e-05,1.81734e-05,1.84796e-05,1.81e-05,1.60696e-05,1.36963e-05,1.13857e-05,8.83081e-06,6.07192e-06
1.42909e-05,1.6118e-05,1.74255e-05,1.77192e-05,1.80222e-05,1.7579e-05,1.57502e-05,1.35628e-05,1.13331e-05,8.62095e-06,5.93016e-06
1.41514e-05,1.59604e-05,1.72548e-05,1.74895e-05,1.75607e-05,1.7355e-05,1.57949e-05,1.32221e-05,1.09996e-05,8.49722e-06,5.73929e-06
1.39702e-05,1.54621e-05,1.67774e-05,1.70459e-05,1.72608e-05,1.71011e-05,1.51934e-05,1.29452e-05,1.0798e-05,8.29414e-06,5.67576e-06
1.33996e-05,1.52355e-05,1.64777e-05,1.69774e-05,1.716e-05,1.65843e-05,1.4751e-05,1.26827e-05,1.04815e-05,8.11078e-06,5.53437e-06
1.31649e-05,1.5338e-05,1.60655e-05,1.65624e-05,1.66743e-05,1.64101e-05,1.45162e-05,1.24109e-05,1.03754e-05,8.01239e-06,5.48571e-06
1.29162e-05,1.43876e-05,1.59289e-05,1.63061e-05,1.6317e-05,1.59274e-05,1.40469e-05,1.19856e-05,1.01794e-05,7.72209e-06,5.32693e-06
1.25937e-05,1.45915e-05,1.544e-05,1.59889e-05,1.59594e-05,1.5542e-05,1.41461e-05,1.18828e-05,9.84207e-06,7.57436e-06,5.19715e-06
1.2499e-05,1.41948e-05,1.52279e-05,1.56469e-05,1.5682e-05,1.53242e-05,1.36097e-05,1.16793e-05,9.65068e-06,7.43317e-06,5.13327e-06
1.20729e-05,1.39957e-05,1.47845e-05,1.53071e-05,1.54252e-05,1.51449e-05,1.33812e-05,1.14797e-05,9.4378e-06,7.2022e-06,5.02668e-06
1.20847e-05,1.35508e-05,1.47045e-05,1.50069e-05,1.51299e-05,1.47595e-05,1.31018e-05,1.13362e-05,9.31268e-06,7.08792e-06,4.86175e-06
1.17635e-05,1.33568e-05,1.434e-05,1.48871e-05,1.49407e-05,1.45081e-05,1.28511e-05,1.09316e-05,9.13323e-06,6.9662e-06,4.7714e-06
1.13681e-05,1.28345e-05,1.3918e-05,1.46768e-05,1.4631e-05,1.413e-05,1.26102e-05,1.08362e-05,9.00486e-06,6.80492e-06,4.51519e-06
1.10857e-05,1.27195e-05,1.36988e-05,1.44022e-05,1.43179e-05,1.39678e-05,1.23526e-05,1.04642e-05,8.78045e-06,6.65247e-06,4.48325e-06
1.09237e-05,1.26959e-05,1.35411e-05,1.39916e-05,1.3989e-05,1.36118e-05,1.21878e-05,1.02956e-05,8.57442e-06,6.5874e-06,4.43531e-06
1.07296e-05,1.24384e-05,1.32187e-05,1.35737e-05,1.36562e-05,1.34023e-05,1.19838e-05,1.01353e-05,8.37964e-06,6.55455e-06,4.33635e-06
1.06311e-05,1.19801e-05,1.31363e-05,1.33938e-05,1.3207e-05,1.31164e-05,1.17897e-05,9.84874e-06,8.30169e-06,6.29179e-06,4.27584e-06
1.02438e-05,1.1816e-05,1.26258e-05,1.31027e-05,1.30722e-05,1.28017e-05,1.15687e-05,9.80639e-06,8.0687e-06,6.11602e-06,4.22051e-06
1.01526e-05,1.16844e-05,1.25204e-05,1.28747e-05,1.28793e-05,1.26626e-05,1.12963e-05,9.58268e-06,7.96341e-06,6.01314e-06,4.11816e-06
9.73057e-06,1.13946e-05,1.24143e-05,1.26145e-05,1.27909e-05,1.24455e-05,1.12365e-05,9.47309e-06,7.73886e-06,5.89671e-06,3.9344e-06
9.89899e-06,1.11959e-05,1.20014e-05,1.24979e-05,1.24483e-05,1.22572e-05,1.07841e-05,9.21918e-06,7.60829e-06,5.79617e-06,3.91475e-06
9.65431e-06,1.10227e-05,1.1871e-05,1.22534e-05,1.23197e-05,1.1979e-05,1.04968e-05,9.01844e-06,7.40711e-06,5.6354e-06,3.7254e-06
9.40176e-06,1.0683e-05,1.15357e-05,1.18569e-05,1.20094e-05,1.18085e-05,1.028e-05,8.86619e-06,7.34753e-06,5.52853e-06,3.6596e-06
9.10144e-06,1.06628e-05,1.11484e-05,1.1727e-05,1.20013e-05,1.14657e-05,1.02171e-05,8.6555e-06,7.12585e-06,5.46294e-06,3.5832e-06
9.10434e-06,1.04413e-05,1.10518e-05,1.16098e-05,1.15509e-05,1.12839e-05,9.97919e-06,8.42066e-06,7.03051e-06,5.32214e-06,3.54681e-06
8.9464e-06,1.01994e-05,1.09483e-05,1.12623e-05,1.12187e-05,1.10469e-05,9.66418e-06,8.30794e-06,6.82746e-06,5.1866e-06,3.33762e-06
