# xi1: scale uu
# underflow	 -156.45632    	 0.24154340E-02
# overflow	-0.55091415    	 0.11125544E-03
# sum	 -208.92792    	 0.26624589E-02
# xmin	xmax	cross	numerror
  2024.0000    	  2025.0000    	-0.10897296    	 0.67132252E-04
  2025.0000    	  2026.0000    	-0.10720176    	 0.65467968E-04
  2026.0000    	  2027.0000    	-0.10363663    	 0.67178637E-04
  2027.0000    	  2028.0000    	-0.98454896E-01	 0.64196039E-04
  2028.0000    	  2029.0000    	-0.91873928E-01	 0.63413618E-04
  2029.0000    	  2030.0000    	-0.84074013E-01	 0.58010227E-04
  2030.0000    	  2031.0000    	-0.75331977E-01	 0.49454570E-04
  2031.0000    	  2032.0000    	-0.66091898E-01	 0.43797931E-04
  2032.0000    	  2033.0000    	-0.56631334E-01	 0.39931228E-04
  2033.0000    	  2034.0000    	-0.47393321E-01	 0.36937510E-04
  2034.0000    	  2035.0000    	-0.38610876E-01	 0.34660743E-04
  2035.0000    	  2036.0000    	-0.10775149    	 0.63268098E-04
  2036.0000    	  2037.0000    	-0.10603813    	 0.61945220E-04
  2037.0000    	  2038.0000    	-0.10264036    	 0.61696520E-04
  2038.0000    	  2039.0000    	-0.97341715E-01	 0.60853385E-04
  2039.0000    	  2040.0000    	-0.90742654E-01	 0.57636986E-04
  2040.0000    	  2041.0000    	-0.83045961E-01	 0.51739010E-04
  2041.0000    	  2042.0000    	-0.74436519E-01	 0.47301270E-04
  2042.0000    	  2043.0000    	-0.65286917E-01	 0.43686164E-04
  2043.0000    	  2044.0000    	-0.55897609E-01	 0.39150348E-04
  2044.0000    	  2045.0000    	-0.46676386E-01	 0.36931400E-04
  2045.0000    	  2046.0000    	-0.38065108E-01	 0.34377973E-04
  2046.0000    	  2047.0000    	-0.10671791    	 0.60560825E-04
  2047.0000    	  2048.0000    	-0.10491580    	 0.60152135E-04
  2048.0000    	  2049.0000    	-0.10148574    	 0.61698386E-04
  2049.0000    	  2050.0000    	-0.96289496E-01	 0.57318419E-04
  2050.0000    	  2051.0000    	-0.89848764E-01	 0.54603788E-04
  2051.0000    	  2052.0000    	-0.82029658E-01	 0.49796267E-04
  2052.0000    	  2053.0000    	-0.73551791E-01	 0.45653057E-04
  2053.0000    	  2054.0000    	-0.64370142E-01	 0.41578994E-04
  2054.0000    	  2055.0000    	-0.55140128E-01	 0.38838769E-04
  2055.0000    	  2056.0000    	-0.46089115E-01	 0.36769746E-04
  2056.0000    	  2057.0000    	-0.37500764E-01	 0.34062554E-04
  2057.0000    	  2058.0000    	-0.10552199    	 0.58887513E-04
  2058.0000    	  2059.0000    	-0.10377822    	 0.56755257E-04
  2059.0000    	  2060.0000    	-0.10037028    	 0.57819682E-04
  2060.0000    	  2061.0000    	-0.95271156E-01	 0.56243091E-04
  2061.0000    	  2062.0000    	-0.88691732E-01	 0.50968399E-04
  2062.0000    	  2063.0000    	-0.81120322E-01	 0.50088551E-04
  2063.0000    	  2064.0000    	-0.72544663E-01	 0.44421142E-04
  2064.0000    	  2065.0000    	-0.63583643E-01	 0.41158836E-04
  2065.0000    	  2066.0000    	-0.54363779E-01	 0.38284314E-04
  2066.0000    	  2067.0000    	-0.45388649E-01	 0.35771402E-04
  2067.0000    	  2068.0000    	-0.36913418E-01	 0.33570683E-04
  2068.0000    	  2069.0000    	-0.10446049    	 0.59001875E-04
  2069.0000    	  2070.0000    	-0.10263080    	 0.56354412E-04
  2070.0000    	  2071.0000    	-0.99089294E-01	 0.53247208E-04
  2071.0000    	  2072.0000    	-0.94220195E-01	 0.52892164E-04
  2072.0000    	  2073.0000    	-0.87746373E-01	 0.49118067E-04
  2073.0000    	  2074.0000    	-0.80102736E-01	 0.46701329E-04
  2074.0000    	  2075.0000    	-0.71640057E-01	 0.42931027E-04
  2075.0000    	  2076.0000    	-0.62702840E-01	 0.40385032E-04
  2076.0000    	  2077.0000    	-0.53600622E-01	 0.37759207E-04
  2077.0000    	  2078.0000    	-0.44801501E-01	 0.35686465E-04
  2078.0000    	  2079.0000    	-0.36373662E-01	 0.33267548E-04
  2079.0000    	  2080.0000    	-0.10322416    	 0.57530708E-04
  2080.0000    	  2081.0000    	-0.10151020    	 0.55177953E-04
  2081.0000    	  2082.0000    	-0.98038903E-01	 0.52584791E-04
  2082.0000    	  2083.0000    	-0.93032198E-01	 0.51250406E-04
  2083.0000    	  2084.0000    	-0.86706525E-01	 0.48891313E-04
  2084.0000    	  2085.0000    	-0.79151651E-01	 0.45059043E-04
  2085.0000    	  2086.0000    	-0.70784136E-01	 0.42709558E-04
  2086.0000    	  2087.0000    	-0.61969280E-01	 0.40262073E-04
  2087.0000    	  2088.0000    	-0.52951120E-01	 0.37402434E-04
  2088.0000    	  2089.0000    	-0.44146841E-01	 0.35070727E-04
  2089.0000    	  2090.0000    	-0.35832799E-01	 0.32974431E-04
  2090.0000    	  2091.0000    	-0.10212901    	 0.56080030E-04
  2091.0000    	  2092.0000    	-0.10044404    	 0.53661705E-04
  2092.0000    	  2093.0000    	-0.96985172E-01	 0.51868494E-04
  2093.0000    	  2094.0000    	-0.92034545E-01	 0.49957271E-04
  2094.0000    	  2095.0000    	-0.85718480E-01	 0.46573933E-04
  2095.0000    	  2096.0000    	-0.78220083E-01	 0.44725610E-04
  2096.0000    	  2097.0000    	-0.69938536E-01	 0.41765206E-04
  2097.0000    	  2098.0000    	-0.61132764E-01	 0.39412856E-04
  2098.0000    	  2099.0000    	-0.52201781E-01	 0.36994242E-04
  2099.0000    	  2100.0000    	-0.43493645E-01	 0.34798207E-04
  2100.0000    	  2101.0000    	-0.35307727E-01	 0.32715137E-04
  2101.0000    	  2102.0000    	-0.10100975    	 0.55432629E-04
  2102.0000    	  2103.0000    	-0.99240001E-01	 0.52626684E-04
  2103.0000    	  2104.0000    	-0.95992117E-01	 0.50475954E-04
  2104.0000    	  2105.0000    	-0.91040394E-01	 0.48972488E-04
  2105.0000    	  2106.0000    	-0.84760934E-01	 0.45986075E-04
  2106.0000    	  2107.0000    	-0.77270378E-01	 0.43831398E-04
  2107.0000    	  2108.0000    	-0.69115553E-01	 0.41592707E-04
  2108.0000    	  2109.0000    	-0.60347483E-01	 0.39137812E-04
  2109.0000    	  2110.0000    	-0.51532259E-01	 0.36671933E-04
  2110.0000    	  2111.0000    	-0.42907676E-01	 0.34402368E-04
  2111.0000    	  2112.0000    	-0.34797851E-01	 0.32339137E-04
  2112.0000    	  2113.0000    	-0.99989200E-01	 0.54717619E-04
  2113.0000    	  2114.0000    	-0.98226496E-01	 0.52099618E-04
  2114.0000    	  2115.0000    	-0.94831242E-01	 0.49439917E-04
  2115.0000    	  2116.0000    	-0.89930115E-01	 0.47001112E-04
  2116.0000    	  2117.0000    	-0.83702225E-01	 0.44741040E-04
  2117.0000    	  2118.0000    	-0.76365296E-01	 0.42845953E-04
  2118.0000    	  2119.0000    	-0.68144231E-01	 0.40725678E-04
  2119.0000    	  2120.0000    	-0.59560528E-01	 0.38532514E-04
  2120.0000    	  2121.0000    	-0.50835194E-01	 0.36360771E-04
  2121.0000    	  2122.0000    	-0.42307408E-01	 0.34125128E-04
  2122.0000    	  2123.0000    	-0.34255632E-01	 0.32066448E-04
  2123.0000    	  2124.0000    	-0.98842636E-01	 0.54052076E-04
  2124.0000    	  2125.0000    	-0.97197423E-01	 0.51314228E-04
  2125.0000    	  2126.0000    	-0.93828879E-01	 0.48737438E-04
  2126.0000    	  2127.0000    	-0.88961818E-01	 0.46987829E-04
  2127.0000    	  2128.0000    	-0.82719881E-01	 0.44048752E-04
  2128.0000    	  2129.0000    	-0.75462264E-01	 0.42296092E-04
  2129.0000    	  2130.0000    	-0.67340697E-01	 0.40248671E-04
  2130.0000    	  2131.0000    	-0.58757009E-01	 0.38124708E-04
  2131.0000    	  2132.0000    	-0.50091672E-01	 0.36005310E-04
  2132.0000    	  2133.0000    	-0.41698324E-01	 0.33728891E-04
  2133.0000    	  2134.0000    	-0.33786674E-01	 0.31837790E-04
  2134.0000    	  2135.0000    	-0.97768631E-01	 0.53488342E-04
  2135.0000    	  2136.0000    	-0.96034513E-01	 0.50857887E-04
  2136.0000    	  2137.0000    	-0.92762197E-01	 0.48271467E-04
  2137.0000    	  2138.0000    	-0.87926019E-01	 0.46005113E-04
  2138.0000    	  2139.0000    	-0.81739219E-01	 0.43597836E-04
  2139.0000    	  2140.0000    	-0.74586067E-01	 0.41506151E-04
  2140.0000    	  2141.0000    	-0.66532226E-01	 0.39785617E-04
  2141.0000    	  2142.0000    	-0.58072804E-01	 0.37806212E-04
  2142.0000    	  2143.0000    	-0.49483461E-01	 0.35653288E-04
  2143.0000    	  2144.0000    	-0.41121166E-01	 0.33506947E-04
  2144.0000    	  2145.0000    	-0.33260201E-01	 0.31974752E-04
  2145.0000    	  2146.0000    	-0.96696190E-01	 0.52873169E-04
  2146.0000    	  2147.0000    	-0.95056195E-01	 0.50268664E-04
  2147.0000    	  2148.0000    	-0.91824970E-01	 0.47418823E-04
  2148.0000    	  2149.0000    	-0.86951735E-01	 0.45180226E-04
  2149.0000    	  2150.0000    	-0.80856098E-01	 0.43052162E-04
  2150.0000    	  2151.0000    	-0.73648404E-01	 0.41197406E-04
  2151.0000    	  2152.0000    	-0.65728905E-01	 0.39355653E-04
  2152.0000    	  2153.0000    	-0.57280030E-01	 0.37496676E-04
  2153.0000    	  2154.0000    	-0.48782325E-01	 0.35268909E-04
  2154.0000    	  2155.0000    	-0.40499684E-01	 0.33113386E-04
  2155.0000    	  2156.0000    	-0.32795745E-01	 0.31307026E-04
  2156.0000    	  2157.0000    	-0.95645720E-01	 0.52359590E-04
  2157.0000    	  2158.0000    	-0.93996765E-01	 0.49717748E-04
  2158.0000    	  2159.0000    	-0.90719139E-01	 0.46856541E-04
  2159.0000    	  2160.0000    	-0.85982930E-01	 0.44490573E-04
  2160.0000    	  2161.0000    	-0.79929862E-01	 0.42464289E-04
  2161.0000    	  2162.0000    	-0.72722918E-01	 0.40700796E-04
  2162.0000    	  2163.0000    	-0.64832132E-01	 0.39042412E-04
  2163.0000    	  2164.0000    	-0.56496044E-01	 0.37113700E-04
  2164.0000    	  2165.0000    	-0.48139691E-01	 0.34998056E-04
  2165.0000    	  2166.0000    	-0.39955122E-01	 0.32800142E-04
  2166.0000    	  2167.0000    	-0.32288379E-01	 0.30907501E-04
  2167.0000    	  2168.0000    	-0.94703231E-01	 0.51887540E-04
  2168.0000    	  2169.0000    	-0.92962122E-01	 0.49080317E-04
  2169.0000    	  2170.0000    	-0.89657577E-01	 0.46337803E-04
  2170.0000    	  2171.0000    	-0.84973576E-01	 0.43937297E-04
  2171.0000    	  2172.0000    	-0.78931705E-01	 0.41904371E-04
  2172.0000    	  2173.0000    	-0.71918269E-01	 0.40234475E-04
  2173.0000    	  2174.0000    	-0.64039845E-01	 0.38613351E-04
  2174.0000    	  2175.0000    	-0.55818031E-01	 0.36768616E-04
  2175.0000    	  2176.0000    	-0.47462129E-01	 0.34673917E-04
  2176.0000    	  2177.0000    	-0.39409489E-01	 0.32721085E-04
  2177.0000    	  2178.0000    	-0.31820963E-01	 0.30628728E-04
  2178.0000    	  2179.0000    	-0.93611834E-01	 0.51386513E-04
  2179.0000    	  2180.0000    	-0.91946337E-01	 0.48614612E-04
  2180.0000    	  2181.0000    	-0.88693397E-01	 0.45865069E-04
  2181.0000    	  2182.0000    	-0.84024383E-01	 0.43365758E-04
  2182.0000    	  2183.0000    	-0.77997194E-01	 0.41446825E-04
  2183.0000    	  2184.0000    	-0.71048383E-01	 0.39831829E-04
  2184.0000    	  2185.0000    	-0.63255013E-01	 0.38256999E-04
  2185.0000    	  2186.0000    	-0.55060420E-01	 0.36402059E-04
  2186.0000    	  2187.0000    	-0.46838768E-01	 0.34361316E-04
  2187.0000    	  2188.0000    	-0.38859627E-01	 0.32312587E-04
  2188.0000    	  2189.0000    	-0.31373208E-01	 0.30539911E-04
  2189.0000    	  2190.0000    	-0.92566012E-01	 0.50907338E-04
  2190.0000    	  2191.0000    	-0.90974726E-01	 0.48160124E-04
  2191.0000    	  2192.0000    	-0.87777583E-01	 0.45405554E-04
  2192.0000    	  2193.0000    	-0.83100233E-01	 0.42970386E-04
  2193.0000    	  2194.0000    	-0.77190653E-01	 0.41083064E-04
  2194.0000    	  2195.0000    	-0.70154857E-01	 0.39446402E-04
  2195.0000    	  2196.0000    	-0.62496339E-01	 0.37909468E-04
  2196.0000    	  2197.0000    	-0.54414376E-01	 0.36414510E-04
  2197.0000    	  2198.0000    	-0.46275737E-01	 0.34141699E-04
  2198.0000    	  2199.0000    	-0.38314255E-01	 0.32072972E-04
  2199.0000    	  2200.0000    	-0.30927756E-01	 0.30161037E-04
  2200.0000    	  2201.0000    	-0.91598835E-01	 0.50475669E-04
  2201.0000    	  2202.0000    	-0.89896135E-01	 0.47721949E-04
  2202.0000    	  2203.0000    	-0.86798388E-01	 0.44973206E-04
  2203.0000    	  2204.0000    	-0.82150531E-01	 0.42569946E-04
  2204.0000    	  2205.0000    	-0.76251353E-01	 0.40647546E-04
  2205.0000    	  2206.0000    	-0.69299359E-01	 0.39080435E-04
  2206.0000    	  2207.0000    	-0.61791900E-01	 0.37637476E-04
  2207.0000    	  2208.0000    	-0.53716643E-01	 0.35845334E-04
  2208.0000    	  2209.0000    	-0.45600356E-01	 0.33779997E-04
  2209.0000    	  2210.0000    	-0.37771138E-01	 0.31752567E-04
  2210.0000    	  2211.0000    	-0.30449481E-01	 0.29824188E-04
  2211.0000    	  2212.0000    	-0.90579061E-01	 0.50114530E-04
  2212.0000    	  2213.0000    	-0.88962974E-01	 0.47285256E-04
  2213.0000    	  2214.0000    	-0.85720487E-01	 0.44539690E-04
  2214.0000    	  2215.0000    	-0.81223364E-01	 0.42303138E-04
  2215.0000    	  2216.0000    	-0.75388074E-01	 0.40285122E-04
  2216.0000    	  2217.0000    	-0.68517675E-01	 0.38767648E-04
  2217.0000    	  2218.0000    	-0.60943647E-01	 0.37578866E-04
  2218.0000    	  2219.0000    	-0.52982353E-01	 0.35510377E-04
  2219.0000    	  2220.0000    	-0.45006700E-01	 0.33532885E-04
  2220.0000    	  2221.0000    	-0.37269238E-01	 0.31522259E-04
  2221.0000    	  2222.0000    	-0.29981075E-01	 0.30227880E-04
  2222.0000    	  2223.0000    	-0.89581098E-01	 0.49620487E-04
  2223.0000    	  2224.0000    	-0.88043187E-01	 0.46901617E-04
  2224.0000    	  2225.0000    	-0.84860128E-01	 0.44189126E-04
  2225.0000    	  2226.0000    	-0.80264899E-01	 0.41754619E-04
  2226.0000    	  2227.0000    	-0.74462067E-01	 0.39915645E-04
  2227.0000    	  2228.0000    	-0.67730541E-01	 0.38460922E-04
  2228.0000    	  2229.0000    	-0.60159110E-01	 0.36957534E-04
  2229.0000    	  2230.0000    	-0.52357983E-01	 0.35222971E-04
  2230.0000    	  2231.0000    	-0.44375097E-01	 0.33219176E-04
  2231.0000    	  2232.0000    	-0.36719524E-01	 0.31180483E-04
  2232.0000    	  2233.0000    	-0.29589382E-01	 0.29342506E-04
  2233.0000    	  2234.0000    	-0.88594715E-01	 0.49181930E-04
  2234.0000    	  2235.0000    	-0.87067585E-01	 0.46506048E-04
  2235.0000    	  2236.0000    	-0.83942226E-01	 0.43802268E-04
  2236.0000    	  2237.0000    	-0.79423813E-01	 0.41505829E-04
  2237.0000    	  2238.0000    	-0.73662628E-01	 0.39606599E-04
  2238.0000    	  2239.0000    	-0.66889902E-01	 0.38172992E-04
  2239.0000    	  2240.0000    	-0.59484794E-01	 0.36697617E-04
  2240.0000    	  2241.0000    	-0.51687071E-01	 0.34949132E-04
  2241.0000    	  2242.0000    	-0.43787115E-01	 0.32927541E-04
  2242.0000    	  2243.0000    	-0.36237585E-01	 0.30935147E-04
  2243.0000    	  2244.0000    	-0.29140189E-01	 0.29136021E-04
  2244.0000    	  2245.0000    	-0.87637944E-01	 0.48780111E-04
  2245.0000    	  2246.0000    	-0.86047984E-01	 0.46089699E-04
  2246.0000    	  2247.0000    	-0.83026355E-01	 0.43431510E-04
  2247.0000    	  2248.0000    	-0.78483527E-01	 0.41072866E-04
  2248.0000    	  2249.0000    	-0.72788373E-01	 0.39262963E-04
  2249.0000    	  2250.0000    	-0.66092984E-01	 0.37823421E-04
  2250.0000    	  2251.0000    	-0.58746838E-01	 0.36389456E-04
  2251.0000    	  2252.0000    	-0.50979992E-01	 0.34647192E-04
  2252.0000    	  2253.0000    	-0.43270675E-01	 0.33207969E-04
  2253.0000    	  2254.0000    	-0.35722713E-01	 0.30719640E-04
  2254.0000    	  2255.0000    	-0.28690832E-01	 0.28789927E-04
  2255.0000    	  2256.0000    	-0.86650475E-01	 0.48467195E-04
  2256.0000    	  2257.0000    	-0.85099135E-01	 0.45698780E-04
  2257.0000    	  2258.0000    	-0.82039556E-01	 0.43079041E-04
  2258.0000    	  2259.0000    	-0.77598825E-01	 0.40730357E-04
  2259.0000    	  2260.0000    	-0.71960869E-01	 0.38998661E-04
  2260.0000    	  2261.0000    	-0.65272515E-01	 0.37551917E-04
  2261.0000    	  2262.0000    	-0.58034345E-01	 0.36121478E-04
  2262.0000    	  2263.0000    	-0.50338990E-01	 0.34338825E-04
  2263.0000    	  2264.0000    	-0.42644672E-01	 0.32405395E-04
  2264.0000    	  2265.0000    	-0.35226618E-01	 0.30415336E-04
  2265.0000    	  2266.0000    	-0.28290837E-01	 0.28637095E-04
  2266.0000    	  2267.0000    	-0.85767610E-01	 0.48044910E-04
  2267.0000    	  2268.0000    	-0.84187730E-01	 0.45357715E-04
  2268.0000    	  2269.0000    	-0.81093121E-01	 0.42712455E-04
  2269.0000    	  2270.0000    	-0.76736906E-01	 0.40443899E-04
  2270.0000    	  2271.0000    	-0.71072009E-01	 0.38642725E-04
  2271.0000    	  2272.0000    	-0.64580214E-01	 0.37258977E-04
  2272.0000    	  2273.0000    	-0.57268999E-01	 0.35834337E-04
  2273.0000    	  2274.0000    	-0.49726490E-01	 0.34136279E-04
  2274.0000    	  2275.0000    	-0.42081270E-01	 0.32188847E-04
  2275.0000    	  2276.0000    	-0.34766586E-01	 0.30430562E-04
  2276.0000    	  2277.0000    	-0.27883011E-01	 0.28336674E-04
  2277.0000    	  2278.0000    	-0.84744647E-01	 0.47611668E-04
  2278.0000    	  2279.0000    	-0.83274144E-01	 0.45002736E-04
  2279.0000    	  2280.0000    	-0.80261342E-01	 0.42389559E-04
  2280.0000    	  2281.0000    	-0.75860267E-01	 0.40098822E-04
  2281.0000    	  2282.0000    	-0.70284741E-01	 0.38359861E-04
  2282.0000    	  2283.0000    	-0.63728603E-01	 0.36942552E-04
  2283.0000    	  2284.0000    	-0.56592944E-01	 0.35541984E-04
  2284.0000    	  2285.0000    	-0.49068653E-01	 0.33822369E-04
  2285.0000    	  2286.0000    	-0.41532909E-01	 0.32121477E-04
  2286.0000    	  2287.0000    	-0.34298825E-01	 0.30140912E-04
  2287.0000    	  2288.0000    	-0.27469601E-01	 0.28141677E-04
  2288.0000    	  2289.0000    	-0.83971688E-01	 0.47290144E-04
  2289.0000    	  2290.0000    	-0.82342876E-01	 0.44658525E-04
  2290.0000    	  2291.0000    	-0.79412554E-01	 0.42054675E-04
  2291.0000    	  2292.0000    	-0.75022691E-01	 0.39824778E-04
  2292.0000    	  2293.0000    	-0.69509031E-01	 0.38202115E-04
  2293.0000    	  2294.0000    	-0.63055399E-01	 0.36747821E-04
  2294.0000    	  2295.0000    	-0.55920566E-01	 0.35355520E-04
  2295.0000    	  2296.0000    	-0.48430733E-01	 0.33542577E-04
  2296.0000    	  2297.0000    	-0.41002584E-01	 0.31597830E-04
  2297.0000    	  2298.0000    	-0.33769978E-01	 0.29737718E-04
  2298.0000    	  2299.0000    	-0.27106239E-01	 0.27884995E-04
  2299.0000    	  2300.0000    	-0.82999467E-01	 0.47076045E-04
  2300.0000    	  2301.0000    	-0.81471651E-01	 0.44315820E-04
  2301.0000    	  2302.0000    	-0.78517917E-01	 0.41737686E-04
  2302.0000    	  2303.0000    	-0.74153831E-01	 0.39530873E-04
  2303.0000    	  2304.0000    	-0.68721165E-01	 0.37821416E-04
  2304.0000    	  2305.0000    	-0.62235846E-01	 0.36415277E-04
  2305.0000    	  2306.0000    	-0.55215574E-01	 0.35078461E-04
  2306.0000    	  2307.0000    	-0.47818821E-01	 0.33620670E-04
  2307.0000    	  2308.0000    	-0.40435925E-01	 0.31349790E-04
  2308.0000    	  2309.0000    	-0.33325450E-01	 0.29400083E-04
  2309.0000    	  2310.0000    	-0.26737854E-01	 0.28026797E-04
  2310.0000    	  2311.0000    	-0.82099733E-01	 0.46557746E-04
  2311.0000    	  2312.0000    	-0.80647988E-01	 0.44107872E-04
  2312.0000    	  2313.0000    	-0.77596314E-01	 0.41405071E-04
  2313.0000    	  2314.0000    	-0.73356397E-01	 0.39231819E-04
  2314.0000    	  2315.0000    	-0.67901547E-01	 0.37530172E-04
  2315.0000    	  2316.0000    	-0.61527462E-01	 0.36167877E-04
  2316.0000    	  2317.0000    	-0.54538253E-01	 0.34746734E-04
  2317.0000    	  2318.0000    	-0.47269805E-01	 0.33169449E-04
  2318.0000    	  2319.0000    	-0.39935552E-01	 0.31350517E-04
  2319.0000    	  2320.0000    	-0.32857847E-01	 0.29167558E-04
  2320.0000    	  2321.0000    	-0.26299341E-01	 0.27440956E-04
  2321.0000    	  2322.0000    	-0.81161892E-01	 0.46256106E-04
  2322.0000    	  2323.0000    	-0.79716735E-01	 0.43658526E-04
  2323.0000    	  2324.0000    	-0.76727208E-01	 0.41106321E-04
  2324.0000    	  2325.0000    	-0.72484097E-01	 0.38923730E-04
  2325.0000    	  2326.0000    	-0.67071570E-01	 0.37281279E-04
  2326.0000    	  2327.0000    	-0.60814000E-01	 0.35921041E-04
  2327.0000    	  2328.0000    	-0.53892129E-01	 0.34771501E-04
  2328.0000    	  2329.0000    	-0.46615687E-01	 0.32772473E-04
  2329.0000    	  2330.0000    	-0.39365893E-01	 0.31327295E-04
  2330.0000    	  2331.0000    	-0.32422364E-01	 0.28882056E-04
  2331.0000    	  2332.0000    	-0.25929934E-01	 0.27197851E-04
  2332.0000    	  2333.0000    	-0.80307462E-01	 0.45852446E-04
  2333.0000    	  2334.0000    	-0.78780883E-01	 0.43311673E-04
  2334.0000    	  2335.0000    	-0.75936133E-01	 0.40801361E-04
  2335.0000    	  2336.0000    	-0.71676831E-01	 0.38644542E-04
  2336.0000    	  2337.0000    	-0.66335117E-01	 0.36987331E-04
  2337.0000    	  2338.0000    	-0.60106003E-01	 0.35666699E-04
  2338.0000    	  2339.0000    	-0.53197944E-01	 0.34218399E-04
  2339.0000    	  2340.0000    	-0.46022299E-01	 0.32484258E-04
  2340.0000    	  2341.0000    	-0.38860641E-01	 0.30623361E-04
  2341.0000    	  2342.0000    	-0.31978728E-01	 0.28691541E-04
  2342.0000    	  2343.0000    	-0.25539399E-01	 0.26995796E-04
  2343.0000    	  2344.0000    	-0.79462630E-01	 0.45535787E-04
  2344.0000    	  2345.0000    	-0.77975630E-01	 0.42997653E-04
  2345.0000    	  2346.0000    	-0.75103897E-01	 0.40531312E-04
  2346.0000    	  2347.0000    	-0.70893708E-01	 0.38381973E-04
  2347.0000    	  2348.0000    	-0.65528338E-01	 0.36740212E-04
  2348.0000    	  2349.0000    	-0.59391826E-01	 0.35404700E-04
  2349.0000    	  2350.0000    	-0.52557357E-01	 0.33956053E-04
  2350.0000    	  2351.0000    	-0.45447588E-01	 0.32269953E-04
  2351.0000    	  2352.0000    	-0.38384006E-01	 0.30388455E-04
  2352.0000    	  2353.0000    	-0.31523976E-01	 0.28468213E-04
  2353.0000    	  2354.0000    	-0.25252541E-01	 0.26890203E-04
  2354.0000    	  2355.0000    	-0.78591184E-01	 0.45198892E-04
  2355.0000    	  2356.0000    	-0.77131832E-01	 0.42679540E-04
  2356.0000    	  2357.0000    	-0.74225306E-01	 0.40233203E-04
  2357.0000    	  2358.0000    	-0.70089664E-01	 0.38112307E-04
  2358.0000    	  2359.0000    	-0.64863017E-01	 0.36500283E-04
  2359.0000    	  2360.0000    	-0.58640144E-01	 0.35131082E-04
  2360.0000    	  2361.0000    	-0.51899967E-01	 0.33719802E-04
  2361.0000    	  2362.0000    	-0.44880423E-01	 0.32061363E-04
  2362.0000    	  2363.0000    	-0.37836301E-01	 0.30115582E-04
  2363.0000    	  2364.0000    	-0.31107490E-01	 0.28241595E-04
  2364.0000    	  2365.0000    	-0.24821825E-01	 0.26527201E-04
  2365.0000    	  2366.0000    	-0.77745823E-01	 0.44841466E-04
  2366.0000    	  2367.0000    	-0.76248299E-01	 0.42365709E-04
  2367.0000    	  2368.0000    	-0.73438885E-01	 0.39936217E-04
  2368.0000    	  2369.0000    	-0.69278978E-01	 0.37831117E-04
  2369.0000    	  2370.0000    	-0.64074551E-01	 0.36248343E-04
  2370.0000    	  2371.0000    	-0.57955565E-01	 0.34933843E-04
  2371.0000    	  2372.0000    	-0.51296049E-01	 0.33475230E-04
  2372.0000    	  2373.0000    	-0.44326689E-01	 0.31831708E-04
  2373.0000    	  2374.0000    	-0.37390129E-01	 0.29910275E-04
  2374.0000    	  2375.0000    	-0.30675518E-01	 0.28027287E-04
  2375.0000    	  2376.0000    	-0.24508161E-01	 0.26404622E-04
  2376.0000    	  2377.0000    	-0.76833797E-01	 0.44504343E-04
  2377.0000    	  2378.0000    	-0.75447196E-01	 0.42074092E-04
  2378.0000    	  2379.0000    	-0.72598051E-01	 0.39675720E-04
  2379.0000    	  2380.0000    	-0.68543217E-01	 0.37604587E-04
  2380.0000    	  2381.0000    	-0.63313844E-01	 0.35989201E-04
  2381.0000    	  2382.0000    	-0.57305238E-01	 0.34676632E-04
  2382.0000    	  2383.0000    	-0.50631590E-01	 0.33206615E-04
  2383.0000    	  2384.0000    	-0.43762099E-01	 0.31698275E-04
  2384.0000    	  2385.0000    	-0.36852531E-01	 0.29682118E-04
  2385.0000    	  2386.0000    	-0.30268165E-01	 0.27787286E-04
  2386.0000    	  2387.0000    	-0.24124966E-01	 0.26504078E-04
  2387.0000    	  2388.0000    	-0.76080267E-01	 0.44213783E-04
  2388.0000    	  2389.0000    	-0.74669860E-01	 0.41790744E-04
  2389.0000    	  2390.0000    	-0.71773221E-01	 0.39363462E-04
  2390.0000    	  2391.0000    	-0.67718915E-01	 0.37326253E-04
  2391.0000    	  2392.0000    	-0.62589720E-01	 0.35754966E-04
  2392.0000    	  2393.0000    	-0.56622221E-01	 0.34450041E-04
  2393.0000    	  2394.0000    	-0.50027130E-01	 0.32977813E-04
  2394.0000    	  2395.0000    	-0.43205162E-01	 0.31305625E-04
  2395.0000    	  2396.0000    	-0.36374609E-01	 0.29444810E-04
  2396.0000    	  2397.0000    	-0.29890721E-01	 0.27597545E-04
  2397.0000    	  2398.0000    	-0.23808006E-01	 0.25954588E-04
  2398.0000    	  2399.0000    	-0.75174723E-01	 0.43878621E-04
  2399.0000    	  2400.0000    	-0.73826427E-01	 0.41484473E-04
  2400.0000    	  2401.0000    	-0.71023568E-01	 0.39153389E-04
  2401.0000    	  2402.0000    	-0.66993052E-01	 0.37079710E-04
  2402.0000    	  2403.0000    	-0.61873764E-01	 0.35533437E-04
  2403.0000    	  2404.0000    	-0.55957188E-01	 0.34167885E-04
  2404.0000    	  2405.0000    	-0.49413841E-01	 0.32749629E-04
  2405.0000    	  2406.0000    	-0.42687426E-01	 0.31074831E-04
  2406.0000    	  2407.0000    	-0.35899189E-01	 0.29218302E-04
  2407.0000    	  2408.0000    	-0.29444663E-01	 0.27341033E-04
  2408.0000    	  2409.0000    	-0.23450864E-01	 0.25796976E-04
  2409.0000    	  2410.0000    	-0.74422286E-01	 0.43609402E-04
  2410.0000    	  2411.0000    	-0.72972902E-01	 0.41201368E-04
  2411.0000    	  2412.0000    	-0.70261640E-01	 0.38856097E-04
  2412.0000    	  2413.0000    	-0.66260885E-01	 0.36841942E-04
  2413.0000    	  2414.0000    	-0.61180157E-01	 0.35324151E-04
  2414.0000    	  2415.0000    	-0.55248178E-01	 0.33933114E-04
  2415.0000    	  2416.0000    	-0.48894859E-01	 0.32518750E-04
  2416.0000    	  2417.0000    	-0.42134613E-01	 0.30832829E-04
  2417.0000    	  2418.0000    	-0.35450261E-01	 0.29006065E-04
  2418.0000    	  2419.0000    	-0.29041793E-01	 0.27184509E-04
  2419.0000    	  2420.0000    	-0.23101793E-01	 0.26079763E-04
  2420.0000    	  2421.0000    	-0.73641669E-01	 0.43391533E-04
  2421.0000    	  2422.0000    	-0.72223969E-01	 0.40904909E-04
  2422.0000    	  2423.0000    	-0.69468522E-01	 0.38575294E-04
  2423.0000    	  2424.0000    	-0.65457850E-01	 0.36574295E-04
  2424.0000    	  2425.0000    	-0.60536293E-01	 0.35082277E-04
  2425.0000    	  2426.0000    	-0.54655125E-01	 0.33950840E-04
  2426.0000    	  2427.0000    	-0.48240100E-01	 0.32277207E-04
  2427.0000    	  2428.0000    	-0.41602497E-01	 0.30716427E-04
  2428.0000    	  2429.0000    	-0.34984801E-01	 0.28723560E-04
  2429.0000    	  2430.0000    	-0.28648819E-01	 0.26898779E-04
  2430.0000    	  2431.0000    	-0.22789664E-01	 0.25380834E-04
  2431.0000    	  2432.0000    	-0.72799332E-01	 0.42988442E-04
  2432.0000    	  2433.0000    	-0.71446702E-01	 0.40629435E-04
  2433.0000    	  2434.0000    	-0.68672620E-01	 0.38330785E-04
  2434.0000    	  2435.0000    	-0.64743258E-01	 0.36401279E-04
  2435.0000    	  2436.0000    	-0.59778453E-01	 0.34818866E-04
  2436.0000    	  2437.0000    	-0.54005907E-01	 0.33491040E-04
  2437.0000    	  2438.0000    	-0.47651085E-01	 0.32046727E-04
  2438.0000    	  2439.0000    	-0.41072562E-01	 0.30374194E-04
  2439.0000    	  2440.0000    	-0.34539957E-01	 0.28542526E-04
  2440.0000    	  2441.0000    	-0.28270294E-01	 0.26722472E-04
  2441.0000    	  2442.0000    	-0.22498217E-01	 0.25211643E-04
  2442.0000    	  2443.0000    	-0.71991000E-01	 0.42685673E-04
  2443.0000    	  2444.0000    	-0.70650604E-01	 0.40385791E-04
  2444.0000    	  2445.0000    	-0.67920333E-01	 0.38065271E-04
  2445.0000    	  2446.0000    	-0.64038881E-01	 0.36132167E-04
  2446.0000    	  2447.0000    	-0.59100435E-01	 0.34625214E-04
  2447.0000    	  2448.0000    	-0.53368585E-01	 0.33304615E-04
  2448.0000    	  2449.0000    	-0.47079617E-01	 0.31892625E-04
  2449.0000    	  2450.0000    	-0.40580124E-01	 0.30154036E-04
  2450.0000    	  2451.0000    	-0.34068511E-01	 0.28289344E-04
  2451.0000    	  2452.0000    	-0.27879221E-01	 0.26524090E-04
  2452.0000    	  2453.0000    	-0.22147991E-01	 0.24982581E-04
  2453.0000    	  2454.0000    	-0.71248506E-01	 0.42404652E-04
  2454.0000    	  2455.0000    	-0.69871030E-01	 0.40082762E-04
  2455.0000    	  2456.0000    	-0.67208450E-01	 0.37964453E-04
  2456.0000    	  2457.0000    	-0.63351747E-01	 0.35927794E-04
  2457.0000    	  2458.0000    	-0.58437886E-01	 0.34377174E-04
  2458.0000    	  2459.0000    	-0.52778631E-01	 0.33087975E-04
  2459.0000    	  2460.0000    	-0.46528478E-01	 0.31617927E-04
  2460.0000    	  2461.0000    	-0.40066592E-01	 0.30064725E-04
  2461.0000    	  2462.0000    	-0.33630399E-01	 0.28096170E-04
  2462.0000    	  2463.0000    	-0.27505392E-01	 0.26311104E-04
  2463.0000    	  2464.0000    	-0.21853900E-01	 0.24769688E-04
  2464.0000    	  2465.0000    	-0.70503773E-01	 0.42139559E-04
  2465.0000    	  2466.0000    	-0.69094834E-01	 0.39808208E-04
  2466.0000    	  2467.0000    	-0.66511892E-01	 0.37615139E-04
  2467.0000    	  2468.0000    	-0.62611298E-01	 0.35766651E-04
  2468.0000    	  2469.0000    	-0.57760447E-01	 0.34168232E-04
  2469.0000    	  2470.0000    	-0.52094113E-01	 0.32798236E-04
  2470.0000    	  2471.0000    	-0.45985026E-01	 0.31844604E-04
  2471.0000    	  2472.0000    	-0.39497260E-01	 0.29676915E-04
  2472.0000    	  2473.0000    	-0.33213940E-01	 0.27866116E-04
  2473.0000    	  2474.0000    	-0.27139721E-01	 0.26311352E-04
  2474.0000    	  2475.0000    	-0.21511945E-01	 0.24627440E-04
  2475.0000    	  2476.0000    	-0.69720526E-01	 0.41872307E-04
  2476.0000    	  2477.0000    	-0.68382085E-01	 0.39560594E-04
  2477.0000    	  2478.0000    	-0.65722291E-01	 0.37359874E-04
  2478.0000    	  2479.0000    	-0.61905077E-01	 0.35484019E-04
  2479.0000    	  2480.0000    	-0.57114008E-01	 0.33958510E-04
  2480.0000    	  2481.0000    	-0.51488058E-01	 0.32780306E-04
  2481.0000    	  2482.0000    	-0.45410236E-01	 0.31299496E-04
  2482.0000    	  2483.0000    	-0.39078276E-01	 0.29522236E-04
  2483.0000    	  2484.0000    	-0.32782740E-01	 0.27725325E-04
  2484.0000    	  2485.0000    	-0.26797046E-01	 0.26117145E-04
  2485.0000    	  2486.0000    	-0.21238710E-01	 0.24412615E-04
  2486.0000    	  2487.0000    	-0.68938649E-01	 0.41555903E-04
  2487.0000    	  2488.0000    	-0.67664931E-01	 0.39318455E-04
  2488.0000    	  2489.0000    	-0.64991530E-01	 0.37115005E-04
  2489.0000    	  2490.0000    	-0.61190971E-01	 0.35314072E-04
  2490.0000    	  2491.0000    	-0.56431092E-01	 0.33724393E-04
  2491.0000    	  2492.0000    	-0.50925175E-01	 0.32401192E-04
  2492.0000    	  2493.0000    	-0.44846191E-01	 0.30929682E-04
  2493.0000    	  2494.0000    	-0.38568100E-01	 0.29299456E-04
  2494.0000    	  2495.0000    	-0.32327951E-01	 0.27470458E-04
  2495.0000    	  2496.0000    	-0.26403727E-01	 0.25722083E-04
  2496.0000    	  2497.0000    	-0.20921417E-01	 0.24255145E-04
  2497.0000    	  2498.0000    	-0.68244483E-01	 0.41302924E-04
  2498.0000    	  2499.0000    	-0.66862150E-01	 0.39036480E-04
  2499.0000    	  2500.0000    	-0.64286598E-01	 0.36879288E-04
  2500.0000    	  2501.0000    	-0.60549340E-01	 0.35028050E-04
  2501.0000    	  2502.0000    	-0.55837169E-01	 0.33534674E-04
  2502.0000    	  2503.0000    	-0.50312925E-01	 0.32156160E-04
  2503.0000    	  2504.0000    	-0.44305312E-01	 0.30791282E-04
  2504.0000    	  2505.0000    	-0.38108196E-01	 0.29275625E-04
  2505.0000    	  2506.0000    	-0.31962955E-01	 0.27285003E-04
  2506.0000    	  2507.0000    	-0.26059679E-01	 0.25645519E-04
  2507.0000    	  2508.0000    	-0.20616617E-01	 0.24083942E-04
  2508.0000    	  2509.0000    	-0.67463896E-01	 0.41012262E-04
  2509.0000    	  2510.0000    	-0.66188026E-01	 0.38810997E-04
  2510.0000    	  2511.0000    	-0.63616660E-01	 0.36677584E-04
  2511.0000    	  2512.0000    	-0.59922941E-01	 0.34846047E-04
  2512.0000    	  2513.0000    	-0.55142386E-01	 0.33308265E-04
  2513.0000    	  2514.0000    	-0.49699389E-01	 0.31956905E-04
  2514.0000    	  2515.0000    	-0.43795229E-01	 0.30633747E-04
  2515.0000    	  2516.0000    	-0.37624834E-01	 0.28868465E-04
  2516.0000    	  2517.0000    	-0.31556139E-01	 0.27101576E-04
  2517.0000    	  2518.0000    	-0.25689416E-01	 0.25326435E-04
  2518.0000    	  2519.0000    	-0.20364620E-01	 0.24017483E-04
  2519.0000    	  2520.0000    	-0.66725336E-01	 0.40761879E-04
  2520.0000    	  2521.0000    	-0.65482609E-01	 0.38580302E-04
  2521.0000    	  2522.0000    	-0.62940736E-01	 0.36446671E-04
  2522.0000    	  2523.0000    	-0.59183784E-01	 0.34613227E-04
  2523.0000    	  2524.0000    	-0.54537659E-01	 0.33202936E-04
  2524.0000    	  2525.0000    	-0.49169085E-01	 0.31833621E-04
  2525.0000    	  2526.0000    	-0.43227074E-01	 0.30287229E-04
  2526.0000    	  2527.0000    	-0.37184220E-01	 0.28669521E-04
  2527.0000    	  2528.0000    	-0.31107161E-01	 0.26924511E-04
  2528.0000    	  2529.0000    	-0.25359986E-01	 0.25766925E-04
  2529.0000    	  2530.0000    	-0.20077360E-01	 0.23756465E-04
  2530.0000    	  2531.0000    	-0.66070522E-01	 0.40549527E-04
  2531.0000    	  2532.0000    	-0.64715038E-01	 0.38299227E-04
  2532.0000    	  2533.0000    	-0.62190279E-01	 0.36208874E-04
  2533.0000    	  2534.0000    	-0.58509992E-01	 0.34462813E-04
  2534.0000    	  2535.0000    	-0.53941494E-01	 0.32902680E-04
  2535.0000    	  2536.0000    	-0.48566902E-01	 0.31529394E-04
  2536.0000    	  2537.0000    	-0.42731191E-01	 0.30073090E-04
  2537.0000    	  2538.0000    	-0.36673808E-01	 0.28449783E-04
  2538.0000    	  2539.0000    	-0.30719267E-01	 0.26818454E-04
  2539.0000    	  2540.0000    	-0.25034446E-01	 0.25011568E-04
  2540.0000    	  2541.0000    	-0.19813151E-01	 0.24342783E-04
  2541.0000    	  2542.0000    	-0.65325123E-01	 0.40275709E-04
  2542.0000    	  2543.0000    	-0.64062095E-01	 0.38077840E-04
  2543.0000    	  2544.0000    	-0.61496191E-01	 0.36048598E-04
  2544.0000    	  2545.0000    	-0.57866044E-01	 0.34190235E-04
  2545.0000    	  2546.0000    	-0.53328668E-01	 0.32692954E-04
  2546.0000    	  2547.0000    	-0.48006772E-01	 0.31327215E-04
  2547.0000    	  2548.0000    	-0.42247045E-01	 0.29890061E-04
  2548.0000    	  2549.0000    	-0.36249834E-01	 0.28238039E-04
  2549.0000    	  2550.0000    	-0.30342356E-01	 0.26496106E-04
  2550.0000    	  2551.0000    	-0.24692190E-01	 0.25065514E-04
  2551.0000    	  2552.0000    	-0.19506236E-01	 0.23452513E-04
  2552.0000    	  2553.0000    	-0.64633320E-01	 0.40151141E-04
  2553.0000    	  2554.0000    	-0.63337826E-01	 0.37994713E-04
  2554.0000    	  2555.0000    	-0.60837699E-01	 0.35805369E-04
  2555.0000    	  2556.0000    	-0.57292127E-01	 0.34014684E-04
  2556.0000    	  2557.0000    	-0.52701246E-01	 0.32509642E-04
  2557.0000    	  2558.0000    	-0.47477760E-01	 0.31132793E-04
  2558.0000    	  2559.0000    	-0.41725287E-01	 0.29674676E-04
  2559.0000    	  2560.0000    	-0.35822388E-01	 0.28076228E-04
  2560.0000    	  2561.0000    	-0.29949776E-01	 0.26291503E-04
  2561.0000    	  2562.0000    	-0.24350467E-01	 0.24721592E-04
  2562.0000    	  2563.0000    	-0.19263479E-01	 0.23265566E-04
  2563.0000    	  2564.0000    	-0.63935238E-01	 0.39737848E-04
  2564.0000    	  2565.0000    	-0.62645857E-01	 0.37597218E-04
  2565.0000    	  2566.0000    	-0.60201302E-01	 0.35598106E-04
  2566.0000    	  2567.0000    	-0.56639580E-01	 0.33838641E-04
  2567.0000    	  2568.0000    	-0.52086419E-01	 0.32292643E-04
  2568.0000    	  2569.0000    	-0.46901358E-01	 0.30917846E-04
  2569.0000    	  2570.0000    	-0.41224087E-01	 0.29492353E-04
  2570.0000    	  2571.0000    	-0.35365137E-01	 0.27854646E-04
  2571.0000    	  2572.0000    	-0.29554936E-01	 0.26093807E-04
  2572.0000    	  2573.0000    	-0.24051797E-01	 0.24537390E-04
  2573.0000    	  2574.0000    	-0.18952413E-01	 0.23455895E-04
  2574.0000    	  2575.0000    	-0.63268741E-01	 0.39480869E-04
  2575.0000    	  2576.0000    	-0.62021394E-01	 0.37384753E-04
  2576.0000    	  2577.0000    	-0.59548299E-01	 0.35408850E-04
  2577.0000    	  2578.0000    	-0.55963357E-01	 0.33598857E-04
  2578.0000    	  2579.0000    	-0.51539118E-01	 0.32119510E-04
  2579.0000    	  2580.0000    	-0.46339663E-01	 0.30767979E-04
  2580.0000    	  2581.0000    	-0.40717079E-01	 0.29277282E-04
  2581.0000    	  2582.0000    	-0.34916033E-01	 0.27635946E-04
  2582.0000    	  2583.0000    	-0.29202561E-01	 0.25919524E-04
  2583.0000    	  2584.0000    	-0.23715895E-01	 0.24287214E-04
  2584.0000    	  2585.0000    	-0.18721865E-01	 0.22951728E-04
  2585.0000    	  2586.0000    	-0.62562680E-01	 0.39316195E-04
  2586.0000    	  2587.0000    	-0.61340526E-01	 0.37181413E-04
  2587.0000    	  2588.0000    	-0.58839918E-01	 0.35144918E-04
  2588.0000    	  2589.0000    	-0.55352652E-01	 0.33442025E-04
  2589.0000    	  2590.0000    	-0.50937020E-01	 0.31893337E-04
  2590.0000    	  2591.0000    	-0.45831439E-01	 0.30556504E-04
  2591.0000    	  2592.0000    	-0.40259611E-01	 0.29070729E-04
  2592.0000    	  2593.0000    	-0.34473155E-01	 0.27449546E-04
  2593.0000    	  2594.0000    	-0.28799462E-01	 0.25740725E-04
  2594.0000    	  2595.0000    	-0.23418961E-01	 0.24341483E-04
  2595.0000    	  2596.0000    	-0.18440025E-01	 0.22757410E-04
  2596.0000    	  2597.0000    	-0.61885941E-01	 0.39020328E-04
  2597.0000    	  2598.0000    	-0.60653850E-01	 0.36935350E-04
  2598.0000    	  2599.0000    	-0.58249684E-01	 0.34993815E-04
  2599.0000    	  2600.0000    	-0.54787188E-01	 0.33243264E-04
  2600.0000    	  2601.0000    	-0.50400663E-01	 0.31731511E-04
  2601.0000    	  2602.0000    	-0.45283632E-01	 0.30316840E-04
  2602.0000    	  2603.0000    	-0.39756322E-01	 0.28889850E-04
  2603.0000    	  2604.0000    	-0.34066445E-01	 0.27258986E-04
  2604.0000    	  2605.0000    	-0.28411841E-01	 0.25730409E-04
  2605.0000    	  2606.0000    	-0.23112810E-01	 0.24472263E-04
  2606.0000    	  2607.0000    	-0.18200205E-01	 0.22647750E-04
  2607.0000    	  2608.0000    	-0.61232820E-01	 0.38747147E-04
  2608.0000    	  2609.0000    	-0.60006661E-01	 0.36736979E-04
  2609.0000    	  2610.0000    	-0.57617646E-01	 0.34799754E-04
  2610.0000    	  2611.0000    	-0.54132789E-01	 0.33033235E-04
  2611.0000    	  2612.0000    	-0.49792070E-01	 0.31531302E-04
  2612.0000    	  2613.0000    	-0.44759615E-01	 0.30138689E-04
  2613.0000    	  2614.0000    	-0.39303021E-01	 0.28713505E-04
  2614.0000    	  2615.0000    	-0.33670673E-01	 0.27071725E-04
  2615.0000    	  2616.0000    	-0.28102054E-01	 0.25382480E-04
  2616.0000    	  2617.0000    	-0.22785862E-01	 0.23815617E-04
  2617.0000    	  2618.0000    	-0.17955526E-01	 0.22501207E-04
  2618.0000    	  2619.0000    	-0.60590476E-01	 0.38530878E-04
  2619.0000    	  2620.0000    	-0.59328002E-01	 0.36521681E-04
  2620.0000    	  2621.0000    	-0.56984371E-01	 0.34600313E-04
  2621.0000    	  2622.0000    	-0.53555006E-01	 0.32872693E-04
  2622.0000    	  2623.0000    	-0.49202266E-01	 0.31306825E-04
  2623.0000    	  2624.0000    	-0.44257146E-01	 0.30035661E-04
  2624.0000    	  2625.0000    	-0.38842565E-01	 0.28520081E-04
  2625.0000    	  2626.0000    	-0.33217182E-01	 0.26886812E-04
  2626.0000    	  2627.0000    	-0.27723035E-01	 0.25234719E-04
  2627.0000    	  2628.0000    	-0.22471618E-01	 0.23675962E-04
  2628.0000    	  2629.0000    	-0.17698337E-01	 0.22334855E-04
  2629.0000    	  2630.0000    	-0.59945598E-01	 0.38291523E-04
  2630.0000    	  2631.0000    	-0.58725213E-01	 0.36299822E-04
  2631.0000    	  2632.0000    	-0.56362695E-01	 0.34405166E-04
  2632.0000    	  2633.0000    	-0.52951518E-01	 0.32671854E-04
  2633.0000    	  2634.0000    	-0.48666994E-01	 0.31118905E-04
  2634.0000    	  2635.0000    	-0.43748169E-01	 0.29754420E-04
  2635.0000    	  2636.0000    	-0.38371902E-01	 0.28314495E-04
  2636.0000    	  2637.0000    	-0.32854117E-01	 0.26678982E-04
  2637.0000    	  2638.0000    	-0.27347438E-01	 0.24977455E-04
  2638.0000    	  2639.0000    	-0.22202812E-01	 0.23545833E-04
  2639.0000    	  2640.0000    	-0.17466405E-01	 0.22189234E-04
  2640.0000    	  2641.0000    	-0.59288762E-01	 0.38074692E-04
  2641.0000    	  2642.0000    	-0.58093978E-01	 0.36077464E-04
  2642.0000    	  2643.0000    	-0.55743606E-01	 0.34214473E-04
  2643.0000    	  2644.0000    	-0.52357487E-01	 0.32496381E-04
  2644.0000    	  2645.0000    	-0.48163859E-01	 0.30991788E-04
  2645.0000    	  2646.0000    	-0.43230101E-01	 0.29601555E-04
  2646.0000    	  2647.0000    	-0.37900786E-01	 0.28204251E-04
  2647.0000    	  2648.0000    	-0.32428153E-01	 0.26501757E-04
  2648.0000    	  2649.0000    	-0.27017084E-01	 0.24816371E-04
  2649.0000    	  2650.0000    	-0.21932004E-01	 0.23416934E-04
  2650.0000    	  2651.0000    	-0.17172875E-01	 0.21993520E-04
  2651.0000    	  2652.0000    	-0.58644274E-01	 0.37849947E-04
  2652.0000    	  2653.0000    	-0.57509065E-01	 0.35912467E-04
  2653.0000    	  2654.0000    	-0.55127172E-01	 0.34025289E-04
  2654.0000    	  2655.0000    	-0.51773613E-01	 0.32298940E-04
  2655.0000    	  2656.0000    	-0.47607445E-01	 0.30773355E-04
  2656.0000    	  2657.0000    	-0.42743289E-01	 0.29367250E-04
  2657.0000    	  2658.0000    	-0.37492598E-01	 0.27937133E-04
  2658.0000    	  2659.0000    	-0.32025165E-01	 0.26342731E-04
  2659.0000    	  2660.0000    	-0.26689618E-01	 0.24700520E-04
  2660.0000    	  2661.0000    	-0.21616056E-01	 0.23166258E-04
  2661.0000    	  2662.0000    	-0.16992069E-01	 0.21923157E-04
  2662.0000    	  2663.0000    	-0.58066027E-01	 0.37680685E-04
  2663.0000    	  2664.0000    	-0.56845672E-01	 0.35696558E-04
  2664.0000    	  2665.0000    	-0.54590783E-01	 0.33860024E-04
  2665.0000    	  2666.0000    	-0.51271386E-01	 0.32149316E-04
  2666.0000    	  2667.0000    	-0.47044322E-01	 0.30571559E-04
  2667.0000    	  2668.0000    	-0.42281601E-01	 0.29171009E-04
  2668.0000    	  2669.0000    	-0.37056479E-01	 0.27767650E-04
  2669.0000    	  2670.0000    	-0.31655405E-01	 0.26164173E-04
  2670.0000    	  2671.0000    	-0.26364554E-01	 0.24841227E-04
  2671.0000    	  2672.0000    	-0.21320865E-01	 0.22984145E-04
  2672.0000    	  2673.0000    	-0.16751174E-01	 0.21738855E-04
  2673.0000    	  2674.0000    	-0.57394068E-01	 0.37407571E-04
  2674.0000    	  2675.0000    	-0.56250280E-01	 0.35539936E-04
  2675.0000    	  2676.0000    	-0.53945393E-01	 0.33688879E-04
  2676.0000    	  2677.0000    	-0.50689336E-01	 0.31949718E-04
  2677.0000    	  2678.0000    	-0.46531113E-01	 0.30375769E-04
  2678.0000    	  2679.0000    	-0.41767072E-01	 0.28988746E-04
  2679.0000    	  2680.0000    	-0.36566369E-01	 0.27537989E-04
  2680.0000    	  2681.0000    	-0.31248742E-01	 0.25930747E-04
  2681.0000    	  2682.0000    	-0.26008135E-01	 0.24334670E-04
  2682.0000    	  2683.0000    	-0.21068944E-01	 0.22865402E-04
  2683.0000    	  2684.0000    	-0.16516470E-01	 0.22296183E-04
  2684.0000    	  2685.0000    	-0.56822428E-01	 0.37230302E-04
  2685.0000    	  2686.0000    	-0.55651837E-01	 0.35315744E-04
  2686.0000    	  2687.0000    	-0.53350357E-01	 0.33484787E-04
  2687.0000    	  2688.0000    	-0.50121610E-01	 0.31834019E-04
  2688.0000    	  2689.0000    	-0.46017419E-01	 0.30217407E-04
  2689.0000    	  2690.0000    	-0.41258865E-01	 0.28832208E-04
  2690.0000    	  2691.0000    	-0.36170369E-01	 0.27380762E-04
  2691.0000    	  2692.0000    	-0.30908940E-01	 0.26011087E-04
  2692.0000    	  2693.0000    	-0.25720118E-01	 0.24204726E-04
  2693.0000    	  2694.0000    	-0.20759601E-01	 0.22686866E-04
  2694.0000    	  2695.0000    	-0.16284303E-01	 0.21449057E-04
  2695.0000    	  2696.0000    	-0.56160049E-01	 0.36950198E-04
  2696.0000    	  2697.0000    	-0.55063507E-01	 0.35122484E-04
  2697.0000    	  2698.0000    	-0.52805505E-01	 0.33423089E-04
  2698.0000    	  2699.0000    	-0.49566383E-01	 0.31677909E-04
  2699.0000    	  2700.0000    	-0.45514340E-01	 0.30188949E-04
  2700.0000    	  2701.0000    	-0.40811604E-01	 0.28649821E-04
  2701.0000    	  2702.0000    	-0.35725008E-01	 0.27331887E-04
  2702.0000    	  2703.0000    	-0.30496193E-01	 0.25645326E-04
  2703.0000    	  2704.0000    	-0.25373829E-01	 0.24028289E-04
  2704.0000    	  2705.0000    	-0.20522727E-01	 0.22560040E-04
  2705.0000    	  2706.0000    	-0.16062615E-01	 0.21318589E-04
  2706.0000    	  2707.0000    	-0.55586363E-01	 0.36769469E-04
  2707.0000    	  2708.0000    	-0.54406208E-01	 0.35012199E-04
  2708.0000    	  2709.0000    	-0.52238550E-01	 0.33128807E-04
  2709.0000    	  2710.0000    	-0.48999762E-01	 0.31393829E-04
  2710.0000    	  2711.0000    	-0.44979599E-01	 0.29972041E-04
  2711.0000    	  2712.0000    	-0.40343620E-01	 0.28437672E-04
  2712.0000    	  2713.0000    	-0.35311234E-01	 0.27012453E-04
  2713.0000    	  2714.0000    	-0.30100437E-01	 0.25533757E-04
  2714.0000    	  2715.0000    	-0.25044137E-01	 0.23856247E-04
  2715.0000    	  2716.0000    	-0.20259178E-01	 0.22457588E-04
  2716.0000    	  2717.0000    	-0.15849920E-01	 0.21808145E-04
  2717.0000    	  2718.0000    	-0.55028237E-01	 0.36566776E-04
  2718.0000    	  2719.0000    	-0.53871676E-01	 0.34730582E-04
  2719.0000    	  2720.0000    	-0.51650292E-01	 0.32980946E-04
  2720.0000    	  2721.0000    	-0.48491598E-01	 0.31246370E-04
  2721.0000    	  2722.0000    	-0.44469560E-01	 0.29653664E-04
  2722.0000    	  2723.0000    	-0.39890374E-01	 0.28283764E-04
  2723.0000    	  2724.0000    	-0.34867936E-01	 0.26927943E-04
  2724.0000    	  2725.0000    	-0.29769504E-01	 0.25319082E-04
  2725.0000    	  2726.0000    	-0.24750918E-01	 0.23809678E-04
  2726.0000    	  2727.0000    	-0.19949805E-01	 0.22245523E-04
  2727.0000    	  2728.0000    	-0.15627578E-01	 0.21057016E-04
  2728.0000    	  2729.0000    	-0.54427129E-01	 0.36361299E-04
  2729.0000    	  2730.0000    	-0.53294524E-01	 0.34548857E-04
  2730.0000    	  2731.0000    	-0.51112950E-01	 0.32792134E-04
  2731.0000    	  2732.0000    	-0.47989217E-01	 0.31109633E-04
  2732.0000    	  2733.0000    	-0.43970271E-01	 0.29495782E-04
  2733.0000    	  2734.0000    	-0.39450860E-01	 0.28102677E-04
  2734.0000    	  2735.0000    	-0.34483616E-01	 0.26637324E-04
  2735.0000    	  2736.0000    	-0.29432070E-01	 0.25143147E-04
  2736.0000    	  2737.0000    	-0.24395866E-01	 0.23532638E-04
  2737.0000    	  2738.0000    	-0.19713333E-01	 0.22112603E-04
  2738.0000    	  2739.0000    	-0.15424911E-01	 0.20968665E-04
  2739.0000    	  2740.0000    	-0.53855753E-01	 0.36150563E-04
  2740.0000    	  2741.0000    	-0.52728097E-01	 0.34390898E-04
  2741.0000    	  2742.0000    	-0.50560625E-01	 0.32609764E-04
  2742.0000    	  2743.0000    	-0.47421562E-01	 0.30909292E-04
  2743.0000    	  2744.0000    	-0.43499532E-01	 0.29323375E-04
  2744.0000    	  2745.0000    	-0.38977749E-01	 0.27915000E-04
  2745.0000    	  2746.0000    	-0.34055070E-01	 0.26471338E-04
  2746.0000    	  2747.0000    	-0.29096651E-01	 0.25155236E-04
  2747.0000    	  2748.0000    	-0.24114013E-01	 0.23373041E-04
  2748.0000    	  2749.0000    	-0.19453661E-01	 0.21977438E-04
  2749.0000    	  2750.0000    	-0.15228466E-01	 0.20782502E-04
  2750.0000    	  2751.0000    	-0.53259191E-01	 0.35964248E-04
  2751.0000    	  2752.0000    	-0.52179184E-01	 0.34201831E-04
  2752.0000    	  2753.0000    	-0.50014145E-01	 0.32444626E-04
  2753.0000    	  2754.0000    	-0.46917639E-01	 0.30751976E-04
  2754.0000    	  2755.0000    	-0.43053126E-01	 0.29194762E-04
  2755.0000    	  2756.0000    	-0.38547231E-01	 0.27749468E-04
  2756.0000    	  2757.0000    	-0.33716340E-01	 0.26340680E-04
  2757.0000    	  2758.0000    	-0.28709344E-01	 0.24777583E-04
  2758.0000    	  2759.0000    	-0.23843172E-01	 0.23306902E-04
  2759.0000    	  2760.0000    	-0.19214872E-01	 0.21914082E-04
  2760.0000    	  2761.0000    	-0.15023954E-01	 0.21155300E-04
  2761.0000    	  2762.0000    	-0.52721523E-01	 0.35775478E-04
  2762.0000    	  2763.0000    	-0.51626536E-01	 0.34032344E-04
  2763.0000    	  2764.0000    	-0.49456080E-01	 0.32264882E-04
  2764.0000    	  2765.0000    	-0.46377912E-01	 0.30557840E-04
  2765.0000    	  2766.0000    	-0.42522187E-01	 0.28964455E-04
  2766.0000    	  2767.0000    	-0.38055983E-01	 0.27547694E-04
  2767.0000    	  2768.0000    	-0.33312191E-01	 0.26152621E-04
  2768.0000    	  2769.0000    	-0.28349087E-01	 0.24635510E-04
  2769.0000    	  2770.0000    	-0.23514835E-01	 0.23128883E-04
  2770.0000    	  2771.0000    	-0.18970322E-01	 0.21751388E-04
  2771.0000    	  2772.0000    	-0.14809106E-01	 0.20529068E-04
  2772.0000    	  2773.0000    	-0.52166838E-01	 0.35641245E-04
  2773.0000    	  2774.0000    	-0.51048791E-01	 0.33855998E-04
  2774.0000    	  2775.0000    	-0.48960461E-01	 0.32119298E-04
  2775.0000    	  2776.0000    	-0.45889784E-01	 0.30391370E-04
  2776.0000    	  2777.0000    	-0.42085377E-01	 0.28816308E-04
  2777.0000    	  2778.0000    	-0.37686827E-01	 0.27387860E-04
  2778.0000    	  2779.0000    	-0.32902753E-01	 0.25976299E-04
  2779.0000    	  2780.0000    	-0.28022104E-01	 0.24741118E-04
  2780.0000    	  2781.0000    	-0.23226147E-01	 0.22965253E-04
  2781.0000    	  2782.0000    	-0.18706983E-01	 0.21687320E-04
  2782.0000    	  2783.0000    	-0.14641749E-01	 0.21061703E-04
  2783.0000    	  2784.0000    	-0.51588916E-01	 0.35411053E-04
  2784.0000    	  2785.0000    	-0.50505388E-01	 0.33667909E-04
  2785.0000    	  2786.0000    	-0.48404867E-01	 0.31942523E-04
  2786.0000    	  2787.0000    	-0.45404286E-01	 0.30220298E-04
  2787.0000    	  2788.0000    	-0.41590047E-01	 0.28625122E-04
  2788.0000    	  2789.0000    	-0.37233477E-01	 0.27587432E-04
  2789.0000    	  2790.0000    	-0.32510734E-01	 0.25809800E-04
  2790.0000    	  2791.0000    	-0.27707648E-01	 0.24338117E-04
  2791.0000    	  2792.0000    	-0.22943961E-01	 0.22820472E-04
  2792.0000    	  2793.0000    	-0.18466270E-01	 0.21457628E-04
  2793.0000    	  2794.0000    	-0.14383643E-01	 0.20229548E-04
  2794.0000    	  2795.0000    	-0.51044392E-01	 0.35227680E-04
  2795.0000    	  2796.0000    	-0.50028041E-01	 0.33539214E-04
  2796.0000    	  2797.0000    	-0.47904240E-01	 0.31792467E-04
  2797.0000    	  2798.0000    	-0.44914067E-01	 0.30044837E-04
  2798.0000    	  2799.0000    	-0.41151053E-01	 0.28477729E-04
  2799.0000    	  2800.0000    	-0.36835365E-01	 0.27069260E-04
  2800.0000    	  2801.0000    	-0.32157204E-01	 0.25644595E-04
  2801.0000    	  2802.0000    	-0.27351114E-01	 0.24360721E-04
  2802.0000    	  2803.0000    	-0.22663084E-01	 0.22701223E-04
  2803.0000    	  2804.0000    	-0.18242415E-01	 0.21378162E-04
  2804.0000    	  2805.0000    	-0.14205689E-01	 0.20097035E-04
  2805.0000    	  2806.0000    	-0.50539804E-01	 0.35071520E-04
  2806.0000    	  2807.0000    	-0.49456073E-01	 0.33364309E-04
  2807.0000    	  2808.0000    	-0.47392546E-01	 0.31619893E-04
  2808.0000    	  2809.0000    	-0.44414963E-01	 0.29893162E-04
  2809.0000    	  2810.0000    	-0.40679949E-01	 0.28395954E-04
  2810.0000    	  2811.0000    	-0.36389127E-01	 0.27089450E-04
  2811.0000    	  2812.0000    	-0.31785245E-01	 0.25541499E-04
  2812.0000    	  2813.0000    	-0.27015315E-01	 0.24001127E-04
  2813.0000    	  2814.0000    	-0.22378102E-01	 0.22584130E-04
  2814.0000    	  2815.0000    	-0.17993233E-01	 0.21217269E-04
  2815.0000    	  2816.0000    	-0.14009249E-01	 0.20110382E-04
  2816.0000    	  2817.0000    	-0.49997356E-01	 0.34921374E-04
  2817.0000    	  2818.0000    	-0.48977814E-01	 0.33276067E-04
  2818.0000    	  2819.0000    	-0.46890205E-01	 0.31490533E-04
  2819.0000    	  2820.0000    	-0.43954949E-01	 0.29737949E-04
  2820.0000    	  2821.0000    	-0.40228266E-01	 0.28129965E-04
  2821.0000    	  2822.0000    	-0.35981082E-01	 0.26730367E-04
  2822.0000    	  2823.0000    	-0.31405043E-01	 0.25399920E-04
  2823.0000    	  2824.0000    	-0.26705345E-01	 0.23862953E-04
  2824.0000    	  2825.0000    	-0.22091267E-01	 0.22428727E-04
  2825.0000    	  2826.0000    	-0.17772540E-01	 0.21068334E-04
  2826.0000    	  2827.0000    	-0.13866154E-01	 0.19881490E-04
  2827.0000    	  2828.0000    	-0.49469406E-01	 0.34717380E-04
  2828.0000    	  2829.0000    	-0.48387265E-01	 0.33008958E-04
  2829.0000    	  2830.0000    	-0.46389300E-01	 0.31311497E-04
  2830.0000    	  2831.0000    	-0.43455677E-01	 0.29545553E-04
  2831.0000    	  2832.0000    	-0.39803611E-01	 0.27977223E-04
  2832.0000    	  2833.0000    	-0.35592765E-01	 0.26748103E-04
  2833.0000    	  2834.0000    	-0.31013705E-01	 0.25146300E-04
  2834.0000    	  2835.0000    	-0.26392210E-01	 0.23689741E-04
  2835.0000    	  2836.0000    	-0.21864621E-01	 0.22323557E-04
  2836.0000    	  2837.0000    	-0.17542550E-01	 0.20941630E-04
  2837.0000    	  2838.0000    	-0.13652669E-01	 0.19748014E-04
  2838.0000    	  2839.0000    	-0.48971530E-01	 0.34567316E-04
  2839.0000    	  2840.0000    	-0.47857498E-01	 0.32856678E-04
  2840.0000    	  2841.0000    	-0.45893039E-01	 0.32616713E-04
  2841.0000    	  2842.0000    	-0.42974964E-01	 0.29388617E-04
  2842.0000    	  2843.0000    	-0.39350672E-01	 0.27789983E-04
  2843.0000    	  2844.0000    	-0.35152803E-01	 0.26515633E-04
  2844.0000    	  2845.0000    	-0.30692180E-01	 0.25001127E-04
  2845.0000    	  2846.0000    	-0.26053944E-01	 0.23553754E-04
  2846.0000    	  2847.0000    	-0.21565365E-01	 0.22202030E-04
  2847.0000    	  2848.0000    	-0.17339285E-01	 0.20880759E-04
  2848.0000    	  2849.0000    	-0.13460085E-01	 0.19650825E-04
  2849.0000    	  2850.0000    	-0.48422290E-01	 0.34406117E-04
  2850.0000    	  2851.0000    	-0.47392370E-01	 0.32721985E-04
  2851.0000    	  2852.0000    	-0.45397039E-01	 0.30970352E-04
  2852.0000    	  2853.0000    	-0.42546099E-01	 0.29257028E-04
  2853.0000    	  2854.0000    	-0.38915599E-01	 0.27674672E-04
  2854.0000    	  2855.0000    	-0.34773349E-01	 0.26226359E-04
  2855.0000    	  2856.0000    	-0.30328518E-01	 0.24852201E-04
  2856.0000    	  2857.0000    	-0.25773142E-01	 0.23424426E-04
  2857.0000    	  2858.0000    	-0.21287385E-01	 0.22081102E-04
  2858.0000    	  2859.0000    	-0.17122538E-01	 0.20707531E-04
  2859.0000    	  2860.0000    	-0.13284300E-01	 0.19457538E-04
  2860.0000    	  2861.0000    	-0.47887711E-01	 0.34225797E-04
  2861.0000    	  2862.0000    	-0.46905889E-01	 0.32610296E-04
  2862.0000    	  2863.0000    	-0.44892214E-01	 0.30834738E-04
  2863.0000    	  2864.0000    	-0.42039833E-01	 0.29052912E-04
  2864.0000    	  2865.0000    	-0.38489312E-01	 0.27446244E-04
  2865.0000    	  2866.0000    	-0.34397682E-01	 0.26067669E-04
  2866.0000    	  2867.0000    	-0.29980358E-01	 0.24924020E-04
  2867.0000    	  2868.0000    	-0.25454405E-01	 0.23605541E-04
  2868.0000    	  2869.0000    	-0.21027309E-01	 0.21858012E-04
  2869.0000    	  2870.0000    	-0.16863030E-01	 0.20545337E-04
  2870.0000    	  2871.0000    	-0.13110297E-01	 0.19376413E-04
  2871.0000    	  2872.0000    	-0.47378961E-01	 0.34062478E-04
  2872.0000    	  2873.0000    	-0.46408029E-01	 0.32411036E-04
  2873.0000    	  2874.0000    	-0.44482866E-01	 0.30700392E-04
  2874.0000    	  2875.0000    	-0.41573247E-01	 0.28915706E-04
  2875.0000    	  2876.0000    	-0.38082962E-01	 0.27342399E-04
  2876.0000    	  2877.0000    	-0.34000785E-01	 0.25900905E-04
  2877.0000    	  2878.0000    	-0.29619090E-01	 0.24547847E-04
  2878.0000    	  2879.0000    	-0.25134768E-01	 0.23122394E-04
  2879.0000    	  2880.0000    	-0.20760588E-01	 0.21719669E-04
  2880.0000    	  2881.0000    	-0.16694751E-01	 0.20476581E-04
  2881.0000    	  2882.0000    	-0.12945248E-01	 0.19362152E-04
  2882.0000    	  2883.0000    	-0.46921105E-01	 0.33931683E-04
  2883.0000    	  2884.0000    	-0.45894934E-01	 0.32248180E-04
  2884.0000    	  2885.0000    	-0.43947802E-01	 0.30573983E-04
  2885.0000    	  2886.0000    	-0.41181557E-01	 0.28852744E-04
  2886.0000    	  2887.0000    	-0.37629198E-01	 0.27142374E-04
  2887.0000    	  2888.0000    	-0.33650608E-01	 0.25768131E-04
  2888.0000    	  2889.0000    	-0.29286937E-01	 0.24395066E-04
  2889.0000    	  2890.0000    	-0.24867974E-01	 0.23149784E-04
  2890.0000    	  2891.0000    	-0.20519302E-01	 0.21639412E-04
  2891.0000    	  2892.0000    	-0.16456893E-01	 0.20327256E-04
  2892.0000    	  2893.0000    	-0.12768448E-01	 0.19347322E-04
  2893.0000    	  2894.0000    	-0.46434354E-01	 0.33827031E-04
  2894.0000    	  2895.0000    	-0.45439289E-01	 0.32108272E-04
  2895.0000    	  2896.0000    	-0.43516903E-01	 0.30380274E-04
  2896.0000    	  2897.0000    	-0.40709738E-01	 0.28582366E-04
  2897.0000    	  2898.0000    	-0.37242488E-01	 0.27033672E-04
  2898.0000    	  2899.0000    	-0.33242691E-01	 0.25579036E-04
  2899.0000    	  2900.0000    	-0.28925404E-01	 0.24224954E-04
  2900.0000    	  2901.0000    	-0.24545263E-01	 0.22858252E-04
  2901.0000    	  2902.0000    	-0.20294904E-01	 0.21523106E-04
  2902.0000    	  2903.0000    	-0.16249088E-01	 0.20233541E-04
  2903.0000    	  2904.0000    	-0.12589090E-01	 0.18981919E-04
  2904.0000    	  2905.0000    	-0.45949170E-01	 0.33662634E-04
  2905.0000    	  2906.0000    	-0.44935071E-01	 0.31971568E-04
  2906.0000    	  2907.0000    	-0.43021895E-01	 0.30194923E-04
  2907.0000    	  2908.0000    	-0.40301022E-01	 0.28550075E-04
  2908.0000    	  2909.0000    	-0.36817890E-01	 0.26815137E-04
  2909.0000    	  2910.0000    	-0.32878133E-01	 0.25449093E-04
  2910.0000    	  2911.0000    	-0.28614528E-01	 0.24085646E-04
  2911.0000    	  2912.0000    	-0.24261431E-01	 0.23101385E-04
  2912.0000    	  2913.0000    	-0.20023840E-01	 0.21369392E-04
  2913.0000    	  2914.0000    	-0.16032542E-01	 0.20045737E-04
  2914.0000    	  2915.0000    	-0.12433102E-01	 0.18914451E-04
  2915.0000    	  2916.0000    	-0.45486308E-01	 0.33696236E-04
  2916.0000    	  2917.0000    	-0.44489556E-01	 0.31832971E-04
  2917.0000    	  2918.0000    	-0.42605111E-01	 0.30131108E-04
  2918.0000    	  2919.0000    	-0.39860227E-01	 0.28267135E-04
  2919.0000    	  2920.0000    	-0.36445797E-01	 0.26674572E-04
  2920.0000    	  2921.0000    	-0.32525205E-01	 0.25279616E-04
  2921.0000    	  2922.0000    	-0.28256305E-01	 0.23939917E-04
  2922.0000    	  2923.0000    	-0.24017623E-01	 0.22650146E-04
  2923.0000    	  2924.0000    	-0.19773266E-01	 0.21250509E-04
  2924.0000    	  2925.0000    	-0.15841425E-01	 0.19957855E-04
  2925.0000    	  2926.0000    	-0.12267658E-01	 0.18827303E-04
  2926.0000    	  2927.0000    	-0.44973434E-01	 0.33386657E-04
  2927.0000    	  2928.0000    	-0.43990242E-01	 0.31659568E-04
  2928.0000    	  2929.0000    	-0.42106940E-01	 0.29880012E-04
  2929.0000    	  2930.0000    	-0.39428686E-01	 0.28114010E-04
  2930.0000    	  2931.0000    	-0.36044570E-01	 0.26642527E-04
  2931.0000    	  2932.0000    	-0.32118018E-01	 0.25124331E-04
  2932.0000    	  2933.0000    	-0.27977014E-01	 0.23833972E-04
  2933.0000    	  2934.0000    	-0.23705484E-01	 0.22544018E-04
  2934.0000    	  2935.0000    	-0.19545786E-01	 0.21273403E-04
  2935.0000    	  2936.0000    	-0.15652854E-01	 0.19886521E-04
  2936.0000    	  2937.0000    	-0.12118125E-01	 0.18695826E-04
  2937.0000    	  2938.0000    	-0.44489571E-01	 0.33218064E-04
  2938.0000    	  2939.0000    	-0.43575921E-01	 0.31554043E-04
  2939.0000    	  2940.0000    	-0.41662608E-01	 0.29729476E-04
  2940.0000    	  2941.0000    	-0.38952857E-01	 0.27979858E-04
  2941.0000    	  2942.0000    	-0.35655335E-01	 0.26376090E-04
  2942.0000    	  2943.0000    	-0.31794223E-01	 0.24993254E-04
  2943.0000    	  2944.0000    	-0.27650375E-01	 0.23694687E-04
  2944.0000    	  2945.0000    	-0.23422492E-01	 0.22405656E-04
  2945.0000    	  2946.0000    	-0.19294796E-01	 0.20986488E-04
  2946.0000    	  2947.0000    	-0.15431796E-01	 0.19708978E-04
  2947.0000    	  2948.0000    	-0.11931540E-01	 0.18786153E-04
  2948.0000    	  2949.0000    	-0.44048621E-01	 0.33134187E-04
  2949.0000    	  2950.0000    	-0.43075900E-01	 0.31387874E-04
  2950.0000    	  2951.0000    	-0.41247824E-01	 0.29616091E-04
  2951.0000    	  2952.0000    	-0.38583193E-01	 0.27812087E-04
  2952.0000    	  2953.0000    	-0.35249717E-01	 0.26228045E-04
  2953.0000    	  2954.0000    	-0.31418269E-01	 0.24823001E-04
  2954.0000    	  2955.0000    	-0.27307515E-01	 0.23508315E-04
  2955.0000    	  2956.0000    	-0.23130675E-01	 0.22221430E-04
  2956.0000    	  2957.0000    	-0.19077977E-01	 0.20913270E-04
  2957.0000    	  2958.0000    	-0.15252960E-01	 0.19633999E-04
  2958.0000    	  2959.0000    	-0.11785409E-01	 0.18392767E-04
  2959.0000    	  2960.0000    	-0.43583450E-01	 0.33004305E-04
  2960.0000    	  2961.0000    	-0.42661756E-01	 0.31350443E-04
  2961.0000    	  2962.0000    	-0.40799617E-01	 0.29541902E-04
  2962.0000    	  2963.0000    	-0.38147037E-01	 0.27816395E-04
  2963.0000    	  2964.0000    	-0.34860820E-01	 0.26059338E-04
  2964.0000    	  2965.0000    	-0.31080882E-01	 0.24684589E-04
  2965.0000    	  2966.0000    	-0.27025965E-01	 0.23430602E-04
  2966.0000    	  2967.0000    	-0.22874801E-01	 0.22190841E-04
  2967.0000    	  2968.0000    	-0.18862504E-01	 0.20807592E-04
  2968.0000    	  2969.0000    	-0.15063350E-01	 0.19484847E-04
  2969.0000    	  2970.0000    	-0.11619329E-01	 0.18289284E-04
  2970.0000    	  2971.0000    	-0.43152177E-01	 0.32854282E-04
  2971.0000    	  2972.0000    	-0.42212454E-01	 0.31174140E-04
  2972.0000    	  2973.0000    	-0.40368635E-01	 0.29319073E-04
  2973.0000    	  2974.0000    	-0.37763829E-01	 0.27494324E-04
  2974.0000    	  2975.0000    	-0.34483598E-01	 0.25906859E-04
  2975.0000    	  2976.0000    	-0.30720902E-01	 0.24531485E-04
  2976.0000    	  2977.0000    	-0.26711285E-01	 0.23370605E-04
  2977.0000    	  2978.0000    	-0.22619888E-01	 0.21988653E-04
  2978.0000    	  2979.0000    	-0.18617078E-01	 0.20784484E-04
  2979.0000    	  2980.0000    	-0.14837933E-01	 0.19368671E-04
  2980.0000    	  2981.0000    	-0.11468932E-01	 0.18166564E-04
  2981.0000    	  2982.0000    	-0.42700361E-01	 0.32729552E-04
  2982.0000    	  2983.0000    	-0.41734161E-01	 0.30981590E-04
  2983.0000    	  2984.0000    	-0.39971501E-01	 0.29224271E-04
  2984.0000    	  2985.0000    	-0.37348654E-01	 0.27353956E-04
  2985.0000    	  2986.0000    	-0.34118132E-01	 0.25801560E-04
  2986.0000    	  2987.0000    	-0.30398722E-01	 0.24409813E-04
  2987.0000    	  2988.0000    	-0.26430683E-01	 0.23162292E-04
  2988.0000    	  2989.0000    	-0.22333969E-01	 0.21865183E-04
  2989.0000    	  2990.0000    	-0.18371444E-01	 0.20538239E-04
  2990.0000    	  2991.0000    	-0.14665811E-01	 0.19210561E-04
  2991.0000    	  2992.0000    	-0.11314909E-01	 0.18232111E-04
  2992.0000    	  2993.0000    	-0.42245460E-01	 0.32597193E-04
  2993.0000    	  2994.0000    	-0.41323194E-01	 0.30854377E-04
  2994.0000    	  2995.0000    	-0.39532581E-01	 0.28998537E-04
  2995.0000    	  2996.0000    	-0.36978953E-01	 0.27193173E-04
  2996.0000    	  2997.0000    	-0.33732765E-01	 0.25632613E-04
  2997.0000    	  2998.0000    	-0.30083142E-01	 0.24275741E-04
  2998.0000    	  2999.0000    	-0.26088677E-01	 0.23014843E-04
  2999.0000    	  3000.0000    	-0.22078263E-01	 0.21732008E-04
  3000.0000    	  3001.0000    	-0.18165696E-01	 0.20565338E-04
  3001.0000    	  3002.0000    	-0.14511886E-01	 0.19125745E-04
  3002.0000    	  3003.0000    	-0.11188434E-01	 0.17992889E-04
  3003.0000    	  3004.0000    	-0.41817977E-01	 0.32495040E-04
  3004.0000    	  3005.0000    	-0.40904528E-01	 0.30729663E-04
  3005.0000    	  3006.0000    	-0.39115101E-01	 0.28877860E-04
  3006.0000    	  3007.0000    	-0.36561075E-01	 0.27065234E-04
  3007.0000    	  3008.0000    	-0.33389679E-01	 0.25461185E-04
  3008.0000    	  3009.0000    	-0.29728719E-01	 0.24159483E-04
  3009.0000    	  3010.0000    	-0.25820857E-01	 0.22882989E-04
  3010.0000    	  3011.0000    	-0.21846912E-01	 0.21679629E-04
  3011.0000    	  3012.0000    	-0.17958034E-01	 0.20538043E-04
  3012.0000    	  3013.0000    	-0.14299830E-01	 0.18994691E-04
  3013.0000    	  3014.0000    	-0.11023131E-01	 0.17798456E-04
  3014.0000    	  3015.0000    	-0.41389552E-01	 0.32362780E-04
  3015.0000    	  3016.0000    	-0.40452333E-01	 0.30601226E-04
  3016.0000    	  3017.0000    	-0.38678503E-01	 0.28699456E-04
  3017.0000    	  3018.0000    	-0.36170475E-01	 0.26990192E-04
  3018.0000    	  3019.0000    	-0.33024819E-01	 0.25330106E-04
  3019.0000    	  3020.0000    	-0.29425264E-01	 0.24267655E-04
  3020.0000    	  3021.0000    	-0.25516964E-01	 0.22859341E-04
  3021.0000    	  3022.0000    	-0.21540250E-01	 0.21579542E-04
  3022.0000    	  3023.0000    	-0.17736003E-01	 0.20200381E-04
  3023.0000    	  3024.0000    	-0.14129267E-01	 0.18937299E-04
  3024.0000    	  3025.0000    	-0.10908758E-01	 0.18131394E-04
  3025.0000    	  3026.0000    	-0.40914169E-01	 0.32269256E-04
  3026.0000    	  3027.0000    	-0.40032847E-01	 0.30445749E-04
  3027.0000    	  3028.0000    	-0.38316557E-01	 0.28577562E-04
  3028.0000    	  3029.0000    	-0.35790287E-01	 0.26764119E-04
  3029.0000    	  3030.0000    	-0.32670882E-01	 0.25171658E-04
  3030.0000    	  3031.0000    	-0.29081610E-01	 0.23872762E-04
  3031.0000    	  3032.0000    	-0.25228386E-01	 0.22671872E-04
  3032.0000    	  3033.0000    	-0.21340276E-01	 0.21665427E-04
  3033.0000    	  3034.0000    	-0.17491053E-01	 0.20097075E-04
  3034.0000    	  3035.0000    	-0.13991826E-01	 0.18871288E-04
  3035.0000    	  3036.0000    	-0.10735348E-01	 0.17563616E-04
  3036.0000    	  3037.0000    	-0.40518338E-01	 0.32143437E-04
  3037.0000    	  3038.0000    	-0.39660306E-01	 0.30349786E-04
  3038.0000    	  3039.0000    	-0.37905518E-01	 0.28471613E-04
  3039.0000    	  3040.0000    	-0.35404713E-01	 0.26606881E-04
  3040.0000    	  3041.0000    	-0.32294332E-01	 0.25022297E-04
  3041.0000    	  3042.0000    	-0.28761858E-01	 0.23799406E-04
  3042.0000    	  3043.0000    	-0.24949914E-01	 0.22630776E-04
  3043.0000    	  3044.0000    	-0.21072464E-01	 0.21307696E-04
  3044.0000    	  3045.0000    	-0.17331460E-01	 0.19973115E-04
  3045.0000    	  3046.0000    	-0.13776993E-01	 0.18686785E-04
  3046.0000    	  3047.0000    	-0.10590535E-01	 0.17438442E-04
  3047.0000    	  3048.0000    	-0.40109437E-01	 0.32053195E-04
  3048.0000    	  3049.0000    	-0.39243316E-01	 0.30259623E-04
  3049.0000    	  3050.0000    	-0.37509204E-01	 0.28306934E-04
  3050.0000    	  3051.0000    	-0.35057279E-01	 0.26486452E-04
  3051.0000    	  3052.0000    	-0.31936024E-01	 0.24868835E-04
  3052.0000    	  3053.0000    	-0.28432221E-01	 0.23617171E-04
  3053.0000    	  3054.0000    	-0.24647809E-01	 0.22476915E-04
  3054.0000    	  3055.0000    	-0.20831358E-01	 0.21164573E-04
  3055.0000    	  3056.0000    	-0.17107548E-01	 0.19866931E-04
  3056.0000    	  3057.0000    	-0.13638177E-01	 0.18861980E-04
  3057.0000    	  3058.0000    	-0.10464025E-01	 0.17474785E-04
  3058.0000    	  3059.0000    	-0.39675842E-01	 0.31915192E-04
  3059.0000    	  3060.0000    	-0.38810379E-01	 0.30078035E-04
  3060.0000    	  3061.0000    	-0.37097569E-01	 0.28150161E-04
  3061.0000    	  3062.0000    	-0.34660889E-01	 0.26329301E-04
  3062.0000    	  3063.0000    	-0.31597233E-01	 0.24749931E-04
  3063.0000    	  3064.0000    	-0.28122880E-01	 0.23491130E-04
  3064.0000    	  3065.0000    	-0.24381838E-01	 0.22427492E-04
  3065.0000    	  3066.0000    	-0.20590116E-01	 0.21064507E-04
  3066.0000    	  3067.0000    	-0.16899169E-01	 0.19751201E-04
  3067.0000    	  3068.0000    	-0.13446321E-01	 0.18661759E-04
  3068.0000    	  3069.0000    	-0.10347963E-01	 0.17620050E-04
  3069.0000    	  3070.0000    	-0.39295261E-01	 0.31796310E-04
  3070.0000    	  3071.0000    	-0.38395412E-01	 0.29955384E-04
  3071.0000    	  3072.0000    	-0.36707898E-01	 0.28036252E-04
  3072.0000    	  3073.0000    	-0.34279551E-01	 0.26191708E-04
  3073.0000    	  3074.0000    	-0.31272358E-01	 0.24631292E-04
  3074.0000    	  3075.0000    	-0.27815450E-01	 0.23347272E-04
  3075.0000    	  3076.0000    	-0.24111765E-01	 0.22190014E-04
  3076.0000    	  3077.0000    	-0.20361825E-01	 0.21222744E-04
  3077.0000    	  3078.0000    	-0.16675450E-01	 0.19677106E-04
  3078.0000    	  3079.0000    	-0.13268439E-01	 0.18346928E-04
  3079.0000    	  3080.0000    	-0.10193327E-01	 0.17159470E-04
  3080.0000    	  3081.0000    	-0.38881522E-01	 0.31690265E-04
  3081.0000    	  3082.0000    	-0.37992713E-01	 0.29841200E-04
  3082.0000    	  3083.0000    	-0.36345008E-01	 0.27896994E-04
  3083.0000    	  3084.0000    	-0.33951375E-01	 0.26063691E-04
  3084.0000    	  3085.0000    	-0.30957811E-01	 0.24523913E-04
  3085.0000    	  3086.0000    	-0.27530307E-01	 0.23261266E-04
  3086.0000    	  3087.0000    	-0.23840170E-01	 0.22063290E-04
  3087.0000    	  3088.0000    	-0.20125225E-01	 0.20845400E-04
  3088.0000    	  3089.0000    	-0.16499450E-01	 0.19577902E-04
  3089.0000    	  3090.0000    	-0.13106909E-01	 0.18304207E-04
  3090.0000    	  3091.0000    	-0.10067375E-01	 0.17041071E-04
  3091.0000    	  3092.0000    	-0.38474184E-01	 0.31564933E-04
  3092.0000    	  3093.0000    	-0.37628180E-01	 0.29767491E-04
  3093.0000    	  3094.0000    	-0.35944051E-01	 0.27776351E-04
  3094.0000    	  3095.0000    	-0.33582854E-01	 0.25936697E-04
  3095.0000    	  3096.0000    	-0.30588284E-01	 0.24362754E-04
  3096.0000    	  3097.0000    	-0.27206852E-01	 0.23110784E-04
  3097.0000    	  3098.0000    	-0.23584574E-01	 0.22140390E-04
  3098.0000    	  3099.0000    	-0.19854174E-01	 0.20787455E-04
  3099.0000    	  3100.0000    	-0.16307205E-01	 0.19659751E-04
  3100.0000    	  3101.0000    	-0.12965601E-01	 0.18179172E-04
  3101.0000    	  3102.0000    	-0.99417573E-02	 0.16959936E-04
  3102.0000    	  3103.0000    	-0.38115735E-01	 0.31468515E-04
  3103.0000    	  3104.0000    	-0.37256987E-01	 0.29638221E-04
  3104.0000    	  3105.0000    	-0.35574671E-01	 0.27642193E-04
  3105.0000    	  3106.0000    	-0.33244586E-01	 0.25814806E-04
  3106.0000    	  3107.0000    	-0.30314589E-01	 0.24304712E-04
  3107.0000    	  3108.0000    	-0.26934926E-01	 0.23022022E-04
  3108.0000    	  3109.0000    	-0.23325320E-01	 0.21879197E-04
  3109.0000    	  3110.0000    	-0.19660528E-01	 0.20643340E-04
  3110.0000    	  3111.0000    	-0.16140281E-01	 0.19868785E-04
  3111.0000    	  3112.0000    	-0.12759114E-01	 0.17996359E-04
  3112.0000    	  3113.0000    	-0.98142386E-02	 0.16855059E-04
  3113.0000    	  3114.0000    	-0.37680510E-01	 0.31322021E-04
  3114.0000    	  3115.0000    	-0.36830955E-01	 0.29488956E-04
  3115.0000    	  3116.0000    	-0.35235414E-01	 0.27564132E-04
  3116.0000    	  3117.0000    	-0.32858516E-01	 0.25660293E-04
  3117.0000    	  3118.0000    	-0.29947474E-01	 0.24142131E-04
  3118.0000    	  3119.0000    	-0.26601770E-01	 0.22915891E-04
  3119.0000    	  3120.0000    	-0.23025919E-01	 0.21749930E-04
  3120.0000    	  3121.0000    	-0.19443220E-01	 0.20521046E-04
  3121.0000    	  3122.0000    	-0.15892123E-01	 0.19166277E-04
  3122.0000    	  3123.0000    	-0.12645567E-01	 0.17900177E-04
  3123.0000    	  3124.0000    	-0.97130184E-02	 0.17033302E-04
