-0.00305007,-0.00307899,-0.00313535,-0.00321625,-0.00331702,-0.00342647,-0.00354186,-0.00364566,-0.00372365,-0.00376388,-0.00374786
-0.00317356,-0.00319319,-0.00323288,-0.00329455,-0.00336409,-0.00344252,-0.00352627,-0.00359609,-0.00363818,-0.00364456,-0.00359811
-0.00324982,-0.00325958,-0.00328712,-0.00332748,-0.00337487,-0.00342637,-0.00348134,-0.00351942,-0.00353348,-0.0035113,-0.00343766
-0.0032627,-0.00326959,-0.00328316,-0.00330785,-0.00333536,-0.00336538,-0.00339398,-0.00340738,-0.00339519,-0.00334813,-0.00325438
-0.00329475,-0.0032965,-0.00330157,-0.00331199,-0.00332262,-0.00333406,-0.00334137,-0.00333189,-0.00329727,-0.00322914,-0.00311747
-0.00332269,-0.00331919,-0.00331817,-0.00331635,-0.00331337,-0.00330788,-0.00329745,-0.00326863,-0.00321552,-0.00312876,-0.00300082
-0.00330858,-0.00330294,-0.00329468,-0.0032831,-0.00326796,-0.00324964,-0.00322235,-0.00317656,-0.00310592,-0.00300435,-0.00286547
-0.00329704,-0.00328866,-0.00327509,-0.0032552,-0.00323021,-0.00319979,-0.00315854,-0.00309834,-0.00301358,-0.0028989,-0.00275006
-0.00327787,-0.00326726,-0.00324909,-0.00322226,-0.00318867,-0.00314799,-0.00309433,-0.00302155,-0.00292449,-0.00279873,-0.00264146
-0.00325651,-0.00324362,-0.00322196,-0.00318943,-0.00314792,-0.00309848,-0.00303354,-0.00294964,-0.00284149,-0.00270678,-0.00254243
-0.00322103,-0.00320606,-0.00318109,-0.00314365,-0.00309611,-0.00303849,-0.00296497,-0.00287171,-0.00275502,-0.00261238,-0.00244271
-0.00318916,-0.00317289,-0.00314564,-0.00310352,-0.00305049,-0.00298592,-0.00290309,-0.00280267,-0.00267813,-0.00252905,-0.00235468
-0.00314423,-0.00312683,-0.0030969,-0.00305154,-0.00299313,-0.00292299,-0.00283362,-0.00272586,-0.00259549,-0.00244087,-0.00226364
-0.00310284,-0.00308432,-0.00305256,-0.00300411,-0.00294128,-0.0028656,-0.00277058,-0.00265641,-0.00251997,-0.00236188,-0.00218181
-0.0030548,-0.00303576,-0.00300201,-0.00295105,-0.00288455,-0.00280431,-0.00270358,-0.0025851,-0.00244423,-0.00228281,-0.00210119
-0.00301728,-0.00299703,-0.002961,-0.00290765,-0.00283834,-0.00275258,-0.00264847,-0.00252469,-0.00237937,-0.00221439,-0.00203139
-0.00297338,-0.00295324,-0.00291622,-0.00286012,-0.00278728,-0.00269862,-0.00258991,-0.0024627,-0.00231363,-0.00214713,-0.00196298
-0.00292349,-0.00290211,-0.00286386,-0.00280598,-0.00273081,-0.00263842,-0.00252643,-0.00239525,-0.00224473,-0.00207668,-0.00189239
-0.00287577,-0.00285549,-0.00281467,-0.0027562,-0.00267845,-0.00258299,-0.00246785,-0.00233473,-0.00218133,-0.00201234,-0.00182778
-0.00283522,-0.00281418,-0.00277169,-0.00271187,-0.00263216,-0.00253303,-0.00241557,-0.0022797,-0.00212452,-0.00195449,-0.00176977
-0.00278787,-0.00276699,-0.00272382,-0.00266249,-0.00258019,-0.00247939,-0.00235922,-0.00222131,-0.00206452,-0.00189414,-0.00171017
-0.00274736,-0.002725,-0.00268189,-0.00261837,-0.00253415,-0.00243085,-0.00230941,-0.00216867,-0.00201086,-0.00184015,-0.0016568
-0.00270409,-0.00268308,-0.00263747,-0.00257378,-0.00248773,-0.00238316,-0.00225859,-0.00211743,-0.001958,-0.00178678,-0.0016047
-0.00266383,-0.00264076,-0.0025961,-0.00252914,-0.00244248,-0.00233537,-0.00221,-0.00206663,-0.0019077,-0.00173635,-0.00155548
-0.00262166,-0.00259937,-0.00255214,-0.00248642,-0.00239797,-0.00228885,-0.00216176,-0.00201818,-0.00185748,-0.00168713,-0.00150654
-0.00257281,-0.00254961,-0.00250261,-0.00243451,-0.00234519,-0.00223521,-0.0021072,-0.00196268,-0.00180331,-0.00163296,-0.00145513
-0.00253815,-0.0025149,-0.00246775,-0.00239744,-0.00230749,-0.00219608,-0.00206664,-0.0019209,-0.00176126,-0.00159112,-0.00141487
-0.00249603,-0.0024725,-0.00242357,-0.00235368,-0.00226277,-0.00214973,-0.00201995,-0.00187445,-0.00171497,-0.0015455,-0.00137051
-0.00245593,-0.00243268,-0.00238388,-0.00231286,-0.00222084,-0.00210736,-0.0019765,-0.00183029,-0.001671,-0.00150269,-0.00132919
-0.00242222,-0.00239697,-0.00234844,-0.00227606,-0.00218273,-0.00206905,-0.00193767,-0.00179032,-0.00163216,-0.00146409,-0.00129276
-0.00237971,-0.00235585,-0.00230622,-0.00223385,-0.00214026,-0.00202532,-0.00189358,-0.00174713,-0.00158873,-0.0014224,-0.00125245
-0.00233895,-0.00231431,-0.00226449,-0.00219164,-0.00209728,-0.0019823,-0.00185048,-0.0017044,-0.001547,-0.00138177,-0.0012142
-0.0023011,-0.00227636,-0.00222624,-0.00215306,-0.00205807,-0.00194277,-0.0018109,-0.00166505,-0.00150847,-0.0013444,-0.00117889
-0.00226343,-0.00223866,-0.00218828,-0.00211465,-0.00201948,-0.00190381,-0.00177217,-0.00162664,-0.00147107,-0.00130826,-0.00114488
-0.00222834,-0.00220325,-0.0021525,-0.00207872,-0.00198319,-0.00186719,-0.00173575,-0.00159099,-0.00143611,-0.00127462,-0.00111306
-0.0021903,-0.00216548,-0.00211481,-0.00204038,-0.00194479,-0.00182896,-0.00169799,-0.00155345,-0.00139995,-0.00124007,-0.00108028
-0.00215316,-0.00212761,-0.00207741,-0.00200291,-0.0019069,-0.00179168,-0.00166084,-0.00151707,-0.00136461,-0.00120646,-0.00104921
-0.0021161,-0.00209055,-0.00204024,-0.00196567,-0.00186975,-0.00175482,-0.0016245,-0.00148171,-0.00133052,-0.00117406,-0.00101905
-0.0020805,-0.0020548,-0.0020044,-0.00192995,-0.0018339,-0.00171934,-0.00158965,-0.00144784,-0.00129801,-0.00114309,-0.000990287
-0.00204581,-0.00202029,-0.00196976,-0.00189536,-0.0017997,-0.00168564,-0.00155616,-0.00141531,-0.00126672,-0.00111375,-0.000962969
-0.00200737,-0.0019818,-0.00193158,-0.00185729,-0.00176184,-0.00164839,-0.00152022,-0.0013804,-0.00123362,-0.00108269,-0.00093433
-0.00197186,-0.0019462,-0.00189596,-0.00182179,-0.00172692,-0.00161401,-0.00148677,-0.00134817,-0.00120299,-0.00105382,-0.000907766
-0.00193668,-0.0019111,-0.00186121,-0.00178735,-0.00169262,-0.00158054,-0.00145417,-0.00131682,-0.00117333,-0.00102612,-0.000882088
-0.00190107,-0.0018754,-0.00182569,-0.00175211,-0.00165806,-0.00154676,-0.00142137,-0.00128545,-0.00114358,-0.000998455,-0.000856809
-0.0018686,-0.00184313,-0.00179357,-0.00172,-0.00162692,-0.00151607,-0.00139143,-0.00125672,-0.00111656,-0.000973339,-0.00083372
-0.00183161,-0.00180622,-0.00175687,-0.00168411,-0.0015912,-0.00148163,-0.00135851,-0.00122542,-0.00108694,-0.000946008,-0.000808926
-0.00179847,-0.00177315,-0.0017242,-0.00165168,-0.00155958,-0.00145069,-0.00132863,-0.00119714,-0.00106035,-0.00092133,-0.000786311
-0.00176378,-0.00173876,-0.00169001,-0.00161811,-0.00152675,-0.00141918,-0.00129837,-0.00116819,-0.00103323,-0.000896742,-0.000763925
-0.0017306,-0.00170523,-0.00165707,-0.00158572,-0.00149486,-0.00138837,-0.00126907,-0.00114039,-0.00100743,-0.000872614,-0.000742452
-0.00169858,-0.00167351,-0.00162558,-0.00155475,-0.00146474,-0.00135926,-0.001241,-0.00111413,-0.000982857,-0.000850006,-0.000721911
-0.00166513,-0.00164014,-0.00159266,-0.00152256,-0.00143326,-0.00132887,-0.00121228,-0.00108687,-0.000957554,-0.000827067,-0.000701356
-0.00163351,-0.00160851,-0.00156124,-0.00149175,-0.0014035,-0.00130036,-0.0011849,-0.00106113,-0.000933679,-0.000805288,-0.000681889
-0.00160226,-0.00157779,-0.00153105,-0.00146261,-0.0013746,-0.0012727,-0.00115864,-0.00103659,-0.000911099,-0.000784807,-0.000663184
-0.00156927,-0.00154506,-0.00149868,-0.00143051,-0.00134418,-0.00124329,-0.00113077,-0.00101045,-0.000886798,-0.000762877,-0.000643698
-0.00153749,-0.00151338,-0.00146759,-0.00140029,-0.00131477,-0.00121516,-0.0011041,-0.000985609,-0.000863908,-0.0007422,-0.000625268
-0.00150889,-0.00148494,-0.00143972,-0.00137308,-0.0012882,-0.0011898,-0.00108008,-0.000963148,-0.000843233,-0.000723528,-0.000608613
-0.00147832,-0.00145452,-0.0014096,-0.00134353,-0.00126031,-0.00116313,-0.00105462,-0.000939604,-0.000821607,-0.000703989,-0.00059133
-0.00144754,-0.00142414,-0.00137984,-0.00131478,-0.00123214,-0.00113628,-0.00102964,-0.000916326,-0.000800287,-0.000684868,-0.000574342
-0.00141764,-0.00139457,-0.00135075,-0.0012866,-0.00120497,-0.00111043,-0.0010053,-0.00089378,-0.000779722,-0.000666387,-0.000558022
-0.00139017,-0.00136756,-0.00132399,-0.00126065,-0.00118005,-0.00108671,-0.000982993,-0.000873121,-0.000760849,-0.000649462,-0.000543105
-0.0013631,-0.00134066,-0.00129777,-0.00123529,-0.00115555,-0.00106382,-0.000961045,-0.000852893,-0.00074235,-0.000633124,-0.000528509
-0.00133359,-0.00131127,-0.001269,-0.0012073,-0.00112867,-0.00103803,-0.000937391,-0.000830972,-0.000722511,-0.000615187,-0.000512943
-0.00130544,-0.00128346,-0.00124173,-0.00118092,-0.00110347,-0.00101406,-0.00091494,-0.000810347,-0.000703814,-0.000598531,-0.000498379
-0.00127922,-0.00125746,-0.00121637,-0.00115639,-0.00107974,-0.000991689,-0.000894042,-0.000791066,-0.000686357,-0.000582994,-0.000484776
-0.00125233,-0.00123096,-0.00119029,-0.00113118,-0.00105583,-0.000968995,-0.000872865,-0.000771673,-0.000668803,-0.000567387,-0.000471162
-0.00122778,-0.00120676,-0.00116656,-0.00110816,-0.00103397,-0.0009482,-0.000853477,-0.000753852,-0.000652758,-0.00055309,-0.000458745
-0.00120218,-0.00118129,-0.00114185,-0.00108424,-0.00101094,-0.00092673,-0.000833567,-0.000735586,-0.000636268,-0.000538527,-0.00044596
-0.00117635,-0.00115594,-0.00111683,-0.00106028,-0.000988189,-0.000905173,-0.000813429,-0.00071724,-0.000619762,-0.000523933,-0.000433374
-0.00115328,-0.00113298,-0.0010945,-0.00103862,-0.000967587,-0.000885864,-0.000795339,-0.000700765,-0.000604963,-0.000510801,-0.000422075
-0.00112791,-0.00110809,-0.00107009,-0.00101516,-0.000945294,-0.000864729,-0.000775972,-0.000682995,-0.000589002,-0.000496837,-0.000409873
-0.00110433,-0.00108478,-0.00104729,-0.000993196,-0.000924379,-0.000845137,-0.000757849,-0.000666501,-0.000574179,-0.000483822,-0.000398726
-0.00108215,-0.00106304,-0.00102582,-0.000972492,-0.000904893,-0.000826862,-0.000741079,-0.000651091,-0.000560403,-0.000471623,-0.000388141
-0.00105862,-0.00103955,-0.0010033,-0.000950795,-0.000884112,-0.000807342,-0.000722941,-0.000634705,-0.000545713,-0.000458903,-0.000377214
-0.00103554,-0.00101693,-0.000981144,-0.000929393,-0.000863881,-0.000788454,-0.000705529,-0.000618881,-0.000531634,-0.00044646,-0.000366499
-0.00101356,-0.000995246,-0.000959985,-0.00090911,-0.000844671,-0.000770442,-0.000688984,-0.000603877,-0.000518238,-0.000434729,-0.000356484
-0.000993223,-0.000975187,-0.000940414,-0.00089037,-0.000826933,-0.000753739,-0.000673633,-0.000589994,-0.000505848,-0.000423987,-0.000347227
-0.000971134,-0.000953406,-0.000919232,-0.000869946,-0.000807635,-0.00073585,-0.000657155,-0.00057505,-0.000492595,-0.000412368,-0.000337318
-0.000950487,-0.00093304,-0.000899422,-0.000850873,-0.000789645,-0.000719079,-0.000641755,-0.000561142,-0.000480229,-0.000401588,-0.000328074
-0.00093048,-0.000913347,-0.000880223,-0.00083248,-0.000772281,-0.000702851,-0.000626872,-0.000547711,-0.000468312,-0.000391235,-0.000319268
-0.000910562,-0.000893726,-0.000861132,-0.000814172,-0.00075499,-0.000686776,-0.000612131,-0.000534407,-0.000456525,-0.000380988,-0.000310515
-0.000891663,-0.00087509,-0.000842957,-0.000796769,-0.000738581,-0.000671483,-0.000598188,-0.000521855,-0.000445364,-0.000371312,-0.000302277
-0.000872588,-0.000856374,-0.000824737,-0.000779303,-0.000722129,-0.000656196,-0.000584144,-0.000509234,-0.00043424,-0.000361666,-0.000294113
-0.000854026,-0.000838084,-0.00080702,-0.000762355,-0.000706102,-0.000641308,-0.000570577,-0.000496983,-0.000423452,-0.000352306,-0.000286194
-0.000836395,-0.000820611,-0.000790094,-0.00074614,-0.00069088,-0.000627181,-0.000557588,-0.000485346,-0.000413178,-0.000343449,-0.000278719
-0.000818512,-0.00080313,-0.000772999,-0.000729844,-0.000675539,-0.0006129,-0.000544654,-0.000473747,-0.000402937,-0.000334613,-0.000271192
-0.000801156,-0.000786074,-0.000756489,-0.000714036,-0.000660695,-0.000599098,-0.000532041,-0.000462412,-0.000393019,-0.000326062,-0.000263959
-0.000783774,-0.000768926,-0.000739781,-0.000698113,-0.000645663,-0.000585223,-0.000519418,-0.000451096,-0.00038302,-0.000317476,-0.000256749
-0.000766844,-0.000752221,-0.000723656,-0.000682635,-0.00063116,-0.000571828,-0.0005072,-0.000440181,-0.000373473,-0.000309238,-0.000249783
-0.000750997,-0.00073668,-0.000708508,-0.000668158,-0.000617531,-0.000559242,-0.000495823,-0.000429995,-0.000364505,-0.000301544,-0.000243301
-0.000734937,-0.000720812,-0.000693212,-0.000653553,-0.000603854,-0.000546592,-0.00048422,-0.000419678,-0.000355496,-0.000293814,-0.000236814
-0.000719244,-0.000705378,-0.000678193,-0.000639268,-0.000590391,-0.000534205,-0.000472998,-0.000409622,-0.000346699,-0.000286276,-0.000230465
-0.000703974,-0.00069034,-0.000663628,-0.000625398,-0.000577429,-0.000522187,-0.000462095,-0.000399939,-0.000338241,-0.000279026,-0.000224438
-0.000689134,-0.000675751,-0.000649497,-0.000611897,-0.000564778,-0.000510481,-0.000451546,-0.000390518,-0.000329996,-0.000271976,-0.000218537
-0.000674419,-0.000661282,-0.000635484,-0.000598554,-0.000552263,-0.000498968,-0.000441085,-0.000381238,-0.000321908,-0.000265071,-0.000212752
-0.000660114,-0.000647194,-0.000621847,-0.000585576,-0.000540099,-0.000487742,-0.00043094,-0.000372212,-0.000314033,-0.000258368,-0.000207146
-0.000646261,-0.000633571,-0.000608644,-0.000572987,-0.000528348,-0.000476909,-0.000421158,-0.000363543,-0.000306468,-0.000251911,-0.00020176
-0.000632517,-0.000620091,-0.000595616,-0.000560586,-0.00051672,-0.000466239,-0.000411499,-0.000354946,-0.000299016,-0.000245569,-0.000196481
-0.000619055,-0.000606805,-0.000582767,-0.000548371,-0.000505319,-0.000455745,-0.000402003,-0.000346547,-0.000291725,-0.000239361,-0.000191328
-0.000605998,-0.000593986,-0.000570367,-0.000536579,-0.00049427,-0.000445615,-0.000392857,-0.000338441,-0.000284698,-0.000233373,-0.000186365
-0.000593314,-0.000581513,-0.000558294,-0.000525096,-0.000483554,-0.000435772,-0.000383986,-0.000330606,-0.000277892,-0.000227597,-0.000181562
-0.000580738,-0.000569126,-0.000546314,-0.000513724,-0.000472934,-0.000425995,-0.000375213,-0.000322848,-0.000271153,-0.00022189,-0.000176848
-0.00056857,-0.000557148,-0.000534769,-0.000502732,-0.000462676,-0.000416604,-0.000366723,-0.000315353,-0.000264669,-0.000216402,-0.000172296
-0.000556724,-0.000545564,-0.000523523,-0.000492086,-0.000452704,-0.00040747,-0.000358526,-0.000308095,-0.000258397,-0.000211088,-0.000167907
-0.000544988,-0.000534003,-0.000512387,-0.00048147,-0.000442864,-0.000398437,-0.000350379,-0.000300913,-0.000252187,-0.00020587,-0.000163592
-0.00053342,-0.000522631,-0.000501399,-0.000471057,-0.000433117,-0.000389523,-0.000342379,-0.000293868,-0.000246114,-0.000200713,-0.000159351
-0.000522375,-0.000511763,-0.000490935,-0.000461113,-0.000423843,-0.000381031,-0.000334764,-0.000287157,-0.000240325,-0.000195822,-0.00015533
-0.000511414,-0.000500988,-0.000480525,-0.000451239,-0.000414638,-0.000372632,-0.0003272,-0.000280514,-0.000234601,-0.000191002,-0.000151351
-0.000500935,-0.00049065,-0.000470554,-0.000441792,-0.000405817,-0.000364588,-0.000319994,-0.00027418,-0.000229131,-0.000186385,-0.00014756
-0.000490487,-0.000480454,-0.000460677,-0.000432425,-0.000397121,-0.00035662,-0.000312848,-0.000267885,-0.000223733,-0.000181859,-0.000143838
-0.000480181,-0.000470337,-0.000450899,-0.000423163,-0.000388517,-0.000348755,-0.000305808,-0.000261699,-0.000218415,-0.000177383,-0.000140176
-0.000470143,-0.000460451,-0.000441366,-0.000414148,-0.00038012,-0.000341097,-0.000298945,-0.000255686,-0.000213251,-0.000173053,-0.000136623
-0.000460522,-0.000451024,-0.000432258,-0.0004055,-0.000372098,-0.000333747,-0.000292382,-0.000249931,-0.000208302,-0.000168892,-0.000133226
-0.000451032,-0.000441703,-0.000423276,-0.000397003,-0.00036419,-0.000326543,-0.000285941,-0.00024429,-0.000203462,-0.000164843,-0.000129911
-0.000441766,-0.000432591,-0.000414537,-0.000388702,-0.000356464,-0.000319523,-0.000279667,-0.000238817,-0.000198742,-0.0001609,-0.000126675
-0.000432558,-0.000423577,-0.000405833,-0.000380459,-0.000348836,-0.000312558,-0.000273448,-0.000233342,-0.000194081,-0.000157003,-0.00012352
-0.000423605,-0.000414745,-0.000397309,-0.000372406,-0.000341353,-0.000305752,-0.000267357,-0.000228045,-0.000189547,-0.000153203,-0.000120419
-0.000414982,-0.000406294,-0.000389145,-0.000364697,-0.000334201,-0.000299208,-0.000261532,-0.000222954,-0.000185192,-0.000149558,-0.000117457
-0.000406544,-0.000398006,-0.000381199,-0.000357151,-0.000327209,-0.00029285,-0.000255873,-0.000217999,-0.000180958,-0.000146033,-0.000114584
-0.00039799,-0.000389611,-0.00037308,-0.000349515,-0.000320093,-0.000286419,-0.000250116,-0.000212989,-0.000176692,-0.00014248,-0.000111686
-0.000390067,-0.000381804,-0.000365605,-0.000342393,-0.000313498,-0.000280439,-0.000244788,-0.000208356,-0.000172723,-0.00013917,-0.000108999
-0.000382012,-0.000373993,-0.00035801,-0.000335277,-0.000306922,-0.000274436,-0.000239444,-0.00020367,-0.000168744,-0.00013589,-0.000106317
-0.000374614,-0.000366625,-0.000350938,-0.000328578,-0.000300711,-0.000268774,-0.000234423,-0.000199308,-0.000165036,-0.00013277,-0.000103812
-0.000366679,-0.000358851,-0.000343449,-0.000321526,-0.000294175,-0.00026287,-0.000229153,-0.000194729,-0.000161128,-0.000129538,-0.000101194
-0.000359293,-0.00035162,-0.000336521,-0.000314953,-0.000288087,-0.000257348,-0.000224248,-0.000190439,-0.000157491,-0.000126519,-9.87495e-05
-0.000351966,-0.000344461,-0.000329591,-0.000308434,-0.000282056,-0.000251875,-0.000219371,-0.000186222,-0.000153896,-0.000123543,-9.63415e-05
-0.000344921,-0.000337491,-0.000322968,-0.000302162,-0.000276238,-0.00024659,-0.000214708,-0.000182155,-0.000150449,-0.000120672,-9.40376e-05
-0.000337805,-0.000330567,-0.000316246,-0.000295838,-0.000270409,-0.000241308,-0.000210012,-0.000178065,-0.000146983,-0.000117827,-9.17355e-05
-0.000331186,-0.000324042,-0.000309985,-0.000289916,-0.000264917,-0.000236337,-0.000205603,-0.000174263,-0.000143749,-0.000115134,-8.95626e-05
-0.000324326,-0.000317323,-0.000303523,-0.000283834,-0.000259292,-0.000231246,-0.000201085,-0.000170343,-0.000140426,-0.000112397,-8.73586e-05
-0.000318039,-0.000311132,-0.000297591,-0.00027823,-0.000254128,-0.00022655,-0.000196941,-0.000166746,-0.000137374,-0.000109877,-8.5327e-05
-0.000311679,-0.000304902,-0.000291574,-0.000272572,-0.000248887,-0.00022181,-0.000192744,-0.000163114,-0.000134296,-0.000107341,-8.32895e-05
-0.000305351,-0.00029871,-0.000285617,-0.000266948,-0.000243711,-0.000217129,-0.000188592,-0.000159524,-0.000131255,-0.00010483,-8.12702e-05
-0.000299401,-0.000292875,-0.000280016,-0.000261683,-0.000238826,-0.000212736,-0.000184688,-0.000156139,-0.000128412,-0.000102487,-7.93865e-05
-0.000293358,-0.000286923,-0.000274343,-0.000256313,-0.00023387,-0.000208251,-0.000180725,-0.000152734,-0.00012552,-0.000100101,-7.74761e-05
-0.000287507,-0.000281224,-0.000268793,-0.000251126,-0.000229085,-0.000203918,-0.000176898,-0.000149424,-0.000122732,-9.78136e-05,-7.5636e-05
-0.000281927,-0.000275773,-0.00026356,-0.000246177,-0.000224541,-0.000199796,-0.000173264,-0.000146277,-0.000120071,-9.5631e-05,-7.38909e-05
-0.000276304,-0.000270226,-0.000258265,-0.000241195,-0.000219912,-0.000195655,-0.0001696,-0.000143115,-0.000117412,-9.34486e-05,-7.21391e-05
-0.00027092,-0.000264935,-0.000253195,-0.000236405,-0.000215519,-0.000191662,-0.000166083,-0.000140081,-0.000114848,-9.1349e-05,-7.04687e-05
-0.000265623,-0.000259729,-0.000248193,-0.00023172,-0.0002112,-0.00018777,-0.000162664,-0.000137106,-0.000112348,-8.93001e-05,-6.88334e-05
-0.000260408,-0.00025464,-0.000243303,-0.000227089,-0.000206943,-0.000183925,-0.000159257,-0.000134196,-0.000109892,-8.72805e-05,-6.72225e-05
-0.000255321,-0.000249629,-0.000238498,-0.000222575,-0.000202786,-0.00018018,-0.000155949,-0.000131335,-0.000107505,-8.53244e-05,-6.56577e-05
-0.000250312,-0.000244754,-0.000233802,-0.000218168,-0.000198717,-0.000176513,-0.000152726,-0.000128566,-0.000105168,-8.34144e-05,-6.41413e-05
-0.000245376,-0.000239883,-0.000229146,-0.000213799,-0.000194674,-0.000172883,-0.000149523,-0.000125807,-0.000102858,-8.15211e-05,-6.26332e-05
-0.000240632,-0.000235258,-0.000224694,-0.000209599,-0.000190829,-0.000169414,-0.000146463,-0.000123181,-0.000100646,-7.97268e-05,-6.12016e-05
-0.000236032,-0.000230749,-0.00022036,-0.000205542,-0.000187094,-0.000166052,-0.000143504,-0.000120622,-9.85157e-05,-7.79877e-05,-5.98149e-05
-0.00023158,-0.000226359,-0.000216156,-0.000201568,-0.000183453,-0.000162761,-0.00014063,-0.000118137,-9.64264e-05,-7.6289e-05,-5.8469e-05
-0.000227169,-0.000222072,-0.00021204,-0.000197703,-0.000179893,-0.000159558,-0.000137801,-0.000115733,-9.43985e-05,-7.4636e-05,-5.71532e-05
-0.000222593,-0.000217583,-0.000207718,-0.000193671,-0.000176166,-0.000156218,-0.000134856,-0.000113209,-9.22953e-05,-7.29122e-05,-5.57874e-05
-0.000218359,-0.000213416,-0.000203728,-0.000189914,-0.000172721,-0.000153118,-0.000132138,-0.000110881,-9.03328e-05,-7.13215e-05,-5.45263e-05
-0.00021411,-0.000209251,-0.000199738,-0.000186161,-0.000169279,-0.000150026,-0.00012942,-0.000108544,-8.83886e-05,-6.97417e-05,-5.32726e-05
-0.000210054,-0.000205277,-0.000195929,-0.000182598,-0.000165995,-0.000147073,-0.000126837,-0.000106317,-8.65396e-05,-6.82327e-05,-5.20825e-05
-0.000206093,-0.000201426,-0.000192227,-0.000179108,-0.000162795,-0.000144198,-0.00012431,-0.000104161,-8.4731e-05,-6.67694e-05,-5.09219e-05
-0.000202232,-0.000197633,-0.000188596,-0.000175706,-0.000159662,-0.000141385,-0.00012184,-0.000102046,-8.29691e-05,-6.53355e-05,-4.97876e-05
-0.00019843,-0.000193901,-0.000185011,-0.000172331,-0.000156586,-0.000138615,-0.000119418,-9.99672e-05,-8.12307e-05,-6.39295e-05,-4.86839e-05
-0.000194636,-0.000190169,-0.000181442,-0.000168999,-0.000153505,-0.000135864,-0.000117004,-9.79008e-05,-7.95109e-05,-6.25355e-05,-4.75815e-05
-0.00019093,-0.000186541,-0.000177966,-0.000165737,-0.000150521,-0.000133178,-0.000114646,-9.58876e-05,-7.78345e-05,-6.1175e-05,-4.65052e-05
-0.000187449,-0.000183146,-0.000174698,-0.000162682,-0.000147714,-0.00013066,-0.000112439,-9.40129e-05,-7.62716e-05,-5.99113e-05,-4.55035e-05
-0.000183917,-0.000179656,-0.000171388,-0.00015956,-0.000144853,-0.000128098,-0.000110203,-9.20899e-05,-7.46683e-05,-5.86138e-05,-4.44856e-05
-0.000180374,-0.000176201,-0.000168067,-0.000156449,-0.000142001,-0.000125534,-0.00010796,-9.01803e-05,-7.30777e-05,-5.73303e-05,-4.34754e-05
-0.00017707,-0.000172982,-0.000164981,-0.000153557,-0.000139341,-0.000123151,-0.000105869,-8.84111e-05,-7.15996e-05,-5.61349e-05,-4.25375e-05
-0.000173857,-0.000169811,-0.000161934,-0.000150707,-0.000136747,-0.000120817,-0.000103839,-8.66577e-05,-7.0152e-05,-5.49641e-05,-4.16205e-05
-0.000170567,-0.000166601,-0.000158867,-0.000147822,-0.000134096,-0.000118458,-0.000101769,-8.48975e-05,-6.86907e-05,-5.37894e-05,-4.06938e-05
-0.000167346,-0.000163442,-0.000155846,-0.000144995,-0.000131498,-0.000116131,-9.97389e-05,-8.31683e-05,-6.72542e-05,-5.26269e-05,-3.97829e-05
-0.000164322,-0.000160499,-0.000153003,-0.000142346,-0.000129085,-0.000113966,-9.78363e-05,-8.15495e-05,-6.59117e-05,-5.15522e-05,-3.89347e-05
-0.000161262,-0.000157487,-0.000150142,-0.000139657,-0.000126609,-0.000111757,-9.59094e-05,-7.99054e-05,-6.45555e-05,-5.04526e-05,-3.80738e-05
-0.000158241,-0.00015454,-0.000147313,-0.000137006,-0.000124186,-0.000109584,-9.4018e-05,-7.83007e-05,-6.32181e-05,-4.93801e-05,-3.72333e-05
-0.000155432,-0.000151807,-0.000144689,-0.00013456,-0.000121929,-0.000107572,-9.22655e-05,-7.68165e-05,-6.19828e-05,-4.83891e-05,-3.64573e-05
-0.00015253,-0.000148952,-0.000141968,-0.000131996,-0.000119604,-0.000105482,-9.04409e-05,-7.52581e-05,-6.07021e-05,-4.73561e-05,-3.5647e-05
-0.000149757,-0.000146236,-0.00013937,-0.000129562,-0.000117379,-0.000103493,-8.87059e-05,-7.37835e-05,-5.94824e-05,-4.63761e-05,-3.48804e-05
-0.000147101,-0.000143623,-0.000136852,-0.000127222,-0.000115235,-0.000101583,-8.70377e-05,-7.2366e-05,-5.83095e-05,-4.54331e-05,-3.41434e-05
-0.000144442,-0.000141037,-0.000134387,-0.000124908,-0.000113118,-9.96885e-05,-8.53894e-05,-7.09645e-05,-5.71547e-05,-4.45034e-05,-3.3421e-05
-0.000141838,-0.000138487,-0.000131954,-0.000122634,-0.000111025,-9.78244e-05,-8.37656e-05,-6.95885e-05,-5.60126e-05,-4.35896e-05,-3.27099e-05
-0.00013923,-0.000135947,-0.000129515,-0.000120347,-0.000108943,-9.59631e-05,-8.21411e-05,-6.82172e-05,-5.48759e-05,-4.26795e-05,-3.19955e-05
-0.000136718,-0.000133469,-0.00012715,-0.000118134,-0.000106924,-9.41588e-05,-8.05724e-05,-6.68787e-05,-5.37783e-05,-4.18014e-05,-3.13131e-05
-0.000134259,-0.00013107,-0.000124849,-0.000115985,-0.000104957,-9.24079e-05,-7.90438e-05,-6.55884e-05,-5.27133e-05,-4.09493e-05,-3.06457e-05
-0.000131901,-0.000128776,-0.000122645,-0.000113925,-0.000103077,-9.07228e-05,-7.75876e-05,-6.43502e-05,-5.16916e-05,-4.01336e-05,-3.00126e-05
-0.000129547,-0.000126469,-0.000120453,-0.00011187,-0.000101188,-8.90514e-05,-7.6128e-05,-6.31144e-05,-5.06744e-05,-3.93158e-05,-2.94163e-05
-0.000127233,-0.000124194,-0.000118266,-0.000109828,-9.9339e-05,-8.7396e-05,-7.46883e-05,-6.18968e-05,-4.96726e-05,-3.85188e-05,-2.87927e-05
-0.000124988,-0.000121999,-0.000116172,-0.000107864,-9.75457e-05,-8.5798e-05,-7.32965e-05,-6.07226e-05,-4.87049e-05,-3.77468e-05,-2.8191e-05
-0.000122766,-0.000119826,-0.000114094,-0.000105929,-9.57733e-05,-8.42189e-05,-7.19222e-05,-5.95592e-05,-4.775e-05,-3.69831e-05,-2.75614e-05
-0.000120578,-0.000117681,-0.000112052,-0.000104013,-9.40238e-05,-8.26605e-05,-7.05765e-05,-5.84187e-05,-4.68108e-05,-3.6233e-05,-2.69826e-05
-0.000118481,-0.000115638,-0.000110094,-0.000102183,-9.23521e-05,-8.1175e-05,-6.92806e-05,-5.73286e-05,-4.59139e-05,-3.5519e-05,-2.64243e-05
-0.00011639,-0.000113592,-0.000108143,-0.000100356,-9.06912e-05,-7.96903e-05,-6.79975e-05,-5.6236e-05,-4.50227e-05,-3.48081e-05,-2.58717e-05
-0.00011436,-0.000111602,-0.000106238,-9.85803e-05,-8.90719e-05,-7.82455e-05,-6.67457e-05,-5.51797e-05,-4.41545e-05,-3.41153e-05,-2.53378e-05
-0.000112379,-0.000109671,-0.000104385,-9.68502e-05,-8.74884e-05,-7.68486e-05,-6.55224e-05,-5.41558e-05,-4.33113e-05,-3.3448e-05,-2.48196e-05
-0.000110426,-0.000107753,-0.00010255,-9.51394e-05,-8.59328e-05,-7.54585e-05,-6.4324e-05,-5.31376e-05,-4.24796e-05,-3.27825e-05,-2.43089e-05
-0.00010848,-0.00010586,-0.000100739,-9.34475e-05,-8.43857e-05,-7.40856e-05,-6.31321e-05,-5.21362e-05,-4.1656e-05,-3.21286e-05,-2.37955e-05
-0.000106592,-0.000104013,-9.89792e-05,-9.18053e-05,-8.28897e-05,-7.27497e-05,-6.19752e-05,-5.11602e-05,-4.08565e-05,-3.14945e-05,-2.33123e-05
-0.000104751,-0.000102211,-9.72646e-05,-9.01984e-05,-8.14242e-05,-7.14474e-05,-6.08507e-05,-5.02123e-05,-4.00793e-05,-3.08774e-05,-2.28298e-05
-0.000102971,-0.000100469,-9.55979e-05,-8.86428e-05,-8.00093e-05,-7.01883e-05,-5.97603e-05,-4.92934e-05,-3.93264e-05,-3.02781e-05,-2.23755e-05
-0.000101172,-9.87135e-05,-9.39129e-05,-8.70701e-05,-7.85771e-05,-6.89168e-05,-5.86609e-05,-4.83673e-05,-3.85696e-05,-2.96792e-05,-2.19058e-05
-9.94543e-05,-9.70345e-05,-9.23116e-05,-8.55815e-05,-7.72163e-05,-6.77106e-05,-5.7616e-05,-4.7487e-05,-3.7853e-05,-2.91082e-05,-2.14714e-05
-9.77233e-05,-9.53436e-05,-9.06961e-05,-8.4069e-05,-7.58396e-05,-6.64887e-05,-5.65572e-05,-4.65978e-05,-3.71234e-05,-2.8533e-05,-2.10205e-05
-9.60765e-05,-9.37284e-05,-8.91537e-05,-8.26307e-05,-7.45294e-05,-6.5325e-05,-5.55516e-05,-4.57505e-05,-3.64337e-05,-2.79829e-05,-2.05986e-05
-9.44414e-05,-9.21348e-05,-8.76315e-05,-8.12074e-05,-7.32347e-05,-6.41762e-05,-5.45569e-05,-4.4915e-05,-3.57512e-05,-2.74448e-05,-2.01779e-05
-9.28483e-05,-9.05775e-05,-8.61416e-05,-7.98236e-05,-7.19736e-05,-6.30552e-05,-5.35866e-05,-4.41026e-05,-3.50857e-05,-2.69184e-05,-1.97855e-05
-9.12798e-05,-8.90461e-05,-8.46798e-05,-7.84543e-05,-7.07298e-05,-6.19524e-05,-5.26339e-05,-4.3304e-05,-3.44328e-05,-2.64041e-05,-1.93777e-05
-8.97307e-05,-8.75282e-05,-8.32332e-05,-7.71046e-05,-6.95013e-05,-6.08644e-05,-5.16955e-05,-4.25118e-05,-3.37912e-05,-2.58948e-05,-1.89994e-05
-8.82316e-05,-8.60619e-05,-8.18335e-05,-7.57967e-05,-6.83139e-05,-5.98095e-05,-5.07864e-05,-4.17495e-05,-3.31693e-05,-2.54048e-05,-1.86105e-05
-8.67289e-05,-8.45951e-05,-8.04312e-05,-7.44932e-05,-6.71248e-05,-5.87552e-05,-4.98742e-05,-4.09847e-05,-3.2546e-05,-2.49114e-05,-1.82545e-05
-8.52774e-05,-8.31778e-05,-7.90781e-05,-7.32305e-05,-6.59765e-05,-5.77397e-05,-4.89958e-05,-4.02484e-05,-3.19465e-05,-2.4441e-05,-1.78717e-05
-8.38669e-05,-8.17994e-05,-7.77657e-05,-7.20067e-05,-6.48616e-05,-5.67501e-05,-4.81445e-05,-3.95333e-05,-3.13649e-05,-2.39791e-05,-1.75304e-05
-8.24604e-05,-8.04245e-05,-7.64495e-05,-7.078e-05,-6.37478e-05,-5.57643e-05,-4.72939e-05,-3.88192e-05,-3.07844e-05,-2.35248e-05,-1.71656e-05
-8.11132e-05,-7.91056e-05,-7.51879e-05,-6.9607e-05,-6.26816e-05,-5.48197e-05,-4.64776e-05,-3.81358e-05,-3.02293e-05,-2.3085e-05,-1.68422e-05
-7.9749e-05,-7.77734e-05,-7.39181e-05,-6.84222e-05,-6.16036e-05,-5.38649e-05,-4.5655e-05,-3.74483e-05,-2.96699e-05,-2.26478e-05,-1.65092e-05
-7.84368e-05,-7.64958e-05,-7.26998e-05,-6.72869e-05,-6.0568e-05,-5.29513e-05,-4.48678e-05,-3.67893e-05,-2.91347e-05,-2.22224e-05,-1.61859e-05
-7.71488e-05,-7.52378e-05,-7.14986e-05,-6.61673e-05,-5.95529e-05,-5.20501e-05,-4.40901e-05,-3.61383e-05,-2.86065e-05,-2.18101e-05,-1.58403e-05
-7.58751e-05,-7.39903e-05,-7.03064e-05,-6.5057e-05,-5.85456e-05,-5.11586e-05,-4.33231e-05,-3.54974e-05,-2.80846e-05,-2.13984e-05,-1.55571e-05
-7.46421e-05,-7.27807e-05,-6.9153e-05,-6.39807e-05,-5.75694e-05,-5.02962e-05,-4.25807e-05,-3.48754e-05,-2.75812e-05,-2.10061e-05,-1.52422e-05
-7.3421e-05,-7.15929e-05,-6.80214e-05,-6.29264e-05,-5.66112e-05,-4.94478e-05,-4.18506e-05,-3.42652e-05,-2.70852e-05,-2.06128e-05,-1.49591e-05
-7.22148e-05,-7.0413e-05,-6.68948e-05,-6.18786e-05,-5.5659e-05,-4.86046e-05,-4.11264e-05,-3.36587e-05,-2.65945e-05,-2.02315e-05,-1.46471e-05
-7.10526e-05,-6.92768e-05,-6.58122e-05,-6.08713e-05,-5.47463e-05,-4.77935e-05,-4.04283e-05,-3.30766e-05,-2.61224e-05,-1.98581e-05,-1.43844e-05
-6.98835e-05,-6.81357e-05,-6.47231e-05,-5.98557e-05,-5.38231e-05,-4.69813e-05,-3.97296e-05,-3.2493e-05,-2.56502e-05,-1.94908e-05,-1.40857e-05
-6.87655e-05,-6.70428e-05,-6.36779e-05,-5.88824e-05,-5.29414e-05,-4.62003e-05,-3.90596e-05,-3.19338e-05,-2.51977e-05,-1.91332e-05,-1.38301e-05
-6.76572e-05,-6.59592e-05,-6.26514e-05,-5.79231e-05,-5.20716e-05,-4.54325e-05,-3.83976e-05,-3.1381e-05,-2.47512e-05,-1.87873e-05,-1.35511e-05
-6.65615e-05,-6.48928e-05,-6.16303e-05,-5.69748e-05,-5.12101e-05,-4.46711e-05,-3.77428e-05,-3.08361e-05,-2.43098e-05,-1.84377e-05,-1.33029e-05
-6.54957e-05,-6.38491e-05,-6.06353e-05,-5.60524e-05,-5.03733e-05,-4.39303e-05,-3.71075e-05,-3.03037e-05,-2.38795e-05,-1.81014e-05,-1.30314e-05
-6.44542e-05,-6.28308e-05,-5.96661e-05,-5.51463e-05,-4.95507e-05,-4.32062e-05,-3.64851e-05,-2.97866e-05,-2.34609e-05,-1.77735e-05,-1.27964e-05
-6.34241e-05,-6.18272e-05,-5.87071e-05,-5.42559e-05,-4.87411e-05,-4.24922e-05,-3.58723e-05,-2.9275e-05,-2.30486e-05,-1.74513e-05,-1.25223e-05
-6.24099e-05,-6.08383e-05,-5.77653e-05,-5.33782e-05,-4.79472e-05,-4.17901e-05,-3.52691e-05,-2.87749e-05,-2.26432e-05,-1.71356e-05,-1.23178e-05
-6.14269e-05,-5.98753e-05,-5.68483e-05,-5.25259e-05,-4.71754e-05,-4.11056e-05,-3.46825e-05,-2.82845e-05,-2.22481e-05,-1.68266e-05,-1.20609e-05
-6.04439e-05,-5.89122e-05,-5.59301e-05,-5.16715e-05,-4.63998e-05,-4.04255e-05,-3.40994e-05,-2.77978e-05,-2.18563e-05,-1.65209e-05,-1.18559e-05
-5.94867e-05,-5.79813e-05,-5.50418e-05,-5.0846e-05,-4.56504e-05,-3.97646e-05,-3.35326e-05,-2.73272e-05,-2.14764e-05,-1.62292e-05,-1.16097e-05
-5.8557e-05,-5.70736e-05,-5.41736e-05,-5.00378e-05,-4.49189e-05,-3.91198e-05,-3.29798e-05,-2.6867e-05,-2.11057e-05,-1.59359e-05,-1.14122e-05
-5.76314e-05,-5.61679e-05,-5.33128e-05,-4.92381e-05,-4.41942e-05,-3.84785e-05,-3.24311e-05,-2.64105e-05,-2.07374e-05,-1.56542e-05,-1.11752e-05
-5.67244e-05,-5.52835e-05,-5.24709e-05,-4.84542e-05,-4.34847e-05,-3.78529e-05,-3.18946e-05,-2.5965e-05,-2.03785e-05,-1.53695e-05,-1.09859e-05
-5.58496e-05,-5.44281e-05,-5.1656e-05,-4.76968e-05,-4.27978e-05,-3.72478e-05,-3.13751e-05,-2.55328e-05,-2.00321e-05,-1.5104e-05,-1.07575e-05
-5.49795e-05,-5.35795e-05,-5.08466e-05,-4.69428e-05,-4.21164e-05,-3.66475e-05,-3.08624e-05,-2.51054e-05,-1.96872e-05,-1.48321e-05,-1.05832e-05
-5.41201e-05,-5.27413e-05,-5.00468e-05,-4.61998e-05,-4.14411e-05,-3.60554e-05,-3.03536e-05,-2.46859e-05,-1.93486e-05,-1.45742e-05,-1.03593e-05
-5.32788e-05,-5.19186e-05,-4.92645e-05,-4.54751e-05,-4.07854e-05,-3.54738e-05,-2.98577e-05,-2.42733e-05,-1.90172e-05,-1.43114e-05,-1.01908e-05
-5.24558e-05,-5.11158e-05,-4.84998e-05,-4.47629e-05,-4.01415e-05,-3.49061e-05,-2.93715e-05,-2.38689e-05,-1.86931e-05,-1.40644e-05,-9.96481e-06
-5.1645e-05,-5.03231e-05,-4.77446e-05,-4.40618e-05,-3.95065e-05,-3.43485e-05,-2.88945e-05,-2.34728e-05,-1.83738e-05,-1.38121e-05,-9.83896e-06
-5.08565e-05,-4.95542e-05,-4.70123e-05,-4.33794e-05,-3.88892e-05,-3.38052e-05,-2.84303e-05,-2.30876e-05,-1.80648e-05,-1.35772e-05,-9.63585e-06
-5.00728e-05,-4.87888e-05,-4.62832e-05,-4.27016e-05,-3.82758e-05,-3.32664e-05,-2.79689e-05,-2.2706e-05,-1.77584e-05,-1.33346e-05,-9.4816e-06
-4.93171e-05,-4.8052e-05,-4.55813e-05,-4.20516e-05,-3.76885e-05,-3.27453e-05,-2.75239e-05,-2.2336e-05,-1.74623e-05,-1.31089e-05,-9.28259e-06
-4.85485e-05,-4.73004e-05,-4.48663e-05,-4.13875e-05,-3.70871e-05,-3.22176e-05,-2.70725e-05,-2.19632e-05,-1.71615e-05,-1.28725e-05,-9.13743e-06
-4.78214e-05,-4.65928e-05,-4.41892e-05,-4.07591e-05,-3.65204e-05,-3.17181e-05,-2.66467e-05,-2.16097e-05,-1.68789e-05,-1.26583e-05,-8.97345e-06
-4.70892e-05,-4.58763e-05,-4.35082e-05,-4.01268e-05,-3.59473e-05,-3.12151e-05,-2.62166e-05,-2.12532e-05,-1.65927e-05,-1.24321e-05,-8.80024e-06
-4.63749e-05,-4.51772e-05,-4.28443e-05,-3.95081e-05,-3.53861e-05,-3.07241e-05,-2.57967e-05,-2.09066e-05,-1.63157e-05,-1.22229e-05,-8.62415e-06
-4.56709e-05,-4.44924e-05,-4.21914e-05,-3.89048e-05,-3.48416e-05,-3.02423e-05,-2.53855e-05,-2.05661e-05,-1.60427e-05,-1.20058e-05,-8.49175e-06
-4.49961e-05,-4.38321e-05,-4.15629e-05,-3.83204e-05,-3.43127e-05,-2.97778e-05,-2.49914e-05,-2.02389e-05,-1.578e-05,-1.18088e-05,-8.31572e-06
-4.43186e-05,-4.31713e-05,-4.09336e-05,-3.77368e-05,-3.3786e-05,-2.93152e-05,-2.45956e-05,-1.99089e-05,-1.55183e-05,-1.16014e-05,-8.19617e-06
-4.36449e-05,-4.25135e-05,-4.03097e-05,-3.71563e-05,-3.32603e-05,-2.8854e-05,-2.4201e-05,-1.95852e-05,-1.52581e-05,-1.14052e-05,-7.98944e-06
-4.29915e-05,-4.18753e-05,-3.97027e-05,-3.65952e-05,-3.2753e-05,-2.84063e-05,-2.38187e-05,-1.92696e-05,-1.50051e-05,-1.11989e-05,-7.87453e-06
-4.23466e-05,-4.12475e-05,-3.91035e-05,-3.60367e-05,-3.22498e-05,-2.79641e-05,-2.3442e-05,-1.89592e-05,-1.47579e-05,-1.10192e-05,-7.70623e-06
-4.17154e-05,-4.06304e-05,-3.85183e-05,-3.5498e-05,-3.17633e-05,-2.75343e-05,-2.30748e-05,-1.86539e-05,-1.4514e-05,-1.08198e-05,-7.59428e-06
-4.1101e-05,-4.00303e-05,-3.79428e-05,-3.49637e-05,-3.12797e-05,-2.71127e-05,-2.27171e-05,-1.83584e-05,-1.42781e-05,-1.06445e-05,-7.48727e-06
-4.04871e-05,-3.94313e-05,-3.73742e-05,-3.44342e-05,-3.08017e-05,-2.66935e-05,-2.23592e-05,-1.80646e-05,-1.40428e-05,-1.04627e-05,-7.32601e-06
-3.98902e-05,-3.88504e-05,-3.68205e-05,-3.39193e-05,-3.03358e-05,-2.62862e-05,-2.20118e-05,-1.77779e-05,-1.38144e-05,-1.0288e-05,-7.19639e-06
-3.93032e-05,-3.82764e-05,-3.62776e-05,-3.34149e-05,-2.98824e-05,-2.58856e-05,-2.16711e-05,-1.74959e-05,-1.35895e-05,-1.01145e-05,-7.0697e-06
-3.87267e-05,-3.77151e-05,-3.57411e-05,-3.29179e-05,-2.94336e-05,-2.54915e-05,-2.13361e-05,-1.72181e-05,-1.3369e-05,-9.94453e-06,-6.9391e-06
-3.81569e-05,-3.7156e-05,-3.52111e-05,-3.24263e-05,-2.899e-05,-2.51045e-05,-2.10064e-05,-1.69465e-05,-1.3152e-05,-9.77801e-06,-6.85076e-06
-3.75975e-05,-3.66137e-05,-3.46935e-05,-3.19473e-05,-2.85573e-05,-2.47228e-05,-2.06825e-05,-1.66815e-05,-1.29385e-05,-9.61421e-06,-6.70194e-06
-3.70552e-05,-3.60827e-05,-3.41863e-05,-3.14748e-05,-2.81317e-05,-2.43514e-05,-2.03648e-05,-1.64211e-05,-1.27329e-05,-9.45585e-06,-6.58506e-06
-3.65095e-05,-3.55493e-05,-3.36823e-05,-3.10088e-05,-2.77103e-05,-2.39806e-05,-2.00494e-05,-1.61601e-05,-1.25255e-05,-9.29636e-06,-6.46874e-06
-3.59792e-05,-3.50326e-05,-3.31907e-05,-3.05554e-05,-2.73001e-05,-2.36201e-05,-1.97449e-05,-1.59071e-05,-1.23242e-05,-9.1425e-06,-6.35578e-06
-3.54644e-05,-3.45294e-05,-3.27096e-05,-3.01101e-05,-2.68997e-05,-2.327e-05,-1.94453e-05,-1.56615e-05,-1.21291e-05,-8.99275e-06,-6.27534e-06
-3.4947e-05,-3.40246e-05,-3.22329e-05,-2.96653e-05,-2.64989e-05,-2.29186e-05,-1.91463e-05,-1.54173e-05,-1.19338e-05,-8.84197e-06,-6.1373e-06
-3.44503e-05,-3.35395e-05,-3.17693e-05,-2.9234e-05,-2.61094e-05,-2.25788e-05,-1.88605e-05,-1.51793e-05,-1.17456e-05,-8.6987e-06,-6.03279e-06
-3.3954e-05,-3.3057e-05,-3.13121e-05,-2.8811e-05,-2.57273e-05,-2.22444e-05,-1.85737e-05,-1.49444e-05,-1.15583e-05,-8.55552e-06,-5.92839e-06
-3.34639e-05,-3.25776e-05,-3.08551e-05,-2.83903e-05,-2.53485e-05,-2.19101e-05,-1.82901e-05,-1.47117e-05,-1.13739e-05,-8.41339e-06,-5.82525e-06
-3.29879e-05,-3.21137e-05,-3.04133e-05,-2.79797e-05,-2.49792e-05,-2.15883e-05,-1.80172e-05,-1.44867e-05,-1.11954e-05,-8.27701e-06,-5.72552e-06
-3.25079e-05,-3.1649e-05,-2.99719e-05,-2.75723e-05,-2.46109e-05,-2.12642e-05,-1.77416e-05,-1.42613e-05,-1.10155e-05,-8.1404e-06,-5.62594e-06
-3.20495e-05,-3.11996e-05,-2.95444e-05,-2.71717e-05,-2.42516e-05,-2.09511e-05,-1.74759e-05,-1.40435e-05,-1.08434e-05,-8.00873e-06,-5.53101e-06
-3.15918e-05,-3.0752e-05,-2.9121e-05,-2.67832e-05,-2.39002e-05,-2.06421e-05,-1.72134e-05,-1.38276e-05,-1.0672e-05,-7.87713e-06,-5.43607e-06
-3.11403e-05,-3.03138e-05,-2.87032e-05,-2.63975e-05,-2.35526e-05,-2.03373e-05,-1.69568e-05,-1.36165e-05,-1.05034e-05,-7.74892e-06,-5.34283e-06
-3.06989e-05,-2.98817e-05,-2.82911e-05,-2.60159e-05,-2.32092e-05,-2.00382e-05,-1.67021e-05,-1.34065e-05,-1.03386e-05,-7.62283e-06,-5.25151e-06
-3.02668e-05,-2.94597e-05,-2.78922e-05,-2.56455e-05,-2.28747e-05,-1.97464e-05,-1.64534e-05,-1.32031e-05,-1.01773e-05,-7.50063e-06,-5.16238e-06
-2.98431e-05,-2.90466e-05,-2.74993e-05,-2.52794e-05,-2.25456e-05,-1.94596e-05,-1.62119e-05,-1.30053e-05,-1.00211e-05,-7.38004e-06,-5.07583e-06
-2.9418e-05,-2.86321e-05,-2.71046e-05,-2.49168e-05,-2.22192e-05,-1.91722e-05,-1.59679e-05,-1.28044e-05,-9.86177e-06,-7.25906e-06,-4.98939e-06
-2.90168e-05,-2.8243e-05,-2.67356e-05,-2.45792e-05,-2.1916e-05,-1.89023e-05,-1.5739e-05,-1.26182e-05,-9.7127e-06,-7.13877e-06,-4.90743e-06
-2.86081e-05,-2.78412e-05,-2.63548e-05,-2.42221e-05,-2.15941e-05,-1.86245e-05,-1.55049e-05,-1.24248e-05,-9.56098e-06,-7.0297e-06,-4.82456e-06
-2.82e-05,-2.74441e-05,-2.59763e-05,-2.38726e-05,-2.12794e-05,-1.83505e-05,-1.52711e-05,-1.22342e-05,-9.41034e-06,-6.91567e-06,-4.74227e-06
-2.78093e-05,-2.70651e-05,-2.56152e-05,-2.35353e-05,-2.09756e-05,-1.80872e-05,-1.50483e-05,-1.20527e-05,-9.26645e-06,-6.80627e-06,-4.66308e-06
-2.74261e-05,-2.6689e-05,-2.52606e-05,-2.32106e-05,-2.06829e-05,-1.78299e-05,-1.48307e-05,-1.18724e-05,-9.12431e-06,-6.69799e-06,-4.58671e-06
-2.70497e-05,-2.63237e-05,-2.49109e-05,-2.28876e-05,-2.03924e-05,-1.75753e-05,-1.46162e-05,-1.16987e-05,-8.98576e-06,-6.59253e-06,-4.51082e-06
-2.66697e-05,-2.59541e-05,-2.4559e-05,-2.25622e-05,-2.00992e-05,-1.73196e-05,-1.43992e-05,-1.15204e-05,-8.84514e-06,-6.48689e-06,-4.43506e-06
-2.63113e-05,-2.56022e-05,-2.42273e-05,-2.2255e-05,-1.98228e-05,-1.70781e-05,-1.41951e-05,-1.1352e-05,-8.71442e-06,-6.38523e-06,-4.36307e-06
-2.59448e-05,-2.5248e-05,-2.38864e-05,-2.19386e-05,-1.95379e-05,-1.68333e-05,-1.39867e-05,-1.11833e-05,-8.58066e-06,-6.28539e-06,-4.29097e-06
-2.55823e-05,-2.4895e-05,-2.35515e-05,-2.16311e-05,-1.92624e-05,-1.65892e-05,-1.37808e-05,-1.10146e-05,-8.44677e-06,-6.18399e-06,-4.21864e-06
-2.52333e-05,-2.45534e-05,-2.32284e-05,-2.13315e-05,-1.89934e-05,-1.63553e-05,-1.35827e-05,-1.08528e-05,-8.31854e-06,-6.08617e-06,-4.14979e-06
-2.48899e-05,-2.42194e-05,-2.29107e-05,-2.10368e-05,-1.87296e-05,-1.61233e-05,-1.33878e-05,-1.06939e-05,-8.1941e-06,-5.99135e-06,-4.08275e-06
-2.45472e-05,-2.38829e-05,-2.2594e-05,-2.07436e-05,-1.84655e-05,-1.58935e-05,-1.31928e-05,-1.05353e-05,-8.06889e-06,-5.89688e-06,-4.01523e-06
-2.42195e-05,-2.35634e-05,-2.22865e-05,-2.04584e-05,-1.82092e-05,-1.56718e-05,-1.30066e-05,-1.03829e-05,-7.9486e-06,-5.80665e-06,-3.95093e-06
