4.12398e-06,3.96683e-06,3.7887e-06,3.59718e-06,3.46159e-06,3.3081e-06,3.13947e-06,3.01864e-06,2.91403e-06,2.83201e-06,2.78995e-06
3.82026e-06,3.65006e-06,3.49754e-06,3.33736e-06,3.20611e-06,3.06941e-06,2.90062e-06,2.80601e-06,2.69976e-06,2.62273e-06,2.57716e-06
3.57789e-06,3.41992e-06,3.24748e-06,3.09933e-06,2.97991e-06,2.84544e-06,2.71042e-06,2.59995e-06,2.51358e-06,2.43414e-06,2.38766e-06
3.32348e-06,3.16747e-06,3.0189e-06,2.88878e-06,2.77794e-06,2.65587e-06,2.52499e-06,2.42773e-06,2.34815e-06,2.26673e-06,2.21045e-06
3.1184e-06,2.97296e-06,2.83239e-06,2.71154e-06,2.60831e-06,2.49657e-06,2.37352e-06,2.28105e-06,2.20755e-06,2.12643e-06,2.06562e-06
2.94803e-06,2.81046e-06,2.67283e-06,2.55948e-06,2.47145e-06,2.35639e-06,2.24073e-06,2.15661e-06,2.08586e-06,2.00722e-06,1.94449e-06
2.76887e-06,2.64913e-06,2.52526e-06,2.41777e-06,2.32784e-06,2.22927e-06,2.11878e-06,2.03587e-06,1.96855e-06,1.89215e-06,1.82692e-06
2.62026e-06,2.51269e-06,2.39585e-06,2.29523e-06,2.20995e-06,2.11485e-06,2.01069e-06,1.93202e-06,1.86578e-06,1.79276e-06,1.7272e-06
2.48635e-06,2.38967e-06,2.2787e-06,2.18521e-06,2.10327e-06,2.01047e-06,1.91296e-06,1.83785e-06,1.77222e-06,1.7024e-06,1.63743e-06
2.36646e-06,2.27886e-06,2.17305e-06,2.08665e-06,2.00686e-06,1.91506e-06,1.82449e-06,1.75188e-06,1.68692e-06,1.62027e-06,1.55637e-06
2.25659e-06,2.17647e-06,2.07511e-06,1.99468e-06,1.91727e-06,1.82763e-06,1.74287e-06,1.6732e-06,1.60919e-06,1.54383e-06,1.48194e-06
2.15899e-06,2.0842e-06,1.98618e-06,1.91128e-06,1.83597e-06,1.74613e-06,1.668e-06,1.60187e-06,1.53747e-06,1.4739e-06,1.41415e-06
2.06619e-06,1.99602e-06,1.90413e-06,1.8329e-06,1.7592e-06,1.67246e-06,1.59814e-06,1.53333e-06,1.47183e-06,1.40849e-06,1.35075e-06
1.98181e-06,1.91616e-06,1.82808e-06,1.76105e-06,1.68886e-06,1.60498e-06,1.53372e-06,1.47108e-06,1.4108e-06,1.3486e-06,1.29296e-06
1.90459e-06,1.84109e-06,1.75793e-06,1.69281e-06,1.62278e-06,1.54164e-06,1.47343e-06,1.41276e-06,1.3539e-06,1.29238e-06,1.23875e-06
1.83401e-06,1.77308e-06,1.69287e-06,1.63088e-06,1.56035e-06,1.48536e-06,1.41807e-06,1.35958e-06,1.30079e-06,1.24212e-06,1.18953e-06
1.7677e-06,1.71045e-06,1.63164e-06,1.57254e-06,1.50646e-06,1.43131e-06,1.36862e-06,1.31011e-06,1.25181e-06,1.19304e-06,1.1429e-06
1.70278e-06,1.64514e-06,1.57466e-06,1.51493e-06,1.45039e-06,1.38018e-06,1.31613e-06,1.26055e-06,1.20522e-06,1.14771e-06,1.09911e-06
1.64437e-06,1.58948e-06,1.52164e-06,1.46346e-06,1.40124e-06,1.33378e-06,1.27152e-06,1.21706e-06,1.16222e-06,1.10665e-06,1.05901e-06
1.58965e-06,1.53577e-06,1.47122e-06,1.41468e-06,1.35384e-06,1.29035e-06,1.2282e-06,1.1756e-06,1.12169e-06,1.06789e-06,1.02143e-06
1.53736e-06,1.48529e-06,1.42406e-06,1.36826e-06,1.31013e-06,1.24778e-06,1.18811e-06,1.1357e-06,1.08295e-06,1.03084e-06,9.85647e-07
1.48684e-06,1.4367e-06,1.37793e-06,1.32598e-06,1.26729e-06,1.20992e-06,1.14864e-06,1.09741e-06,1.04624e-06,9.96422e-07,9.52682e-07
1.44319e-06,1.39178e-06,1.33797e-06,1.28389e-06,1.22953e-06,1.17057e-06,1.11421e-06,1.06194e-06,1.01234e-06,9.63098e-07,9.19242e-07
1.40028e-06,1.34948e-06,1.29785e-06,1.24466e-06,1.1913e-06,1.13591e-06,1.07892e-06,1.02973e-06,9.8055e-07,9.33184e-07,8.91878e-07
1.35922e-06,1.30991e-06,1.26078e-06,1.20914e-06,1.15864e-06,1.10402e-06,1.0469e-06,9.97732e-07,9.50445e-07,9.03052e-07,8.61001e-07
1.31739e-06,1.27013e-06,1.22365e-06,1.17253e-06,1.12274e-06,1.06832e-06,1.01623e-06,9.66867e-07,9.20657e-07,8.75021e-07,8.35779e-07
1.2818e-06,1.23488e-06,1.19102e-06,1.14117e-06,1.09233e-06,1.03817e-06,9.88634e-07,9.38681e-07,8.93976e-07,8.49673e-07,8.1129e-07
1.24612e-06,1.20134e-06,1.15845e-06,1.10954e-06,1.06251e-06,1.01044e-06,9.60891e-07,9.12684e-07,8.68752e-07,8.25078e-07,7.88171e-07
1.2129e-06,1.16996e-06,1.12807e-06,1.08067e-06,1.03365e-06,9.8263e-07,9.35137e-07,8.87809e-07,8.43865e-07,8.0162e-07,7.64963e-07
1.18151e-06,1.14028e-06,1.10024e-06,1.05313e-06,1.00756e-06,9.57121e-07,9.11803e-07,8.64273e-07,8.22274e-07,7.80463e-07,7.46812e-07
1.15148e-06,1.11116e-06,1.07149e-06,1.02657e-06,9.81097e-07,9.32685e-07,8.87587e-07,8.41223e-07,7.98918e-07,7.58787e-07,7.23995e-07
1.12234e-06,1.08325e-06,1.04449e-06,1.00075e-06,9.56147e-07,9.09491e-07,8.65376e-07,8.19081e-07,7.77964e-07,7.38712e-07,7.05205e-07
1.0953e-06,1.05733e-06,1.01939e-06,9.7679e-07,9.32983e-07,8.87497e-07,8.44209e-07,7.98573e-07,7.58114e-07,7.19906e-07,6.87302e-07
1.06963e-06,1.0327e-06,9.95547e-07,9.54036e-07,9.1098e-07,8.66614e-07,8.24016e-07,7.79053e-07,7.3923e-07,7.02049e-07,6.70345e-07
1.0456e-06,1.00942e-06,9.73127e-07,9.32475e-07,8.90622e-07,8.47132e-07,8.04785e-07,7.60581e-07,7.2165e-07,6.85321e-07,6.54645e-07
1.02198e-06,9.86927e-07,9.51209e-07,9.117e-07,8.70049e-07,8.2776e-07,7.86118e-07,7.42794e-07,7.04101e-07,6.68688e-07,6.38854e-07
9.99361e-07,9.65406e-07,9.30171e-07,8.91511e-07,8.50877e-07,8.09302e-07,7.68303e-07,7.25623e-07,6.87631e-07,6.53278e-07,6.2405e-07
9.77828e-07,9.44792e-07,9.1015e-07,8.72344e-07,8.32494e-07,7.91643e-07,7.51175e-07,7.09266e-07,6.7185e-07,6.38365e-07,6.09974e-07
9.57183e-07,9.24947e-07,8.90946e-07,8.53973e-07,8.14865e-07,7.74621e-07,7.34684e-07,6.93597e-07,6.56746e-07,6.24175e-07,5.96511e-07
9.37546e-07,9.05994e-07,8.72631e-07,8.36257e-07,7.9795e-07,7.58414e-07,7.18829e-07,6.78327e-07,6.42211e-07,6.10298e-07,5.83579e-07
9.17561e-07,8.86858e-07,8.54129e-07,8.18636e-07,7.81137e-07,7.42048e-07,7.0303e-07,6.63558e-07,6.27911e-07,5.968e-07,5.70771e-07
8.9854e-07,8.68609e-07,8.36408e-07,8.01642e-07,7.64868e-07,7.26353e-07,6.87846e-07,6.49136e-07,6.1417e-07,5.83739e-07,5.58368e-07
8.80349e-07,8.511e-07,8.19439e-07,7.85371e-07,7.49271e-07,7.1127e-07,6.7323e-07,6.35349e-07,6.01015e-07,5.71222e-07,5.46592e-07
8.61458e-07,8.32924e-07,8.01856e-07,7.68485e-07,7.33134e-07,6.95673e-07,6.58263e-07,6.21154e-07,5.87494e-07,5.58417e-07,5.34309e-07
8.44319e-07,8.16403e-07,7.86041e-07,7.53194e-07,7.18543e-07,6.81513e-07,6.44674e-07,6.08268e-07,5.75048e-07,5.46976e-07,5.23242e-07
8.24968e-07,7.97726e-07,7.67784e-07,7.35791e-07,7.01794e-07,6.6546e-07,6.29244e-07,5.93621e-07,5.614e-07,5.33714e-07,5.10833e-07
8.0841e-07,7.81754e-07,7.52246e-07,7.20757e-07,6.87309e-07,6.51527e-07,6.15862e-07,5.81117e-07,5.4956e-07,5.22453e-07,5.00022e-07
7.88462e-07,7.6237e-07,7.33658e-07,7.02951e-07,6.7033e-07,6.35206e-07,6.00383e-07,5.66424e-07,5.35463e-07,5.09154e-07,4.87446e-07
7.69858e-07,7.44527e-07,7.16249e-07,6.86355e-07,6.54292e-07,6.19819e-07,5.8575e-07,5.52538e-07,5.22453e-07,4.96767e-07,4.75349e-07
7.51336e-07,7.26512e-07,6.98872e-07,6.69522e-07,6.38294e-07,6.04531e-07,5.71116e-07,5.38752e-07,5.09558e-07,4.84354e-07,4.63323e-07
7.32118e-07,7.08009e-07,6.809e-07,6.52411e-07,6.21746e-07,5.88635e-07,5.56149e-07,5.24608e-07,4.95956e-07,4.71637e-07,4.5115e-07
7.129e-07,6.89383e-07,6.6298e-07,6.34946e-07,6.05053e-07,5.7274e-07,5.40992e-07,5.10561e-07,4.82457e-07,4.58824e-07,4.39291e-07
6.93596e-07,6.70532e-07,6.44558e-07,6.17678e-07,5.88355e-07,5.56888e-07,5.25898e-07,4.96157e-07,4.69091e-07,4.45868e-07,4.27111e-07
6.73289e-07,6.50885e-07,6.25687e-07,5.99138e-07,5.70869e-07,5.40077e-07,5.10162e-07,4.81288e-07,4.5501e-07,4.32638e-07,4.13853e-07
6.52969e-07,6.31102e-07,6.06616e-07,5.80855e-07,5.53244e-07,5.23239e-07,4.94178e-07,4.66326e-07,4.40719e-07,4.19097e-07,4.00847e-07
6.3274e-07,6.11342e-07,5.87576e-07,5.62736e-07,5.35886e-07,5.06636e-07,4.78459e-07,4.51425e-07,4.26663e-07,4.05728e-07,3.8804e-07
6.11869e-07,5.91219e-07,5.68149e-07,5.43782e-07,5.17935e-07,4.8957e-07,4.62355e-07,4.36256e-07,4.12253e-07,3.92215e-07,3.74191e-07
5.90777e-07,5.7065e-07,5.48146e-07,5.24586e-07,4.99547e-07,4.7217e-07,4.45893e-07,4.20836e-07,3.97614e-07,3.77988e-07,3.6136e-07
5.69634e-07,5.50063e-07,5.28298e-07,5.05591e-07,4.81284e-07,4.54797e-07,4.29508e-07,4.05418e-07,3.82974e-07,3.64015e-07,3.47819e-07
5.48693e-07,5.29719e-07,5.08535e-07,4.86741e-07,4.63641e-07,4.37974e-07,4.13607e-07,3.89817e-07,3.688e-07,3.50396e-07,3.34573e-07
5.27647e-07,5.0883e-07,4.88965e-07,4.67408e-07,4.45128e-07,4.20581e-07,3.97201e-07,3.75471e-07,3.53716e-07,3.36167e-07,3.21272e-07
5.06058e-07,4.88165e-07,4.6846e-07,4.48131e-07,4.26417e-07,4.02698e-07,3.80306e-07,3.59031e-07,3.38983e-07,3.2197e-07,3.07332e-07
4.84924e-07,4.6758e-07,4.48561e-07,4.29028e-07,4.08148e-07,3.85376e-07,3.63967e-07,3.43639e-07,3.24344e-07,3.07984e-07,2.93872e-07
4.64232e-07,4.47283e-07,4.29036e-07,4.10305e-07,3.90302e-07,3.68407e-07,3.47908e-07,3.28394e-07,3.09793e-07,2.94252e-07,2.8077e-07
4.43413e-07,4.27128e-07,4.09437e-07,3.91464e-07,3.72272e-07,3.51349e-07,3.31837e-07,3.13328e-07,2.95555e-07,2.80449e-07,2.67375e-07
4.32529e-07,4.16844e-07,3.98898e-07,3.81202e-07,3.61853e-07,3.41649e-07,3.22847e-07,3.04859e-07,2.87752e-07,2.73254e-07,2.60471e-07
4.03564e-07,3.88293e-07,3.7178e-07,3.55449e-07,3.38267e-07,3.18895e-07,3.01021e-07,2.83726e-07,2.67896e-07,2.54019e-07,2.41927e-07
3.84015e-07,3.6919e-07,3.53383e-07,3.37619e-07,3.20804e-07,3.02593e-07,2.85751e-07,2.69879e-07,2.54205e-07,2.40877e-07,2.2934e-07
3.65499e-07,3.51039e-07,3.35931e-07,3.20628e-07,3.05046e-07,2.87504e-07,2.71486e-07,2.57052e-07,2.41371e-07,2.2857e-07,2.17697e-07
3.47129e-07,3.33213e-07,3.18545e-07,3.04108e-07,2.88761e-07,2.72135e-07,2.57029e-07,2.42659e-07,2.28399e-07,2.16228e-07,2.05616e-07
3.29753e-07,3.16233e-07,3.02088e-07,2.88284e-07,2.73642e-07,2.57814e-07,2.43484e-07,2.29787e-07,2.16258e-07,2.04559e-07,1.94451e-07
3.13353e-07,3.00439e-07,2.86826e-07,2.73112e-07,2.59653e-07,2.44567e-07,2.31193e-07,2.18092e-07,2.04804e-07,1.93658e-07,1.83683e-07
2.97368e-07,2.84605e-07,2.71216e-07,2.58818e-07,2.45407e-07,2.31075e-07,2.18021e-07,2.05598e-07,1.93673e-07,1.82745e-07,1.73737e-07
2.82226e-07,2.69797e-07,2.57056e-07,2.44861e-07,2.32039e-07,2.18296e-07,2.05994e-07,1.94382e-07,1.82602e-07,1.72431e-07,1.63659e-07
2.68203e-07,2.56083e-07,2.43745e-07,2.32004e-07,2.19698e-07,2.06569e-07,1.9487e-07,1.83845e-07,1.72607e-07,1.62897e-07,1.54549e-07
2.55401e-07,2.43648e-07,2.31562e-07,2.20728e-07,2.08662e-07,1.95981e-07,1.84861e-07,1.7436e-07,1.63682e-07,1.54225e-07,1.46032e-07
2.43013e-07,2.31437e-07,2.19817e-07,2.08835e-07,1.97429e-07,1.85389e-07,1.74758e-07,1.64774e-07,1.54551e-07,1.457e-07,1.38137e-07
2.31856e-07,2.20519e-07,2.09214e-07,1.98547e-07,1.87523e-07,1.7596e-07,1.65791e-07,1.56265e-07,1.46506e-07,1.38055e-07,1.30857e-07
2.21661e-07,2.10545e-07,1.99525e-07,1.89129e-07,1.78444e-07,1.67314e-07,1.57562e-07,1.4845e-07,1.39129e-07,1.31057e-07,1.24201e-07
2.12379e-07,2.01463e-07,1.90705e-07,1.80544e-07,1.70159e-07,1.59421e-07,1.5004e-07,1.41304e-07,1.32392e-07,1.24682e-07,1.18152e-07
2.04061e-07,1.93346e-07,1.82809e-07,1.72847e-07,1.62769e-07,1.52361e-07,1.43269e-07,1.3477e-07,1.2635e-07,1.18979e-07,1.12735e-07
1.96514e-07,1.8595e-07,1.7567e-07,1.65863e-07,1.56188e-07,1.45909e-07,1.37171e-07,1.29132e-07,1.20851e-07,1.13812e-07,1.07876e-07
1.89687e-07,1.79299e-07,1.69205e-07,1.59556e-07,1.49868e-07,1.40072e-07,1.3157e-07,1.23731e-07,1.15884e-07,1.09141e-07,1.03455e-07
1.83709e-07,1.73513e-07,1.63498e-07,1.53831e-07,1.44539e-07,1.35037e-07,1.26718e-07,1.19201e-07,1.11576e-07,1.0507e-07,9.98528e-08
1.78266e-07,1.68221e-07,1.58468e-07,1.49053e-07,1.39712e-07,1.30445e-07,1.22295e-07,1.1482e-07,1.07623e-07,1.01429e-07,9.61941e-08
1.73358e-07,1.63466e-07,1.53898e-07,1.44581e-07,1.35341e-07,1.26224e-07,1.18361e-07,1.11131e-07,1.04117e-07,9.81759e-08,9.31302e-08
1.68821e-07,1.59101e-07,1.49656e-07,1.40448e-07,1.31391e-07,1.22448e-07,1.14698e-07,1.07665e-07,1.0091e-07,9.5178e-08,9.03315e-08
1.6474e-07,1.55183e-07,1.45884e-07,1.36772e-07,1.27827e-07,1.19072e-07,1.11468e-07,1.0458e-07,9.8051e-08,9.25182e-08,8.7854e-08
1.61045e-07,1.5166e-07,1.42487e-07,1.33475e-07,1.24679e-07,1.16068e-07,1.08568e-07,1.01752e-07,9.55047e-08,9.01631e-08,8.56409e-08
1.57508e-07,1.48277e-07,1.39255e-07,1.30331e-07,1.21629e-07,1.13182e-07,1.05834e-07,9.92133e-08,9.30834e-08,8.79103e-08,8.35472e-08
1.54196e-07,1.45125e-07,1.36234e-07,1.27411e-07,1.18835e-07,1.10531e-07,1.03298e-07,9.68045e-08,9.08479e-08,8.58392e-08,8.16173e-08
1.5104e-07,1.42135e-07,1.33384e-07,1.24666e-07,1.16207e-07,1.08044e-07,1.00917e-07,9.45956e-08,8.87615e-08,8.38848e-08,7.9798e-08
1.47993e-07,1.39259e-07,1.3063e-07,1.2202e-07,1.13706e-07,1.05669e-07,9.86399e-08,9.23355e-08,8.67542e-08,8.20307e-08,7.80418e-08
1.45015e-07,1.36437e-07,1.27955e-07,1.19451e-07,1.1129e-07,1.03348e-07,9.64466e-08,9.03179e-08,8.48064e-08,8.02161e-08,7.63504e-08
1.42122e-07,1.33708e-07,1.25349e-07,1.16962e-07,1.08884e-07,1.01116e-07,9.431e-08,8.82825e-08,8.29354e-08,7.84581e-08,7.47082e-08
1.39319e-07,1.31055e-07,1.22834e-07,1.14574e-07,1.06605e-07,9.89654e-08,9.22674e-08,8.63543e-08,8.11357e-08,7.67662e-08,7.31214e-08
1.36567e-07,1.2846e-07,1.20366e-07,1.1222e-07,1.0438e-07,9.68701e-08,9.0277e-08,8.44721e-08,7.93726e-08,7.51156e-08,7.15772e-08
1.33879e-07,1.25923e-07,1.17963e-07,1.09935e-07,1.02214e-07,9.48269e-08,8.83349e-08,8.26419e-08,7.7666e-08,7.35102e-08,7.0067e-08
1.3126e-07,1.23445e-07,1.15607e-07,1.07707e-07,1.00096e-07,9.2831e-08,8.64463e-08,8.08566e-08,7.60012e-08,7.1948e-08,6.86036e-08
1.28694e-07,1.21026e-07,1.13324e-07,1.05547e-07,9.80424e-08,9.09042e-08,8.46177e-08,7.91339e-08,7.43908e-08,7.04314e-08,6.71717e-08
1.2618e-07,1.18643e-07,1.11056e-07,1.03403e-07,9.60187e-08,8.89998e-08,8.28156e-08,7.74431e-08,7.28124e-08,6.89373e-08,6.57766e-08
1.23701e-07,1.16306e-07,1.0885e-07,1.01327e-07,9.40498e-08,8.71482e-08,8.10675e-08,7.57938e-08,7.12641e-08,6.74822e-08,6.44015e-08
1.21296e-07,1.14026e-07,1.0668e-07,9.92754e-08,9.21229e-08,8.53497e-08,7.93687e-08,7.41997e-08,6.97473e-08,6.60673e-08,6.30756e-08
1.1889e-07,1.11764e-07,1.04547e-07,9.72561e-08,9.02263e-08,8.35628e-08,7.76807e-08,7.26155e-08,6.82925e-08,6.46636e-08,6.17528e-08
1.16527e-07,1.09525e-07,1.02422e-07,9.52575e-08,8.83481e-08,8.17982e-08,7.60254e-08,7.10556e-08,6.68155e-08,6.32875e-08,6.04555e-08
1.14215e-07,1.07343e-07,1.00359e-07,9.33166e-08,8.65295e-08,8.0094e-08,7.44182e-08,6.95516e-08,6.53959e-08,6.19488e-08,5.91826e-08
1.12137e-07,1.05367e-07,9.84687e-08,9.15111e-08,8.47965e-08,7.84374e-08,7.28602e-08,6.81066e-08,6.40536e-08,6.07066e-08,5.80364e-08
1.0993e-07,1.03262e-07,9.64858e-08,8.96598e-08,8.30442e-08,7.67896e-08,7.13161e-08,6.66623e-08,6.27027e-08,5.94247e-08,5.68151e-08
1.07714e-07,1.01181e-07,9.4505e-08,8.77918e-08,8.12954e-08,7.51786e-08,6.98039e-08,6.52377e-08,6.13543e-08,5.81518e-08,5.56254e-08
1.05291e-07,9.88913e-08,9.23642e-08,8.58121e-08,7.94914e-08,7.35185e-08,6.82583e-08,6.37652e-08,5.99613e-08,5.68003e-08,5.43289e-08
1.03095e-07,9.6823e-08,9.04185e-08,8.39834e-08,7.77931e-08,7.19323e-08,6.6768e-08,6.23745e-08,5.86462e-08,5.5555e-08,5.31378e-08
1.00967e-07,9.4806e-08,8.85195e-08,8.22154e-08,7.61234e-08,7.04207e-08,6.53497e-08,6.09996e-08,5.73856e-08,5.43527e-08,5.19823e-08
9.88381e-08,9.27978e-08,8.66233e-08,8.04345e-08,7.44715e-08,6.88478e-08,6.38836e-08,5.96709e-08,5.61007e-08,5.31397e-08,5.0835e-08
9.67592e-08,9.08258e-08,8.47766e-08,7.87335e-08,7.28666e-08,6.73481e-08,6.24985e-08,5.83641e-08,5.48706e-08,5.19629e-08,4.97349e-08
9.46785e-08,8.88648e-08,8.29105e-08,7.69738e-08,7.12476e-08,6.58602e-08,6.11014e-08,5.70595e-08,5.3629e-08,5.07917e-08,4.86028e-08
9.26121e-08,8.69114e-08,8.10815e-08,7.52491e-08,6.96588e-08,6.43762e-08,5.971e-08,5.57513e-08,5.24135e-08,4.96342e-08,4.75002e-08
9.05921e-08,8.50003e-08,7.92887e-08,7.35954e-08,6.80893e-08,6.29784e-08,5.83987e-08,5.44711e-08,5.12436e-08,4.85159e-08,4.64119e-08
8.85769e-08,8.30985e-08,7.74987e-08,7.19e-08,6.65459e-08,6.14954e-08,5.70294e-08,5.32351e-08,5.00384e-08,4.73807e-08,4.5343e-08
8.65706e-08,8.12048e-08,7.57192e-08,7.02491e-08,6.50094e-08,6.00627e-08,5.56931e-08,5.19934e-08,4.88649e-08,4.62597e-08,4.42741e-08
8.46245e-08,7.93558e-08,7.39965e-08,6.8671e-08,6.35227e-08,5.86831e-08,5.442e-08,5.07893e-08,4.77381e-08,4.51844e-08,4.32357e-08
8.26754e-08,7.75293e-08,7.22676e-08,6.70389e-08,6.20392e-08,5.73109e-08,5.31339e-08,4.95962e-08,4.65911e-08,4.40913e-08,4.22328e-08
8.07722e-08,7.57302e-08,7.06052e-08,6.55154e-08,6.0634e-08,5.60987e-08,5.20009e-08,4.84776e-08,4.55709e-08,4.30841e-08,4.12091e-08
7.8855e-08,7.39121e-08,6.88971e-08,6.38829e-08,5.91804e-08,5.46568e-08,5.06645e-08,4.73041e-08,4.44169e-08,4.20027e-08,4.01766e-08
7.69466e-08,7.21289e-08,6.72184e-08,6.23512e-08,5.77095e-08,5.33041e-08,4.94109e-08,4.61138e-08,4.32966e-08,4.09586e-08,3.91796e-08
7.50838e-08,7.03742e-08,6.55777e-08,6.08306e-08,5.63047e-08,5.20025e-08,4.81943e-08,4.49781e-08,4.22307e-08,3.99396e-08,3.81931e-08
7.32496e-08,6.86458e-08,6.39648e-08,5.93286e-08,5.49061e-08,5.07282e-08,4.70119e-08,4.38593e-08,4.11824e-08,3.89342e-08,3.72293e-08
7.14375e-08,6.6938e-08,6.23569e-08,5.78445e-08,5.3535e-08,4.94569e-08,4.58257e-08,4.27558e-08,4.01336e-08,3.794e-08,3.62709e-08
6.96464e-08,6.52543e-08,6.07981e-08,5.64016e-08,5.21772e-08,4.82451e-08,4.4717e-08,4.16861e-08,3.91401e-08,3.69838e-08,3.53389e-08
6.78663e-08,6.35814e-08,5.92334e-08,5.49487e-08,5.08595e-08,4.69816e-08,4.35294e-08,4.06029e-08,3.81069e-08,3.60084e-08,3.43932e-08
6.61448e-08,6.19611e-08,5.77238e-08,5.35519e-08,4.9571e-08,4.57869e-08,4.24237e-08,3.95687e-08,3.71299e-08,3.50779e-08,3.34963e-08
6.44338e-08,6.03556e-08,5.62245e-08,5.21732e-08,4.82988e-08,4.46021e-08,4.13319e-08,3.85432e-08,3.61587e-08,3.41564e-08,3.25918e-08
6.27446e-08,5.8765e-08,5.47486e-08,5.07983e-08,4.70281e-08,4.34422e-08,4.02479e-08,3.75281e-08,3.52011e-08,3.3223e-08,3.17099e-08
6.11011e-08,5.72213e-08,5.33112e-08,4.947e-08,4.5802e-08,4.23105e-08,3.91908e-08,3.65417e-08,3.42699e-08,3.23404e-08,3.08404e-08
6.00004e-08,5.6175e-08,5.22931e-08,4.8465e-08,4.47969e-08,4.12815e-08,3.82316e-08,3.5696e-08,3.34973e-08,3.16787e-08,3.0248e-08
5.78789e-08,5.41973e-08,5.04988e-08,4.68682e-08,4.33975e-08,4.0093e-08,3.71328e-08,3.46127e-08,3.24428e-08,3.05908e-08,2.91492e-08
5.63298e-08,5.27425e-08,4.91462e-08,4.56213e-08,4.2249e-08,3.90267e-08,3.61392e-08,3.36894e-08,3.15724e-08,2.97646e-08,2.83365e-08
5.47984e-08,5.13043e-08,4.78102e-08,4.43878e-08,4.11298e-08,3.79749e-08,3.51586e-08,3.27772e-08,3.07112e-08,2.89353e-08,2.75368e-08
5.33052e-08,4.99039e-08,4.65094e-08,4.31815e-08,3.99919e-08,3.69366e-08,3.42019e-08,3.18713e-08,2.9857e-08,2.81289e-08,2.67569e-08
5.18451e-08,4.85409e-08,4.52444e-08,4.2006e-08,3.89106e-08,3.5947e-08,3.32692e-08,3.10014e-08,2.90363e-08,2.73537e-08,2.59764e-08
5.04247e-08,4.72078e-08,4.39962e-08,4.08803e-08,3.78506e-08,3.49439e-08,3.23553e-08,3.01501e-08,2.82304e-08,2.65761e-08,2.52417e-08
4.90356e-08,4.59045e-08,4.27886e-08,3.97411e-08,3.68097e-08,3.39908e-08,3.14516e-08,2.93011e-08,2.74399e-08,2.58218e-08,2.45044e-08
4.76856e-08,4.46371e-08,4.16135e-08,3.86528e-08,3.5801e-08,3.30535e-08,3.05938e-08,2.84921e-08,2.6668e-08,2.50884e-08,2.37991e-08
4.63607e-08,4.33996e-08,4.04588e-08,3.75855e-08,3.48113e-08,3.21372e-08,2.97305e-08,2.769e-08,2.59161e-08,2.43716e-08,2.30908e-08
4.50898e-08,4.22076e-08,3.93534e-08,3.65597e-08,3.3862e-08,3.12558e-08,2.89228e-08,2.69245e-08,2.51933e-08,2.36851e-08,2.24282e-08
4.38593e-08,4.10532e-08,3.82812e-08,3.55645e-08,3.29364e-08,3.04007e-08,2.81111e-08,2.61769e-08,2.44875e-08,2.30054e-08,2.17695e-08
4.2665e-08,3.99371e-08,3.72441e-08,3.4602e-08,3.20435e-08,2.95731e-08,2.73405e-08,2.54544e-08,2.38071e-08,2.23701e-08,2.11387e-08
4.15119e-08,3.88564e-08,3.62375e-08,3.367e-08,3.11762e-08,2.87587e-08,2.65798e-08,2.47503e-08,2.3146e-08,2.17543e-08,2.05283e-08
4.03721e-08,3.77865e-08,3.52422e-08,3.2743e-08,3.03134e-08,2.79556e-08,2.58344e-08,2.40498e-08,2.24882e-08,2.11013e-08,1.99197e-08
3.92906e-08,3.67777e-08,3.42974e-08,3.18849e-08,2.95007e-08,2.71879e-08,2.51244e-08,2.339e-08,2.1868e-08,2.05269e-08,1.93466e-08
3.82415e-08,3.57924e-08,3.3385e-08,3.10135e-08,2.86994e-08,2.64503e-08,2.443e-08,2.27359e-08,2.12551e-08,1.99489e-08,1.87873e-08
3.7239e-08,3.48556e-08,3.25104e-08,3.01991e-08,2.79387e-08,2.57409e-08,2.37674e-08,2.21164e-08,2.06734e-08,1.94013e-08,1.82544e-08
3.62802e-08,3.3956e-08,3.16732e-08,2.94176e-08,2.72069e-08,2.50612e-08,2.31363e-08,2.15219e-08,2.01166e-08,1.88759e-08,1.77436e-08
3.53601e-08,3.30929e-08,3.08668e-08,2.86637e-08,2.65029e-08,2.43968e-08,2.25118e-08,2.09449e-08,1.95749e-08,1.83613e-08,1.725e-08
3.44707e-08,3.22607e-08,3.009e-08,2.79384e-08,2.58216e-08,2.37607e-08,2.19183e-08,2.03943e-08,1.9058e-08,1.78781e-08,1.67759e-08
3.36134e-08,3.14584e-08,2.93379e-08,2.72333e-08,2.51604e-08,2.31394e-08,2.13395e-08,1.98477e-08,1.85499e-08,1.74156e-08,1.63184e-08
3.27955e-08,3.0691e-08,2.86173e-08,2.65581e-08,2.45261e-08,2.2545e-08,2.07833e-08,1.9329e-08,1.80666e-08,1.69454e-08,1.58746e-08
3.20303e-08,2.99703e-08,2.79486e-08,2.59282e-08,2.39297e-08,2.19872e-08,2.02655e-08,1.88428e-08,1.76125e-08,1.65159e-08,1.54672e-08
3.12826e-08,2.92707e-08,2.72866e-08,2.53082e-08,2.33477e-08,2.14386e-08,1.97478e-08,1.83595e-08,1.71678e-08,1.61004e-08,1.50647e-08
3.05582e-08,2.85915e-08,2.66506e-08,2.47077e-08,2.27806e-08,2.09043e-08,1.92489e-08,1.78984e-08,1.67326e-08,1.56966e-08,1.4678e-08
2.9887e-08,2.79598e-08,2.60579e-08,2.41516e-08,2.22544e-08,2.04094e-08,1.87847e-08,1.74671e-08,1.63321e-08,1.53212e-08,1.43215e-08
2.92438e-08,2.73572e-08,2.54925e-08,2.36142e-08,2.17465e-08,1.99313e-08,1.83395e-08,1.70514e-08,1.5944e-08,1.49585e-08,1.39723e-08
2.86203e-08,2.67703e-08,2.49383e-08,2.30926e-08,2.12515e-08,1.94641e-08,1.79015e-08,1.66424e-08,1.55667e-08,1.46138e-08,1.36388e-08
2.80208e-08,2.62063e-08,2.44063e-08,2.25888e-08,2.07756e-08,1.90154e-08,1.74819e-08,1.62518e-08,1.52033e-08,1.427e-08,1.33166e-08
2.74668e-08,2.56828e-08,2.39142e-08,2.21232e-08,2.03326e-08,1.86005e-08,1.70936e-08,1.58885e-08,1.48685e-08,1.39573e-08,1.30192e-08
2.69211e-08,2.51721e-08,2.34292e-08,2.16638e-08,1.98983e-08,1.81902e-08,1.67079e-08,1.55294e-08,1.45353e-08,1.36499e-08,1.27295e-08
2.64006e-08,2.46793e-08,2.29657e-08,2.12223e-08,1.94774e-08,1.77928e-08,1.63392e-08,1.51865e-08,1.42161e-08,1.33541e-08,1.24512e-08
2.59207e-08,2.42238e-08,2.25387e-08,2.08169e-08,1.90913e-08,1.74299e-08,1.59975e-08,1.48708e-08,1.39226e-08,1.30812e-08,1.2199e-08
2.54371e-08,2.37709e-08,2.21078e-08,2.04069e-08,1.87013e-08,1.7064e-08,1.56584e-08,1.45508e-08,1.36266e-08,1.28093e-08,1.19394e-08
2.49831e-08,2.33426e-08,2.17024e-08,2.00218e-08,1.83356e-08,1.67197e-08,1.5337e-08,1.42515e-08,1.33497e-08,1.25528e-08,1.16994e-08
2.45513e-08,2.2937e-08,2.13175e-08,1.9657e-08,1.79898e-08,1.63907e-08,1.50309e-08,1.39681e-08,1.30891e-08,1.23098e-08,1.14733e-08
2.41327e-08,2.25422e-08,2.0941e-08,1.93003e-08,1.76531e-08,1.60741e-08,1.47392e-08,1.36945e-08,1.28334e-08,1.20766e-08,1.12523e-08
2.37239e-08,2.21558e-08,2.05746e-08,1.89548e-08,1.73294e-08,1.57681e-08,1.44494e-08,1.34283e-08,1.2589e-08,1.18449e-08,1.10397e-08
2.33249e-08,2.17783e-08,2.0219e-08,1.86162e-08,1.70063e-08,1.54667e-08,1.41703e-08,1.31667e-08,1.23449e-08,1.1622e-08,1.08326e-08
2.29387e-08,2.14136e-08,1.9875e-08,1.82883e-08,1.66963e-08,1.51778e-08,1.39007e-08,1.29167e-08,1.21133e-08,1.14078e-08,1.06327e-08
2.25669e-08,2.10623e-08,1.95422e-08,1.79739e-08,1.64e-08,1.48992e-08,1.3642e-08,1.26749e-08,1.18898e-08,1.1198e-08,1.04402e-08
2.22089e-08,2.07234e-08,1.92231e-08,1.76711e-08,1.61148e-08,1.46348e-08,1.33955e-08,1.24469e-08,1.16757e-08,1.09984e-08,1.02563e-08
2.18539e-08,2.03873e-08,1.89048e-08,1.7372e-08,1.58339e-08,1.43713e-08,1.31522e-08,1.22187e-08,1.14657e-08,1.08037e-08,1.00758e-08
2.15012e-08,2.00559e-08,1.85925e-08,1.70774e-08,1.55562e-08,1.41128e-08,1.29124e-08,1.19965e-08,1.12584e-08,1.06125e-08,9.89553e-09
2.11629e-08,1.97342e-08,1.82908e-08,1.67915e-08,1.5289e-08,1.38651e-08,1.26827e-08,1.17827e-08,1.10595e-08,1.04222e-08,9.72227e-09
2.08238e-08,1.9417e-08,1.79887e-08,1.65097e-08,1.50284e-08,1.36217e-08,1.24576e-08,1.15728e-08,1.08639e-08,1.02397e-08,9.55173e-09
2.04906e-08,1.91026e-08,1.76934e-08,1.62319e-08,1.47685e-08,1.33814e-08,1.22353e-08,1.13661e-08,1.06694e-08,1.00589e-08,9.38401e-09
2.01692e-08,1.87964e-08,1.74072e-08,1.59637e-08,1.45195e-08,1.31503e-08,1.20208e-08,1.11671e-08,1.04838e-08,9.88319e-09,9.22163e-09
1.98446e-08,1.84939e-08,1.71222e-08,1.56964e-08,1.42695e-08,1.2924e-08,1.18112e-08,1.09693e-08,1.02971e-08,9.71141e-09,9.06036e-09
1.95267e-08,1.81947e-08,1.68417e-08,1.54337e-08,1.4026e-08,1.26981e-08,1.16042e-08,1.0777e-08,1.01155e-08,9.54267e-09,8.90181e-09
1.92161e-08,1.78999e-08,1.65659e-08,1.51769e-08,1.37899e-08,1.24769e-08,1.14003e-08,1.05883e-08,9.94082e-09,9.37348e-09,8.74549e-09
1.89048e-08,1.7609e-08,1.62918e-08,1.49217e-08,1.35525e-08,1.2259e-08,1.12004e-08,1.0402e-08,9.76476e-09,9.2098e-09,8.59126e-09
1.85956e-08,1.7317e-08,1.60191e-08,1.46673e-08,1.33185e-08,1.20435e-08,1.10009e-08,1.02166e-08,9.59048e-09,9.04501e-09,8.43801e-09
1.82926e-08,1.70325e-08,1.57518e-08,1.44195e-08,1.30907e-08,1.18331e-08,1.08069e-08,1.00369e-08,9.42237e-09,8.88449e-09,8.28906e-09
1.79938e-08,1.67524e-08,1.54898e-08,1.41758e-08,1.28656e-08,1.16257e-08,1.06164e-08,9.85917e-09,9.25423e-09,8.7274e-09,8.14304e-09
1.77008e-08,1.6477e-08,1.5233e-08,1.39368e-08,1.26449e-08,1.14231e-08,1.043e-08,9.68573e-09,9.09133e-09,8.57327e-09,7.99852e-09
1.74058e-08,1.61992e-08,1.49745e-08,1.36971e-08,1.24244e-08,1.12207e-08,1.02436e-08,9.51265e-09,8.92802e-09,8.41879e-09,7.85287e-09
1.71194e-08,1.59305e-08,1.47237e-08,1.34651e-08,1.22098e-08,1.10242e-08,1.0062e-08,9.34361e-09,8.76963e-09,8.26846e-09,7.71325e-09
1.68316e-08,1.56602e-08,1.44717e-08,1.32316e-08,1.19959e-08,1.08269e-08,9.88113e-09,9.17577e-09,8.61136e-09,8.11941e-09,7.5724e-09
1.65508e-08,1.53975e-08,1.42268e-08,1.3005e-08,1.17876e-08,1.06358e-08,9.70523e-09,9.01266e-09,8.4577e-09,7.97516e-09,7.43599e-09
1.62731e-08,1.51362e-08,1.39838e-08,1.27807e-08,1.15808e-08,1.0446e-08,9.53108e-09,8.85052e-09,8.30526e-09,7.82937e-09,7.30027e-09
1.59993e-08,1.48796e-08,1.37453e-08,1.25603e-08,1.13792e-08,1.02604e-08,9.35999e-09,8.69233e-09,8.15718e-09,7.68839e-09,7.16735e-09
1.57276e-08,1.46254e-08,1.35088e-08,1.23421e-08,1.11788e-08,1.00766e-08,9.19147e-09,8.53543e-09,8.00871e-09,7.54856e-09,7.03565e-09
1.54592e-08,1.43741e-08,1.32756e-08,1.21268e-08,1.09807e-08,9.89509e-09,9.0243e-09,8.3802e-09,7.86343e-09,7.41026e-09,6.90527e-09
1.51961e-08,1.41279e-08,1.30481e-08,1.19164e-08,1.07871e-08,9.71897e-09,8.86247e-09,8.22933e-09,7.72078e-09,7.27544e-09,6.77804e-09
1.49321e-08,1.38808e-08,1.28179e-08,1.17049e-08,1.05937e-08,9.53974e-09,8.69777e-09,8.07762e-09,7.57851e-09,7.14037e-09,6.65094e-09
1.46742e-08,1.36396e-08,1.25943e-08,1.14989e-08,1.04048e-08,9.36638e-09,8.5386e-09,7.93001e-09,7.43963e-09,7.00836e-09,6.52659e-09
1.44204e-08,1.34026e-08,1.23744e-08,1.12969e-08,1.022e-08,9.19656e-09,8.38248e-09,7.78533e-09,7.30311e-09,6.87962e-09,6.40465e-09
1.41681e-08,1.31669e-08,1.21565e-08,1.10958e-08,1.00351e-08,9.02706e-09,8.22636e-09,7.64101e-09,7.16831e-09,6.75073e-09,6.28324e-09
1.39217e-08,1.29366e-08,1.19433e-08,1.09004e-08,9.85715e-09,8.8634e-09,8.07619e-09,7.50215e-09,7.03876e-09,6.62623e-09,6.16494e-09
1.36757e-08,1.2707e-08,1.17309e-08,1.07049e-08,9.67648e-09,8.69773e-09,7.92392e-09,7.36087e-09,6.9051e-09,6.50068e-09,6.04668e-09
1.34356e-08,1.24826e-08,1.15231e-08,1.05143e-08,9.50241e-09,8.53755e-09,7.77622e-09,7.22461e-09,6.77744e-09,6.37903e-09,5.93167e-09
1.31974e-08,1.22607e-08,1.13181e-08,1.03258e-08,9.32914e-09,8.37871e-09,7.63066e-09,7.08987e-09,6.65063e-09,6.25861e-09,5.8177e-09
1.29627e-08,1.20419e-08,1.11158e-08,1.01401e-08,9.15898e-09,8.22233e-09,7.48671e-09,6.95658e-09,6.52582e-09,6.14003e-09,5.70533e-09
1.27324e-08,1.18272e-08,1.09176e-08,9.95881e-09,8.99284e-09,8.06922e-09,7.34596e-09,6.82691e-09,6.40489e-09,6.02424e-09,5.59557e-09
1.2505e-08,1.16152e-08,1.07216e-08,9.77882e-09,8.82763e-09,7.91765e-09,7.2062e-09,6.69767e-09,6.28334e-09,5.90935e-09,5.48628e-09
1.22806e-08,1.14059e-08,1.05287e-08,9.60131e-09,8.66505e-09,7.7683e-09,7.06892e-09,6.57056e-09,6.1644e-09,5.79612e-09,5.37903e-09
1.20609e-08,1.12012e-08,1.03398e-08,9.42878e-09,8.507e-09,7.62304e-09,6.93493e-09,6.44762e-09,6.04877e-09,5.68594e-09,5.2745e-09
1.18432e-08,1.09985e-08,1.01526e-08,9.25698e-09,8.34881e-09,7.47729e-09,6.80071e-09,6.32341e-09,5.93306e-09,5.57616e-09,5.17057e-09
1.16304e-08,1.08007e-08,9.97005e-09,9.09026e-09,8.19608e-09,7.33606e-09,6.67091e-09,6.20415e-09,5.8228e-09,5.46949e-09,5.06952e-09
1.14211e-08,1.06054e-08,9.7903e-09,8.92505e-09,8.04396e-09,7.19694e-09,6.54241e-09,6.08482e-09,5.71009e-09,5.36407e-09,4.96893e-09
1.12146e-08,1.04133e-08,9.61279e-09,8.76233e-09,7.89522e-09,7.05954e-09,6.41592e-09,5.96843e-09,5.60134e-09,5.26053e-09,4.87087e-09
1.10118e-08,1.02245e-08,9.43816e-09,8.60104e-09,7.74436e-09,6.9198e-09,6.28601e-09,5.84936e-09,5.49007e-09,5.15789e-09,4.77416e-09
1.08142e-08,1.00403e-08,9.26897e-09,8.44752e-09,7.60616e-09,6.79304e-09,6.17032e-09,5.74223e-09,5.39029e-09,5.05924e-09,4.67958e-09
1.06181e-08,9.85852e-09,9.10018e-09,8.2918e-09,7.4609e-09,6.65746e-09,6.04445e-09,5.62752e-09,5.28511e-09,4.96024e-09,4.58661e-09
1.04268e-08,9.68039e-09,8.93679e-09,8.14393e-09,7.32678e-09,6.53559e-09,5.9325e-09,5.52358e-09,5.18618e-09,4.86501e-09,4.49537e-09
1.02389e-08,9.50543e-09,8.77468e-09,7.9935e-09,7.18589e-09,6.40449e-09,5.81086e-09,5.41221e-09,5.0814e-09,4.76954e-09,4.4057e-09
1.00545e-08,9.33435e-09,8.61739e-09,7.8513e-09,7.0584e-09,6.28809e-09,5.70353e-09,5.31266e-09,4.99016e-09,4.6779e-09,4.31784e-09
9.87438e-09,9.16643e-09,8.46269e-09,7.70939e-09,6.92775e-09,6.16694e-09,5.59179e-09,5.21019e-09,4.89486e-09,4.58737e-09,4.23131e-09
9.69779e-09,9.00272e-09,8.31153e-09,7.57208e-09,6.80171e-09,6.04947e-09,5.48383e-09,5.11192e-09,4.80611e-09,4.49898e-09,4.14819e-09
9.52471e-09,8.84113e-09,8.16262e-09,7.43455e-09,6.6749e-09,5.93321e-09,5.37586e-09,5.0114e-09,4.71048e-09,4.41151e-09,4.06483e-09
9.35529e-09,8.68361e-09,8.01693e-09,7.30184e-09,6.55297e-09,5.82067e-09,5.27237e-09,4.9169e-09,4.62131e-09,4.32665e-09,3.9841e-09
9.18999e-09,8.53016e-09,7.87512e-09,7.17117e-09,6.43252e-09,5.70944e-09,5.16853e-09,4.82107e-09,4.53388e-09,4.2433e-09,3.90515e-09
9.02877e-09,8.37956e-09,7.73604e-09,7.04413e-09,6.31535e-09,5.60081e-09,5.06838e-09,4.72878e-09,4.44843e-09,4.16173e-09,3.82779e-09
8.87015e-09,8.23262e-09,7.60037e-09,6.92151e-09,6.2029e-09,5.49493e-09,4.97098e-09,4.64067e-09,4.37012e-09,4.0827e-09,3.75274e-09
8.71544e-09,8.08852e-09,7.46664e-09,6.79782e-09,6.08848e-09,5.39039e-09,4.87335e-09,4.5497e-09,4.28289e-09,4.0043e-09,3.67819e-09
8.56506e-09,7.94823e-09,7.33728e-09,6.67918e-09,5.97968e-09,5.28981e-09,4.78117e-09,4.46603e-09,4.2034e-09,3.92813e-09,3.60604e-09
8.41753e-09,7.81084e-09,7.21013e-09,6.56272e-09,5.87238e-09,5.19084e-09,4.68756e-09,4.37963e-09,4.12516e-09,3.85369e-09,3.53556e-09
8.2746e-09,7.67767e-09,7.08668e-09,6.44967e-09,5.76744e-09,5.09304e-09,4.59733e-09,4.29696e-09,4.04904e-09,3.78125e-09,3.46684e-09
8.13463e-09,7.54759e-09,6.96629e-09,6.34077e-09,5.66862e-09,4.99941e-09,4.51199e-09,4.21961e-09,3.98146e-09,3.71115e-09,3.40001e-09
7.99901e-09,7.42103e-09,6.84911e-09,6.23051e-09,5.56632e-09,4.90699e-09,4.4253e-09,4.13912e-09,3.90247e-09,3.64142e-09,3.33414e-09
7.86485e-09,7.29599e-09,6.73286e-09,6.12512e-09,5.46833e-09,4.81557e-09,4.34004e-09,4.06062e-09,3.83114e-09,3.57382e-09,3.2706e-09
7.73655e-09,7.17639e-09,6.62235e-09,6.02436e-09,5.37794e-09,4.73422e-09,4.26402e-09,3.98912e-09,3.76426e-09,3.50911e-09,3.20892e-09
7.61044e-09,7.05808e-09,6.51249e-09,5.92302e-09,5.28168e-09,4.64259e-09,4.17947e-09,3.91298e-09,3.69546e-09,3.44494e-09,3.14842e-09
7.48761e-09,6.94495e-09,6.40686e-09,5.82762e-09,5.19507e-09,4.5598e-09,4.10403e-09,3.8462e-09,3.63837e-09,3.38281e-09,3.08932e-09
7.36873e-09,6.83267e-09,6.3025e-09,5.73031e-09,5.10432e-09,4.47758e-09,4.02631e-09,3.77285e-09,3.56612e-09,3.32171e-09,3.03217e-09
7.25332e-09,6.72566e-09,6.20298e-09,5.63931e-09,5.01965e-09,4.3994e-09,3.95329e-09,3.70645e-09,3.50474e-09,3.26315e-09,2.97668e-09
7.14137e-09,6.62037e-09,6.10544e-09,5.55e-09,4.94083e-09,4.33062e-09,3.88802e-09,3.64322e-09,3.44655e-09,3.20617e-09,2.9233e-09
7.03137e-09,6.51754e-09,6.00941e-09,5.45985e-09,4.85526e-09,4.24733e-09,3.81264e-09,3.57659e-09,3.3857e-09,3.14938e-09,2.86975e-09
6.92451e-09,6.41688e-09,5.91384e-09,5.37008e-09,4.76472e-09,4.15748e-09,3.72798e-09,3.50215e-09,3.32215e-09,3.09326e-09,2.8185e-09
6.82155e-09,6.32114e-09,5.82644e-09,5.29341e-09,4.70168e-09,4.10552e-09,3.68282e-09,3.45862e-09,3.27368e-09,3.04302e-09,2.76969e-09
6.72035e-09,6.22569e-09,5.73497e-09,5.20359e-09,4.60897e-09,4.01639e-09,3.59502e-09,3.37766e-09,3.20177e-09,2.98832e-09,2.72074e-09
6.62443e-09,6.13685e-09,5.65427e-09,5.13557e-09,4.55886e-09,3.97651e-09,3.55971e-09,3.34125e-09,3.16888e-09,2.94262e-09,2.67443e-09
6.52955e-09,6.04746e-09,5.57068e-09,5.05783e-09,4.4837e-09,3.9046e-09,3.4941e-09,3.28391e-09,3.11657e-09,2.89355e-09,2.62953e-09
6.43802e-09,5.96229e-09,5.49085e-09,4.98694e-09,4.42064e-09,3.84265e-09,3.4391e-09,3.2355e-09,3.07872e-09,2.84775e-09,2.58602e-09
6.34869e-09,5.87795e-09,5.41215e-09,4.91324e-09,4.35149e-09,3.78223e-09,3.38343e-09,3.1831e-09,3.02008e-09,2.80192e-09,2.54302e-09
6.26194e-09,5.79668e-09,5.3358e-09,4.84126e-09,4.28521e-09,3.72075e-09,3.32424e-09,3.12675e-09,2.97299e-09,2.75715e-09,2.50165e-09
6.1779e-09,5.7179e-09,5.26303e-09,4.77582e-09,4.22937e-09,3.67452e-09,3.27816e-09,3.08184e-09,2.93022e-09,2.71473e-09,2.46202e-09
6.09652e-09,5.64098e-09,5.19057e-09,4.70826e-09,4.16225e-09,3.60861e-09,3.2202e-09,3.03142e-09,2.88447e-09,2.67262e-09,2.42279e-09
6.01757e-09,5.56791e-09,5.12168e-09,4.64833e-09,4.10963e-09,3.55703e-09,3.17598e-09,2.99321e-09,2.85526e-09,2.63377e-09,2.38546e-09
5.93933e-09,5.4935e-09,5.05218e-09,4.58103e-09,4.04622e-09,3.50161e-09,3.12144e-09,2.94016e-09,2.80021e-09,2.5929e-09,2.34819e-09
5.86452e-09,5.42363e-09,4.98611e-09,4.52084e-09,3.99139e-09,3.45169e-09,3.07529e-09,2.8974e-09,2.76069e-09,2.555e-09,2.31292e-09
5.79224e-09,5.35539e-09,4.92308e-09,4.46347e-09,3.94321e-09,3.4114e-09,3.03617e-09,2.85747e-09,2.72412e-09,2.51908e-09,2.27872e-09
5.72104e-09,5.28851e-09,4.85973e-09,4.40423e-09,3.88501e-09,3.35444e-09,2.98585e-09,2.81443e-09,2.68402e-09,2.48199e-09,2.24529e-09
5.65241e-09,5.22525e-09,4.80045e-09,4.35386e-09,3.84228e-09,3.3139e-09,2.95344e-09,2.78398e-09,2.66412e-09,2.44951e-09,2.21264e-09
5.58455e-09,5.16027e-09,4.73989e-09,4.29543e-09,3.78648e-09,3.26653e-09,2.90572e-09,2.73801e-09,2.6138e-09,2.4142e-09,2.18189e-09
5.51835e-09,5.09812e-09,4.68145e-09,4.24166e-09,3.7381e-09,3.22222e-09,2.86562e-09,2.70036e-09,2.57906e-09,2.38071e-09,2.15078e-09
5.45492e-09,5.0385e-09,4.62589e-09,4.19159e-09,3.69765e-09,3.19015e-09,2.83395e-09,2.66707e-09,2.54809e-09,2.34962e-09,2.12135e-09
5.392e-09,4.97856e-09,4.56961e-09,4.13876e-09,3.64408e-09,3.13601e-09,2.78534e-09,2.62845e-09,2.51071e-09,2.31713e-09,2.0919e-09
5.3314e-09,4.92236e-09,4.51744e-09,4.0957e-09,3.60878e-09,3.10098e-09,2.75885e-09,2.60852e-09,2.49544e-09,2.28937e-09,2.06436e-09
5.27092e-09,4.86508e-09,4.46319e-09,4.04127e-09,3.55634e-09,3.05703e-09,2.71343e-09,2.56111e-09,2.44806e-09,2.25717e-09,2.03581e-09
5.2122e-09,4.80986e-09,4.4118e-09,3.99453e-09,3.51376e-09,3.01949e-09,2.6789e-09,2.52919e-09,2.41766e-09,2.22838e-09,2.00948e-09
5.15451e-09,4.75609e-09,4.36131e-09,3.94821e-09,3.47204e-09,2.98259e-09,2.64453e-09,2.49757e-09,2.38818e-09,2.20054e-09,1.98429e-09
5.09837e-09,4.70329e-09,4.31205e-09,3.90354e-09,3.43201e-09,2.94694e-09,2.61232e-09,2.46707e-09,2.35935e-09,2.17292e-09,1.95758e-09
5.0443e-09,4.65293e-09,4.26546e-09,3.86442e-09,3.39929e-09,2.91428e-09,2.58558e-09,2.44535e-09,2.34774e-09,2.14772e-09,1.93335e-09
4.98907e-09,4.60068e-09,4.21616e-09,3.81634e-09,3.35386e-09,2.87762e-09,2.54935e-09,2.408e-09,2.30342e-09,2.11959e-09,1.90822e-09
4.93727e-09,4.55023e-09,4.16694e-09,3.76297e-09,3.29253e-09,2.81774e-09,2.49032e-09,2.35588e-09,2.25088e-09,2.0902e-09,1.88317e-09
4.88484e-09,4.50298e-09,4.12536e-09,3.7339e-09,3.28068e-09,2.81295e-09,2.49165e-09,2.35287e-09,2.25071e-09,2.06976e-09,1.86148e-09
4.83209e-09,4.45323e-09,4.07954e-09,3.6919e-09,3.24312e-09,2.77981e-09,2.46083e-09,2.32492e-09,2.22458e-09,2.04429e-09,1.83798e-09
4.78271e-09,4.40731e-09,4.03701e-09,3.65678e-09,3.21471e-09,2.75076e-09,2.43782e-09,2.30649e-09,2.21626e-09,2.02163e-09,1.81609e-09
4.73266e-09,4.36024e-09,3.99357e-09,3.61419e-09,3.17562e-09,2.72246e-09,2.40763e-09,2.27503e-09,2.1757e-09,1.99679e-09,1.79371e-09
4.68445e-09,4.31442e-09,3.95101e-09,3.57529e-09,3.13981e-09,2.68914e-09,2.37917e-09,2.24797e-09,2.15071e-09,1.9733e-09,1.77199e-09
4.63472e-09,4.26801e-09,3.90848e-09,3.53682e-09,3.10585e-09,2.6592e-09,2.35207e-09,2.22274e-09,2.12657e-09,1.95068e-09,1.75041e-09
4.58815e-09,4.22516e-09,3.8674e-09,3.50131e-09,3.0744e-09,2.63176e-09,2.32758e-09,2.1994e-09,2.10381e-09,1.92875e-09,1.7308e-09
4.54065e-09,4.18088e-09,3.8281e-09,3.46774e-09,3.04768e-09,2.60431e-09,2.30587e-09,2.18263e-09,2.09705e-09,1.90745e-09,1.70991e-09
4.49276e-09,4.13545e-09,3.78565e-09,3.42577e-09,3.00805e-09,2.57372e-09,2.27536e-09,2.15029e-09,2.05694e-09,1.88406e-09,1.68879e-09
4.44685e-09,4.09272e-09,3.74619e-09,3.39034e-09,2.97656e-09,2.54608e-09,2.25076e-09,2.1272e-09,2.03453e-09,1.86293e-09,1.66879e-09
4.40125e-09,4.04994e-09,3.70711e-09,3.35488e-09,2.9454e-09,2.51925e-09,2.22685e-09,2.10448e-09,2.01219e-09,1.8417e-09,1.64996e-09
4.35587e-09,4.00763e-09,3.66852e-09,3.31997e-09,2.91432e-09,2.49218e-09,2.20217e-09,2.08107e-09,1.99019e-09,1.82036e-09,1.62914e-09
4.3128e-09,3.96804e-09,3.63228e-09,3.29079e-09,2.89145e-09,2.46884e-09,2.18421e-09,2.0674e-09,1.98624e-09,1.80158e-09,1.61129e-09
