4.0311e-06,3.89723e-06,3.76586e-06,3.60864e-06,3.45399e-06,3.32076e-06,3.19276e-06,3.05717e-06,2.93195e-06,2.79355e-06,2.68219e-06
3.75539e-06,3.60204e-06,3.47823e-06,3.35159e-06,3.20072e-06,3.08108e-06,2.94836e-06,2.83417e-06,2.70786e-06,2.59163e-06,2.48274e-06
3.47822e-06,3.34194e-06,3.24513e-06,3.12607e-06,2.98665e-06,2.86404e-06,2.75733e-06,2.63707e-06,2.52393e-06,2.4125e-06,2.30022e-06
3.24228e-06,3.11537e-06,3.0161e-06,2.90689e-06,2.78293e-06,2.67098e-06,2.5626e-06,2.45327e-06,2.34535e-06,2.24496e-06,2.13835e-06
3.04183e-06,2.92243e-06,2.8308e-06,2.72952e-06,2.61501e-06,2.50792e-06,2.40916e-06,2.29897e-06,2.19946e-06,2.10549e-06,2.00178e-06
2.87882e-06,2.75417e-06,2.66666e-06,2.57362e-06,2.46722e-06,2.36961e-06,2.27746e-06,2.16854e-06,2.07501e-06,1.98566e-06,1.88389e-06
2.70981e-06,2.60199e-06,2.52017e-06,2.43056e-06,2.33128e-06,2.23497e-06,2.15163e-06,2.04011e-06,1.9548e-06,1.87011e-06,1.77199e-06
2.57061e-06,2.46648e-06,2.3889e-06,2.30329e-06,2.21099e-06,2.1196e-06,2.04074e-06,1.93126e-06,1.85033e-06,1.76921e-06,1.67412e-06
2.44455e-06,2.34385e-06,2.27056e-06,2.18818e-06,2.10242e-06,2.01529e-06,1.93875e-06,1.83334e-06,1.75511e-06,1.67706e-06,1.58556e-06
2.33016e-06,2.23239e-06,2.16321e-06,2.08415e-06,2.00485e-06,1.92204e-06,1.84537e-06,1.74505e-06,1.6685e-06,1.59315e-06,1.50631e-06
2.22356e-06,2.13193e-06,2.06642e-06,1.98874e-06,1.91405e-06,1.83424e-06,1.75809e-06,1.66421e-06,1.58891e-06,1.51552e-06,1.43278e-06
2.12534e-06,2.04045e-06,1.9775e-06,1.90319e-06,1.83336e-06,1.75335e-06,1.6792e-06,1.59136e-06,1.51624e-06,1.44516e-06,1.36724e-06
2.03527e-06,1.95533e-06,1.89517e-06,1.82142e-06,1.75462e-06,1.68116e-06,1.60468e-06,1.52218e-06,1.44908e-06,1.37938e-06,1.3062e-06
1.95106e-06,1.87771e-06,1.81971e-06,1.74729e-06,1.68407e-06,1.61296e-06,1.53749e-06,1.45988e-06,1.38778e-06,1.31961e-06,1.2503e-06
1.873e-06,1.80479e-06,1.74892e-06,1.67849e-06,1.61776e-06,1.54938e-06,1.47478e-06,1.40092e-06,1.33073e-06,1.26437e-06,1.19854e-06
1.80224e-06,1.73632e-06,1.68513e-06,1.6156e-06,1.5566e-06,1.49177e-06,1.41726e-06,1.34751e-06,1.27914e-06,1.21426e-06,1.15089e-06
1.73117e-06,1.67421e-06,1.62555e-06,1.55643e-06,1.49855e-06,1.43627e-06,1.36658e-06,1.29729e-06,1.23101e-06,1.16746e-06,1.10753e-06
1.6697e-06,1.61391e-06,1.56435e-06,1.50057e-06,1.44429e-06,1.38253e-06,1.31399e-06,1.2488e-06,1.18404e-06,1.1222e-06,1.06345e-06
1.61047e-06,1.5581e-06,1.511e-06,1.449e-06,1.39413e-06,1.3342e-06,1.26803e-06,1.20607e-06,1.14173e-06,1.08165e-06,1.02429e-06
1.55563e-06,1.50492e-06,1.46005e-06,1.40116e-06,1.34709e-06,1.289e-06,1.22482e-06,1.16496e-06,1.10248e-06,1.04326e-06,9.87362e-07
1.50249e-06,1.45483e-06,1.41157e-06,1.3538e-06,1.30146e-06,1.24477e-06,1.18307e-06,1.12601e-06,1.06429e-06,1.00724e-06,9.51863e-07
1.45304e-06,1.40689e-06,1.36627e-06,1.31026e-06,1.25893e-06,1.20311e-06,1.14443e-06,1.08906e-06,1.02947e-06,9.72865e-07,9.18217e-07
1.40706e-06,1.36019e-06,1.32287e-06,1.26813e-06,1.21819e-06,1.1635e-06,1.10626e-06,1.05313e-06,9.95275e-07,9.41617e-07,8.87149e-07
1.36288e-06,1.31903e-06,1.28124e-06,1.23043e-06,1.18134e-06,1.12885e-06,1.07283e-06,1.02056e-06,9.64529e-07,9.11318e-07,8.58365e-07
1.32115e-06,1.28034e-06,1.24033e-06,1.19312e-06,1.14778e-06,1.09165e-06,1.03886e-06,9.88365e-07,9.33537e-07,8.84605e-07,8.29747e-07
1.27918e-06,1.24051e-06,1.20315e-06,1.15544e-06,1.10951e-06,1.05982e-06,1.00621e-06,9.57811e-07,9.04621e-07,8.54379e-07,8.02532e-07
1.24312e-06,1.20678e-06,1.17039e-06,1.12265e-06,1.07857e-06,1.03013e-06,9.7745e-07,9.29721e-07,8.79309e-07,8.3009e-07,7.78967e-07
1.20682e-06,1.1719e-06,1.13563e-06,1.09102e-06,1.04819e-06,1.00075e-06,9.49233e-07,9.03649e-07,8.53383e-07,8.04163e-07,7.54545e-07
1.17256e-06,1.13942e-06,1.10328e-06,1.06132e-06,1.01877e-06,9.72515e-07,9.23167e-07,8.77811e-07,8.28585e-07,7.82256e-07,7.32627e-07
1.14123e-06,1.111e-06,1.07319e-06,1.03331e-06,9.91228e-07,9.47915e-07,8.99052e-07,8.54395e-07,8.05997e-07,7.60104e-07,7.12351e-07
1.11071e-06,1.07993e-06,1.04489e-06,1.00598e-06,9.65285e-07,9.21386e-07,8.74698e-07,8.30792e-07,7.8388e-07,7.39313e-07,6.91754e-07
1.08181e-06,1.05155e-06,1.0175e-06,9.7977e-07,9.39766e-07,8.97475e-07,8.51773e-07,8.08496e-07,7.62786e-07,7.18379e-07,6.72371e-07
1.05482e-06,1.02532e-06,9.91931e-07,9.55386e-07,9.1622e-07,8.7487e-07,8.30511e-07,7.87801e-07,7.43065e-07,6.99347e-07,6.54385e-07
1.02927e-06,1.0004e-06,9.67642e-07,9.32252e-07,8.93864e-07,8.53393e-07,8.10314e-07,7.6816e-07,7.2432e-07,6.81255e-07,6.37323e-07
1.00554e-06,9.77266e-07,9.45205e-07,9.10425e-07,8.73331e-07,8.33425e-07,7.91217e-07,7.4999e-07,7.07044e-07,6.63807e-07,6.21179e-07
9.8176e-07,9.54094e-07,9.22665e-07,8.89255e-07,8.52764e-07,8.13508e-07,7.72757e-07,7.31721e-07,6.89484e-07,6.47521e-07,6.05493e-07
9.59553e-07,9.32246e-07,9.0156e-07,8.69008e-07,8.3287e-07,7.94804e-07,7.55024e-07,7.14585e-07,6.72984e-07,6.31601e-07,5.90663e-07
9.38281e-07,9.11477e-07,8.81461e-07,8.49702e-07,8.14287e-07,7.76968e-07,7.38075e-07,6.98236e-07,6.57277e-07,6.16401e-07,5.76442e-07
9.17965e-07,8.91586e-07,8.62246e-07,8.31228e-07,7.96523e-07,7.59876e-07,7.21843e-07,6.82578e-07,6.42231e-07,6.01875e-07,5.62816e-07
8.98471e-07,8.72591e-07,8.43974e-07,8.13551e-07,7.79668e-07,7.43618e-07,7.06227e-07,6.67595e-07,6.27791e-07,5.8802e-07,5.49883e-07
8.79009e-07,8.53762e-07,8.25621e-07,7.95863e-07,7.62669e-07,7.27313e-07,6.90677e-07,6.52562e-07,6.13324e-07,5.74112e-07,5.36793e-07
8.60437e-07,8.35695e-07,8.08199e-07,7.78971e-07,7.46514e-07,7.11768e-07,6.75766e-07,6.3824e-07,5.99527e-07,5.6086e-07,5.24327e-07
8.42549e-07,8.18396e-07,7.91463e-07,7.62816e-07,7.31054e-07,6.9691e-07,6.6146e-07,6.24504e-07,5.86398e-07,5.48209e-07,5.12424e-07
8.24408e-07,8.007e-07,7.74418e-07,7.46229e-07,7.15184e-07,6.81643e-07,6.46717e-07,6.10378e-07,5.72693e-07,5.35227e-07,5.00225e-07
8.0774e-07,7.84669e-07,7.58779e-07,7.31039e-07,7.00798e-07,6.67751e-07,6.33352e-07,5.97531e-07,5.60348e-07,5.23531e-07,4.89275e-07
7.89224e-07,7.6655e-07,7.41515e-07,7.14235e-07,6.84578e-07,6.52212e-07,6.18235e-07,5.83108e-07,5.46441e-07,5.10305e-07,4.76771e-07
7.72999e-07,7.50811e-07,7.26254e-07,6.99523e-07,6.70494e-07,6.38652e-07,6.05207e-07,5.7061e-07,5.34507e-07,4.9892e-07,4.66039e-07
7.5449e-07,7.32802e-07,7.08924e-07,6.82493e-07,6.54024e-07,6.22962e-07,5.8993e-07,5.56031e-07,5.20433e-07,4.85714e-07,4.53598e-07
7.36906e-07,7.15674e-07,6.92425e-07,6.66488e-07,6.38602e-07,6.08112e-07,5.75653e-07,5.42281e-07,5.0741e-07,4.73282e-07,4.419e-07
7.19414e-07,6.98536e-07,6.75974e-07,6.50502e-07,6.2315e-07,5.93344e-07,5.61368e-07,5.28633e-07,4.94381e-07,4.60889e-07,4.30152e-07
7.01488e-07,6.81109e-07,6.58979e-07,6.34148e-07,6.07334e-07,5.78029e-07,5.46651e-07,5.14533e-07,4.80974e-07,4.48299e-07,4.18341e-07
6.8376e-07,6.63762e-07,6.42312e-07,6.17564e-07,5.91337e-07,5.62776e-07,5.31941e-07,5.00422e-07,4.67519e-07,4.35744e-07,4.0639e-07
6.65465e-07,6.45857e-07,6.25175e-07,6.01207e-07,5.75615e-07,5.47584e-07,5.17046e-07,4.86364e-07,4.54404e-07,4.23057e-07,3.94343e-07
6.46912e-07,6.27812e-07,6.07693e-07,5.83855e-07,5.58649e-07,5.31438e-07,5.01631e-07,4.71635e-07,4.40116e-07,4.09837e-07,3.82022e-07
6.27774e-07,6.09128e-07,5.8952e-07,5.6643e-07,5.4192e-07,5.15274e-07,4.86041e-07,4.56759e-07,4.26105e-07,3.96687e-07,3.69642e-07
6.09089e-07,5.90796e-07,5.71898e-07,5.49291e-07,5.25332e-07,4.99347e-07,4.70652e-07,4.42283e-07,4.12253e-07,3.836e-07,3.57354e-07
5.90031e-07,5.72105e-07,5.53742e-07,5.31485e-07,5.08267e-07,4.82902e-07,4.54904e-07,4.27072e-07,3.98045e-07,3.7023e-07,3.4482e-07
5.70499e-07,5.53056e-07,5.35443e-07,5.13604e-07,4.90813e-07,4.66174e-07,4.38838e-07,4.11872e-07,3.8367e-07,3.56698e-07,3.32001e-07
5.51072e-07,5.34019e-07,5.16813e-07,4.95627e-07,4.73433e-07,4.49484e-07,4.22836e-07,3.9667e-07,3.69288e-07,3.43188e-07,3.19295e-07
5.32237e-07,5.15512e-07,4.99349e-07,4.78165e-07,4.56599e-07,4.33285e-07,4.07054e-07,3.81857e-07,3.5502e-07,3.29794e-07,3.06691e-07
5.13181e-07,4.96919e-07,4.80515e-07,4.60119e-07,4.38922e-07,4.16606e-07,3.91267e-07,3.66657e-07,3.40829e-07,3.16496e-07,2.94193e-07
4.92879e-07,4.76937e-07,4.61495e-07,4.41661e-07,4.21269e-07,3.9931e-07,3.74833e-07,3.51123e-07,3.26298e-07,3.02734e-07,2.81274e-07
4.73395e-07,4.57877e-07,4.42911e-07,4.23633e-07,4.03906e-07,3.82726e-07,3.58901e-07,3.36029e-07,3.12061e-07,2.89343e-07,2.68694e-07
4.54359e-07,4.39209e-07,4.24796e-07,4.06031e-07,3.86721e-07,3.6633e-07,3.43249e-07,3.21455e-07,2.98152e-07,2.76234e-07,2.56437e-07
4.35305e-07,4.20538e-07,4.06587e-07,3.88259e-07,3.69785e-07,3.49982e-07,3.27628e-07,3.06403e-07,2.84136e-07,2.63084e-07,2.44029e-07
4.23846e-07,4.09647e-07,3.95626e-07,3.77918e-07,3.59808e-07,3.40538e-07,3.18872e-07,2.98259e-07,2.76685e-07,2.56135e-07,2.37789e-07
3.98688e-07,3.84967e-07,3.72533e-07,3.54373e-07,3.37687e-07,3.18549e-07,2.97574e-07,2.78046e-07,2.57212e-07,2.37876e-07,2.20342e-07
3.8067e-07,3.67003e-07,3.54192e-07,3.37513e-07,3.20845e-07,3.03025e-07,2.82887e-07,2.64043e-07,2.4425e-07,2.25595e-07,2.08808e-07
3.64175e-07,3.5077e-07,3.38464e-07,3.21638e-07,3.05631e-07,2.88422e-07,2.69298e-07,2.50908e-07,2.32048e-07,2.13904e-07,1.97796e-07
3.46561e-07,3.33592e-07,3.21588e-07,3.05787e-07,2.90337e-07,2.73932e-07,2.55095e-07,2.37725e-07,2.19507e-07,2.02352e-07,1.86971e-07
3.30378e-07,3.17791e-07,3.06275e-07,2.90813e-07,2.76011e-07,2.60035e-07,2.41949e-07,2.25333e-07,2.07852e-07,1.91415e-07,1.76693e-07
3.16183e-07,3.03783e-07,2.92149e-07,2.77172e-07,2.61952e-07,2.47256e-07,2.30024e-07,2.14004e-07,1.96898e-07,1.81079e-07,1.66942e-07
3.00178e-07,2.87635e-07,2.77376e-07,2.62881e-07,2.48904e-07,2.3439e-07,2.17389e-07,2.02151e-07,1.86204e-07,1.71013e-07,1.5752e-07
2.85841e-07,2.74168e-07,2.63598e-07,2.49339e-07,2.35962e-07,2.21856e-07,2.05974e-07,1.91307e-07,1.75974e-07,1.61511e-07,1.48597e-07
2.7256e-07,2.6118e-07,2.50854e-07,2.37019e-07,2.24113e-07,2.10552e-07,1.95321e-07,1.81246e-07,1.66564e-07,1.527e-07,1.40315e-07
2.60607e-07,2.48917e-07,2.38571e-07,2.26239e-07,2.13548e-07,2.00408e-07,1.85642e-07,1.72093e-07,1.58016e-07,1.4463e-07,1.32729e-07
2.48419e-07,2.37612e-07,2.27705e-07,2.14688e-07,2.02654e-07,1.90111e-07,1.76113e-07,1.63125e-07,1.4966e-07,1.36894e-07,1.2546e-07
2.37584e-07,2.27044e-07,2.17316e-07,2.04696e-07,1.93063e-07,1.80991e-07,1.67575e-07,1.55084e-07,1.42178e-07,1.29912e-07,1.18902e-07
2.27579e-07,2.17296e-07,2.07728e-07,1.95498e-07,1.84238e-07,1.72613e-07,1.59752e-07,1.47725e-07,1.35346e-07,1.23552e-07,1.1293e-07
2.18359e-07,2.08324e-07,1.98902e-07,1.87054e-07,1.7615e-07,1.64944e-07,1.52611e-07,1.41018e-07,1.29134e-07,1.17777e-07,1.07516e-07
2.10005e-07,2.00205e-07,1.91124e-07,1.79359e-07,1.68837e-07,1.58042e-07,1.46202e-07,1.35006e-07,1.23575e-07,1.12625e-07,1.02698e-07
2.0214e-07,1.92654e-07,1.83496e-07,1.72282e-07,1.62125e-07,1.51729e-07,1.40472e-07,1.29572e-07,1.18568e-07,1.0797e-07,9.83458e-08
1.95237e-07,1.85889e-07,1.76844e-07,1.66078e-07,1.56107e-07,1.46011e-07,1.35092e-07,1.24626e-07,1.14027e-07,1.0381e-07,9.44589e-08
1.88988e-07,1.79838e-07,1.71116e-07,1.60597e-07,1.50837e-07,1.41031e-07,1.30472e-07,1.20337e-07,1.10144e-07,1.00187e-07,9.10956e-08
1.83205e-07,1.74284e-07,1.65445e-07,1.55276e-07,1.45888e-07,1.36394e-07,1.26263e-07,1.16416e-07,1.06502e-07,9.69189e-08,8.8049e-08
1.77926e-07,1.69193e-07,1.60306e-07,1.50714e-07,1.41548e-07,1.32421e-07,1.22494e-07,1.12907e-07,1.03307e-07,9.39949e-08,8.53515e-08
1.7298e-07,1.64424e-07,1.55839e-07,1.46342e-07,1.37373e-07,1.28424e-07,1.18983e-07,1.09682e-07,1.00359e-07,9.13237e-08,8.28941e-08
1.68515e-07,1.60137e-07,1.51679e-07,1.42456e-07,1.33707e-07,1.25e-07,1.15856e-07,1.06799e-07,9.77368e-08,8.89319e-08,8.07086e-08
1.64462e-07,1.56256e-07,1.48054e-07,1.38907e-07,1.30387e-07,1.21922e-07,1.13046e-07,1.04208e-07,9.5372e-08,8.67875e-08,7.87587e-08
1.60569e-07,1.52527e-07,1.44323e-07,1.3561e-07,1.27266e-07,1.18983e-07,1.10357e-07,1.01739e-07,9.31226e-08,8.47478e-08,7.68925e-08
1.5694e-07,1.4906e-07,1.40986e-07,1.32506e-07,1.24337e-07,1.16259e-07,1.07863e-07,9.94393e-08,9.10206e-08,8.28421e-08,7.51677e-08
1.53519e-07,1.45787e-07,1.37808e-07,1.29623e-07,1.21615e-07,1.13703e-07,1.0551e-07,9.72706e-08,8.9036e-08,8.10381e-08,7.35301e-08
1.50221e-07,1.4265e-07,1.34934e-07,1.26757e-07,1.1897e-07,1.11243e-07,1.03242e-07,9.51775e-08,8.71124e-08,7.92887e-08,7.19483e-08
1.46989e-07,1.39583e-07,1.31921e-07,1.24036e-07,1.16412e-07,1.08855e-07,1.0106e-07,9.31464e-08,8.52468e-08,7.75874e-08,7.04005e-08
1.43943e-07,1.36667e-07,1.29136e-07,1.21463e-07,1.13977e-07,1.06561e-07,9.89003e-08,9.11666e-08,8.34233e-08,7.59342e-08,6.88965e-08
1.40975e-07,1.33842e-07,1.26453e-07,1.18953e-07,1.11621e-07,1.04349e-07,9.68469e-08,8.92602e-08,8.16643e-08,7.43295e-08,6.7437e-08
1.38073e-07,1.31088e-07,1.2384e-07,1.16505e-07,1.09319e-07,1.02191e-07,9.48306e-08,8.73883e-08,7.99411e-08,7.27569e-08,6.60126e-08
1.35254e-07,1.28409e-07,1.2129e-07,1.1412e-07,1.07088e-07,1.00088e-07,9.28613e-08,8.55651e-08,7.82596e-08,7.12192e-08,6.46211e-08
1.32507e-07,1.25801e-07,1.18826e-07,1.118e-07,1.04904e-07,9.80424e-08,9.09519e-08,8.37805e-08,7.66179e-08,6.972e-08,6.32581e-08
1.2984e-07,1.23273e-07,1.16431e-07,1.0955e-07,1.02794e-07,9.60464e-08,8.90893e-08,8.20528e-08,7.50203e-08,6.82592e-08,6.19354e-08
1.27219e-07,1.20788e-07,1.14075e-07,1.0734e-07,1.00715e-07,9.40873e-08,8.72548e-08,8.03462e-08,7.34431e-08,6.68141e-08,6.06284e-08
1.24662e-07,1.18362e-07,1.11786e-07,1.05185e-07,9.8689e-08,9.21731e-08,8.54583e-08,7.8675e-08,7.19025e-08,6.54107e-08,5.93528e-08
1.22165e-07,1.16008e-07,1.09552e-07,1.03086e-07,9.67094e-08,9.03192e-08,8.37092e-08,7.70411e-08,7.03965e-08,6.40339e-08,5.81145e-08
1.19704e-07,1.13668e-07,1.07349e-07,1.01012e-07,9.47645e-08,8.84614e-08,8.19748e-08,7.54294e-08,6.89107e-08,6.26777e-08,5.68793e-08
1.17275e-07,1.11369e-07,1.05171e-07,9.89617e-08,9.28233e-08,8.66467e-08,8.02635e-08,7.38385e-08,6.74429e-08,6.13336e-08,5.56573e-08
1.14915e-07,1.09127e-07,1.03061e-07,9.69775e-08,9.09455e-08,8.48661e-08,7.86002e-08,7.22878e-08,6.60145e-08,6.00273e-08,5.44726e-08
1.12727e-07,1.07027e-07,1.01069e-07,9.507e-08,8.91439e-08,8.31963e-08,7.70501e-08,7.08609e-08,6.47093e-08,5.88364e-08,5.33943e-08
1.10465e-07,1.04876e-07,9.90394e-08,9.31554e-08,8.73341e-08,8.14921e-08,7.5453e-08,6.93779e-08,6.33392e-08,5.75759e-08,5.22574e-08
1.08217e-07,1.0276e-07,9.70341e-08,9.12582e-08,8.55502e-08,7.98033e-08,7.38654e-08,6.78999e-08,6.19839e-08,5.63407e-08,5.11342e-08
1.05828e-07,1.00528e-07,9.49233e-08,8.9305e-08,8.37075e-08,7.80413e-08,7.21815e-08,6.63055e-08,6.05099e-08,5.49995e-08,4.98952e-08
1.03627e-07,9.84366e-08,9.29452e-08,8.74444e-08,8.19418e-08,7.63584e-08,7.06193e-08,6.48664e-08,5.91773e-08,5.37755e-08,4.87929e-08
1.01486e-07,9.64429e-08,9.10459e-08,8.56449e-08,8.02786e-08,7.47729e-08,6.91102e-08,6.34607e-08,5.78777e-08,5.25864e-08,4.77179e-08
9.93485e-08,9.43736e-08,8.91132e-08,8.38179e-08,7.8524e-08,7.31337e-08,6.75884e-08,6.20522e-08,5.65838e-08,5.14028e-08,4.66342e-08
9.72807e-08,9.24148e-08,8.72908e-08,8.2084e-08,7.68568e-08,7.15581e-08,6.61436e-08,6.06858e-08,5.53219e-08,5.02635e-08,4.55694e-08
9.51879e-08,9.04408e-08,8.54228e-08,8.03176e-08,7.51893e-08,6.99885e-08,6.4672e-08,5.93101e-08,5.40636e-08,4.90941e-08,4.45342e-08
9.31291e-08,8.84948e-08,8.35188e-08,7.85452e-08,7.35332e-08,6.84111e-08,6.31779e-08,5.79581e-08,5.28182e-08,4.79542e-08,4.34926e-08
9.11224e-08,8.66249e-08,8.17391e-08,7.68569e-08,7.19813e-08,6.69255e-08,6.17671e-08,5.66405e-08,5.16024e-08,4.6841e-08,4.24872e-08
8.91204e-08,8.46829e-08,7.99137e-08,7.51202e-08,7.03104e-08,6.53942e-08,6.03354e-08,5.53289e-08,5.03934e-08,4.57329e-08,4.1466e-08
8.71282e-08,8.27816e-08,7.81155e-08,7.34221e-08,6.86977e-08,6.38696e-08,5.89242e-08,5.40224e-08,4.91944e-08,4.46341e-08,4.04637e-08
8.521e-08,8.09548e-08,7.63804e-08,7.17808e-08,6.71438e-08,6.24118e-08,5.75608e-08,5.27641e-08,4.80297e-08,4.35683e-08,3.94865e-08
8.32714e-08,7.91283e-08,7.46431e-08,7.01395e-08,6.55977e-08,6.09433e-08,5.62009e-08,5.14989e-08,4.68735e-08,4.25209e-08,3.85124e-08
8.14495e-08,7.74595e-08,7.29888e-08,6.8635e-08,6.42333e-08,5.96168e-08,5.48636e-08,5.02859e-08,4.57437e-08,4.14653e-08,3.75813e-08
7.95261e-08,7.55784e-08,7.12168e-08,6.69615e-08,6.26024e-08,5.81285e-08,5.34998e-08,4.90374e-08,4.45963e-08,4.04e-08,3.66126e-08
7.76662e-08,7.37803e-08,6.95691e-08,6.53348e-08,6.10624e-08,5.66908e-08,5.22207e-08,4.78139e-08,4.34824e-08,3.93939e-08,3.56724e-08
7.58418e-08,7.20577e-08,6.79168e-08,6.37729e-08,5.95924e-08,5.53008e-08,5.09285e-08,4.66215e-08,4.2386e-08,3.83862e-08,3.47508e-08
7.40447e-08,7.0314e-08,6.62908e-08,6.22235e-08,5.8123e-08,5.39322e-08,4.96636e-08,4.54484e-08,4.13083e-08,3.73954e-08,3.38444e-08
7.22515e-08,6.86338e-08,6.4669e-08,6.06962e-08,5.66854e-08,5.258e-08,4.84075e-08,4.42872e-08,4.02452e-08,3.64141e-08,3.2954e-08
7.05298e-08,6.69932e-08,6.30983e-08,5.91979e-08,5.52795e-08,5.12604e-08,4.71771e-08,4.31547e-08,3.91982e-08,3.54543e-08,3.20683e-08
6.87813e-08,6.53149e-08,6.15101e-08,5.77045e-08,5.38632e-08,4.99349e-08,4.59508e-08,4.20205e-08,3.81554e-08,3.44999e-08,3.11921e-08
6.7107e-08,6.37205e-08,5.99901e-08,5.626e-08,5.25043e-08,4.86621e-08,4.47679e-08,4.09266e-08,3.71529e-08,3.35751e-08,3.03436e-08
6.54451e-08,6.21344e-08,5.84797e-08,5.4833e-08,5.11682e-08,4.74208e-08,4.35954e-08,3.98535e-08,3.61535e-08,3.26608e-08,2.95047e-08
6.37948e-08,6.05585e-08,5.69745e-08,5.34058e-08,4.98157e-08,4.61478e-08,4.24371e-08,3.87747e-08,3.51705e-08,3.17534e-08,2.86746e-08
6.2195e-08,5.90248e-08,5.55183e-08,5.20282e-08,4.85169e-08,4.49346e-08,4.13131e-08,3.77376e-08,3.42163e-08,3.0879e-08,2.78706e-08
6.09817e-08,5.77771e-08,5.43316e-08,5.08306e-08,4.73701e-08,4.3943e-08,4.04578e-08,3.69895e-08,3.35562e-08,3.02774e-08,2.73276e-08
5.90579e-08,5.60239e-08,5.2658e-08,4.93198e-08,4.5969e-08,4.25552e-08,3.91106e-08,3.57058e-08,3.23467e-08,2.9161e-08,2.62935e-08
5.75518e-08,5.45897e-08,5.12841e-08,4.80195e-08,4.47461e-08,4.14122e-08,3.80554e-08,3.47298e-08,3.14526e-08,2.83375e-08,2.55365e-08
5.60608e-08,5.31534e-08,4.99183e-08,4.67467e-08,4.35258e-08,4.0261e-08,3.70121e-08,3.37639e-08,3.05639e-08,2.75233e-08,2.47893e-08
5.45986e-08,5.17637e-08,4.85935e-08,4.54649e-08,4.23472e-08,3.91783e-08,3.59893e-08,3.28264e-08,2.96999e-08,2.67326e-08,2.40628e-08
5.31786e-08,5.03733e-08,4.73021e-08,4.4236e-08,4.11914e-08,3.81054e-08,3.50032e-08,3.19088e-08,2.88575e-08,2.59555e-08,2.33548e-08
5.17885e-08,4.90759e-08,4.60336e-08,4.30437e-08,4.00786e-08,3.70601e-08,3.40266e-08,3.10194e-08,2.80366e-08,2.51992e-08,2.26613e-08
5.04264e-08,4.778e-08,4.47868e-08,4.18553e-08,3.89673e-08,3.60232e-08,3.3076e-08,3.01408e-08,2.72341e-08,2.44633e-08,2.19841e-08
4.90999e-08,4.64972e-08,4.35724e-08,4.07065e-08,3.78803e-08,3.50235e-08,3.2156e-08,2.92949e-08,2.64489e-08,2.375e-08,2.13288e-08
4.77955e-08,4.52384e-08,4.23806e-08,3.9579e-08,3.68218e-08,3.4041e-08,3.12511e-08,2.84621e-08,2.56895e-08,2.30484e-08,2.06863e-08
4.65486e-08,4.40513e-08,4.1238e-08,3.84983e-08,3.58063e-08,3.30989e-08,3.03834e-08,2.76643e-08,2.4956e-08,2.23771e-08,2.00686e-08
4.5332e-08,4.28747e-08,4.01256e-08,3.7444e-08,3.48189e-08,3.21821e-08,2.9541e-08,2.68876e-08,2.42458e-08,2.17254e-08,1.94703e-08
4.41586e-08,4.17469e-08,3.9051e-08,3.64216e-08,3.38643e-08,3.12959e-08,2.87273e-08,2.61384e-08,2.35507e-08,2.11006e-08,1.88928e-08
4.30105e-08,4.06484e-08,3.80037e-08,3.54292e-08,3.2932e-08,3.04346e-08,2.79339e-08,2.54136e-08,2.28889e-08,2.04846e-08,1.83328e-08
4.18691e-08,3.95537e-08,3.69618e-08,3.44452e-08,3.20091e-08,2.95799e-08,2.7148e-08,2.46926e-08,2.22291e-08,1.98807e-08,1.778e-08
4.07966e-08,3.8524e-08,3.59841e-08,3.35233e-08,3.1151e-08,2.87793e-08,2.64071e-08,2.4014e-08,2.1604e-08,1.93093e-08,1.726e-08
3.97399e-08,3.75073e-08,3.50143e-08,3.2599e-08,3.02816e-08,2.79828e-08,2.56822e-08,2.33443e-08,2.09968e-08,1.87528e-08,1.67517e-08
3.87342e-08,3.65417e-08,3.40948e-08,3.17294e-08,2.94666e-08,2.72284e-08,2.49925e-08,2.27143e-08,2.04181e-08,1.82262e-08,1.62695e-08
3.77695e-08,3.56162e-08,3.32095e-08,3.08946e-08,2.86823e-08,2.65041e-08,2.43283e-08,2.21116e-08,1.98616e-08,1.77211e-08,1.58071e-08
3.68322e-08,3.47171e-08,3.23587e-08,3.00837e-08,2.79255e-08,2.58068e-08,2.36883e-08,2.15272e-08,1.93277e-08,1.72333e-08,1.53613e-08
3.59304e-08,3.38529e-08,3.15354e-08,2.93027e-08,2.71985e-08,2.51338e-08,2.30726e-08,2.09646e-08,1.88119e-08,1.6766e-08,1.49365e-08
3.50533e-08,3.30093e-08,3.07348e-08,2.85466e-08,2.64892e-08,2.44814e-08,2.24756e-08,2.04191e-08,1.83081e-08,1.63124e-08,1.45263e-08
3.42097e-08,3.21998e-08,2.99674e-08,2.7819e-08,2.58102e-08,2.38556e-08,2.19015e-08,1.98962e-08,1.78377e-08,1.58799e-08,1.41321e-08
3.34206e-08,3.14433e-08,2.92483e-08,2.71401e-08,2.51732e-08,2.32691e-08,2.13669e-08,1.94041e-08,1.73927e-08,1.54752e-08,1.37633e-08
3.26446e-08,3.06957e-08,2.85425e-08,2.64691e-08,2.45484e-08,2.26946e-08,2.08416e-08,1.89238e-08,1.69634e-08,1.5079e-08,1.34079e-08
3.18856e-08,2.99708e-08,2.78547e-08,2.58205e-08,2.39418e-08,2.21348e-08,2.03308e-08,1.84539e-08,1.65342e-08,1.46955e-08,1.30632e-08
3.11825e-08,2.92984e-08,2.72176e-08,2.52186e-08,2.33776e-08,2.16155e-08,1.9856e-08,1.80293e-08,1.61425e-08,1.43443e-08,1.27449e-08
3.05093e-08,2.86507e-08,2.66027e-08,2.46377e-08,2.28376e-08,2.11181e-08,1.94033e-08,1.76087e-08,1.57747e-08,1.4005e-08,1.24411e-08
2.98438e-08,2.80175e-08,2.60051e-08,2.40721e-08,2.23086e-08,2.06329e-08,1.89593e-08,1.72132e-08,1.5404e-08,1.36793e-08,1.21466e-08
2.92063e-08,2.74058e-08,2.54287e-08,2.3529e-08,2.17996e-08,2.01645e-08,1.85318e-08,1.68258e-08,1.50537e-08,1.33645e-08,1.18647e-08
2.86131e-08,2.68411e-08,2.48926e-08,2.30244e-08,2.13293e-08,1.97329e-08,1.81357e-08,1.64666e-08,1.47355e-08,1.30742e-08,1.16035e-08
2.80279e-08,2.62806e-08,2.43668e-08,2.25284e-08,2.08648e-08,1.93055e-08,1.77463e-08,1.61133e-08,1.44118e-08,1.27887e-08,1.13483e-08
2.74636e-08,2.57437e-08,2.38609e-08,2.20515e-08,2.042e-08,1.88958e-08,1.73729e-08,1.57752e-08,1.4106e-08,1.25158e-08,1.11057e-08
2.69376e-08,2.52489e-08,2.33943e-08,2.16146e-08,2.0008e-08,1.85181e-08,1.70294e-08,1.54651e-08,1.38255e-08,1.22661e-08,1.08828e-08
2.64245e-08,2.47491e-08,2.29258e-08,2.11712e-08,1.95986e-08,1.81395e-08,1.66823e-08,1.51494e-08,1.35436e-08,1.20136e-08,1.06591e-08
2.59306e-08,2.42792e-08,2.24847e-08,2.07568e-08,1.92116e-08,1.77832e-08,1.63567e-08,1.48546e-08,1.32787e-08,1.17779e-08,1.04499e-08
2.54574e-08,2.38329e-08,2.20643e-08,2.0364e-08,1.88448e-08,1.74469e-08,1.6048e-08,1.45704e-08,1.30274e-08,1.15519e-08,1.02511e-08
2.49998e-08,2.34004e-08,2.16605e-08,1.99831e-08,1.84905e-08,1.71182e-08,1.57489e-08,1.43032e-08,1.27847e-08,1.13379e-08,1.00619e-08
2.45489e-08,2.29778e-08,2.12664e-08,1.96155e-08,1.81437e-08,1.67998e-08,1.54568e-08,1.40403e-08,1.25469e-08,1.11283e-08,9.8764e-09
2.41169e-08,2.25653e-08,2.08794e-08,1.92525e-08,1.78068e-08,1.64879e-08,1.51702e-08,1.37812e-08,1.23142e-08,1.09221e-08,9.69315e-09
2.36976e-08,2.21663e-08,2.05066e-08,1.89046e-08,1.74813e-08,1.61874e-08,1.48955e-08,1.35302e-08,1.20915e-08,1.07247e-08,9.51882e-09
2.32918e-08,2.17832e-08,2.0149e-08,1.85708e-08,1.71688e-08,1.58999e-08,1.46299e-08,1.32913e-08,1.18763e-08,1.05341e-08,9.34932e-09
2.29027e-08,2.14174e-08,1.98063e-08,1.82507e-08,1.68698e-08,1.56229e-08,1.43771e-08,1.30601e-08,1.16693e-08,1.03518e-08,9.18823e-09
2.25119e-08,2.10531e-08,1.94688e-08,1.79355e-08,1.6574e-08,1.53503e-08,1.41256e-08,1.28325e-08,1.14619e-08,1.01648e-08,9.03037e-09
2.21384e-08,2.06957e-08,1.91338e-08,1.76237e-08,1.62856e-08,1.50818e-08,1.38783e-08,1.2607e-08,1.12634e-08,9.99217e-09,8.87191e-09
2.17723e-08,2.03496e-08,1.88126e-08,1.73235e-08,1.60046e-08,1.48229e-08,1.36383e-08,1.23846e-08,1.10686e-08,9.81682e-09,8.71855e-09
2.14107e-08,2.00102e-08,1.84964e-08,1.70305e-08,1.57304e-08,1.45671e-08,1.34024e-08,1.21749e-08,1.08756e-08,9.64866e-09,8.56697e-09
2.10549e-08,1.96746e-08,1.81846e-08,1.67395e-08,1.54586e-08,1.43147e-08,1.31709e-08,1.19629e-08,1.06861e-08,9.48038e-09,8.41868e-09
2.07063e-08,1.93517e-08,1.78839e-08,1.64592e-08,1.5196e-08,1.40727e-08,1.29463e-08,1.17589e-08,1.05031e-08,9.31763e-09,8.27378e-09
2.03739e-08,1.90303e-08,1.75845e-08,1.61804e-08,1.49377e-08,1.38302e-08,1.27233e-08,1.15532e-08,1.032e-08,9.15509e-09,8.12997e-09
2.0039e-08,1.87152e-08,1.72908e-08,1.59072e-08,1.46832e-08,1.35927e-08,1.25046e-08,1.13531e-08,1.01403e-08,8.9955e-09,7.9888e-09
1.9707e-08,1.84079e-08,1.70036e-08,1.56407e-08,1.44325e-08,1.33625e-08,1.2289e-08,1.11643e-08,9.96459e-09,8.8421e-09,7.84882e-09
1.93824e-08,1.81023e-08,1.6718e-08,1.53749e-08,1.41862e-08,1.31325e-08,1.20775e-08,1.09688e-08,9.78961e-09,8.68612e-09,7.71154e-09
1.90576e-08,1.77978e-08,1.64347e-08,1.51114e-08,1.39392e-08,1.29029e-08,1.18653e-08,1.07751e-08,9.6153e-09,8.53142e-09,7.57361e-09
1.87422e-08,1.75011e-08,1.61588e-08,1.48542e-08,1.36997e-08,1.26802e-08,1.16594e-08,1.05817e-08,9.44512e-09,8.37821e-09,7.43944e-09
1.84325e-08,1.72089e-08,1.58872e-08,1.46004e-08,1.34633e-08,1.24602e-08,1.14574e-08,1.03959e-08,9.27851e-09,8.22947e-09,7.30648e-09
1.81291e-08,1.69229e-08,1.562e-08,1.43512e-08,1.32314e-08,1.22453e-08,1.12587e-08,1.02104e-08,9.1148e-09,8.08177e-09,7.17623e-09
1.78249e-08,1.66379e-08,1.53525e-08,1.41022e-08,1.29992e-08,1.20295e-08,1.10591e-08,1.00317e-08,8.95071e-09,7.93756e-09,7.04614e-09
1.75299e-08,1.63597e-08,1.50928e-08,1.38607e-08,1.27731e-08,1.18205e-08,1.08662e-08,9.8552e-09,8.79231e-09,7.79596e-09,6.91927e-09
1.72342e-08,1.60816e-08,1.4833e-08,1.36177e-08,1.25477e-08,1.16108e-08,1.06721e-08,9.67759e-09,8.6321e-09,7.65295e-09,6.79174e-09
1.69479e-08,1.58112e-08,1.45797e-08,1.33814e-08,1.23278e-08,1.14066e-08,1.04843e-08,9.50509e-09,8.47731e-09,7.51465e-09,6.66818e-09
1.66631e-08,1.55433e-08,1.4329e-08,1.31473e-08,1.21098e-08,1.1205e-08,1.02977e-08,9.33463e-09,8.32323e-09,7.37703e-09,6.54446e-09
1.63846e-08,1.52806e-08,1.40828e-08,1.29177e-08,1.18957e-08,1.1007e-08,1.0115e-08,9.16776e-09,8.17242e-09,7.24285e-09,6.42442e-09
1.61083e-08,1.50204e-08,1.38389e-08,1.26896e-08,1.1684e-08,1.08108e-08,9.93385e-09,9.00186e-09,8.02304e-09,7.10881e-09,6.30413e-09
1.5836e-08,1.47628e-08,1.35978e-08,1.24645e-08,1.14743e-08,1.0617e-08,9.75563e-09,8.83795e-09,7.87613e-09,6.97727e-09,6.18615e-09
1.55725e-08,1.45119e-08,1.33623e-08,1.22439e-08,1.12704e-08,1.04277e-08,9.58123e-09,8.67563e-09,7.73187e-09,6.84688e-09,6.06996e-09
1.53027e-08,1.42595e-08,1.31256e-08,1.20232e-08,1.10639e-08,1.02376e-08,9.40599e-09,8.51779e-09,7.58736e-09,6.71888e-09,5.95443e-09
1.50424e-08,1.40137e-08,1.28947e-08,1.18074e-08,1.08635e-08,1.00524e-08,9.23541e-09,8.36147e-09,7.44664e-09,6.5928e-09,5.84053e-09
1.47869e-08,1.37723e-08,1.26685e-08,1.15959e-08,1.06669e-08,9.87072e-09,9.06817e-09,8.20806e-09,7.3083e-09,6.46882e-09,5.72946e-09
1.45333e-08,1.35323e-08,1.24425e-08,1.13846e-08,1.04705e-08,9.68977e-09,8.90181e-09,8.05581e-09,7.171e-09,6.34583e-09,5.61809e-09
1.42863e-08,1.32994e-08,1.22235e-08,1.11798e-08,1.02812e-08,9.51415e-09,8.7401e-09,7.90728e-09,7.03692e-09,6.2258e-09,5.51053e-09
1.40391e-08,1.30648e-08,1.20031e-08,1.09737e-08,1.00889e-08,9.33775e-09,8.57801e-09,7.75905e-09,6.90338e-09,6.10603e-09,5.40243e-09
1.37965e-08,1.2837e-08,1.1789e-08,1.07735e-08,9.90255e-09,9.1665e-09,8.42056e-09,7.61491e-09,6.77336e-09,5.98903e-09,5.2972e-09
1.35598e-08,1.26114e-08,1.15769e-08,1.05751e-08,9.71875e-09,8.99701e-09,8.26441e-09,7.47162e-09,6.64423e-09,5.87334e-09,5.19138e-09
1.33253e-08,1.23892e-08,1.13675e-08,1.0379e-08,9.53696e-09,8.82949e-09,8.11093e-09,7.33109e-09,6.51722e-09,5.75952e-09,5.08996e-09
1.30956e-08,1.21721e-08,1.11626e-08,1.01872e-08,9.36007e-09,8.66616e-09,7.96079e-09,7.19319e-09,6.39284e-09,5.64797e-09,4.98867e-09
1.2868e-08,1.19561e-08,1.09598e-08,9.99707e-09,9.1829e-09,8.50392e-09,7.812e-09,7.05707e-09,6.27015e-09,5.5375e-09,4.88969e-09
1.26439e-08,1.17436e-08,1.07597e-08,9.81001e-09,9.00934e-09,8.34415e-09,7.66555e-09,6.92286e-09,6.14897e-09,5.42905e-09,4.79058e-09
1.2425e-08,1.15363e-08,1.05647e-08,9.62733e-09,8.84023e-09,8.189e-09,7.52257e-09,6.79176e-09,6.03048e-09,5.32266e-09,4.69556e-09
1.22076e-08,1.133e-08,1.03697e-08,9.44439e-09,8.67087e-09,8.03343e-09,7.38058e-09,6.66176e-09,5.91343e-09,5.21751e-09,4.5995e-09
1.1996e-08,1.113e-08,1.01805e-08,9.26685e-09,8.50791e-09,7.88281e-09,7.24238e-09,6.53496e-09,5.79936e-09,5.11461e-09,4.50723e-09
1.17876e-08,1.09309e-08,9.99357e-09,9.09178e-09,8.3447e-09,7.73386e-09,7.10596e-09,6.40999e-09,5.68671e-09,5.0136e-09,4.41491e-09
1.15807e-08,1.07356e-08,9.80948e-09,8.91956e-09,8.18512e-09,7.58728e-09,6.97164e-09,6.28716e-09,5.57532e-09,4.91376e-09,4.32555e-09
1.13767e-08,1.05398e-08,9.62371e-09,8.74485e-09,8.02172e-09,7.44014e-09,6.83845e-09,6.16601e-09,5.46644e-09,4.81615e-09,4.23628e-09
1.11813e-08,1.03567e-08,9.45225e-09,8.5848e-09,7.87535e-09,7.30326e-09,6.71146e-09,6.04868e-09,5.35998e-09,4.72058e-09,4.15012e-09
1.09841e-08,1.01683e-08,9.27254e-09,8.41521e-09,7.71822e-09,7.16104e-09,6.58283e-09,5.93192e-09,5.25497e-09,4.62641e-09,4.06308e-09
1.07949e-08,9.99015e-09,9.10659e-09,8.26091e-09,7.57572e-09,7.02858e-09,6.46007e-09,5.8186e-09,5.15239e-09,4.5341e-09,3.98193e-09
1.06051e-08,9.80729e-09,8.93353e-09,8.09792e-09,7.42285e-09,6.89196e-09,6.33613e-09,5.70614e-09,5.05161e-09,4.4436e-09,3.89854e-09
1.04234e-08,9.63763e-09,8.77415e-09,7.94971e-09,7.28762e-09,6.76464e-09,6.21854e-09,5.59723e-09,4.95275e-09,4.35481e-09,3.81979e-09
1.02427e-08,9.46628e-09,8.61218e-09,7.79781e-09,7.14728e-09,6.63623e-09,6.10118e-09,5.48997e-09,4.85601e-09,4.2683e-09,3.73955e-09
1.00669e-08,9.30123e-09,8.45522e-09,7.65002e-09,7.01334e-09,6.51195e-09,5.98723e-09,5.38531e-09,4.76143e-09,4.1832e-09,3.66426e-09
9.89267e-09,9.13421e-09,8.29907e-09,7.50413e-09,6.87597e-09,6.38767e-09,5.874e-09,5.28209e-09,4.66845e-09,4.10008e-09,3.58705e-09
9.72302e-09,8.97357e-09,8.14879e-09,7.36342e-09,6.74593e-09,6.26897e-09,5.76422e-09,5.18138e-09,4.57765e-09,4.01834e-09,3.515e-09
9.55715e-09,8.81606e-09,7.99924e-09,7.2229e-09,6.61617e-09,6.14967e-09,5.65648e-09,5.08325e-09,4.4892e-09,3.93924e-09,3.44099e-09
9.39448e-09,8.66206e-09,7.85385e-09,7.08694e-09,6.49049e-09,6.03476e-09,5.55126e-09,4.9866e-09,4.40284e-09,3.86108e-09,3.37293e-09
9.23578e-09,8.51387e-09,7.71272e-09,6.95393e-09,6.37087e-09,5.92323e-09,5.4488e-09,4.89301e-09,4.31748e-09,3.7854e-09,3.30177e-09
9.07923e-09,8.36337e-09,7.57258e-09,6.82309e-09,6.24678e-09,5.81139e-09,5.34739e-09,4.80059e-09,4.23452e-09,3.71097e-09,3.23668e-09
8.9273e-09,8.21979e-09,7.43876e-09,6.69803e-09,6.13119e-09,5.70606e-09,5.24948e-09,4.71068e-09,4.15365e-09,3.63888e-09,3.1673e-09
8.77817e-09,8.07869e-09,7.30473e-09,6.57287e-09,6.01502e-09,5.59932e-09,5.15335e-09,4.62298e-09,4.07456e-09,3.56773e-09,3.11001e-09
8.6333e-09,7.94156e-09,7.17513e-09,6.45083e-09,5.90281e-09,5.4966e-09,5.05982e-09,4.53768e-09,3.99795e-09,3.4994e-09,3.0456e-09
8.49203e-09,7.81071e-09,7.05076e-09,6.33299e-09,5.79867e-09,5.39798e-09,4.96919e-09,4.4544e-09,3.92274e-09,3.43186e-09,2.98738e-09
8.35295e-09,7.67668e-09,6.92653e-09,6.21785e-09,5.68819e-09,5.29895e-09,4.87927e-09,4.37297e-09,3.84985e-09,3.36703e-09,2.92542e-09
8.21653e-09,7.54757e-09,6.80493e-09,6.1039e-09,5.58248e-09,5.20274e-09,4.79159e-09,4.29291e-09,3.77792e-09,3.30256e-09,2.87083e-09
8.08664e-09,7.42674e-09,6.69246e-09,5.99765e-09,5.48676e-09,5.1115e-09,4.7085e-09,4.21654e-09,3.70911e-09,3.2414e-09,2.81546e-09
7.95637e-09,7.30233e-09,6.5744e-09,5.88849e-09,5.3833e-09,5.02004e-09,4.62449e-09,4.14056e-09,3.64113e-09,3.18026e-09,2.75967e-09
7.83209e-09,7.18811e-09,6.46519e-09,5.78489e-09,5.29289e-09,4.93386e-09,4.5451e-09,4.06772e-09,3.57551e-09,3.12244e-09,2.70496e-09
7.70821e-09,7.0683e-09,6.35508e-09,5.68285e-09,5.19349e-09,4.84576e-09,4.46547e-09,3.99568e-09,3.51134e-09,3.06468e-09,2.65655e-09
7.59009e-09,6.95727e-09,6.25088e-09,5.5851e-09,5.10325e-09,4.76293e-09,4.39019e-09,3.92687e-09,3.44955e-09,3.01022e-09,2.60374e-09
7.47559e-09,6.85132e-09,6.1529e-09,5.49416e-09,5.02041e-09,4.68354e-09,4.31734e-09,3.8593e-09,3.39018e-09,2.95598e-09,2.55929e-09
7.36041e-09,6.74129e-09,6.04896e-09,5.39704e-09,4.92895e-09,4.60269e-09,4.24316e-09,3.79343e-09,3.33027e-09,2.90405e-09,2.50367e-09
7.24351e-09,6.62775e-09,5.93659e-09,5.28771e-09,4.82828e-09,4.51535e-09,4.1678e-09,3.72754e-09,3.27256e-09,2.85215e-09,2.46267e-09
7.14369e-09,6.53838e-09,5.86185e-09,5.22242e-09,4.76766e-09,4.45504e-09,4.10525e-09,3.66756e-09,3.21783e-09,2.80408e-09,2.41406e-09
7.03017e-09,6.42351e-09,5.74863e-09,5.11321e-09,4.66055e-09,4.36485e-09,4.03155e-09,3.60445e-09,3.16331e-09,2.75509e-09,2.37535e-09
6.93915e-09,6.34803e-09,5.68274e-09,5.05444e-09,4.61507e-09,4.30885e-09,3.97573e-09,3.54913e-09,3.11223e-09,2.70987e-09,2.33822e-09
6.83886e-09,6.25248e-09,5.59283e-09,4.97191e-09,4.53559e-09,4.24022e-09,3.91141e-09,3.49181e-09,3.06135e-09,2.66454e-09,2.29352e-09
6.7448e-09,6.16901e-09,5.51214e-09,4.89477e-09,4.47179e-09,4.17655e-09,3.85219e-09,3.43741e-09,3.01236e-09,2.62126e-09,2.25475e-09
6.65054e-09,6.07719e-09,5.43305e-09,4.82287e-09,4.39798e-09,4.11398e-09,3.79265e-09,3.38346e-09,2.96456e-09,2.57913e-09,2.21686e-09
6.55899e-09,5.99149e-09,5.35028e-09,4.7453e-09,4.32634e-09,4.04643e-09,3.73435e-09,3.3314e-09,2.91836e-09,2.53795e-09,2.17954e-09
6.47235e-09,5.91305e-09,5.27951e-09,4.68017e-09,4.26782e-09,3.9879e-09,3.68083e-09,3.28144e-09,2.8738e-09,2.4986e-09,2.15012e-09
6.38495e-09,5.82943e-09,5.2003e-09,4.60683e-09,4.19778e-09,3.92749e-09,3.62482e-09,3.23215e-09,2.83009e-09,2.46012e-09,2.11064e-09
6.30391e-09,5.75916e-09,5.13271e-09,4.54177e-09,4.14716e-09,3.87397e-09,3.57428e-09,3.18567e-09,2.7885e-09,2.42316e-09,2.07766e-09
6.21972e-09,5.67581e-09,5.0585e-09,4.47455e-09,4.07558e-09,3.81398e-09,3.52081e-09,3.13816e-09,2.74702e-09,2.38659e-09,2.04528e-09
6.14119e-09,5.60301e-09,4.9919e-09,4.41253e-09,4.01836e-09,3.76063e-09,3.47164e-09,3.09333e-09,2.70745e-09,2.35173e-09,2.01426e-09
6.06636e-09,5.53601e-09,4.93055e-09,4.35545e-09,3.96838e-09,3.70912e-09,3.42558e-09,3.05082e-09,2.66942e-09,2.31799e-09,1.98977e-09
5.98983e-09,5.46289e-09,4.86247e-09,4.29331e-09,3.90769e-09,3.65753e-09,3.37676e-09,3.00807e-09,2.63189e-09,2.28464e-09,1.95481e-09
5.92075e-09,5.4054e-09,4.80903e-09,4.24592e-09,3.87054e-09,3.61444e-09,3.33502e-09,2.96814e-09,2.59584e-09,2.25329e-09,1.92684e-09
5.84697e-09,5.3317e-09,4.74439e-09,4.18819e-09,3.80751e-09,3.56223e-09,3.28822e-09,2.92724e-09,2.56018e-09,2.22172e-09,1.89929e-09
5.77735e-09,5.26716e-09,4.68515e-09,4.13415e-09,3.75744e-09,3.51525e-09,3.24472e-09,2.88802e-09,2.52565e-09,2.19126e-09,1.87196e-09
5.712e-09,5.20966e-09,4.63372e-09,4.08577e-09,3.71603e-09,3.47096e-09,3.20517e-09,2.85108e-09,2.49272e-09,2.162e-09,1.84595e-09
5.64311e-09,5.14308e-09,4.56963e-09,4.02387e-09,3.65795e-09,3.42382e-09,3.16142e-09,2.81325e-09,2.45965e-09,2.13315e-09,1.82063e-09
5.58262e-09,5.09403e-09,4.52488e-09,3.98211e-09,3.62863e-09,3.39131e-09,3.12537e-09,2.77882e-09,2.42839e-09,2.10543e-09,1.79621e-09
5.51616e-09,5.02629e-09,4.46322e-09,3.92635e-09,3.56757e-09,3.33907e-09,3.0828e-09,2.7425e-09,2.39714e-09,2.0778e-09,1.77198e-09
5.45471e-09,4.96994e-09,4.41191e-09,3.87943e-09,3.52412e-09,3.29811e-09,3.04523e-09,2.70842e-09,2.36681e-09,2.05135e-09,1.74845e-09
5.39457e-09,4.91454e-09,4.36117e-09,3.83349e-09,3.48113e-09,3.25817e-09,3.00811e-09,2.67482e-09,2.33746e-09,2.02536e-09,1.72551e-09
5.33592e-09,4.86081e-09,4.31255e-09,3.78891e-09,3.43978e-09,3.21933e-09,2.97212e-09,2.64215e-09,2.30858e-09,2.00006e-09,1.70318e-09
5.28132e-09,4.81689e-09,4.26894e-09,3.74724e-09,3.4114e-09,3.18583e-09,2.93956e-09,2.61181e-09,2.28116e-09,1.97534e-09,1.68197e-09
5.22179e-09,4.75617e-09,4.21757e-09,3.70257e-09,3.35985e-09,3.14386e-09,2.90221e-09,2.57905e-09,2.25282e-09,1.95071e-09,1.65995e-09
5.1563e-09,4.68456e-09,4.14659e-09,3.63264e-09,3.28614e-09,3.08878e-09,2.85956e-09,2.54608e-09,2.22593e-09,1.9269e-09,1.63987e-09
5.11454e-09,4.65793e-09,4.1291e-09,3.62177e-09,3.28531e-09,3.07268e-09,2.83647e-09,2.51956e-09,2.19999e-09,1.90401e-09,1.61896e-09
5.05934e-09,4.60748e-09,4.08302e-09,3.58031e-09,3.24649e-09,3.03716e-09,2.80295e-09,2.48942e-09,2.17352e-09,1.88071e-09,1.5985e-09
5.01008e-09,4.56883e-09,4.04412e-09,3.54299e-09,3.22237e-09,3.00764e-09,2.7738e-09,2.46217e-09,2.14838e-09,1.85846e-09,1.57898e-09
4.95755e-09,4.51474e-09,4.00029e-09,3.50749e-09,3.17727e-09,2.97206e-09,2.74123e-09,2.43313e-09,2.12335e-09,1.83649e-09,1.55966e-09
4.90683e-09,4.46803e-09,3.9568e-09,3.46596e-09,3.14048e-09,2.93726e-09,2.71023e-09,2.40561e-09,2.09909e-09,1.81494e-09,1.54071e-09
4.85661e-09,4.42206e-09,3.91519e-09,3.42827e-09,3.10552e-09,2.90437e-09,2.6796e-09,2.37774e-09,2.0745e-09,1.79332e-09,1.52164e-09
4.80949e-09,4.37874e-09,3.87703e-09,3.39313e-09,3.0734e-09,2.87413e-09,2.65076e-09,2.35151e-09,2.05141e-09,1.77243e-09,1.50382e-09
4.76266e-09,4.34238e-09,3.83927e-09,3.35794e-09,3.05077e-09,2.84632e-09,2.62376e-09,2.32599e-09,2.02818e-09,1.75178e-09,1.48545e-09
4.71198e-09,4.28942e-09,3.79549e-09,3.32006e-09,3.00547e-09,2.81033e-09,2.59204e-09,2.29848e-09,2.0042e-09,1.73089e-09,1.46692e-09
4.66525e-09,4.24675e-09,3.75695e-09,3.28523e-09,2.97325e-09,2.78011e-09,2.56379e-09,2.27288e-09,1.98123e-09,1.71061e-09,1.44945e-09
4.61917e-09,4.20462e-09,3.71878e-09,3.25064e-09,2.9413e-09,2.75e-09,2.53592e-09,2.24795e-09,1.95914e-09,1.6909e-09,1.43202e-09
4.57291e-09,4.16185e-09,3.68042e-09,3.21594e-09,2.9093e-09,2.72003e-09,2.50803e-09,2.22269e-09,1.9367e-09,1.67111e-09,1.41468e-09
4.53178e-09,4.13058e-09,3.64769e-09,3.18484e-09,2.89092e-09,2.69595e-09,2.48405e-09,2.19978e-09,1.91551e-09,1.65224e-09,1.39793e-09
