# xi0
# underflow	 -4538.7062    	 0.17510642    
# overflow	 -9.0160761    	 0.55449826E-02
# sum	 -5859.7159    	 0.18817243    
# xmin	xmax	cross	numerror
  0.0000000    	  1.0000000    	 -3.6619555    	 0.55861745E-02
  1.0000000    	  2.0000000    	 -3.6715907    	 0.53424979E-02
  2.0000000    	  3.0000000    	 -3.7141303    	 0.52608477E-02
  3.0000000    	  4.0000000    	 -3.7610329    	 0.51761125E-02
  4.0000000    	  5.0000000    	 -3.8087669    	 0.48992100E-02
  5.0000000    	  6.0000000    	 -3.8316732    	 0.47016551E-02
  6.0000000    	  7.0000000    	 -3.8204801    	 0.43990352E-02
  7.0000000    	  8.0000000    	 -3.7755931    	 0.40942711E-02
  8.0000000    	  9.0000000    	 -3.6820768    	 0.38836926E-02
  9.0000000    	  10.000000    	 -3.5455234    	 0.36713273E-02
  10.000000    	  11.000000    	 -3.3656585    	 0.34381437E-02
  11.000000    	  12.000000    	 -3.5572464    	 0.51814302E-02
  12.000000    	  13.000000    	 -3.5820089    	 0.52126313E-02
  13.000000    	  14.000000    	 -3.6081960    	 0.49672760E-02
  14.000000    	  15.000000    	 -3.6420018    	 0.47784269E-02
  15.000000    	  16.000000    	 -3.6622495    	 0.45983740E-02
  16.000000    	  17.000000    	 -3.6675915    	 0.43877070E-02
  17.000000    	  18.000000    	 -3.6417982    	 0.41919382E-02
  18.000000    	  19.000000    	 -3.5801535    	 0.39806529E-02
  19.000000    	  20.000000    	 -3.4712780    	 0.36907185E-02
  20.000000    	  21.000000    	 -3.3246583    	 0.34615013E-02
  21.000000    	  22.000000    	 -3.1382927    	 0.32624066E-02
  22.000000    	  23.000000    	 -3.4636880    	 0.48512169E-02
  23.000000    	  24.000000    	 -3.4755840    	 0.48281871E-02
  24.000000    	  25.000000    	 -3.4996986    	 0.46394263E-02
  25.000000    	  26.000000    	 -3.5204656    	 0.45099778E-02
  26.000000    	  27.000000    	 -3.5301153    	 0.43776588E-02
  27.000000    	  28.000000    	 -3.5156796    	 0.41084952E-02
  28.000000    	  29.000000    	 -3.4729954    	 0.38836116E-02
  29.000000    	  30.000000    	 -3.3978751    	 0.36923134E-02
  30.000000    	  31.000000    	 -3.2795589    	 0.34925647E-02
  31.000000    	  32.000000    	 -3.1272018    	 0.32888828E-02
  32.000000    	  33.000000    	 -2.9382228    	 0.31006991E-02
  33.000000    	  34.000000    	 -3.3720834    	 0.45975055E-02
  34.000000    	  35.000000    	 -3.3844490    	 0.45521823E-02
  35.000000    	  36.000000    	 -3.3933465    	 0.43887764E-02
  36.000000    	  37.000000    	 -3.4056464    	 0.43051424E-02
  37.000000    	  38.000000    	 -3.4046407    	 0.41275996E-02
  38.000000    	  39.000000    	 -3.3781449    	 0.38826433E-02
  39.000000    	  40.000000    	 -3.3247906    	 0.37666540E-02
  40.000000    	  41.000000    	 -3.2313034    	 0.35401003E-02
  41.000000    	  42.000000    	 -3.1066884    	 0.33264081E-02
  42.000000    	  43.000000    	 -2.9432324    	 0.31658784E-02
  43.000000    	  44.000000    	 -2.7542347    	 0.29648584E-02
  44.000000    	  45.000000    	 -3.2821072    	 0.43544647E-02
  45.000000    	  46.000000    	 -3.2944731    	 0.43412718E-02
  46.000000    	  47.000000    	 -3.3022915    	 0.42143655E-02
  47.000000    	  48.000000    	 -3.2946039    	 0.41041260E-02
  48.000000    	  49.000000    	 -3.2800181    	 0.38590134E-02
  49.000000    	  50.000000    	 -3.2470929    	 0.38142424E-02
  50.000000    	  51.000000    	 -3.1803255    	 0.36000439E-02
  51.000000    	  52.000000    	 -3.0792413    	 0.34076740E-02
  52.000000    	  53.000000    	 -2.9470594    	 0.32060393E-02
  53.000000    	  54.000000    	 -2.7807839    	 0.30027204E-02
  54.000000    	  55.000000    	 -2.5906361    	 0.28449697E-02
  55.000000    	  56.000000    	 -3.2034332    	 0.42375037E-02
  56.000000    	  57.000000    	 -3.2037279    	 0.40859353E-02
  57.000000    	  58.000000    	 -3.2013917    	 0.40559634E-02
  58.000000    	  59.000000    	 -3.1953842    	 0.39031958E-02
  59.000000    	  60.000000    	 -3.1697901    	 0.38011651E-02
  60.000000    	  61.000000    	 -3.1250876    	 0.36334344E-02
  61.000000    	  62.000000    	 -3.0429165    	 0.34070880E-02
  62.000000    	  63.000000    	 -2.9366481    	 0.32769404E-02
  63.000000    	  64.000000    	 -2.7978781    	 0.30693540E-02
  64.000000    	  65.000000    	 -2.6332051    	 0.28898870E-02
  65.000000    	  66.000000    	 -2.4412514    	 0.27188527E-02
  66.000000    	  67.000000    	 -3.1183224    	 0.40673061E-02
  67.000000    	  68.000000    	 -3.1173513    	 0.39756762E-02
  68.000000    	  69.000000    	 -3.1126064    	 0.38498544E-02
  69.000000    	  70.000000    	 -3.0937649    	 0.37040813E-02
  70.000000    	  71.000000    	 -3.0679850    	 0.36855083E-02
  71.000000    	  72.000000    	 -3.0050110    	 0.35001095E-02
  72.000000    	  73.000000    	 -2.9208934    	 0.32875989E-02
  73.000000    	  74.000000    	 -2.8057830    	 0.31163657E-02
  74.000000    	  75.000000    	 -2.6641854    	 0.29537969E-02
  75.000000    	  76.000000    	 -2.4925045    	 0.27761685E-02
  76.000000    	  77.000000    	 -2.3060805    	 0.26212210E-02
  77.000000    	  78.000000    	 -3.0417011    	 0.39331082E-02
  78.000000    	  79.000000    	 -3.0407251    	 0.38431818E-02
  79.000000    	  80.000000    	 -3.0281949    	 0.37402621E-02
  80.000000    	  81.000000    	 -3.0047184    	 0.36351267E-02
  81.000000    	  82.000000    	 -2.9617353    	 0.34387367E-02
  82.000000    	  83.000000    	 -2.8983892    	 0.33939636E-02
  83.000000    	  84.000000    	 -2.8061196    	 0.31899272E-02
  84.000000    	  85.000000    	 -2.6851894    	 0.30486715E-02
  85.000000    	  86.000000    	 -2.5371307    	 0.28527712E-02
  86.000000    	  87.000000    	 -2.3694250    	 0.26830448E-02
  87.000000    	  88.000000    	 -2.1825323    	 0.25224414E-02
  88.000000    	  89.000000    	 -2.9672105    	 0.38327058E-02
  89.000000    	  90.000000    	 -2.9534860    	 0.36453868E-02
  90.000000    	  91.000000    	 -2.9410619    	 0.35602063E-02
  91.000000    	  92.000000    	 -2.9170069    	 0.34763744E-02
  92.000000    	  93.000000    	 -2.8647809    	 0.34000277E-02
  93.000000    	  94.000000    	 -2.7944236    	 0.32872570E-02
  94.000000    	  95.000000    	 -2.6966961    	 0.30667721E-02
  95.000000    	  96.000000    	 -2.5727330    	 0.29359409E-02
  96.000000    	  97.000000    	 -2.4216011    	 0.27437244E-02
  97.000000    	  98.000000    	 -2.2533523    	 0.26000094E-02
  98.000000    	  99.000000    	 -2.0681078    	 0.24292155E-02
  99.000000    	  100.00000    	 -2.8930398    	 0.36516690E-02
  100.00000    	  101.00000    	 -2.8830134    	 0.35945781E-02
  101.00000    	  102.00000    	 -2.8659883    	 0.34676015E-02
  102.00000    	  103.00000    	 -2.8291532    	 0.34637589E-02
  103.00000    	  104.00000    	 -2.7739072    	 0.32533980E-02
  104.00000    	  105.00000    	 -2.6970396    	 0.31486685E-02
  105.00000    	  106.00000    	 -2.5939470    	 0.29921076E-02
  106.00000    	  107.00000    	 -2.4656016    	 0.28197291E-02
  107.00000    	  108.00000    	 -2.3171188    	 0.26750921E-02
  108.00000    	  109.00000    	 -2.1494160    	 0.25108015E-02
  109.00000    	  110.00000    	 -1.9651328    	 0.23507038E-02
  110.00000    	  111.00000    	 -2.8247482    	 0.36403989E-02
  111.00000    	  112.00000    	 -2.8145066    	 0.35346775E-02
  112.00000    	  113.00000    	 -2.7870901    	 0.33655178E-02
  113.00000    	  114.00000    	 -2.7475240    	 0.33049081E-02
  114.00000    	  115.00000    	 -2.6875466    	 0.32269328E-02
  115.00000    	  116.00000    	 -2.6040218    	 0.30238686E-02
  116.00000    	  117.00000    	 -2.4987117    	 0.29178666E-02
  117.00000    	  118.00000    	 -2.3662886    	 0.27629384E-02
  118.00000    	  119.00000    	 -2.2174680    	 0.25875826E-02
  119.00000    	  120.00000    	 -2.0509745    	 0.24429631E-02
  120.00000    	  121.00000    	 -1.8668386    	 0.22738956E-02
  121.00000    	  122.00000    	 -2.7544847    	 0.34464350E-02
  122.00000    	  123.00000    	 -2.7419252    	 0.35126936E-02
  123.00000    	  124.00000    	 -2.7180201    	 0.33847589E-02
  124.00000    	  125.00000    	 -2.6712319    	 0.32591971E-02
  125.00000    	  126.00000    	 -2.6084970    	 0.31718291E-02
  126.00000    	  127.00000    	 -2.5216870    	 0.30586570E-02
  127.00000    	  128.00000    	 -2.4065323    	 0.28630578E-02
  128.00000    	  129.00000    	 -2.2809552    	 0.27132031E-02
  129.00000    	  130.00000    	 -2.1251941    	 0.25151701E-02
  130.00000    	  131.00000    	 -1.9568837    	 0.23583868E-02
  131.00000    	  132.00000    	 -1.7790817    	 0.22154086E-02
  132.00000    	  133.00000    	 -2.6859164    	 0.34331907E-02
  133.00000    	  134.00000    	 -2.6776344    	 0.33772099E-02
  134.00000    	  135.00000    	 -2.6434976    	 0.31978376E-02
  135.00000    	  136.00000    	 -2.5957423    	 0.31652559E-02
  136.00000    	  137.00000    	 -2.5280170    	 0.30347273E-02
  137.00000    	  138.00000    	 -2.4384521    	 0.28835084E-02
  138.00000    	  139.00000    	 -2.3255394    	 0.27861200E-02
  139.00000    	  140.00000    	 -2.1911811    	 0.26149685E-02
  140.00000    	  141.00000    	 -2.0421850    	 0.24500861E-02
  141.00000    	  142.00000    	 -1.8740178    	 0.23027657E-02
  142.00000    	  143.00000    	 -1.6946289    	 0.21415853E-02
  143.00000    	  144.00000    	 -2.6252341    	 0.34105510E-02
  144.00000    	  145.00000    	 -2.6051358    	 0.33248151E-02
  145.00000    	  146.00000    	 -2.5768834    	 0.31960654E-02
  146.00000    	  147.00000    	 -2.5276093    	 0.30831703E-02
  147.00000    	  148.00000    	 -2.4554080    	 0.30232770E-02
  148.00000    	  149.00000    	 -2.3617979    	 0.28605602E-02
  149.00000    	  150.00000    	 -2.2476429    	 0.26746918E-02
  150.00000    	  151.00000    	 -2.1099695    	 0.25421591E-02
  151.00000    	  152.00000    	 -1.9574170    	 0.23852443E-02
  152.00000    	  153.00000    	 -1.7942323    	 0.22369056E-02
  153.00000    	  154.00000    	 -1.6182484    	 0.20836671E-02
  154.00000    	  155.00000    	 -2.5624690    	 0.32725437E-02
  155.00000    	  156.00000    	 -2.5461946    	 0.31764018E-02
  156.00000    	  157.00000    	 -2.5100921    	 0.30933207E-02
  157.00000    	  158.00000    	 -2.4591217    	 0.29817405E-02
  158.00000    	  159.00000    	 -2.3799922    	 0.29066090E-02
  159.00000    	  160.00000    	 -2.2882417    	 0.27739725E-02
  160.00000    	  161.00000    	 -2.1688900    	 0.26176511E-02
  161.00000    	  162.00000    	 -2.0343713    	 0.24813563E-02
  162.00000    	  163.00000    	 -1.8872346    	 0.23661562E-02
  163.00000    	  164.00000    	 -1.7201163    	 0.21767646E-02
  164.00000    	  165.00000    	 -1.5449821    	 0.20247794E-02
  165.00000    	  166.00000    	 -2.5003395    	 0.31918950E-02
  166.00000    	  167.00000    	 -2.4844006    	 0.30810704E-02
  167.00000    	  168.00000    	 -2.4469719    	 0.30312368E-02
  168.00000    	  169.00000    	 -2.3917060    	 0.29689244E-02
  169.00000    	  170.00000    	 -2.3176309    	 0.28439712E-02
  170.00000    	  171.00000    	 -2.2176236    	 0.27530686E-02
  171.00000    	  172.00000    	 -2.0998542    	 0.25736002E-02
  172.00000    	  173.00000    	 -1.9662219    	 0.24436692E-02
  173.00000    	  174.00000    	 -1.8112927    	 0.22727982E-02
  174.00000    	  175.00000    	 -1.6503213    	 0.21232409E-02
  175.00000    	  176.00000    	 -1.4802266    	 0.19767512E-02
  176.00000    	  177.00000    	 -2.4439533    	 0.31592740E-02
  177.00000    	  178.00000    	 -2.4258531    	 0.30412184E-02
  178.00000    	  179.00000    	 -2.3869952    	 0.29575148E-02
  179.00000    	  180.00000    	 -2.3298318    	 0.29273293E-02
  180.00000    	  181.00000    	 -2.2522100    	 0.27560013E-02
  181.00000    	  182.00000    	 -2.1508757    	 0.26680690E-02
  182.00000    	  183.00000    	 -2.0323374    	 0.25577631E-02
  183.00000    	  184.00000    	 -1.8948267    	 0.23873277E-02
  184.00000    	  185.00000    	 -1.7473993    	 0.22188790E-02
  185.00000    	  186.00000    	 -1.5848674    	 0.20747645E-02
  186.00000    	  187.00000    	 -1.4186049    	 0.19373384E-02
  187.00000    	  188.00000    	 -2.3871736    	 0.30993361E-02
  188.00000    	  189.00000    	 -2.3685185    	 0.29961418E-02
  189.00000    	  190.00000    	 -2.3303488    	 0.29550980E-02
  190.00000    	  191.00000    	 -2.2704491    	 0.28409847E-02
  191.00000    	  192.00000    	 -2.1909263    	 0.27643794E-02
  192.00000    	  193.00000    	 -2.0883041    	 0.26266985E-02
  193.00000    	  194.00000    	 -1.9674285    	 0.25233200E-02
  194.00000    	  195.00000    	 -1.8320621    	 0.23231484E-02
  195.00000    	  196.00000    	 -1.6823216    	 0.21741678E-02
  196.00000    	  197.00000    	 -1.5250263    	 0.20364525E-02
  197.00000    	  198.00000    	 -1.3583227    	 0.18794256E-02
  198.00000    	  199.00000    	 -2.3320482    	 0.30835276E-02
  199.00000    	  200.00000    	 -2.3125468    	 0.29498399E-02
  200.00000    	  201.00000    	 -2.2737967    	 0.28305639E-02
  201.00000    	  202.00000    	 -2.2107973    	 0.27804151E-02
  202.00000    	  203.00000    	 -2.1278041    	 0.27060061E-02
  203.00000    	  204.00000    	 -2.0284593    	 0.25608512E-02
  204.00000    	  205.00000    	 -1.9091188    	 0.24250970E-02
  205.00000    	  206.00000    	 -1.7744089    	 0.22827513E-02
  206.00000    	  207.00000    	 -1.6251006    	 0.21820805E-02
  207.00000    	  208.00000    	 -1.4664616    	 0.19874989E-02
  208.00000    	  209.00000    	 -1.3055356    	 0.18367568E-02
  209.00000    	  210.00000    	 -2.2832228    	 0.30387702E-02
  210.00000    	  211.00000    	 -2.2632246    	 0.29811042E-02
  211.00000    	  212.00000    	 -2.2165335    	 0.28381765E-02
  212.00000    	  213.00000    	 -2.1581779    	 0.27487305E-02
  213.00000    	  214.00000    	 -2.0755909    	 0.26217364E-02
  214.00000    	  215.00000    	 -1.9704730    	 0.25186479E-02
  215.00000    	  216.00000    	 -1.8501479    	 0.23702638E-02
  216.00000    	  217.00000    	 -1.7133040    	 0.22321709E-02
  217.00000    	  218.00000    	 -1.5663884    	 0.20808024E-02
  218.00000    	  219.00000    	 -1.4141377    	 0.19400557E-02
  219.00000    	  220.00000    	 -1.2510008    	 0.17924900E-02
  220.00000    	  221.00000    	 -2.2290560    	 0.28968141E-02
  221.00000    	  222.00000    	 -2.2073543    	 0.28403748E-02
  222.00000    	  223.00000    	 -2.1658361    	 0.27590052E-02
  223.00000    	  224.00000    	 -2.1014681    	 0.27070343E-02
  224.00000    	  225.00000    	 -2.0179908    	 0.26000419E-02
  225.00000    	  226.00000    	 -1.9158874    	 0.24581407E-02
  226.00000    	  227.00000    	 -1.7948831    	 0.23314575E-02
  227.00000    	  228.00000    	 -1.6591921    	 0.21834111E-02
  228.00000    	  229.00000    	 -1.5137031    	 0.20461601E-02
  229.00000    	  230.00000    	 -1.3612695    	 0.19003406E-02
  230.00000    	  231.00000    	 -1.2045532    	 0.17614689E-02
  231.00000    	  232.00000    	 -2.1787933    	 0.28916669E-02
  232.00000    	  233.00000    	 -2.1594370    	 0.29017048E-02
  233.00000    	  234.00000    	 -2.1175471    	 0.27825820E-02
  234.00000    	  235.00000    	 -2.0502947    	 0.26729687E-02
  235.00000    	  236.00000    	 -1.9651341    	 0.25891678E-02
  236.00000    	  237.00000    	 -1.8644803    	 0.24478441E-02
  237.00000    	  238.00000    	 -1.7410616    	 0.22848468E-02
  238.00000    	  239.00000    	 -1.6084194    	 0.21450152E-02
  239.00000    	  240.00000    	 -1.4643058    	 0.20484511E-02
  240.00000    	  241.00000    	 -1.3127370    	 0.18616941E-02
  241.00000    	  242.00000    	 -1.1569653    	 0.17173076E-02
  242.00000    	  243.00000    	 -2.1301497    	 0.28793698E-02
  243.00000    	  244.00000    	 -2.1099915    	 0.28389029E-02
  244.00000    	  245.00000    	 -2.0678193    	 0.27549028E-02
  245.00000    	  246.00000    	 -1.9996185    	 0.26160853E-02
  246.00000    	  247.00000    	 -1.9147044    	 0.24968169E-02
  247.00000    	  248.00000    	 -1.8096913    	 0.23802732E-02
  248.00000    	  249.00000    	 -1.6904970    	 0.23025215E-02
  249.00000    	  250.00000    	 -1.5576564    	 0.21019997E-02
  250.00000    	  251.00000    	 -1.4180662    	 0.19710602E-02
  251.00000    	  252.00000    	 -1.2673608    	 0.18303713E-02
  252.00000    	  253.00000    	 -1.1147215    	 0.16837122E-02
  253.00000    	  254.00000    	 -2.0866234    	 0.28273534E-02
  254.00000    	  255.00000    	 -2.0631136    	 0.28192923E-02
  255.00000    	  256.00000    	 -2.0181981    	 0.26991912E-02
  256.00000    	  257.00000    	 -1.9526609    	 0.25883106E-02
  257.00000    	  258.00000    	 -1.8667211    	 0.24402731E-02
  258.00000    	  259.00000    	 -1.7641826    	 0.23540767E-02
  259.00000    	  260.00000    	 -1.6449979    	 0.22159970E-02
  260.00000    	  261.00000    	 -1.5115210    	 0.20818738E-02
  261.00000    	  262.00000    	 -1.3705075    	 0.19324132E-02
  262.00000    	  263.00000    	 -1.2238576    	 0.17919320E-02
  263.00000    	  264.00000    	 -1.0720590    	 0.16480770E-02
  264.00000    	  265.00000    	 -2.0366332    	 0.28302702E-02
  265.00000    	  266.00000    	 -2.0153411    	 0.27337739E-02
  266.00000    	  267.00000    	 -1.9701737    	 0.26263118E-02
  267.00000    	  268.00000    	 -1.9072797    	 0.25471842E-02
  268.00000    	  269.00000    	 -1.8189629    	 0.24348261E-02
  269.00000    	  270.00000    	 -1.7139014    	 0.23223468E-02
  270.00000    	  271.00000    	 -1.5963415    	 0.21680811E-02
  271.00000    	  272.00000    	 -1.4661403    	 0.20377569E-02
  272.00000    	  273.00000    	 -1.3273742    	 0.18977933E-02
  273.00000    	  274.00000    	 -1.1808360    	 0.17567392E-02
  274.00000    	  275.00000    	 -1.0342928    	 0.16228967E-02
  275.00000    	  276.00000    	 -1.9936716    	 0.27618821E-02
  276.00000    	  277.00000    	 -1.9669250    	 0.26878937E-02
  277.00000    	  278.00000    	 -1.9265829    	 0.26146635E-02
  278.00000    	  279.00000    	 -1.8588218    	 0.24683161E-02
  279.00000    	  280.00000    	 -1.7731278    	 0.23742784E-02
  280.00000    	  281.00000    	 -1.6698181    	 0.22539904E-02
  281.00000    	  282.00000    	 -1.5547528    	 0.21783172E-02
  282.00000    	  283.00000    	 -1.4226693    	 0.20156005E-02
  283.00000    	  284.00000    	 -1.2863098    	 0.18706910E-02
  284.00000    	  285.00000    	 -1.1444439    	 0.17318254E-02
  285.00000    	  286.00000    	-0.99697033    	 0.15856534E-02
  286.00000    	  287.00000    	 -1.9479607    	 0.26705511E-02
  287.00000    	  288.00000    	 -1.9242836    	 0.27148739E-02
  288.00000    	  289.00000    	 -1.8822927    	 0.25994545E-02
  289.00000    	  290.00000    	 -1.8151301    	 0.24325695E-02
  290.00000    	  291.00000    	 -1.7296191    	 0.23438650E-02
  291.00000    	  292.00000    	 -1.6259458    	 0.22607238E-02
  292.00000    	  293.00000    	 -1.5097517    	 0.21040565E-02
  293.00000    	  294.00000    	 -1.3822925    	 0.20002518E-02
  294.00000    	  295.00000    	 -1.2448378    	 0.18370257E-02
  295.00000    	  296.00000    	 -1.1040565    	 0.16942793E-02
  296.00000    	  297.00000    	-0.96087256    	 0.15564613E-02
  297.00000    	  298.00000    	 -1.9035078    	 0.26327916E-02
  298.00000    	  299.00000    	 -1.8832641    	 0.26277699E-02
  299.00000    	  300.00000    	 -1.8342947    	 0.25425930E-02
  300.00000    	  301.00000    	 -1.7690624    	 0.24368867E-02
  301.00000    	  302.00000    	 -1.6881480    	 0.23203599E-02
  302.00000    	  303.00000    	 -1.5868629    	 0.21948876E-02
  303.00000    	  304.00000    	 -1.4691468    	 0.21120614E-02
  304.00000    	  305.00000    	 -1.3449245    	 0.19451918E-02
  305.00000    	  306.00000    	 -1.2087218    	 0.18147893E-02
  306.00000    	  307.00000    	 -1.0684450    	 0.16664170E-02
  307.00000    	  308.00000    	-0.92779178    	 0.15305235E-02
  308.00000    	  309.00000    	 -1.8610004    	 0.26897676E-02
  309.00000    	  310.00000    	 -1.8384272    	 0.25204875E-02
  310.00000    	  311.00000    	 -1.7923689    	 0.24713221E-02
  311.00000    	  312.00000    	 -1.7264548    	 0.24372047E-02
  312.00000    	  313.00000    	 -1.6457953    	 0.22885554E-02
  313.00000    	  314.00000    	 -1.5427212    	 0.21532728E-02
  314.00000    	  315.00000    	 -1.4290913    	 0.20424806E-02
  315.00000    	  316.00000    	 -1.3044325    	 0.19095351E-02
  316.00000    	  317.00000    	 -1.1717871    	 0.17754058E-02
  317.00000    	  318.00000    	 -1.0334569    	 0.16386407E-02
  318.00000    	  319.00000    	-0.89481903    	 0.15034436E-02
  319.00000    	  320.00000    	 -1.8185628    	 0.25630835E-02
  320.00000    	  321.00000    	 -1.7955205    	 0.25622068E-02
  321.00000    	  322.00000    	 -1.7525001    	 0.24478651E-02
  322.00000    	  323.00000    	 -1.6882602    	 0.23738857E-02
  323.00000    	  324.00000    	 -1.6064836    	 0.22472704E-02
  324.00000    	  325.00000    	 -1.5044923    	 0.21344111E-02
  325.00000    	  326.00000    	 -1.3894768    	 0.20149519E-02
  326.00000    	  327.00000    	 -1.2691318    	 0.19004198E-02
  327.00000    	  328.00000    	 -1.1362520    	 0.17489386E-02
  328.00000    	  329.00000    	 -1.0019949    	 0.16173976E-02
  329.00000    	  330.00000    	-0.86406586    	 0.14756481E-02
  330.00000    	  331.00000    	 -1.7760080    	 0.25363294E-02
  331.00000    	  332.00000    	 -1.7532856    	 0.24594237E-02
  332.00000    	  333.00000    	 -1.7121796    	 0.24601114E-02
  333.00000    	  334.00000    	 -1.6464443    	 0.23403977E-02
  334.00000    	  335.00000    	 -1.5638180    	 0.22069917E-02
  335.00000    	  336.00000    	 -1.4672689    	 0.21068467E-02
  336.00000    	  337.00000    	 -1.3535924    	 0.19882069E-02
  337.00000    	  338.00000    	 -1.2304746    	 0.18616662E-02
  338.00000    	  339.00000    	 -1.1037160    	 0.17255082E-02
  339.00000    	  340.00000    	-0.97014634    	 0.15905285E-02
  340.00000    	  341.00000    	-0.83586448    	 0.14570115E-02
  341.00000    	  342.00000    	 -1.7364029    	 0.24956906E-02
  342.00000    	  343.00000    	 -1.7162385    	 0.24379981E-02
  343.00000    	  344.00000    	 -1.6698315    	 0.23599991E-02
  344.00000    	  345.00000    	 -1.6094489    	 0.23159994E-02
  345.00000    	  346.00000    	 -1.5293136    	 0.21964570E-02
  346.00000    	  347.00000    	 -1.4268372    	 0.20791430E-02
  347.00000    	  348.00000    	 -1.3194648    	 0.19531823E-02
  348.00000    	  349.00000    	 -1.1985953    	 0.18290571E-02
  349.00000    	  350.00000    	 -1.0688529    	 0.16981727E-02
  350.00000    	  351.00000    	-0.93870281    	 0.15628684E-02
  351.00000    	  352.00000    	-0.80713182    	 0.14264543E-02
  352.00000    	  353.00000    	 -1.6975192    	 0.25023725E-02
  353.00000    	  354.00000    	 -1.6767606    	 0.24040008E-02
  354.00000    	  355.00000    	 -1.6342583    	 0.23488603E-02
  355.00000    	  356.00000    	 -1.5709827    	 0.23470027E-02
  356.00000    	  357.00000    	 -1.4868867    	 0.21578515E-02
  357.00000    	  358.00000    	 -1.3938219    	 0.20804554E-02
  358.00000    	  359.00000    	 -1.2849296    	 0.19311477E-02
  359.00000    	  360.00000    	 -1.1635892    	 0.18023184E-02
  360.00000    	  361.00000    	 -1.0387522    	 0.16766889E-02
  361.00000    	  362.00000    	-0.91137232    	 0.15462334E-02
  362.00000    	  363.00000    	-0.77825910    	 0.14001328E-02
  363.00000    	  364.00000    	 -1.6633275    	 0.24684188E-02
  364.00000    	  365.00000    	 -1.6374578    	 0.23855647E-02
  365.00000    	  366.00000    	 -1.5941061    	 0.23001381E-02
  366.00000    	  367.00000    	 -1.5349478    	 0.22248797E-02
  367.00000    	  368.00000    	 -1.4545691    	 0.21437934E-02
  368.00000    	  369.00000    	 -1.3599268    	 0.20223248E-02
  369.00000    	  370.00000    	 -1.2506745    	 0.19018739E-02
  370.00000    	  371.00000    	 -1.1364031    	 0.17897041E-02
  371.00000    	  372.00000    	 -1.0109943    	 0.16501788E-02
  372.00000    	  373.00000    	-0.88321160    	 0.15155016E-02
  373.00000    	  374.00000    	-0.75460378    	 0.13797708E-02
  374.00000    	  375.00000    	 -1.6242689    	 0.24427895E-02
  375.00000    	  376.00000    	 -1.6032692    	 0.23299666E-02
  376.00000    	  377.00000    	 -1.5651738    	 0.22782473E-02
  377.00000    	  378.00000    	 -1.5002772    	 0.22084265E-02
  378.00000    	  379.00000    	 -1.4191745    	 0.20940536E-02
  379.00000    	  380.00000    	 -1.3266056    	 0.20370969E-02
  380.00000    	  381.00000    	 -1.2196209    	 0.18778167E-02
  381.00000    	  382.00000    	 -1.1049635    	 0.17620460E-02
  382.00000    	  383.00000    	-0.98272466    	 0.16263858E-02
  383.00000    	  384.00000    	-0.85648911    	 0.14937783E-02
  384.00000    	  385.00000    	-0.73163957    	 0.13598626E-02
  385.00000    	  386.00000    	 -1.5915011    	 0.23936608E-02
  386.00000    	  387.00000    	 -1.5690765    	 0.23168469E-02
  387.00000    	  388.00000    	 -1.5276218    	 0.22631921E-02
  388.00000    	  389.00000    	 -1.4663336    	 0.21657653E-02
  389.00000    	  390.00000    	 -1.3893712    	 0.20677394E-02
  390.00000    	  391.00000    	 -1.2964424    	 0.19635563E-02
  391.00000    	  392.00000    	 -1.1908916    	 0.18529142E-02
  392.00000    	  393.00000    	 -1.0763084    	 0.17343466E-02
  393.00000    	  394.00000    	-0.95621630    	 0.16043051E-02
  394.00000    	  395.00000    	-0.83051029    	 0.14715092E-02
  395.00000    	  396.00000    	-0.70739991    	 0.13392354E-02
  396.00000    	  397.00000    	 -1.5578767    	 0.23404581E-02
  397.00000    	  398.00000    	 -1.5388421    	 0.23305670E-02
  398.00000    	  399.00000    	 -1.4963145    	 0.22631390E-02
  399.00000    	  400.00000    	 -1.4382236    	 0.21414016E-02
  400.00000    	  401.00000    	 -1.3591486    	 0.20570311E-02
  401.00000    	  402.00000    	 -1.2668402    	 0.19501873E-02
  402.00000    	  403.00000    	 -1.1635447    	 0.18336436E-02
  403.00000    	  404.00000    	 -1.0492561    	 0.17131680E-02
  404.00000    	  405.00000    	-0.92919320    	 0.15841730E-02
  405.00000    	  406.00000    	-0.80982891    	 0.14555126E-02
  406.00000    	  407.00000    	-0.68529060    	 0.13179228E-02
  407.00000    	  408.00000    	 -1.5307734    	 0.23431180E-02
  408.00000    	  409.00000    	 -1.5095814    	 0.22662169E-02
  409.00000    	  410.00000    	 -1.4701865    	 0.21998307E-02
  410.00000    	  411.00000    	 -1.4072109    	 0.21218667E-02
  411.00000    	  412.00000    	 -1.3309882    	 0.20294550E-02
  412.00000    	  413.00000    	 -1.2365079    	 0.19234110E-02
  413.00000    	  414.00000    	 -1.1361319    	 0.18207040E-02
  414.00000    	  415.00000    	 -1.0227132    	 0.16889559E-02
  415.00000    	  416.00000    	-0.90465715    	 0.15610648E-02
  416.00000    	  417.00000    	-0.78318606    	 0.14293138E-02
  417.00000    	  418.00000    	-0.66547285    	 0.12990344E-02
  418.00000    	  419.00000    	 -1.4989203    	 0.23099057E-02
  419.00000    	  420.00000    	 -1.4782506    	 0.22322052E-02
  420.00000    	  421.00000    	 -1.4392223    	 0.21858002E-02
  421.00000    	  422.00000    	 -1.3793649    	 0.20958477E-02
  422.00000    	  423.00000    	 -1.3020817    	 0.20041236E-02
  423.00000    	  424.00000    	 -1.2122113    	 0.19068261E-02
  424.00000    	  425.00000    	 -1.1091521    	 0.17944554E-02
  425.00000    	  426.00000    	-0.99627760    	 0.16686732E-02
  426.00000    	  427.00000    	-0.88179138    	 0.15420250E-02
  427.00000    	  428.00000    	-0.76320303    	 0.14130312E-02
  428.00000    	  429.00000    	-0.64526258    	 0.12813361E-02
  429.00000    	  430.00000    	 -1.4730605    	 0.23126440E-02
  430.00000    	  431.00000    	 -1.4540592    	 0.22496813E-02
  431.00000    	  432.00000    	 -1.4102436    	 0.21607363E-02
  432.00000    	  433.00000    	 -1.3517874    	 0.20927903E-02
  433.00000    	  434.00000    	 -1.2746417    	 0.20015959E-02
  434.00000    	  435.00000    	 -1.1850679    	 0.18884422E-02
  435.00000    	  436.00000    	 -1.0819988    	 0.17650734E-02
  436.00000    	  437.00000    	-0.97598543    	 0.16523938E-02
  437.00000    	  438.00000    	-0.85867751    	 0.15241912E-02
  438.00000    	  439.00000    	-0.74114817    	 0.13925549E-02
  439.00000    	  440.00000    	-0.62448897    	 0.12608744E-02
  440.00000    	  441.00000    	 -1.4465026    	 0.22653417E-02
  441.00000    	  442.00000    	 -1.4226998    	 0.22017795E-02
  442.00000    	  443.00000    	 -1.3813402    	 0.21281439E-02
  443.00000    	  444.00000    	 -1.3271833    	 0.20915171E-02
  444.00000    	  445.00000    	 -1.2512236    	 0.19744279E-02
  445.00000    	  446.00000    	 -1.1621195    	 0.18696379E-02
  446.00000    	  447.00000    	 -1.0599459    	 0.17538914E-02
  447.00000    	  448.00000    	-0.95076955    	 0.16410132E-02
  448.00000    	  449.00000    	-0.83711179    	 0.15029906E-02
  449.00000    	  450.00000    	-0.72299135    	 0.13764396E-02
  450.00000    	  451.00000    	-0.60815637    	 0.12456004E-02
  451.00000    	  452.00000    	 -1.4185400    	 0.22393614E-02
  452.00000    	  453.00000    	 -1.4000000    	 0.21768350E-02
  453.00000    	  454.00000    	 -1.3587416    	 0.21087692E-02
  454.00000    	  455.00000    	 -1.2986449    	 0.20200068E-02
  455.00000    	  456.00000    	 -1.2271900    	 0.19558348E-02
  456.00000    	  457.00000    	 -1.1357804    	 0.18398784E-02
  457.00000    	  458.00000    	 -1.0375040    	 0.17344906E-02
  458.00000    	  459.00000    	-0.92983497    	 0.16129480E-02
  459.00000    	  460.00000    	-0.81845381    	 0.14875376E-02
  460.00000    	  461.00000    	-0.70077486    	 0.13558055E-02
  461.00000    	  462.00000    	-0.59128711    	 0.12309165E-02
  462.00000    	  463.00000    	 -1.3933920    	 0.22273021E-02
  463.00000    	  464.00000    	 -1.3740023    	 0.21704304E-02
  464.00000    	  465.00000    	 -1.3369927    	 0.21090960E-02
  465.00000    	  466.00000    	 -1.2771374    	 0.20113225E-02
  466.00000    	  467.00000    	 -1.2008074    	 0.19163491E-02
  467.00000    	  468.00000    	 -1.1137830    	 0.18227953E-02
  468.00000    	  469.00000    	 -1.0153800    	 0.17140135E-02
  469.00000    	  470.00000    	-0.90865872    	 0.15943999E-02
  470.00000    	  471.00000    	-0.79761064    	 0.14688776E-02
  471.00000    	  472.00000    	-0.68443833    	 0.13406948E-02
  472.00000    	  473.00000    	-0.57214066    	 0.12102393E-02
  473.00000    	  474.00000    	 -1.3718440    	 0.22145949E-02
  474.00000    	  475.00000    	 -1.3490812    	 0.21403667E-02
  475.00000    	  476.00000    	 -1.3092251    	 0.20746891E-02
  476.00000    	  477.00000    	 -1.2546226    	 0.19854917E-02
  477.00000    	  478.00000    	 -1.1797461    	 0.19106906E-02
  478.00000    	  479.00000    	 -1.0902504    	 0.17999251E-02
  479.00000    	  480.00000    	-0.99209914    	 0.16900525E-02
  480.00000    	  481.00000    	-0.88880350    	 0.15757675E-02
  481.00000    	  482.00000    	-0.77722128    	 0.14509332E-02
  482.00000    	  483.00000    	-0.66601379    	 0.13253123E-02
  483.00000    	  484.00000    	-0.55629013    	 0.11946058E-02
  484.00000    	  485.00000    	 -1.3480640    	 0.21960869E-02
  485.00000    	  486.00000    	 -1.3286160    	 0.21305830E-02
  486.00000    	  487.00000    	 -1.2863706    	 0.20504135E-02
  487.00000    	  488.00000    	 -1.2291146    	 0.19891082E-02
  488.00000    	  489.00000    	 -1.1567662    	 0.18799271E-02
  489.00000    	  490.00000    	 -1.0711312    	 0.17981215E-02
  490.00000    	  491.00000    	-0.97247591    	 0.16754451E-02
  491.00000    	  492.00000    	-0.86700796    	 0.15565196E-02
  492.00000    	  493.00000    	-0.75847826    	 0.14344300E-02
  493.00000    	  494.00000    	-0.64791355    	 0.13064015E-02
  494.00000    	  495.00000    	-0.54011824    	 0.11790696E-02
  495.00000    	  496.00000    	 -1.3245640    	 0.21821430E-02
  496.00000    	  497.00000    	 -1.3055948    	 0.21081605E-02
  497.00000    	  498.00000    	 -1.2645272    	 0.20290285E-02
  498.00000    	  499.00000    	 -1.2078112    	 0.19500303E-02
  499.00000    	  500.00000    	 -1.1329347    	 0.18622072E-02
  500.00000    	  501.00000    	 -1.0499736    	 0.17696312E-02
  501.00000    	  502.00000    	-0.95129773    	 0.16549788E-02
  502.00000    	  503.00000    	-0.84951595    	 0.15456940E-02
  503.00000    	  504.00000    	-0.74178398    	 0.14196344E-02
  504.00000    	  505.00000    	-0.63262771    	 0.12924613E-02
  505.00000    	  506.00000    	-0.52518454    	 0.11658148E-02
  506.00000    	  507.00000    	 -1.3032901    	 0.21290246E-02
  507.00000    	  508.00000    	 -1.2823054    	 0.20913227E-02
  508.00000    	  509.00000    	 -1.2429424    	 0.20295917E-02
  509.00000    	  510.00000    	 -1.1861651    	 0.19501672E-02
  510.00000    	  511.00000    	 -1.1141542    	 0.18495470E-02
  511.00000    	  512.00000    	 -1.0283486    	 0.17504236E-02
  512.00000    	  513.00000    	-0.93419666    	 0.16446437E-02
  513.00000    	  514.00000    	-0.82989356    	 0.15259690E-02
  514.00000    	  515.00000    	-0.72264349    	 0.14019792E-02
  515.00000    	  516.00000    	-0.61536841    	 0.12772729E-02
  516.00000    	  517.00000    	-0.50991224    	 0.11473179E-02
  517.00000    	  518.00000    	 -1.2816848    	 0.21191422E-02
  518.00000    	  519.00000    	 -1.2586881    	 0.20585715E-02
  519.00000    	  520.00000    	 -1.2242513    	 0.20192884E-02
  520.00000    	  521.00000    	 -1.1645246    	 0.19124745E-02
  521.00000    	  522.00000    	 -1.0948168    	 0.18328720E-02
  522.00000    	  523.00000    	 -1.0094171    	 0.17294802E-02
  523.00000    	  524.00000    	-0.91409566    	 0.16260637E-02
  524.00000    	  525.00000    	-0.81321795    	 0.15105725E-02
  525.00000    	  526.00000    	-0.70520206    	 0.13868834E-02
  526.00000    	  527.00000    	-0.60037452    	 0.12632820E-02
  527.00000    	  528.00000    	-0.49688156    	 0.11367162E-02
  528.00000    	  529.00000    	 -1.2615174    	 0.21200933E-02
  529.00000    	  530.00000    	 -1.2397079    	 0.20478449E-02
  530.00000    	  531.00000    	 -1.2009741    	 0.19731657E-02
  531.00000    	  532.00000    	 -1.1468833    	 0.19030325E-02
  532.00000    	  533.00000    	 -1.0732679    	 0.18154914E-02
  533.00000    	  534.00000    	-0.98892876    	 0.17130336E-02
  534.00000    	  535.00000    	-0.89486962    	 0.16093081E-02
  535.00000    	  536.00000    	-0.79428402    	 0.14934858E-02
  536.00000    	  537.00000    	-0.68922768    	 0.13705557E-02
  537.00000    	  538.00000    	-0.58313016    	 0.12444131E-02
  538.00000    	  539.00000    	-0.48341915    	 0.11194906E-02
  539.00000    	  540.00000    	 -1.2386752    	 0.20819835E-02
  540.00000    	  541.00000    	 -1.2194080    	 0.20513291E-02
  541.00000    	  542.00000    	 -1.1821748    	 0.19637044E-02
  542.00000    	  543.00000    	 -1.1263569    	 0.18861389E-02
  543.00000    	  544.00000    	 -1.0552594    	 0.17931602E-02
  544.00000    	  545.00000    	-0.96980402    	 0.16970591E-02
  545.00000    	  546.00000    	-0.87802586    	 0.15919268E-02
  546.00000    	  547.00000    	-0.77713489    	 0.14770184E-02
  547.00000    	  548.00000    	-0.67249612    	 0.13548537E-02
  548.00000    	  549.00000    	-0.57065631    	 0.12335074E-02
  549.00000    	  550.00000    	-0.46925518    	 0.11046760E-02
  550.00000    	  551.00000    	 -1.2193135    	 0.20738571E-02
  551.00000    	  552.00000    	 -1.2010854    	 0.20029736E-02
  552.00000    	  553.00000    	 -1.1624952    	 0.19511206E-02
  553.00000    	  554.00000    	 -1.1045530    	 0.18673587E-02
  554.00000    	  555.00000    	 -1.0377889    	 0.17806410E-02
  555.00000    	  556.00000    	-0.95187668    	 0.16924562E-02
  556.00000    	  557.00000    	-0.85837138    	 0.15760841E-02
  557.00000    	  558.00000    	-0.75822917    	 0.14608440E-02
  558.00000    	  559.00000    	-0.65782499    	 0.13419023E-02
  559.00000    	  560.00000    	-0.55644492    	 0.12233927E-02
  560.00000    	  561.00000    	-0.45749132    	 0.10923681E-02
  561.00000    	  562.00000    	 -1.1986729    	 0.20384711E-02
  562.00000    	  563.00000    	 -1.1804201    	 0.19890854E-02
  563.00000    	  564.00000    	 -1.1418654    	 0.19236060E-02
  564.00000    	  565.00000    	 -1.0860605    	 0.18462195E-02
  565.00000    	  566.00000    	 -1.0150548    	 0.17601602E-02
  566.00000    	  567.00000    	-0.93548376    	 0.16687183E-02
  567.00000    	  568.00000    	-0.84161079    	 0.15601653E-02
  568.00000    	  569.00000    	-0.74363932    	 0.14469108E-02
  569.00000    	  570.00000    	-0.64243674    	 0.13284559E-02
  570.00000    	  571.00000    	-0.54363391    	 0.12108492E-02
  571.00000    	  572.00000    	-0.44505329    	 0.10792794E-02
  572.00000    	  573.00000    	 -1.1798095    	 0.20254199E-02
  573.00000    	  574.00000    	 -1.1610210    	 0.19706562E-02
  574.00000    	  575.00000    	 -1.1234699    	 0.19120093E-02
  575.00000    	  576.00000    	 -1.0670787    	 0.18302682E-02
  576.00000    	  577.00000    	-0.99860216    	 0.17449093E-02
  577.00000    	  578.00000    	-0.91768283    	 0.16530889E-02
  578.00000    	  579.00000    	-0.82528808    	 0.15444691E-02
  579.00000    	  580.00000    	-0.72898445    	 0.14351480E-02
  580.00000    	  581.00000    	-0.62977727    	 0.13198872E-02
  581.00000    	  582.00000    	-0.52790880    	 0.11905008E-02
  582.00000    	  583.00000    	-0.43419474    	 0.10668670E-02
  583.00000    	  584.00000    	 -1.1624509    	 0.20109797E-02
  584.00000    	  585.00000    	 -1.1430100    	 0.19533287E-02
  585.00000    	  586.00000    	 -1.1045101    	 0.18974302E-02
  586.00000    	  587.00000    	 -1.0498641    	 0.18143093E-02
  587.00000    	  588.00000    	-0.98167421    	 0.17301429E-02
  588.00000    	  589.00000    	-0.90103315    	 0.16371265E-02
  589.00000    	  590.00000    	-0.80957372    	 0.15309538E-02
  590.00000    	  591.00000    	-0.71380142    	 0.14207725E-02
  591.00000    	  592.00000    	-0.61417743    	 0.13031726E-02
  592.00000    	  593.00000    	-0.51663432    	 0.11790780E-02
  593.00000    	  594.00000    	-0.42119497    	 0.10549672E-02
  594.00000    	  595.00000    	 -1.1418412    	 0.19941196E-02
  595.00000    	  596.00000    	 -1.1252449    	 0.19403092E-02
  596.00000    	  597.00000    	 -1.0871086    	 0.18810149E-02
  597.00000    	  598.00000    	 -1.0353564    	 0.18021478E-02
  598.00000    	  599.00000    	-0.96373815    	 0.17161396E-02
  599.00000    	  600.00000    	-0.88407280    	 0.16210501E-02
  600.00000    	  601.00000    	-0.79364034    	 0.15171064E-02
  601.00000    	  602.00000    	-0.69767731    	 0.14045827E-02
  602.00000    	  603.00000    	-0.59958479    	 0.12858650E-02
  603.00000    	  604.00000    	-0.50377578    	 0.11659733E-02
  604.00000    	  605.00000    	-0.41133334    	 0.10416720E-02
  605.00000    	  606.00000    	 -1.1250500    	 0.19756216E-02
  606.00000    	  607.00000    	 -1.1084035    	 0.19241507E-02
  607.00000    	  608.00000    	 -1.0722623    	 0.18623920E-02
  608.00000    	  609.00000    	 -1.0156456    	 0.17848481E-02
  609.00000    	  610.00000    	-0.94600798    	 0.16987342E-02
  610.00000    	  611.00000    	-0.86761415    	 0.16070877E-02
  611.00000    	  612.00000    	-0.77752924    	 0.15031622E-02
  612.00000    	  613.00000    	-0.68184664    	 0.13895768E-02
  613.00000    	  614.00000    	-0.58652528    	 0.12762844E-02
  614.00000    	  615.00000    	-0.49236020    	 0.11548577E-02
  615.00000    	  616.00000    	-0.39887430    	 0.10261627E-02
  616.00000    	  617.00000    	 -1.1081634    	 0.19591514E-02
  617.00000    	  618.00000    	 -1.0894999    	 0.19130922E-02
  618.00000    	  619.00000    	 -1.0515777    	 0.18414564E-02
  619.00000    	  620.00000    	-0.99722279    	 0.17680335E-02
  620.00000    	  621.00000    	-0.93222395    	 0.16890683E-02
  621.00000    	  622.00000    	-0.85087102    	 0.15909382E-02
  622.00000    	  623.00000    	-0.76260859    	 0.14889050E-02
  623.00000    	  624.00000    	-0.67117911    	 0.13811897E-02
  624.00000    	  625.00000    	-0.57431583    	 0.12630853E-02
  625.00000    	  626.00000    	-0.47979367    	 0.11407402E-02
  626.00000    	  627.00000    	-0.39028037    	 0.10200720E-02
  627.00000    	  628.00000    	 -1.0899390    	 0.19441687E-02
  628.00000    	  629.00000    	 -1.0743028    	 0.18923574E-02
  629.00000    	  630.00000    	 -1.0365472    	 0.18299258E-02
  630.00000    	  631.00000    	-0.98194164    	 0.17555565E-02
  631.00000    	  632.00000    	-0.91222332    	 0.16699552E-02
  632.00000    	  633.00000    	-0.83530611    	 0.15790301E-02
  633.00000    	  634.00000    	-0.75024916    	 0.14776618E-02
  634.00000    	  635.00000    	-0.65511518    	 0.13653506E-02
  635.00000    	  636.00000    	-0.56066603    	 0.12491554E-02
  636.00000    	  637.00000    	-0.46748287    	 0.11274694E-02
  637.00000    	  638.00000    	-0.37944251    	 0.10089763E-02
  638.00000    	  639.00000    	 -1.0742030    	 0.19292672E-02
  639.00000    	  640.00000    	 -1.0544041    	 0.18763106E-02
  640.00000    	  641.00000    	 -1.0172722    	 0.18172973E-02
  641.00000    	  642.00000    	-0.96593812    	 0.17403197E-02
  642.00000    	  643.00000    	-0.90032596    	 0.16590007E-02
  643.00000    	  644.00000    	-0.82118283    	 0.15648735E-02
  644.00000    	  645.00000    	-0.73472679    	 0.14640460E-02
  645.00000    	  646.00000    	-0.64218071    	 0.13526522E-02
  646.00000    	  647.00000    	-0.54719359    	 0.12359871E-02
  647.00000    	  648.00000    	-0.45590147    	 0.11166320E-02
  648.00000    	  649.00000    	-0.36989771    	 0.99364111E-03
  649.00000    	  650.00000    	 -1.0599127    	 0.19179892E-02
  650.00000    	  651.00000    	 -1.0388363    	 0.18612973E-02
  651.00000    	  652.00000    	 -1.0034200    	 0.18005409E-02
  652.00000    	  653.00000    	-0.95239512    	 0.17295608E-02
  653.00000    	  654.00000    	-0.88360376    	 0.16435020E-02
  654.00000    	  655.00000    	-0.80501907    	 0.15495305E-02
  655.00000    	  656.00000    	-0.72043203    	 0.14492253E-02
  656.00000    	  657.00000    	-0.62797961    	 0.13392739E-02
  657.00000    	  658.00000    	-0.53786058    	 0.12266003E-02
  658.00000    	  659.00000    	-0.44566681    	 0.11051453E-02
  659.00000    	  660.00000    	-0.36011345    	 0.98399413E-03
  660.00000    	  661.00000    	 -1.0400753    	 0.18998686E-02
  661.00000    	  662.00000    	 -1.0208960    	 0.18460327E-02
  662.00000    	  663.00000    	-0.98558976    	 0.17842877E-02
  663.00000    	  664.00000    	-0.93615838    	 0.17148753E-02
  664.00000    	  665.00000    	-0.86488933    	 0.16267005E-02
  665.00000    	  666.00000    	-0.78931951    	 0.15361484E-02
  666.00000    	  667.00000    	-0.70752383    	 0.14391830E-02
  667.00000    	  668.00000    	-0.61688525    	 0.13290421E-02
  668.00000    	  669.00000    	-0.52429088    	 0.12122405E-02
  669.00000    	  670.00000    	-0.43522025    	 0.10942521E-02
  670.00000    	  671.00000    	-0.35000329    	 0.96891692E-03
  671.00000    	  672.00000    	 -1.0258405    	 0.18858968E-02
  672.00000    	  673.00000    	 -1.0062348    	 0.18322866E-02
  673.00000    	  674.00000    	-0.97267181    	 0.17731009E-02
  674.00000    	  675.00000    	-0.91963103    	 0.16993282E-02
  675.00000    	  676.00000    	-0.85249281    	 0.16153904E-02
  676.00000    	  677.00000    	-0.77746903    	 0.15274854E-02
  677.00000    	  678.00000    	-0.69209019    	 0.14235734E-02
  678.00000    	  679.00000    	-0.60298854    	 0.13150436E-02
  679.00000    	  680.00000    	-0.51233661    	 0.12004082E-02
  680.00000    	  681.00000    	-0.42504789    	 0.10819187E-02
  681.00000    	  682.00000    	-0.34285291    	 0.96098774E-03
  682.00000    	  683.00000    	 -1.0116608    	 0.18721644E-02
  683.00000    	  684.00000    	-0.99271106    	 0.18216955E-02
  684.00000    	  685.00000    	-0.95667405    	 0.17595742E-02
  685.00000    	  686.00000    	-0.90490543    	 0.16867778E-02
  686.00000    	  687.00000    	-0.84005147    	 0.16044750E-02
  687.00000    	  688.00000    	-0.76265658    	 0.15186706E-02
  688.00000    	  689.00000    	-0.67861754    	 0.14110412E-02
  689.00000    	  690.00000    	-0.59167302    	 0.13054345E-02
  690.00000    	  691.00000    	-0.50194122    	 0.11896008E-02
  691.00000    	  692.00000    	-0.41500270    	 0.10713821E-02
  692.00000    	  693.00000    	-0.33266974    	 0.94813345E-03
  693.00000    	  694.00000    	-0.99417766    	 0.18596511E-02
  694.00000    	  695.00000    	-0.97491235    	 0.18036811E-02
  695.00000    	  696.00000    	-0.93881180    	 0.17423009E-02
  696.00000    	  697.00000    	-0.88926035    	 0.16722753E-02
  697.00000    	  698.00000    	-0.82386820    	 0.15893236E-02
  698.00000    	  699.00000    	-0.74794264    	 0.14983766E-02
  699.00000    	  700.00000    	-0.66696565    	 0.14007017E-02
  700.00000    	  701.00000    	-0.57954908    	 0.12934851E-02
  701.00000    	  702.00000    	-0.49088304    	 0.11781848E-02
  702.00000    	  703.00000    	-0.40472262    	 0.10599978E-02
  703.00000    	  704.00000    	-0.32481822    	 0.93837675E-03
  704.00000    	  705.00000    	-0.98096504    	 0.18442643E-02
  705.00000    	  706.00000    	-0.95847049    	 0.17892985E-02
  706.00000    	  707.00000    	-0.92567949    	 0.17300870E-02
  707.00000    	  708.00000    	-0.87585945    	 0.16604309E-02
  708.00000    	  709.00000    	-0.80980569    	 0.15770275E-02
  709.00000    	  710.00000    	-0.73706843    	 0.14909221E-02
  710.00000    	  711.00000    	-0.65374644    	 0.13871648E-02
  711.00000    	  712.00000    	-0.56767348    	 0.12820346E-02
  712.00000    	  713.00000    	-0.48022173    	 0.11678564E-02
  713.00000    	  714.00000    	-0.39640064    	 0.10493868E-02
  714.00000    	  715.00000    	-0.31621317    	 0.92798330E-03
  715.00000    	  716.00000    	-0.96375340    	 0.18286119E-02
  716.00000    	  717.00000    	-0.94465622    	 0.17766779E-02
  717.00000    	  718.00000    	-0.91159393    	 0.17177004E-02
  718.00000    	  719.00000    	-0.86248788    	 0.16484060E-02
  719.00000    	  720.00000    	-0.79673773    	 0.15653523E-02
  720.00000    	  721.00000    	-0.72176423    	 0.14752039E-02
  721.00000    	  722.00000    	-0.64075809    	 0.13764092E-02
  722.00000    	  723.00000    	-0.55663319    	 0.12704572E-02
  723.00000    	  724.00000    	-0.47066703    	 0.11613366E-02
  724.00000    	  725.00000    	-0.38519984    	 0.10351153E-02
  725.00000    	  726.00000    	-0.30820464    	 0.91759189E-03
  726.00000    	  727.00000    	-0.94929756    	 0.18152034E-02
  727.00000    	  728.00000    	-0.93031609    	 0.17633831E-02
  728.00000    	  729.00000    	-0.89882330    	 0.17063539E-02
  729.00000    	  730.00000    	-0.84671674    	 0.16335114E-02
  730.00000    	  731.00000    	-0.78296904    	 0.15522198E-02
  731.00000    	  732.00000    	-0.70890072    	 0.14625458E-02
  732.00000    	  733.00000    	-0.62948928    	 0.13656913E-02
  733.00000    	  734.00000    	-0.54456087    	 0.12590027E-02
  734.00000    	  735.00000    	-0.46040391    	 0.11481527E-02
  735.00000    	  736.00000    	-0.37680563    	 0.10266540E-02
  736.00000    	  737.00000    	-0.30026287    	 0.90629422E-03
  737.00000    	  738.00000    	-0.93501834    	 0.18007090E-02
  738.00000    	  739.00000    	-0.91849074    	 0.17527853E-02
  739.00000    	  740.00000    	-0.88262043    	 0.16915782E-02
  740.00000    	  741.00000    	-0.83395208    	 0.16220816E-02
  741.00000    	  742.00000    	-0.77240791    	 0.15434920E-02
  742.00000    	  743.00000    	-0.69679887    	 0.14510633E-02
  743.00000    	  744.00000    	-0.61625924    	 0.13522306E-02
  744.00000    	  745.00000    	-0.53411486    	 0.12488884E-02
  745.00000    	  746.00000    	-0.45020204    	 0.11379546E-02
  746.00000    	  747.00000    	-0.36932368    	 0.10185237E-02
  747.00000    	  748.00000    	-0.29286275    	 0.89557461E-03
  748.00000    	  749.00000    	-0.92206825    	 0.17910976E-02
  749.00000    	  750.00000    	-0.90183958    	 0.17378139E-02
  750.00000    	  751.00000    	-0.86915356    	 0.16782661E-02
  751.00000    	  752.00000    	-0.81994387    	 0.16089475E-02
  752.00000    	  753.00000    	-0.75900191    	 0.15309133E-02
  753.00000    	  754.00000    	-0.68526999    	 0.14407524E-02
  754.00000    	  755.00000    	-0.60753531    	 0.13475539E-02
  755.00000    	  756.00000    	-0.52488401    	 0.12400925E-02
  756.00000    	  757.00000    	-0.43932414    	 0.11239894E-02
  757.00000    	  758.00000    	-0.35973876    	 0.10069792E-02
  758.00000    	  759.00000    	-0.28550817    	 0.88726526E-03
  759.00000    	  760.00000    	-0.90727358    	 0.17761951E-02
  760.00000    	  761.00000    	-0.89008843    	 0.17261628E-02
  761.00000    	  762.00000    	-0.85523775    	 0.16668938E-02
  762.00000    	  763.00000    	-0.80453575    	 0.15952128E-02
  763.00000    	  764.00000    	-0.74349248    	 0.15158179E-02
  764.00000    	  765.00000    	-0.67293305    	 0.14295097E-02
  765.00000    	  766.00000    	-0.59338603    	 0.13307433E-02
  766.00000    	  767.00000    	-0.51263791    	 0.12280625E-02
  767.00000    	  768.00000    	-0.43218243    	 0.11173905E-02
  768.00000    	  769.00000    	-0.35306530    	 0.10008442E-02
  769.00000    	  770.00000    	-0.27887806    	 0.87551710E-03
  770.00000    	  771.00000    	-0.89110865    	 0.17589925E-02
  771.00000    	  772.00000    	-0.87537868    	 0.17123911E-02
  772.00000    	  773.00000    	-0.84028728    	 0.16531338E-02
  773.00000    	  774.00000    	-0.79166696    	 0.15827614E-02
  774.00000    	  775.00000    	-0.73276709    	 0.15088361E-02
  775.00000    	  776.00000    	-0.65968438    	 0.14162916E-02
  776.00000    	  777.00000    	-0.58319167    	 0.13220449E-02
  777.00000    	  778.00000    	-0.50292408    	 0.12176184E-02
  778.00000    	  779.00000    	-0.42097649    	 0.11073064E-02
  779.00000    	  780.00000    	-0.34335086    	 0.99780598E-03
  780.00000    	  781.00000    	-0.27193433    	 0.86695981E-03
  781.00000    	  782.00000    	-0.88089739    	 0.17511239E-02
  782.00000    	  783.00000    	-0.86396512    	 0.17012945E-02
  783.00000    	  784.00000    	-0.82745353    	 0.16393480E-02
  784.00000    	  785.00000    	-0.78277703    	 0.15755536E-02
  785.00000    	  786.00000    	-0.71742831    	 0.14920331E-02
  786.00000    	  787.00000    	-0.64885267    	 0.14073370E-02
  787.00000    	  788.00000    	-0.57294498    	 0.13122620E-02
  788.00000    	  789.00000    	-0.49204557    	 0.12067304E-02
  789.00000    	  790.00000    	-0.41187955    	 0.10939091E-02
  790.00000    	  791.00000    	-0.33509965    	 0.97554699E-03
  791.00000    	  792.00000    	-0.26466065    	 0.85609958E-03
  792.00000    	  793.00000    	-0.86743208    	 0.17370093E-02
  793.00000    	  794.00000    	-0.84926082    	 0.16877393E-02
  794.00000    	  795.00000    	-0.81692910    	 0.16301236E-02
  795.00000    	  796.00000    	-0.76921013    	 0.15629367E-02
  796.00000    	  797.00000    	-0.70899433    	 0.14846835E-02
  797.00000    	  798.00000    	-0.63639452    	 0.13941587E-02
  798.00000    	  799.00000    	-0.56218533    	 0.13033006E-02
  799.00000    	  800.00000    	-0.48188629    	 0.11960387E-02
  800.00000    	  801.00000    	-0.40479428    	 0.10869822E-02
  801.00000    	  802.00000    	-0.32853484    	 0.96892436E-03
  802.00000    	  803.00000    	-0.25760283    	 0.84732077E-03
  803.00000    	  804.00000    	-0.85105913    	 0.17207744E-02
  804.00000    	  805.00000    	-0.83403263    	 0.16729553E-02
  805.00000    	  806.00000    	-0.80316741    	 0.16181554E-02
  806.00000    	  807.00000    	-0.75234301    	 0.15458193E-02
  807.00000    	  808.00000    	-0.69486704    	 0.14713064E-02
  808.00000    	  809.00000    	-0.62656440    	 0.13860032E-02
  809.00000    	  810.00000    	-0.54941842    	 0.12893212E-02
  810.00000    	  811.00000    	-0.47363312    	 0.11881697E-02
  811.00000    	  812.00000    	-0.39316009    	 0.10734260E-02
  812.00000    	  813.00000    	-0.32061198    	 0.95778790E-03
  813.00000    	  814.00000    	-0.25308616    	 0.84151472E-03
  814.00000    	  815.00000    	-0.83795487    	 0.17101568E-02
  815.00000    	  816.00000    	-0.82555267    	 0.16657065E-02
  816.00000    	  817.00000    	-0.78786028    	 0.16018132E-02
  817.00000    	  818.00000    	-0.74159157    	 0.15361723E-02
  818.00000    	  819.00000    	-0.68475348    	 0.14630316E-02
  819.00000    	  820.00000    	-0.61641916    	 0.13760300E-02
  820.00000    	  821.00000    	-0.54074808    	 0.12810947E-02
  821.00000    	  822.00000    	-0.46182968    	 0.11751307E-02
  822.00000    	  823.00000    	-0.38715372    	 0.10664911E-02
  823.00000    	  824.00000    	-0.31340975    	 0.94865448E-03
  824.00000    	  825.00000    	-0.24513501    	 0.82888482E-03
  825.00000    	  826.00000    	-0.82698683    	 0.16972619E-02
  826.00000    	  827.00000    	-0.81154058    	 0.16512229E-02
  827.00000    	  828.00000    	-0.77866821    	 0.15933124E-02
  828.00000    	  829.00000    	-0.73008091    	 0.15276111E-02
  829.00000    	  830.00000    	-0.67280440    	 0.14512816E-02
  830.00000    	  831.00000    	-0.60464411    	 0.13649122E-02
  831.00000    	  832.00000    	-0.53102597    	 0.12717600E-02
  832.00000    	  833.00000    	-0.45520286    	 0.11691267E-02
  833.00000    	  834.00000    	-0.37909737    	 0.10583376E-02
  834.00000    	  835.00000    	-0.30577021    	 0.93938154E-03
  835.00000    	  836.00000    	-0.23926482    	 0.81841585E-03
  836.00000    	  837.00000    	-0.81400074    	 0.16843089E-02
  837.00000    	  838.00000    	-0.79809010    	 0.16380957E-02
  838.00000    	  839.00000    	-0.76568296    	 0.15817734E-02
  839.00000    	  840.00000    	-0.71799865    	 0.15140634E-02
  840.00000    	  841.00000    	-0.66218016    	 0.14420611E-02
  841.00000    	  842.00000    	-0.59249615    	 0.13548106E-02
  842.00000    	  843.00000    	-0.51950406    	 0.12594413E-02
  843.00000    	  844.00000    	-0.44536804    	 0.11586549E-02
  844.00000    	  845.00000    	-0.37114075    	 0.10491292E-02
  845.00000    	  846.00000    	-0.29827563    	 0.92891549E-03
  846.00000    	  847.00000    	-0.23454598    	 0.81374938E-03
  847.00000    	  848.00000    	-0.80268546    	 0.16721731E-02
  848.00000    	  849.00000    	-0.78691613    	 0.16277312E-02
  849.00000    	  850.00000    	-0.75440772    	 0.15714833E-02
  850.00000    	  851.00000    	-0.70681406    	 0.15038297E-02
  851.00000    	  852.00000    	-0.64879590    	 0.14285487E-02
  852.00000    	  853.00000    	-0.58353759    	 0.13465397E-02
  853.00000    	  854.00000    	-0.51102047    	 0.12519854E-02
  854.00000    	  855.00000    	-0.43662114    	 0.11485070E-02
  855.00000    	  856.00000    	-0.36357623    	 0.10391271E-02
  856.00000    	  857.00000    	-0.29350949    	 0.92361477E-03
  857.00000    	  858.00000    	-0.22812519    	 0.80309699E-03
  858.00000    	  859.00000    	-0.79101283    	 0.16627604E-02
  859.00000    	  860.00000    	-0.77615717    	 0.16172459E-02
  860.00000    	  861.00000    	-0.74076413    	 0.15572885E-02
  861.00000    	  862.00000    	-0.69626994    	 0.14945078E-02
  862.00000    	  863.00000    	-0.63904276    	 0.14209335E-02
  863.00000    	  864.00000    	-0.57123363    	 0.13337071E-02
  864.00000    	  865.00000    	-0.50181445    	 0.12437983E-02
  865.00000    	  866.00000    	-0.42732450    	 0.11394310E-02
  866.00000    	  867.00000    	-0.35478590    	 0.10284115E-02
  867.00000    	  868.00000    	-0.28576999    	 0.91449423E-03
  868.00000    	  869.00000    	-0.22109256    	 0.79041595E-03
  869.00000    	  870.00000    	-0.77962576    	 0.16499810E-02
  870.00000    	  871.00000    	-0.76124027    	 0.16034903E-02
  871.00000    	  872.00000    	-0.73074232    	 0.15507239E-02
  872.00000    	  873.00000    	-0.68527535    	 0.14844688E-02
  873.00000    	  874.00000    	-0.62852962    	 0.14109272E-02
  874.00000    	  875.00000    	-0.56268258    	 0.13260395E-02
  875.00000    	  876.00000    	-0.49299559    	 0.12369891E-02
  876.00000    	  877.00000    	-0.41941982    	 0.11307806E-02
  877.00000    	  878.00000    	-0.34829467    	 0.10217823E-02
  878.00000    	  879.00000    	-0.27984596    	 0.90445316E-03
  879.00000    	  880.00000    	-0.21715514    	 0.78738758E-03
  880.00000    	  881.00000    	-0.76468181    	 0.16343498E-02
  881.00000    	  882.00000    	-0.75058568    	 0.15923967E-02
  882.00000    	  883.00000    	-0.71909569    	 0.15377730E-02
  883.00000    	  884.00000    	-0.67242638    	 0.14717982E-02
  884.00000    	  885.00000    	-0.61802647    	 0.14047865E-02
  885.00000    	  886.00000    	-0.55305062    	 0.13187194E-02
  886.00000    	  887.00000    	-0.48131484    	 0.12229568E-02
  887.00000    	  888.00000    	-0.41165993    	 0.11230701E-02
  888.00000    	  889.00000    	-0.34023091    	 0.10127727E-02
  889.00000    	  890.00000    	-0.27329031    	 0.89533145E-03
  890.00000    	  891.00000    	-0.21185960    	 0.77797543E-03
  891.00000    	  892.00000    	-0.75404071    	 0.16245684E-02
  892.00000    	  893.00000    	-0.73831447    	 0.15805119E-02
  893.00000    	  894.00000    	-0.70697363    	 0.15261281E-02
  894.00000    	  895.00000    	-0.66253443    	 0.14639984E-02
  895.00000    	  896.00000    	-0.60919427    	 0.13935729E-02
  896.00000    	  897.00000    	-0.54286260    	 0.13081730E-02
  897.00000    	  898.00000    	-0.47336819    	 0.12143327E-02
  898.00000    	  899.00000    	-0.40155331    	 0.11120171E-02
  899.00000    	  900.00000    	-0.33295795    	 0.10022768E-02
  900.00000    	  901.00000    	-0.26661483    	 0.88479821E-03
  901.00000    	  902.00000    	-0.20719904    	 0.76897344E-03
  902.00000    	  903.00000    	-0.74387610    	 0.16138070E-02
  903.00000    	  904.00000    	-0.72825762    	 0.15709063E-02
  904.00000    	  905.00000    	-0.69604853    	 0.15153844E-02
  905.00000    	  906.00000    	-0.65245407    	 0.14559818E-02
  906.00000    	  907.00000    	-0.59588087    	 0.13817479E-02
  907.00000    	  908.00000    	-0.53652772    	 0.13047177E-02
  908.00000    	  909.00000    	-0.46615712    	 0.12100504E-02
  909.00000    	  910.00000    	-0.39520718    	 0.11105311E-02
  910.00000    	  911.00000    	-0.32500336    	 0.99191640E-03
  911.00000    	  912.00000    	-0.26096729    	 0.87671073E-03
  912.00000    	  913.00000    	-0.20182935    	 0.76139025E-03
  913.00000    	  914.00000    	-0.73274584    	 0.16033952E-02
  914.00000    	  915.00000    	-0.71631321    	 0.15594610E-02
  915.00000    	  916.00000    	-0.68695254    	 0.15081381E-02
  916.00000    	  917.00000    	-0.64189988    	 0.14461142E-02
  917.00000    	  918.00000    	-0.58776634    	 0.13736542E-02
  918.00000    	  919.00000    	-0.52501683    	 0.12928604E-02
  919.00000    	  920.00000    	-0.45668721    	 0.11986566E-02
  920.00000    	  921.00000    	-0.38728015    	 0.10963687E-02
  921.00000    	  922.00000    	-0.32060253    	 0.99011451E-03
  922.00000    	  923.00000    	-0.25467622    	 0.86753671E-03
  923.00000    	  924.00000    	-0.19757088    	 0.75272912E-03
  924.00000    	  925.00000    	-0.72011978    	 0.15899910E-02
  925.00000    	  926.00000    	-0.70747573    	 0.15516294E-02
  926.00000    	  927.00000    	-0.67322623    	 0.14943640E-02
  927.00000    	  928.00000    	-0.63231565    	 0.14363953E-02
  928.00000    	  929.00000    	-0.57817050    	 0.13681213E-02
  929.00000    	  930.00000    	-0.51611732    	 0.12868048E-02
  930.00000    	  931.00000    	-0.44785389    	 0.11896935E-02
  931.00000    	  932.00000    	-0.38037038    	 0.10891382E-02
  932.00000    	  933.00000    	-0.31216531    	 0.97558285E-03
  933.00000    	  934.00000    	-0.24845424    	 0.85717366E-03
  934.00000    	  935.00000    	-0.19129372    	 0.74166017E-03
  935.00000    	  936.00000    	-0.71233966    	 0.15836019E-02
  936.00000    	  937.00000    	-0.69243572    	 0.15365085E-02
  937.00000    	  938.00000    	-0.66520750    	 0.14880158E-02
  938.00000    	  939.00000    	-0.62055138    	 0.14256823E-02
  939.00000    	  940.00000    	-0.56656223    	 0.13547823E-02
  940.00000    	  941.00000    	-0.50765732    	 0.12763682E-02
  941.00000    	  942.00000    	-0.44112215    	 0.11825445E-02
  942.00000    	  943.00000    	-0.37173526    	 0.10775890E-02
  943.00000    	  944.00000    	-0.29795181    	 0.95371535E-03
  944.00000    	  945.00000    	-0.24409094    	 0.85304697E-03
  945.00000    	  946.00000    	-0.18832866    	 0.73707224E-03
  946.00000    	  947.00000    	-0.69867897    	 0.15693703E-02
  947.00000    	  948.00000    	-0.68700407    	 0.15324708E-02
  948.00000    	  949.00000    	-0.65467168    	 0.14793185E-02
  949.00000    	  950.00000    	-0.61159061    	 0.14180076E-02
  950.00000    	  951.00000    	-0.55875880    	 0.13482819E-02
  951.00000    	  952.00000    	-0.49732658    	 0.12653926E-02
  952.00000    	  953.00000    	-0.43083663    	 0.11712639E-02
  953.00000    	  954.00000    	-0.36549216    	 0.10728232E-02
  954.00000    	  955.00000    	-0.29969629    	 0.95857505E-03
  955.00000    	  956.00000    	-0.23880178    	 0.84764431E-03
  956.00000    	  957.00000    	-0.18273102    	 0.72839971E-03
  957.00000    	  958.00000    	-0.68915942    	 0.15612758E-02
  958.00000    	  959.00000    	-0.67328985    	 0.15209435E-02
  959.00000    	  960.00000    	-0.64214894    	 0.14676037E-02
  960.00000    	  961.00000    	-0.60106084    	 0.14089399E-02
  961.00000    	  962.00000    	-0.54773640    	 0.13377288E-02
  962.00000    	  963.00000    	-0.48843495    	 0.12582570E-02
  963.00000    	  964.00000    	-0.42394755    	 0.11647256E-02
  964.00000    	  965.00000    	-0.35778388    	 0.10614393E-02
  965.00000    	  966.00000    	-0.29355081    	 0.95133762E-03
  966.00000    	  967.00000    	-0.23198616    	 0.83257453E-03
  967.00000    	  968.00000    	-0.17988655    	 0.72412121E-03
  968.00000    	  969.00000    	-0.67851495    	 0.15513760E-02
  969.00000    	  970.00000    	-0.66467961    	 0.15125957E-02
  970.00000    	  971.00000    	-0.63449579    	 0.14608664E-02
  971.00000    	  972.00000    	-0.59075849    	 0.13991518E-02
  972.00000    	  973.00000    	-0.53951625    	 0.13307595E-02
  973.00000    	  974.00000    	-0.47924630    	 0.12485325E-02
  974.00000    	  975.00000    	-0.41683492    	 0.11581368E-02
  975.00000    	  976.00000    	-0.35063972    	 0.10536632E-02
  976.00000    	  977.00000    	-0.28797146    	 0.94610746E-03
  977.00000    	  978.00000    	-0.22806614    	 0.82731955E-03
  978.00000    	  979.00000    	-0.17388122    	 0.71216941E-03
  979.00000    	  980.00000    	-0.66697478    	 0.15405747E-02
  980.00000    	  981.00000    	-0.65263402    	 0.15015090E-02
  981.00000    	  982.00000    	-0.62461943    	 0.14535609E-02
  982.00000    	  983.00000    	-0.58326620    	 0.13955042E-02
  983.00000    	  984.00000    	-0.53004669    	 0.13230250E-02
  984.00000    	  985.00000    	-0.47176594    	 0.12427384E-02
  985.00000    	  986.00000    	-0.40751905    	 0.11467914E-02
  986.00000    	  987.00000    	-0.34375451    	 0.10446911E-02
  987.00000    	  988.00000    	-0.27989159    	 0.93135666E-03
  988.00000    	  989.00000    	-0.22288094    	 0.81991228E-03
  989.00000    	  990.00000    	-0.17089555    	 0.71116846E-03
  990.00000    	  991.00000    	-0.65597674    	 0.15295816E-02
  991.00000    	  992.00000    	-0.64315786    	 0.14927549E-02
  992.00000    	  993.00000    	-0.61469629    	 0.14457306E-02
  993.00000    	  994.00000    	-0.57178568    	 0.13838535E-02
  994.00000    	  995.00000    	-0.52186177    	 0.13158853E-02
  995.00000    	  996.00000    	-0.46193873    	 0.12338175E-02
  996.00000    	  997.00000    	-0.40135806    	 0.11415808E-02
  997.00000    	  998.00000    	-0.33806415    	 0.10386854E-02
  998.00000    	  999.00000    	-0.27744396    	 0.93031560E-03
  999.00000    	  1000.0000    	-0.21846995    	 0.81197444E-03
  1000.0000    	  1001.0000    	-0.15230514    	 0.66989628E-03
  1001.0000    	  1002.0000    	-0.64686904    	 0.15220131E-02
  1002.0000    	  1003.0000    	-0.63313982    	 0.14861025E-02
  1003.0000    	  1004.0000    	-0.60442497    	 0.14390247E-02
  1004.0000    	  1005.0000    	-0.56261967    	 0.13769423E-02
  1005.0000    	  1006.0000    	-0.51376096    	 0.13116873E-02
  1006.0000    	  1007.0000    	-0.45529550    	 0.12258050E-02
  1007.0000    	  1008.0000    	-0.39262763    	 0.11311642E-02
  1008.0000    	  1009.0000    	-0.33053372    	 0.10279396E-02
  1009.0000    	  1010.0000    	-0.26931187    	 0.91587951E-03
  1010.0000    	  1011.0000    	-0.21318348    	 0.80221832E-03
  1011.0000    	  1012.0000    	-0.16223731    	 0.68949038E-03
  1012.0000    	  1013.0000    	-0.63815156    	 0.15173785E-02
  1013.0000    	  1014.0000    	-0.62160651    	 0.14753963E-02
  1014.0000    	  1015.0000    	-0.59443894    	 0.14286140E-02
  1015.0000    	  1016.0000    	-0.55377281    	 0.13696035E-02
  1016.0000    	  1017.0000    	-0.50512877    	 0.13019612E-02
  1017.0000    	  1018.0000    	-0.44800906    	 0.12212516E-02
  1018.0000    	  1019.0000    	-0.38635448    	 0.11242404E-02
  1019.0000    	  1020.0000    	-0.32432675    	 0.10201316E-02
  1020.0000    	  1021.0000    	-0.26571659    	 0.91208168E-03
  1021.0000    	  1022.0000    	-0.20886221    	 0.79636417E-03
  1022.0000    	  1023.0000    	-0.15828468    	 0.68308858E-03
  1023.0000    	  1024.0000    	-0.62625815    	 0.15073695E-02
  1024.0000    	  1025.0000    	-0.61430402    	 0.14724180E-02
  1025.0000    	  1026.0000    	-0.58445127    	 0.14208321E-02
  1026.0000    	  1027.0000    	-0.54593774    	 0.13643170E-02
  1027.0000    	  1028.0000    	-0.49536052    	 0.12922068E-02
  1028.0000    	  1029.0000    	-0.43953148    	 0.12103878E-02
  1029.0000    	  1030.0000    	-0.37840401    	 0.11146844E-02
  1030.0000    	  1031.0000    	-0.31795992    	 0.10131862E-02
  1031.0000    	  1032.0000    	-0.25837211    	 0.90041481E-03
  1032.0000    	  1033.0000    	-0.20331407    	 0.78621822E-03
  1033.0000    	  1034.0000    	-0.15373404    	 0.67299040E-03
