0.000322178,0.000313892,0.000309235,0.000300505,0.000284566,0.000286753,0.000277419,0.0002685,0.000256281,0.000246047,0.00023932
0.000306518,0.0002993,0.000292207,0.000283893,0.000270502,0.00027254,0.000262135,0.000253792,0.000241644,0.000229244,0.000224258
0.000288757,0.000281079,0.000276534,0.000268267,0.000254359,0.00025438,0.000249468,0.000238168,0.000226732,0.000216574,0.000207324
0.000272944,0.00026753,0.000262529,0.000254646,0.000242279,0.000240646,0.00023584,0.000223205,0.000214485,0.000203333,0.000195607
0.000259181,0.000254407,0.000249981,0.000242529,0.000231109,0.000228024,0.000224345,0.000210927,0.000203537,0.000192525,0.000184881
0.000247616,0.000242798,0.000238712,0.000232138,0.000221178,0.000217816,0.000213999,0.000200501,0.000193524,0.000182883,0.000175332
0.000235435,0.000231546,0.000227785,0.000221444,0.000211469,0.000206935,0.000203751,0.000190101,0.000184493,0.000174285,0.000166071
0.000225201,0.000221986,0.000218268,0.000212377,0.000203188,0.000198021,0.000194514,0.000181342,0.000175998,0.000166663,0.000157898
0.000215804,0.000212936,0.000208887,0.000203554,0.000194662,0.00018968,0.000185788,0.000173132,0.000168116,0.00015894,0.000150023
0.000207269,0.000205062,0.000200607,0.000195315,0.000186947,0.000182251,0.000177799,0.000165744,0.000161326,0.000153181,0.000142864
0.000199005,0.000198155,0.000193334,0.000188391,0.000180695,0.000175574,0.000170115,0.000158928,0.000154163,0.000145765,0.000137141
0.00019256,0.000191152,0.000185871,0.000181683,0.000173073,0.000168293,0.000163463,0.000152388,0.000146964,0.000138663,0.000129471
0.000185556,0.000184043,0.000178786,0.000174357,0.000167293,0.000162346,0.000156822,0.000147363,0.000141242,0.000133889,0.000124431
0.000179222,0.000179141,0.000173887,0.000168801,0.000161309,0.000156586,0.000150138,0.000141094,0.000135299,0.000128662,0.000119181
0.000173389,0.000173158,0.000166752,0.000162518,0.000155379,0.000151076,0.000144405,0.000135913,0.000130091,0.000122909,0.000113986
0.000166904,0.00016803,0.000161987,0.000156473,0.000150427,0.000146162,0.000138994,0.000131217,0.000125295,0.00011804,0.000109783
0.000162883,0.000162637,0.000155939,0.000151441,0.000145051,0.000141304,0.000134227,0.000125662,0.000120143,0.000114148,0.000105031
0.000157495,0.000157627,0.000151827,0.00014662,0.000140288,0.000136955,0.000129412,0.000122004,0.000115842,0.000109361,0.000100642
0.000153379,0.000152829,0.000145906,0.000141811,0.000136276,0.000132153,0.000124535,0.000117475,0.000111683,0.000104912,9.70604e-05
0.000148229,0.000147932,0.00014206,0.000137438,0.000131799,0.000128048,0.000120452,0.000113717,0.000107784,0.000101056,9.30407e-05
0.000144431,0.000143538,0.00013704,0.000132881,0.000127864,0.000123757,0.000116239,0.000109634,0.000103778,9.73228e-05,8.9751e-05
0.000139799,0.000139375,0.000133679,0.000129028,0.000123633,0.000119745,0.000112597,0.000106148,9.9939e-05,9.39557e-05,8.58569e-05
0.000135909,0.000134993,0.000129107,0.000124641,0.000120026,0.000115329,0.000108538,0.000102602,9.6518e-05,9.04557e-05,8.31246e-05
0.000131819,0.000130851,0.000125454,0.000120914,0.00011599,0.000112629,0.000105523,9.91963e-05,9.29443e-05,8.76791e-05,7.93272e-05
0.000128304,0.000126704,0.000121471,0.00011696,0.000112647,0.000108328,0.000101867,9.59556e-05,8.97536e-05,8.4107e-05,7.68637e-05
0.000124402,0.00012269,0.000117828,0.000113525,0.000109375,0.000105254,9.85601e-05,9.28111e-05,8.68548e-05,8.13053e-05,7.39077e-05
0.000120849,0.000118843,0.000114498,0.000109992,0.000106015,0.000101822,9.53944e-05,8.97118e-05,8.37418e-05,7.83154e-05,7.12539e-05
0.000117231,0.000114999,0.00011127,0.000106886,0.000102997,9.86297e-05,9.25595e-05,8.70913e-05,8.11647e-05,7.5698e-05,6.85283e-05
0.000113794,0.000111763,0.000107789,0.000103334,9.95769e-05,9.53891e-05,8.96112e-05,8.42073e-05,7.81226e-05,7.30287e-05,6.61456e-05
0.000110747,0.000108275,0.000104803,0.00010013,9.64314e-05,9.28308e-05,8.67969e-05,8.13403e-05,7.57505e-05,7.05067e-05,6.34596e-05
0.000107971,0.000105134,0.000102029,9.71569e-05,9.36552e-05,8.95783e-05,8.37115e-05,7.89813e-05,7.33223e-05,6.77385e-05,6.12461e-05
0.000104136,0.000101585,9.83582e-05,9.42573e-05,9.06108e-05,8.68836e-05,8.14624e-05,7.63539e-05,7.06157e-05,6.5377e-05,5.89616e-05
0.000101139,9.85545e-05,9.57087e-05,9.1336e-05,8.78601e-05,8.39056e-05,7.88337e-05,7.40058e-05,6.82518e-05,6.30249e-05,5.67169e-05
9.82578e-05,9.56499e-05,9.2893e-05,8.84552e-05,8.53975e-05,8.12726e-05,7.62929e-05,7.16578e-05,6.6051e-05,6.06946e-05,5.46147e-05
9.54027e-05,9.24519e-05,9.03097e-05,8.58911e-05,8.22869e-05,7.84596e-05,7.37315e-05,6.93196e-05,6.37918e-05,5.84806e-05,5.25794e-05
9.23014e-05,8.95275e-05,8.71007e-05,8.33538e-05,7.98543e-05,7.58019e-05,7.15611e-05,6.72184e-05,6.15075e-05,5.62967e-05,5.07349e-05
8.91874e-05,8.68266e-05,8.46792e-05,8.05319e-05,7.74474e-05,7.37801e-05,6.91288e-05,6.49277e-05,5.9665e-05,5.43313e-05,4.88666e-05
8.66401e-05,8.4145e-05,8.21101e-05,7.80084e-05,7.48502e-05,7.13519e-05,6.68961e-05,6.26631e-05,5.75973e-05,5.21808e-05,4.69987e-05
8.43583e-05,8.15487e-05,7.93129e-05,7.58297e-05,7.22636e-05,6.86053e-05,6.4618e-05,6.05568e-05,5.5585e-05,5.02889e-05,4.51393e-05
8.13262e-05,7.8881e-05,7.67031e-05,7.33951e-05,7.01777e-05,6.64894e-05,6.29925e-05,5.80121e-05,5.35036e-05,4.84576e-05,4.33913e-05
7.86702e-05,7.62896e-05,7.46148e-05,7.07382e-05,6.78223e-05,6.42784e-05,6.04248e-05,5.63711e-05,5.15981e-05,4.64978e-05,4.17343e-05
7.61233e-05,7.38415e-05,7.19369e-05,6.85208e-05,6.54976e-05,6.20208e-05,5.84367e-05,5.46485e-05,4.99137e-05,4.47777e-05,4.01638e-05
7.39822e-05,7.18214e-05,7.02877e-05,6.64148e-05,6.38731e-05,6.03512e-05,5.64895e-05,5.30689e-05,4.87148e-05,4.3266e-05,3.89485e-05
7.12707e-05,6.90424e-05,6.75401e-05,6.39376e-05,6.12352e-05,5.77805e-05,5.44079e-05,5.08071e-05,4.64209e-05,4.13238e-05,3.70893e-05
6.93481e-05,6.72868e-05,6.60104e-05,6.19015e-05,5.97765e-05,5.61667e-05,5.28523e-05,4.95335e-05,4.49909e-05,3.99326e-05,3.58915e-05
6.64154e-05,6.4459e-05,6.30302e-05,5.97793e-05,5.72085e-05,5.38213e-05,5.06419e-05,4.72868e-05,4.30586e-05,3.83607e-05,3.4429e-05
6.44768e-05,6.2741e-05,6.16299e-05,5.81206e-05,5.58321e-05,5.23275e-05,4.90966e-05,4.59609e-05,4.18368e-05,3.70361e-05,3.32958e-05
6.20614e-05,6.03124e-05,5.89623e-05,5.5681e-05,5.32129e-05,5.00304e-05,4.71574e-05,4.38355e-05,3.98939e-05,3.54242e-05,3.17782e-05
5.99708e-05,5.82374e-05,5.6918e-05,5.38336e-05,5.14424e-05,4.81439e-05,4.55313e-05,4.24778e-05,3.84841e-05,3.41151e-05,3.06178e-05
5.78896e-05,5.62621e-05,5.51169e-05,5.20907e-05,4.97695e-05,4.65176e-05,4.37375e-05,4.09071e-05,3.70373e-05,3.27757e-05,2.9404e-05
5.58731e-05,5.43548e-05,5.31205e-05,5.02266e-05,4.80242e-05,4.47947e-05,4.22852e-05,3.93299e-05,3.56785e-05,3.15684e-05,2.83358e-05
5.40554e-05,5.25984e-05,5.11855e-05,4.84376e-05,4.62185e-05,4.31797e-05,4.07418e-05,3.77131e-05,3.42697e-05,3.02848e-05,2.71065e-05
5.24005e-05,5.0938e-05,4.93895e-05,4.68259e-05,4.46227e-05,4.17266e-05,3.91968e-05,3.62195e-05,3.32971e-05,2.91406e-05,2.613e-05
5.04217e-05,4.90452e-05,4.77751e-05,4.5218e-05,4.30415e-05,4.0184e-05,3.78185e-05,3.49803e-05,3.17367e-05,2.79936e-05,2.50373e-05
4.87041e-05,4.74611e-05,4.6238e-05,4.36057e-05,4.15449e-05,3.87675e-05,3.65291e-05,3.35653e-05,3.04893e-05,2.69332e-05,2.40767e-05
4.70763e-05,4.59772e-05,4.4766e-05,4.21452e-05,4.01065e-05,3.75011e-05,3.51533e-05,3.23838e-05,2.94217e-05,2.60064e-05,2.32032e-05
4.55632e-05,4.43408e-05,4.32525e-05,4.06325e-05,3.87505e-05,3.62225e-05,3.40021e-05,3.10735e-05,2.8257e-05,2.48933e-05,2.22328e-05
4.40644e-05,4.28939e-05,4.16841e-05,3.93726e-05,3.74568e-05,3.48401e-05,3.26701e-05,2.99386e-05,2.72161e-05,2.40043e-05,2.14003e-05
4.26315e-05,4.15259e-05,4.0323e-05,3.80119e-05,3.61245e-05,3.36716e-05,3.15467e-05,2.88174e-05,2.61795e-05,2.30865e-05,2.05894e-05
4.13308e-05,4.02419e-05,3.89278e-05,3.67757e-05,3.49257e-05,3.2544e-05,3.04911e-05,2.77868e-05,2.52178e-05,2.22551e-05,1.97887e-05
4.00656e-05,3.89681e-05,3.77751e-05,3.55537e-05,3.38745e-05,3.14406e-05,2.94256e-05,2.67349e-05,2.42461e-05,2.14306e-05,1.90842e-05
3.87492e-05,3.7767e-05,3.65342e-05,3.44291e-05,3.27815e-05,3.05286e-05,2.83793e-05,2.57941e-05,2.34292e-05,2.06585e-05,1.83465e-05
3.76189e-05,3.66275e-05,3.53787e-05,3.33499e-05,3.16349e-05,2.94834e-05,2.74817e-05,2.48827e-05,2.25946e-05,1.99094e-05,1.76722e-05
3.64886e-05,3.55762e-05,3.4292e-05,3.23383e-05,3.06626e-05,2.85921e-05,2.65532e-05,2.40615e-05,2.18053e-05,1.92257e-05,1.70363e-05
3.54777e-05,3.45256e-05,3.32325e-05,3.13735e-05,2.9708e-05,2.76674e-05,2.57726e-05,2.31926e-05,2.10649e-05,1.85399e-05,1.64138e-05
3.45523e-05,3.36685e-05,3.24165e-05,3.05384e-05,2.90346e-05,2.70006e-05,2.50683e-05,2.25516e-05,2.04541e-05,1.80283e-05,1.59341e-05
3.34998e-05,3.25465e-05,3.12871e-05,2.95239e-05,2.79683e-05,2.6128e-05,2.41512e-05,2.17379e-05,1.96511e-05,1.72975e-05,1.52486e-05
3.26202e-05,3.17156e-05,3.03495e-05,2.86656e-05,2.71246e-05,2.52809e-05,2.34044e-05,2.10645e-05,1.90282e-05,1.6733e-05,1.47307e-05
3.18074e-05,3.08408e-05,2.95268e-05,2.78815e-05,2.6384e-05,2.45845e-05,2.274e-05,2.0384e-05,1.84372e-05,1.61731e-05,1.42136e-05
3.08889e-05,3.00302e-05,2.86881e-05,2.70954e-05,2.55962e-05,2.38988e-05,2.21208e-05,1.97402e-05,1.7805e-05,1.56614e-05,1.37415e-05
3.00433e-05,2.92324e-05,2.79029e-05,2.63822e-05,2.49288e-05,2.32341e-05,2.14489e-05,1.91121e-05,1.72589e-05,1.52074e-05,1.3284e-05
2.93405e-05,2.85114e-05,2.71496e-05,2.57045e-05,2.4234e-05,2.26575e-05,2.08172e-05,1.85557e-05,1.67344e-05,1.47128e-05,1.28429e-05
2.85535e-05,2.77795e-05,2.64171e-05,2.49872e-05,2.35934e-05,2.1976e-05,2.01449e-05,1.79883e-05,1.62828e-05,1.42749e-05,1.23998e-05
2.7821e-05,2.71006e-05,2.57521e-05,2.43446e-05,2.29751e-05,2.14581e-05,1.96525e-05,1.75105e-05,1.57558e-05,1.379e-05,1.20083e-05
2.71244e-05,2.6375e-05,2.51102e-05,2.37509e-05,2.23592e-05,2.08911e-05,1.91185e-05,1.69997e-05,1.53195e-05,1.3418e-05,1.16146e-05
2.6547e-05,2.57925e-05,2.4444e-05,2.31194e-05,2.18247e-05,2.03262e-05,1.8584e-05,1.65654e-05,1.48865e-05,1.30291e-05,1.12494e-05
2.58119e-05,2.51112e-05,2.383e-05,2.25349e-05,2.12055e-05,1.979e-05,1.80979e-05,1.60859e-05,1.44553e-05,1.26298e-05,1.08877e-05
2.52223e-05,2.4534e-05,2.32058e-05,2.19682e-05,2.07082e-05,1.92884e-05,1.76124e-05,1.56915e-05,1.40322e-05,1.2301e-05,1.05642e-05
2.45999e-05,2.39052e-05,2.26408e-05,2.14652e-05,2.01594e-05,1.87967e-05,1.71626e-05,1.52509e-05,1.36128e-05,1.19458e-05,1.0256e-05
2.40156e-05,2.33375e-05,2.20831e-05,2.09398e-05,1.96831e-05,1.83564e-05,1.67205e-05,1.4825e-05,1.32456e-05,1.16101e-05,9.91547e-06
2.34575e-05,2.27817e-05,2.15182e-05,2.04658e-05,1.91972e-05,1.7882e-05,1.62681e-05,1.44506e-05,1.28973e-05,1.12953e-05,9.64866e-06
2.28742e-05,2.22159e-05,2.10183e-05,1.99361e-05,1.87093e-05,1.74399e-05,1.58751e-05,1.40639e-05,1.25375e-05,1.09635e-05,9.3444e-06
2.23417e-05,2.17199e-05,2.04525e-05,1.94695e-05,1.82171e-05,1.69532e-05,1.5476e-05,1.37289e-05,1.22504e-05,1.07079e-05,9.03471e-06
2.18023e-05,2.12019e-05,2.00104e-05,1.90208e-05,1.77887e-05,1.65716e-05,1.50966e-05,1.33443e-05,1.18607e-05,1.03617e-05,8.75689e-06
2.12595e-05,2.06522e-05,1.94949e-05,1.85511e-05,1.73402e-05,1.61101e-05,1.46605e-05,1.30239e-05,1.15411e-05,1.00899e-05,8.53569e-06
2.07921e-05,2.02008e-05,1.90398e-05,1.81496e-05,1.69794e-05,1.57946e-05,1.43513e-05,1.26852e-05,1.12431e-05,9.83821e-06,8.27133e-06
2.02525e-05,1.96557e-05,1.8534e-05,1.76828e-05,1.64741e-05,1.53163e-05,1.39443e-05,1.23419e-05,1.088e-05,9.50721e-06,8.06748e-06
1.97846e-05,1.92268e-05,1.80953e-05,1.72495e-05,1.6116e-05,1.49585e-05,1.36155e-05,1.20351e-05,1.06233e-05,9.28298e-06,7.79698e-06
1.92911e-05,1.87222e-05,1.76338e-05,1.68303e-05,1.57364e-05,1.45712e-05,1.32932e-05,1.17666e-05,1.03836e-05,9.01962e-06,7.58317e-06
1.88515e-05,1.83134e-05,1.72481e-05,1.64262e-05,1.53514e-05,1.42368e-05,1.29585e-05,1.14162e-05,1.00788e-05,8.81953e-06,7.36582e-06
1.836e-05,1.78795e-05,1.6802e-05,1.60526e-05,1.49556e-05,1.38463e-05,1.26266e-05,1.11502e-05,9.77127e-06,8.53183e-06,7.15257e-06
1.79246e-05,1.74216e-05,1.63804e-05,1.56518e-05,1.45793e-05,1.35227e-05,1.22922e-05,1.08503e-05,9.52114e-06,8.3233e-06,6.94525e-06
1.74487e-05,1.70235e-05,1.59846e-05,1.53078e-05,1.42103e-05,1.31729e-05,1.20098e-05,1.0559e-05,9.27411e-06,8.06411e-06,6.7191e-06
1.70551e-05,1.65822e-05,1.55645e-05,1.49003e-05,1.38605e-05,1.28429e-05,1.16824e-05,1.02996e-05,9.01008e-06,7.87516e-06,6.55001e-06
1.66572e-05,1.62124e-05,1.51748e-05,1.45618e-05,1.35029e-05,1.25397e-05,1.13889e-05,1.00359e-05,8.76053e-06,7.629e-06,6.39184e-06
1.62191e-05,1.57764e-05,1.48462e-05,1.42147e-05,1.31981e-05,1.22446e-05,1.11098e-05,9.76766e-06,8.57936e-06,7.45885e-06,6.19324e-06
1.5843e-05,1.54239e-05,1.44539e-05,1.3859e-05,1.28631e-05,1.19281e-05,1.08186e-05,9.508e-06,8.32909e-06,7.25434e-06,6.03145e-06
1.54365e-05,1.50052e-05,1.40981e-05,1.35177e-05,1.25476e-05,1.1609e-05,1.0534e-05,9.28081e-06,8.09394e-06,7.06376e-06,5.84895e-06
1.50719e-05,1.46722e-05,1.3749e-05,1.32172e-05,1.22309e-05,1.13098e-05,1.0306e-05,9.05026e-06,7.87219e-06,6.85762e-06,5.68097e-06
1.46988e-05,1.43067e-05,1.33747e-05,1.28877e-05,1.19445e-05,1.10151e-05,1.00339e-05,8.8229e-06,7.6871e-06,6.70687e-06,5.5217e-06
1.43325e-05,1.39621e-05,1.30678e-05,1.25928e-05,1.16369e-05,1.07688e-05,9.77835e-06,8.56359e-06,7.48091e-06,6.48689e-06,5.34773e-06
1.4015e-05,1.35927e-05,1.2757e-05,1.22613e-05,1.13466e-05,1.04713e-05,9.5172e-06,8.36551e-06,7.27282e-06,6.33208e-06,5.22161e-06
1.36706e-05,1.32491e-05,1.24457e-05,1.20132e-05,1.10764e-05,1.02199e-05,9.26726e-06,8.12307e-06,7.08968e-06,6.14172e-06,5.08161e-06
1.33495e-05,1.29379e-05,1.21196e-05,1.16907e-05,1.07992e-05,9.99167e-06,9.04526e-06,7.90363e-06,6.8916e-06,6.0125e-06,4.93914e-06
1.29946e-05,1.26244e-05,1.18244e-05,1.14065e-05,1.05079e-05,9.72289e-06,8.84069e-06,7.72216e-06,6.70785e-06,5.82485e-06,4.80513e-06
1.27165e-05,1.23192e-05,1.15147e-05,1.11526e-05,1.02703e-05,9.47201e-06,8.61366e-06,7.54536e-06,6.52995e-06,5.66958e-06,4.68189e-06
1.23952e-05,1.20443e-05,1.1279e-05,1.08876e-05,1.00423e-05,9.24146e-06,8.41194e-06,7.34931e-06,6.37738e-06,5.51932e-06,4.5532e-06
1.21042e-05,1.17828e-05,1.09998e-05,1.06642e-05,9.79235e-06,9.02131e-06,8.20286e-06,7.18085e-06,6.22099e-06,5.36356e-06,4.42608e-06
1.17997e-05,1.1494e-05,1.07462e-05,1.03988e-05,9.56061e-06,8.77598e-06,7.96051e-06,6.97661e-06,6.04693e-06,5.2399e-06,4.32021e-06
1.15379e-05,1.1161e-05,1.04586e-05,1.01168e-05,9.30529e-06,8.54939e-06,7.77114e-06,6.80151e-06,5.8806e-06,5.07571e-06,4.18909e-06
1.12525e-05,1.08957e-05,1.01753e-05,9.86351e-06,9.0749e-06,8.35085e-06,7.5879e-06,6.60778e-06,5.72821e-06,4.93655e-06,4.07025e-06
1.09819e-05,1.06374e-05,9.94684e-06,9.62892e-06,8.83828e-06,8.13462e-06,7.40997e-06,6.44105e-06,5.59351e-06,4.80923e-06,3.95871e-06
1.06904e-05,1.03799e-05,9.68273e-06,9.38626e-06,8.63874e-06,7.96974e-06,7.22155e-06,6.27655e-06,5.45136e-06,4.68494e-06,3.8577e-06
1.04987e-05,1.0112e-05,9.46408e-06,9.15479e-06,8.43001e-06,7.76746e-06,7.04291e-06,6.10859e-06,5.3099e-06,4.57419e-06,3.75691e-06
1.02216e-05,9.87629e-06,9.24857e-06,8.95306e-06,8.23096e-06,7.55902e-06,6.8544e-06,5.94728e-06,5.16771e-06,4.4492e-06,3.64995e-06
9.98019e-06,9.6435e-06,9.02524e-06,8.73777e-06,8.01261e-06,7.35289e-06,6.68637e-06,5.7989e-06,5.03316e-06,4.31738e-06,3.54649e-06
9.74288e-06,9.41695e-06,8.78606e-06,8.53957e-06,7.83722e-06,7.19692e-06,6.53698e-06,5.65756e-06,4.89718e-06,4.2108e-06,3.44677e-06
9.55003e-06,9.2025e-06,8.61671e-06,8.30718e-06,7.64356e-06,7.04467e-06,6.36119e-06,5.53477e-06,4.80543e-06,4.09614e-06,3.37169e-06
9.28044e-06,8.98243e-06,8.4058e-06,8.16267e-06,7.47097e-06,6.85485e-06,6.2077e-06,5.38972e-06,4.66633e-06,3.99642e-06,3.27881e-06
9.11139e-06,8.76805e-06,8.21967e-06,7.95463e-06,7.28015e-06,6.6954e-06,6.04948e-06,5.25047e-06,4.55483e-06,3.89349e-06,3.19418e-06
8.88105e-06,8.56912e-06,8.03956e-06,7.76335e-06,7.11943e-06,6.5306e-06,5.91203e-06,5.1261e-06,4.4406e-06,3.79938e-06,3.11499e-06
8.69813e-06,8.34663e-06,7.84811e-06,7.59349e-06,6.95036e-06,6.37468e-06,5.7466e-06,4.9901e-06,4.32417e-06,3.69548e-06,3.03476e-06
8.46377e-06,8.1693e-06,7.67242e-06,7.41916e-06,6.78266e-06,6.22819e-06,5.62589e-06,4.86706e-06,4.23097e-06,3.58662e-06,2.94337e-06
8.29164e-06,7.99044e-06,7.48399e-06,7.20794e-06,6.62768e-06,6.08567e-06,5.46348e-06,4.76044e-06,4.11812e-06,3.49239e-06,2.86644e-06
8.09309e-06,7.80815e-06,7.32367e-06,7.07475e-06,6.47872e-06,5.94582e-06,5.34765e-06,4.6374e-06,4.01153e-06,3.42189e-06,2.79014e-06
7.9701e-06,7.63027e-06,7.15231e-06,6.90037e-06,6.35391e-06,5.79493e-06,5.22091e-06,4.54024e-06,3.91465e-06,3.31566e-06,2.72907e-06
7.75638e-06,7.46262e-06,7.00304e-06,6.7586e-06,6.19638e-06,5.66642e-06,5.09788e-06,4.42063e-06,3.82035e-06,3.23753e-06,2.66771e-06
7.61618e-06,7.31408e-06,6.85192e-06,6.61229e-06,6.05091e-06,5.53934e-06,4.9827e-06,4.30686e-06,3.74124e-06,3.14572e-06,2.59456e-06
7.43082e-06,7.13858e-06,6.68391e-06,6.45509e-06,5.91889e-06,5.42352e-06,4.87154e-06,4.20934e-06,3.64532e-06,3.06792e-06,2.52871e-06
7.26135e-06,6.96072e-06,6.55833e-06,6.2987e-06,5.77006e-06,5.27969e-06,4.75666e-06,4.11684e-06,3.56755e-06,2.99448e-06,2.47287e-06
7.09573e-06,6.80569e-06,6.39823e-06,6.16598e-06,5.64317e-06,5.17863e-06,4.65869e-06,4.01573e-06,3.48145e-06,2.92226e-06,2.40391e-06
6.96073e-06,6.68325e-06,6.25555e-06,6.041e-06,5.51067e-06,5.03633e-06,4.53438e-06,3.93417e-06,3.39589e-06,2.85224e-06,2.33988e-06
6.81298e-06,6.53646e-06,6.1354e-06,5.90844e-06,5.40074e-06,4.93839e-06,4.4358e-06,3.85045e-06,3.30327e-06,2.77509e-06,2.28964e-06
6.67826e-06,6.40551e-06,6.02037e-06,5.77234e-06,5.29279e-06,4.82388e-06,4.34044e-06,3.7827e-06,3.2423e-06,2.70806e-06,2.22837e-06
6.51968e-06,6.25687e-06,5.87608e-06,5.65871e-06,5.16896e-06,4.7223e-06,4.2487e-06,3.67155e-06,3.16499e-06,2.64779e-06,2.16916e-06
6.40229e-06,6.13106e-06,5.75552e-06,5.50229e-06,5.05311e-06,4.6276e-06,4.15113e-06,3.59309e-06,3.10806e-06,2.58068e-06,2.11955e-06
6.27278e-06,5.99448e-06,5.64176e-06,5.41221e-06,4.94547e-06,4.51184e-06,4.05088e-06,3.50453e-06,3.034e-06,2.51822e-06,2.06558e-06
6.1541e-06,5.86933e-06,5.53201e-06,5.29119e-06,4.84082e-06,4.41815e-06,3.9691e-06,3.42586e-06,2.96146e-06,2.45732e-06,2.01948e-06
5.99543e-06,5.74597e-06,5.40772e-06,5.18299e-06,4.73892e-06,4.32534e-06,3.87349e-06,3.35753e-06,2.88566e-06,2.40737e-06,1.96501e-06
5.87272e-06,5.6347e-06,5.28451e-06,5.07623e-06,4.63187e-06,4.2357e-06,3.78019e-06,3.2835e-06,2.81744e-06,2.34339e-06,1.92105e-06
5.75815e-06,5.51716e-06,5.19251e-06,4.9843e-06,4.54624e-06,4.13874e-06,3.7042e-06,3.21238e-06,2.76365e-06,2.29029e-06,1.87055e-06
5.66704e-06,5.40277e-06,5.09053e-06,4.86742e-06,4.45779e-06,4.05112e-06,3.62972e-06,3.15308e-06,2.69086e-06,2.23053e-06,1.82642e-06
5.53684e-06,5.28931e-06,4.98402e-06,4.75926e-06,4.36768e-06,3.98242e-06,3.55221e-06,3.08056e-06,2.63471e-06,2.17832e-06,1.77829e-06
5.43516e-06,5.19887e-06,4.88865e-06,4.66322e-06,4.26864e-06,3.88898e-06,3.478e-06,3.01127e-06,2.58308e-06,2.12897e-06,1.74182e-06
5.32768e-06,5.09708e-06,4.79827e-06,4.565e-06,4.18899e-06,3.81065e-06,3.40035e-06,2.94834e-06,2.51813e-06,2.07947e-06,1.70678e-06
5.22639e-06,4.98552e-06,4.69386e-06,4.47137e-06,4.10614e-06,3.73497e-06,3.32915e-06,2.88304e-06,2.46753e-06,2.0348e-06,1.65607e-06
5.09543e-06,4.90544e-06,4.61269e-06,4.38637e-06,4.02066e-06,3.668e-06,3.25848e-06,2.82632e-06,2.42423e-06,1.99953e-06,1.61587e-06
5.02291e-06,4.79632e-06,4.51197e-06,4.30375e-06,3.93943e-06,3.58842e-06,3.1913e-06,2.76776e-06,2.36227e-06,1.94445e-06,1.58069e-06
4.90561e-06,4.70301e-06,4.4293e-06,4.22109e-06,3.85449e-06,3.51297e-06,3.12572e-06,2.71488e-06,2.31386e-06,1.89703e-06,1.53936e-06
4.82472e-06,4.62654e-06,4.35028e-06,4.14232e-06,3.78677e-06,3.43449e-06,3.069e-06,2.65577e-06,2.26391e-06,1.85742e-06,1.50816e-06
4.74369e-06,4.52965e-06,4.27001e-06,4.04885e-06,3.72324e-06,3.37203e-06,3.00611e-06,2.60369e-06,2.21125e-06,1.81585e-06,1.47246e-06
4.64733e-06,4.4394e-06,4.19268e-06,3.97862e-06,3.64104e-06,3.31111e-06,2.94215e-06,2.54387e-06,2.17011e-06,1.78215e-06,1.43679e-06
4.56301e-06,4.36329e-06,4.10834e-06,3.90214e-06,3.57601e-06,3.24975e-06,2.88223e-06,2.49711e-06,2.12879e-06,1.73993e-06,1.40328e-06
4.46106e-06,4.27593e-06,4.03084e-06,3.82561e-06,3.50064e-06,3.18129e-06,2.82068e-06,2.44158e-06,2.07664e-06,1.7056e-06,1.36926e-06
4.3775e-06,4.19306e-06,3.96198e-06,3.75357e-06,3.43522e-06,3.11561e-06,2.76908e-06,2.39787e-06,2.02949e-06,1.66416e-06,1.33383e-06
4.29849e-06,4.11349e-06,3.8883e-06,3.68659e-06,3.36574e-06,3.05603e-06,2.70952e-06,2.34723e-06,1.99042e-06,1.62767e-06,1.30523e-06
4.22664e-06,4.04709e-06,3.82466e-06,3.62213e-06,3.30351e-06,2.99588e-06,2.6622e-06,2.30543e-06,1.95069e-06,1.59375e-06,1.27835e-06
4.15363e-06,3.97314e-06,3.74632e-06,3.54486e-06,3.24765e-06,2.93521e-06,2.61544e-06,2.25374e-06,1.91014e-06,1.55148e-06,1.25491e-06
4.07436e-06,3.90178e-06,3.67534e-06,3.47636e-06,3.18675e-06,2.88068e-06,2.56409e-06,2.21168e-06,1.87143e-06,1.52039e-06,1.22602e-06
3.99559e-06,3.82818e-06,3.61199e-06,3.40557e-06,3.12514e-06,2.83028e-06,2.51612e-06,2.16897e-06,1.83249e-06,1.48556e-06,1.19558e-06
3.9373e-06,3.76335e-06,3.54338e-06,3.34704e-06,3.06954e-06,2.77292e-06,2.46861e-06,2.12616e-06,1.79742e-06,1.45463e-06,1.17264e-06
3.85038e-06,3.6922e-06,3.48117e-06,3.28508e-06,3.00688e-06,2.72368e-06,2.41541e-06,2.08049e-06,1.75749e-06,1.42652e-06,1.14347e-06
3.78184e-06,3.61997e-06,3.41377e-06,3.22354e-06,2.95393e-06,2.67327e-06,2.37381e-06,2.04225e-06,1.72145e-06,1.39338e-06,1.1178e-06
3.71877e-06,3.56204e-06,3.35651e-06,3.17135e-06,2.89512e-06,2.62209e-06,2.32462e-06,2.00412e-06,1.68241e-06,1.36729e-06,1.09435e-06
3.65327e-06,3.501e-06,3.29479e-06,3.10727e-06,2.84854e-06,2.57469e-06,2.28206e-06,1.96624e-06,1.65124e-06,1.33424e-06,1.07159e-06
3.58642e-06,3.43482e-06,3.23874e-06,3.04964e-06,2.79367e-06,2.52403e-06,2.24069e-06,1.92839e-06,1.61835e-06,1.3092e-06,1.04519e-06
3.52746e-06,3.37784e-06,3.18214e-06,2.99544e-06,2.74383e-06,2.47914e-06,2.19893e-06,1.89067e-06,1.58594e-06,1.28165e-06,1.02257e-06
3.46079e-06,3.32148e-06,3.12682e-06,2.94086e-06,2.6968e-06,2.4321e-06,2.1588e-06,1.85464e-06,1.55477e-06,1.25633e-06,9.98876e-07
3.40223e-06,3.25796e-06,3.07106e-06,2.88666e-06,2.64761e-06,2.38764e-06,2.11788e-06,1.82162e-06,1.52306e-06,1.23001e-06,9.78113e-07
3.34427e-06,3.20202e-06,3.01607e-06,2.83463e-06,2.60016e-06,2.34312e-06,2.07848e-06,1.78667e-06,1.49308e-06,1.20148e-06,9.56288e-07
3.28774e-06,3.14226e-06,2.96659e-06,2.78341e-06,2.55228e-06,2.30365e-06,2.04123e-06,1.75272e-06,1.46354e-06,1.17953e-06,9.35092e-07
3.22728e-06,3.08831e-06,2.91665e-06,2.74063e-06,2.50467e-06,2.2623e-06,2.00105e-06,1.71624e-06,1.43554e-06,1.15275e-06,9.16777e-07
3.17099e-06,3.03699e-06,2.86748e-06,2.68475e-06,2.46206e-06,2.22027e-06,1.96515e-06,1.68739e-06,1.40593e-06,1.12862e-06,8.95224e-07
3.12113e-06,2.98687e-06,2.8183e-06,2.63615e-06,2.41777e-06,2.17995e-06,1.93068e-06,1.65134e-06,1.37806e-06,1.10759e-06,8.75393e-07
3.06381e-06,2.93776e-06,2.76728e-06,2.59288e-06,2.37572e-06,2.14102e-06,1.89331e-06,1.62293e-06,1.35013e-06,1.08378e-06,8.57173e-07
3.01168e-06,2.88834e-06,2.719e-06,2.54497e-06,2.33612e-06,2.10131e-06,1.85855e-06,1.59135e-06,1.32524e-06,1.06203e-06,8.38533e-07
2.96574e-06,2.8404e-06,2.67332e-06,2.50571e-06,2.29271e-06,2.06571e-06,1.82456e-06,1.5648e-06,1.29705e-06,1.0437e-06,8.21585e-07
2.9116e-06,2.79375e-06,2.63014e-06,2.46152e-06,2.25212e-06,2.02696e-06,1.79168e-06,1.53351e-06,1.27389e-06,1.02005e-06,8.03233e-07
2.86571e-06,2.75285e-06,2.58253e-06,2.42414e-06,2.21493e-06,1.98862e-06,1.76244e-06,1.50587e-06,1.24941e-06,1.00188e-06,7.86789e-07
2.81351e-06,2.69742e-06,2.54381e-06,2.37635e-06,2.17199e-06,1.95826e-06,1.72738e-06,1.47869e-06,1.22494e-06,9.80343e-07,7.6906e-07
2.77127e-06,2.65467e-06,2.50121e-06,2.33565e-06,2.13647e-06,1.92478e-06,1.69728e-06,1.45193e-06,1.20062e-06,9.62326e-07,7.53643e-07
2.72622e-06,2.61525e-06,2.46275e-06,2.30221e-06,2.10247e-06,1.8897e-06,1.67055e-06,1.42463e-06,1.17788e-06,9.42972e-07,7.38714e-07
2.68112e-06,2.57188e-06,2.42101e-06,2.26148e-06,2.06519e-06,1.85842e-06,1.6394e-06,1.39859e-06,1.15711e-06,9.25347e-07,7.25328e-07
2.6374e-06,2.52705e-06,2.38227e-06,2.21936e-06,2.03017e-06,1.82898e-06,1.61125e-06,1.373e-06,1.13493e-06,9.08491e-07,7.07535e-07
2.59511e-06,2.48831e-06,2.34411e-06,2.18501e-06,1.99644e-06,1.79439e-06,1.5809e-06,1.34785e-06,1.11159e-06,8.89254e-07,6.9234e-07
2.55132e-06,2.44595e-06,2.30622e-06,2.14815e-06,1.96299e-06,1.76366e-06,1.55381e-06,1.32195e-06,1.09188e-06,8.73044e-07,6.78426e-07
2.51544e-06,2.40825e-06,2.2729e-06,2.1135e-06,1.92948e-06,1.7343e-06,1.52719e-06,1.2999e-06,1.07201e-06,8.55029e-07,6.63727e-07
2.47413e-06,2.37182e-06,2.23219e-06,2.08382e-06,1.89565e-06,1.70635e-06,1.50136e-06,1.27788e-06,1.05423e-06,8.39776e-07,6.51741e-07
2.43933e-06,2.33509e-06,2.19902e-06,2.04411e-06,1.86721e-06,1.67813e-06,1.47722e-06,1.25491e-06,1.03405e-06,8.25125e-07,6.39645e-07
2.39256e-06,2.30403e-06,2.16697e-06,2.00919e-06,1.83788e-06,1.64785e-06,1.44782e-06,1.23073e-06,1.01492e-06,8.07429e-07,6.24093e-07
2.36153e-06,2.26402e-06,2.13431e-06,1.98087e-06,1.80672e-06,1.62369e-06,1.42564e-06,1.21263e-06,9.9708e-07,7.93287e-07,6.1386e-07
2.32117e-06,2.23148e-06,2.09488e-06,1.9487e-06,1.77758e-06,1.59373e-06,1.40215e-06,1.19013e-06,9.77998e-07,7.79886e-07,6.00394e-07
2.288e-06,2.19613e-06,2.07149e-06,1.9219e-06,1.75072e-06,1.56984e-06,1.37977e-06,1.16981e-06,9.6179e-07,7.63113e-07,5.8895e-07
2.2532e-06,2.16592e-06,2.037e-06,1.88475e-06,1.71941e-06,1.54274e-06,1.35492e-06,1.14933e-06,9.4378e-07,7.4992e-07,5.78341e-07
2.22688e-06,2.13423e-06,2.01185e-06,1.85889e-06,1.69452e-06,1.5188e-06,1.33499e-06,1.1314e-06,9.28526e-07,7.37156e-07,5.68483e-07
2.1831e-06,2.10069e-06,1.97762e-06,1.83198e-06,1.6664e-06,1.49563e-06,1.31192e-06,1.11098e-06,9.13317e-07,7.25331e-07,5.55388e-07
2.15714e-06,2.07472e-06,1.95045e-06,1.80668e-06,1.63838e-06,1.47216e-06,1.29258e-06,1.09576e-06,8.97086e-07,7.109e-07,5.46318e-07
2.12348e-06,2.0396e-06,1.9217e-06,1.77589e-06,1.61484e-06,1.44841e-06,1.27146e-06,1.07435e-06,8.82305e-07,6.98796e-07,5.36166e-07
2.09355e-06,2.01622e-06,1.89029e-06,1.75176e-06,1.59008e-06,1.42865e-06,1.25353e-06,1.05727e-06,8.68085e-07,6.88022e-07,5.27175e-07
2.06419e-06,1.98793e-06,1.86352e-06,1.72612e-06,1.56986e-06,1.40514e-06,1.23021e-06,1.03864e-06,8.54846e-07,6.75631e-07,5.14416e-07
2.03668e-06,1.95987e-06,1.83576e-06,1.69999e-06,1.54277e-06,1.38346e-06,1.21371e-06,1.02514e-06,8.39992e-07,6.62696e-07,5.06853e-07
2.00479e-06,1.93089e-06,1.81052e-06,1.68062e-06,1.52317e-06,1.36159e-06,1.19332e-06,1.00592e-06,8.23871e-07,6.52269e-07,4.96992e-07
1.97823e-06,1.90329e-06,1.78947e-06,1.65358e-06,1.4974e-06,1.34349e-06,1.1736e-06,9.91397e-07,8.07347e-07,6.42144e-07,4.89265e-07
1.95338e-06,1.88244e-06,1.76401e-06,1.63092e-06,1.48019e-06,1.32313e-06,1.15633e-06,9.7557e-07,7.98427e-07,6.2912e-07,4.78977e-07
1.92436e-06,1.8516e-06,1.74454e-06,1.60493e-06,1.4525e-06,1.30313e-06,1.13664e-06,9.59867e-07,7.85383e-07,6.19873e-07,4.72289e-07
1.90093e-06,1.83036e-06,1.71805e-06,1.58553e-06,1.43633e-06,1.28438e-06,1.12215e-06,9.45109e-07,7.69735e-07,6.09164e-07,4.63265e-07
1.87873e-06,1.80065e-06,1.699e-06,1.56527e-06,1.41799e-06,1.26669e-06,1.10197e-06,9.33046e-07,7.59741e-07,5.98916e-07,4.54748e-07
1.85009e-06,1.78285e-06,1.67919e-06,1.5402e-06,1.3985e-06,1.24622e-06,1.08415e-06,9.14563e-07,7.46933e-07,5.90035e-07,4.47511e-07
1.82202e-06,1.75624e-06,1.65509e-06,1.52111e-06,1.37882e-06,1.23075e-06,1.07044e-06,8.99469e-07,7.34898e-07,5.82558e-07,4.41448e-07
1.79761e-06,1.73168e-06,1.63509e-06,1.5009e-06,1.35615e-06,1.21122e-06,1.05656e-06,8.90952e-07,7.22606e-07,5.72255e-07,4.36247e-07
1.77762e-06,1.71227e-06,1.61617e-06,1.47841e-06,1.34143e-06,1.19523e-06,1.03602e-06,8.77836e-07,7.13312e-07,5.62071e-07,4.26324e-07
1.74884e-06,1.68505e-06,1.58911e-06,1.4636e-06,1.32515e-06,1.18038e-06,1.02359e-06,8.61286e-07,7.0432e-07,5.58211e-07,4.1727e-07
1.72916e-06,1.66529e-06,1.57121e-06,1.44199e-06,1.30268e-06,1.16317e-06,1.01095e-06,8.53957e-07,6.90743e-07,5.43794e-07,4.14808e-07
1.70575e-06,1.6434e-06,1.54477e-06,1.4219e-06,1.28547e-06,1.15064e-06,9.92967e-07,8.40387e-07,6.80649e-07,5.39693e-07,4.04669e-07
1.68672e-06,1.6283e-06,1.52754e-06,1.40415e-06,1.27079e-06,1.13319e-06,9.84069e-07,8.23524e-07,6.7082e-07,5.29329e-07,3.99161e-07
1.66684e-06,1.60818e-06,1.50771e-06,1.38613e-06,1.25322e-06,1.11794e-06,9.7171e-07,8.17659e-07,6.59641e-07,5.22833e-07,3.91531e-07
1.64164e-06,1.59091e-06,1.49533e-06,1.37013e-06,1.23557e-06,1.10061e-06,9.58015e-07,8.0269e-07,6.51271e-07,5.14716e-07,3.87452e-07
1.62333e-06,1.56769e-06,1.47601e-06,1.35275e-06,1.21858e-06,1.08854e-06,9.4492e-07,7.90358e-07,6.39467e-07,5.05708e-07,3.83154e-07
1.60071e-06,1.54892e-06,1.46163e-06,1.33526e-06,1.20592e-06,1.07095e-06,9.3149e-07,7.79881e-07,6.2871e-07,4.96537e-07,3.73497e-07
1.58507e-06,1.531e-06,1.44182e-06,1.3267e-06,1.18758e-06,1.05925e-06,9.24336e-07,7.75606e-07,6.24831e-07,4.90472e-07,3.68944e-07
1.56628e-06,1.51868e-06,1.43254e-06,1.30428e-06,1.16845e-06,1.04436e-06,9.04417e-07,7.58021e-07,6.16574e-07,4.87836e-07,3.64141e-07
1.54902e-06,1.5037e-06,1.40604e-06,1.29074e-06,1.16464e-06,1.03325e-06,8.94555e-07,7.46303e-07,6.05282e-07,4.80181e-07,3.58344e-07
1.53061e-06,1.48053e-06,1.3906e-06,1.27477e-06,1.15092e-06,1.01952e-06,8.84962e-07,7.38186e-07,5.97306e-07,4.69661e-07,3.53271e-07
1.5127e-06,1.46374e-06,1.37714e-06,1.25711e-06,1.13698e-06,1.00835e-06,8.73398e-07,7.26713e-07,5.90057e-07,4.64702e-07,3.48199e-07
1.49948e-06,1.44875e-06,1.36155e-06,1.2452e-06,1.121e-06,9.95533e-07,8.59563e-07,7.20426e-07,5.83127e-07,4.57966e-07,3.43627e-07
1.47895e-06,1.42922e-06,1.34596e-06,1.23169e-06,1.10625e-06,9.81843e-07,8.48814e-07,7.11715e-07,5.72108e-07,4.52587e-07,3.3817e-07
1.46347e-06,1.41664e-06,1.33161e-06,1.21506e-06,1.09345e-06,9.71784e-07,8.40993e-07,7.04148e-07,5.667e-07,4.48487e-07,3.33889e-07
1.44772e-06,1.40297e-06,1.32311e-06,1.20198e-06,1.07985e-06,9.57593e-07,8.31272e-07,6.90224e-07,5.56258e-07,4.41023e-07,3.28929e-07
1.43166e-06,1.38094e-06,1.29995e-06,1.18701e-06,1.06542e-06,9.49153e-07,8.16578e-07,6.84734e-07,5.49417e-07,4.34423e-07,3.24516e-07
1.41497e-06,1.37071e-06,1.28873e-06,1.17303e-06,1.05744e-06,9.36154e-07,8.0885e-07,6.77816e-07,5.45229e-07,4.31118e-07,3.20737e-07
1.40164e-06,1.35445e-06,1.2731e-06,1.16451e-06,1.04529e-06,9.26636e-07,7.97101e-07,6.68365e-07,5.3677e-07,4.22309e-07,3.15449e-07
1.38321e-06,1.34383e-06,1.25545e-06,1.14667e-06,1.02664e-06,9.17032e-07,7.90254e-07,6.58645e-07,5.2934e-07,4.19151e-07,3.1035e-07
1.37442e-06,1.32709e-06,1.24909e-06,1.13647e-06,1.02134e-06,9.02196e-07,7.77813e-07,6.49726e-07,5.20772e-07,4.1055e-07,3.07611e-07
1.35143e-06,1.31185e-06,1.23079e-06,1.12546e-06,1.00339e-06,8.95589e-07,7.71609e-07,6.42559e-07,5.14714e-07,4.10104e-07,3.03786e-07
1.34659e-06,1.30336e-06,1.2235e-06,1.11442e-06,9.97645e-07,8.87334e-07,7.59775e-07,6.3521e-07,5.08953e-07,4.01695e-07,3.03292e-07
1.32567e-06,1.29072e-06,1.20894e-06,1.10141e-06,9.86876e-07,8.7265e-07,7.5283e-07,6.25727e-07,5.01623e-07,3.97678e-07,2.94271e-07
1.31842e-06,1.27618e-06,1.18937e-06,1.08829e-06,9.70874e-07,8.64751e-07,7.44349e-07,6.2309e-07,4.98762e-07,3.94551e-07,2.94322e-07
1.29557e-06,1.25784e-06,1.18441e-06,1.07704e-06,9.66378e-07,8.54894e-07,7.34182e-07,6.13664e-07,4.89285e-07,3.88813e-07,2.86226e-07
1.28344e-06,1.24172e-06,1.16812e-06,1.06576e-06,9.53009e-07,8.45523e-07,7.27821e-07,6.02637e-07,4.8289e-07,3.83736e-07,2.85646e-07
1.27195e-06,1.23384e-06,1.15477e-06,1.0577e-06,9.44459e-07,8.37687e-07,7.16957e-07,5.97583e-07,4.80269e-07,3.7651e-07,2.81794e-07
1.26105e-06,1.22395e-06,1.14605e-06,1.04209e-06,9.3641e-07,8.26205e-07,7.06615e-07,5.91011e-07,4.73397e-07,3.71596e-07,2.77546e-07
1.2469e-06,1.20666e-06,1.13611e-06,1.02721e-06,9.2375e-07,8.17236e-07,7.01491e-07,5.84619e-07,4.70366e-07,3.72242e-07,2.75679e-07
1.23522e-06,1.19428e-06,1.12966e-06,1.02056e-06,9.14528e-07,8.05394e-07,6.92063e-07,5.77538e-07,4.62408e-07,3.6438e-07,2.68345e-07
1.21426e-06,1.18065e-06,1.10612e-06,1.00963e-06,9.02523e-07,7.97599e-07,6.8584e-07,5.7034e-07,4.55636e-07,3.59076e-07,2.66314e-07
1.20793e-06,1.16873e-06,1.10147e-06,1.00309e-06,8.92757e-07,7.89958e-07,6.76194e-07,5.65881e-07,4.50191e-07,3.55042e-07,2.64063e-07
1.19098e-06,1.16186e-06,1.09237e-06,9.90692e-07,8.85248e-07,7.78828e-07,6.70187e-07,5.59635e-07,4.42909e-07,3.53116e-07,2.59355e-07
1.18885e-06,1.14571e-06,1.07319e-06,9.82449e-07,8.76755e-07,7.7184e-07,6.6461e-07,5.55807e-07,4.4114e-07,3.48242e-07,2.57617e-07
1.17285e-06,1.1354e-06,1.07008e-06,9.72061e-07,8.66627e-07,7.6569e-07,6.56663e-07,5.48719e-07,4.35213e-07,3.43636e-07,2.54933e-07
1.1572e-06,1.11627e-06,1.0531e-06,9.60159e-07,8.56934e-07,7.57756e-07,6.45922e-07,5.40704e-07,4.31811e-07,3.39004e-07,2.50161e-07
1.14794e-06,1.11386e-06,1.05082e-06,9.58852e-07,8.48587e-07,7.46873e-07,6.45411e-07,5.34936e-07,4.23042e-07,3.33831e-07,2.49184e-07
1.13944e-06,1.1038e-06,1.0363e-06,9.44893e-07,8.41475e-07,7.40972e-07,6.35104e-07,5.28028e-07,4.20552e-07,3.3071e-07,2.44579e-07
1.12816e-06,1.09146e-06,1.02508e-06,9.33506e-07,8.3427e-07,7.30259e-07,6.2874e-07,5.21226e-07,4.16021e-07,3.29849e-07,2.4213e-07
1.11654e-06,1.08335e-06,1.02417e-06,9.24866e-07,8.20665e-07,7.25795e-07,6.21387e-07,5.14764e-07,4.12217e-07,3.23698e-07,2.42019e-07
1.10115e-06,1.06762e-06,1.00354e-06,9.16842e-07,8.14388e-07,7.18873e-07,6.13677e-07,5.13241e-07,4.04796e-07,3.18785e-07,2.38177e-07
1.09236e-06,1.06214e-06,9.97071e-07,9.06103e-07,8.05211e-07,7.08349e-07,6.0874e-07,5.07493e-07,4.01893e-07,3.16534e-07,2.34625e-07
1.08467e-06,1.04787e-06,9.8362e-07,8.95534e-07,7.97744e-07,7.06502e-07,5.971e-07,4.993e-07,3.97206e-07,3.12855e-07,2.32459e-07
1.06891e-06,1.03124e-06,9.70129e-07,8.86055e-07,7.93204e-07,6.93435e-07,5.94851e-07,4.93276e-07,3.93339e-07,3.1192e-07,2.28952e-07
1.05885e-06,1.02631e-06,9.64029e-07,8.78827e-07,7.8013e-07,6.87979e-07,5.90065e-07,4.9015e-07,3.88127e-07,3.08066e-07,2.2629e-07
1.0472e-06,1.01757e-06,9.59708e-07,8.69916e-07,7.72898e-07,6.7993e-07,5.84432e-07,4.83176e-07,3.81879e-07,3.01772e-07,2.2419e-07
1.03832e-06,1.01234e-06,9.52982e-07,8.65061e-07,7.69523e-07,6.72481e-07,5.78497e-07,4.79563e-07,3.77944e-07,2.99391e-07,2.22321e-07
1.02993e-06,1.00117e-06,9.3924e-07,8.5434e-07,7.59343e-07,6.6706e-07,5.69168e-07,4.73959e-07,3.74585e-07,2.96609e-07,2.19022e-07
1.013e-06,9.88104e-07,9.30353e-07,8.45558e-07,7.52383e-07,6.61711e-07,5.63315e-07,4.67607e-07,3.70056e-07,2.93273e-07,2.16098e-07
1.01091e-06,9.79736e-07,9.20713e-07,8.33122e-07,7.44782e-07,6.53889e-07,5.53076e-07,4.63658e-07,3.69479e-07,2.88694e-07,2.12721e-07
9.95551e-07,9.64742e-07,9.13682e-07,8.29538e-07,7.35055e-07,6.4404e-07,5.50674e-07,4.57195e-07,3.62446e-07,2.85707e-07,2.10022e-07
9.91722e-07,9.58124e-07,9.01615e-07,8.16809e-07,7.30013e-07,6.3969e-07,5.4196e-07,4.53858e-07,3.59161e-07,2.81108e-07,2.09046e-07
9.77932e-07,9.49754e-07,8.97795e-07,8.10287e-07,7.1522e-07,6.33412e-07,5.39296e-07,4.4659e-07,3.56551e-07,2.78045e-07,2.06206e-07
9.67019e-07,9.37163e-07,8.85536e-07,8.02762e-07,7.10483e-07,6.23893e-07,5.33149e-07,4.43199e-07,3.50068e-07,2.75243e-07,2.04278e-07
9.56229e-07,9.25859e-07,8.75481e-07,7.9212e-07,7.062e-07,6.19438e-07,5.27847e-07,4.38257e-07,3.45625e-07,2.71585e-07,2.01406e-07
9.47996e-07,9.22579e-07,8.6804e-07,7.83217e-07,6.98331e-07,6.14823e-07,5.2185e-07,4.34996e-07,3.42688e-07,2.68491e-07,2.00119e-07
9.38482e-07,9.1145e-07,8.6003e-07,7.76403e-07,6.91397e-07,6.06405e-07,5.14505e-07,4.27041e-07,3.38901e-07,2.65873e-07,1.96615e-07
9.31912e-07,9.03161e-07,8.46815e-07,7.68686e-07,6.83021e-07,5.99805e-07,5.10239e-07,4.2598e-07,3.34906e-07,2.61091e-07,1.95185e-07
9.24497e-07,8.92377e-07,8.4145e-07,7.59683e-07,6.76372e-07,5.91548e-07,5.0538e-07,4.19781e-07,3.29467e-07,2.60048e-07,1.90874e-07
9.09499e-07,8.83524e-07,8.31529e-07,7.53881e-07,6.69861e-07,5.84093e-07,5.00886e-07,4.1535e-07,3.2757e-07,2.56899e-07,1.9026e-07
9.00621e-07,8.74184e-07,8.24081e-07,7.46606e-07,6.59863e-07,5.81954e-07,4.93466e-07,4.08697e-07,3.22798e-07,2.52539e-07,1.88506e-07
8.91686e-07,8.61773e-07,8.1501e-07,7.40656e-07,6.55674e-07,5.73646e-07,4.86222e-07,4.05167e-07,3.2005e-07,2.51883e-07,1.84822e-07
8.8416e-07,8.61939e-07,8.15159e-07,7.28778e-07,6.47741e-07,5.69151e-07,4.85539e-07,4.0174e-07,3.18951e-07,2.48104e-07,1.83288e-07
8.73238e-07,8.48125e-07,7.99994e-07,7.26265e-07,6.4204e-07,5.62092e-07,4.77419e-07,3.98727e-07,3.13221e-07,2.45434e-07,1.80219e-07
8.68012e-07,8.43072e-07,7.87181e-07,7.1595e-07,6.39427e-07,5.59612e-07,4.69428e-07,3.9229e-07,3.08449e-07,2.42289e-07,1.80518e-07
8.56904e-07,8.29256e-07,7.81441e-07,7.08538e-07,6.27886e-07,5.54267e-07,4.69204e-07,3.87398e-07,3.0778e-07,2.40059e-07,1.7655e-07
8.46972e-07,8.21542e-07,7.72097e-07,6.96561e-07,6.2275e-07,5.48939e-07,4.61342e-07,3.83196e-07,3.02254e-07,2.35435e-07,1.75058e-07
8.43049e-07,8.15845e-07,7.67663e-07,6.91064e-07,6.17321e-07,5.39859e-07,4.58248e-07,3.8111e-07,2.9827e-07,2.32739e-07,1.72446e-07
8.34024e-07,8.07804e-07,7.58829e-07,6.83697e-07,6.09959e-07,5.34811e-07,4.51384e-07,3.74793e-07,2.96862e-07,2.29853e-07,1.71782e-07
8.2057e-07,7.99521e-07,7.52094e-07,6.815e-07,6.02153e-07,5.2531e-07,4.48706e-07,3.7004e-07,2.93617e-07,2.28584e-07,1.68507e-07
8.12589e-07,7.85167e-07,7.43947e-07,6.70255e-07,5.99013e-07,5.22984e-07,4.43054e-07,3.66788e-07,2.87287e-07,2.24191e-07,1.66147e-07
