# xi4
# underflow	 0.47190077    	 0.41685451E-01
# overflow	 0.85163820E-01	 0.83558114E-02
# sum	  1.8330506    	 0.56129597E-01
# xmin	xmax	cross	numerror
  3124.0000    	  3125.0000    	 0.21848244E-02	 0.65183613E-03
  3125.0000    	  3126.0000    	 0.34502233E-02	 0.96223918E-03
  3126.0000    	  3127.0000    	 0.30087579E-02	 0.88906003E-03
  3127.0000    	  3128.0000    	 0.22920205E-02	 0.95819486E-03
  3128.0000    	  3129.0000    	 0.44096805E-02	 0.10840830E-02
  3129.0000    	  3130.0000    	 0.96025161E-03	 0.12644096E-02
  3130.0000    	  3131.0000    	 0.58831406E-02	 0.15539698E-02
  3131.0000    	  3132.0000    	 0.46566059E-02	 0.17105067E-02
  3132.0000    	  3133.0000    	 0.96933703E-03	 0.18223946E-02
  3133.0000    	  3134.0000    	-0.13505036E-02	 0.20281543E-02
  3134.0000    	  3135.0000    	-0.87105326E-03	 0.24915211E-02
  3135.0000    	  3136.0000    	 0.28680433E-02	 0.80626284E-03
  3136.0000    	  3137.0000    	 0.62839759E-03	 0.96413914E-03
  3137.0000    	  3138.0000    	 0.21530126E-02	 0.92566700E-03
  3138.0000    	  3139.0000    	 0.36166201E-02	 0.10715441E-02
  3139.0000    	  3140.0000    	 0.12632190E-02	 0.99586468E-03
  3140.0000    	  3141.0000    	 0.34891236E-02	 0.10760030E-02
  3141.0000    	  3142.0000    	 0.30985726E-02	 0.14509501E-02
  3142.0000    	  3143.0000    	 0.60910247E-02	 0.21019096E-02
  3143.0000    	  3144.0000    	 0.13463447E-03	 0.19196861E-02
  3144.0000    	  3145.0000    	-0.10390567E-02	 0.17600750E-02
  3145.0000    	  3146.0000    	-0.33618652E-02	 0.23909989E-02
  3146.0000    	  3147.0000    	 0.15239589E-02	 0.71217329E-03
  3147.0000    	  3148.0000    	 0.12407381E-02	 0.32865570E-03
  3148.0000    	  3149.0000    	 0.20564981E-02	 0.82382629E-03
  3149.0000    	  3150.0000    	 0.30788525E-02	 0.91773170E-03
  3150.0000    	  3151.0000    	 0.26645504E-02	 0.11157006E-02
  3151.0000    	  3152.0000    	 0.38294320E-02	 0.14749212E-02
  3152.0000    	  3153.0000    	 0.22302485E-02	 0.14888276E-02
  3153.0000    	  3154.0000    	 0.45919089E-02	 0.15388472E-02
  3154.0000    	  3155.0000    	 0.32597490E-02	 0.18457839E-02
  3155.0000    	  3156.0000    	 0.43018474E-02	 0.25466893E-02
  3156.0000    	  3157.0000    	-0.11992248E-02	 0.21498590E-02
  3157.0000    	  3158.0000    	 0.44956525E-03	 0.72973793E-03
  3158.0000    	  3159.0000    	 0.21548084E-02	 0.74230385E-03
  3159.0000    	  3160.0000    	 0.30481322E-02	 0.11434938E-02
  3160.0000    	  3161.0000    	 0.14381969E-02	 0.67648689E-03
  3161.0000    	  3162.0000    	 0.25486389E-02	 0.99022832E-03
  3162.0000    	  3163.0000    	 0.31153807E-02	 0.14163775E-02
  3163.0000    	  3164.0000    	 0.21425449E-02	 0.12622491E-02
  3164.0000    	  3165.0000    	 0.52607213E-02	 0.18786848E-02
  3165.0000    	  3166.0000    	 0.16425033E-03	 0.20131875E-02
  3166.0000    	  3167.0000    	 0.21969661E-02	 0.25194817E-02
  3167.0000    	  3168.0000    	 0.73979362E-02	 0.26577934E-02
  3168.0000    	  3169.0000    	 0.13512171E-02	 0.76563555E-03
  3169.0000    	  3170.0000    	 0.15610398E-02	 0.91429434E-03
  3170.0000    	  3171.0000    	 0.34645359E-02	 0.89900473E-03
  3171.0000    	  3172.0000    	-0.13820280E-03	 0.10394187E-02
  3172.0000    	  3173.0000    	 0.28561278E-02	 0.74741088E-03
  3173.0000    	  3174.0000    	 0.64067937E-02	 0.13627400E-02
  3174.0000    	  3175.0000    	 0.43977472E-02	 0.16782484E-02
  3175.0000    	  3176.0000    	 0.27609533E-02	 0.16070952E-02
  3176.0000    	  3177.0000    	 0.48170235E-02	 0.20135805E-02
  3177.0000    	  3178.0000    	-0.12487572E-02	 0.22270507E-02
  3178.0000    	  3179.0000    	-0.15809336E-02	 0.24510280E-02
  3179.0000    	  3180.0000    	 0.30271398E-02	 0.96430615E-03
  3180.0000    	  3181.0000    	 0.49411973E-03	 0.27128459E-03
  3181.0000    	  3182.0000    	 0.24340852E-02	 0.11622279E-02
  3182.0000    	  3183.0000    	 0.18256769E-02	 0.10693637E-02
  3183.0000    	  3184.0000    	 0.38036172E-02	 0.10142678E-02
  3184.0000    	  3185.0000    	 0.68007616E-02	 0.14202810E-02
  3185.0000    	  3186.0000    	 0.61674143E-02	 0.17341911E-02
  3186.0000    	  3187.0000    	 0.15831390E-02	 0.15985932E-02
  3187.0000    	  3188.0000    	-0.18223301E-02	 0.15718831E-02
  3188.0000    	  3189.0000    	-0.11235018E-02	 0.23927082E-02
  3189.0000    	  3190.0000    	-0.36913682E-02	 0.22569571E-02
  3190.0000    	  3191.0000    	-0.57693848E-03	 0.86538504E-03
  3191.0000    	  3192.0000    	 0.13334297E-02	 0.74015472E-03
  3192.0000    	  3193.0000    	 0.24593257E-02	 0.86408455E-03
  3193.0000    	  3194.0000    	 0.84271076E-03	 0.10765204E-02
  3194.0000    	  3195.0000    	 0.26466033E-02	 0.85282534E-03
  3195.0000    	  3196.0000    	 0.44667158E-02	 0.10966460E-02
  3196.0000    	  3197.0000    	 0.31185387E-02	 0.15121836E-02
  3197.0000    	  3198.0000    	 0.27307864E-02	 0.15555263E-02
  3198.0000    	  3199.0000    	-0.11983624E-02	 0.12964798E-02
  3199.0000    	  3200.0000    	 0.26732189E-02	 0.20256158E-02
  3200.0000    	  3201.0000    	 0.21971222E-03	 0.19145209E-02
  3201.0000    	  3202.0000    	 0.29066739E-02	 0.10321545E-02
  3202.0000    	  3203.0000    	 0.31325544E-02	 0.10778427E-02
  3203.0000    	  3204.0000    	 0.25589876E-03	 0.37730343E-03
  3204.0000    	  3205.0000    	 0.60258403E-03	 0.10079370E-02
  3205.0000    	  3206.0000    	 0.66005061E-03	 0.11113495E-02
  3206.0000    	  3207.0000    	 0.19826453E-02	 0.12052744E-02
  3207.0000    	  3208.0000    	 0.25254087E-02	 0.15954524E-02
  3208.0000    	  3209.0000    	 0.25817703E-02	 0.17011768E-02
  3209.0000    	  3210.0000    	 0.23443865E-02	 0.18621807E-02
  3210.0000    	  3211.0000    	-0.23871488E-02	 0.21285633E-02
  3211.0000    	  3212.0000    	-0.24722857E-02	 0.22280508E-02
  3212.0000    	  3213.0000    	 0.26009667E-02	 0.87744222E-03
  3213.0000    	  3214.0000    	 0.11291894E-02	 0.74219828E-03
  3214.0000    	  3215.0000    	 0.30084908E-02	 0.95243136E-03
  3215.0000    	  3216.0000    	 0.22534852E-02	 0.98962417E-03
  3216.0000    	  3217.0000    	 0.64486056E-02	 0.12074343E-02
  3217.0000    	  3218.0000    	 0.62718852E-02	 0.13072956E-02
  3218.0000    	  3219.0000    	 0.14851572E-02	 0.10243815E-02
  3219.0000    	  3220.0000    	 0.46118185E-02	 0.18164745E-02
  3220.0000    	  3221.0000    	 0.45786304E-02	 0.17408886E-02
  3221.0000    	  3222.0000    	 0.17303546E-02	 0.20925505E-02
  3222.0000    	  3223.0000    	-0.24533283E-03	 0.29153371E-02
  3223.0000    	  3224.0000    	 0.27752497E-02	 0.10355170E-02
  3224.0000    	  3225.0000    	 0.17749230E-02	 0.67015853E-03
  3225.0000    	  3226.0000    	 0.49367714E-02	 0.11243551E-02
  3226.0000    	  3227.0000    	 0.39652788E-02	 0.10880245E-02
  3227.0000    	  3228.0000    	 0.22500962E-02	 0.10805632E-02
  3228.0000    	  3229.0000    	 0.16316784E-02	 0.12275578E-02
  3229.0000    	  3230.0000    	 0.52211896E-03	 0.10952599E-02
  3230.0000    	  3231.0000    	 0.28447688E-02	 0.17625926E-02
  3231.0000    	  3232.0000    	 0.25297806E-02	 0.20422305E-02
  3232.0000    	  3233.0000    	-0.27364650E-03	 0.25390566E-02
  3233.0000    	  3234.0000    	 0.45914765E-02	 0.24920946E-02
  3234.0000    	  3235.0000    	 0.31721017E-02	 0.99865440E-03
  3235.0000    	  3236.0000    	 0.65735522E-03	 0.74742907E-03
  3236.0000    	  3237.0000    	 0.15838326E-02	 0.38057514E-03
  3237.0000    	  3238.0000    	 0.32696796E-02	 0.98173603E-03
  3238.0000    	  3239.0000    	 0.39818542E-02	 0.10240905E-02
  3239.0000    	  3240.0000    	 0.12796052E-02	 0.12282641E-02
  3240.0000    	  3241.0000    	 0.59516009E-02	 0.13545591E-02
  3241.0000    	  3242.0000    	 0.23123229E-02	 0.16693033E-02
  3242.0000    	  3243.0000    	 0.15811183E-02	 0.15870858E-02
  3243.0000    	  3244.0000    	 0.73075884E-03	 0.24961640E-02
  3244.0000    	  3245.0000    	 0.39476238E-02	 0.27166163E-02
  3245.0000    	  3246.0000    	 0.12027209E-02	 0.44451071E-03
  3246.0000    	  3247.0000    	 0.27678385E-02	 0.78172051E-03
  3247.0000    	  3248.0000    	 0.93231744E-03	 0.87842807E-03
  3248.0000    	  3249.0000    	 0.17727765E-02	 0.10127993E-02
  3249.0000    	  3250.0000    	 0.19795141E-02	 0.11843391E-02
  3250.0000    	  3251.0000    	 0.58891526E-03	 0.12950256E-02
  3251.0000    	  3252.0000    	 0.12544416E-02	 0.10238040E-02
  3252.0000    	  3253.0000    	 0.34634250E-02	 0.17199570E-02
  3253.0000    	  3254.0000    	 0.62206888E-02	 0.18608686E-02
  3254.0000    	  3255.0000    	 0.27203702E-03	 0.27023632E-02
  3255.0000    	  3256.0000    	 0.19996453E-02	 0.30218308E-02
  3256.0000    	  3257.0000    	 0.14295639E-02	 0.69755279E-03
  3257.0000    	  3258.0000    	-0.93274774E-04	 0.25824551E-03
  3258.0000    	  3259.0000    	 0.20423678E-02	 0.81016184E-03
  3259.0000    	  3260.0000    	 0.22182446E-02	 0.10909122E-02
  3260.0000    	  3261.0000    	 0.37386884E-02	 0.98870728E-03
  3261.0000    	  3262.0000    	 0.58747809E-02	 0.11386937E-02
  3262.0000    	  3263.0000    	 0.33440621E-02	 0.13245342E-02
  3263.0000    	  3264.0000    	-0.13359100E-02	 0.14412785E-02
  3264.0000    	  3265.0000    	 0.33466349E-02	 0.18092429E-02
  3265.0000    	  3266.0000    	 0.23773975E-02	 0.17575420E-02
  3266.0000    	  3267.0000    	-0.15876522E-02	 0.26258535E-02
  3267.0000    	  3268.0000    	 0.63616295E-03	 0.62152381E-03
  3268.0000    	  3269.0000    	 0.12101239E-03	 0.10153207E-03
  3269.0000    	  3270.0000    	 0.19161682E-03	 0.46640217E-03
  3270.0000    	  3271.0000    	-0.57696195E-03	 0.91190702E-03
  3271.0000    	  3272.0000    	 0.32304730E-02	 0.95167771E-03
  3272.0000    	  3273.0000    	 0.31817966E-02	 0.11247201E-02
  3273.0000    	  3274.0000    	 0.41286240E-02	 0.14644683E-02
  3274.0000    	  3275.0000    	 0.50524778E-02	 0.13636095E-02
  3275.0000    	  3276.0000    	 0.26973150E-02	 0.19867543E-02
  3276.0000    	  3277.0000    	 0.38066096E-02	 0.29623841E-02
  3277.0000    	  3278.0000    	 0.20338143E-02	 0.25507843E-02
  3278.0000    	  3279.0000    	 0.31061181E-02	 0.69080380E-03
  3279.0000    	  3280.0000    	 0.24271147E-02	 0.82031466E-03
  3280.0000    	  3281.0000    	 0.12249521E-02	 0.55515503E-03
  3281.0000    	  3282.0000    	 0.99754254E-03	 0.55101335E-03
  3282.0000    	  3283.0000    	 0.12145467E-02	 0.86856283E-03
  3283.0000    	  3284.0000    	 0.21929388E-03	 0.76294244E-03
  3284.0000    	  3285.0000    	 0.67908773E-03	 0.12987629E-02
  3285.0000    	  3286.0000    	 0.44026603E-02	 0.16825648E-02
  3286.0000    	  3287.0000    	-0.48495583E-02	 0.17389887E-02
  3287.0000    	  3288.0000    	 0.49854909E-02	 0.26399417E-02
  3288.0000    	  3289.0000    	 0.41394161E-02	 0.27794928E-02
  3289.0000    	  3290.0000    	 0.18696165E-02	 0.78433424E-03
  3290.0000    	  3291.0000    	-0.25965254E-03	 0.26656870E-03
  3291.0000    	  3292.0000    	 0.26569669E-02	 0.89406698E-03
  3292.0000    	  3293.0000    	 0.34371678E-02	 0.91923582E-03
  3293.0000    	  3294.0000    	 0.27430731E-02	 0.11137043E-02
  3294.0000    	  3295.0000    	 0.10869078E-02	 0.11206645E-02
  3295.0000    	  3296.0000    	 0.55550065E-02	 0.14912197E-02
  3296.0000    	  3297.0000    	 0.89173588E-03	 0.18382891E-02
  3297.0000    	  3298.0000    	 0.43436018E-03	 0.18566983E-02
  3298.0000    	  3299.0000    	-0.92901727E-03	 0.15980394E-02
  3299.0000    	  3300.0000    	 0.32931873E-02	 0.14613697E-02
  3300.0000    	  3301.0000    	 0.46164776E-04	 0.47348836E-03
  3301.0000    	  3302.0000    	 0.24706026E-02	 0.61921800E-03
  3302.0000    	  3303.0000    	-0.12774554E-03	 0.55784308E-03
  3303.0000    	  3304.0000    	 0.27867307E-02	 0.10197187E-02
  3304.0000    	  3305.0000    	 0.99070976E-03	 0.78587340E-03
  3305.0000    	  3306.0000    	 0.19981964E-02	 0.98395720E-03
  3306.0000    	  3307.0000    	 0.48647354E-02	 0.14222334E-02
  3307.0000    	  3308.0000    	 0.84138105E-04	 0.14572413E-02
  3308.0000    	  3309.0000    	 0.11296515E-01	 0.20937924E-02
  3309.0000    	  3310.0000    	 0.17700152E-02	 0.28805155E-02
  3310.0000    	  3311.0000    	 0.24718741E-02	 0.26187271E-02
  3311.0000    	  3312.0000    	 0.22757214E-02	 0.70998415E-03
  3312.0000    	  3313.0000    	 0.78747005E-03	 0.57446243E-03
  3313.0000    	  3314.0000    	 0.33015194E-02	 0.85056228E-03
  3314.0000    	  3315.0000    	 0.31386749E-02	 0.94588265E-03
  3315.0000    	  3316.0000    	 0.31526739E-02	 0.11318663E-02
  3316.0000    	  3317.0000    	 0.11579809E-02	 0.10333955E-02
  3317.0000    	  3318.0000    	-0.30249507E-02	 0.12731930E-02
  3318.0000    	  3319.0000    	 0.39714192E-02	 0.17583561E-02
  3319.0000    	  3320.0000    	 0.97561155E-03	 0.15020973E-02
  3320.0000    	  3321.0000    	 0.21941955E-02	 0.20382580E-02
  3321.0000    	  3322.0000    	-0.53191318E-03	 0.19457171E-02
  3322.0000    	  3323.0000    	 0.12504643E-02	 0.63677877E-03
  3323.0000    	  3324.0000    	 0.14501617E-02	 0.60148455E-03
  3324.0000    	  3325.0000    	 0.25165212E-02	 0.73846526E-03
  3325.0000    	  3326.0000    	 0.22759970E-02	 0.96838700E-03
  3326.0000    	  3327.0000    	 0.27742195E-02	 0.13002994E-02
  3327.0000    	  3328.0000    	 0.11404667E-03	 0.10773870E-02
  3328.0000    	  3329.0000    	 0.53823297E-02	 0.15761202E-02
  3329.0000    	  3330.0000    	 0.62814555E-02	 0.20468667E-02
  3330.0000    	  3331.0000    	-0.20465031E-03	 0.20792168E-02
  3331.0000    	  3332.0000    	 0.21149833E-02	 0.22911053E-02
  3332.0000    	  3333.0000    	-0.31393887E-03	 0.21428262E-02
  3333.0000    	  3334.0000    	 0.23056462E-02	 0.93100364E-03
  3334.0000    	  3335.0000    	 0.30829081E-02	 0.76149070E-03
  3335.0000    	  3336.0000    	 0.26409561E-02	 0.76774849E-03
  3336.0000    	  3337.0000    	-0.91857452E-04	 0.21045426E-03
  3337.0000    	  3338.0000    	-0.13164900E-02	 0.98110129E-03
  3338.0000    	  3339.0000    	 0.20020313E-02	 0.96931534E-03
  3339.0000    	  3340.0000    	 0.48363121E-02	 0.11420105E-02
  3340.0000    	  3341.0000    	 0.26844915E-02	 0.19181329E-02
  3341.0000    	  3342.0000    	 0.49869117E-02	 0.16834571E-02
  3342.0000    	  3343.0000    	 0.43501263E-02	 0.19153433E-02
  3343.0000    	  3344.0000    	 0.89259506E-03	 0.23268231E-02
  3344.0000    	  3345.0000    	 0.95762255E-03	 0.62464307E-03
  3345.0000    	  3346.0000    	 0.96329559E-03	 0.69757412E-03
  3346.0000    	  3347.0000    	 0.31269387E-02	 0.98934500E-03
  3347.0000    	  3348.0000    	 0.57167185E-02	 0.12512643E-02
  3348.0000    	  3349.0000    	 0.10565989E-02	 0.49366761E-03
  3349.0000    	  3350.0000    	 0.15173493E-02	 0.99357338E-03
  3350.0000    	  3351.0000    	-0.51446200E-03	 0.86705770E-03
  3351.0000    	  3352.0000    	 0.20397563E-02	 0.13920261E-02
  3352.0000    	  3353.0000    	 0.74432679E-02	 0.18997584E-02
  3353.0000    	  3354.0000    	-0.68437122E-03	 0.19262040E-02
  3354.0000    	  3355.0000    	-0.57229395E-02	 0.18920794E-02
  3355.0000    	  3356.0000    	 0.19377681E-02	 0.60168028E-03
  3356.0000    	  3357.0000    	 0.45619310E-03	 0.72726292E-03
  3357.0000    	  3358.0000    	 0.74265332E-03	 0.61779685E-03
  3358.0000    	  3359.0000    	 0.19756409E-02	 0.78845420E-03
  3359.0000    	  3360.0000    	 0.20824066E-02	 0.88089214E-03
  3360.0000    	  3361.0000    	-0.92263919E-03	 0.12831859E-02
  3361.0000    	  3362.0000    	 0.26298502E-02	 0.10286841E-02
  3362.0000    	  3363.0000    	-0.38242178E-03	 0.14279681E-02
  3363.0000    	  3364.0000    	 0.17666917E-02	 0.16027108E-02
  3364.0000    	  3365.0000    	 0.19825183E-02	 0.15329284E-02
  3365.0000    	  3366.0000    	-0.43277261E-02	 0.20571024E-02
  3366.0000    	  3367.0000    	 0.19025128E-02	 0.47362067E-03
  3367.0000    	  3368.0000    	 0.88192381E-03	 0.74421589E-03
  3368.0000    	  3369.0000    	 0.15319978E-02	 0.45740299E-03
  3369.0000    	  3370.0000    	 0.92396245E-04	 0.60117935E-03
  3370.0000    	  3371.0000    	 0.33991151E-02	 0.72344971E-03
  3371.0000    	  3372.0000    	 0.91559773E-03	 0.82811765E-03
  3372.0000    	  3373.0000    	 0.12188742E-02	 0.78766209E-03
  3373.0000    	  3374.0000    	-0.12015221E-02	 0.97788368E-03
  3374.0000    	  3375.0000    	 0.56060414E-02	 0.17636414E-02
  3375.0000    	  3376.0000    	 0.52512345E-02	 0.24405264E-02
  3376.0000    	  3377.0000    	 0.40914020E-02	 0.26313421E-02
  3377.0000    	  3378.0000    	 0.98078649E-03	 0.51886907E-03
  3378.0000    	  3379.0000    	 0.72778247E-03	 0.26751159E-03
  3379.0000    	  3380.0000    	 0.64482726E-03	 0.49820057E-03
  3380.0000    	  3381.0000    	 0.36293358E-03	 0.58909907E-03
  3381.0000    	  3382.0000    	 0.12502339E-03	 0.64114332E-03
  3382.0000    	  3383.0000    	 0.31085994E-02	 0.10029486E-02
  3383.0000    	  3384.0000    	 0.63393214E-02	 0.15332039E-02
  3384.0000    	  3385.0000    	-0.33011149E-03	 0.15236074E-02
  3385.0000    	  3386.0000    	 0.10482665E-02	 0.12616742E-02
  3386.0000    	  3387.0000    	 0.12941537E-02	 0.17702186E-02
  3387.0000    	  3388.0000    	-0.69361375E-03	 0.25974022E-02
  3388.0000    	  3389.0000    	 0.71624761E-03	 0.37313435E-03
  3389.0000    	  3390.0000    	 0.22941547E-02	 0.69104285E-03
  3390.0000    	  3391.0000    	 0.26277848E-02	 0.84933734E-03
  3391.0000    	  3392.0000    	 0.18999348E-02	 0.86128272E-03
  3392.0000    	  3393.0000    	 0.27248594E-02	 0.80348821E-03
  3393.0000    	  3394.0000    	 0.12554529E-02	 0.10690728E-02
  3394.0000    	  3395.0000    	 0.36385882E-02	 0.12379821E-02
  3395.0000    	  3396.0000    	 0.26133045E-02	 0.17206443E-02
  3396.0000    	  3397.0000    	 0.66628132E-02	 0.17597685E-02
  3397.0000    	  3398.0000    	-0.17771727E-02	 0.19701771E-02
  3398.0000    	  3399.0000    	-0.29827725E-02	 0.22938286E-02
  3399.0000    	  3400.0000    	 0.85137393E-03	 0.36428590E-03
  3400.0000    	  3401.0000    	 0.48854855E-03	 0.64290315E-03
  3401.0000    	  3402.0000    	 0.30282426E-02	 0.72748559E-03
  3402.0000    	  3403.0000    	 0.21989035E-02	 0.11155648E-02
  3403.0000    	  3404.0000    	 0.19305375E-02	 0.97039526E-03
  3404.0000    	  3405.0000    	 0.24607218E-02	 0.95816594E-03
  3405.0000    	  3406.0000    	 0.15342343E-02	 0.10391081E-02
  3406.0000    	  3407.0000    	 0.12409167E-02	 0.84476392E-03
  3407.0000    	  3408.0000    	-0.24067725E-02	 0.13751142E-02
  3408.0000    	  3409.0000    	 0.39128246E-02	 0.19696064E-02
  3409.0000    	  3410.0000    	-0.12959050E-02	 0.27954486E-02
  3410.0000    	  3411.0000    	 0.11482944E-02	 0.35740160E-03
  3411.0000    	  3412.0000    	 0.56191400E-03	 0.43712362E-03
  3412.0000    	  3413.0000    	 0.13769135E-04	 0.52675777E-03
  3413.0000    	  3414.0000    	 0.26496475E-02	 0.82628291E-03
  3414.0000    	  3415.0000    	 0.14296192E-02	 0.84714358E-03
  3415.0000    	  3416.0000    	 0.10784148E-02	 0.90822595E-03
  3416.0000    	  3417.0000    	 0.54598118E-02	 0.13519106E-02
  3417.0000    	  3418.0000    	 0.67725227E-02	 0.15063136E-02
  3418.0000    	  3419.0000    	-0.90681744E-03	 0.11747576E-02
  3419.0000    	  3420.0000    	 0.58615328E-02	 0.25304718E-02
  3420.0000    	  3421.0000    	-0.14844604E-02	 0.17085264E-02
  3421.0000    	  3422.0000    	 0.35255484E-03	 0.24952377E-03
  3422.0000    	  3423.0000    	 0.18879629E-02	 0.61683747E-03
  3423.0000    	  3424.0000    	 0.94514799E-03	 0.43804287E-03
  3424.0000    	  3425.0000    	 0.45615996E-03	 0.59043949E-03
  3425.0000    	  3426.0000    	-0.70700003E-03	 0.78561787E-03
  3426.0000    	  3427.0000    	 0.53119046E-02	 0.12295487E-02
  3427.0000    	  3428.0000    	 0.24410986E-02	 0.10647721E-02
  3428.0000    	  3429.0000    	 0.26316896E-02	 0.11099259E-02
  3429.0000    	  3430.0000    	-0.11726275E-02	 0.15250225E-02
  3430.0000    	  3431.0000    	 0.53707035E-02	 0.17236414E-02
  3431.0000    	  3432.0000    	-0.26176887E-02	 0.24325052E-02
  3432.0000    	  3433.0000    	 0.30235085E-03	 0.12743087E-03
  3433.0000    	  3434.0000    	 0.10417884E-02	 0.37587523E-03
  3434.0000    	  3435.0000    	 0.10771622E-02	 0.87650328E-03
  3435.0000    	  3436.0000    	 0.12349300E-03	 0.40679483E-03
  3436.0000    	  3437.0000    	 0.11517831E-02	 0.66700372E-03
  3437.0000    	  3438.0000    	 0.10513050E-03	 0.68877994E-03
  3438.0000    	  3439.0000    	 0.19174302E-02	 0.11397451E-02
  3439.0000    	  3440.0000    	 0.39408562E-02	 0.11536741E-02
  3440.0000    	  3441.0000    	 0.17179082E-02	 0.18221386E-02
  3441.0000    	  3442.0000    	-0.18175555E-02	 0.14492270E-02
  3442.0000    	  3443.0000    	-0.10996612E-02	 0.25241150E-02
  3443.0000    	  3444.0000    	-0.57533932E-04	 0.14008157E-03
  3444.0000    	  3445.0000    	 0.17335533E-02	 0.85506172E-03
  3445.0000    	  3446.0000    	 0.31920238E-02	 0.86212375E-03
  3446.0000    	  3447.0000    	 0.17022884E-02	 0.76353139E-03
  3447.0000    	  3448.0000    	 0.20297854E-02	 0.81140957E-03
  3448.0000    	  3449.0000    	 0.24693296E-02	 0.90154991E-03
  3449.0000    	  3450.0000    	 0.67847431E-03	 0.11418140E-02
  3450.0000    	  3451.0000    	 0.29630894E-02	 0.14245517E-02
  3451.0000    	  3452.0000    	 0.63414536E-03	 0.15203014E-02
  3452.0000    	  3453.0000    	 0.30706830E-02	 0.20349547E-02
  3453.0000    	  3454.0000    	 0.34570298E-02	 0.24519376E-02
  3454.0000    	  3455.0000    	 0.34565846E-03	 0.15764728E-03
  3455.0000    	  3456.0000    	 0.16110228E-02	 0.42423161E-03
  3456.0000    	  3457.0000    	 0.32018024E-02	 0.95221157E-03
  3457.0000    	  3458.0000    	 0.73621845E-03	 0.75182347E-03
  3458.0000    	  3459.0000    	 0.32120861E-02	 0.12678442E-02
  3459.0000    	  3460.0000    	 0.14575833E-02	 0.10129752E-02
  3460.0000    	  3461.0000    	 0.28186760E-02	 0.13571235E-02
  3461.0000    	  3462.0000    	 0.39116529E-02	 0.13537722E-02
  3462.0000    	  3463.0000    	 0.29791137E-02	 0.12212436E-02
  3463.0000    	  3464.0000    	-0.29437445E-02	 0.22499156E-02
  3464.0000    	  3465.0000    	-0.44397418E-03	 0.13985202E-02
  3465.0000    	  3466.0000    	 0.25835706E-02	 0.67944306E-03
  3466.0000    	  3467.0000    	-0.19694767E-04	 0.44178237E-03
  3467.0000    	  3468.0000    	 0.16644799E-02	 0.65591166E-03
  3468.0000    	  3469.0000    	 0.15004192E-02	 0.93555352E-03
  3469.0000    	  3470.0000    	 0.12650702E-02	 0.78690028E-03
  3470.0000    	  3471.0000    	 0.42790913E-03	 0.88155200E-03
  3471.0000    	  3472.0000    	 0.21372737E-02	 0.14574237E-02
  3472.0000    	  3473.0000    	 0.30998951E-02	 0.15146644E-02
  3473.0000    	  3474.0000    	 0.86262823E-03	 0.14129374E-02
  3474.0000    	  3475.0000    	 0.48472841E-02	 0.23921197E-02
  3475.0000    	  3476.0000    	 0.29081876E-02	 0.15709929E-02
  3476.0000    	  3477.0000    	 0.14784246E-02	 0.34795031E-03
  3477.0000    	  3478.0000    	 0.89190155E-04	 0.26125094E-03
  3478.0000    	  3479.0000    	 0.22368488E-03	 0.35084277E-03
  3479.0000    	  3480.0000    	 0.16823346E-02	 0.43851888E-03
  3480.0000    	  3481.0000    	 0.25492102E-02	 0.12973595E-02
  3481.0000    	  3482.0000    	 0.43347909E-02	 0.12876291E-02
  3482.0000    	  3483.0000    	 0.82960918E-03	 0.12342534E-02
  3483.0000    	  3484.0000    	 0.41712109E-02	 0.14570625E-02
  3484.0000    	  3485.0000    	 0.17150629E-03	 0.15956143E-02
  3485.0000    	  3486.0000    	 0.47148441E-02	 0.89231243E-03
  3486.0000    	  3487.0000    	-0.25115589E-02	 0.25344524E-02
  3487.0000    	  3488.0000    	 0.42096434E-03	 0.42500241E-03
  3488.0000    	  3489.0000    	 0.72128941E-03	 0.32785000E-03
  3489.0000    	  3490.0000    	 0.11509501E-02	 0.60635083E-03
  3490.0000    	  3491.0000    	 0.10744609E-02	 0.79732571E-03
  3491.0000    	  3492.0000    	 0.15836324E-02	 0.92503947E-03
  3492.0000    	  3493.0000    	 0.23552814E-05	 0.81173435E-03
  3493.0000    	  3494.0000    	-0.67853160E-03	 0.41785417E-03
  3494.0000    	  3495.0000    	 0.39180422E-02	 0.15516260E-02
  3495.0000    	  3496.0000    	 0.63007278E-02	 0.16149043E-02
  3496.0000    	  3497.0000    	 0.18256015E-02	 0.22102482E-02
  3497.0000    	  3498.0000    	 0.17281277E-02	 0.19231013E-02
  3498.0000    	  3499.0000    	 0.76382274E-03	 0.49574887E-03
  3499.0000    	  3500.0000    	 0.27407922E-02	 0.62943657E-03
  3500.0000    	  3501.0000    	 0.11029747E-02	 0.73142183E-03
  3501.0000    	  3502.0000    	 0.34351534E-02	 0.66349641E-03
  3502.0000    	  3503.0000    	 0.19690891E-02	 0.10165944E-02
  3503.0000    	  3504.0000    	 0.11620953E-02	 0.91792936E-03
  3504.0000    	  3505.0000    	 0.22391922E-02	 0.11102184E-02
  3505.0000    	  3506.0000    	-0.77939041E-04	 0.13705053E-02
  3506.0000    	  3507.0000    	 0.96353872E-03	 0.16973871E-02
  3507.0000    	  3508.0000    	 0.45817117E-02	 0.21590593E-02
  3508.0000    	  3509.0000    	-0.19176278E-02	 0.28162294E-02
  3509.0000    	  3510.0000    	 0.12228484E-04	 0.54804277E-04
  3510.0000    	  3511.0000    	 0.23765661E-02	 0.54251188E-03
  3511.0000    	  3512.0000    	 0.21651190E-02	 0.88653091E-03
  3512.0000    	  3513.0000    	 0.57321319E-03	 0.41842599E-03
  3513.0000    	  3514.0000    	 0.15714403E-02	 0.86767865E-03
  3514.0000    	  3515.0000    	 0.34217653E-02	 0.96995926E-03
  3515.0000    	  3516.0000    	 0.50914935E-02	 0.13137623E-02
  3516.0000    	  3517.0000    	-0.49188548E-03	 0.13891034E-02
  3517.0000    	  3518.0000    	 0.44748531E-02	 0.20071327E-02
  3518.0000    	  3519.0000    	-0.70395455E-03	 0.10612627E-02
  3519.0000    	  3520.0000    	-0.42689299E-02	 0.19730773E-02
  3520.0000    	  3521.0000    	 0.19357257E-02	 0.66543886E-03
  3521.0000    	  3522.0000    	 0.91318243E-03	 0.31739012E-03
  3522.0000    	  3523.0000    	 0.86464714E-03	 0.63149618E-03
  3523.0000    	  3524.0000    	 0.21215287E-02	 0.47624770E-03
  3524.0000    	  3525.0000    	 0.23442267E-02	 0.74509000E-03
  3525.0000    	  3526.0000    	 0.34856971E-03	 0.10492971E-02
  3526.0000    	  3527.0000    	 0.71804434E-03	 0.12344272E-02
  3527.0000    	  3528.0000    	 0.13685131E-02	 0.11872834E-02
  3528.0000    	  3529.0000    	 0.66569018E-03	 0.11566954E-02
  3529.0000    	  3530.0000    	-0.39546891E-03	 0.13599555E-02
  3530.0000    	  3531.0000    	-0.36281617E-02	 0.18997338E-02
  3531.0000    	  3532.0000    	 0.15623518E-02	 0.61652025E-03
  3532.0000    	  3533.0000    	 0.92875740E-03	 0.58037648E-03
  3533.0000    	  3534.0000    	 0.12615164E-02	 0.49179744E-03
  3534.0000    	  3535.0000    	 0.20091576E-02	 0.93314933E-03
  3535.0000    	  3536.0000    	 0.48003704E-03	 0.69696006E-03
  3536.0000    	  3537.0000    	 0.12225286E-02	 0.10212137E-02
  3537.0000    	  3538.0000    	 0.95604543E-03	 0.12478273E-02
  3538.0000    	  3539.0000    	 0.42556620E-02	 0.15247715E-02
  3539.0000    	  3540.0000    	 0.49474246E-03	 0.18571737E-02
  3540.0000    	  3541.0000    	-0.43672437E-03	 0.10230313E-02
  3541.0000    	  3542.0000    	 0.42562637E-03	 0.24595545E-02
  3542.0000    	  3543.0000    	 0.21570536E-02	 0.50631162E-03
  3543.0000    	  3544.0000    	 0.22585755E-02	 0.69936327E-03
  3544.0000    	  3545.0000    	 0.17127228E-02	 0.62485882E-03
  3545.0000    	  3546.0000    	 0.15662227E-02	 0.72607167E-03
  3546.0000    	  3547.0000    	 0.19767701E-02	 0.82546297E-03
  3547.0000    	  3548.0000    	 0.20624261E-02	 0.10539901E-02
  3548.0000    	  3549.0000    	 0.23818160E-02	 0.98058701E-03
  3549.0000    	  3550.0000    	 0.97930947E-03	 0.74273502E-03
  3550.0000    	  3551.0000    	 0.57791174E-02	 0.13376954E-02
  3551.0000    	  3552.0000    	 0.27752332E-03	 0.23037675E-02
  3552.0000    	  3553.0000    	-0.79596893E-03	 0.19717470E-02
  3553.0000    	  3554.0000    	 0.20160875E-02	 0.58495053E-03
  3554.0000    	  3555.0000    	 0.70446873E-03	 0.36492732E-03
  3555.0000    	  3556.0000    	 0.22893815E-02	 0.46127367E-03
  3556.0000    	  3557.0000    	 0.13766398E-02	 0.74703535E-03
  3557.0000    	  3558.0000    	 0.33554489E-02	 0.10879801E-02
  3558.0000    	  3559.0000    	 0.19489796E-02	 0.74068938E-03
  3559.0000    	  3560.0000    	 0.16764511E-02	 0.12201764E-02
  3560.0000    	  3561.0000    	 0.22731597E-02	 0.16862652E-02
  3561.0000    	  3562.0000    	 0.36002770E-03	 0.15364015E-02
  3562.0000    	  3563.0000    	 0.35823257E-02	 0.15862746E-02
  3563.0000    	  3564.0000    	 0.13729840E-03	 0.13881976E-02
  3564.0000    	  3565.0000    	 0.25248614E-03	 0.53246184E-03
  3565.0000    	  3566.0000    	 0.27684134E-02	 0.58933052E-03
  3566.0000    	  3567.0000    	 0.64443487E-03	 0.46669766E-03
  3567.0000    	  3568.0000    	 0.33835954E-02	 0.89927380E-03
  3568.0000    	  3569.0000    	 0.83621553E-03	 0.80624037E-03
  3569.0000    	  3570.0000    	 0.32499077E-02	 0.11619641E-02
  3570.0000    	  3571.0000    	-0.19190912E-03	 0.12967666E-02
  3571.0000    	  3572.0000    	 0.38119323E-02	 0.10242032E-02
  3572.0000    	  3573.0000    	 0.38979687E-03	 0.20106240E-02
  3573.0000    	  3574.0000    	 0.16183031E-02	 0.15777070E-02
  3574.0000    	  3575.0000    	-0.97799546E-03	 0.20546049E-02
  3575.0000    	  3576.0000    	 0.66958733E-03	 0.31844611E-03
  3576.0000    	  3577.0000    	 0.85921137E-03	 0.55597288E-03
  3577.0000    	  3578.0000    	 0.44495753E-03	 0.37621274E-03
  3578.0000    	  3579.0000    	 0.29021882E-02	 0.77101097E-03
  3579.0000    	  3580.0000    	 0.56613116E-03	 0.79299449E-03
  3580.0000    	  3581.0000    	 0.15792811E-02	 0.90607473E-03
  3581.0000    	  3582.0000    	 0.33212633E-02	 0.12227693E-02
  3582.0000    	  3583.0000    	 0.99912893E-03	 0.11981332E-02
  3583.0000    	  3584.0000    	-0.37452620E-03	 0.18190462E-02
  3584.0000    	  3585.0000    	-0.47442542E-03	 0.12685503E-02
  3585.0000    	  3586.0000    	 0.35592412E-02	 0.15672603E-02
  3586.0000    	  3587.0000    	 0.48232871E-04	 0.34103442E-03
  3587.0000    	  3588.0000    	 0.98542824E-03	 0.42233774E-03
  3588.0000    	  3589.0000    	 0.13631875E-02	 0.65242666E-03
  3589.0000    	  3590.0000    	 0.11500784E-02	 0.59798213E-03
  3590.0000    	  3591.0000    	 0.26763452E-02	 0.74481322E-03
  3591.0000    	  3592.0000    	 0.21199534E-02	 0.12677280E-02
  3592.0000    	  3593.0000    	 0.23009880E-02	 0.11301765E-02
  3593.0000    	  3594.0000    	 0.27441765E-02	 0.14765088E-02
  3594.0000    	  3595.0000    	-0.44163794E-03	 0.12821284E-02
  3595.0000    	  3596.0000    	 0.28934653E-02	 0.15775330E-02
  3596.0000    	  3597.0000    	 0.26939498E-02	 0.22235164E-02
  3597.0000    	  3598.0000    	 0.10582025E-02	 0.30392882E-03
  3598.0000    	  3599.0000    	 0.60655701E-03	 0.31935547E-03
  3599.0000    	  3600.0000    	 0.15803521E-02	 0.65064613E-03
  3600.0000    	  3601.0000    	 0.40069474E-03	 0.18620687E-03
  3601.0000    	  3602.0000    	 0.25171113E-02	 0.93018250E-03
  3602.0000    	  3603.0000    	 0.18394197E-02	 0.11290214E-02
  3603.0000    	  3604.0000    	 0.21233269E-02	 0.13265253E-02
  3604.0000    	  3605.0000    	-0.28138902E-03	 0.11350960E-02
  3605.0000    	  3606.0000    	 0.19693423E-02	 0.12208218E-02
  3606.0000    	  3607.0000    	-0.93447488E-03	 0.78932988E-03
  3607.0000    	  3608.0000    	-0.33405473E-02	 0.11520163E-02
  3608.0000    	  3609.0000    	 0.19017201E-04	 0.17727012E-03
  3609.0000    	  3610.0000    	 0.69568387E-03	 0.46326059E-03
  3610.0000    	  3611.0000    	 0.14476378E-02	 0.77331556E-03
  3611.0000    	  3612.0000    	 0.32280130E-03	 0.20315474E-03
  3612.0000    	  3613.0000    	 0.13749704E-02	 0.66040859E-03
  3613.0000    	  3614.0000    	 0.25296391E-02	 0.97812708E-03
  3614.0000    	  3615.0000    	 0.25762928E-02	 0.12690545E-02
  3615.0000    	  3616.0000    	 0.25932688E-02	 0.10591296E-02
  3616.0000    	  3617.0000    	 0.13873632E-03	 0.13621346E-02
  3617.0000    	  3618.0000    	 0.35533002E-03	 0.13777089E-02
  3618.0000    	  3619.0000    	 0.49167041E-02	 0.14933806E-02
  3619.0000    	  3620.0000    	 0.24972588E-02	 0.69688092E-03
  3620.0000    	  3621.0000    	 0.60007450E-04	 0.14186938E-03
  3621.0000    	  3622.0000    	 0.90790982E-03	 0.60503517E-03
  3622.0000    	  3623.0000    	 0.34086127E-02	 0.70785730E-03
  3623.0000    	  3624.0000    	 0.12238121E-02	 0.74968606E-03
  3624.0000    	  3625.0000    	 0.42645578E-04	 0.89125895E-03
  3625.0000    	  3626.0000    	 0.31615461E-02	 0.11366650E-02
  3626.0000    	  3627.0000    	 0.12053406E-02	 0.10542863E-02
  3627.0000    	  3628.0000    	 0.64216259E-02	 0.17210792E-02
  3628.0000    	  3629.0000    	 0.21684483E-02	 0.15990565E-02
  3629.0000    	  3630.0000    	-0.10590714E-02	 0.15601466E-02
  3630.0000    	  3631.0000    	 0.21306937E-03	 0.12033524E-03
  3631.0000    	  3632.0000    	 0.34574994E-03	 0.38695125E-03
  3632.0000    	  3633.0000    	 0.11740338E-03	 0.75801351E-03
  3633.0000    	  3634.0000    	 0.58052699E-03	 0.38457781E-03
  3634.0000    	  3635.0000    	-0.21212733E-03	 0.69679622E-03
  3635.0000    	  3636.0000    	 0.88020434E-03	 0.81398430E-03
  3636.0000    	  3637.0000    	 0.46049288E-02	 0.11603743E-02
  3637.0000    	  3638.0000    	-0.43461277E-03	 0.10970750E-02
  3638.0000    	  3639.0000    	-0.66400927E-03	 0.12303045E-02
  3639.0000    	  3640.0000    	 0.21837500E-02	 0.10275743E-02
  3640.0000    	  3641.0000    	 0.11736944E-02	 0.12654594E-02
  3641.0000    	  3642.0000    	-0.23453275E-04	 0.48331530E-04
  3642.0000    	  3643.0000    	 0.51513635E-03	 0.51016718E-03
  3643.0000    	  3644.0000    	 0.16502714E-02	 0.38725131E-03
  3644.0000    	  3645.0000    	 0.97894378E-03	 0.48073515E-03
  3645.0000    	  3646.0000    	 0.40477401E-03	 0.19346472E-03
  3646.0000    	  3647.0000    	-0.23164637E-03	 0.70698248E-03
  3647.0000    	  3648.0000    	-0.48771711E-03	 0.14817694E-02
  3648.0000    	  3649.0000    	 0.12373500E-02	 0.12074472E-02
  3649.0000    	  3650.0000    	 0.21027497E-02	 0.11134913E-02
  3650.0000    	  3651.0000    	-0.34282333E-02	 0.13914562E-02
  3651.0000    	  3652.0000    	 0.17705401E-02	 0.16576886E-02
  3652.0000    	  3653.0000    	 0.58379853E-03	 0.18235708E-03
  3653.0000    	  3654.0000    	 0.62372411E-03	 0.37403620E-03
  3654.0000    	  3655.0000    	 0.15043985E-03	 0.15698522E-03
  3655.0000    	  3656.0000    	 0.31779947E-02	 0.59521959E-03
  3656.0000    	  3657.0000    	 0.19388223E-02	 0.84711414E-03
  3657.0000    	  3658.0000    	 0.59540077E-04	 0.33387582E-03
  3658.0000    	  3659.0000    	 0.20848519E-02	 0.81541985E-03
  3659.0000    	  3660.0000    	 0.93837961E-03	 0.97489948E-03
  3660.0000    	  3661.0000    	 0.37773231E-02	 0.18159597E-02
  3661.0000    	  3662.0000    	 0.17818476E-02	 0.14251516E-02
  3662.0000    	  3663.0000    	-0.21876017E-02	 0.17366676E-02
  3663.0000    	  3664.0000    	 0.79957628E-03	 0.32662615E-03
  3664.0000    	  3665.0000    	 0.16152626E-03	 0.25185212E-03
  3665.0000    	  3666.0000    	 0.13766999E-02	 0.65847391E-03
  3666.0000    	  3667.0000    	 0.56390606E-03	 0.77851368E-03
  3667.0000    	  3668.0000    	-0.50198152E-03	 0.36664954E-03
  3668.0000    	  3669.0000    	 0.12594005E-02	 0.82875880E-03
  3669.0000    	  3670.0000    	-0.64187139E-03	 0.88062759E-03
  3670.0000    	  3671.0000    	-0.26430424E-02	 0.14190735E-02
  3671.0000    	  3672.0000    	 0.18517722E-02	 0.16416848E-02
  3672.0000    	  3673.0000    	 0.37768908E-03	 0.10727716E-02
  3673.0000    	  3674.0000    	 0.17476983E-02	 0.14083686E-02
  3674.0000    	  3675.0000    	 0.15889863E-02	 0.44978823E-03
  3675.0000    	  3676.0000    	 0.22499872E-02	 0.45784534E-03
  3676.0000    	  3677.0000    	 0.13680878E-02	 0.50804641E-03
  3677.0000    	  3678.0000    	 0.17715650E-02	 0.73984201E-03
  3678.0000    	  3679.0000    	 0.30405316E-02	 0.91705770E-03
  3679.0000    	  3680.0000    	 0.17728776E-02	 0.46921898E-03
  3680.0000    	  3681.0000    	 0.13773063E-02	 0.84919432E-03
  3681.0000    	  3682.0000    	 0.56978924E-03	 0.97145376E-03
  3682.0000    	  3683.0000    	 0.58900691E-03	 0.16438861E-02
  3683.0000    	  3684.0000    	 0.16486767E-02	 0.11184211E-02
  3684.0000    	  3685.0000    	-0.14682001E-02	 0.12289311E-02
  3685.0000    	  3686.0000    	 0.82559540E-03	 0.40694913E-03
  3686.0000    	  3687.0000    	 0.73315985E-03	 0.49084507E-03
  3687.0000    	  3688.0000    	 0.37700518E-03	 0.32209967E-03
  3688.0000    	  3689.0000    	 0.13321143E-02	 0.56928833E-03
  3689.0000    	  3690.0000    	 0.12432367E-03	 0.58274614E-03
  3690.0000    	  3691.0000    	 0.26811040E-02	 0.75862301E-03
  3691.0000    	  3692.0000    	 0.71522921E-03	 0.96949003E-03
  3692.0000    	  3693.0000    	 0.71060828E-03	 0.93757636E-03
  3693.0000    	  3694.0000    	 0.27969793E-02	 0.50949647E-03
  3694.0000    	  3695.0000    	-0.25391929E-03	 0.93531345E-03
  3695.0000    	  3696.0000    	-0.46549435E-03	 0.12302279E-02
  3696.0000    	  3697.0000    	 0.11070053E-02	 0.45244830E-03
  3697.0000    	  3698.0000    	 0.73618631E-03	 0.19988072E-03
  3698.0000    	  3699.0000    	 0.13676133E-02	 0.66149862E-03
  3699.0000    	  3700.0000    	 0.19342408E-02	 0.66433307E-03
  3700.0000    	  3701.0000    	 0.20324465E-02	 0.78245411E-03
  3701.0000    	  3702.0000    	 0.40468113E-03	 0.93246528E-03
  3702.0000    	  3703.0000    	 0.39415985E-02	 0.10515138E-02
  3703.0000    	  3704.0000    	 0.13444450E-02	 0.13347748E-02
  3704.0000    	  3705.0000    	 0.44932637E-03	 0.15099613E-02
  3705.0000    	  3706.0000    	-0.10495459E-03	 0.79656258E-03
  3706.0000    	  3707.0000    	-0.34664124E-03	 0.75029161E-03
  3707.0000    	  3708.0000    	 0.94680509E-03	 0.41219468E-03
  3708.0000    	  3709.0000    	 0.76595047E-05	 0.43509969E-03
  3709.0000    	  3710.0000    	 0.15875266E-02	 0.77033468E-03
  3710.0000    	  3711.0000    	 0.16377607E-03	 0.53666560E-03
  3711.0000    	  3712.0000    	 0.50256306E-03	 0.62593178E-03
  3712.0000    	  3713.0000    	 0.41899977E-03	 0.68402549E-03
  3713.0000    	  3714.0000    	 0.37947340E-03	 0.10670691E-02
  3714.0000    	  3715.0000    	 0.77265935E-03	 0.15119842E-02
  3715.0000    	  3716.0000    	 0.37106350E-02	 0.12985089E-02
  3716.0000    	  3717.0000    	-0.48748476E-03	 0.14417138E-02
  3717.0000    	  3718.0000    	-0.32958877E-02	 0.14864602E-02
  3718.0000    	  3719.0000    	 0.18760374E-02	 0.56496024E-03
  3719.0000    	  3720.0000    	 0.51040967E-03	 0.27863216E-03
  3720.0000    	  3721.0000    	 0.11366301E-02	 0.33383504E-03
  3721.0000    	  3722.0000    	 0.18025804E-02	 0.66935297E-03
  3722.0000    	  3723.0000    	 0.10655024E-02	 0.59722041E-03
  3723.0000    	  3724.0000    	 0.69977082E-03	 0.84892616E-03
  3724.0000    	  3725.0000    	 0.10396188E-02	 0.84813916E-03
  3725.0000    	  3726.0000    	 0.71149596E-04	 0.11313213E-02
  3726.0000    	  3727.0000    	-0.25634947E-02	 0.13435478E-02
  3727.0000    	  3728.0000    	 0.38744394E-03	 0.12073114E-02
  3728.0000    	  3729.0000    	 0.24089170E-05	 0.17945891E-02
  3729.0000    	  3730.0000    	 0.95795652E-03	 0.60470038E-03
  3730.0000    	  3731.0000    	 0.56261265E-03	 0.31815497E-03
  3731.0000    	  3732.0000    	 0.13480895E-02	 0.49347179E-03
  3732.0000    	  3733.0000    	 0.31816800E-04	 0.42630244E-03
  3733.0000    	  3734.0000    	-0.50175033E-05	 0.42441392E-03
  3734.0000    	  3735.0000    	 0.23462520E-02	 0.10803502E-02
  3735.0000    	  3736.0000    	 0.26899930E-02	 0.13062882E-02
  3736.0000    	  3737.0000    	 0.75940484E-03	 0.13227216E-02
  3737.0000    	  3738.0000    	-0.64966520E-03	 0.16165018E-02
  3738.0000    	  3739.0000    	-0.10031764E-02	 0.11199742E-02
  3739.0000    	  3740.0000    	-0.10920639E-02	 0.74607470E-03
  3740.0000    	  3741.0000    	 0.26998190E-03	 0.22352439E-03
  3741.0000    	  3742.0000    	 0.24892739E-03	 0.14353995E-03
  3742.0000    	  3743.0000    	 0.23206454E-02	 0.68713201E-03
  3743.0000    	  3744.0000    	 0.70076612E-03	 0.61531819E-03
  3744.0000    	  3745.0000    	 0.44908813E-03	 0.74933168E-03
  3745.0000    	  3746.0000    	 0.15818142E-02	 0.85037556E-03
  3746.0000    	  3747.0000    	 0.10699581E-02	 0.79695333E-03
  3747.0000    	  3748.0000    	 0.84907214E-04	 0.11861561E-02
  3748.0000    	  3749.0000    	-0.18670824E-02	 0.15430650E-02
  3749.0000    	  3750.0000    	 0.47314279E-02	 0.21431110E-02
  3750.0000    	  3751.0000    	 0.15710890E-02	 0.15199493E-02
  3751.0000    	  3752.0000    	 0.54601711E-03	 0.29453015E-03
  3752.0000    	  3753.0000    	 0.13201026E-02	 0.43239675E-03
  3753.0000    	  3754.0000    	 0.72370950E-03	 0.52329665E-03
  3754.0000    	  3755.0000    	 0.68509856E-03	 0.41583488E-03
  3755.0000    	  3756.0000    	 0.44907099E-02	 0.89490976E-03
  3756.0000    	  3757.0000    	 0.17476110E-02	 0.93064998E-03
  3757.0000    	  3758.0000    	 0.10249364E-03	 0.63852747E-03
  3758.0000    	  3759.0000    	 0.25730907E-02	 0.10835739E-02
  3759.0000    	  3760.0000    	-0.15228537E-02	 0.14882340E-02
  3760.0000    	  3761.0000    	 0.35418971E-02	 0.10525059E-02
  3761.0000    	  3762.0000    	-0.98669652E-03	 0.11337634E-02
  3762.0000    	  3763.0000    	 0.10623802E-02	 0.32924341E-03
  3763.0000    	  3764.0000    	 0.13368230E-02	 0.58122139E-03
  3764.0000    	  3765.0000    	 0.24987793E-02	 0.82692477E-03
  3765.0000    	  3766.0000    	 0.10940993E-02	 0.59505499E-03
  3766.0000    	  3767.0000    	 0.59069051E-03	 0.63857431E-03
  3767.0000    	  3768.0000    	 0.15788064E-02	 0.81532686E-03
  3768.0000    	  3769.0000    	 0.60057208E-03	 0.10561387E-02
  3769.0000    	  3770.0000    	 0.42211218E-02	 0.10059758E-02
  3770.0000    	  3771.0000    	-0.55322988E-03	 0.13464114E-02
  3771.0000    	  3772.0000    	 0.32606569E-02	 0.17793485E-02
  3772.0000    	  3773.0000    	 0.13244724E-02	 0.62284219E-03
  3773.0000    	  3774.0000    	 0.52177003E-03	 0.37086408E-03
  3774.0000    	  3775.0000    	 0.15122018E-02	 0.38368615E-03
  3775.0000    	  3776.0000    	 0.32447580E-03	 0.36770589E-03
  3776.0000    	  3777.0000    	 0.16704556E-02	 0.58867059E-03
  3777.0000    	  3778.0000    	 0.68851545E-03	 0.73805327E-03
  3778.0000    	  3779.0000    	 0.25927824E-02	 0.93747429E-03
  3779.0000    	  3780.0000    	 0.12589068E-02	 0.10406433E-02
  3780.0000    	  3781.0000    	 0.41584711E-03	 0.14029155E-02
  3781.0000    	  3782.0000    	 0.40520348E-02	 0.19155954E-02
  3782.0000    	  3783.0000    	 0.36165911E-02	 0.12231356E-02
  3783.0000    	  3784.0000    	 0.12561593E-02	 0.14207745E-02
  3784.0000    	  3785.0000    	 0.24478716E-03	 0.15047153E-03
  3785.0000    	  3786.0000    	 0.56350402E-03	 0.40175118E-03
  3786.0000    	  3787.0000    	 0.50109092E-03	 0.32295024E-03
  3787.0000    	  3788.0000    	 0.16878924E-02	 0.63397200E-03
  3788.0000    	  3789.0000    	 0.53472740E-03	 0.25017961E-03
  3789.0000    	  3790.0000    	 0.91061426E-03	 0.10948259E-02
  3790.0000    	  3791.0000    	-0.73528186E-04	 0.94453129E-03
  3791.0000    	  3792.0000    	 0.36741397E-02	 0.13147048E-02
  3792.0000    	  3793.0000    	 0.11820260E-02	 0.15128280E-02
  3793.0000    	  3794.0000    	-0.13410129E-03	 0.68701989E-03
  3794.0000    	  3795.0000    	 0.27252536E-02	 0.15709232E-02
  3795.0000    	  3796.0000    	 0.16226786E-02	 0.54749485E-03
  3796.0000    	  3797.0000    	 0.73266984E-03	 0.31989325E-03
  3797.0000    	  3798.0000    	 0.96096038E-03	 0.39754426E-03
  3798.0000    	  3799.0000    	 0.13089977E-02	 0.53552637E-03
  3799.0000    	  3800.0000    	 0.18477265E-02	 0.75549077E-03
  3800.0000    	  3801.0000    	 0.99133442E-03	 0.86267538E-03
  3801.0000    	  3802.0000    	 0.26974093E-02	 0.14196870E-02
  3802.0000    	  3803.0000    	 0.17244593E-02	 0.12260664E-02
  3803.0000    	  3804.0000    	 0.49976474E-02	 0.19131598E-02
  3804.0000    	  3805.0000    	 0.19538182E-03	 0.96418496E-03
  3805.0000    	  3806.0000    	-0.85534289E-03	 0.75290460E-03
  3806.0000    	  3807.0000    	 0.14495222E-03	 0.79197354E-04
  3807.0000    	  3808.0000    	 0.72080163E-03	 0.23730438E-03
  3808.0000    	  3809.0000    	 0.17896526E-02	 0.57301931E-03
  3809.0000    	  3810.0000    	-0.12549506E-03	 0.44836035E-03
  3810.0000    	  3811.0000    	-0.10133367E-02	 0.49730127E-03
  3811.0000    	  3812.0000    	 0.10939142E-02	 0.47079302E-03
  3812.0000    	  3813.0000    	 0.29607867E-02	 0.81183575E-03
  3813.0000    	  3814.0000    	 0.13195295E-02	 0.13495111E-02
  3814.0000    	  3815.0000    	 0.31436128E-02	 0.10428912E-02
  3815.0000    	  3816.0000    	 0.13557514E-02	 0.97052736E-03
  3816.0000    	  3817.0000    	 0.41677182E-02	 0.88038373E-03
  3817.0000    	  3818.0000    	 0.62815926E-03	 0.40357766E-03
  3818.0000    	  3819.0000    	 0.14097919E-02	 0.47293973E-03
  3819.0000    	  3820.0000    	 0.17687116E-03	 0.18154863E-03
  3820.0000    	  3821.0000    	 0.13844342E-02	 0.63272496E-03
  3821.0000    	  3822.0000    	 0.14626780E-02	 0.62489798E-03
  3822.0000    	  3823.0000    	 0.94550002E-03	 0.58361456E-03
  3823.0000    	  3824.0000    	-0.25149435E-04	 0.71091375E-03
  3824.0000    	  3825.0000    	 0.71298682E-03	 0.13081100E-02
  3825.0000    	  3826.0000    	 0.11553843E-02	 0.14694825E-02
  3826.0000    	  3827.0000    	-0.34934753E-02	 0.13138470E-02
  3827.0000    	  3828.0000    	-0.25465368E-02	 0.18771840E-02
  3828.0000    	  3829.0000    	 0.14988927E-03	 0.10408645E-03
  3829.0000    	  3830.0000    	 0.62645308E-03	 0.31663666E-03
  3830.0000    	  3831.0000    	 0.11122432E-02	 0.37866131E-03
  3831.0000    	  3832.0000    	 0.67216644E-03	 0.57566519E-03
  3832.0000    	  3833.0000    	-0.76291499E-03	 0.76462134E-03
  3833.0000    	  3834.0000    	 0.74652344E-03	 0.44735009E-03
  3834.0000    	  3835.0000    	 0.41259784E-02	 0.14683330E-02
  3835.0000    	  3836.0000    	 0.40439199E-02	 0.13633172E-02
  3836.0000    	  3837.0000    	 0.43600003E-03	 0.19572332E-03
  3837.0000    	  3838.0000    	-0.20773488E-02	 0.14429416E-02
  3838.0000    	  3839.0000    	-0.65980389E-03	 0.11641818E-02
  3839.0000    	  3840.0000    	 0.35664389E-05	 0.14224531E-04
  3840.0000    	  3841.0000    	-0.78934135E-04	 0.10979389E-03
  3841.0000    	  3842.0000    	 0.40396452E-03	 0.24074343E-03
  3842.0000    	  3843.0000    	 0.48661239E-03	 0.48995200E-03
  3843.0000    	  3844.0000    	 0.12534432E-02	 0.64243033E-03
  3844.0000    	  3845.0000    	 0.10188828E-02	 0.83964167E-03
  3845.0000    	  3846.0000    	 0.84539062E-03	 0.10727360E-02
  3846.0000    	  3847.0000    	 0.24447256E-03	 0.11770303E-02
  3847.0000    	  3848.0000    	-0.34904809E-03	 0.13581066E-02
  3848.0000    	  3849.0000    	 0.37004106E-02	 0.10425323E-02
  3849.0000    	  3850.0000    	 0.50940720E-03	 0.50218117E-03
  3850.0000    	  3851.0000    	 0.62208076E-03	 0.33676072E-03
  3851.0000    	  3852.0000    	 0.38436310E-03	 0.27838678E-03
  3852.0000    	  3853.0000    	-0.87063037E-04	 0.15602337E-03
  3853.0000    	  3854.0000    	 0.29795496E-03	 0.52792342E-03
  3854.0000    	  3855.0000    	 0.78304176E-03	 0.64434357E-03
  3855.0000    	  3856.0000    	 0.12680859E-03	 0.46593222E-03
  3856.0000    	  3857.0000    	 0.43061939E-03	 0.11189302E-02
  3857.0000    	  3858.0000    	 0.22160736E-02	 0.90346900E-03
  3858.0000    	  3859.0000    	 0.10440356E-02	 0.12144272E-02
  3859.0000    	  3860.0000    	 0.24988162E-02	 0.15483104E-02
  3860.0000    	  3861.0000    	 0.23228058E-02	 0.17107888E-02
  3861.0000    	  3862.0000    	 0.64717030E-03	 0.38293756E-03
  3862.0000    	  3863.0000    	 0.38538640E-03	 0.24848700E-03
  3863.0000    	  3864.0000    	 0.43240689E-03	 0.46688405E-03
  3864.0000    	  3865.0000    	 0.15902500E-02	 0.60728283E-03
  3865.0000    	  3866.0000    	-0.18006421E-03	 0.35532036E-03
  3866.0000    	  3867.0000    	 0.16746541E-02	 0.73181017E-03
  3867.0000    	  3868.0000    	 0.16379520E-02	 0.10526494E-02
  3868.0000    	  3869.0000    	 0.10370339E-02	 0.12297848E-02
  3869.0000    	  3870.0000    	-0.18865165E-02	 0.11816586E-02
  3870.0000    	  3871.0000    	-0.41933981E-04	 0.12087365E-02
  3871.0000    	  3872.0000    	-0.51330160E-03	 0.45040992E-03
  3872.0000    	  3873.0000    	 0.16044842E-03	 0.24219132E-03
  3873.0000    	  3874.0000    	 0.36195328E-03	 0.32189511E-03
  3874.0000    	  3875.0000    	 0.13900043E-02	 0.40063303E-03
  3875.0000    	  3876.0000    	 0.71044627E-03	 0.47744209E-03
  3876.0000    	  3877.0000    	 0.77577594E-04	 0.37882502E-03
  3877.0000    	  3878.0000    	 0.34105669E-02	 0.10735587E-02
  3878.0000    	  3879.0000    	 0.14859437E-03	 0.92097889E-03
  3879.0000    	  3880.0000    	 0.53419008E-03	 0.56380154E-03
  3880.0000    	  3881.0000    	 0.12403576E-02	 0.12821053E-02
  3881.0000    	  3882.0000    	 0.91324801E-03	 0.12309076E-02
  3882.0000    	  3883.0000    	 0.56995289E-03	 0.97757599E-03
  3883.0000    	  3884.0000    	 0.86998034E-03	 0.30556880E-03
  3884.0000    	  3885.0000    	 0.41083294E-03	 0.14611759E-03
  3885.0000    	  3886.0000    	 0.21171394E-03	 0.37960935E-03
  3886.0000    	  3887.0000    	 0.55238059E-03	 0.22986461E-03
  3887.0000    	  3888.0000    	 0.13021502E-02	 0.53239340E-03
  3888.0000    	  3889.0000    	 0.28318902E-02	 0.86413875E-03
  3889.0000    	  3890.0000    	-0.10935270E-02	 0.62661806E-03
  3890.0000    	  3891.0000    	 0.16139895E-02	 0.67991565E-03
  3891.0000    	  3892.0000    	 0.92505443E-03	 0.10923856E-02
  3892.0000    	  3893.0000    	-0.13662383E-02	 0.13542282E-02
  3893.0000    	  3894.0000    	-0.80222084E-03	 0.12342046E-02
  3894.0000    	  3895.0000    	 0.70817827E-03	 0.39843538E-03
  3895.0000    	  3896.0000    	 0.41409450E-03	 0.34742606E-03
  3896.0000    	  3897.0000    	 0.69679821E-03	 0.21402714E-03
  3897.0000    	  3898.0000    	 0.26371363E-03	 0.32137619E-03
  3898.0000    	  3899.0000    	 0.57826975E-03	 0.71227223E-03
  3899.0000    	  3900.0000    	 0.12680572E-02	 0.93383773E-03
  3900.0000    	  3901.0000    	 0.76955865E-03	 0.12494698E-02
  3901.0000    	  3902.0000    	 0.24963695E-02	 0.14044374E-02
  3902.0000    	  3903.0000    	-0.63131841E-03	 0.11388791E-02
  3903.0000    	  3904.0000    	 0.21368673E-03	 0.90327579E-03
  3904.0000    	  3905.0000    	 0.40329809E-03	 0.43245852E-03
  3905.0000    	  3906.0000    	 0.12989557E-02	 0.39168049E-03
  3906.0000    	  3907.0000    	 0.84288690E-04	 0.21848745E-03
  3907.0000    	  3908.0000    	 0.13265139E-02	 0.58337628E-03
  3908.0000    	  3909.0000    	 0.16863642E-02	 0.65571374E-03
  3909.0000    	  3910.0000    	 0.19563283E-02	 0.70360826E-03
  3910.0000    	  3911.0000    	 0.18021974E-02	 0.76081686E-03
  3911.0000    	  3912.0000    	-0.85427448E-03	 0.82499063E-03
  3912.0000    	  3913.0000    	-0.20581839E-03	 0.11766972E-02
  3913.0000    	  3914.0000    	 0.52669655E-03	 0.69825900E-03
  3914.0000    	  3915.0000    	-0.17724075E-03	 0.11731425E-02
  3915.0000    	  3916.0000    	 0.49431437E-03	 0.96159057E-03
  3916.0000    	  3917.0000    	 0.10256460E-03	 0.66925114E-04
  3917.0000    	  3918.0000    	 0.84434575E-03	 0.43589357E-03
  3918.0000    	  3919.0000    	 0.12935018E-02	 0.59607560E-03
  3919.0000    	  3920.0000    	 0.82378883E-03	 0.38770713E-03
  3920.0000    	  3921.0000    	 0.23366163E-02	 0.47029778E-03
  3921.0000    	  3922.0000    	 0.16436525E-02	 0.97652753E-03
  3922.0000    	  3923.0000    	 0.18480343E-02	 0.10817373E-02
  3923.0000    	  3924.0000    	 0.10661793E-02	 0.12340102E-02
  3924.0000    	  3925.0000    	-0.14946918E-02	 0.99038487E-03
  3925.0000    	  3926.0000    	 0.11033009E-02	 0.53713056E-03
  3926.0000    	  3927.0000    	-0.10464069E-02	 0.57183728E-03
  3927.0000    	  3928.0000    	 0.26294321E-02	 0.56997726E-03
  3928.0000    	  3929.0000    	 0.22395371E-03	 0.20172943E-03
  3929.0000    	  3930.0000    	 0.89797343E-03	 0.33790531E-03
  3930.0000    	  3931.0000    	 0.17666111E-02	 0.57440416E-03
  3931.0000    	  3932.0000    	 0.10019253E-02	 0.63561169E-03
  3932.0000    	  3933.0000    	 0.81128370E-03	 0.84759608E-03
  3933.0000    	  3934.0000    	-0.44416969E-03	 0.90127410E-03
  3934.0000    	  3935.0000    	-0.22730798E-02	 0.12810192E-02
  3935.0000    	  3936.0000    	 0.25894920E-03	 0.11074763E-02
  3936.0000    	  3937.0000    	 0.72811194E-03	 0.11529940E-02
  3937.0000    	  3938.0000    	-0.62375552E-03	 0.62228589E-03
  3938.0000    	  3939.0000    	 0.90891263E-04	 0.39636622E-04
  3939.0000    	  3940.0000    	 0.62123786E-04	 0.12221002E-03
  3940.0000    	  3941.0000    	 0.17786729E-02	 0.45703021E-03
  3941.0000    	  3942.0000    	 0.28190227E-03	 0.51951796E-03
  3942.0000    	  3943.0000    	 0.11294718E-02	 0.64721487E-03
  3943.0000    	  3944.0000    	 0.30667956E-02	 0.10003689E-02
  3944.0000    	  3945.0000    	 0.93176013E-03	 0.96487879E-03
  3945.0000    	  3946.0000    	-0.52207245E-03	 0.75443644E-03
  3946.0000    	  3947.0000    	 0.74575265E-03	 0.94147508E-03
  3947.0000    	  3948.0000    	 0.97660728E-03	 0.14092294E-02
  3948.0000    	  3949.0000    	 0.11360103E-02	 0.12211004E-02
  3949.0000    	  3950.0000    	 0.31609734E-03	 0.18788586E-03
  3950.0000    	  3951.0000    	 0.10080171E-03	 0.22012413E-03
  3951.0000    	  3952.0000    	 0.63888685E-04	 0.39118625E-03
  3952.0000    	  3953.0000    	 0.73955562E-04	 0.41719387E-03
  3953.0000    	  3954.0000    	-0.18941387E-03	 0.32505773E-03
  3954.0000    	  3955.0000    	 0.10483578E-02	 0.64777807E-03
  3955.0000    	  3956.0000    	 0.10887771E-02	 0.79224016E-03
  3956.0000    	  3957.0000    	-0.10770256E-03	 0.14895683E-02
  3957.0000    	  3958.0000    	 0.29623492E-04	 0.92714214E-03
  3958.0000    	  3959.0000    	-0.27011120E-03	 0.24099064E-03
  3959.0000    	  3960.0000    	-0.28852753E-02	 0.12151939E-02
  3960.0000    	  3961.0000    	 0.10231688E-02	 0.32688768E-03
  3961.0000    	  3962.0000    	 0.17499567E-02	 0.51973751E-03
  3962.0000    	  3963.0000    	 0.10614612E-02	 0.35361939E-03
  3963.0000    	  3964.0000    	 0.10875157E-03	 0.43314336E-03
  3964.0000    	  3965.0000    	 0.30275550E-03	 0.28624734E-03
  3965.0000    	  3966.0000    	 0.16755822E-02	 0.10232456E-02
  3966.0000    	  3967.0000    	 0.33985350E-03	 0.85893629E-03
  3967.0000    	  3968.0000    	 0.16976901E-02	 0.12356034E-02
  3968.0000    	  3969.0000    	 0.35268593E-02	 0.16986369E-02
  3969.0000    	  3970.0000    	 0.37139177E-03	 0.15096262E-02
  3970.0000    	  3971.0000    	 0.15508593E-02	 0.81714812E-03
  3971.0000    	  3972.0000    	 0.30049976E-03	 0.17807948E-03
  3972.0000    	  3973.0000    	 0.20989511E-03	 0.17335377E-03
  3973.0000    	  3974.0000    	 0.19298813E-03	 0.11087096E-03
  3974.0000    	  3975.0000    	-0.71478355E-04	 0.11153988E-03
  3975.0000    	  3976.0000    	 0.96519819E-03	 0.60183872E-03
  3976.0000    	  3977.0000    	 0.14310153E-02	 0.84458514E-03
  3977.0000    	  3978.0000    	 0.96775094E-03	 0.76963339E-03
  3978.0000    	  3979.0000    	 0.73007894E-03	 0.60501069E-03
  3979.0000    	  3980.0000    	 0.28090493E-03	 0.10770522E-02
  3980.0000    	  3981.0000    	-0.33105138E-02	 0.16506808E-02
  3981.0000    	  3982.0000    	-0.12714375E-02	 0.12898860E-02
  3982.0000    	  3983.0000    	 0.17838591E-03	 0.14004576E-03
  3983.0000    	  3984.0000    	 0.94035895E-03	 0.41027610E-03
  3984.0000    	  3985.0000    	 0.39867636E-03	 0.22735861E-03
  3985.0000    	  3986.0000    	 0.27340644E-03	 0.30174781E-03
  3986.0000    	  3987.0000    	 0.24696711E-02	 0.73877235E-03
  3987.0000    	  3988.0000    	-0.22185110E-03	 0.68985845E-03
  3988.0000    	  3989.0000    	-0.17049098E-02	 0.83392538E-03
  3989.0000    	  3990.0000    	 0.15153031E-02	 0.12481024E-02
  3990.0000    	  3991.0000    	 0.79850657E-04	 0.13643286E-02
  3991.0000    	  3992.0000    	 0.15501232E-02	 0.10316904E-02
  3992.0000    	  3993.0000    	-0.16210405E-03	 0.65108924E-03
  3993.0000    	  3994.0000    	 0.73571674E-03	 0.22530253E-03
  3994.0000    	  3995.0000    	 0.16194340E-04	 0.34042744E-03
  3995.0000    	  3996.0000    	 0.80731899E-03	 0.26010084E-03
  3996.0000    	  3997.0000    	 0.16819334E-02	 0.44077093E-03
  3997.0000    	  3998.0000    	 0.40146859E-03	 0.69175703E-03
  3998.0000    	  3999.0000    	 0.10502648E-02	 0.74602724E-03
  3999.0000    	  4000.0000    	 0.40008075E-04	 0.67702717E-03
  4000.0000    	  4001.0000    	 0.16693969E-02	 0.56149098E-03
  4001.0000    	  4002.0000    	-0.14343769E-02	 0.12025611E-02
  4002.0000    	  4003.0000    	 0.16042860E-02	 0.12872944E-02
  4003.0000    	  4004.0000    	 0.43555542E-03	 0.10917430E-02
  4004.0000    	  4005.0000    	-0.10664078E-03	 0.20814194E-03
  4005.0000    	  4006.0000    	 0.13075927E-02	 0.35187549E-03
  4006.0000    	  4007.0000    	 0.30783484E-03	 0.19549679E-03
  4007.0000    	  4008.0000    	 0.10901844E-02	 0.48033521E-03
  4008.0000    	  4009.0000    	 0.19125325E-02	 0.44488433E-03
  4009.0000    	  4010.0000    	-0.19427013E-03	 0.86054513E-03
  4010.0000    	  4011.0000    	-0.40911608E-03	 0.93898277E-03
  4011.0000    	  4012.0000    	 0.38687593E-02	 0.14242497E-02
  4012.0000    	  4013.0000    	 0.26800674E-03	 0.76668591E-03
  4013.0000    	  4014.0000    	 0.10041641E-02	 0.72442820E-03
  4014.0000    	  4015.0000    	 0.40284951E-03	 0.99765340E-03
  4015.0000    	  4016.0000    	 0.36010032E-03	 0.22351033E-03
  4016.0000    	  4017.0000    	 0.86484855E-03	 0.22609528E-03
  4017.0000    	  4018.0000    	 0.27976769E-03	 0.28192150E-03
  4018.0000    	  4019.0000    	 0.81330436E-03	 0.54230160E-03
  4019.0000    	  4020.0000    	 0.26327787E-03	 0.59079119E-03
  4020.0000    	  4021.0000    	 0.18841943E-02	 0.79352215E-03
  4021.0000    	  4022.0000    	 0.12392360E-02	 0.59920091E-03
  4022.0000    	  4023.0000    	-0.75983763E-03	 0.99432749E-03
  4023.0000    	  4024.0000    	-0.17629886E-02	 0.12820543E-02
  4024.0000    	  4025.0000    	 0.16269117E-02	 0.11351458E-02
  4025.0000    	  4026.0000    	-0.33421232E-03	 0.13241525E-02
  4026.0000    	  4027.0000    	 0.74887091E-03	 0.23653513E-03
  4027.0000    	  4028.0000    	 0.93216126E-03	 0.44035266E-03
  4028.0000    	  4029.0000    	 0.25852440E-03	 0.22306895E-03
  4029.0000    	  4030.0000    	 0.23851266E-03	 0.42411820E-03
  4030.0000    	  4031.0000    	-0.39954362E-03	 0.53013955E-03
  4031.0000    	  4032.0000    	 0.17309341E-03	 0.71286961E-03
  4032.0000    	  4033.0000    	 0.25093387E-02	 0.11468402E-02
  4033.0000    	  4034.0000    	-0.47411205E-03	 0.10152725E-02
  4034.0000    	  4035.0000    	-0.83704400E-03	 0.13645900E-02
  4035.0000    	  4036.0000    	-0.35190340E-02	 0.11204930E-02
  4036.0000    	  4037.0000    	-0.17754208E-02	 0.56382086E-03
  4037.0000    	  4038.0000    	 0.26328660E-03	 0.16348541E-03
  4038.0000    	  4039.0000    	 0.29052711E-03	 0.21934165E-03
  4039.0000    	  4040.0000    	 0.10692031E-02	 0.36931144E-03
  4040.0000    	  4041.0000    	 0.78271105E-04	 0.31151694E-03
  4041.0000    	  4042.0000    	 0.18086982E-02	 0.77626434E-03
  4042.0000    	  4043.0000    	 0.55642081E-03	 0.44071359E-03
  4043.0000    	  4044.0000    	-0.38379600E-03	 0.74731798E-03
  4044.0000    	  4045.0000    	-0.42080990E-03	 0.14187562E-02
  4045.0000    	  4046.0000    	-0.50463372E-04	 0.87246564E-03
  4046.0000    	  4047.0000    	-0.57328281E-03	 0.17859271E-02
  4047.0000    	  4048.0000    	-0.46084148E-03	 0.93129443E-03
  4048.0000    	  4049.0000    	 0.51609221E-03	 0.17293330E-03
  4049.0000    	  4050.0000    	-0.58589210E-05	 0.32513066E-04
  4050.0000    	  4051.0000    	 0.10209718E-02	 0.40663059E-03
  4051.0000    	  4052.0000    	 0.49095699E-03	 0.56751804E-03
  4052.0000    	  4053.0000    	 0.21816220E-02	 0.58976834E-03
  4053.0000    	  4054.0000    	 0.74542550E-03	 0.57587254E-03
  4054.0000    	  4055.0000    	 0.69562352E-03	 0.99931458E-03
  4055.0000    	  4056.0000    	 0.69755376E-03	 0.12877398E-02
  4056.0000    	  4057.0000    	 0.36769811E-03	 0.83779589E-03
  4057.0000    	  4058.0000    	-0.23076773E-02	 0.13267229E-02
  4058.0000    	  4059.0000    	-0.26151024E-03	 0.77262669E-03
  4059.0000    	  4060.0000    	 0.33565739E-03	 0.16780497E-03
  4060.0000    	  4061.0000    	-0.31318038E-04	 0.66620449E-04
  4061.0000    	  4062.0000    	 0.49545943E-03	 0.40997189E-03
  4062.0000    	  4063.0000    	 0.12160635E-02	 0.51461187E-03
  4063.0000    	  4064.0000    	 0.42955762E-03	 0.59197811E-03
  4064.0000    	  4065.0000    	 0.12154809E-02	 0.67356813E-03
  4065.0000    	  4066.0000    	 0.12222910E-02	 0.76565538E-03
  4066.0000    	  4067.0000    	-0.16605998E-02	 0.11541047E-02
  4067.0000    	  4068.0000    	-0.44640014E-04	 0.10192511E-02
  4068.0000    	  4069.0000    	-0.27994941E-03	 0.15556161E-02
  4069.0000    	  4070.0000    	-0.12784450E-02	 0.13485432E-02
  4070.0000    	  4071.0000    	 0.67902972E-03	 0.26547543E-03
  4071.0000    	  4072.0000    	 0.63012642E-03	 0.36078489E-03
  4072.0000    	  4073.0000    	 0.21438227E-03	 0.30155074E-03
  4073.0000    	  4074.0000    	 0.19349655E-02	 0.52779926E-03
  4074.0000    	  4075.0000    	 0.20915289E-02	 0.64091454E-03
  4075.0000    	  4076.0000    	 0.62979779E-03	 0.66673442E-03
  4076.0000    	  4077.0000    	 0.15818644E-02	 0.58205958E-03
  4077.0000    	  4078.0000    	 0.14957959E-03	 0.60422842E-03
  4078.0000    	  4079.0000    	-0.78325631E-03	 0.11305407E-02
  4079.0000    	  4080.0000    	 0.34914443E-02	 0.13006789E-02
  4080.0000    	  4081.0000    	-0.38339980E-03	 0.39468505E-03
  4081.0000    	  4082.0000    	 0.46410343E-03	 0.27363143E-03
  4082.0000    	  4083.0000    	 0.95315880E-04	 0.60971371E-04
  4083.0000    	  4084.0000    	 0.31535022E-03	 0.23049505E-03
  4084.0000    	  4085.0000    	 0.15114832E-03	 0.14260021E-03
  4085.0000    	  4086.0000    	 0.14846863E-03	 0.35614630E-03
  4086.0000    	  4087.0000    	 0.77946586E-03	 0.56130719E-03
  4087.0000    	  4088.0000    	 0.76750887E-03	 0.87008880E-03
  4088.0000    	  4089.0000    	 0.10513192E-02	 0.89704615E-03
  4089.0000    	  4090.0000    	-0.11365979E-02	 0.75787771E-03
  4090.0000    	  4091.0000    	-0.15243526E-02	 0.88200418E-03
  4091.0000    	  4092.0000    	 0.55999461E-03	 0.12682325E-02
  4092.0000    	  4093.0000    	 0.95256686E-04	 0.12773838E-03
  4093.0000    	  4094.0000    	 0.95025998E-03	 0.27764188E-03
  4094.0000    	  4095.0000    	 0.66270760E-05	 0.25026101E-03
  4095.0000    	  4096.0000    	 0.10500843E-02	 0.36286667E-03
  4096.0000    	  4097.0000    	 0.78158471E-04	 0.13311349E-03
  4097.0000    	  4098.0000    	 0.87200109E-03	 0.52642321E-03
  4098.0000    	  4099.0000    	-0.29319296E-03	 0.98892021E-03
  4099.0000    	  4100.0000    	-0.69861175E-03	 0.89558525E-03
  4100.0000    	  4101.0000    	 0.31801574E-03	 0.10345832E-02
  4101.0000    	  4102.0000    	 0.10141196E-02	 0.14047384E-02
  4102.0000    	  4103.0000    	 0.23994630E-02	 0.64664815E-03
  4103.0000    	  4104.0000    	 0.24767435E-03	 0.15947683E-03
  4104.0000    	  4105.0000    	 0.65890333E-04	 0.10214672E-03
  4105.0000    	  4106.0000    	 0.10091175E-02	 0.51750748E-03
  4106.0000    	  4107.0000    	 0.42115814E-03	 0.24684364E-03
  4107.0000    	  4108.0000    	 0.27876700E-03	 0.55732493E-03
  4108.0000    	  4109.0000    	 0.12523753E-02	 0.84360119E-03
  4109.0000    	  4110.0000    	-0.44217064E-03	 0.95536954E-03
  4110.0000    	  4111.0000    	-0.70979251E-03	 0.95505770E-03
  4111.0000    	  4112.0000    	 0.44421615E-03	 0.76842285E-03
  4112.0000    	  4113.0000    	 0.22327405E-03	 0.13662576E-02
  4113.0000    	  4114.0000    	 0.14581174E-02	 0.12317962E-02
  4114.0000    	  4115.0000    	 0.17483702E-03	 0.19046604E-03
  4115.0000    	  4116.0000    	 0.67517331E-04	 0.11585947E-03
  4116.0000    	  4117.0000    	 0.36299591E-03	 0.24849016E-03
  4117.0000    	  4118.0000    	 0.96736575E-04	 0.63670767E-04
  4118.0000    	  4119.0000    	 0.86586352E-04	 0.36420635E-03
  4119.0000    	  4120.0000    	-0.21331404E-03	 0.78903509E-03
  4120.0000    	  4121.0000    	 0.97384003E-03	 0.79015079E-03
  4121.0000    	  4122.0000    	 0.68684710E-03	 0.76712708E-03
  4122.0000    	  4123.0000    	 0.25116493E-03	 0.10001821E-02
  4123.0000    	  4124.0000    	-0.24830234E-03	 0.11935713E-02
  4124.0000    	  4125.0000    	 0.15965374E-02	 0.72579129E-03
  4125.0000    	  4126.0000    	 0.10590532E-02	 0.34216019E-03
  4126.0000    	  4127.0000    	 0.38533830E-03	 0.13325523E-03
  4127.0000    	  4128.0000    	-0.14304107E-04	 0.12408932E-03
  4128.0000    	  4129.0000    	 0.20071951E-03	 0.33766268E-03
  4129.0000    	  4130.0000    	-0.14835983E-03	 0.33581720E-03
  4130.0000    	  4131.0000    	 0.41144569E-03	 0.73378244E-03
  4131.0000    	  4132.0000    	 0.10511269E-02	 0.88823468E-03
  4132.0000    	  4133.0000    	 0.28699385E-02	 0.13223675E-02
  4133.0000    	  4134.0000    	-0.20215690E-03	 0.44223823E-03
  4134.0000    	  4135.0000    	-0.29628697E-03	 0.15122742E-02
  4135.0000    	  4136.0000    	 0.21891273E-02	 0.10510312E-02
  4136.0000    	  4137.0000    	 0.11992034E-02	 0.42097362E-03
  4137.0000    	  4138.0000    	 0.11710865E-02	 0.41256090E-03
  4138.0000    	  4139.0000    	-0.35798294E-04	 0.59496402E-04
  4139.0000    	  4140.0000    	 0.89291340E-04	 0.18018677E-03
  4140.0000    	  4141.0000    	 0.18756243E-03	 0.92446078E-04
  4141.0000    	  4142.0000    	-0.43289644E-03	 0.38929080E-03
  4142.0000    	  4143.0000    	 0.47449981E-03	 0.95469053E-03
  4143.0000    	  4144.0000    	 0.11824471E-02	 0.69146268E-03
  4144.0000    	  4145.0000    	-0.10102361E-02	 0.94865449E-03
  4145.0000    	  4146.0000    	-0.28631431E-03	 0.13083849E-02
  4146.0000    	  4147.0000    	-0.23206852E-02	 0.91496602E-03
  4147.0000    	  4148.0000    	 0.23160533E-03	 0.13182288E-03
  4148.0000    	  4149.0000    	 0.44089943E-03	 0.34717200E-03
  4149.0000    	  4150.0000    	-0.60045211E-04	 0.76563812E-04
  4150.0000    	  4151.0000    	 0.10796800E-02	 0.39501983E-03
  4151.0000    	  4152.0000    	 0.45745332E-04	 0.27653228E-03
  4152.0000    	  4153.0000    	 0.11834543E-02	 0.54208338E-03
  4153.0000    	  4154.0000    	-0.14191801E-03	 0.41415228E-03
  4154.0000    	  4155.0000    	 0.28010035E-02	 0.93420054E-03
  4155.0000    	  4156.0000    	 0.95439703E-03	 0.64191667E-03
  4156.0000    	  4157.0000    	-0.46447856E-03	 0.11406447E-02
  4157.0000    	  4158.0000    	-0.12239046E-02	 0.11281883E-02
  4158.0000    	  4159.0000    	 0.17431682E-03	 0.15182377E-03
  4159.0000    	  4160.0000    	 0.39461614E-03	 0.18639429E-03
  4160.0000    	  4161.0000    	-0.19774690E-03	 0.32046063E-03
  4161.0000    	  4162.0000    	-0.20239773E-03	 0.18769371E-03
  4162.0000    	  4163.0000    	 0.91926418E-03	 0.54878729E-03
  4163.0000    	  4164.0000    	 0.58230858E-03	 0.37925452E-03
  4164.0000    	  4165.0000    	 0.53227634E-03	 0.89183692E-03
  4165.0000    	  4166.0000    	 0.22380784E-02	 0.10784252E-02
  4166.0000    	  4167.0000    	 0.23267343E-02	 0.12372914E-02
  4167.0000    	  4168.0000    	-0.51217351E-03	 0.11847423E-02
  4168.0000    	  4169.0000    	-0.16258739E-02	 0.71588291E-03
  4169.0000    	  4170.0000    	 0.13196038E-03	 0.73331152E-04
  4170.0000    	  4171.0000    	 0.48518477E-04	 0.15866606E-03
  4171.0000    	  4172.0000    	 0.56751929E-03	 0.36564623E-03
  4172.0000    	  4173.0000    	 0.17591440E-03	 0.15865096E-03
  4173.0000    	  4174.0000    	-0.61781593E-04	 0.36865568E-03
  4174.0000    	  4175.0000    	 0.53071851E-03	 0.65895447E-03
  4175.0000    	  4176.0000    	 0.63800269E-03	 0.72927397E-03
  4176.0000    	  4177.0000    	 0.85427335E-03	 0.76538970E-03
  4177.0000    	  4178.0000    	-0.16206917E-02	 0.14212357E-02
  4178.0000    	  4179.0000    	-0.81668677E-03	 0.47514836E-03
  4179.0000    	  4180.0000    	 0.14848011E-02	 0.47759676E-03
  4180.0000    	  4181.0000    	-0.54323653E-04	 0.33294802E-04
  4181.0000    	  4182.0000    	 0.49041266E-04	 0.25113978E-03
  4182.0000    	  4183.0000    	-0.42695912E-04	 0.29197560E-03
  4183.0000    	  4184.0000    	 0.58544850E-03	 0.39687862E-03
  4184.0000    	  4185.0000    	 0.12772743E-03	 0.11791392E-03
  4185.0000    	  4186.0000    	 0.12665839E-03	 0.50285369E-03
  4186.0000    	  4187.0000    	 0.16231293E-03	 0.83409271E-03
  4187.0000    	  4188.0000    	 0.33490551E-02	 0.10394591E-02
  4188.0000    	  4189.0000    	-0.23725220E-03	 0.12755862E-02
  4189.0000    	  4190.0000    	 0.12740515E-02	 0.11816864E-02
  4190.0000    	  4191.0000    	-0.74424802E-03	 0.11757436E-02
  4191.0000    	  4192.0000    	 0.10102944E-03	 0.10024432E-03
  4192.0000    	  4193.0000    	 0.25541524E-03	 0.17033441E-03
  4193.0000    	  4194.0000    	 0.90864143E-03	 0.38739162E-03
  4194.0000    	  4195.0000    	-0.41597601E-04	 0.13672746E-03
  4195.0000    	  4196.0000    	 0.95563633E-03	 0.61402734E-03
  4196.0000    	  4197.0000    	 0.25956335E-02	 0.82694600E-03
  4197.0000    	  4198.0000    	-0.20773862E-03	 0.75951891E-03
  4198.0000    	  4199.0000    	 0.34911736E-03	 0.11234553E-02
  4199.0000    	  4200.0000    	-0.39937275E-03	 0.87105949E-03
  4200.0000    	  4201.0000    	-0.12594847E-03	 0.11336555E-02
  4201.0000    	  4202.0000    	 0.17014960E-03	 0.24285909E-03
  4202.0000    	  4203.0000    	 0.27850159E-03	 0.97639083E-04
  4203.0000    	  4204.0000    	 0.54841262E-03	 0.38139045E-03
  4204.0000    	  4205.0000    	 0.15916093E-03	 0.10107264E-03
  4205.0000    	  4206.0000    	 0.77236125E-03	 0.43945422E-03
  4206.0000    	  4207.0000    	 0.52936328E-03	 0.34663053E-03
  4207.0000    	  4208.0000    	 0.49779202E-03	 0.69226943E-03
  4208.0000    	  4209.0000    	 0.95131188E-03	 0.61318718E-03
  4209.0000    	  4210.0000    	 0.24347738E-03	 0.66081505E-03
  4210.0000    	  4211.0000    	 0.21710593E-03	 0.47155875E-03
  4211.0000    	  4212.0000    	 0.12184637E-02	 0.47268055E-03
  4212.0000    	  4213.0000    	 0.96557602E-03	 0.89500372E-03
  4213.0000    	  4214.0000    	 0.61407103E-05	 0.67458761E-04
  4214.0000    	  4215.0000    	 0.36717396E-04	 0.23759470E-04
  4215.0000    	  4216.0000    	 0.14502066E-02	 0.32990808E-03
  4216.0000    	  4217.0000    	 0.72279835E-03	 0.24104524E-03
  4217.0000    	  4218.0000    	 0.77489312E-03	 0.70061601E-03
  4218.0000    	  4219.0000    	 0.74312137E-03	 0.66869977E-03
  4219.0000    	  4220.0000    	 0.38885227E-03	 0.71116585E-03
  4220.0000    	  4221.0000    	-0.46408994E-03	 0.56433464E-03
  4221.0000    	  4222.0000    	-0.18565326E-03	 0.43981632E-03
  4222.0000    	  4223.0000    	 0.21895384E-02	 0.68781694E-03
  4223.0000    	  4224.0000    	-0.10565914E-02	 0.39430794E-03
