# xi2
# underflow	  9.9736274    	 0.47431745E-01
# overflow	 0.38681125E-01	 0.26756130E-02
# sum	  11.819899    	 0.51233678E-01
# xmin	xmax	cross	numerror
  3124.0000    	  3125.0000    	-0.34761013E-03	 0.71736531E-03
  3125.0000    	  3126.0000    	 0.18636276E-02	 0.70921494E-03
  3126.0000    	  3127.0000    	 0.23671125E-02	 0.87520409E-03
  3127.0000    	  3128.0000    	 0.18665169E-02	 0.74202651E-03
  3128.0000    	  3129.0000    	 0.15202939E-02	 0.79026395E-03
  3129.0000    	  3130.0000    	-0.15731994E-02	 0.82923160E-03
  3130.0000    	  3131.0000    	 0.15699485E-02	 0.76702465E-03
  3131.0000    	  3132.0000    	-0.98786926E-03	 0.74458086E-03
  3132.0000    	  3133.0000    	-0.10601194E-02	 0.60907560E-03
  3133.0000    	  3134.0000    	 0.12044363E-02	 0.49375794E-03
  3134.0000    	  3135.0000    	 0.15275604E-03	 0.49132139E-03
  3135.0000    	  3136.0000    	 0.95378903E-04	 0.64896711E-03
  3136.0000    	  3137.0000    	 0.27100087E-02	 0.84233717E-03
  3137.0000    	  3138.0000    	 0.26320520E-02	 0.83507990E-03
  3138.0000    	  3139.0000    	 0.41386494E-02	 0.79844858E-03
  3139.0000    	  3140.0000    	 0.16510202E-02	 0.83001815E-03
  3140.0000    	  3141.0000    	 0.71928273E-04	 0.86801562E-03
  3141.0000    	  3142.0000    	-0.82426174E-03	 0.67103091E-03
  3142.0000    	  3143.0000    	 0.12886897E-02	 0.72217571E-03
  3143.0000    	  3144.0000    	 0.64942235E-03	 0.60390393E-03
  3144.0000    	  3145.0000    	 0.15564203E-02	 0.46418251E-03
  3145.0000    	  3146.0000    	 0.57237045E-03	 0.46316727E-03
  3146.0000    	  3147.0000    	 0.25575506E-02	 0.85497046E-03
  3147.0000    	  3148.0000    	 0.30258307E-02	 0.78245031E-03
  3148.0000    	  3149.0000    	 0.28957231E-02	 0.88333859E-03
  3149.0000    	  3150.0000    	 0.47314139E-02	 0.84174084E-03
  3150.0000    	  3151.0000    	 0.50621339E-02	 0.81414224E-03
  3151.0000    	  3152.0000    	 0.30972543E-02	 0.83273699E-03
  3152.0000    	  3153.0000    	 0.16546610E-02	 0.75631877E-03
  3153.0000    	  3154.0000    	 0.46412286E-03	 0.70910413E-03
  3154.0000    	  3155.0000    	 0.20291214E-02	 0.63624206E-03
  3155.0000    	  3156.0000    	 0.10007070E-02	 0.47953249E-03
  3156.0000    	  3157.0000    	 0.13979175E-02	 0.52484318E-03
  3157.0000    	  3158.0000    	 0.21407325E-02	 0.77490450E-03
  3158.0000    	  3159.0000    	 0.37348484E-02	 0.89715501E-03
  3159.0000    	  3160.0000    	 0.19413009E-02	 0.74309349E-03
  3160.0000    	  3161.0000    	 0.33990406E-02	 0.63398557E-03
  3161.0000    	  3162.0000    	 0.35431252E-02	 0.89462523E-03
  3162.0000    	  3163.0000    	 0.24153255E-02	 0.80233136E-03
  3163.0000    	  3164.0000    	 0.13915429E-02	 0.69482295E-03
  3164.0000    	  3165.0000    	 0.19611758E-02	 0.63777954E-03
  3165.0000    	  3166.0000    	 0.10725062E-02	 0.60529805E-03
  3166.0000    	  3167.0000    	 0.15694579E-02	 0.48573653E-03
  3167.0000    	  3168.0000    	-0.62695979E-03	 0.54396303E-03
  3168.0000    	  3169.0000    	 0.20748453E-02	 0.70391636E-03
  3169.0000    	  3170.0000    	 0.67435476E-03	 0.75597752E-03
  3170.0000    	  3171.0000    	 0.32719515E-02	 0.77365751E-03
  3171.0000    	  3172.0000    	 0.43634322E-02	 0.78963641E-03
  3172.0000    	  3173.0000    	 0.20051499E-02	 0.80721511E-03
  3173.0000    	  3174.0000    	 0.23183834E-02	 0.81993401E-03
  3174.0000    	  3175.0000    	 0.15846189E-02	 0.83097870E-03
  3175.0000    	  3176.0000    	 0.33517622E-02	 0.67760978E-03
  3176.0000    	  3177.0000    	 0.13010638E-02	 0.53956027E-03
  3177.0000    	  3178.0000    	 0.91863771E-03	 0.50031186E-03
  3178.0000    	  3179.0000    	 0.15072048E-03	 0.55440403E-03
  3179.0000    	  3180.0000    	 0.28932720E-02	 0.80325750E-03
  3180.0000    	  3181.0000    	 0.32392552E-02	 0.69619563E-03
  3181.0000    	  3182.0000    	 0.33090983E-02	 0.79581610E-03
  3182.0000    	  3183.0000    	 0.38575643E-02	 0.78242312E-03
  3183.0000    	  3184.0000    	 0.39941936E-02	 0.88854412E-03
  3184.0000    	  3185.0000    	 0.30634226E-02	 0.76135830E-03
  3185.0000    	  3186.0000    	 0.33919000E-02	 0.77162387E-03
  3186.0000    	  3187.0000    	 0.26457473E-02	 0.74125077E-03
  3187.0000    	  3188.0000    	 0.74282048E-03	 0.53009888E-03
  3188.0000    	  3189.0000    	-0.10383750E-02	 0.50913649E-03
  3189.0000    	  3190.0000    	-0.20000070E-03	 0.35525197E-03
  3190.0000    	  3191.0000    	 0.28737488E-02	 0.75523322E-03
  3191.0000    	  3192.0000    	 0.14718794E-02	 0.86531465E-03
  3192.0000    	  3193.0000    	 0.28971196E-02	 0.87389335E-03
  3193.0000    	  3194.0000    	 0.37837649E-02	 0.80813916E-03
  3194.0000    	  3195.0000    	 0.15182286E-02	 0.82260529E-03
  3195.0000    	  3196.0000    	 0.37052145E-02	 0.83778488E-03
  3196.0000    	  3197.0000    	 0.38354275E-02	 0.72835354E-03
  3197.0000    	  3198.0000    	-0.29238630E-03	 0.67658900E-03
  3198.0000    	  3199.0000    	 0.14482509E-02	 0.53406465E-03
  3199.0000    	  3200.0000    	 0.15268377E-02	 0.49924760E-03
  3200.0000    	  3201.0000    	 0.21484413E-02	 0.39418480E-03
  3201.0000    	  3202.0000    	-0.15068488E-03	 0.64712472E-03
  3202.0000    	  3203.0000    	 0.42764442E-02	 0.79394694E-03
  3203.0000    	  3204.0000    	 0.16338074E-02	 0.80496680E-03
  3204.0000    	  3205.0000    	 0.32326597E-02	 0.78145864E-03
  3205.0000    	  3206.0000    	 0.32200792E-02	 0.83695063E-03
  3206.0000    	  3207.0000    	 0.41018082E-02	 0.78904544E-03
  3207.0000    	  3208.0000    	 0.11116542E-02	 0.72093470E-03
  3208.0000    	  3209.0000    	 0.14416724E-02	 0.60187212E-03
  3209.0000    	  3210.0000    	 0.24179072E-02	 0.54937183E-03
  3210.0000    	  3211.0000    	 0.10034503E-02	 0.45987856E-03
  3211.0000    	  3212.0000    	 0.18734595E-03	 0.51036783E-03
  3212.0000    	  3213.0000    	 0.14820509E-02	 0.72766247E-03
  3213.0000    	  3214.0000    	 0.30261670E-02	 0.70122319E-03
  3214.0000    	  3215.0000    	 0.35287303E-02	 0.76696720E-03
  3215.0000    	  3216.0000    	 0.43263879E-02	 0.76256054E-03
  3216.0000    	  3217.0000    	 0.44736870E-02	 0.84936380E-03
  3217.0000    	  3218.0000    	 0.26907599E-02	 0.84690061E-03
  3218.0000    	  3219.0000    	 0.41542326E-02	 0.74004738E-03
  3219.0000    	  3220.0000    	 0.23047367E-02	 0.66657584E-03
  3220.0000    	  3221.0000    	-0.46846514E-03	 0.49665290E-03
  3221.0000    	  3222.0000    	 0.17008397E-02	 0.54777750E-03
  3222.0000    	  3223.0000    	 0.15980822E-02	 0.55221175E-03
  3223.0000    	  3224.0000    	 0.26908450E-02	 0.77701963E-03
  3224.0000    	  3225.0000    	 0.34995782E-02	 0.97911830E-03
  3225.0000    	  3226.0000    	 0.34438067E-02	 0.82735236E-03
  3226.0000    	  3227.0000    	 0.15756148E-02	 0.82941462E-03
  3227.0000    	  3228.0000    	 0.16130722E-02	 0.78085125E-03
  3228.0000    	  3229.0000    	 0.27375904E-02	 0.85720445E-03
  3229.0000    	  3230.0000    	 0.18903182E-02	 0.73527455E-03
  3230.0000    	  3231.0000    	 0.29218183E-02	 0.73404551E-03
  3231.0000    	  3232.0000    	 0.19375330E-02	 0.52213674E-03
  3232.0000    	  3233.0000    	 0.10351886E-02	 0.48956951E-03
  3233.0000    	  3234.0000    	 0.96555500E-03	 0.54296740E-03
  3234.0000    	  3235.0000    	 0.25004196E-02	 0.71291433E-03
  3235.0000    	  3236.0000    	 0.28389123E-02	 0.81362940E-03
  3236.0000    	  3237.0000    	 0.28667226E-02	 0.82247942E-03
  3237.0000    	  3238.0000    	 0.37259000E-02	 0.83385598E-03
  3238.0000    	  3239.0000    	 0.34962616E-02	 0.84724312E-03
  3239.0000    	  3240.0000    	 0.22292962E-02	 0.77905486E-03
  3240.0000    	  3241.0000    	 0.32304995E-02	 0.77744852E-03
  3241.0000    	  3242.0000    	 0.27693459E-02	 0.64397537E-03
  3242.0000    	  3243.0000    	 0.16971033E-02	 0.54285668E-03
  3243.0000    	  3244.0000    	 0.78336613E-03	 0.44811268E-03
  3244.0000    	  3245.0000    	-0.64586450E-03	 0.48544082E-03
  3245.0000    	  3246.0000    	 0.26150720E-02	 0.62392286E-03
  3246.0000    	  3247.0000    	 0.29967972E-02	 0.70510107E-03
  3247.0000    	  3248.0000    	 0.24050409E-02	 0.83961756E-03
  3248.0000    	  3249.0000    	 0.35291215E-02	 0.90509704E-03
  3249.0000    	  3250.0000    	 0.15781082E-03	 0.73773545E-03
  3250.0000    	  3251.0000    	 0.45093216E-02	 0.83335305E-03
  3251.0000    	  3252.0000    	 0.39234025E-02	 0.88352798E-03
  3252.0000    	  3253.0000    	 0.18566280E-02	 0.75692390E-03
  3253.0000    	  3254.0000    	 0.20224022E-02	 0.54384025E-03
  3254.0000    	  3255.0000    	 0.23042532E-03	 0.45483089E-03
  3255.0000    	  3256.0000    	 0.56916918E-03	 0.52115761E-03
  3256.0000    	  3257.0000    	 0.65083694E-04	 0.64203114E-03
  3257.0000    	  3258.0000    	 0.35044620E-02	 0.84337607E-03
  3258.0000    	  3259.0000    	 0.40501927E-02	 0.79117236E-03
  3259.0000    	  3260.0000    	 0.11796052E-02	 0.91656400E-03
  3260.0000    	  3261.0000    	 0.20398317E-02	 0.87024315E-03
  3261.0000    	  3262.0000    	 0.14923676E-02	 0.77444293E-03
  3262.0000    	  3263.0000    	 0.25582547E-02	 0.76891043E-03
  3263.0000    	  3264.0000    	 0.19831464E-02	 0.69274346E-03
  3264.0000    	  3265.0000    	 0.39454974E-03	 0.58052428E-03
  3265.0000    	  3266.0000    	 0.83243225E-03	 0.48364324E-03
  3266.0000    	  3267.0000    	 0.81193895E-03	 0.51196022E-03
  3267.0000    	  3268.0000    	 0.10952174E-02	 0.74120001E-03
  3268.0000    	  3269.0000    	 0.22666035E-02	 0.69072464E-03
  3269.0000    	  3270.0000    	 0.32741881E-02	 0.86451636E-03
  3270.0000    	  3271.0000    	 0.18984290E-02	 0.80398654E-03
  3271.0000    	  3272.0000    	 0.53532680E-02	 0.83307683E-03
  3272.0000    	  3273.0000    	 0.39818787E-02	 0.81724917E-03
  3273.0000    	  3274.0000    	 0.31843485E-02	 0.68766227E-03
  3274.0000    	  3275.0000    	 0.18363538E-02	 0.63223233E-03
  3275.0000    	  3276.0000    	 0.58867658E-03	 0.54193136E-03
  3276.0000    	  3277.0000    	 0.15196300E-02	 0.53099752E-03
  3277.0000    	  3278.0000    	 0.19210240E-02	 0.53386900E-03
  3278.0000    	  3279.0000    	 0.17501888E-02	 0.72269853E-03
  3279.0000    	  3280.0000    	 0.32995783E-02	 0.72213308E-03
  3280.0000    	  3281.0000    	 0.40701180E-02	 0.87482068E-03
  3281.0000    	  3282.0000    	 0.29201752E-02	 0.75495891E-03
  3282.0000    	  3283.0000    	 0.31620906E-02	 0.80290522E-03
  3283.0000    	  3284.0000    	 0.24475444E-02	 0.73648077E-03
  3284.0000    	  3285.0000    	 0.19749181E-02	 0.69086580E-03
  3285.0000    	  3286.0000    	 0.23979213E-02	 0.70446534E-03
  3286.0000    	  3287.0000    	 0.15747166E-02	 0.51270572E-03
  3287.0000    	  3288.0000    	 0.54685698E-03	 0.53132250E-03
  3288.0000    	  3289.0000    	 0.11448659E-02	 0.49887272E-03
  3289.0000    	  3290.0000    	 0.41572194E-04	 0.74054951E-03
  3290.0000    	  3291.0000    	-0.33840955E-03	 0.63048610E-03
  3291.0000    	  3292.0000    	 0.13770945E-02	 0.85619618E-03
  3292.0000    	  3293.0000    	 0.36885400E-02	 0.65067969E-03
  3293.0000    	  3294.0000    	 0.30688624E-02	 0.72441029E-03
  3294.0000    	  3295.0000    	 0.24419941E-02	 0.70122709E-03
  3295.0000    	  3296.0000    	 0.27226862E-02	 0.75517313E-03
  3296.0000    	  3297.0000    	 0.20437987E-02	 0.62075267E-03
  3297.0000    	  3298.0000    	 0.18031838E-02	 0.55481262E-03
  3298.0000    	  3299.0000    	 0.66104195E-03	 0.54307440E-03
  3299.0000    	  3300.0000    	 0.52084990E-03	 0.54175767E-03
  3300.0000    	  3301.0000    	 0.20629538E-02	 0.74929110E-03
  3301.0000    	  3302.0000    	 0.25991113E-02	 0.73674798E-03
  3302.0000    	  3303.0000    	-0.20953499E-04	 0.73269460E-03
  3303.0000    	  3304.0000    	 0.34041374E-02	 0.73854074E-03
  3304.0000    	  3305.0000    	 0.44066344E-02	 0.78556035E-03
  3305.0000    	  3306.0000    	 0.18729644E-02	 0.72076591E-03
  3306.0000    	  3307.0000    	 0.25128180E-02	 0.81672822E-03
  3307.0000    	  3308.0000    	 0.23051631E-02	 0.62509306E-03
  3308.0000    	  3309.0000    	 0.13648358E-02	 0.45178546E-03
  3309.0000    	  3310.0000    	 0.14208264E-02	 0.43814885E-03
  3310.0000    	  3311.0000    	 0.26568023E-03	 0.50778425E-03
  3311.0000    	  3312.0000    	 0.25258200E-02	 0.72101179E-03
  3312.0000    	  3313.0000    	-0.13216421E-03	 0.79385388E-03
  3313.0000    	  3314.0000    	 0.31141062E-02	 0.87953697E-03
  3314.0000    	  3315.0000    	 0.31304756E-02	 0.79055172E-03
  3315.0000    	  3316.0000    	 0.31565062E-02	 0.78097213E-03
  3316.0000    	  3317.0000    	 0.37017528E-02	 0.71276105E-03
  3317.0000    	  3318.0000    	 0.27413491E-02	 0.73743234E-03
  3318.0000    	  3319.0000    	 0.22919760E-02	 0.64728608E-03
  3319.0000    	  3320.0000    	 0.91222185E-03	 0.45817928E-03
  3320.0000    	  3321.0000    	 0.11275831E-02	 0.44728789E-03
  3321.0000    	  3322.0000    	 0.18262843E-02	 0.48075891E-03
  3322.0000    	  3323.0000    	 0.24790039E-02	 0.72325090E-03
  3323.0000    	  3324.0000    	 0.64899627E-03	 0.84092982E-03
  3324.0000    	  3325.0000    	 0.28104553E-02	 0.71249627E-03
  3325.0000    	  3326.0000    	 0.21694920E-02	 0.88433503E-03
  3326.0000    	  3327.0000    	 0.27090981E-02	 0.83457722E-03
  3327.0000    	  3328.0000    	 0.36640833E-02	 0.74770261E-03
  3328.0000    	  3329.0000    	 0.19063515E-02	 0.72743035E-03
  3329.0000    	  3330.0000    	 0.89024147E-03	 0.64985879E-03
  3330.0000    	  3331.0000    	 0.28231049E-02	 0.44120102E-03
  3331.0000    	  3332.0000    	 0.13346989E-02	 0.47522499E-03
  3332.0000    	  3333.0000    	 0.14382641E-02	 0.49045886E-03
  3333.0000    	  3334.0000    	 0.11941966E-02	 0.72291401E-03
  3334.0000    	  3335.0000    	 0.17925744E-02	 0.70000064E-03
  3335.0000    	  3336.0000    	 0.19377571E-02	 0.72081936E-03
  3336.0000    	  3337.0000    	 0.17511307E-02	 0.75211214E-03
  3337.0000    	  3338.0000    	 0.29581152E-02	 0.81400634E-03
  3338.0000    	  3339.0000    	 0.21971968E-02	 0.69483210E-03
  3339.0000    	  3340.0000    	 0.19202794E-02	 0.74049114E-03
  3340.0000    	  3341.0000    	 0.12085268E-02	 0.55394428E-03
  3341.0000    	  3342.0000    	 0.13294818E-02	 0.47547503E-03
  3342.0000    	  3343.0000    	 0.85427154E-03	 0.41729687E-03
  3343.0000    	  3344.0000    	 0.10548859E-02	 0.49126792E-03
  3344.0000    	  3345.0000    	 0.25935032E-02	 0.67495268E-03
  3345.0000    	  3346.0000    	 0.18149645E-02	 0.76385390E-03
  3346.0000    	  3347.0000    	-0.54462817E-04	 0.77913324E-03
  3347.0000    	  3348.0000    	 0.30982458E-02	 0.81240512E-03
  3348.0000    	  3349.0000    	 0.29877858E-02	 0.92458511E-03
  3349.0000    	  3350.0000    	 0.32497152E-02	 0.72184817E-03
  3350.0000    	  3351.0000    	 0.23064878E-02	 0.65877805E-03
  3351.0000    	  3352.0000    	 0.16016608E-02	 0.59092251E-03
  3352.0000    	  3353.0000    	 0.13733411E-02	 0.53472040E-03
  3353.0000    	  3354.0000    	 0.84787418E-03	 0.45451270E-03
  3354.0000    	  3355.0000    	 0.95098295E-03	 0.52361867E-03
  3355.0000    	  3356.0000    	 0.40927288E-02	 0.72992359E-03
  3356.0000    	  3357.0000    	 0.27822898E-02	 0.89942058E-03
  3357.0000    	  3358.0000    	 0.39306811E-02	 0.74922503E-03
  3358.0000    	  3359.0000    	 0.29759146E-02	 0.81787458E-03
  3359.0000    	  3360.0000    	 0.31895672E-02	 0.82114798E-03
  3360.0000    	  3361.0000    	 0.21181984E-02	 0.73941645E-03
  3361.0000    	  3362.0000    	 0.15009139E-02	 0.69505339E-03
  3362.0000    	  3363.0000    	 0.15563589E-02	 0.64253693E-03
  3363.0000    	  3364.0000    	 0.17119120E-02	 0.43549722E-03
  3364.0000    	  3365.0000    	 0.15376021E-02	 0.42485513E-03
  3365.0000    	  3366.0000    	 0.12139812E-02	 0.45087344E-03
  3366.0000    	  3367.0000    	 0.12709211E-02	 0.76350593E-03
  3367.0000    	  3368.0000    	 0.26860448E-02	 0.65151378E-03
  3368.0000    	  3369.0000    	 0.33054552E-02	 0.68081526E-03
  3369.0000    	  3370.0000    	 0.34421360E-02	 0.82665589E-03
  3370.0000    	  3371.0000    	 0.26394418E-02	 0.85022891E-03
  3371.0000    	  3372.0000    	 0.31859560E-02	 0.73711775E-03
  3372.0000    	  3373.0000    	 0.10134032E-02	 0.84201681E-03
  3373.0000    	  3374.0000    	 0.94297281E-03	 0.61190706E-03
  3374.0000    	  3375.0000    	 0.13051603E-02	 0.57058685E-03
  3375.0000    	  3376.0000    	 0.12854983E-02	 0.43291547E-03
  3376.0000    	  3377.0000    	-0.18709218E-03	 0.41387334E-03
  3377.0000    	  3378.0000    	 0.37130676E-02	 0.65863820E-03
  3378.0000    	  3379.0000    	 0.27886163E-02	 0.57040268E-03
  3379.0000    	  3380.0000    	 0.18241336E-02	 0.73527307E-03
  3380.0000    	  3381.0000    	 0.23236991E-02	 0.74986558E-03
  3381.0000    	  3382.0000    	 0.34660944E-02	 0.77842213E-03
  3382.0000    	  3383.0000    	 0.37902612E-02	 0.75432294E-03
  3383.0000    	  3384.0000    	 0.26650501E-02	 0.63989611E-03
  3384.0000    	  3385.0000    	 0.17152762E-02	 0.52019779E-03
  3385.0000    	  3386.0000    	-0.13907314E-02	 0.54576209E-03
  3386.0000    	  3387.0000    	 0.13357290E-02	 0.39958238E-03
  3387.0000    	  3388.0000    	 0.10660885E-02	 0.46798407E-03
  3388.0000    	  3389.0000    	 0.17245880E-02	 0.87897876E-03
  3389.0000    	  3390.0000    	 0.15589966E-02	 0.75361698E-03
  3390.0000    	  3391.0000    	 0.93225540E-03	 0.77195213E-03
  3391.0000    	  3392.0000    	 0.27120248E-02	 0.62956305E-03
  3392.0000    	  3393.0000    	 0.38335036E-02	 0.75602725E-03
  3393.0000    	  3394.0000    	 0.33799304E-02	 0.75946014E-03
  3394.0000    	  3395.0000    	 0.26269473E-03	 0.65759130E-03
  3395.0000    	  3396.0000    	 0.18793307E-02	 0.54480199E-03
  3396.0000    	  3397.0000    	 0.15712277E-02	 0.48821102E-03
  3397.0000    	  3398.0000    	 0.90243298E-03	 0.47632931E-03
  3398.0000    	  3399.0000    	-0.58498321E-04	 0.35275364E-03
  3399.0000    	  3400.0000    	 0.18176944E-02	 0.68072323E-03
  3400.0000    	  3401.0000    	 0.16211061E-02	 0.77548516E-03
  3401.0000    	  3402.0000    	 0.44160772E-02	 0.78873419E-03
  3402.0000    	  3403.0000    	 0.39232152E-02	 0.80430216E-03
  3403.0000    	  3404.0000    	 0.40074917E-02	 0.85461175E-03
  3404.0000    	  3405.0000    	 0.22963851E-02	 0.75668671E-03
  3405.0000    	  3406.0000    	 0.78984393E-03	 0.63081337E-03
  3406.0000    	  3407.0000    	 0.27176610E-02	 0.58717847E-03
  3407.0000    	  3408.0000    	 0.12219507E-02	 0.53332808E-03
  3408.0000    	  3409.0000    	 0.99628088E-03	 0.39276472E-03
  3409.0000    	  3410.0000    	 0.12167156E-02	 0.43829554E-03
  3410.0000    	  3411.0000    	 0.23105115E-02	 0.73780105E-03
  3411.0000    	  3412.0000    	 0.31240221E-03	 0.73512325E-03
  3412.0000    	  3413.0000    	 0.89583324E-03	 0.82549567E-03
  3413.0000    	  3414.0000    	 0.12907288E-02	 0.65064758E-03
  3414.0000    	  3415.0000    	 0.31807985E-02	 0.80986176E-03
  3415.0000    	  3416.0000    	 0.22490669E-02	 0.73555681E-03
  3416.0000    	  3417.0000    	 0.29519045E-02	 0.64220251E-03
  3417.0000    	  3418.0000    	 0.15923703E-02	 0.60471945E-03
  3418.0000    	  3419.0000    	 0.32622401E-03	 0.47598745E-03
  3419.0000    	  3420.0000    	 0.14893315E-02	 0.40138158E-03
  3420.0000    	  3421.0000    	 0.10197097E-02	 0.47498676E-03
  3421.0000    	  3422.0000    	 0.23723317E-02	 0.66303818E-03
  3422.0000    	  3423.0000    	 0.30409766E-02	 0.74786858E-03
  3423.0000    	  3424.0000    	 0.27160234E-02	 0.73713330E-03
  3424.0000    	  3425.0000    	 0.35667806E-02	 0.78240335E-03
  3425.0000    	  3426.0000    	 0.25395211E-02	 0.75507497E-03
  3426.0000    	  3427.0000    	 0.31158276E-02	 0.68538671E-03
  3427.0000    	  3428.0000    	 0.33108397E-02	 0.67812237E-03
  3428.0000    	  3429.0000    	 0.20870178E-02	 0.55443022E-03
  3429.0000    	  3430.0000    	 0.10907596E-02	 0.45405945E-03
  3430.0000    	  3431.0000    	 0.11480740E-02	 0.48314283E-03
  3431.0000    	  3432.0000    	 0.16043103E-02	 0.47814652E-03
  3432.0000    	  3433.0000    	 0.25753476E-02	 0.83730339E-03
  3433.0000    	  3434.0000    	 0.28511040E-03	 0.67825113E-03
  3434.0000    	  3435.0000    	 0.17941436E-02	 0.74794707E-03
  3435.0000    	  3436.0000    	 0.27163900E-02	 0.69347255E-03
  3436.0000    	  3437.0000    	 0.14372162E-02	 0.80621378E-03
  3437.0000    	  3438.0000    	 0.22818676E-02	 0.70856187E-03
  3438.0000    	  3439.0000    	 0.11764681E-02	 0.64945672E-03
  3439.0000    	  3440.0000    	 0.21381035E-02	 0.55623645E-03
  3440.0000    	  3441.0000    	 0.18526760E-02	 0.49748585E-03
  3441.0000    	  3442.0000    	 0.13767105E-02	 0.46144515E-03
  3442.0000    	  3443.0000    	 0.80152261E-03	 0.40247437E-03
  3443.0000    	  3444.0000    	 0.14475619E-02	 0.79465229E-03
  3444.0000    	  3445.0000    	 0.20437253E-02	 0.65945924E-03
  3445.0000    	  3446.0000    	 0.32601117E-02	 0.74903180E-03
  3446.0000    	  3447.0000    	 0.21403176E-02	 0.71309171E-03
  3447.0000    	  3448.0000    	 0.29227946E-02	 0.75417952E-03
  3448.0000    	  3449.0000    	 0.31342265E-02	 0.71209206E-03
  3449.0000    	  3450.0000    	 0.34104017E-02	 0.66861792E-03
  3450.0000    	  3451.0000    	 0.16385764E-02	 0.61031140E-03
  3451.0000    	  3452.0000    	 0.10910991E-02	 0.46014362E-03
  3452.0000    	  3453.0000    	 0.64880674E-03	 0.40908198E-03
  3453.0000    	  3454.0000    	 0.21682615E-03	 0.40852943E-03
  3454.0000    	  3455.0000    	 0.63801441E-03	 0.82294786E-03
  3455.0000    	  3456.0000    	 0.39880360E-03	 0.71328659E-03
  3456.0000    	  3457.0000    	 0.21337786E-02	 0.66680925E-03
  3457.0000    	  3458.0000    	 0.38146937E-02	 0.79288837E-03
  3458.0000    	  3459.0000    	 0.31442154E-02	 0.65684378E-03
  3459.0000    	  3460.0000    	 0.41326480E-02	 0.71958795E-03
  3460.0000    	  3461.0000    	 0.10371428E-02	 0.70276670E-03
  3461.0000    	  3462.0000    	 0.10952342E-02	 0.50181030E-03
  3462.0000    	  3463.0000    	 0.15144334E-02	 0.45016884E-03
  3463.0000    	  3464.0000    	 0.81672157E-03	 0.38583303E-03
  3464.0000    	  3465.0000    	 0.12686619E-02	 0.43781206E-03
  3465.0000    	  3466.0000    	 0.13328948E-02	 0.61407685E-03
  3466.0000    	  3467.0000    	 0.34865535E-02	 0.66250749E-03
  3467.0000    	  3468.0000    	 0.24325705E-02	 0.68253374E-03
  3468.0000    	  3469.0000    	 0.30542661E-02	 0.80071752E-03
  3469.0000    	  3470.0000    	 0.27313001E-02	 0.69505319E-03
  3470.0000    	  3471.0000    	 0.22277724E-02	 0.69582702E-03
  3471.0000    	  3472.0000    	 0.10101960E-02	 0.72027774E-03
  3472.0000    	  3473.0000    	 0.17858987E-02	 0.55538194E-03
  3473.0000    	  3474.0000    	 0.72866174E-03	 0.46975040E-03
  3474.0000    	  3475.0000    	 0.14157020E-02	 0.38907137E-03
  3475.0000    	  3476.0000    	 0.22379309E-02	 0.43773121E-03
  3476.0000    	  3477.0000    	 0.29401176E-02	 0.75125730E-03
  3477.0000    	  3478.0000    	 0.20461112E-02	 0.79005597E-03
  3478.0000    	  3479.0000    	 0.31301765E-02	 0.76790084E-03
  3479.0000    	  3480.0000    	 0.19087394E-02	 0.73313996E-03
  3480.0000    	  3481.0000    	 0.24997168E-02	 0.64390072E-03
  3481.0000    	  3482.0000    	 0.25637075E-02	 0.73270917E-03
  3482.0000    	  3483.0000    	 0.14218319E-02	 0.63854900E-03
  3483.0000    	  3484.0000    	 0.30068371E-04	 0.52124683E-03
  3484.0000    	  3485.0000    	 0.10247806E-02	 0.39737545E-03
  3485.0000    	  3486.0000    	 0.66030645E-03	 0.40070990E-03
  3486.0000    	  3487.0000    	 0.17239760E-02	 0.45207436E-03
  3487.0000    	  3488.0000    	 0.10206594E-02	 0.74241430E-03
  3488.0000    	  3489.0000    	 0.94987971E-03	 0.68144313E-03
  3489.0000    	  3490.0000    	 0.26471543E-02	 0.66726457E-03
  3490.0000    	  3491.0000    	 0.26659971E-02	 0.77600921E-03
  3491.0000    	  3492.0000    	 0.33541879E-02	 0.74916052E-03
  3492.0000    	  3493.0000    	 0.29637166E-02	 0.68991300E-03
  3493.0000    	  3494.0000    	 0.30624217E-02	 0.62356802E-03
  3494.0000    	  3495.0000    	 0.17956394E-02	 0.57138188E-03
  3495.0000    	  3496.0000    	 0.17937969E-02	 0.45484695E-03
  3496.0000    	  3497.0000    	 0.91277227E-03	 0.44751025E-03
  3497.0000    	  3498.0000    	 0.74129322E-03	 0.46264446E-03
  3498.0000    	  3499.0000    	 0.37787737E-02	 0.66599950E-03
  3499.0000    	  3500.0000    	 0.26124024E-02	 0.83226569E-03
  3500.0000    	  3501.0000    	 0.24228423E-03	 0.70386231E-03
  3501.0000    	  3502.0000    	 0.31731105E-02	 0.79185502E-03
  3502.0000    	  3503.0000    	 0.94640069E-03	 0.69167647E-03
  3503.0000    	  3504.0000    	 0.24714243E-02	 0.66090671E-03
  3504.0000    	  3505.0000    	-0.24368286E-03	 0.60543332E-03
  3505.0000    	  3506.0000    	 0.91405941E-03	 0.54354370E-03
  3506.0000    	  3507.0000    	 0.14635261E-03	 0.43088023E-03
  3507.0000    	  3508.0000    	 0.98094713E-03	 0.43133037E-03
  3508.0000    	  3509.0000    	 0.11140902E-02	 0.43562856E-03
  3509.0000    	  3510.0000    	 0.10439586E-02	 0.61206279E-03
  3510.0000    	  3511.0000    	 0.15183378E-02	 0.73967497E-03
  3511.0000    	  3512.0000    	 0.27658742E-02	 0.76980537E-03
  3512.0000    	  3513.0000    	 0.73232142E-03	 0.67944828E-03
  3513.0000    	  3514.0000    	 0.20038014E-02	 0.76214516E-03
  3514.0000    	  3515.0000    	 0.30115251E-02	 0.67397239E-03
  3515.0000    	  3516.0000    	 0.28779993E-02	 0.59518640E-03
  3516.0000    	  3517.0000    	 0.13068403E-02	 0.55594877E-03
  3517.0000    	  3518.0000    	 0.10072990E-02	 0.45021975E-03
  3518.0000    	  3519.0000    	-0.28909606E-03	 0.38602992E-03
  3519.0000    	  3520.0000    	 0.81902534E-03	 0.40016200E-03
  3520.0000    	  3521.0000    	 0.26030909E-02	 0.79710711E-03
  3521.0000    	  3522.0000    	 0.15351690E-02	 0.73911227E-03
  3522.0000    	  3523.0000    	 0.22312466E-02	 0.49053826E-03
  3523.0000    	  3524.0000    	 0.10603782E-02	 0.72921116E-03
  3524.0000    	  3525.0000    	 0.28396543E-02	 0.74771247E-03
  3525.0000    	  3526.0000    	 0.21758282E-02	 0.64795426E-03
  3526.0000    	  3527.0000    	 0.12255472E-02	 0.59569226E-03
  3527.0000    	  3528.0000    	 0.18820740E-02	 0.45482902E-03
  3528.0000    	  3529.0000    	 0.16942834E-02	 0.42065381E-03
  3529.0000    	  3530.0000    	 0.14145551E-02	 0.42637521E-03
  3530.0000    	  3531.0000    	 0.18871878E-02	 0.42562507E-03
  3531.0000    	  3532.0000    	 0.26037141E-02	 0.33491756E-03
  3532.0000    	  3533.0000    	 0.25042154E-02	 0.70520120E-03
  3533.0000    	  3534.0000    	 0.34672321E-02	 0.66406665E-03
  3534.0000    	  3535.0000    	 0.32892286E-02	 0.78435393E-03
  3535.0000    	  3536.0000    	 0.26256260E-02	 0.76519558E-03
  3536.0000    	  3537.0000    	 0.18859333E-02	 0.61049252E-03
  3537.0000    	  3538.0000    	 0.19779448E-02	 0.47440652E-03
  3538.0000    	  3539.0000    	 0.14169161E-02	 0.46812968E-03
  3539.0000    	  3540.0000    	 0.13467751E-02	 0.46637992E-03
  3540.0000    	  3541.0000    	-0.26429437E-03	 0.43193047E-03
  3541.0000    	  3542.0000    	 0.37331202E-03	 0.46034789E-03
  3542.0000    	  3543.0000    	 0.10347230E-02	 0.63624780E-03
  3543.0000    	  3544.0000    	 0.22470209E-02	 0.69948789E-03
  3544.0000    	  3545.0000    	 0.23089106E-02	 0.62623082E-03
  3545.0000    	  3546.0000    	 0.29357130E-02	 0.78760829E-03
  3546.0000    	  3547.0000    	 0.24419157E-02	 0.69303120E-03
  3547.0000    	  3548.0000    	 0.20717757E-02	 0.74807371E-03
  3548.0000    	  3549.0000    	 0.20617257E-02	 0.58063170E-03
  3549.0000    	  3550.0000    	 0.14354122E-02	 0.56332320E-03
  3550.0000    	  3551.0000    	 0.37613635E-03	 0.40638935E-03
  3551.0000    	  3552.0000    	 0.52550125E-03	 0.40873141E-03
  3552.0000    	  3553.0000    	 0.57425767E-03	 0.48587625E-03
  3553.0000    	  3554.0000    	 0.40225931E-02	 0.67108229E-03
  3554.0000    	  3555.0000    	 0.11426450E-02	 0.70857313E-03
  3555.0000    	  3556.0000    	 0.27965415E-02	 0.67481999E-03
  3556.0000    	  3557.0000    	 0.28715449E-02	 0.82614802E-03
  3557.0000    	  3558.0000    	 0.36773131E-02	 0.64347612E-03
  3558.0000    	  3559.0000    	 0.18180637E-02	 0.67649060E-03
  3559.0000    	  3560.0000    	 0.14779486E-02	 0.61935476E-03
  3560.0000    	  3561.0000    	 0.12529444E-02	 0.47407883E-03
  3561.0000    	  3562.0000    	 0.10634526E-02	 0.39044150E-03
  3562.0000    	  3563.0000    	 0.14705966E-02	 0.41526213E-03
  3563.0000    	  3564.0000    	 0.10510569E-02	 0.48447995E-03
  3564.0000    	  3565.0000    	 0.20777724E-02	 0.72268486E-03
  3565.0000    	  3566.0000    	 0.20564509E-02	 0.63911818E-03
  3566.0000    	  3567.0000    	 0.15857738E-02	 0.66500939E-03
  3567.0000    	  3568.0000    	 0.38218174E-02	 0.75980062E-03
  3568.0000    	  3569.0000    	 0.23817325E-02	 0.80298292E-03
  3569.0000    	  3570.0000    	 0.21246365E-02	 0.62815280E-03
  3570.0000    	  3571.0000    	 0.15758484E-02	 0.59789451E-03
  3571.0000    	  3572.0000    	 0.13095007E-02	 0.49179609E-03
  3572.0000    	  3573.0000    	 0.14105678E-02	 0.41980551E-03
  3573.0000    	  3574.0000    	 0.98886964E-04	 0.35695339E-03
  3574.0000    	  3575.0000    	 0.13158152E-02	 0.43536726E-03
  3575.0000    	  3576.0000    	 0.25072093E-02	 0.58547617E-03
  3576.0000    	  3577.0000    	 0.19759314E-02	 0.47441239E-03
  3577.0000    	  3578.0000    	 0.32283716E-02	 0.75756818E-03
  3578.0000    	  3579.0000    	 0.28198453E-02	 0.78470429E-03
  3579.0000    	  3580.0000    	 0.23139137E-02	 0.68869163E-03
  3580.0000    	  3581.0000    	 0.32065643E-02	 0.71171402E-03
  3581.0000    	  3582.0000    	 0.21044575E-02	 0.49846786E-03
  3582.0000    	  3583.0000    	-0.26825630E-04	 0.53951972E-03
  3583.0000    	  3584.0000    	 0.88680373E-03	 0.39309687E-03
  3584.0000    	  3585.0000    	 0.13299449E-02	 0.40836335E-03
  3585.0000    	  3586.0000    	 0.50457857E-03	 0.45707136E-03
  3586.0000    	  3587.0000    	-0.26296327E-03	 0.64234893E-03
  3587.0000    	  3588.0000    	 0.24782462E-02	 0.63004616E-03
  3588.0000    	  3589.0000    	 0.30890066E-02	 0.76901083E-03
  3589.0000    	  3590.0000    	 0.25497214E-02	 0.69919246E-03
  3590.0000    	  3591.0000    	 0.31202357E-02	 0.77496666E-03
  3591.0000    	  3592.0000    	 0.28467667E-02	 0.65666999E-03
  3592.0000    	  3593.0000    	 0.16673619E-02	 0.53251677E-03
  3593.0000    	  3594.0000    	 0.25226360E-02	 0.48045022E-03
  3594.0000    	  3595.0000    	 0.16250247E-02	 0.38771192E-03
  3595.0000    	  3596.0000    	-0.10614415E-03	 0.39666483E-03
  3596.0000    	  3597.0000    	 0.28567530E-03	 0.48133345E-03
  3597.0000    	  3598.0000    	 0.33711947E-02	 0.70717850E-03
  3598.0000    	  3599.0000    	 0.18081655E-02	 0.63324996E-03
  3599.0000    	  3600.0000    	-0.11758981E-02	 0.77218680E-03
  3600.0000    	  3601.0000    	 0.28995054E-02	 0.67553796E-03
  3601.0000    	  3602.0000    	 0.28278602E-02	 0.69864064E-03
  3602.0000    	  3603.0000    	 0.25046700E-02	 0.61206994E-03
  3603.0000    	  3604.0000    	 0.27302240E-02	 0.54422156E-03
  3604.0000    	  3605.0000    	 0.19041915E-02	 0.47480479E-03
  3605.0000    	  3606.0000    	 0.59211446E-03	 0.46476441E-03
  3606.0000    	  3607.0000    	 0.12113960E-02	 0.41558832E-03
  3607.0000    	  3608.0000    	 0.13482500E-02	 0.48143476E-03
  3608.0000    	  3609.0000    	 0.70376847E-03	 0.60902727E-03
  3609.0000    	  3610.0000    	 0.24954378E-02	 0.68506093E-03
  3610.0000    	  3611.0000    	 0.15355065E-02	 0.69421755E-03
  3611.0000    	  3612.0000    	 0.26630511E-02	 0.77635641E-03
  3612.0000    	  3613.0000    	 0.24081901E-02	 0.69837540E-03
  3613.0000    	  3614.0000    	 0.22423822E-02	 0.64011512E-03
  3614.0000    	  3615.0000    	 0.16205057E-02	 0.55658259E-03
  3615.0000    	  3616.0000    	 0.17800360E-02	 0.50734358E-03
  3616.0000    	  3617.0000    	 0.11048007E-02	 0.36351243E-03
  3617.0000    	  3618.0000    	 0.31427192E-03	 0.35428091E-03
  3618.0000    	  3619.0000    	 0.71800904E-03	 0.34363265E-03
  3619.0000    	  3620.0000    	 0.19777823E-02	 0.63419477E-03
  3620.0000    	  3621.0000    	 0.36731960E-02	 0.70957594E-03
  3621.0000    	  3622.0000    	 0.33914279E-02	 0.66033079E-03
  3622.0000    	  3623.0000    	 0.38346521E-02	 0.75752045E-03
  3623.0000    	  3624.0000    	 0.18359629E-02	 0.64001105E-03
  3624.0000    	  3625.0000    	 0.22761257E-02	 0.64360748E-03
  3625.0000    	  3626.0000    	 0.17152193E-02	 0.54901893E-03
  3626.0000    	  3627.0000    	 0.11399389E-02	 0.52595697E-03
  3627.0000    	  3628.0000    	 0.76200347E-03	 0.44727208E-03
  3628.0000    	  3629.0000    	 0.12249036E-02	 0.34917165E-03
  3629.0000    	  3630.0000    	 0.12971770E-03	 0.39878022E-03
  3630.0000    	  3631.0000    	 0.24444738E-02	 0.65922393E-03
  3631.0000    	  3632.0000    	 0.19962572E-02	 0.66473762E-03
  3632.0000    	  3633.0000    	 0.23276201E-02	 0.71808539E-03
  3633.0000    	  3634.0000    	 0.25226469E-02	 0.62075273E-03
  3634.0000    	  3635.0000    	 0.35444503E-02	 0.64486468E-03
  3635.0000    	  3636.0000    	 0.34276094E-02	 0.64971968E-03
  3636.0000    	  3637.0000    	 0.18747729E-02	 0.47453734E-03
  3637.0000    	  3638.0000    	 0.97617776E-03	 0.49424660E-03
  3638.0000    	  3639.0000    	 0.13008288E-02	 0.39608230E-03
  3639.0000    	  3640.0000    	 0.10217458E-02	 0.36962880E-03
  3640.0000    	  3641.0000    	-0.28064932E-03	 0.46012343E-03
  3641.0000    	  3642.0000    	 0.18227926E-02	 0.58288460E-03
  3642.0000    	  3643.0000    	 0.35452932E-02	 0.62906500E-03
  3643.0000    	  3644.0000    	 0.42580857E-02	 0.76641991E-03
  3644.0000    	  3645.0000    	 0.10566633E-02	 0.67872871E-03
  3645.0000    	  3646.0000    	 0.27799352E-02	 0.60785022E-03
  3646.0000    	  3647.0000    	 0.19754956E-02	 0.55875260E-03
  3647.0000    	  3648.0000    	 0.24021926E-02	 0.38406790E-03
  3648.0000    	  3649.0000    	 0.80760126E-03	 0.52545013E-03
  3649.0000    	  3650.0000    	 0.14969925E-02	 0.29102016E-03
  3650.0000    	  3651.0000    	 0.22413566E-03	 0.32032757E-03
  3651.0000    	  3652.0000    	 0.96570007E-03	 0.40477434E-03
  3652.0000    	  3653.0000    	 0.42512253E-03	 0.62128405E-03
  3653.0000    	  3654.0000    	 0.18766831E-02	 0.68653241E-03
  3654.0000    	  3655.0000    	 0.12705344E-02	 0.76137402E-03
  3655.0000    	  3656.0000    	 0.24840408E-02	 0.69569037E-03
  3656.0000    	  3657.0000    	 0.21830771E-02	 0.68623171E-03
  3657.0000    	  3658.0000    	 0.13106378E-02	 0.62371304E-03
  3658.0000    	  3659.0000    	 0.15916543E-02	 0.55640936E-03
  3659.0000    	  3660.0000    	 0.19726479E-02	 0.53655185E-03
  3660.0000    	  3661.0000    	 0.98090912E-03	 0.40818846E-03
  3661.0000    	  3662.0000    	 0.20240650E-02	 0.40781171E-03
  3662.0000    	  3663.0000    	 0.12602125E-02	 0.36793619E-03
  3663.0000    	  3664.0000    	 0.10994274E-02	 0.69716978E-03
  3664.0000    	  3665.0000    	 0.16432708E-02	 0.63149670E-03
  3665.0000    	  3666.0000    	 0.28017732E-02	 0.65794758E-03
  3666.0000    	  3667.0000    	 0.23771629E-02	 0.57207690E-03
  3667.0000    	  3668.0000    	 0.24680558E-02	 0.65271783E-03
  3668.0000    	  3669.0000    	-0.16165477E-03	 0.60081576E-03
  3669.0000    	  3670.0000    	 0.16868351E-02	 0.52682610E-03
  3670.0000    	  3671.0000    	 0.13115402E-02	 0.49416529E-03
  3671.0000    	  3672.0000    	 0.11156352E-02	 0.42638074E-03
  3672.0000    	  3673.0000    	 0.37089700E-03	 0.37139116E-03
  3673.0000    	  3674.0000    	 0.10247913E-02	 0.45162211E-03
  3674.0000    	  3675.0000    	 0.22980696E-02	 0.60544955E-03
  3675.0000    	  3676.0000    	 0.30092280E-02	 0.76872539E-03
  3676.0000    	  3677.0000    	 0.18406872E-02	 0.63269849E-03
  3677.0000    	  3678.0000    	 0.23797503E-02	 0.57761019E-03
  3678.0000    	  3679.0000    	 0.16207519E-02	 0.66111592E-03
  3679.0000    	  3680.0000    	 0.24344516E-02	 0.59221291E-03
  3680.0000    	  3681.0000    	 0.15738148E-02	 0.49863999E-03
  3681.0000    	  3682.0000    	 0.16091558E-02	 0.51827407E-03
  3682.0000    	  3683.0000    	 0.10436823E-02	 0.26139324E-03
  3683.0000    	  3684.0000    	 0.73471582E-03	 0.32378438E-03
  3684.0000    	  3685.0000    	 0.72921615E-03	 0.38622555E-03
  3685.0000    	  3686.0000    	 0.28088944E-02	 0.72466713E-03
  3686.0000    	  3687.0000    	 0.18385911E-02	 0.64068514E-03
  3687.0000    	  3688.0000    	 0.21713968E-02	 0.60869903E-03
  3688.0000    	  3689.0000    	 0.17429143E-02	 0.71909457E-03
  3689.0000    	  3690.0000    	 0.39559581E-02	 0.73136910E-03
  3690.0000    	  3691.0000    	 0.27150005E-02	 0.55929071E-03
  3691.0000    	  3692.0000    	 0.24498384E-02	 0.54271845E-03
  3692.0000    	  3693.0000    	 0.47363851E-03	 0.47172574E-03
  3693.0000    	  3694.0000    	 0.16011898E-02	 0.39077718E-03
  3694.0000    	  3695.0000    	 0.13005888E-02	 0.36630783E-03
  3695.0000    	  3696.0000    	 0.14014406E-02	 0.41528784E-03
  3696.0000    	  3697.0000    	 0.17444333E-02	 0.40977537E-03
  3697.0000    	  3698.0000    	 0.24521552E-02	 0.64904979E-03
  3698.0000    	  3699.0000    	 0.27092365E-02	 0.72435959E-03
  3699.0000    	  3700.0000    	 0.10897513E-02	 0.64879144E-03
  3700.0000    	  3701.0000    	 0.20354451E-02	 0.65014056E-03
  3701.0000    	  3702.0000    	 0.74088631E-03	 0.57167891E-03
  3702.0000    	  3703.0000    	 0.10959578E-03	 0.47732819E-03
  3703.0000    	  3704.0000    	 0.17825627E-02	 0.44938572E-03
  3704.0000    	  3705.0000    	 0.15153695E-02	 0.44735647E-03
  3705.0000    	  3706.0000    	 0.67523466E-03	 0.36416026E-03
  3706.0000    	  3707.0000    	 0.13437491E-02	 0.41304955E-03
  3707.0000    	  3708.0000    	 0.31521711E-02	 0.69261616E-03
  3708.0000    	  3709.0000    	 0.27997876E-02	 0.59350236E-03
  3709.0000    	  3710.0000    	 0.23743992E-02	 0.71425553E-03
  3710.0000    	  3711.0000    	 0.27222613E-02	 0.62150177E-03
  3711.0000    	  3712.0000    	 0.27620054E-02	 0.64374087E-03
  3712.0000    	  3713.0000    	 0.24696425E-02	 0.60329688E-03
  3713.0000    	  3714.0000    	 0.15691452E-02	 0.49694331E-03
  3714.0000    	  3715.0000    	 0.70773627E-03	 0.38264707E-03
  3715.0000    	  3716.0000    	 0.61668417E-03	 0.42266974E-03
  3716.0000    	  3717.0000    	 0.11400384E-02	 0.38249154E-03
  3717.0000    	  3718.0000    	 0.43269918E-03	 0.40368941E-03
  3718.0000    	  3719.0000    	 0.14837916E-02	 0.63113383E-03
  3719.0000    	  3720.0000    	 0.14276898E-02	 0.57534330E-03
  3720.0000    	  3721.0000    	 0.14181236E-02	 0.58315121E-03
  3721.0000    	  3722.0000    	 0.71179614E-04	 0.70482687E-03
  3722.0000    	  3723.0000    	 0.19642816E-02	 0.57936667E-03
  3723.0000    	  3724.0000    	 0.18140561E-02	 0.28523423E-03
  3724.0000    	  3725.0000    	 0.14515126E-02	 0.49876368E-03
  3725.0000    	  3726.0000    	 0.11871658E-02	 0.41683977E-03
  3726.0000    	  3727.0000    	 0.26777252E-03	 0.30323714E-03
  3727.0000    	  3728.0000    	 0.14519818E-02	 0.37236410E-03
  3728.0000    	  3729.0000    	 0.11794362E-02	 0.40728821E-03
  3729.0000    	  3730.0000    	 0.27491394E-02	 0.64987257E-03
  3730.0000    	  3731.0000    	-0.69208620E-04	 0.48633851E-03
  3731.0000    	  3732.0000    	 0.44521765E-03	 0.68270972E-03
  3732.0000    	  3733.0000    	 0.30605686E-02	 0.72790834E-03
  3733.0000    	  3734.0000    	 0.23244578E-02	 0.59675676E-03
  3734.0000    	  3735.0000    	 0.22332663E-02	 0.51298363E-03
  3735.0000    	  3736.0000    	 0.20649281E-02	 0.50289014E-03
  3736.0000    	  3737.0000    	 0.39749230E-03	 0.45672098E-03
  3737.0000    	  3738.0000    	 0.26229977E-03	 0.35373592E-03
  3738.0000    	  3739.0000    	 0.13523246E-03	 0.38519494E-03
  3739.0000    	  3740.0000    	 0.49732235E-03	 0.40433038E-03
  3740.0000    	  3741.0000    	 0.20660852E-02	 0.62378859E-03
  3741.0000    	  3742.0000    	 0.30462214E-02	 0.62923170E-03
  3742.0000    	  3743.0000    	 0.20589325E-02	 0.62990268E-03
  3743.0000    	  3744.0000    	 0.31275131E-02	 0.66787057E-03
  3744.0000    	  3745.0000    	 0.20942701E-02	 0.59911540E-03
  3745.0000    	  3746.0000    	 0.27657538E-02	 0.53706600E-03
  3746.0000    	  3747.0000    	 0.16853531E-02	 0.49164697E-03
  3747.0000    	  3748.0000    	 0.60323966E-03	 0.44485809E-03
  3748.0000    	  3749.0000    	 0.17326166E-02	 0.38313464E-03
  3749.0000    	  3750.0000    	 0.85423327E-03	 0.40408576E-03
  3750.0000    	  3751.0000    	 0.15011909E-02	 0.47766170E-03
  3751.0000    	  3752.0000    	 0.27869655E-02	 0.67004149E-03
  3752.0000    	  3753.0000    	 0.27208453E-02	 0.68441639E-03
  3753.0000    	  3754.0000    	 0.28893741E-02	 0.68190865E-03
  3754.0000    	  3755.0000    	 0.25740214E-02	 0.60966996E-03
  3755.0000    	  3756.0000    	 0.22251745E-02	 0.64307016E-03
  3756.0000    	  3757.0000    	 0.21194204E-02	 0.57263829E-03
  3757.0000    	  3758.0000    	 0.24466538E-02	 0.57348896E-03
  3758.0000    	  3759.0000    	 0.16286701E-02	 0.44421899E-03
  3759.0000    	  3760.0000    	 0.39010218E-03	 0.38913045E-03
  3760.0000    	  3761.0000    	-0.19205150E-03	 0.33645279E-03
  3761.0000    	  3762.0000    	 0.10174406E-02	 0.48640976E-03
  3762.0000    	  3763.0000    	 0.30869926E-02	 0.58058841E-03
  3763.0000    	  3764.0000    	 0.56817093E-03	 0.69557632E-03
  3764.0000    	  3765.0000    	 0.17338952E-02	 0.73768509E-03
  3765.0000    	  3766.0000    	 0.35927539E-02	 0.64852155E-03
  3766.0000    	  3767.0000    	-0.40400979E-03	 0.67743337E-03
  3767.0000    	  3768.0000    	-0.52298167E-03	 0.60685169E-03
  3768.0000    	  3769.0000    	 0.13643908E-02	 0.50961014E-03
  3769.0000    	  3770.0000    	 0.14897104E-02	 0.41279832E-03
  3770.0000    	  3771.0000    	 0.91103720E-03	 0.38912378E-03
  3771.0000    	  3772.0000    	 0.83809201E-03	 0.32100617E-03
  3772.0000    	  3773.0000    	 0.14357296E-02	 0.43039661E-03
  3773.0000    	  3774.0000    	 0.19169822E-02	 0.68788020E-03
  3774.0000    	  3775.0000    	 0.21095619E-02	 0.68921817E-03
  3775.0000    	  3776.0000    	 0.16890995E-02	 0.73638051E-03
  3776.0000    	  3777.0000    	 0.21553787E-02	 0.63225174E-03
  3777.0000    	  3778.0000    	 0.22447366E-02	 0.72325951E-03
  3778.0000    	  3779.0000    	 0.29283455E-02	 0.65055365E-03
  3779.0000    	  3780.0000    	 0.18450820E-02	 0.41427212E-03
  3780.0000    	  3781.0000    	 0.20571076E-02	 0.35885759E-03
  3781.0000    	  3782.0000    	-0.51595831E-03	 0.35138986E-03
  3782.0000    	  3783.0000    	 0.14594677E-02	 0.42808159E-03
  3783.0000    	  3784.0000    	 0.50112198E-03	 0.32423912E-03
  3784.0000    	  3785.0000    	 0.41932733E-03	 0.56249249E-03
  3785.0000    	  3786.0000    	 0.11329531E-02	 0.55017951E-03
  3786.0000    	  3787.0000    	 0.37045466E-02	 0.72130013E-03
  3787.0000    	  3788.0000    	 0.79868609E-03	 0.66364211E-03
  3788.0000    	  3789.0000    	 0.27704061E-02	 0.71288808E-03
  3789.0000    	  3790.0000    	 0.20991988E-02	 0.59590913E-03
  3790.0000    	  3791.0000    	 0.78472278E-03	 0.46681067E-03
  3791.0000    	  3792.0000    	 0.13373353E-02	 0.37897230E-03
  3792.0000    	  3793.0000    	 0.11188291E-02	 0.34707816E-03
  3793.0000    	  3794.0000    	 0.14427764E-02	 0.40532151E-03
  3794.0000    	  3795.0000    	 0.96339687E-03	 0.44439075E-03
  3795.0000    	  3796.0000    	 0.24214376E-02	 0.60142677E-03
  3796.0000    	  3797.0000    	 0.18089969E-02	 0.60616349E-03
  3797.0000    	  3798.0000    	 0.26056330E-02	 0.65839279E-03
  3798.0000    	  3799.0000    	 0.29721563E-02	 0.55781448E-03
  3799.0000    	  3800.0000    	 0.26921392E-02	 0.59786666E-03
  3800.0000    	  3801.0000    	 0.18924633E-02	 0.60785170E-03
  3801.0000    	  3802.0000    	 0.14056590E-02	 0.51696061E-03
  3802.0000    	  3803.0000    	 0.57191684E-03	 0.48215927E-03
  3803.0000    	  3804.0000    	 0.11067866E-02	 0.34585928E-03
  3804.0000    	  3805.0000    	 0.63480356E-03	 0.37942305E-03
  3805.0000    	  3806.0000    	-0.11816929E-03	 0.34314626E-03
  3806.0000    	  3807.0000    	 0.15121458E-02	 0.56568914E-03
  3807.0000    	  3808.0000    	-0.44912976E-03	 0.57550277E-03
  3808.0000    	  3809.0000    	 0.28098188E-02	 0.62038523E-03
  3809.0000    	  3810.0000    	 0.29500427E-02	 0.52206961E-03
  3810.0000    	  3811.0000    	 0.29578613E-02	 0.65787552E-03
  3811.0000    	  3812.0000    	 0.23070570E-02	 0.43137382E-03
  3812.0000    	  3813.0000    	 0.12967556E-02	 0.42638473E-03
  3813.0000    	  3814.0000    	 0.14812865E-02	 0.42877297E-03
  3814.0000    	  3815.0000    	 0.36338305E-03	 0.33985525E-03
  3815.0000    	  3816.0000    	 0.10361745E-02	 0.38948833E-03
  3816.0000    	  3817.0000    	 0.54083161E-04	 0.38509961E-03
  3817.0000    	  3818.0000    	 0.96235667E-03	 0.58823657E-03
  3818.0000    	  3819.0000    	 0.14322621E-02	 0.54187806E-03
  3819.0000    	  3820.0000    	 0.18758392E-02	 0.57129873E-03
  3820.0000    	  3821.0000    	 0.26990895E-02	 0.64068331E-03
  3821.0000    	  3822.0000    	 0.22774246E-02	 0.60476153E-03
  3822.0000    	  3823.0000    	 0.13762977E-02	 0.51149332E-03
  3823.0000    	  3824.0000    	 0.20810987E-02	 0.44340270E-03
  3824.0000    	  3825.0000    	 0.13722185E-02	 0.31094773E-03
  3825.0000    	  3826.0000    	 0.70963639E-03	 0.37505262E-03
  3826.0000    	  3827.0000    	 0.98518020E-03	 0.38605598E-03
  3827.0000    	  3828.0000    	 0.62884110E-03	 0.43648400E-03
  3828.0000    	  3829.0000    	 0.16546974E-02	 0.61596342E-03
  3829.0000    	  3830.0000    	 0.21976989E-02	 0.52524978E-03
  3830.0000    	  3831.0000    	 0.27194590E-02	 0.59986731E-03
  3831.0000    	  3832.0000    	 0.25148728E-02	 0.44935060E-03
  3832.0000    	  3833.0000    	 0.18923805E-02	 0.54941291E-03
  3833.0000    	  3834.0000    	 0.22271883E-02	 0.56042475E-03
  3834.0000    	  3835.0000    	 0.19003046E-02	 0.48740095E-03
  3835.0000    	  3836.0000    	 0.16769551E-02	 0.32821483E-03
  3836.0000    	  3837.0000    	 0.17268118E-02	 0.37720083E-03
  3837.0000    	  3838.0000    	-0.65811218E-03	 0.35430454E-03
  3838.0000    	  3839.0000    	 0.53745456E-03	 0.46570296E-03
  3839.0000    	  3840.0000    	 0.15452787E-02	 0.44969506E-03
  3840.0000    	  3841.0000    	 0.25003694E-02	 0.72353459E-03
  3841.0000    	  3842.0000    	 0.21014890E-02	 0.64125405E-03
  3842.0000    	  3843.0000    	 0.76096897E-03	 0.58811143E-03
  3843.0000    	  3844.0000    	 0.24666961E-02	 0.62233188E-03
  3844.0000    	  3845.0000    	 0.12706804E-02	 0.46689720E-03
  3845.0000    	  3846.0000    	 0.74493377E-03	 0.43916242E-03
  3846.0000    	  3847.0000    	 0.18242673E-02	 0.39841747E-03
  3847.0000    	  3848.0000    	 0.10747985E-02	 0.34958766E-03
  3848.0000    	  3849.0000    	 0.64533413E-03	 0.34979541E-03
  3849.0000    	  3850.0000    	 0.96849895E-03	 0.39993317E-03
  3850.0000    	  3851.0000    	 0.20783984E-02	 0.71639488E-03
  3851.0000    	  3852.0000    	 0.24761208E-02	 0.58534140E-03
  3852.0000    	  3853.0000    	 0.22527027E-02	 0.53048510E-03
  3853.0000    	  3854.0000    	 0.15265917E-02	 0.65324514E-03
  3854.0000    	  3855.0000    	 0.24392524E-02	 0.63056869E-03
  3855.0000    	  3856.0000    	 0.18454782E-02	 0.48647756E-03
  3856.0000    	  3857.0000    	 0.23528083E-02	 0.45574866E-03
  3857.0000    	  3858.0000    	 0.73224566E-03	 0.41688050E-03
  3858.0000    	  3859.0000    	 0.98193145E-03	 0.36112690E-03
  3859.0000    	  3860.0000    	 0.81809493E-03	 0.34817480E-03
  3860.0000    	  3861.0000    	 0.94612540E-03	 0.46361548E-03
  3861.0000    	  3862.0000    	 0.30820224E-02	 0.63836745E-03
  3862.0000    	  3863.0000    	 0.21001714E-02	 0.57526766E-03
  3863.0000    	  3864.0000    	 0.20239763E-02	 0.42289758E-03
  3864.0000    	  3865.0000    	 0.23651125E-02	 0.57910259E-03
  3865.0000    	  3866.0000    	 0.16686751E-02	 0.55170206E-03
  3866.0000    	  3867.0000    	 0.19185361E-02	 0.49437284E-03
  3867.0000    	  3868.0000    	 0.65729429E-03	 0.45781944E-03
  3868.0000    	  3869.0000    	 0.15386148E-02	 0.34420881E-03
  3869.0000    	  3870.0000    	 0.96957546E-03	 0.39166038E-03
  3870.0000    	  3871.0000    	 0.63416373E-03	 0.27910741E-03
  3871.0000    	  3872.0000    	 0.17307783E-02	 0.46916850E-03
  3872.0000    	  3873.0000    	 0.61869222E-03	 0.52337494E-03
  3873.0000    	  3874.0000    	 0.14979114E-02	 0.58414459E-03
  3874.0000    	  3875.0000    	 0.28462611E-02	 0.55667751E-03
  3875.0000    	  3876.0000    	 0.15355352E-02	 0.61210032E-03
  3876.0000    	  3877.0000    	 0.21864880E-02	 0.61094777E-03
  3877.0000    	  3878.0000    	 0.17046066E-02	 0.39829341E-03
  3878.0000    	  3879.0000    	 0.21512598E-02	 0.48105448E-03
  3879.0000    	  3880.0000    	-0.24495014E-03	 0.42748464E-03
  3880.0000    	  3881.0000    	-0.95302312E-03	 0.36290855E-03
  3881.0000    	  3882.0000    	 0.74603725E-03	 0.31828313E-03
  3882.0000    	  3883.0000    	 0.14506272E-02	 0.47071158E-03
  3883.0000    	  3884.0000    	 0.23419107E-02	 0.51857884E-03
  3884.0000    	  3885.0000    	-0.26994720E-03	 0.58950217E-03
  3885.0000    	  3886.0000    	 0.28517521E-02	 0.56754315E-03
  3886.0000    	  3887.0000    	 0.29695889E-02	 0.57700777E-03
  3887.0000    	  3888.0000    	 0.14863973E-02	 0.54971724E-03
  3888.0000    	  3889.0000    	 0.21845272E-02	 0.57455444E-03
  3889.0000    	  3890.0000    	 0.22341125E-02	 0.48916459E-03
  3890.0000    	  3891.0000    	 0.10197950E-02	 0.45628723E-03
  3891.0000    	  3892.0000    	 0.10084918E-02	 0.32510949E-03
  3892.0000    	  3893.0000    	 0.95983486E-03	 0.34577807E-03
  3893.0000    	  3894.0000    	-0.72068056E-03	 0.32919693E-03
  3894.0000    	  3895.0000    	 0.18721232E-02	 0.54570021E-03
  3895.0000    	  3896.0000    	 0.21272695E-02	 0.58036197E-03
  3896.0000    	  3897.0000    	 0.14970997E-02	 0.53903376E-03
  3897.0000    	  3898.0000    	 0.14309304E-02	 0.66085750E-03
  3898.0000    	  3899.0000    	 0.30958584E-02	 0.65253063E-03
  3899.0000    	  3900.0000    	 0.25915203E-02	 0.57134159E-03
  3900.0000    	  3901.0000    	 0.22139732E-03	 0.40077369E-03
  3901.0000    	  3902.0000    	 0.74622226E-03	 0.42603192E-03
  3902.0000    	  3903.0000    	 0.63901779E-03	 0.31733113E-03
  3903.0000    	  3904.0000    	 0.12264171E-02	 0.34679255E-03
  3904.0000    	  3905.0000    	 0.23614946E-03	 0.47203648E-03
  3905.0000    	  3906.0000    	 0.11909197E-02	 0.51459082E-03
  3906.0000    	  3907.0000    	 0.14029971E-02	 0.51147739E-03
  3907.0000    	  3908.0000    	 0.20676958E-02	 0.63055486E-03
  3908.0000    	  3909.0000    	 0.67007644E-03	 0.58911716E-03
  3909.0000    	  3910.0000    	 0.16946037E-02	 0.65461720E-03
  3910.0000    	  3911.0000    	 0.16724512E-02	 0.41737273E-03
  3911.0000    	  3912.0000    	 0.16280608E-02	 0.38816261E-03
  3912.0000    	  3913.0000    	 0.79335255E-03	 0.39198771E-03
  3913.0000    	  3914.0000    	 0.83768640E-03	 0.31537551E-03
  3914.0000    	  3915.0000    	 0.12104777E-02	 0.31391993E-03
  3915.0000    	  3916.0000    	 0.24536378E-03	 0.43034806E-03
  3916.0000    	  3917.0000    	 0.14634011E-02	 0.59309264E-03
  3917.0000    	  3918.0000    	 0.29392873E-02	 0.56580192E-03
  3918.0000    	  3919.0000    	 0.29960969E-02	 0.66647675E-03
  3919.0000    	  3920.0000    	 0.20239753E-02	 0.57647208E-03
  3920.0000    	  3921.0000    	 0.43011462E-03	 0.65607650E-03
  3921.0000    	  3922.0000    	 0.11695356E-02	 0.52073040E-03
  3922.0000    	  3923.0000    	 0.13008175E-02	 0.43307828E-03
  3923.0000    	  3924.0000    	 0.15404755E-02	 0.36577242E-03
  3924.0000    	  3925.0000    	 0.61293590E-03	 0.32281582E-03
  3925.0000    	  3926.0000    	 0.11860449E-02	 0.31429971E-03
  3926.0000    	  3927.0000    	-0.31889980E-04	 0.40643544E-03
  3927.0000    	  3928.0000    	 0.20394043E-02	 0.52526369E-03
  3928.0000    	  3929.0000    	 0.90715160E-04	 0.40073095E-03
  3929.0000    	  3930.0000    	 0.20059293E-02	 0.52787326E-03
  3930.0000    	  3931.0000    	 0.93554912E-03	 0.69024065E-03
  3931.0000    	  3932.0000    	 0.46231711E-03	 0.53216819E-03
  3932.0000    	  3933.0000    	 0.12220716E-02	 0.43394913E-03
  3933.0000    	  3934.0000    	 0.20403759E-02	 0.41798530E-03
  3934.0000    	  3935.0000    	 0.11971333E-02	 0.39071730E-03
  3935.0000    	  3936.0000    	 0.63615504E-03	 0.38207418E-03
  3936.0000    	  3937.0000    	 0.12437164E-02	 0.34032344E-03
  3937.0000    	  3938.0000    	 0.14859674E-02	 0.39548088E-03
  3938.0000    	  3939.0000    	 0.15368806E-02	 0.55377095E-03
  3939.0000    	  3940.0000    	 0.34089577E-02	 0.63936242E-03
  3940.0000    	  3941.0000    	 0.23947411E-02	 0.53867404E-03
  3941.0000    	  3942.0000    	 0.27497018E-02	 0.62018024E-03
  3942.0000    	  3943.0000    	 0.21590719E-02	 0.55513145E-03
  3943.0000    	  3944.0000    	 0.29031898E-02	 0.48232881E-03
  3944.0000    	  3945.0000    	 0.19487578E-02	 0.40590890E-03
  3945.0000    	  3946.0000    	 0.20466472E-02	 0.34541436E-03
  3946.0000    	  3947.0000    	 0.91039632E-03	 0.37037095E-03
  3947.0000    	  3948.0000    	 0.33136469E-03	 0.33537393E-03
  3948.0000    	  3949.0000    	 0.95704561E-04	 0.39491506E-03
  3949.0000    	  3950.0000    	 0.22932275E-02	 0.54281864E-03
  3950.0000    	  3951.0000    	 0.57191237E-03	 0.60082401E-03
  3951.0000    	  3952.0000    	 0.61042546E-03	 0.52949843E-03
  3952.0000    	  3953.0000    	 0.25222354E-02	 0.58965769E-03
  3953.0000    	  3954.0000    	 0.21345541E-02	 0.66690678E-03
  3954.0000    	  3955.0000    	 0.17222154E-02	 0.41313351E-03
  3955.0000    	  3956.0000    	 0.16167024E-02	 0.36913115E-03
  3956.0000    	  3957.0000    	 0.44247529E-03	 0.31179135E-03
  3957.0000    	  3958.0000    	 0.73795411E-03	 0.31413502E-03
  3958.0000    	  3959.0000    	 0.14091863E-02	 0.33527003E-03
  3959.0000    	  3960.0000    	 0.54355613E-03	 0.44873299E-03
  3960.0000    	  3961.0000    	 0.14518859E-02	 0.50869532E-03
  3961.0000    	  3962.0000    	 0.80947044E-05	 0.60731335E-03
  3962.0000    	  3963.0000    	 0.72304157E-03	 0.53740021E-03
  3963.0000    	  3964.0000    	 0.22667772E-02	 0.62765562E-03
  3964.0000    	  3965.0000    	 0.19459310E-02	 0.44757179E-03
  3965.0000    	  3966.0000    	 0.13772458E-02	 0.33644737E-03
  3966.0000    	  3967.0000    	 0.92301601E-03	 0.39517342E-03
  3967.0000    	  3968.0000    	 0.90384461E-03	 0.35545621E-03
  3968.0000    	  3969.0000    	 0.91157415E-03	 0.31722836E-03
  3969.0000    	  3970.0000    	 0.10296555E-02	 0.34111031E-03
  3970.0000    	  3971.0000    	 0.58942660E-03	 0.39880304E-03
  3971.0000    	  3972.0000    	 0.33746759E-03	 0.34246972E-03
  3972.0000    	  3973.0000    	 0.26613654E-02	 0.62527703E-03
  3973.0000    	  3974.0000    	 0.20999952E-02	 0.54031254E-03
  3974.0000    	  3975.0000    	 0.23301487E-02	 0.64420746E-03
  3975.0000    	  3976.0000    	 0.15706508E-02	 0.54193601E-03
  3976.0000    	  3977.0000    	 0.11933351E-02	 0.44952563E-03
  3977.0000    	  3978.0000    	 0.71622459E-03	 0.37532870E-03
  3978.0000    	  3979.0000    	 0.14502426E-02	 0.35821691E-03
  3979.0000    	  3980.0000    	 0.92279686E-03	 0.30562611E-03
  3980.0000    	  3981.0000    	 0.67812306E-03	 0.34768781E-03
  3981.0000    	  3982.0000    	 0.52623465E-03	 0.34500980E-03
  3982.0000    	  3983.0000    	 0.19327120E-02	 0.54995398E-03
  3983.0000    	  3984.0000    	 0.23060617E-02	 0.55820596E-03
  3984.0000    	  3985.0000    	 0.15806899E-02	 0.58255291E-03
  3985.0000    	  3986.0000    	 0.18914062E-02	 0.55782852E-03
  3986.0000    	  3987.0000    	 0.21869386E-03	 0.52861839E-03
  3987.0000    	  3988.0000    	 0.15825548E-02	 0.49766672E-03
  3988.0000    	  3989.0000    	 0.62268367E-03	 0.36336571E-03
  3989.0000    	  3990.0000    	 0.72442962E-03	 0.35993062E-03
  3990.0000    	  3991.0000    	 0.74763261E-03	 0.30807112E-03
  3991.0000    	  3992.0000    	-0.10446541E-03	 0.31812179E-03
  3992.0000    	  3993.0000    	 0.61408227E-04	 0.35157284E-03
  3993.0000    	  3994.0000    	 0.20225358E-02	 0.57320299E-03
  3994.0000    	  3995.0000    	 0.14728283E-02	 0.60618196E-03
  3995.0000    	  3996.0000    	 0.61078240E-03	 0.64085802E-03
  3996.0000    	  3997.0000    	 0.30546901E-02	 0.62014299E-03
  3997.0000    	  3998.0000    	 0.12263483E-02	 0.44334166E-03
  3998.0000    	  3999.0000    	-0.28904661E-04	 0.47798713E-03
  3999.0000    	  4000.0000    	 0.88110894E-03	 0.35277205E-03
  4000.0000    	  4001.0000    	 0.12867556E-02	 0.37835838E-03
  4001.0000    	  4002.0000    	 0.12272177E-02	 0.30524428E-03
  4002.0000    	  4003.0000    	 0.10625658E-02	 0.35458666E-03
  4003.0000    	  4004.0000    	-0.12953742E-03	 0.20087176E-03
  4004.0000    	  4005.0000    	 0.22012156E-02	 0.50513725E-03
  4005.0000    	  4006.0000    	 0.24321980E-02	 0.59600735E-03
  4006.0000    	  4007.0000    	 0.15683714E-02	 0.50820985E-03
  4007.0000    	  4008.0000    	-0.82598412E-03	 0.51362034E-03
  4008.0000    	  4009.0000    	 0.22668290E-02	 0.49432812E-03
  4009.0000    	  4010.0000    	 0.17123776E-02	 0.43203458E-03
  4010.0000    	  4011.0000    	 0.13819755E-02	 0.35743941E-03
  4011.0000    	  4012.0000    	 0.13968229E-02	 0.36754842E-03
  4012.0000    	  4013.0000    	 0.92279912E-03	 0.32493820E-03
  4013.0000    	  4014.0000    	 0.10988392E-02	 0.37882095E-03
  4014.0000    	  4015.0000    	-0.11879338E-02	 0.36767059E-03
  4015.0000    	  4016.0000    	 0.19866799E-02	 0.52936655E-03
  4016.0000    	  4017.0000    	 0.26522349E-03	 0.57081927E-03
  4017.0000    	  4018.0000    	 0.11784823E-02	 0.51665885E-03
  4018.0000    	  4019.0000    	 0.18100318E-02	 0.55293450E-03
  4019.0000    	  4020.0000    	 0.31346356E-02	 0.52639708E-03
  4020.0000    	  4021.0000    	 0.82900353E-03	 0.43605359E-03
  4021.0000    	  4022.0000    	 0.11906331E-02	 0.41724349E-03
  4022.0000    	  4023.0000    	 0.64291907E-03	 0.31238360E-03
  4023.0000    	  4024.0000    	 0.14742765E-02	 0.36667852E-03
  4024.0000    	  4025.0000    	 0.82373621E-03	 0.40417203E-03
  4025.0000    	  4026.0000    	 0.86115953E-03	 0.46026529E-03
  4026.0000    	  4027.0000    	 0.30067806E-02	 0.60822040E-03
  4027.0000    	  4028.0000    	 0.29987312E-03	 0.56083323E-03
  4028.0000    	  4029.0000    	 0.32505422E-02	 0.58040082E-03
  4029.0000    	  4030.0000    	 0.16772492E-02	 0.54510808E-03
  4030.0000    	  4031.0000    	 0.71335536E-03	 0.45258535E-03
  4031.0000    	  4032.0000    	 0.13403475E-02	 0.41362732E-03
  4032.0000    	  4033.0000    	 0.14186253E-02	 0.38658783E-03
  4033.0000    	  4034.0000    	 0.13067963E-02	 0.35375713E-03
  4034.0000    	  4035.0000    	 0.59699767E-04	 0.32793590E-03
  4035.0000    	  4036.0000    	-0.16554675E-03	 0.27157589E-03
  4036.0000    	  4037.0000    	 0.40479920E-03	 0.36467071E-03
  4037.0000    	  4038.0000    	 0.12626546E-02	 0.60794303E-03
  4038.0000    	  4039.0000    	 0.27622489E-02	 0.60158041E-03
  4039.0000    	  4040.0000    	 0.17176436E-02	 0.55164283E-03
  4040.0000    	  4041.0000    	 0.19066078E-02	 0.46489156E-03
  4041.0000    	  4042.0000    	 0.23642648E-02	 0.50923012E-03
  4042.0000    	  4043.0000    	 0.16620819E-02	 0.43556049E-03
  4043.0000    	  4044.0000    	 0.71323313E-03	 0.38296345E-03
  4044.0000    	  4045.0000    	 0.15243915E-02	 0.30586198E-03
  4045.0000    	  4046.0000    	 0.10456092E-02	 0.32737424E-03
  4046.0000    	  4047.0000    	 0.12793121E-02	 0.37136188E-03
  4047.0000    	  4048.0000    	 0.70164683E-03	 0.40292107E-03
  4048.0000    	  4049.0000    	 0.15989034E-02	 0.50191949E-03
  4049.0000    	  4050.0000    	 0.32066037E-03	 0.47195911E-03
  4050.0000    	  4051.0000    	-0.31978712E-03	 0.58175820E-03
  4051.0000    	  4052.0000    	 0.27965969E-02	 0.54725144E-03
  4052.0000    	  4053.0000    	 0.14766399E-02	 0.53922283E-03
  4053.0000    	  4054.0000    	 0.18756416E-02	 0.45259492E-03
  4054.0000    	  4055.0000    	 0.12818201E-02	 0.38081087E-03
  4055.0000    	  4056.0000    	 0.86347528E-03	 0.32672527E-03
  4056.0000    	  4057.0000    	 0.10389479E-02	 0.29077889E-03
  4057.0000    	  4058.0000    	 0.12288670E-02	 0.36829860E-03
  4058.0000    	  4059.0000    	 0.13330698E-02	 0.43328713E-03
  4059.0000    	  4060.0000    	 0.18223279E-02	 0.53210919E-03
  4060.0000    	  4061.0000    	 0.13195939E-02	 0.51049520E-03
  4061.0000    	  4062.0000    	 0.16992073E-02	 0.48724013E-03
  4062.0000    	  4063.0000    	 0.24665384E-02	 0.51080340E-03
  4063.0000    	  4064.0000    	 0.14196345E-02	 0.47605808E-03
  4064.0000    	  4065.0000    	 0.28863673E-02	 0.48230858E-03
  4065.0000    	  4066.0000    	 0.13086243E-02	 0.38078160E-03
  4066.0000    	  4067.0000    	 0.85275408E-03	 0.33214444E-03
  4067.0000    	  4068.0000    	 0.18610409E-03	 0.30507040E-03
  4068.0000    	  4069.0000    	-0.13317651E-03	 0.34884084E-03
  4069.0000    	  4070.0000    	 0.62092431E-03	 0.47720554E-03
  4070.0000    	  4071.0000    	 0.27035301E-03	 0.42055090E-03
  4071.0000    	  4072.0000    	 0.27919759E-03	 0.51723150E-03
  4072.0000    	  4073.0000    	 0.10402329E-02	 0.51936638E-03
  4073.0000    	  4074.0000    	 0.15089329E-02	 0.56576643E-03
  4074.0000    	  4075.0000    	-0.39839742E-05	 0.41492097E-03
  4075.0000    	  4076.0000    	 0.11162633E-03	 0.40159772E-03
  4076.0000    	  4077.0000    	 0.57401739E-03	 0.34874967E-03
  4077.0000    	  4078.0000    	 0.14219217E-02	 0.26839675E-03
  4078.0000    	  4079.0000    	 0.12255580E-02	 0.30623764E-03
  4079.0000    	  4080.0000    	 0.48139897E-03	 0.35410460E-03
  4080.0000    	  4081.0000    	-0.10373352E-02	 0.40450248E-03
  4081.0000    	  4082.0000    	 0.20996338E-02	 0.53122458E-03
  4082.0000    	  4083.0000    	 0.16063734E-02	 0.42595304E-03
  4083.0000    	  4084.0000    	 0.21017371E-02	 0.52767689E-03
  4084.0000    	  4085.0000    	 0.13585263E-02	 0.45646502E-03
  4085.0000    	  4086.0000    	 0.17650769E-02	 0.48193140E-03
  4086.0000    	  4087.0000    	 0.14400245E-02	 0.46859194E-03
  4087.0000    	  4088.0000    	-0.42638361E-03	 0.37976989E-03
  4088.0000    	  4089.0000    	-0.43800869E-03	 0.33333039E-03
  4089.0000    	  4090.0000    	 0.99602048E-03	 0.31061018E-03
  4090.0000    	  4091.0000    	 0.74477152E-03	 0.36802146E-03
  4091.0000    	  4092.0000    	 0.76750201E-03	 0.41380729E-03
  4092.0000    	  4093.0000    	 0.23238862E-02	 0.48762144E-03
  4093.0000    	  4094.0000    	 0.21565414E-02	 0.52001046E-03
  4094.0000    	  4095.0000    	 0.22250370E-02	 0.62103171E-03
  4095.0000    	  4096.0000    	 0.25353567E-02	 0.55997924E-03
  4096.0000    	  4097.0000    	 0.22963717E-02	 0.48677213E-03
  4097.0000    	  4098.0000    	 0.10580191E-02	 0.41404299E-03
  4098.0000    	  4099.0000    	 0.14458007E-02	 0.37137926E-03
  4099.0000    	  4100.0000    	 0.54779381E-03	 0.29615492E-03
  4100.0000    	  4101.0000    	 0.11118336E-02	 0.30743325E-03
  4101.0000    	  4102.0000    	 0.30871523E-03	 0.33439959E-03
  4102.0000    	  4103.0000    	 0.46644743E-03	 0.38046412E-03
  4103.0000    	  4104.0000    	 0.66972655E-03	 0.53025244E-03
  4104.0000    	  4105.0000    	 0.12977619E-02	 0.38896299E-03
  4105.0000    	  4106.0000    	 0.12925870E-02	 0.51677153E-03
  4106.0000    	  4107.0000    	 0.22004244E-02	 0.49640115E-03
  4107.0000    	  4108.0000    	 0.17720464E-02	 0.44105040E-03
  4108.0000    	  4109.0000    	 0.81761577E-03	 0.40770548E-03
  4109.0000    	  4110.0000    	 0.13703458E-02	 0.40500778E-03
  4110.0000    	  4111.0000    	 0.73929596E-03	 0.32823163E-03
  4111.0000    	  4112.0000    	 0.78519942E-03	 0.29384541E-03
  4112.0000    	  4113.0000    	 0.10678185E-02	 0.33461724E-03
  4113.0000    	  4114.0000    	 0.18095085E-02	 0.43079493E-03
  4114.0000    	  4115.0000    	 0.21356728E-02	 0.57312198E-03
  4115.0000    	  4116.0000    	 0.10481466E-02	 0.50242739E-03
  4116.0000    	  4117.0000    	 0.19302343E-02	 0.56847227E-03
  4117.0000    	  4118.0000    	 0.19973657E-02	 0.56477000E-03
  4118.0000    	  4119.0000    	 0.16624897E-02	 0.52943762E-03
  4119.0000    	  4120.0000    	 0.68809227E-03	 0.43172787E-03
  4120.0000    	  4121.0000    	 0.90678455E-03	 0.36775922E-03
  4121.0000    	  4122.0000    	 0.71758976E-04	 0.32037277E-03
  4122.0000    	  4123.0000    	 0.29969775E-03	 0.24314296E-03
  4123.0000    	  4124.0000    	 0.58049221E-03	 0.35886931E-03
  4124.0000    	  4125.0000    	 0.59460011E-03	 0.40139522E-03
  4125.0000    	  4126.0000    	 0.27293303E-02	 0.58213529E-03
  4126.0000    	  4127.0000    	 0.12662097E-02	 0.59272298E-03
  4127.0000    	  4128.0000    	 0.21183533E-02	 0.51749987E-03
  4128.0000    	  4129.0000    	 0.18212324E-02	 0.55086588E-03
  4129.0000    	  4130.0000    	 0.90968696E-03	 0.46543486E-03
  4130.0000    	  4131.0000    	 0.10367124E-02	 0.42294278E-03
  4131.0000    	  4132.0000    	 0.13242742E-02	 0.41530802E-03
  4132.0000    	  4133.0000    	 0.10047971E-02	 0.28260806E-03
  4133.0000    	  4134.0000    	 0.73951777E-03	 0.22690668E-03
  4134.0000    	  4135.0000    	 0.30676430E-03	 0.30551950E-03
  4135.0000    	  4136.0000    	 0.76670470E-03	 0.33965628E-03
  4136.0000    	  4137.0000    	 0.59939452E-03	 0.40225664E-03
  4137.0000    	  4138.0000    	 0.12133731E-03	 0.45610202E-03
  4138.0000    	  4139.0000    	 0.16772279E-02	 0.57173968E-03
  4139.0000    	  4140.0000    	 0.18903223E-02	 0.43655178E-03
  4140.0000    	  4141.0000    	 0.19218609E-02	 0.50051898E-03
  4141.0000    	  4142.0000    	 0.11723034E-02	 0.38618847E-03
  4142.0000    	  4143.0000    	 0.94832643E-03	 0.34129204E-03
  4143.0000    	  4144.0000    	 0.11422185E-02	 0.31486046E-03
  4144.0000    	  4145.0000    	 0.99331528E-03	 0.29132949E-03
  4145.0000    	  4146.0000    	 0.95026731E-03	 0.24776836E-03
  4146.0000    	  4147.0000    	 0.39342083E-03	 0.37377297E-03
  4147.0000    	  4148.0000    	 0.12376526E-02	 0.46784240E-03
  4148.0000    	  4149.0000    	 0.93339686E-03	 0.34019704E-03
  4149.0000    	  4150.0000    	 0.21454716E-02	 0.65870711E-03
  4150.0000    	  4151.0000    	 0.15610195E-02	 0.44178081E-03
  4151.0000    	  4152.0000    	 0.11174704E-02	 0.50182300E-03
  4152.0000    	  4153.0000    	 0.80740439E-04	 0.38496216E-03
  4153.0000    	  4154.0000    	 0.10735433E-02	 0.37194056E-03
  4154.0000    	  4155.0000    	 0.13836829E-03	 0.33352458E-03
  4155.0000    	  4156.0000    	 0.98122169E-03	 0.29854558E-03
  4156.0000    	  4157.0000    	 0.70616858E-03	 0.30427608E-03
  4157.0000    	  4158.0000    	 0.90440649E-04	 0.43039533E-03
  4158.0000    	  4159.0000    	 0.27008632E-06	 0.52298858E-03
  4159.0000    	  4160.0000    	 0.12000274E-02	 0.57198206E-03
  4160.0000    	  4161.0000    	 0.94630778E-03	 0.60534018E-03
  4161.0000    	  4162.0000    	 0.14276271E-02	 0.41282197E-03
  4162.0000    	  4163.0000    	 0.30051110E-02	 0.51636154E-03
  4163.0000    	  4164.0000    	 0.11852314E-02	 0.36659752E-03
  4164.0000    	  4165.0000    	 0.39392657E-03	 0.34698954E-03
  4165.0000    	  4166.0000    	 0.11284642E-02	 0.30694036E-03
  4166.0000    	  4167.0000    	 0.71945302E-03	 0.29839396E-03
  4167.0000    	  4168.0000    	 0.72758546E-03	 0.33672020E-03
  4168.0000    	  4169.0000    	 0.11160055E-02	 0.44486208E-03
  4169.0000    	  4170.0000    	 0.13959235E-02	 0.54919117E-03
  4170.0000    	  4171.0000    	 0.92650830E-03	 0.54319535E-03
  4171.0000    	  4172.0000    	 0.23632139E-02	 0.61547161E-03
  4172.0000    	  4173.0000    	 0.24822785E-02	 0.45738246E-03
  4173.0000    	  4174.0000    	 0.19215265E-02	 0.47136374E-03
  4174.0000    	  4175.0000    	 0.98786737E-03	 0.36358582E-03
  4175.0000    	  4176.0000    	 0.15453745E-02	 0.31170629E-03
  4176.0000    	  4177.0000    	 0.87139852E-03	 0.31507399E-03
  4177.0000    	  4178.0000    	 0.62101749E-03	 0.28413202E-03
  4178.0000    	  4179.0000    	 0.24448304E-03	 0.28733894E-03
  4179.0000    	  4180.0000    	 0.97214646E-03	 0.40498282E-03
  4180.0000    	  4181.0000    	 0.14727476E-03	 0.56941281E-03
  4181.0000    	  4182.0000    	 0.17105925E-02	 0.48099589E-03
  4182.0000    	  4183.0000    	-0.70944646E-03	 0.50118783E-03
  4183.0000    	  4184.0000    	 0.23552623E-02	 0.50617723E-03
  4184.0000    	  4185.0000    	 0.14818296E-02	 0.52896279E-03
  4185.0000    	  4186.0000    	 0.22316745E-02	 0.46032726E-03
  4186.0000    	  4187.0000    	 0.57989136E-03	 0.37697931E-03
  4187.0000    	  4188.0000    	 0.99155875E-03	 0.27446521E-03
  4188.0000    	  4189.0000    	 0.59418833E-03	 0.20488401E-03
  4189.0000    	  4190.0000    	 0.77352676E-03	 0.34849298E-03
  4190.0000    	  4191.0000    	 0.43276463E-03	 0.43638464E-03
  4191.0000    	  4192.0000    	 0.35105775E-03	 0.54507488E-03
  4192.0000    	  4193.0000    	 0.21058993E-02	 0.53223012E-03
  4193.0000    	  4194.0000    	 0.20768240E-02	 0.46283681E-03
  4194.0000    	  4195.0000    	 0.96542269E-03	 0.50358448E-03
  4195.0000    	  4196.0000    	 0.16764311E-02	 0.47038284E-03
  4196.0000    	  4197.0000    	 0.12633249E-02	 0.37940168E-03
  4197.0000    	  4198.0000    	 0.13704757E-02	 0.34248137E-03
  4198.0000    	  4199.0000    	-0.83270683E-04	 0.29062521E-03
  4199.0000    	  4200.0000    	 0.81722013E-03	 0.29174764E-03
  4200.0000    	  4201.0000    	 0.10542372E-02	 0.37920576E-03
  4201.0000    	  4202.0000    	 0.29693288E-03	 0.46920813E-03
  4202.0000    	  4203.0000    	 0.45342492E-03	 0.41602022E-03
  4203.0000    	  4204.0000    	 0.64560085E-03	 0.46406481E-03
  4204.0000    	  4205.0000    	 0.18896953E-02	 0.50490685E-03
  4205.0000    	  4206.0000    	 0.16519113E-02	 0.50243213E-03
  4206.0000    	  4207.0000    	 0.20788649E-02	 0.45630648E-03
  4207.0000    	  4208.0000    	 0.61558847E-03	 0.38219410E-03
  4208.0000    	  4209.0000    	 0.54117184E-03	 0.29001647E-03
  4209.0000    	  4210.0000    	 0.47359597E-03	 0.28832310E-03
  4210.0000    	  4211.0000    	 0.38404941E-03	 0.26329898E-03
  4211.0000    	  4212.0000    	 0.21079966E-03	 0.26743074E-03
  4212.0000    	  4213.0000    	 0.47898458E-03	 0.37543537E-03
  4213.0000    	  4214.0000    	 0.20022198E-02	 0.44337199E-03
  4214.0000    	  4215.0000    	 0.13719859E-02	 0.53774797E-03
  4215.0000    	  4216.0000    	 0.18678200E-02	 0.44367917E-03
  4216.0000    	  4217.0000    	 0.14845142E-02	 0.56794394E-03
  4217.0000    	  4218.0000    	 0.15522768E-02	 0.42676296E-03
  4218.0000    	  4219.0000    	 0.82848460E-03	 0.31202952E-03
  4219.0000    	  4220.0000    	 0.12113237E-02	 0.39381404E-03
  4220.0000    	  4221.0000    	 0.31200953E-03	 0.20888939E-03
  4221.0000    	  4222.0000    	 0.66366555E-03	 0.28291998E-03
  4222.0000    	  4223.0000    	 0.43296785E-03	 0.33879611E-03
  4223.0000    	  4224.0000    	 0.63587065E-03	 0.41698589E-03
