# xi4
# underflow	  43.127255    	 0.12237379    
# overflow	 0.24903488    	 0.17284164E-01
# sum	  49.524033    	 0.16256746    
# xmin	xmax	cross	numerror
  3124.0000    	  3125.0000    	 0.81484075E-02	 0.33396191E-02
  3125.0000    	  3126.0000    	 0.12529017E-01	 0.53183744E-02
  3126.0000    	  3127.0000    	 0.11907328E-01	 0.49625018E-02
  3127.0000    	  3128.0000    	 0.54600528E-03	 0.30940072E-02
  3128.0000    	  3129.0000    	 0.16981257E-01	 0.51772971E-02
  3129.0000    	  3130.0000    	 0.39011785E-02	 0.57177384E-02
  3130.0000    	  3131.0000    	 0.24108709E-01	 0.61388348E-02
  3131.0000    	  3132.0000    	 0.23956874E-01	 0.62408052E-02
  3132.0000    	  3133.0000    	 0.68520015E-02	 0.54000517E-02
  3133.0000    	  3134.0000    	-0.24264713E-02	 0.49152652E-02
  3134.0000    	  3135.0000    	 0.29241990E-02	 0.48840265E-02
  3135.0000    	  3136.0000    	 0.11109553E-01	 0.42972165E-02
  3136.0000    	  3137.0000    	 0.18047838E-02	 0.37861360E-02
  3137.0000    	  3138.0000    	 0.84122774E-02	 0.47327477E-02
  3138.0000    	  3139.0000    	 0.18661492E-01	 0.54136297E-02
  3139.0000    	  3140.0000    	 0.48631198E-02	 0.50155294E-02
  3140.0000    	  3141.0000    	 0.20262644E-01	 0.50875942E-02
  3141.0000    	  3142.0000    	 0.14306464E-01	 0.54868478E-02
  3142.0000    	  3143.0000    	 0.22099919E-01	 0.68421233E-02
  3143.0000    	  3144.0000    	 0.27621708E-02	 0.57882229E-02
  3144.0000    	  3145.0000    	 0.47977155E-02	 0.44267947E-02
  3145.0000    	  3146.0000    	-0.19196697E-02	 0.41965680E-02
  3146.0000    	  3147.0000    	 0.74218056E-02	 0.39035208E-02
  3147.0000    	  3148.0000    	 0.10547070E-01	 0.29174487E-02
  3148.0000    	  3149.0000    	 0.99273544E-02	 0.34231486E-02
  3149.0000    	  3150.0000    	 0.13770734E-01	 0.51504882E-02
  3150.0000    	  3151.0000    	 0.15271969E-01	 0.54180416E-02
  3151.0000    	  3152.0000    	 0.16946111E-01	 0.45307728E-02
  3152.0000    	  3153.0000    	 0.84067514E-02	 0.59428084E-02
  3153.0000    	  3154.0000    	 0.15949010E-01	 0.51836837E-02
  3154.0000    	  3155.0000    	 0.16182248E-01	 0.56869124E-02
  3155.0000    	  3156.0000    	 0.14189677E-01	 0.56599735E-02
  3156.0000    	  3157.0000    	-0.43054384E-03	 0.43736713E-02
  3157.0000    	  3158.0000    	 0.11563138E-02	 0.37420661E-02
  3158.0000    	  3159.0000    	 0.13484871E-01	 0.43428379E-02
  3159.0000    	  3160.0000    	 0.13924265E-01	 0.59880406E-02
  3160.0000    	  3161.0000    	 0.90353991E-02	 0.41053448E-02
  3161.0000    	  3162.0000    	 0.16821680E-01	 0.50923528E-02
  3162.0000    	  3163.0000    	 0.16973236E-01	 0.63251070E-02
  3163.0000    	  3164.0000    	 0.43651274E-02	 0.50045079E-02
  3164.0000    	  3165.0000    	 0.20499293E-01	 0.64074353E-02
  3165.0000    	  3166.0000    	 0.22964079E-02	 0.57320375E-02
  3166.0000    	  3167.0000    	 0.57952191E-02	 0.58713512E-02
  3167.0000    	  3168.0000    	 0.78570076E-02	 0.44848028E-02
  3168.0000    	  3169.0000    	 0.31382701E-02	 0.36074943E-02
  3169.0000    	  3170.0000    	 0.33422575E-02	 0.39131666E-02
  3170.0000    	  3171.0000    	 0.12850007E-01	 0.45150609E-02
  3171.0000    	  3172.0000    	-0.49358239E-02	 0.51803009E-02
  3172.0000    	  3173.0000    	 0.12799614E-01	 0.43340726E-02
  3173.0000    	  3174.0000    	 0.26336073E-01	 0.59703754E-02
  3174.0000    	  3175.0000    	 0.20256394E-01	 0.66023680E-02
  3175.0000    	  3176.0000    	 0.14734460E-01	 0.58805665E-02
  3176.0000    	  3177.0000    	 0.26389693E-01	 0.59672587E-02
  3177.0000    	  3178.0000    	 0.97555311E-02	 0.55048070E-02
  3178.0000    	  3179.0000    	 0.15862368E-02	 0.45868224E-02
  3179.0000    	  3180.0000    	 0.17077761E-01	 0.59446578E-02
  3180.0000    	  3181.0000    	 0.14822008E-02	 0.16360243E-02
  3181.0000    	  3182.0000    	 0.67854706E-02	 0.57965094E-02
  3182.0000    	  3183.0000    	 0.11760692E-01	 0.57022390E-02
  3183.0000    	  3184.0000    	 0.24621512E-01	 0.52613055E-02
  3184.0000    	  3185.0000    	 0.32371424E-01	 0.64125460E-02
  3185.0000    	  3186.0000    	 0.28226130E-01	 0.68833405E-02
  3186.0000    	  3187.0000    	-0.45107655E-03	 0.60095226E-02
  3187.0000    	  3188.0000    	-0.15772832E-02	 0.50327746E-02
  3188.0000    	  3189.0000    	-0.54451133E-02	 0.49601399E-02
  3189.0000    	  3190.0000    	-0.56348118E-02	 0.37369331E-02
  3190.0000    	  3191.0000    	-0.44715384E-02	 0.48617512E-02
  3191.0000    	  3192.0000    	 0.23589819E-02	 0.31280343E-02
  3192.0000    	  3193.0000    	 0.94403834E-02	 0.45099831E-02
  3193.0000    	  3194.0000    	 0.54689130E-03	 0.55107731E-02
  3194.0000    	  3195.0000    	 0.14019134E-01	 0.37416620E-02
  3195.0000    	  3196.0000    	 0.20149884E-01	 0.39042570E-02
  3196.0000    	  3197.0000    	 0.10014631E-01	 0.60851784E-02
  3197.0000    	  3198.0000    	 0.14952144E-01	 0.57008556E-02
  3198.0000    	  3199.0000    	-0.48772830E-02	 0.43159127E-02
  3199.0000    	  3200.0000    	 0.12670926E-01	 0.45962701E-02
  3200.0000    	  3201.0000    	 0.75354392E-02	 0.42113985E-02
  3201.0000    	  3202.0000    	 0.12646516E-01	 0.55121481E-02
  3202.0000    	  3203.0000    	 0.10165892E-01	 0.51889225E-02
  3203.0000    	  3204.0000    	 0.11528073E-02	 0.20961819E-02
  3204.0000    	  3205.0000    	 0.61637447E-02	 0.55848869E-02
  3205.0000    	  3206.0000    	 0.25238979E-02	 0.54497871E-02
  3206.0000    	  3207.0000    	 0.10010127E-01	 0.50219931E-02
  3207.0000    	  3208.0000    	 0.15492079E-01	 0.63938700E-02
  3208.0000    	  3209.0000    	 0.16560589E-01	 0.55067367E-02
  3209.0000    	  3210.0000    	 0.10630078E-01	 0.50620994E-02
  3210.0000    	  3211.0000    	-0.26357603E-02	 0.49236335E-02
  3211.0000    	  3212.0000    	 0.53960310E-02	 0.43828712E-02
  3212.0000    	  3213.0000    	 0.76362502E-02	 0.40078650E-02
  3213.0000    	  3214.0000    	 0.20526502E-02	 0.38119004E-02
  3214.0000    	  3215.0000    	 0.15346347E-01	 0.52347427E-02
  3215.0000    	  3216.0000    	 0.99641400E-02	 0.49799927E-02
  3216.0000    	  3217.0000    	 0.30726287E-01	 0.57624771E-02
  3217.0000    	  3218.0000    	 0.31635038E-01	 0.56663932E-02
  3218.0000    	  3219.0000    	 0.10647338E-01	 0.48787188E-02
  3219.0000    	  3220.0000    	 0.21497597E-01	 0.66424986E-02
  3220.0000    	  3221.0000    	 0.15261251E-01	 0.49105045E-02
  3221.0000    	  3222.0000    	 0.11468896E-01	 0.52076761E-02
  3222.0000    	  3223.0000    	-0.14358560E-02	 0.50271976E-02
  3223.0000    	  3224.0000    	 0.53837158E-02	 0.43314486E-02
  3224.0000    	  3225.0000    	 0.61197167E-02	 0.27476357E-02
  3225.0000    	  3226.0000    	 0.22530388E-01	 0.53079093E-02
  3226.0000    	  3227.0000    	 0.18159563E-01	 0.52803718E-02
  3227.0000    	  3228.0000    	 0.12856263E-01	 0.50524156E-02
  3228.0000    	  3229.0000    	 0.10268715E-01	 0.54188041E-02
  3229.0000    	  3230.0000    	 0.40680809E-02	 0.46595638E-02
  3230.0000    	  3231.0000    	 0.20225591E-01	 0.63363427E-02
  3231.0000    	  3232.0000    	 0.12011490E-01	 0.51098544E-02
  3232.0000    	  3233.0000    	 0.34436731E-03	 0.59423286E-02
  3233.0000    	  3234.0000    	 0.14581414E-01	 0.44124373E-02
  3234.0000    	  3235.0000    	 0.14447730E-01	 0.47108478E-02
  3235.0000    	  3236.0000    	-0.12323119E-02	 0.28025986E-02
  3236.0000    	  3237.0000    	 0.78385982E-02	 0.15097616E-02
  3237.0000    	  3238.0000    	 0.10637654E-01	 0.42092825E-02
  3238.0000    	  3239.0000    	 0.14888483E-01	 0.49757319E-02
  3239.0000    	  3240.0000    	 0.48344718E-02	 0.59241713E-02
  3240.0000    	  3241.0000    	 0.30307927E-01	 0.53303991E-02
  3241.0000    	  3242.0000    	 0.11214651E-01	 0.55129374E-02
  3242.0000    	  3243.0000    	 0.83598516E-02	 0.46432016E-02
  3243.0000    	  3244.0000    	 0.23877863E-02	 0.55726879E-02
  3244.0000    	  3245.0000    	 0.10097910E-01	 0.49618382E-02
  3245.0000    	  3246.0000    	 0.57238433E-02	 0.26776599E-02
  3246.0000    	  3247.0000    	 0.11580673E-01	 0.40382796E-02
  3247.0000    	  3248.0000    	 0.27410930E-02	 0.45039547E-02
  3248.0000    	  3249.0000    	 0.69176151E-02	 0.45795373E-02
  3249.0000    	  3250.0000    	 0.12039793E-01	 0.55969086E-02
  3250.0000    	  3251.0000    	 0.24288721E-02	 0.57651835E-02
  3251.0000    	  3252.0000    	 0.14313942E-01	 0.48512110E-02
  3252.0000    	  3253.0000    	 0.16362676E-01	 0.51924114E-02
  3253.0000    	  3254.0000    	 0.27850171E-01	 0.54894889E-02
  3254.0000    	  3255.0000    	 0.63608562E-02	 0.53895632E-02
  3255.0000    	  3256.0000    	 0.78587855E-02	 0.53429076E-02
  3256.0000    	  3257.0000    	 0.42829891E-02	 0.35629742E-02
  3257.0000    	  3258.0000    	-0.68142390E-04	 0.10626397E-02
  3258.0000    	  3259.0000    	 0.65829185E-02	 0.41885276E-02
  3259.0000    	  3260.0000    	 0.10516539E-01	 0.55654786E-02
  3260.0000    	  3261.0000    	 0.17350617E-01	 0.44021231E-02
  3261.0000    	  3262.0000    	 0.31022208E-01	 0.53759947E-02
  3262.0000    	  3263.0000    	 0.19917609E-01	 0.55638758E-02
  3263.0000    	  3264.0000    	-0.56028279E-02	 0.43952015E-02
  3264.0000    	  3265.0000    	 0.21997228E-01	 0.54036666E-02
  3265.0000    	  3266.0000    	 0.11788227E-01	 0.52803746E-02
  3266.0000    	  3267.0000    	 0.70440958E-02	 0.43627707E-02
  3267.0000    	  3268.0000    	 0.15746655E-02	 0.39592259E-02
  3268.0000    	  3269.0000    	 0.74653872E-03	 0.57775301E-03
  3269.0000    	  3270.0000    	 0.21289638E-02	 0.24863845E-02
  3270.0000    	  3271.0000    	-0.30445970E-02	 0.39040037E-02
  3271.0000    	  3272.0000    	 0.18781807E-01	 0.41536503E-02
  3272.0000    	  3273.0000    	 0.12785647E-01	 0.52422988E-02
  3273.0000    	  3274.0000    	 0.20705728E-01	 0.57502581E-02
  3274.0000    	  3275.0000    	 0.26067246E-01	 0.42972810E-02
  3275.0000    	  3276.0000    	 0.68667289E-02	 0.46670434E-02
  3276.0000    	  3277.0000    	 0.14353805E-01	 0.60491047E-02
  3277.0000    	  3278.0000    	 0.82099679E-02	 0.43758991E-02
  3278.0000    	  3279.0000    	 0.11167501E-01	 0.31336537E-02
  3279.0000    	  3280.0000    	 0.91393437E-02	 0.40421284E-02
  3280.0000    	  3281.0000    	 0.83328180E-02	 0.35534632E-02
  3281.0000    	  3282.0000    	 0.35208975E-02	 0.20803271E-02
  3282.0000    	  3283.0000    	 0.47992439E-02	 0.41622250E-02
  3283.0000    	  3284.0000    	 0.45498078E-02	 0.33708199E-02
  3284.0000    	  3285.0000    	 0.12213550E-01	 0.50547412E-02
  3285.0000    	  3286.0000    	 0.14031268E-01	 0.40191484E-02
  3286.0000    	  3287.0000    	-0.12387696E-01	 0.43148652E-02
  3287.0000    	  3288.0000    	 0.14113435E-01	 0.49332238E-02
  3288.0000    	  3289.0000    	 0.93276267E-02	 0.45691900E-02
  3289.0000    	  3290.0000    	 0.70273673E-02	 0.34536039E-02
  3290.0000    	  3291.0000    	-0.14748438E-02	 0.10464448E-02
  3291.0000    	  3292.0000    	 0.72898081E-02	 0.42670342E-02
  3292.0000    	  3293.0000    	 0.18590398E-01	 0.47577768E-02
  3293.0000    	  3294.0000    	 0.13391067E-01	 0.48016168E-02
  3294.0000    	  3295.0000    	 0.84416290E-02	 0.52867816E-02
  3295.0000    	  3296.0000    	 0.24469366E-01	 0.63303242E-02
  3296.0000    	  3297.0000    	 0.24702363E-02	 0.54897486E-02
  3297.0000    	  3298.0000    	 0.23870155E-02	 0.52996071E-02
  3298.0000    	  3299.0000    	 0.24002841E-02	 0.42656878E-02
  3299.0000    	  3300.0000    	 0.94596596E-02	 0.27632109E-02
  3300.0000    	  3301.0000    	-0.14691779E-03	 0.20961928E-02
  3301.0000    	  3302.0000    	 0.86443886E-02	 0.28510960E-02
  3302.0000    	  3303.0000    	 0.18398690E-02	 0.30602653E-02
  3303.0000    	  3304.0000    	 0.12877839E-01	 0.42632300E-02
  3304.0000    	  3305.0000    	 0.41224198E-02	 0.36189587E-02
  3305.0000    	  3306.0000    	 0.96720046E-02	 0.40679213E-02
  3306.0000    	  3307.0000    	 0.17488779E-01	 0.41224852E-02
  3307.0000    	  3308.0000    	 0.17551941E-02	 0.49482729E-02
  3308.0000    	  3309.0000    	 0.34840940E-01	 0.58523289E-02
  3309.0000    	  3310.0000    	 0.24322064E-02	 0.60657585E-02
  3310.0000    	  3311.0000    	 0.11882465E-01	 0.45261361E-02
  3311.0000    	  3312.0000    	 0.98233664E-02	 0.40397561E-02
  3312.0000    	  3313.0000    	 0.36947845E-02	 0.34724508E-02
  3313.0000    	  3314.0000    	 0.13338602E-01	 0.43004845E-02
  3314.0000    	  3315.0000    	 0.13087004E-01	 0.46385695E-02
  3315.0000    	  3316.0000    	 0.14635157E-01	 0.55666909E-02
  3316.0000    	  3317.0000    	 0.10711784E-01	 0.43545994E-02
  3317.0000    	  3318.0000    	-0.81313465E-02	 0.48133358E-02
  3318.0000    	  3319.0000    	 0.19182688E-01	 0.56052708E-02
  3319.0000    	  3320.0000    	 0.73776425E-02	 0.43945918E-02
  3320.0000    	  3321.0000    	 0.56874452E-02	 0.48386057E-02
  3321.0000    	  3322.0000    	-0.17005855E-04	 0.35852170E-02
  3322.0000    	  3323.0000    	 0.41259826E-02	 0.31145384E-02
  3323.0000    	  3324.0000    	 0.81142339E-02	 0.32403787E-02
  3324.0000    	  3325.0000    	 0.11606762E-01	 0.36114879E-02
  3325.0000    	  3326.0000    	 0.81880730E-02	 0.44606998E-02
  3326.0000    	  3327.0000    	 0.13778921E-01	 0.56668664E-02
  3327.0000    	  3328.0000    	 0.14914287E-02	 0.45311405E-02
  3328.0000    	  3329.0000    	 0.22056895E-01	 0.46413113E-02
  3329.0000    	  3330.0000    	 0.21526263E-01	 0.57359382E-02
  3330.0000    	  3331.0000    	 0.27943983E-02	 0.56391320E-02
  3331.0000    	  3332.0000    	 0.11474931E-01	 0.51197485E-02
  3332.0000    	  3333.0000    	 0.25319488E-02	 0.37169877E-02
  3333.0000    	  3334.0000    	 0.67690355E-02	 0.39000011E-02
  3334.0000    	  3335.0000    	 0.12818153E-01	 0.40667589E-02
  3335.0000    	  3336.0000    	 0.10473852E-01	 0.34029500E-02
  3336.0000    	  3337.0000    	-0.83146540E-03	 0.14405452E-02
  3337.0000    	  3338.0000    	-0.42682053E-02	 0.40491365E-02
  3338.0000    	  3339.0000    	 0.13896432E-01	 0.42706566E-02
  3339.0000    	  3340.0000    	 0.14247177E-01	 0.34622652E-02
  3340.0000    	  3341.0000    	 0.11518541E-01	 0.53538167E-02
  3341.0000    	  3342.0000    	 0.18746439E-01	 0.42698843E-02
  3342.0000    	  3343.0000    	 0.10661166E-01	 0.43373637E-02
  3343.0000    	  3344.0000    	 0.54966398E-02	 0.44757961E-02
  3344.0000    	  3345.0000    	 0.37102851E-02	 0.22137654E-02
  3345.0000    	  3346.0000    	 0.63204694E-03	 0.29563502E-02
  3346.0000    	  3347.0000    	 0.11690760E-01	 0.50716008E-02
  3347.0000    	  3348.0000    	 0.27452895E-01	 0.60614870E-02
  3348.0000    	  3349.0000    	 0.69902301E-02	 0.24303413E-02
  3349.0000    	  3350.0000    	-0.23402172E-02	 0.27229153E-02
  3350.0000    	  3351.0000    	-0.13232014E-02	 0.40728948E-02
  3351.0000    	  3352.0000    	 0.12719701E-01	 0.47269692E-02
  3352.0000    	  3353.0000    	 0.21998219E-01	 0.47891948E-02
  3353.0000    	  3354.0000    	-0.61097433E-03	 0.43474677E-02
  3354.0000    	  3355.0000    	-0.80363268E-02	 0.29365449E-02
  3355.0000    	  3356.0000    	 0.96382172E-02	 0.30952469E-02
  3356.0000    	  3357.0000    	 0.23489174E-02	 0.32729106E-02
  3357.0000    	  3358.0000    	 0.82278976E-03	 0.27459544E-02
  3358.0000    	  3359.0000    	 0.10231427E-01	 0.40648691E-02
  3359.0000    	  3360.0000    	 0.17649856E-02	 0.30361963E-02
  3360.0000    	  3361.0000    	 0.32837749E-02	 0.50991406E-02
  3361.0000    	  3362.0000    	 0.12381859E-01	 0.43192468E-02
  3362.0000    	  3363.0000    	 0.42529091E-02	 0.41089438E-02
  3363.0000    	  3364.0000    	 0.12502824E-01	 0.41617578E-02
  3364.0000    	  3365.0000    	 0.95501887E-02	 0.39151406E-02
  3365.0000    	  3366.0000    	 0.59123105E-03	 0.34529665E-02
  3366.0000    	  3367.0000    	 0.11639673E-01	 0.34071373E-02
  3367.0000    	  3368.0000    	 0.24835850E-02	 0.36447563E-02
  3368.0000    	  3369.0000    	 0.81297353E-02	 0.24982873E-02
  3369.0000    	  3370.0000    	 0.13051693E-02	 0.30120537E-02
  3370.0000    	  3371.0000    	 0.15490138E-01	 0.27011134E-02
  3371.0000    	  3372.0000    	 0.79583897E-02	 0.31958579E-02
  3372.0000    	  3373.0000    	 0.48017120E-02	 0.34884836E-02
  3373.0000    	  3374.0000    	-0.82078381E-03	 0.37194920E-02
  3374.0000    	  3375.0000    	 0.23123107E-01	 0.49809003E-02
  3375.0000    	  3376.0000    	 0.11439633E-01	 0.45051727E-02
  3376.0000    	  3377.0000    	 0.10334093E-01	 0.42870762E-02
  3377.0000    	  3378.0000    	 0.38921066E-02	 0.29586537E-02
  3378.0000    	  3379.0000    	 0.39607497E-02	 0.13618410E-02
  3379.0000    	  3380.0000    	 0.15820465E-03	 0.25388781E-02
  3380.0000    	  3381.0000    	-0.29319613E-03	 0.29290838E-02
  3381.0000    	  3382.0000    	 0.15321168E-02	 0.32339832E-02
  3382.0000    	  3383.0000    	 0.13784945E-01	 0.43452284E-02
  3383.0000    	  3384.0000    	 0.17765277E-01	 0.47096531E-02
  3384.0000    	  3385.0000    	-0.32192999E-02	 0.47879944E-02
  3385.0000    	  3386.0000    	 0.78460128E-02	 0.36558025E-02
  3386.0000    	  3387.0000    	 0.73975899E-02	 0.40623820E-02
  3387.0000    	  3388.0000    	 0.10378930E-02	 0.39641521E-02
  3388.0000    	  3389.0000    	 0.31467986E-02	 0.15291972E-02
  3389.0000    	  3390.0000    	 0.10523060E-01	 0.33000752E-02
  3390.0000    	  3391.0000    	 0.12519116E-01	 0.41059400E-02
  3391.0000    	  3392.0000    	 0.43062500E-02	 0.33494732E-02
  3392.0000    	  3393.0000    	 0.18054461E-01	 0.40800435E-02
  3393.0000    	  3394.0000    	 0.56338612E-02	 0.37126905E-02
  3394.0000    	  3395.0000    	 0.22026606E-01	 0.48166452E-02
  3395.0000    	  3396.0000    	 0.17034552E-01	 0.50476452E-02
  3396.0000    	  3397.0000    	 0.17330620E-01	 0.43748720E-02
  3397.0000    	  3398.0000    	-0.26380668E-02	 0.37329791E-02
  3398.0000    	  3399.0000    	-0.41665055E-02	 0.34288760E-02
  3399.0000    	  3400.0000    	 0.29103196E-02	 0.10756557E-02
  3400.0000    	  3401.0000    	 0.22558428E-02	 0.29197352E-02
  3401.0000    	  3402.0000    	 0.13771629E-01	 0.32594207E-02
  3402.0000    	  3403.0000    	 0.94113435E-02	 0.50899500E-02
  3403.0000    	  3404.0000    	 0.12572062E-01	 0.47789277E-02
  3404.0000    	  3405.0000    	 0.86192682E-02	 0.35799916E-02
  3405.0000    	  3406.0000    	 0.10966304E-01	 0.37541205E-02
  3406.0000    	  3407.0000    	 0.60357351E-02	 0.31747803E-02
  3407.0000    	  3408.0000    	-0.47229703E-02	 0.40069450E-02
  3408.0000    	  3409.0000    	 0.11760130E-01	 0.40481233E-02
  3409.0000    	  3410.0000    	 0.53312922E-03	 0.47250852E-02
  3410.0000    	  3411.0000    	 0.55388773E-02	 0.19284326E-02
  3411.0000    	  3412.0000    	 0.17396812E-02	 0.17807896E-02
  3412.0000    	  3413.0000    	 0.12450814E-02	 0.25438483E-02
  3413.0000    	  3414.0000    	 0.13672063E-01	 0.37645274E-02
  3414.0000    	  3415.0000    	-0.11689718E-02	 0.29001066E-02
  3415.0000    	  3416.0000    	 0.66387743E-02	 0.39916511E-02
  3416.0000    	  3417.0000    	 0.26793856E-01	 0.47899741E-02
  3417.0000    	  3418.0000    	 0.23439029E-01	 0.42209601E-02
  3418.0000    	  3419.0000    	-0.17117161E-03	 0.31525196E-02
  3419.0000    	  3420.0000    	 0.15240329E-01	 0.44319369E-02
  3420.0000    	  3421.0000    	 0.36342691E-03	 0.28795365E-02
  3421.0000    	  3422.0000    	 0.16874080E-02	 0.12933209E-02
  3422.0000    	  3423.0000    	 0.81656920E-02	 0.30384650E-02
  3423.0000    	  3424.0000    	 0.46993524E-02	 0.26708475E-02
  3424.0000    	  3425.0000    	 0.25408414E-02	 0.29172778E-02
  3425.0000    	  3426.0000    	 0.58198091E-02	 0.38306344E-02
  3426.0000    	  3427.0000    	 0.20429976E-01	 0.47298668E-02
  3427.0000    	  3428.0000    	 0.10846933E-01	 0.42605646E-02
  3428.0000    	  3429.0000    	 0.13154474E-01	 0.36727049E-02
  3429.0000    	  3430.0000    	-0.16552922E-02	 0.39587203E-02
  3430.0000    	  3431.0000    	 0.10519948E-01	 0.34516971E-02
  3431.0000    	  3432.0000    	-0.15658230E-02	 0.40153740E-02
  3432.0000    	  3433.0000    	 0.21887356E-02	 0.80679341E-03
  3433.0000    	  3434.0000    	 0.64417835E-02	 0.22897975E-02
  3434.0000    	  3435.0000    	 0.26440265E-02	 0.41300444E-02
  3435.0000    	  3436.0000    	 0.18091155E-02	 0.20165825E-02
  3436.0000    	  3437.0000    	 0.64465827E-02	 0.21484566E-02
  3437.0000    	  3438.0000    	 0.18615310E-02	 0.28949959E-02
  3438.0000    	  3439.0000    	 0.59123071E-02	 0.42713040E-02
  3439.0000    	  3440.0000    	 0.16947500E-01	 0.46532303E-02
  3440.0000    	  3441.0000    	 0.88699992E-02	 0.43451176E-02
  3441.0000    	  3442.0000    	 0.17054314E-02	 0.32675167E-02
  3442.0000    	  3443.0000    	 0.42737947E-04	 0.38069074E-02
  3443.0000    	  3444.0000    	 0.45271420E-04	 0.10292322E-02
  3444.0000    	  3445.0000    	 0.70235224E-02	 0.39082884E-02
  3445.0000    	  3446.0000    	 0.89713098E-02	 0.39979781E-02
  3446.0000    	  3447.0000    	 0.62410843E-02	 0.34930879E-02
  3447.0000    	  3448.0000    	 0.10029243E-01	 0.31548543E-02
  3448.0000    	  3449.0000    	 0.10124309E-01	 0.34994922E-02
  3449.0000    	  3450.0000    	 0.12153684E-01	 0.43808752E-02
  3450.0000    	  3451.0000    	 0.10903027E-01	 0.44745283E-02
  3451.0000    	  3452.0000    	 0.83010740E-04	 0.39898058E-02
  3452.0000    	  3453.0000    	 0.10347126E-01	 0.40409762E-02
  3453.0000    	  3454.0000    	 0.97655506E-02	 0.40033034E-02
  3454.0000    	  3455.0000    	 0.12319399E-02	 0.74880656E-03
  3455.0000    	  3456.0000    	 0.56555204E-02	 0.18615068E-02
  3456.0000    	  3457.0000    	 0.14545791E-01	 0.46084279E-02
  3457.0000    	  3458.0000    	 0.15978299E-02	 0.35993742E-02
  3458.0000    	  3459.0000    	 0.15888495E-01	 0.58005347E-02
  3459.0000    	  3460.0000    	 0.10047227E-01	 0.36440854E-02
  3460.0000    	  3461.0000    	 0.13693808E-01	 0.47421171E-02
  3461.0000    	  3462.0000    	 0.16155088E-01	 0.37703730E-02
  3462.0000    	  3463.0000    	 0.15171135E-01	 0.35957666E-02
  3463.0000    	  3464.0000    	 0.27946196E-02	 0.43903882E-02
  3464.0000    	  3465.0000    	 0.15816692E-02	 0.35997170E-02
  3465.0000    	  3466.0000    	 0.83310381E-02	 0.35290529E-02
  3466.0000    	  3467.0000    	-0.14840849E-02	 0.26699974E-02
  3467.0000    	  3468.0000    	 0.56950144E-02	 0.28390394E-02
  3468.0000    	  3469.0000    	 0.47534850E-02	 0.37303076E-02
  3469.0000    	  3470.0000    	 0.65760874E-02	 0.35413146E-02
  3470.0000    	  3471.0000    	 0.38282325E-02	 0.32468973E-02
  3471.0000    	  3472.0000    	 0.30518016E-02	 0.32889102E-02
  3472.0000    	  3473.0000    	 0.14190567E-01	 0.46440008E-02
  3473.0000    	  3474.0000    	 0.98193828E-02	 0.37411408E-02
  3474.0000    	  3475.0000    	 0.11409539E-01	 0.47923765E-02
  3475.0000    	  3476.0000    	 0.10896530E-01	 0.26266061E-02
  3476.0000    	  3477.0000    	 0.10507375E-01	 0.20218653E-02
  3477.0000    	  3478.0000    	 0.35399805E-02	 0.14903164E-02
  3478.0000    	  3479.0000    	-0.12864428E-03	 0.13334917E-02
  3479.0000    	  3480.0000    	 0.79948080E-02	 0.19087815E-02
  3480.0000    	  3481.0000    	 0.13744280E-01	 0.55894346E-02
  3481.0000    	  3482.0000    	 0.18553978E-01	 0.45612482E-02
  3482.0000    	  3483.0000    	 0.78042027E-02	 0.30932096E-02
  3483.0000    	  3484.0000    	 0.12032419E-01	 0.38287782E-02
  3484.0000    	  3485.0000    	 0.14564675E-04	 0.40011306E-02
  3485.0000    	  3486.0000    	 0.11867657E-01	 0.26316825E-02
  3486.0000    	  3487.0000    	-0.16287471E-02	 0.37721002E-02
  3487.0000    	  3488.0000    	 0.25536849E-02	 0.20216658E-02
  3488.0000    	  3489.0000    	 0.31098114E-02	 0.18234980E-02
  3489.0000    	  3490.0000    	 0.27438764E-02	 0.23782747E-02
  3490.0000    	  3491.0000    	 0.66267739E-02	 0.39317595E-02
  3491.0000    	  3492.0000    	 0.49311621E-02	 0.41944481E-02
  3492.0000    	  3493.0000    	 0.32636420E-02	 0.29897340E-02
  3493.0000    	  3494.0000    	-0.11116424E-02	 0.11522445E-02
  3494.0000    	  3495.0000    	 0.17749065E-01	 0.48193949E-02
  3495.0000    	  3496.0000    	 0.17395519E-01	 0.32583151E-02
  3496.0000    	  3497.0000    	 0.21825132E-02	 0.37995670E-02
  3497.0000    	  3498.0000    	 0.68204817E-02	 0.35389212E-02
  3498.0000    	  3499.0000    	 0.35495059E-02	 0.24329348E-02
  3499.0000    	  3500.0000    	 0.15194367E-01	 0.35707263E-02
  3500.0000    	  3501.0000    	 0.44806290E-02	 0.34758434E-02
  3501.0000    	  3502.0000    	 0.19880278E-01	 0.35029322E-02
  3502.0000    	  3503.0000    	 0.10416674E-01	 0.40622900E-02
  3503.0000    	  3504.0000    	 0.54818449E-02	 0.35300115E-02
  3504.0000    	  3505.0000    	 0.12723769E-01	 0.40914337E-02
  3505.0000    	  3506.0000    	 0.19588592E-02	 0.44610741E-02
  3506.0000    	  3507.0000    	 0.78756211E-02	 0.47610111E-02
  3507.0000    	  3508.0000    	 0.13380626E-01	 0.31607633E-02
  3508.0000    	  3509.0000    	 0.26895825E-03	 0.38724911E-02
  3509.0000    	  3510.0000    	-0.74400700E-04	 0.60898105E-03
  3510.0000    	  3511.0000    	 0.73363008E-02	 0.20072927E-02
  3511.0000    	  3512.0000    	 0.11181163E-01	 0.42818487E-02
  3512.0000    	  3513.0000    	 0.39615017E-02	 0.22150734E-02
  3513.0000    	  3514.0000    	 0.61473218E-02	 0.34038025E-02
  3514.0000    	  3515.0000    	 0.15881080E-01	 0.36946554E-02
  3515.0000    	  3516.0000    	 0.19637393E-01	 0.44699277E-02
  3516.0000    	  3517.0000    	 0.56224030E-02	 0.47474440E-02
  3517.0000    	  3518.0000    	 0.10773052E-01	 0.44128419E-02
  3518.0000    	  3519.0000    	 0.20762974E-02	 0.25775369E-02
  3519.0000    	  3520.0000    	-0.16830479E-02	 0.27831218E-02
  3520.0000    	  3521.0000    	 0.96739316E-02	 0.33541469E-02
  3521.0000    	  3522.0000    	 0.51875403E-02	 0.18415844E-02
  3522.0000    	  3523.0000    	 0.27194105E-02	 0.28991862E-02
  3523.0000    	  3524.0000    	 0.17988656E-01	 0.40745113E-02
  3524.0000    	  3525.0000    	 0.85883154E-02	 0.20058428E-02
  3525.0000    	  3526.0000    	 0.34007072E-02	 0.37893611E-02
  3526.0000    	  3527.0000    	 0.36690654E-02	 0.42609594E-02
  3527.0000    	  3528.0000    	 0.50070964E-02	 0.36057563E-02
  3528.0000    	  3529.0000    	 0.63632863E-02	 0.33835945E-02
  3529.0000    	  3530.0000    	 0.21319543E-02	 0.29975393E-02
  3530.0000    	  3531.0000    	-0.32738946E-02	 0.31634642E-02
  3531.0000    	  3532.0000    	 0.85993729E-02	 0.32226568E-02
  3532.0000    	  3533.0000    	 0.34401018E-02	 0.25734730E-02
  3533.0000    	  3534.0000    	 0.40054799E-02	 0.25535930E-02
  3534.0000    	  3535.0000    	 0.10235109E-01	 0.43612331E-02
  3535.0000    	  3536.0000    	 0.50966704E-02	 0.32583114E-02
  3536.0000    	  3537.0000    	 0.69031473E-02	 0.38072872E-02
  3537.0000    	  3538.0000    	 0.39460815E-02	 0.42218728E-02
  3538.0000    	  3539.0000    	 0.16541051E-01	 0.47147617E-02
  3539.0000    	  3540.0000    	 0.11433137E-01	 0.41535900E-02
  3540.0000    	  3541.0000    	 0.86055606E-03	 0.20107790E-02
  3541.0000    	  3542.0000    	 0.38491200E-02	 0.37377611E-02
  3542.0000    	  3543.0000    	 0.10663888E-01	 0.25981094E-02
  3543.0000    	  3544.0000    	 0.66463047E-02	 0.34721837E-02
  3544.0000    	  3545.0000    	 0.66667093E-02	 0.28227909E-02
  3545.0000    	  3546.0000    	 0.11390190E-01	 0.33035184E-02
  3546.0000    	  3547.0000    	 0.10468106E-01	 0.33967662E-02
  3547.0000    	  3548.0000    	 0.53878776E-02	 0.38942333E-02
  3548.0000    	  3549.0000    	 0.85560929E-02	 0.28182959E-02
  3549.0000    	  3550.0000    	 0.44858762E-02	 0.22156201E-02
  3550.0000    	  3551.0000    	 0.18064497E-01	 0.36210377E-02
  3551.0000    	  3552.0000    	 0.34617224E-02	 0.40281765E-02
  3552.0000    	  3553.0000    	 0.24893973E-02	 0.34490453E-02
  3553.0000    	  3554.0000    	 0.87434005E-02	 0.29388826E-02
  3554.0000    	  3555.0000    	 0.51701214E-02	 0.19134957E-02
  3555.0000    	  3556.0000    	 0.13165064E-01	 0.23663565E-02
  3556.0000    	  3557.0000    	 0.12655238E-01	 0.37577403E-02
  3557.0000    	  3558.0000    	 0.13961199E-01	 0.38474341E-02
  3558.0000    	  3559.0000    	 0.11813840E-01	 0.27856294E-02
  3559.0000    	  3560.0000    	 0.51385519E-02	 0.30774827E-02
  3560.0000    	  3561.0000    	 0.13053318E-01	 0.40976843E-02
  3561.0000    	  3562.0000    	-0.20065620E-03	 0.43999423E-02
  3562.0000    	  3563.0000    	 0.12151613E-01	 0.30764981E-02
  3563.0000    	  3564.0000    	-0.40336570E-03	 0.26229057E-02
  3564.0000    	  3565.0000    	 0.53869240E-03	 0.12225303E-02
  3565.0000    	  3566.0000    	 0.11509024E-01	 0.29376082E-02
  3566.0000    	  3567.0000    	 0.29521126E-02	 0.22553020E-02
  3567.0000    	  3568.0000    	 0.19982600E-01	 0.41465188E-02
  3568.0000    	  3569.0000    	 0.18782296E-02	 0.24785978E-02
  3569.0000    	  3570.0000    	 0.10219634E-01	 0.43588193E-02
  3570.0000    	  3571.0000    	 0.84503938E-03	 0.46346624E-02
  3571.0000    	  3572.0000    	 0.12698865E-01	 0.26969085E-02
  3572.0000    	  3573.0000    	 0.99849522E-02	 0.44475037E-02
  3573.0000    	  3574.0000    	 0.60598781E-02	 0.32399671E-02
  3574.0000    	  3575.0000    	-0.18176657E-02	 0.28375652E-02
  3575.0000    	  3576.0000    	 0.27575508E-02	 0.16798893E-02
  3576.0000    	  3577.0000    	 0.42789667E-02	 0.29107416E-02
  3577.0000    	  3578.0000    	 0.13034569E-02	 0.18991852E-02
  3578.0000    	  3579.0000    	 0.11066272E-01	 0.38131153E-02
  3579.0000    	  3580.0000    	 0.52541304E-02	 0.35396591E-02
  3580.0000    	  3581.0000    	 0.87191697E-02	 0.27442004E-02
  3581.0000    	  3582.0000    	 0.14076647E-01	 0.43217569E-02
  3582.0000    	  3583.0000    	 0.52876046E-02	 0.32304920E-02
  3583.0000    	  3584.0000    	 0.46956749E-03	 0.37042049E-02
  3584.0000    	  3585.0000    	-0.98308613E-03	 0.19883384E-02
  3585.0000    	  3586.0000    	 0.61937860E-02	 0.19320255E-02
  3586.0000    	  3587.0000    	 0.63873843E-03	 0.16711344E-02
  3587.0000    	  3588.0000    	 0.18457925E-02	 0.17451973E-02
  3588.0000    	  3589.0000    	 0.55228280E-02	 0.32511628E-02
  3589.0000    	  3590.0000    	 0.23091363E-02	 0.25304395E-02
  3590.0000    	  3591.0000    	 0.12703712E-01	 0.32800368E-02
  3591.0000    	  3592.0000    	 0.85353035E-02	 0.44659912E-02
  3592.0000    	  3593.0000    	 0.11016013E-01	 0.41094283E-02
  3593.0000    	  3594.0000    	 0.73228159E-02	 0.43862035E-02
  3594.0000    	  3595.0000    	 0.77485134E-02	 0.33621636E-02
  3595.0000    	  3596.0000    	 0.71023076E-02	 0.32578074E-02
  3596.0000    	  3597.0000    	 0.93510495E-02	 0.32854338E-02
  3597.0000    	  3598.0000    	 0.40218364E-02	 0.14387628E-02
  3598.0000    	  3599.0000    	 0.23718814E-02	 0.17011664E-02
  3599.0000    	  3600.0000    	 0.41769780E-02	 0.25409993E-02
  3600.0000    	  3601.0000    	 0.37017835E-03	 0.73668628E-03
  3601.0000    	  3602.0000    	 0.12440513E-01	 0.42637313E-02
  3602.0000    	  3603.0000    	 0.94441323E-02	 0.40947420E-02
  3603.0000    	  3604.0000    	 0.10755240E-01	 0.40511981E-02
  3604.0000    	  3605.0000    	 0.27022642E-03	 0.23033914E-02
  3605.0000    	  3606.0000    	 0.11164912E-01	 0.30109930E-02
  3606.0000    	  3607.0000    	-0.17098574E-02	 0.15249413E-02
  3607.0000    	  3608.0000    	-0.39707095E-02	 0.17581084E-02
  3608.0000    	  3609.0000    	 0.89061967E-03	 0.61250880E-03
  3609.0000    	  3610.0000    	 0.50978463E-03	 0.11951015E-02
  3610.0000    	  3611.0000    	 0.63299086E-02	 0.38071018E-02
  3611.0000    	  3612.0000    	 0.29961859E-02	 0.12738061E-02
  3612.0000    	  3613.0000    	 0.58354848E-02	 0.29891261E-02
  3613.0000    	  3614.0000    	 0.14423437E-01	 0.41036850E-02
  3614.0000    	  3615.0000    	 0.63157460E-02	 0.40642597E-02
  3615.0000    	  3616.0000    	 0.98078166E-02	 0.28121675E-02
  3616.0000    	  3617.0000    	-0.14755559E-02	 0.36549358E-02
  3617.0000    	  3618.0000    	 0.43622401E-02	 0.31584337E-02
  3618.0000    	  3619.0000    	 0.86046187E-02	 0.27533665E-02
  3619.0000    	  3620.0000    	 0.86527210E-02	 0.28878243E-02
  3620.0000    	  3621.0000    	 0.68057633E-03	 0.37663148E-03
  3621.0000    	  3622.0000    	 0.37102414E-02	 0.26923210E-02
  3622.0000    	  3623.0000    	 0.12586156E-01	 0.28807212E-02
  3623.0000    	  3624.0000    	 0.51593593E-02	 0.33111083E-02
  3624.0000    	  3625.0000    	 0.75107140E-02	 0.37452320E-02
  3625.0000    	  3626.0000    	 0.12270609E-01	 0.34236763E-02
  3626.0000    	  3627.0000    	 0.71076039E-02	 0.25366713E-02
  3627.0000    	  3628.0000    	 0.18170064E-01	 0.41020655E-02
  3628.0000    	  3629.0000    	 0.67059914E-02	 0.32736432E-02
  3629.0000    	  3630.0000    	-0.26134716E-02	 0.21796907E-02
  3630.0000    	  3631.0000    	 0.88939960E-03	 0.63500279E-03
  3631.0000    	  3632.0000    	 0.37654117E-02	 0.21344810E-02
  3632.0000    	  3633.0000    	 0.41824965E-02	 0.33521023E-02
  3633.0000    	  3634.0000    	 0.68977512E-03	 0.30937982E-03
  3634.0000    	  3635.0000    	 0.50610988E-03	 0.28959565E-02
  3635.0000    	  3636.0000    	 0.31296748E-02	 0.26920781E-02
  3636.0000    	  3637.0000    	 0.14246845E-01	 0.31227113E-02
  3637.0000    	  3638.0000    	 0.11596135E-02	 0.32847762E-02
  3638.0000    	  3639.0000    	 0.14642028E-02	 0.29768411E-02
  3639.0000    	  3640.0000    	 0.57760385E-02	 0.27791121E-02
  3640.0000    	  3641.0000    	 0.35128807E-02	 0.20951940E-02
  3641.0000    	  3642.0000    	-0.15678985E-03	 0.30273557E-03
  3642.0000    	  3643.0000    	 0.69458243E-03	 0.20730505E-02
  3643.0000    	  3644.0000    	 0.74676949E-02	 0.20910174E-02
  3644.0000    	  3645.0000    	 0.46939304E-02	 0.24163710E-02
  3645.0000    	  3646.0000    	 0.28111251E-02	 0.12763835E-02
  3646.0000    	  3647.0000    	 0.18430993E-02	 0.30000407E-02
  3647.0000    	  3648.0000    	 0.70081842E-02	 0.40761662E-02
  3648.0000    	  3649.0000    	 0.45741499E-02	 0.35459402E-02
  3649.0000    	  3650.0000    	 0.52358227E-02	 0.28922429E-02
  3650.0000    	  3651.0000    	-0.68496162E-02	 0.24638308E-02
  3651.0000    	  3652.0000    	 0.52756546E-02	 0.22540262E-02
  3652.0000    	  3653.0000    	 0.47726989E-02	 0.12478923E-02
  3653.0000    	  3654.0000    	 0.29040324E-02	 0.19962524E-02
  3654.0000    	  3655.0000    	 0.31885362E-03	 0.69806442E-03
  3655.0000    	  3656.0000    	 0.13772874E-01	 0.24792006E-02
  3656.0000    	  3657.0000    	 0.28063368E-02	 0.30589076E-02
  3657.0000    	  3658.0000    	 0.22262177E-02	 0.19238869E-02
  3658.0000    	  3659.0000    	 0.87153698E-02	 0.25593434E-02
  3659.0000    	  3660.0000    	 0.24660851E-02	 0.19309629E-02
  3660.0000    	  3661.0000    	 0.11028660E-01	 0.37710686E-02
  3661.0000    	  3662.0000    	 0.54696178E-02	 0.28121829E-02
  3662.0000    	  3663.0000    	 0.22394833E-02	 0.29044345E-02
  3663.0000    	  3664.0000    	 0.45338222E-02	 0.21428853E-02
  3664.0000    	  3665.0000    	 0.77491738E-03	 0.11749890E-02
  3665.0000    	  3666.0000    	 0.44253963E-02	 0.29413688E-02
  3666.0000    	  3667.0000    	 0.60130321E-02	 0.35296995E-02
  3667.0000    	  3668.0000    	-0.17486910E-02	 0.17835315E-02
  3668.0000    	  3669.0000    	 0.38260220E-02	 0.19186826E-02
  3669.0000    	  3670.0000    	-0.26312019E-02	 0.23495314E-02
  3670.0000    	  3671.0000    	-0.48356384E-02	 0.35876794E-02
  3671.0000    	  3672.0000    	 0.72164647E-02	 0.33460884E-02
  3672.0000    	  3673.0000    	 0.58030989E-03	 0.14972403E-02
  3673.0000    	  3674.0000    	 0.25973486E-02	 0.19810057E-02
  3674.0000    	  3675.0000    	 0.75830677E-02	 0.24191603E-02
  3675.0000    	  3676.0000    	 0.89388857E-02	 0.21317069E-02
  3676.0000    	  3677.0000    	 0.69125195E-02	 0.22722920E-02
  3677.0000    	  3678.0000    	 0.34886039E-02	 0.29938937E-02
  3678.0000    	  3679.0000    	 0.11635368E-01	 0.40401813E-02
  3679.0000    	  3680.0000    	 0.78519580E-02	 0.21967661E-02
  3680.0000    	  3681.0000    	 0.80933464E-02	 0.29081465E-02
  3681.0000    	  3682.0000    	 0.50382940E-02	 0.24505174E-02
  3682.0000    	  3683.0000    	 0.31525514E-02	 0.36148327E-02
  3683.0000    	  3684.0000    	 0.63844722E-02	 0.18627784E-02
  3684.0000    	  3685.0000    	-0.13825911E-02	 0.21051877E-02
  3685.0000    	  3686.0000    	 0.14842152E-02	 0.14280342E-02
  3686.0000    	  3687.0000    	 0.40251671E-02	 0.20505996E-02
  3687.0000    	  3688.0000    	 0.16931192E-02	 0.18204952E-02
  3688.0000    	  3689.0000    	 0.73643124E-02	 0.24799067E-02
  3689.0000    	  3690.0000    	 0.17236898E-02	 0.24207593E-02
  3690.0000    	  3691.0000    	 0.10125608E-01	 0.29304976E-02
  3691.0000    	  3692.0000    	 0.61975550E-02	 0.30473282E-02
  3692.0000    	  3693.0000    	 0.66174658E-02	 0.27630973E-02
  3693.0000    	  3694.0000    	 0.10333246E-01	 0.11800793E-02
  3694.0000    	  3695.0000    	 0.60674034E-03	 0.17901598E-02
  3695.0000    	  3696.0000    	-0.31150112E-02	 0.18191662E-02
  3696.0000    	  3697.0000    	 0.32062145E-02	 0.18072650E-02
  3697.0000    	  3698.0000    	 0.26315572E-02	 0.82342089E-03
  3698.0000    	  3699.0000    	 0.33302499E-02	 0.14144646E-02
  3699.0000    	  3700.0000    	 0.93949628E-02	 0.26845031E-02
  3700.0000    	  3701.0000    	 0.57788756E-02	 0.31942983E-02
  3701.0000    	  3702.0000    	 0.48956717E-02	 0.32335451E-02
  3702.0000    	  3703.0000    	 0.12755159E-01	 0.32488831E-02
  3703.0000    	  3704.0000    	 0.62450718E-02	 0.33779569E-02
  3704.0000    	  3705.0000    	 0.49358172E-02	 0.30790939E-02
  3705.0000    	  3706.0000    	-0.63714879E-04	 0.48730178E-03
  3706.0000    	  3707.0000    	 0.23822061E-03	 0.97504362E-03
  3707.0000    	  3708.0000    	 0.21054790E-02	 0.17886157E-02
  3708.0000    	  3709.0000    	-0.43875085E-03	 0.21710817E-02
  3709.0000    	  3710.0000    	 0.37285639E-02	 0.32990498E-02
  3710.0000    	  3711.0000    	-0.47167480E-03	 0.23516549E-02
  3711.0000    	  3712.0000    	 0.13494996E-02	 0.23333670E-02
  3712.0000    	  3713.0000    	 0.33261280E-03	 0.20645667E-02
  3713.0000    	  3714.0000    	 0.22569834E-02	 0.31314396E-02
  3714.0000    	  3715.0000    	 0.52595285E-02	 0.29521211E-02
  3715.0000    	  3716.0000    	 0.92837479E-02	 0.27315985E-02
  3716.0000    	  3717.0000    	 0.25396998E-03	 0.28037595E-02
  3717.0000    	  3718.0000    	-0.36766848E-02	 0.22388134E-02
  3718.0000    	  3719.0000    	 0.49142050E-02	 0.22720567E-02
  3719.0000    	  3720.0000    	 0.30299735E-02	 0.15878109E-02
  3720.0000    	  3721.0000    	 0.34532062E-02	 0.13823478E-02
  3721.0000    	  3722.0000    	 0.85617854E-02	 0.25130651E-02
  3722.0000    	  3723.0000    	 0.52000286E-02	 0.20968435E-02
  3723.0000    	  3724.0000    	 0.47964057E-02	 0.27613661E-02
  3724.0000    	  3725.0000    	 0.29914922E-02	 0.24528705E-02
  3725.0000    	  3726.0000    	 0.54202077E-02	 0.30894251E-02
  3726.0000    	  3727.0000    	-0.29691092E-02	 0.26099092E-02
  3727.0000    	  3728.0000    	 0.27369048E-02	 0.19027277E-02
  3728.0000    	  3729.0000    	 0.70960625E-03	 0.28476585E-02
  3729.0000    	  3730.0000    	 0.44233215E-02	 0.28087010E-02
  3730.0000    	  3731.0000    	 0.34885784E-02	 0.18352976E-02
  3731.0000    	  3732.0000    	 0.44804228E-02	 0.22280058E-02
  3732.0000    	  3733.0000    	 0.14094697E-03	 0.23105068E-02
  3733.0000    	  3734.0000    	 0.20522877E-02	 0.24501109E-02
  3734.0000    	  3735.0000    	 0.10685453E-01	 0.32262558E-02
  3735.0000    	  3736.0000    	 0.12817903E-01	 0.38264804E-02
  3736.0000    	  3737.0000    	 0.70656049E-02	 0.27420816E-02
  3737.0000    	  3738.0000    	 0.18530819E-02	 0.33164626E-02
  3738.0000    	  3739.0000    	-0.17561157E-03	 0.20114065E-02
  3739.0000    	  3740.0000    	-0.99001149E-03	 0.10875528E-02
  3740.0000    	  3741.0000    	 0.21407566E-02	 0.16160355E-02
  3741.0000    	  3742.0000    	 0.73094695E-03	 0.85507527E-03
  3742.0000    	  3743.0000    	 0.97767536E-02	 0.32675507E-02
  3743.0000    	  3744.0000    	 0.37687843E-02	 0.27976359E-02
  3744.0000    	  3745.0000    	 0.24148551E-02	 0.29760367E-02
  3745.0000    	  3746.0000    	 0.77181981E-02	 0.33404436E-02
  3746.0000    	  3747.0000    	 0.41277262E-02	 0.26335815E-02
  3747.0000    	  3748.0000    	 0.49553897E-02	 0.39457251E-02
  3748.0000    	  3749.0000    	-0.13665186E-02	 0.33940692E-02
  3749.0000    	  3750.0000    	 0.11992160E-01	 0.34638551E-02
  3750.0000    	  3751.0000    	 0.61088305E-02	 0.25245741E-02
  3751.0000    	  3752.0000    	 0.59249734E-02	 0.18955655E-02
  3752.0000    	  3753.0000    	 0.52035392E-02	 0.17543667E-02
  3753.0000    	  3754.0000    	 0.30118237E-02	 0.21592228E-02
  3754.0000    	  3755.0000    	 0.49288428E-02	 0.23461400E-02
  3755.0000    	  3756.0000    	 0.17341250E-01	 0.29754639E-02
  3756.0000    	  3757.0000    	 0.98350073E-02	 0.29254193E-02
  3757.0000    	  3758.0000    	 0.85732341E-05	 0.17708728E-02
  3758.0000    	  3759.0000    	 0.10721871E-01	 0.22308051E-02
  3759.0000    	  3760.0000    	 0.26978506E-02	 0.33947006E-02
  3760.0000    	  3761.0000    	 0.66168934E-02	 0.20031309E-02
  3761.0000    	  3762.0000    	 0.77586885E-04	 0.11813968E-02
  3762.0000    	  3763.0000    	 0.41805345E-02	 0.15190943E-02
  3763.0000    	  3764.0000    	 0.57282005E-02	 0.25587069E-02
  3764.0000    	  3765.0000    	 0.78393252E-02	 0.37117369E-02
  3765.0000    	  3766.0000    	 0.57936164E-02	 0.27188787E-02
  3766.0000    	  3767.0000    	 0.13009714E-02	 0.27852629E-02
  3767.0000    	  3768.0000    	 0.56418004E-02	 0.23729136E-02
  3768.0000    	  3769.0000    	 0.52339812E-02	 0.28648681E-02
  3769.0000    	  3770.0000    	 0.10410603E-01	 0.18640714E-02
  3770.0000    	  3771.0000    	 0.51406063E-02	 0.30230878E-02
  3771.0000    	  3772.0000    	 0.67967051E-02	 0.29734126E-02
  3772.0000    	  3773.0000    	 0.23652663E-02	 0.90029280E-03
  3773.0000    	  3774.0000    	 0.24901075E-02	 0.13473996E-02
  3774.0000    	  3775.0000    	 0.64979186E-02	 0.18613689E-02
  3775.0000    	  3776.0000    	 0.18891381E-03	 0.11991586E-02
  3776.0000    	  3777.0000    	 0.25441186E-02	 0.21566153E-02
  3777.0000    	  3778.0000    	 0.52210119E-02	 0.24769710E-02
  3778.0000    	  3779.0000    	 0.11444558E-01	 0.36022670E-02
  3779.0000    	  3780.0000    	 0.70881722E-02	 0.31301800E-02
  3780.0000    	  3781.0000    	 0.66155807E-02	 0.33601907E-02
  3781.0000    	  3782.0000    	 0.11736763E-01	 0.37361476E-02
  3782.0000    	  3783.0000    	 0.83231433E-02	 0.20621272E-02
  3783.0000    	  3784.0000    	 0.52595099E-02	 0.19737922E-02
  3784.0000    	  3785.0000    	 0.55083286E-02	 0.15247931E-02
  3785.0000    	  3786.0000    	 0.29294703E-02	 0.17699457E-02
  3786.0000    	  3787.0000    	 0.72002368E-02	 0.21390384E-02
  3787.0000    	  3788.0000    	 0.78783349E-02	 0.29574092E-02
  3788.0000    	  3789.0000    	 0.42087253E-02	 0.20068378E-02
  3789.0000    	  3790.0000    	 0.19361129E-02	 0.36620608E-02
  3790.0000    	  3791.0000    	 0.22274861E-02	 0.25910735E-02
  3791.0000    	  3792.0000    	 0.12484077E-01	 0.34156343E-02
  3792.0000    	  3793.0000    	 0.82131618E-02	 0.35259530E-02
  3793.0000    	  3794.0000    	-0.10729708E-03	 0.18216869E-02
  3794.0000    	  3795.0000    	 0.46409243E-02	 0.18464907E-02
  3795.0000    	  3796.0000    	 0.91411431E-02	 0.23642050E-02
  3796.0000    	  3797.0000    	 0.32906365E-02	 0.14619474E-02
  3797.0000    	  3798.0000    	 0.51657044E-02	 0.18782108E-02
  3798.0000    	  3799.0000    	 0.17967235E-02	 0.17675689E-02
  3799.0000    	  3800.0000    	 0.85910458E-02	 0.28566333E-02
  3800.0000    	  3801.0000    	 0.63435307E-02	 0.29154370E-02
  3801.0000    	  3802.0000    	 0.66116166E-02	 0.39572688E-02
  3802.0000    	  3803.0000    	 0.62555165E-02	 0.37988215E-02
  3803.0000    	  3804.0000    	 0.11378957E-01	 0.36212515E-02
  3804.0000    	  3805.0000    	 0.22508806E-02	 0.19128535E-02
  3805.0000    	  3806.0000    	-0.12857026E-02	 0.11013689E-02
  3806.0000    	  3807.0000    	 0.56971128E-03	 0.45981630E-03
  3807.0000    	  3808.0000    	 0.27967563E-02	 0.12346106E-02
  3808.0000    	  3809.0000    	 0.62340300E-02	 0.21391607E-02
  3809.0000    	  3810.0000    	 0.91950885E-03	 0.21297163E-02
  3810.0000    	  3811.0000    	-0.39912123E-02	 0.24936204E-02
  3811.0000    	  3812.0000    	 0.74311611E-02	 0.22257397E-02
  3812.0000    	  3813.0000    	 0.13340358E-01	 0.26952057E-02
  3813.0000    	  3814.0000    	 0.39961287E-02	 0.34439890E-02
  3814.0000    	  3815.0000    	 0.96491900E-02	 0.25261690E-02
  3815.0000    	  3816.0000    	 0.30003150E-02	 0.20292493E-02
  3816.0000    	  3817.0000    	 0.56699967E-02	 0.11403476E-02
  3817.0000    	  3818.0000    	 0.25299926E-02	 0.18940650E-02
  3818.0000    	  3819.0000    	 0.72732957E-02	 0.24252242E-02
  3819.0000    	  3820.0000    	 0.86144824E-03	 0.91408582E-03
  3820.0000    	  3821.0000    	 0.48828879E-02	 0.25031436E-02
  3821.0000    	  3822.0000    	 0.86522146E-02	 0.22438076E-02
  3822.0000    	  3823.0000    	 0.12273863E-02	 0.20014402E-02
  3823.0000    	  3824.0000    	 0.31537864E-02	 0.24144881E-02
  3824.0000    	  3825.0000    	 0.27406277E-02	 0.33489504E-02
  3825.0000    	  3826.0000    	 0.42382441E-02	 0.31950248E-02
  3826.0000    	  3827.0000    	-0.46826479E-02	 0.22382375E-02
  3827.0000    	  3828.0000    	-0.19590144E-02	 0.24641838E-02
  3828.0000    	  3829.0000    	 0.77032456E-03	 0.61873097E-03
  3829.0000    	  3830.0000    	 0.27756594E-02	 0.14729674E-02
  3830.0000    	  3831.0000    	 0.42679036E-02	 0.16285166E-02
  3831.0000    	  3832.0000    	 0.58618419E-02	 0.25800899E-02
  3832.0000    	  3833.0000    	-0.16613492E-02	 0.32608915E-02
  3833.0000    	  3834.0000    	 0.79850309E-02	 0.20822744E-02
  3834.0000    	  3835.0000    	 0.11145789E-01	 0.37848708E-02
  3835.0000    	  3836.0000    	 0.11516461E-01	 0.30783074E-02
  3836.0000    	  3837.0000    	 0.17775924E-02	 0.60398518E-03
  3837.0000    	  3838.0000    	-0.34946232E-02	 0.22331247E-02
  3838.0000    	  3839.0000    	-0.17135913E-02	 0.22363968E-02
  3839.0000    	  3840.0000    	 0.71537808E-04	 0.12938780E-03
  3840.0000    	  3841.0000    	-0.55501141E-03	 0.67124040E-03
  3841.0000    	  3842.0000    	 0.22771234E-02	 0.11444121E-02
  3842.0000    	  3843.0000    	 0.30734210E-02	 0.18601189E-02
  3843.0000    	  3844.0000    	 0.39735918E-02	 0.28176437E-02
  3844.0000    	  3845.0000    	 0.28578708E-02	 0.27483322E-02
  3845.0000    	  3846.0000    	 0.34801758E-02	 0.33959364E-02
  3846.0000    	  3847.0000    	 0.48238156E-02	 0.25242093E-02
  3847.0000    	  3848.0000    	 0.23022717E-02	 0.32236825E-02
  3848.0000    	  3849.0000    	 0.86129556E-02	 0.24638309E-02
  3849.0000    	  3850.0000    	 0.21586129E-03	 0.52643106E-03
  3850.0000    	  3851.0000    	 0.13348019E-02	 0.15837720E-02
  3851.0000    	  3852.0000    	 0.23975216E-02	 0.14321189E-02
  3852.0000    	  3853.0000    	-0.70656040E-05	 0.99252816E-03
  3853.0000    	  3854.0000    	 0.19764946E-02	 0.16357451E-02
  3854.0000    	  3855.0000    	 0.62017927E-02	 0.24239732E-02
  3855.0000    	  3856.0000    	 0.52299860E-02	 0.25001245E-02
  3856.0000    	  3857.0000    	 0.59566476E-02	 0.31892782E-02
  3857.0000    	  3858.0000    	 0.72564624E-02	 0.19817931E-02
  3858.0000    	  3859.0000    	 0.58950453E-02	 0.30680758E-02
  3859.0000    	  3860.0000    	 0.42983303E-02	 0.24567748E-02
  3860.0000    	  3861.0000    	 0.35278966E-02	 0.20437682E-02
  3861.0000    	  3862.0000    	 0.27932513E-02	 0.17592235E-02
  3862.0000    	  3863.0000    	-0.11970745E-03	 0.41763305E-03
  3863.0000    	  3864.0000    	 0.20836541E-02	 0.11680658E-02
  3864.0000    	  3865.0000    	 0.62606101E-02	 0.25164827E-02
  3865.0000    	  3866.0000    	-0.12318509E-03	 0.15165912E-02
  3866.0000    	  3867.0000    	 0.79998996E-02	 0.23350425E-02
  3867.0000    	  3868.0000    	 0.95193998E-02	 0.30407009E-02
  3868.0000    	  3869.0000    	 0.78174504E-02	 0.30478447E-02
  3869.0000    	  3870.0000    	-0.32824467E-02	 0.21628097E-02
  3870.0000    	  3871.0000    	 0.74931359E-03	 0.16020782E-02
  3871.0000    	  3872.0000    	-0.81912961E-03	 0.10292728E-02
  3872.0000    	  3873.0000    	 0.37792537E-03	 0.11248449E-02
  3873.0000    	  3874.0000    	 0.12576227E-02	 0.15018786E-02
  3874.0000    	  3875.0000    	 0.63030690E-02	 0.18438577E-02
  3875.0000    	  3876.0000    	 0.47410419E-02	 0.19197386E-02
  3876.0000    	  3877.0000    	 0.73321859E-04	 0.12394958E-02
  3877.0000    	  3878.0000    	 0.13624595E-01	 0.34346850E-02
  3878.0000    	  3879.0000    	 0.18955649E-02	 0.23656221E-02
  3879.0000    	  3880.0000    	 0.41124634E-02	 0.92623853E-03
  3880.0000    	  3881.0000    	 0.51693406E-02	 0.23547519E-02
  3881.0000    	  3882.0000    	 0.23660426E-02	 0.22450301E-02
  3882.0000    	  3883.0000    	 0.19716398E-02	 0.11291578E-02
  3883.0000    	  3884.0000    	 0.43433585E-02	 0.16089845E-02
  3884.0000    	  3885.0000    	 0.12697701E-02	 0.53259160E-03
  3885.0000    	  3886.0000    	 0.23766340E-02	 0.18664957E-02
  3886.0000    	  3887.0000    	 0.32974797E-02	 0.13089671E-02
  3887.0000    	  3888.0000    	 0.10610747E-02	 0.13142577E-02
  3888.0000    	  3889.0000    	 0.10040391E-01	 0.32737226E-02
  3889.0000    	  3890.0000    	-0.24776064E-02	 0.19956212E-02
  3890.0000    	  3891.0000    	 0.11566666E-01	 0.22101985E-02
  3891.0000    	  3892.0000    	 0.37379971E-02	 0.22352683E-02
  3892.0000    	  3893.0000    	-0.59422878E-03	 0.20374117E-02
  3893.0000    	  3894.0000    	-0.29429410E-03	 0.17145527E-02
  3894.0000    	  3895.0000    	 0.29063407E-02	 0.20836168E-02
  3895.0000    	  3896.0000    	 0.52368356E-02	 0.21540719E-02
  3896.0000    	  3897.0000    	 0.42488709E-02	 0.11073070E-02
  3897.0000    	  3898.0000    	 0.35977643E-02	 0.15315867E-02
  3898.0000    	  3899.0000    	 0.56514605E-02	 0.23463182E-02
  3899.0000    	  3900.0000    	 0.71762836E-02	 0.26996340E-02
  3900.0000    	  3901.0000    	 0.75943524E-02	 0.32112463E-02
  3901.0000    	  3902.0000    	 0.11658520E-01	 0.33633178E-02
  3902.0000    	  3903.0000    	 0.87259152E-03	 0.20665653E-02
  3903.0000    	  3904.0000    	 0.26206628E-02	 0.18151705E-02
  3904.0000    	  3905.0000    	 0.10295130E-02	 0.56125761E-03
  3905.0000    	  3906.0000    	 0.67760658E-02	 0.20864846E-02
  3906.0000    	  3907.0000    	 0.79378943E-03	 0.14541143E-02
  3907.0000    	  3908.0000    	 0.44507415E-02	 0.26198811E-02
  3908.0000    	  3909.0000    	 0.81506594E-02	 0.27264869E-02
  3909.0000    	  3910.0000    	 0.12319284E-01	 0.30600408E-02
  3910.0000    	  3911.0000    	 0.83427129E-02	 0.25410860E-02
  3911.0000    	  3912.0000    	 0.16962113E-02	 0.23367873E-02
  3912.0000    	  3913.0000    	 0.17267992E-02	 0.26022759E-02
  3913.0000    	  3914.0000    	 0.26388123E-02	 0.19805701E-02
  3914.0000    	  3915.0000    	-0.21566544E-03	 0.18708427E-02
  3915.0000    	  3916.0000    	 0.10494901E-02	 0.13435673E-02
  3916.0000    	  3917.0000    	 0.11475858E-02	 0.45577034E-03
  3917.0000    	  3918.0000    	 0.24967564E-02	 0.19246135E-02
  3918.0000    	  3919.0000    	 0.24070338E-02	 0.21195619E-02
  3919.0000    	  3920.0000    	 0.29269109E-02	 0.19702481E-02
  3920.0000    	  3921.0000    	 0.87296831E-02	 0.17268083E-02
  3921.0000    	  3922.0000    	 0.11833465E-01	 0.35394193E-02
  3922.0000    	  3923.0000    	 0.70511697E-02	 0.19262566E-02
  3923.0000    	  3924.0000    	 0.78884973E-02	 0.30052716E-02
  3924.0000    	  3925.0000    	-0.15145789E-02	 0.25527691E-02
  3925.0000    	  3926.0000    	 0.49269298E-02	 0.13320424E-02
  3926.0000    	  3927.0000    	-0.10683505E-02	 0.72083879E-03
  3927.0000    	  3928.0000    	 0.89849157E-02	 0.20858913E-02
  3928.0000    	  3929.0000    	 0.94959384E-03	 0.72004853E-03
  3929.0000    	  3930.0000    	 0.41890220E-02	 0.14016859E-02
  3930.0000    	  3931.0000    	 0.96284514E-02	 0.26773189E-02
  3931.0000    	  3932.0000    	 0.66129525E-02	 0.25489446E-02
  3932.0000    	  3933.0000    	 0.25542843E-02	 0.29504876E-02
  3933.0000    	  3934.0000    	 0.27210287E-02	 0.26412571E-02
  3934.0000    	  3935.0000    	-0.39016944E-02	 0.26713199E-02
  3935.0000    	  3936.0000    	 0.23546283E-02	 0.26604808E-02
  3936.0000    	  3937.0000    	 0.12405977E-02	 0.19099194E-02
  3937.0000    	  3938.0000    	-0.54332280E-03	 0.82423294E-03
  3938.0000    	  3939.0000    	 0.74030422E-03	 0.31058914E-03
  3939.0000    	  3940.0000    	 0.98962098E-03	 0.77428452E-03
  3940.0000    	  3941.0000    	 0.93448498E-02	 0.20378471E-02
  3941.0000    	  3942.0000    	 0.75731459E-03	 0.14209283E-02
  3942.0000    	  3943.0000    	 0.63710362E-02	 0.23965179E-02
  3943.0000    	  3944.0000    	 0.80701924E-02	 0.29500538E-02
  3944.0000    	  3945.0000    	 0.71588841E-02	 0.27010109E-02
  3945.0000    	  3946.0000    	 0.13695410E-02	 0.18514194E-02
  3946.0000    	  3947.0000    	 0.33602945E-02	 0.22173116E-02
  3947.0000    	  3948.0000    	 0.47863844E-02	 0.22109789E-02
  3948.0000    	  3949.0000    	 0.16840202E-02	 0.16545732E-02
  3949.0000    	  3950.0000    	 0.20090134E-02	 0.11678180E-02
  3950.0000    	  3951.0000    	 0.15604323E-03	 0.76257435E-03
  3951.0000    	  3952.0000    	 0.17181312E-02	 0.19356042E-02
  3952.0000    	  3953.0000    	 0.19068670E-04	 0.18685251E-02
  3953.0000    	  3954.0000    	-0.72578480E-03	 0.13038217E-02
  3954.0000    	  3955.0000    	 0.65413025E-02	 0.22758281E-02
  3955.0000    	  3956.0000    	 0.52794476E-02	 0.21370249E-02
  3956.0000    	  3957.0000    	 0.40496926E-02	 0.26170180E-02
  3957.0000    	  3958.0000    	 0.74876673E-03	 0.21101072E-02
  3958.0000    	  3959.0000    	-0.47782967E-04	 0.63297122E-03
  3959.0000    	  3960.0000    	-0.34426915E-02	 0.16013761E-02
  3960.0000    	  3961.0000    	 0.34703319E-02	 0.17994539E-02
  3961.0000    	  3962.0000    	 0.78553920E-02	 0.21837199E-02
  3962.0000    	  3963.0000    	 0.59387921E-02	 0.17606489E-02
  3963.0000    	  3964.0000    	 0.33119902E-02	 0.18791889E-02
  3964.0000    	  3965.0000    	 0.10664136E-02	 0.16951437E-02
  3965.0000    	  3966.0000    	 0.13804585E-01	 0.28888357E-02
  3966.0000    	  3967.0000    	 0.15251163E-02	 0.23828125E-02
  3967.0000    	  3968.0000    	 0.58310032E-02	 0.29391598E-02
  3968.0000    	  3969.0000    	 0.11235229E-01	 0.30366639E-02
  3969.0000    	  3970.0000    	 0.24534581E-02	 0.24185246E-02
  3970.0000    	  3971.0000    	 0.22304910E-02	 0.93972048E-03
  3971.0000    	  3972.0000    	 0.19590694E-02	 0.90386320E-03
  3972.0000    	  3973.0000    	 0.97265981E-03	 0.59060743E-03
  3973.0000    	  3974.0000    	 0.11171425E-02	 0.56021999E-03
  3974.0000    	  3975.0000    	 0.44075815E-04	 0.45742030E-03
  3975.0000    	  3976.0000    	 0.54101002E-02	 0.24777030E-02
  3976.0000    	  3977.0000    	 0.86742083E-02	 0.22806142E-02
  3977.0000    	  3978.0000    	 0.51079143E-02	 0.22630507E-02
  3978.0000    	  3979.0000    	 0.47652686E-02	 0.17677123E-02
  3979.0000    	  3980.0000    	 0.38842441E-02	 0.21535323E-02
  3980.0000    	  3981.0000    	 0.48189215E-03	 0.23108977E-02
  3981.0000    	  3982.0000    	-0.56880398E-03	 0.17460805E-02
  3982.0000    	  3983.0000    	 0.42314022E-03	 0.60083847E-03
  3983.0000    	  3984.0000    	 0.43144453E-02	 0.17410977E-02
  3984.0000    	  3985.0000    	 0.16447489E-02	 0.10568964E-02
  3985.0000    	  3986.0000    	 0.23424039E-02	 0.94541860E-03
  3986.0000    	  3987.0000    	 0.72154697E-02	 0.24949075E-02
  3987.0000    	  3988.0000    	 0.22934236E-02	 0.28941449E-02
  3988.0000    	  3989.0000    	-0.24285287E-02	 0.19220257E-02
  3989.0000    	  3990.0000    	 0.61882291E-02	 0.27506258E-02
  3990.0000    	  3991.0000    	 0.17664363E-02	 0.26865141E-02
  3991.0000    	  3992.0000    	 0.40738560E-02	 0.16556305E-02
  3992.0000    	  3993.0000    	 0.79027933E-03	 0.94812918E-03
  3993.0000    	  3994.0000    	 0.28957978E-02	 0.96786114E-03
  3994.0000    	  3995.0000    	 0.20684846E-03	 0.17024248E-02
  3995.0000    	  3996.0000    	 0.45273262E-02	 0.12308982E-02
  3996.0000    	  3997.0000    	 0.55842416E-02	 0.13667972E-02
  3997.0000    	  3998.0000    	 0.15275848E-02	 0.25189301E-02
  3998.0000    	  3999.0000    	 0.57786775E-02	 0.29793498E-02
  3999.0000    	  4000.0000    	 0.18444632E-02	 0.25882955E-02
  4000.0000    	  4001.0000    	 0.76017095E-02	 0.19928126E-02
  4001.0000    	  4002.0000    	 0.90179755E-03	 0.25771158E-02
  4002.0000    	  4003.0000    	 0.33003333E-02	 0.17021883E-02
  4003.0000    	  4004.0000    	 0.17538109E-02	 0.15838699E-02
  4004.0000    	  4005.0000    	 0.23760411E-03	 0.69227898E-03
  4005.0000    	  4006.0000    	 0.50008955E-02	 0.13875575E-02
  4006.0000    	  4007.0000    	 0.12341678E-02	 0.90041016E-03
  4007.0000    	  4008.0000    	 0.78788925E-02	 0.21279828E-02
  4008.0000    	  4009.0000    	 0.85733105E-02	 0.15506820E-02
  4009.0000    	  4010.0000    	-0.22614419E-04	 0.26879714E-02
  4010.0000    	  4011.0000    	 0.22972758E-02	 0.21984529E-02
  4011.0000    	  4012.0000    	 0.13526726E-01	 0.36345732E-02
  4012.0000    	  4013.0000    	 0.13026010E-02	 0.15050862E-02
  4013.0000    	  4014.0000    	 0.30518403E-02	 0.13776804E-02
  4014.0000    	  4015.0000    	 0.63491376E-04	 0.12530380E-02
  4015.0000    	  4016.0000    	 0.28771377E-02	 0.13696820E-02
  4016.0000    	  4017.0000    	 0.59477890E-02	 0.12648309E-02
  4017.0000    	  4018.0000    	 0.29204032E-02	 0.14075363E-02
  4018.0000    	  4019.0000    	 0.51788379E-02	 0.22990720E-02
  4019.0000    	  4020.0000    	 0.14364817E-02	 0.18744487E-02
  4020.0000    	  4021.0000    	 0.54350082E-02	 0.28489846E-02
  4021.0000    	  4022.0000    	 0.34695547E-02	 0.15327612E-02
  4022.0000    	  4023.0000    	 0.24989216E-02	 0.22834082E-02
  4023.0000    	  4024.0000    	-0.10865359E-02	 0.22989348E-02
  4024.0000    	  4025.0000    	 0.43503250E-02	 0.18258010E-02
  4025.0000    	  4026.0000    	 0.91773746E-03	 0.12728421E-02
  4026.0000    	  4027.0000    	 0.34345002E-02	 0.11323153E-02
  4027.0000    	  4028.0000    	 0.44614985E-02	 0.20214172E-02
  4028.0000    	  4029.0000    	 0.77922034E-03	 0.10713162E-02
  4029.0000    	  4030.0000    	 0.18491577E-03	 0.14306835E-02
  4030.0000    	  4031.0000    	-0.94553519E-03	 0.22369646E-02
  4031.0000    	  4032.0000    	 0.28020618E-02	 0.23406033E-02
  4032.0000    	  4033.0000    	 0.72614056E-02	 0.25523347E-02
  4033.0000    	  4034.0000    	-0.42673661E-03	 0.16263429E-02
  4034.0000    	  4035.0000    	 0.93984295E-03	 0.21466284E-02
  4035.0000    	  4036.0000    	-0.49602910E-02	 0.17423487E-02
  4036.0000    	  4037.0000    	-0.62597184E-03	 0.89397325E-03
  4037.0000    	  4038.0000    	 0.87212201E-03	 0.79765262E-03
  4038.0000    	  4039.0000    	 0.50059382E-03	 0.62680474E-03
  4039.0000    	  4040.0000    	 0.29364784E-02	 0.15170951E-02
  4040.0000    	  4041.0000    	 0.54719867E-03	 0.11871835E-02
  4041.0000    	  4042.0000    	 0.64995807E-02	 0.25723440E-02
  4042.0000    	  4043.0000    	 0.11417674E-02	 0.11414122E-02
  4043.0000    	  4044.0000    	 0.22692748E-02	 0.25130015E-02
  4044.0000    	  4045.0000    	 0.14793990E-02	 0.30012382E-02
  4045.0000    	  4046.0000    	-0.11347744E-02	 0.17183011E-02
  4046.0000    	  4047.0000    	-0.14276322E-02	 0.24790342E-02
  4047.0000    	  4048.0000    	 0.18889687E-03	 0.14931625E-02
  4048.0000    	  4049.0000    	 0.38428064E-02	 0.11348656E-02
  4049.0000    	  4050.0000    	-0.22630596E-03	 0.23223239E-03
  4050.0000    	  4051.0000    	 0.36037573E-02	 0.13236120E-02
  4051.0000    	  4052.0000    	 0.29872346E-02	 0.19937647E-02
  4052.0000    	  4053.0000    	 0.80925701E-02	 0.21245220E-02
  4053.0000    	  4054.0000    	-0.17237083E-03	 0.11301290E-02
  4054.0000    	  4055.0000    	 0.28791660E-02	 0.27901544E-02
  4055.0000    	  4056.0000    	 0.40661792E-02	 0.28418273E-02
  4056.0000    	  4057.0000    	 0.16242313E-02	 0.17442680E-02
  4057.0000    	  4058.0000    	 0.37825323E-03	 0.22468118E-02
  4058.0000    	  4059.0000    	 0.17214651E-02	 0.11164789E-02
  4059.0000    	  4060.0000    	 0.29031857E-02	 0.10015695E-02
  4060.0000    	  4061.0000    	 0.46205847E-04	 0.17042980E-03
  4061.0000    	  4062.0000    	 0.16915062E-02	 0.10851266E-02
  4062.0000    	  4063.0000    	 0.72609236E-02	 0.23055986E-02
  4063.0000    	  4064.0000    	 0.33241968E-02	 0.23820222E-02
  4064.0000    	  4065.0000    	 0.70542130E-02	 0.20164453E-02
  4065.0000    	  4066.0000    	 0.56776677E-02	 0.19024873E-02
  4066.0000    	  4067.0000    	 0.89242211E-03	 0.26639931E-02
  4067.0000    	  4068.0000    	 0.27379590E-02	 0.18591932E-02
  4068.0000    	  4069.0000    	 0.21048543E-03	 0.12169341E-02
  4069.0000    	  4070.0000    	-0.10002452E-02	 0.18531991E-02
  4070.0000    	  4071.0000    	 0.25475237E-02	 0.12927939E-02
  4071.0000    	  4072.0000    	 0.74836601E-03	 0.59372631E-03
  4072.0000    	  4073.0000    	 0.30127288E-02	 0.14647885E-02
  4073.0000    	  4074.0000    	 0.78322843E-02	 0.23728372E-02
  4074.0000    	  4075.0000    	 0.75442198E-02	 0.23623666E-02
  4075.0000    	  4076.0000    	 0.27879940E-02	 0.17855375E-02
  4076.0000    	  4077.0000    	 0.66657987E-02	 0.12948175E-02
  4077.0000    	  4078.0000    	 0.66067924E-02	 0.20587963E-02
  4078.0000    	  4079.0000    	 0.88232321E-03	 0.22365072E-02
  4079.0000    	  4080.0000    	 0.55435227E-02	 0.19258459E-02
  4080.0000    	  4081.0000    	-0.30141673E-03	 0.69042028E-03
  4081.0000    	  4082.0000    	 0.12160539E-02	 0.75458165E-03
  4082.0000    	  4083.0000    	 0.71302603E-03	 0.37153622E-03
  4083.0000    	  4084.0000    	 0.17748216E-02	 0.10097988E-02
  4084.0000    	  4085.0000    	 0.13280740E-02	 0.89253293E-03
  4085.0000    	  4086.0000    	 0.83153145E-04	 0.14033385E-02
  4086.0000    	  4087.0000    	 0.67476018E-02	 0.19863290E-02
  4087.0000    	  4088.0000    	 0.32216211E-02	 0.21223321E-02
  4088.0000    	  4089.0000    	 0.10914668E-02	 0.15479556E-02
  4089.0000    	  4090.0000    	-0.13608709E-03	 0.16287976E-02
  4090.0000    	  4091.0000    	-0.11006270E-02	 0.13959081E-02
  4091.0000    	  4092.0000    	 0.14284748E-02	 0.16344487E-02
  4092.0000    	  4093.0000    	 0.15112083E-02	 0.79155301E-03
  4093.0000    	  4094.0000    	 0.41857736E-02	 0.11744381E-02
  4094.0000    	  4095.0000    	 0.73123166E-03	 0.93930987E-03
  4095.0000    	  4096.0000    	 0.51691519E-02	 0.16442619E-02
  4096.0000    	  4097.0000    	 0.76127640E-03	 0.55141404E-03
  4097.0000    	  4098.0000    	 0.11297825E-02	 0.17695864E-02
  4098.0000    	  4099.0000    	-0.64062598E-04	 0.23341609E-02
  4099.0000    	  4100.0000    	 0.13118292E-02	 0.22664283E-02
  4100.0000    	  4101.0000    	 0.34346590E-02	 0.17445703E-02
  4101.0000    	  4102.0000    	 0.61971276E-02	 0.23436140E-02
  4102.0000    	  4103.0000    	 0.25246265E-02	 0.70192705E-03
  4103.0000    	  4104.0000    	 0.12236280E-02	 0.68555785E-03
  4104.0000    	  4105.0000    	 0.18150315E-02	 0.69201197E-03
  4105.0000    	  4106.0000    	 0.22670641E-02	 0.14544471E-02
  4106.0000    	  4107.0000    	 0.48485085E-02	 0.11092556E-02
  4107.0000    	  4108.0000    	 0.78326149E-03	 0.20921825E-02
  4108.0000    	  4109.0000    	 0.49308515E-02	 0.24109060E-02
  4109.0000    	  4110.0000    	 0.15771126E-02	 0.25612006E-02
  4110.0000    	  4111.0000    	-0.25979352E-02	 0.20369272E-02
  4111.0000    	  4112.0000    	 0.27211027E-02	 0.16624757E-02
  4112.0000    	  4113.0000    	 0.14287219E-02	 0.19661609E-02
  4113.0000    	  4114.0000    	 0.23730778E-02	 0.13878995E-02
  4114.0000    	  4115.0000    	 0.11682220E-02	 0.89079295E-03
  4115.0000    	  4116.0000    	 0.92374677E-03	 0.61173026E-03
  4116.0000    	  4117.0000    	 0.35531872E-02	 0.13756118E-02
  4117.0000    	  4118.0000    	 0.14326664E-03	 0.15044473E-03
  4118.0000    	  4119.0000    	 0.22336713E-02	 0.14954611E-02
  4119.0000    	  4120.0000    	 0.95932032E-03	 0.18716600E-02
  4120.0000    	  4121.0000    	 0.63530105E-02	 0.21719187E-02
  4121.0000    	  4122.0000    	 0.75482753E-02	 0.19207192E-02
  4122.0000    	  4123.0000    	 0.15141583E-03	 0.22140428E-02
  4123.0000    	  4124.0000    	-0.44171049E-03	 0.19406828E-02
  4124.0000    	  4125.0000    	 0.28422499E-02	 0.11526142E-02
  4125.0000    	  4126.0000    	 0.56084578E-02	 0.14709562E-02
  4126.0000    	  4127.0000    	 0.20102624E-02	 0.10409148E-02
  4127.0000    	  4128.0000    	 0.60642428E-03	 0.75774089E-03
  4128.0000    	  4129.0000    	-0.72827453E-04	 0.13426770E-02
  4129.0000    	  4130.0000    	-0.88508249E-03	 0.12979867E-02
  4130.0000    	  4131.0000    	 0.50778562E-02	 0.24560146E-02
  4131.0000    	  4132.0000    	 0.27007425E-02	 0.18945354E-02
  4132.0000    	  4133.0000    	 0.51010818E-02	 0.19948727E-02
  4133.0000    	  4134.0000    	-0.11977219E-02	 0.84716112E-03
  4134.0000    	  4135.0000    	 0.12185175E-02	 0.18813062E-02
  4135.0000    	  4136.0000    	 0.28941914E-02	 0.13661437E-02
  4136.0000    	  4137.0000    	 0.48829917E-02	 0.16824111E-02
  4137.0000    	  4138.0000    	 0.42261567E-02	 0.15685489E-02
  4138.0000    	  4139.0000    	 0.29087210E-03	 0.33446217E-03
  4139.0000    	  4140.0000    	 0.25740122E-02	 0.20370910E-02
  4140.0000    	  4141.0000    	 0.13098632E-02	 0.41413156E-03
  4141.0000    	  4142.0000    	-0.54830359E-03	 0.11258701E-02
  4142.0000    	  4143.0000    	 0.47454041E-02	 0.24592359E-02
  4143.0000    	  4144.0000    	 0.39411718E-02	 0.14274603E-02
  4144.0000    	  4145.0000    	-0.32287598E-04	 0.23107797E-02
  4145.0000    	  4146.0000    	-0.28851391E-03	 0.16261119E-02
  4146.0000    	  4147.0000    	-0.25817341E-02	 0.11211640E-02
  4147.0000    	  4148.0000    	 0.14852254E-02	 0.72706231E-03
  4148.0000    	  4149.0000    	 0.22177985E-02	 0.99213309E-03
  4149.0000    	  4150.0000    	-0.18035050E-03	 0.22746952E-03
  4150.0000    	  4151.0000    	 0.44456412E-02	 0.16545362E-02
  4151.0000    	  4152.0000    	 0.18283823E-02	 0.14743271E-02
  4152.0000    	  4153.0000    	 0.32130980E-02	 0.15680727E-02
  4153.0000    	  4154.0000    	 0.28117794E-02	 0.14222354E-02
  4154.0000    	  4155.0000    	 0.69930898E-02	 0.17232130E-02
  4155.0000    	  4156.0000    	 0.26763580E-02	 0.90502694E-03
  4156.0000    	  4157.0000    	 0.56148356E-04	 0.16937867E-02
  4157.0000    	  4158.0000    	 0.39119877E-03	 0.15135506E-02
  4158.0000    	  4159.0000    	-0.13232335E-03	 0.45525418E-03
  4159.0000    	  4160.0000    	 0.17809685E-02	 0.84573264E-03
  4160.0000    	  4161.0000    	-0.43405465E-03	 0.15444876E-02
  4161.0000    	  4162.0000    	 0.40878294E-03	 0.94234053E-03
  4162.0000    	  4163.0000    	 0.51098263E-02	 0.19799725E-02
  4163.0000    	  4164.0000    	 0.16882569E-02	 0.10046739E-02
  4164.0000    	  4165.0000    	 0.31378214E-02	 0.21889855E-02
  4165.0000    	  4166.0000    	 0.51482563E-02	 0.20160388E-02
  4166.0000    	  4167.0000    	 0.64457397E-02	 0.22996043E-02
  4167.0000    	  4168.0000    	 0.18326754E-02	 0.15906200E-02
  4168.0000    	  4169.0000    	-0.18420040E-02	 0.82023055E-03
  4169.0000    	  4170.0000    	 0.76873150E-04	 0.43279921E-03
  4170.0000    	  4171.0000    	 0.10201315E-02	 0.97360698E-03
  4171.0000    	  4172.0000    	 0.24240300E-02	 0.15224147E-02
  4172.0000    	  4173.0000    	 0.85333675E-03	 0.65423244E-03
  4173.0000    	  4174.0000    	 0.16620793E-02	 0.11178949E-02
  4174.0000    	  4175.0000    	 0.25945011E-02	 0.21911458E-02
  4175.0000    	  4176.0000    	 0.60797033E-02	 0.18009951E-02
  4176.0000    	  4177.0000    	 0.47960562E-02	 0.16341264E-02
  4177.0000    	  4178.0000    	-0.17977556E-02	 0.25074907E-02
  4178.0000    	  4179.0000    	-0.11524264E-02	 0.59210820E-03
  4179.0000    	  4180.0000    	 0.27328591E-02	 0.62993171E-03
  4180.0000    	  4181.0000    	-0.42704019E-03	 0.37781414E-03
  4181.0000    	  4182.0000    	-0.15707979E-03	 0.78585550E-03
  4182.0000    	  4183.0000    	 0.13574957E-03	 0.11698130E-02
  4183.0000    	  4184.0000    	-0.45398874E-03	 0.11576322E-02
  4184.0000    	  4185.0000    	 0.89427776E-03	 0.49602551E-03
  4185.0000    	  4186.0000    	 0.48750146E-02	 0.16096826E-02
  4186.0000    	  4187.0000    	 0.24690246E-02	 0.21112938E-02
  4187.0000    	  4188.0000    	 0.84521267E-02	 0.20964373E-02
  4188.0000    	  4189.0000    	 0.12066354E-02	 0.20684230E-02
  4189.0000    	  4190.0000    	 0.23631630E-02	 0.16153478E-02
  4190.0000    	  4191.0000    	 0.25615873E-02	 0.14537022E-02
  4191.0000    	  4192.0000    	 0.13573842E-02	 0.74076929E-03
  4192.0000    	  4193.0000    	 0.43069879E-03	 0.59258381E-03
  4193.0000    	  4194.0000    	 0.24614350E-02	 0.95072796E-03
  4194.0000    	  4195.0000    	 0.27793237E-03	 0.48764485E-03
  4195.0000    	  4196.0000    	 0.39231907E-02	 0.17762792E-02
  4196.0000    	  4197.0000    	 0.88189231E-02	 0.24848376E-02
  4197.0000    	  4198.0000    	-0.19056373E-02	 0.19570809E-02
  4198.0000    	  4199.0000    	 0.14356989E-02	 0.22644710E-02
  4199.0000    	  4200.0000    	-0.25327028E-03	 0.14526060E-02
  4200.0000    	  4201.0000    	 0.10900665E-02	 0.14192544E-02
  4201.0000    	  4202.0000    	 0.18268956E-03	 0.32040792E-03
  4202.0000    	  4203.0000    	 0.18165611E-02	 0.64858973E-03
  4203.0000    	  4204.0000    	-0.67396316E-03	 0.13228881E-02
  4204.0000    	  4205.0000    	 0.19259371E-02	 0.82947591E-03
  4205.0000    	  4206.0000    	 0.29193095E-02	 0.15735141E-02
  4206.0000    	  4207.0000    	 0.24741480E-02	 0.10711900E-02
  4207.0000    	  4208.0000    	 0.18753526E-04	 0.18953405E-02
  4208.0000    	  4209.0000    	 0.60110899E-02	 0.18321090E-02
  4209.0000    	  4210.0000    	 0.69684825E-03	 0.91755388E-03
  4210.0000    	  4211.0000    	 0.25718749E-02	 0.10004779E-02
  4211.0000    	  4212.0000    	 0.26281471E-02	 0.12682047E-02
  4212.0000    	  4213.0000    	 0.13366202E-02	 0.10311034E-02
  4213.0000    	  4214.0000    	 0.19521908E-03	 0.45583576E-03
  4214.0000    	  4215.0000    	 0.77034789E-03	 0.43259096E-03
  4215.0000    	  4216.0000    	 0.26581941E-02	 0.10050702E-02
  4216.0000    	  4217.0000    	 0.45784172E-02	 0.11577538E-02
  4217.0000    	  4218.0000    	 0.32596824E-02	 0.21642791E-02
  4218.0000    	  4219.0000    	 0.40412363E-02	 0.19998992E-02
  4219.0000    	  4220.0000    	 0.13049272E-02	 0.16902607E-02
  4220.0000    	  4221.0000    	 0.93046185E-05	 0.13903529E-02
  4221.0000    	  4222.0000    	-0.85179365E-03	 0.91163299E-03
  4222.0000    	  4223.0000    	 0.36347556E-02	 0.91959731E-03
  4223.0000    	  4224.0000    	-0.12452882E-02	 0.48944892E-03
