# xi3
# underflow	 -1854.3784    	  1.3352016    
# overflow	 -3.8950983    	 0.18782662    
# sum	 -2223.6581    	  2.1617482    
# xmin	xmax	cross	numerror
  1034.0000    	  1035.0000    	-0.93297992    	 0.99518460E-01
  1035.0000    	  1036.0000    	-0.85295955    	 0.88404116E-01
  1036.0000    	  1037.0000    	-0.66120709    	 0.94349954E-01
  1037.0000    	  1038.0000    	-0.93892574    	 0.82325996E-01
  1038.0000    	  1039.0000    	-0.77356373    	 0.89460397E-01
  1039.0000    	  1040.0000    	-0.75075562    	 0.76055190E-01
  1040.0000    	  1041.0000    	-0.65108634    	 0.67274647E-01
  1041.0000    	  1042.0000    	-0.59627690    	 0.65623967E-01
  1042.0000    	  1043.0000    	-0.49105380    	 0.63218399E-01
  1043.0000    	  1044.0000    	-0.51684182    	 0.54205985E-01
  1044.0000    	  1045.0000    	-0.47132320    	 0.55192093E-01
  1045.0000    	  1046.0000    	-0.76404144    	 0.95846220E-01
  1046.0000    	  1047.0000    	-0.65101320    	 0.89599601E-01
  1047.0000    	  1048.0000    	-0.98251554    	 0.89045665E-01
  1048.0000    	  1049.0000    	-0.72271636    	 0.79697255E-01
  1049.0000    	  1050.0000    	-0.74705712    	 0.84911544E-01
  1050.0000    	  1051.0000    	-0.66805056    	 0.75346371E-01
  1051.0000    	  1052.0000    	-0.58572159    	 0.65602512E-01
  1052.0000    	  1053.0000    	-0.60164134    	 0.66893863E-01
  1053.0000    	  1054.0000    	-0.62670989    	 0.68264543E-01
  1054.0000    	  1055.0000    	-0.47153423    	 0.55041445E-01
  1055.0000    	  1056.0000    	-0.34462025    	 0.49519768E-01
  1056.0000    	  1057.0000    	-0.95409739    	 0.88663813E-01
  1057.0000    	  1058.0000    	-0.95221327    	 0.98125510E-01
  1058.0000    	  1059.0000    	-0.86623677    	 0.81500973E-01
  1059.0000    	  1060.0000    	-0.90011880    	 0.87436340E-01
  1060.0000    	  1061.0000    	-0.71663886    	 0.84884682E-01
  1061.0000    	  1062.0000    	-0.61011193    	 0.70523052E-01
  1062.0000    	  1063.0000    	-0.71259118    	 0.66546675E-01
  1063.0000    	  1064.0000    	-0.46757085    	 0.63976766E-01
  1064.0000    	  1065.0000    	-0.39468454    	 0.69088819E-01
  1065.0000    	  1066.0000    	-0.57657647    	 0.58626667E-01
  1066.0000    	  1067.0000    	-0.37344086    	 0.53348548E-01
  1067.0000    	  1068.0000    	-0.83864173    	 0.96952995E-01
  1068.0000    	  1069.0000    	-0.84662546    	 0.81028747E-01
  1069.0000    	  1070.0000    	-0.70668018    	 0.91707314E-01
  1070.0000    	  1071.0000    	-0.78166711    	 0.81136220E-01
  1071.0000    	  1072.0000    	-0.85388636    	 0.81605320E-01
  1072.0000    	  1073.0000    	-0.75804988    	 0.72912417E-01
  1073.0000    	  1074.0000    	-0.68816186    	 0.62824144E-01
  1074.0000    	  1075.0000    	-0.64318946    	 0.59954369E-01
  1075.0000    	  1076.0000    	-0.58225351    	 0.66803007E-01
  1076.0000    	  1077.0000    	-0.49973196    	 0.60104828E-01
  1077.0000    	  1078.0000    	-0.40123513    	 0.55727814E-01
  1078.0000    	  1079.0000    	-0.90575312    	 0.10301047    
  1079.0000    	  1080.0000    	-0.81946156    	 0.98634591E-01
  1080.0000    	  1081.0000    	-0.81704787    	 0.87127227E-01
  1081.0000    	  1082.0000    	-0.77036205    	 0.82057493E-01
  1082.0000    	  1083.0000    	-0.83337248    	 0.76199319E-01
  1083.0000    	  1084.0000    	-0.70839351    	 0.70475247E-01
  1084.0000    	  1085.0000    	-0.62484157    	 0.66086131E-01
  1085.0000    	  1086.0000    	-0.51471969    	 0.67894149E-01
  1086.0000    	  1087.0000    	-0.35571672    	 0.68887414E-01
  1087.0000    	  1088.0000    	-0.43080946    	 0.57500880E-01
  1088.0000    	  1089.0000    	-0.36075423    	 0.61666417E-01
  1089.0000    	  1090.0000    	-0.85281087    	 0.85684081E-01
  1090.0000    	  1091.0000    	-0.83911782    	 0.91902482E-01
  1091.0000    	  1092.0000    	-0.78325599    	 0.87498298E-01
  1092.0000    	  1093.0000    	-0.72814694    	 0.80020029E-01
  1093.0000    	  1094.0000    	-0.71449653    	 0.71139557E-01
  1094.0000    	  1095.0000    	-0.67423888    	 0.68218970E-01
  1095.0000    	  1096.0000    	-0.61731663    	 0.62602940E-01
  1096.0000    	  1097.0000    	-0.64264408    	 0.72147821E-01
  1097.0000    	  1098.0000    	-0.51827839    	 0.63108026E-01
  1098.0000    	  1099.0000    	-0.43194789    	 0.61848649E-01
  1099.0000    	  1100.0000    	-0.48336897    	 0.60129572E-01
  1100.0000    	  1101.0000    	-0.64342328    	 0.86140031E-01
  1101.0000    	  1102.0000    	-0.86087053    	 0.90401682E-01
  1102.0000    	  1103.0000    	-0.83567749    	 0.94131137E-01
  1103.0000    	  1104.0000    	-0.83630633    	 0.79170616E-01
  1104.0000    	  1105.0000    	-0.73702698    	 0.76512601E-01
  1105.0000    	  1106.0000    	-0.64218205    	 0.71095336E-01
  1106.0000    	  1107.0000    	-0.63719723    	 0.66320321E-01
  1107.0000    	  1108.0000    	-0.56476253    	 0.67678068E-01
  1108.0000    	  1109.0000    	-0.56537753    	 0.66393779E-01
  1109.0000    	  1110.0000    	-0.45120178    	 0.59267324E-01
  1110.0000    	  1111.0000    	-0.38009277    	 0.57911363E-01
  1111.0000    	  1112.0000    	-0.91980551    	 0.92750883E-01
  1112.0000    	  1113.0000    	-0.81111249    	 0.92552983E-01
  1113.0000    	  1114.0000    	-0.93687859    	 0.76265634E-01
  1114.0000    	  1115.0000    	-0.74843715    	 0.81006150E-01
  1115.0000    	  1116.0000    	-0.73745192    	 0.72779747E-01
  1116.0000    	  1117.0000    	-0.71920411    	 0.71111562E-01
  1117.0000    	  1118.0000    	-0.68798681    	 0.73637032E-01
  1118.0000    	  1119.0000    	-0.49020661    	 0.58383786E-01
  1119.0000    	  1120.0000    	-0.53245660    	 0.60248525E-01
  1120.0000    	  1121.0000    	-0.33807310    	 0.53044363E-01
  1121.0000    	  1122.0000    	-0.43254895    	 0.56579946E-01
  1122.0000    	  1123.0000    	-0.79420303    	 0.10038362    
  1123.0000    	  1124.0000    	-0.82280015    	 0.89622326E-01
  1124.0000    	  1125.0000    	-0.63718332    	 0.89929685E-01
  1125.0000    	  1126.0000    	-0.66491939    	 0.77263206E-01
  1126.0000    	  1127.0000    	-0.80314684    	 0.71484085E-01
  1127.0000    	  1128.0000    	-0.62860872    	 0.73928470E-01
  1128.0000    	  1129.0000    	-0.63823177    	 0.70746118E-01
  1129.0000    	  1130.0000    	-0.53684049    	 0.57786412E-01
  1130.0000    	  1131.0000    	-0.48986500    	 0.61281089E-01
  1131.0000    	  1132.0000    	-0.56036136    	 0.57872845E-01
  1132.0000    	  1133.0000    	-0.30557644    	 0.58680344E-01
  1133.0000    	  1134.0000    	-0.76669286    	 0.10724468    
  1134.0000    	  1135.0000    	-0.77970417    	 0.79662364E-01
  1135.0000    	  1136.0000    	-0.71915362    	 0.91339984E-01
  1136.0000    	  1137.0000    	-0.79092528    	 0.76721392E-01
  1137.0000    	  1138.0000    	-0.72181252    	 0.81365067E-01
  1138.0000    	  1139.0000    	-0.67408815    	 0.71841337E-01
  1139.0000    	  1140.0000    	-0.55039788    	 0.67064159E-01
  1140.0000    	  1141.0000    	-0.51640374    	 0.59370032E-01
  1141.0000    	  1142.0000    	-0.38152982    	 0.58714282E-01
  1142.0000    	  1143.0000    	-0.30724593    	 0.55397598E-01
  1143.0000    	  1144.0000    	-0.40584006    	 0.57071040E-01
  1144.0000    	  1145.0000    	-0.63767204    	 0.96840209E-01
  1145.0000    	  1146.0000    	-0.69391326    	 0.81659984E-01
  1146.0000    	  1147.0000    	-0.68215384    	 0.84495002E-01
  1147.0000    	  1148.0000    	-0.71664593    	 0.72406775E-01
  1148.0000    	  1149.0000    	-0.50265534    	 0.78814157E-01
  1149.0000    	  1150.0000    	-0.54854318    	 0.70835970E-01
  1150.0000    	  1151.0000    	-0.71673770    	 0.65908140E-01
  1151.0000    	  1152.0000    	-0.48364617    	 0.60861680E-01
  1152.0000    	  1153.0000    	-0.41990770    	 0.56828428E-01
  1153.0000    	  1154.0000    	-0.55915154    	 0.60146749E-01
  1154.0000    	  1155.0000    	-0.38085530    	 0.53588459E-01
  1155.0000    	  1156.0000    	-0.85674237    	 0.84908999E-01
  1156.0000    	  1157.0000    	-0.76900058    	 0.88928881E-01
  1157.0000    	  1158.0000    	-0.85671956    	 0.76373975E-01
  1158.0000    	  1159.0000    	-0.71666262    	 0.74172472E-01
  1159.0000    	  1160.0000    	-0.67656790    	 0.71564546E-01
  1160.0000    	  1161.0000    	-0.66826005    	 0.64286815E-01
  1161.0000    	  1162.0000    	-0.61173969    	 0.68206721E-01
  1162.0000    	  1163.0000    	-0.48934437    	 0.64241467E-01
  1163.0000    	  1164.0000    	-0.57270406    	 0.55936346E-01
  1164.0000    	  1165.0000    	-0.35301237    	 0.57162271E-01
  1165.0000    	  1166.0000    	-0.30203625    	 0.48523078E-01
  1166.0000    	  1167.0000    	-0.68632173    	 0.84430471E-01
  1167.0000    	  1168.0000    	-0.80610322    	 0.84210431E-01
  1168.0000    	  1169.0000    	-0.61292714    	 0.80944652E-01
  1169.0000    	  1170.0000    	-0.75731904    	 0.70220771E-01
  1170.0000    	  1171.0000    	-0.59381985    	 0.71281424E-01
  1171.0000    	  1172.0000    	-0.58320670    	 0.70080144E-01
  1172.0000    	  1173.0000    	-0.54357157    	 0.67446144E-01
  1173.0000    	  1174.0000    	-0.62413320    	 0.62643621E-01
  1174.0000    	  1175.0000    	-0.39064433    	 0.58070546E-01
  1175.0000    	  1176.0000    	-0.35576714    	 0.53844425E-01
  1176.0000    	  1177.0000    	-0.40864651    	 0.53759905E-01
  1177.0000    	  1178.0000    	-0.65012256    	 0.79045851E-01
  1178.0000    	  1179.0000    	-0.64259137    	 0.75023757E-01
  1179.0000    	  1180.0000    	-0.67681725    	 0.75793417E-01
  1180.0000    	  1181.0000    	-0.76769848    	 0.73696622E-01
  1181.0000    	  1182.0000    	-0.69566422    	 0.74733915E-01
  1182.0000    	  1183.0000    	-0.63617481    	 0.66423650E-01
  1183.0000    	  1184.0000    	-0.57462052    	 0.70148447E-01
  1184.0000    	  1185.0000    	-0.44295257    	 0.57567825E-01
  1185.0000    	  1186.0000    	-0.49987452    	 0.53534264E-01
  1186.0000    	  1187.0000    	-0.46884670    	 0.51894700E-01
  1187.0000    	  1188.0000    	-0.25658814    	 0.52436968E-01
  1188.0000    	  1189.0000    	-0.83239763    	 0.86134032E-01
  1189.0000    	  1190.0000    	-0.73311007    	 0.62504663E-01
  1190.0000    	  1191.0000    	-0.81006051    	 0.79380804E-01
  1191.0000    	  1192.0000    	-0.55402140    	 0.75493543E-01
  1192.0000    	  1193.0000    	-0.56487142    	 0.70562715E-01
  1193.0000    	  1194.0000    	-0.63517633    	 0.62136943E-01
  1194.0000    	  1195.0000    	-0.51089163    	 0.67917030E-01
  1195.0000    	  1196.0000    	-0.55213941    	 0.64099370E-01
  1196.0000    	  1197.0000    	-0.52447690    	 0.59738488E-01
  1197.0000    	  1198.0000    	-0.42178957    	 0.57368903E-01
  1198.0000    	  1199.0000    	-0.28399964    	 0.56388219E-01
  1199.0000    	  1200.0000    	-0.67061609    	 0.84324688E-01
  1200.0000    	  1201.0000    	-0.63276239    	 0.72049362E-01
  1201.0000    	  1202.0000    	-0.62657412    	 0.71574298E-01
  1202.0000    	  1203.0000    	-0.57719848    	 0.74281746E-01
  1203.0000    	  1204.0000    	-0.74064952    	 0.68473450E-01
  1204.0000    	  1205.0000    	-0.55952378    	 0.62254851E-01
  1205.0000    	  1206.0000    	-0.54195934    	 0.60590351E-01
  1206.0000    	  1207.0000    	-0.59231440    	 0.62222146E-01
  1207.0000    	  1208.0000    	-0.42173826    	 0.59574883E-01
  1208.0000    	  1209.0000    	-0.36149363    	 0.52056889E-01
  1209.0000    	  1210.0000    	-0.44047863    	 0.58071258E-01
  1210.0000    	  1211.0000    	-0.61042857    	 0.80062298E-01
  1211.0000    	  1212.0000    	-0.62829451    	 0.75550699E-01
  1212.0000    	  1213.0000    	-0.64693385    	 0.74563801E-01
  1213.0000    	  1214.0000    	-0.63114111    	 0.77432444E-01
  1214.0000    	  1215.0000    	-0.64863821    	 0.68647032E-01
  1215.0000    	  1216.0000    	-0.50473280    	 0.68743131E-01
  1216.0000    	  1217.0000    	-0.58705119    	 0.66833798E-01
  1217.0000    	  1218.0000    	-0.43807843    	 0.60410373E-01
  1218.0000    	  1219.0000    	-0.33066303    	 0.57934004E-01
  1219.0000    	  1220.0000    	-0.44448485    	 0.53540538E-01
  1220.0000    	  1221.0000    	-0.24702689    	 0.50463194E-01
  1221.0000    	  1222.0000    	-0.63543806    	 0.73031417E-01
  1222.0000    	  1223.0000    	-0.64120394    	 0.78182386E-01
  1223.0000    	  1224.0000    	-0.67570118    	 0.77772829E-01
  1224.0000    	  1225.0000    	-0.53214875    	 0.68805710E-01
  1225.0000    	  1226.0000    	-0.54565161    	 0.72703767E-01
  1226.0000    	  1227.0000    	-0.69820850    	 0.68699738E-01
  1227.0000    	  1228.0000    	-0.50129736    	 0.64094228E-01
  1228.0000    	  1229.0000    	-0.45942308    	 0.59272662E-01
  1229.0000    	  1230.0000    	-0.46138016    	 0.59475998E-01
  1230.0000    	  1231.0000    	-0.35271383    	 0.57369196E-01
  1231.0000    	  1232.0000    	-0.27132419    	 0.52852283E-01
  1232.0000    	  1233.0000    	-0.61094452    	 0.75781984E-01
  1233.0000    	  1234.0000    	-0.77750599    	 0.75255899E-01
  1234.0000    	  1235.0000    	-0.69645840    	 0.77840396E-01
  1235.0000    	  1236.0000    	-0.62047422    	 0.63152081E-01
  1236.0000    	  1237.0000    	-0.54803813    	 0.67365139E-01
  1237.0000    	  1238.0000    	-0.56868450    	 0.67689257E-01
  1238.0000    	  1239.0000    	-0.50998944    	 0.61979997E-01
  1239.0000    	  1240.0000    	-0.40709214    	 0.65250156E-01
  1240.0000    	  1241.0000    	-0.43607054    	 0.56483605E-01
  1241.0000    	  1242.0000    	-0.32116665    	 0.55610075E-01
  1242.0000    	  1243.0000    	-0.24879888    	 0.57664843E-01
  1243.0000    	  1244.0000    	-0.72234566    	 0.82674946E-01
  1244.0000    	  1245.0000    	-0.79869175    	 0.77486077E-01
  1245.0000    	  1246.0000    	-0.67348105    	 0.74175309E-01
  1246.0000    	  1247.0000    	-0.65493018    	 0.64459078E-01
  1247.0000    	  1248.0000    	-0.60537273    	 0.72990078E-01
  1248.0000    	  1249.0000    	-0.56621368    	 0.64129568E-01
  1249.0000    	  1250.0000    	-0.54488717    	 0.61960794E-01
  1250.0000    	  1251.0000    	-0.41623815    	 0.59470758E-01
  1251.0000    	  1252.0000    	-0.38976581    	 0.56495086E-01
  1252.0000    	  1253.0000    	-0.29906279    	 0.57135841E-01
  1253.0000    	  1254.0000    	-0.43328308    	 0.62907921E-01
  1254.0000    	  1255.0000    	-0.63302294    	 0.77457008E-01
  1255.0000    	  1256.0000    	-0.58892292    	 0.74192287E-01
  1256.0000    	  1257.0000    	-0.64691697    	 0.70638301E-01
  1257.0000    	  1258.0000    	-0.59214175    	 0.67844277E-01
  1258.0000    	  1259.0000    	-0.62084645    	 0.71803220E-01
  1259.0000    	  1260.0000    	-0.46501745    	 0.63916453E-01
  1260.0000    	  1261.0000    	-0.46070940    	 0.52446935E-01
  1261.0000    	  1262.0000    	-0.43953398    	 0.53303057E-01
  1262.0000    	  1263.0000    	-0.36198260    	 0.60854535E-01
  1263.0000    	  1264.0000    	-0.45892620    	 0.54241694E-01
  1264.0000    	  1265.0000    	-0.23989592    	 0.49797477E-01
  1265.0000    	  1266.0000    	-0.73870392    	 0.87929344E-01
  1266.0000    	  1267.0000    	-0.60358529    	 0.72652902E-01
  1267.0000    	  1268.0000    	-0.59974125    	 0.72529881E-01
  1268.0000    	  1269.0000    	-0.63138618    	 0.66492261E-01
  1269.0000    	  1270.0000    	-0.54350135    	 0.73396820E-01
  1270.0000    	  1271.0000    	-0.55114733    	 0.58536719E-01
  1271.0000    	  1272.0000    	-0.53035650    	 0.62366639E-01
  1272.0000    	  1273.0000    	-0.34517960    	 0.58231397E-01
  1273.0000    	  1274.0000    	-0.38345211    	 0.58056777E-01
  1274.0000    	  1275.0000    	-0.33016322    	 0.52020972E-01
  1275.0000    	  1276.0000    	-0.29276902    	 0.46718877E-01
  1276.0000    	  1277.0000    	-0.63136112    	 0.76101072E-01
  1277.0000    	  1278.0000    	-0.53798788    	 0.69138899E-01
  1278.0000    	  1279.0000    	-0.47381160    	 0.69967626E-01
  1279.0000    	  1280.0000    	-0.50950808    	 0.72791086E-01
  1280.0000    	  1281.0000    	-0.51823564    	 0.68735592E-01
  1281.0000    	  1282.0000    	-0.57438272    	 0.60126257E-01
  1282.0000    	  1283.0000    	-0.43588023    	 0.63120831E-01
  1283.0000    	  1284.0000    	-0.46253638    	 0.54971574E-01
  1284.0000    	  1285.0000    	-0.32188695    	 0.57993404E-01
  1285.0000    	  1286.0000    	-0.32920169    	 0.54880059E-01
  1286.0000    	  1287.0000    	-0.22619725    	 0.44905598E-01
  1287.0000    	  1288.0000    	-0.52214488    	 0.70583609E-01
  1288.0000    	  1289.0000    	-0.60136513    	 0.71571073E-01
  1289.0000    	  1290.0000    	-0.64986412    	 0.68538203E-01
  1290.0000    	  1291.0000    	-0.52525646    	 0.72241813E-01
  1291.0000    	  1292.0000    	-0.50436857    	 0.63525093E-01
  1292.0000    	  1293.0000    	-0.52578008    	 0.59441798E-01
  1293.0000    	  1294.0000    	-0.45338870    	 0.57570514E-01
  1294.0000    	  1295.0000    	-0.39384704    	 0.55934529E-01
  1295.0000    	  1296.0000    	-0.43942141    	 0.61934272E-01
  1296.0000    	  1297.0000    	-0.34828909    	 0.53713677E-01
  1297.0000    	  1298.0000    	-0.32625924    	 0.46331253E-01
  1298.0000    	  1299.0000    	-0.56091356    	 0.76426207E-01
  1299.0000    	  1300.0000    	-0.54563624    	 0.78436917E-01
  1300.0000    	  1301.0000    	-0.47570668    	 0.70270346E-01
  1301.0000    	  1302.0000    	-0.63357324    	 0.62810714E-01
  1302.0000    	  1303.0000    	-0.52674307    	 0.62384492E-01
  1303.0000    	  1304.0000    	-0.40511873    	 0.59820350E-01
  1304.0000    	  1305.0000    	-0.37573734    	 0.63685580E-01
  1305.0000    	  1306.0000    	-0.35258553    	 0.54465684E-01
  1306.0000    	  1307.0000    	-0.41331141    	 0.54551865E-01
  1307.0000    	  1308.0000    	-0.32285074    	 0.48886423E-01
  1308.0000    	  1309.0000    	-0.24655477    	 0.45015454E-01
  1309.0000    	  1310.0000    	-0.67114966    	 0.70194574E-01
  1310.0000    	  1311.0000    	-0.53569019    	 0.72770993E-01
  1311.0000    	  1312.0000    	-0.66331238    	 0.71892000E-01
  1312.0000    	  1313.0000    	-0.55407132    	 0.70818418E-01
  1313.0000    	  1314.0000    	-0.51241648    	 0.63082837E-01
  1314.0000    	  1315.0000    	-0.48666601    	 0.61149774E-01
  1315.0000    	  1316.0000    	-0.55665856    	 0.59900297E-01
  1316.0000    	  1317.0000    	-0.46361597    	 0.57696599E-01
  1317.0000    	  1318.0000    	-0.43362734    	 0.53622078E-01
  1318.0000    	  1319.0000    	-0.32083932    	 0.53131194E-01
  1319.0000    	  1320.0000    	-0.33862540    	 0.52908645E-01
  1320.0000    	  1321.0000    	-0.54622628    	 0.71171910E-01
  1321.0000    	  1322.0000    	-0.57875040    	 0.59662203E-01
  1322.0000    	  1323.0000    	-0.61739224    	 0.75626277E-01
  1323.0000    	  1324.0000    	-0.54626200    	 0.71220013E-01
  1324.0000    	  1325.0000    	-0.49853786    	 0.66895553E-01
  1325.0000    	  1326.0000    	-0.52463677    	 0.59813263E-01
  1326.0000    	  1327.0000    	-0.34897638    	 0.64038263E-01
  1327.0000    	  1328.0000    	-0.32372249    	 0.55200155E-01
  1328.0000    	  1329.0000    	-0.34848937    	 0.60951900E-01
  1329.0000    	  1330.0000    	-0.24645255    	 0.53191393E-01
  1330.0000    	  1331.0000    	-0.25666638    	 0.44754992E-01
  1331.0000    	  1332.0000    	-0.71728936    	 0.73744156E-01
  1332.0000    	  1333.0000    	-0.52307784    	 0.69796126E-01
  1333.0000    	  1334.0000    	-0.59281127    	 0.70033768E-01
  1334.0000    	  1335.0000    	-0.54975773    	 0.59193593E-01
  1335.0000    	  1336.0000    	-0.46148799    	 0.61006178E-01
  1336.0000    	  1337.0000    	-0.48271217    	 0.54418512E-01
  1337.0000    	  1338.0000    	-0.49476998    	 0.56062268E-01
  1338.0000    	  1339.0000    	-0.41614374    	 0.58999090E-01
  1339.0000    	  1340.0000    	-0.46293428    	 0.61826332E-01
  1340.0000    	  1341.0000    	-0.38315277    	 0.57247911E-01
  1341.0000    	  1342.0000    	-0.24603101    	 0.49384506E-01
  1342.0000    	  1343.0000    	-0.47984060    	 0.72838687E-01
  1343.0000    	  1344.0000    	-0.53133644    	 0.68016486E-01
  1344.0000    	  1345.0000    	-0.50435395    	 0.73316308E-01
  1345.0000    	  1346.0000    	-0.47766202    	 0.63966959E-01
  1346.0000    	  1347.0000    	-0.52838818    	 0.63972050E-01
  1347.0000    	  1348.0000    	-0.42071765    	 0.54623983E-01
  1348.0000    	  1349.0000    	-0.35973422    	 0.54722441E-01
  1349.0000    	  1350.0000    	-0.52343912    	 0.58662456E-01
  1350.0000    	  1351.0000    	-0.34909062    	 0.57141579E-01
  1351.0000    	  1352.0000    	-0.34363332    	 0.56157348E-01
  1352.0000    	  1353.0000    	-0.25012122    	 0.51234750E-01
  1353.0000    	  1354.0000    	-0.59540458    	 0.73400160E-01
  1354.0000    	  1355.0000    	-0.54796083    	 0.63866998E-01
  1355.0000    	  1356.0000    	-0.56643229    	 0.64506605E-01
  1356.0000    	  1357.0000    	-0.48851034    	 0.62369389E-01
  1357.0000    	  1358.0000    	-0.41448261    	 0.60728185E-01
  1358.0000    	  1359.0000    	-0.41257944    	 0.54262944E-01
  1359.0000    	  1360.0000    	-0.44541784    	 0.60217251E-01
  1360.0000    	  1361.0000    	-0.32640209    	 0.56899781E-01
  1361.0000    	  1362.0000    	-0.30492884    	 0.53031141E-01
  1362.0000    	  1363.0000    	-0.32248041    	 0.53941335E-01
  1363.0000    	  1364.0000    	-0.19783136    	 0.56014461E-01
  1364.0000    	  1365.0000    	-0.48761387    	 0.65696575E-01
  1365.0000    	  1366.0000    	-0.38193450    	 0.64096648E-01
  1366.0000    	  1367.0000    	-0.56473863    	 0.65578941E-01
  1367.0000    	  1368.0000    	-0.53132136    	 0.63661065E-01
  1368.0000    	  1369.0000    	-0.51771550    	 0.60505912E-01
  1369.0000    	  1370.0000    	-0.42212741    	 0.56278455E-01
  1370.0000    	  1371.0000    	-0.31237878    	 0.52907678E-01
  1371.0000    	  1372.0000    	-0.36019148    	 0.51919756E-01
  1372.0000    	  1373.0000    	-0.32739634    	 0.45402665E-01
  1373.0000    	  1374.0000    	-0.30062392    	 0.47544475E-01
  1374.0000    	  1375.0000    	-0.22576218    	 0.46654133E-01
  1375.0000    	  1376.0000    	-0.57298491    	 0.62469232E-01
  1376.0000    	  1377.0000    	-0.55012730    	 0.61019636E-01
  1377.0000    	  1378.0000    	-0.48054733    	 0.62012649E-01
  1378.0000    	  1379.0000    	-0.46943697    	 0.62216662E-01
  1379.0000    	  1380.0000    	-0.43124502    	 0.58190104E-01
  1380.0000    	  1381.0000    	-0.49667110    	 0.51633520E-01
  1381.0000    	  1382.0000    	-0.49803320    	 0.51390998E-01
  1382.0000    	  1383.0000    	-0.44992685    	 0.50512627E-01
  1383.0000    	  1384.0000    	-0.29830860    	 0.49146967E-01
  1384.0000    	  1385.0000    	-0.30510884    	 0.43909172E-01
  1385.0000    	  1386.0000    	-0.31350306    	 0.47494761E-01
  1386.0000    	  1387.0000    	-0.55286388    	 0.64017823E-01
  1387.0000    	  1388.0000    	-0.64019300    	 0.64827798E-01
  1388.0000    	  1389.0000    	-0.41544696    	 0.64335569E-01
  1389.0000    	  1390.0000    	-0.55737466    	 0.58239288E-01
  1390.0000    	  1391.0000    	-0.51576288    	 0.63700042E-01
  1391.0000    	  1392.0000    	-0.44338606    	 0.53584394E-01
  1392.0000    	  1393.0000    	-0.39477352    	 0.55142455E-01
  1393.0000    	  1394.0000    	-0.41788528    	 0.53241022E-01
  1394.0000    	  1395.0000    	-0.33092356    	 0.46140541E-01
  1395.0000    	  1396.0000    	-0.24275812    	 0.38788006E-01
  1396.0000    	  1397.0000    	-0.18401627    	 0.40447217E-01
  1397.0000    	  1398.0000    	-0.36947793    	 0.63462822E-01
  1398.0000    	  1399.0000    	-0.45257279    	 0.60849977E-01
  1399.0000    	  1400.0000    	-0.40903216    	 0.60838166E-01
  1400.0000    	  1401.0000    	-0.45198650    	 0.59715199E-01
  1401.0000    	  1402.0000    	-0.46420335    	 0.56195450E-01
  1402.0000    	  1403.0000    	-0.34860914    	 0.53482701E-01
  1403.0000    	  1404.0000    	-0.37170435    	 0.48150201E-01
  1404.0000    	  1405.0000    	-0.37076236    	 0.53728438E-01
  1405.0000    	  1406.0000    	-0.30819153    	 0.51954726E-01
  1406.0000    	  1407.0000    	-0.24411695    	 0.41675004E-01
  1407.0000    	  1408.0000    	-0.28587007    	 0.47855637E-01
  1408.0000    	  1409.0000    	-0.43162058    	 0.64212273E-01
  1409.0000    	  1410.0000    	-0.47614499    	 0.61908955E-01
  1410.0000    	  1411.0000    	-0.47262443    	 0.59730759E-01
  1411.0000    	  1412.0000    	-0.42921372    	 0.62400704E-01
  1412.0000    	  1413.0000    	-0.41615130    	 0.62938026E-01
  1413.0000    	  1414.0000    	-0.39850144    	 0.58226531E-01
  1414.0000    	  1415.0000    	-0.32457443    	 0.52089289E-01
  1415.0000    	  1416.0000    	-0.27488272    	 0.53234912E-01
  1416.0000    	  1417.0000    	-0.26001921    	 0.55320303E-01
  1417.0000    	  1418.0000    	-0.35043273    	 0.51293408E-01
  1418.0000    	  1419.0000    	-0.22166890    	 0.46969195E-01
  1419.0000    	  1420.0000    	-0.46594217    	 0.59841450E-01
  1420.0000    	  1421.0000    	-0.48753195    	 0.57571375E-01
  1421.0000    	  1422.0000    	-0.41101835    	 0.62151121E-01
  1422.0000    	  1423.0000    	-0.48390173    	 0.58921717E-01
  1423.0000    	  1424.0000    	-0.39243708    	 0.62117373E-01
  1424.0000    	  1425.0000    	-0.49084959    	 0.57658460E-01
  1425.0000    	  1426.0000    	-0.37046334    	 0.54818670E-01
  1426.0000    	  1427.0000    	-0.36358019    	 0.55260742E-01
  1427.0000    	  1428.0000    	-0.39385937    	 0.55218001E-01
  1428.0000    	  1429.0000    	-0.24383630    	 0.48225147E-01
  1429.0000    	  1430.0000    	-0.32785257    	 0.45789844E-01
  1430.0000    	  1431.0000    	-0.55820911    	 0.58324766E-01
  1431.0000    	  1432.0000    	-0.41004894    	 0.62768397E-01
  1432.0000    	  1433.0000    	-0.48556298    	 0.64668002E-01
  1433.0000    	  1434.0000    	-0.40122448    	 0.53400411E-01
  1434.0000    	  1435.0000    	-0.39962081    	 0.50557131E-01
  1435.0000    	  1436.0000    	-0.36850122    	 0.51770821E-01
  1436.0000    	  1437.0000    	-0.41136333    	 0.51183780E-01
  1437.0000    	  1438.0000    	-0.45349315    	 0.53799164E-01
  1438.0000    	  1439.0000    	-0.38433717    	 0.50180099E-01
  1439.0000    	  1440.0000    	-0.32207042    	 0.44786751E-01
  1440.0000    	  1441.0000    	-0.21192982    	 0.45341732E-01
  1441.0000    	  1442.0000    	-0.40522808    	 0.68860173E-01
  1442.0000    	  1443.0000    	-0.41049061    	 0.65755987E-01
  1443.0000    	  1444.0000    	-0.48071292    	 0.58085445E-01
  1444.0000    	  1445.0000    	-0.46038457    	 0.57132690E-01
  1445.0000    	  1446.0000    	-0.44048634    	 0.56981366E-01
  1446.0000    	  1447.0000    	-0.47441627    	 0.49388194E-01
  1447.0000    	  1448.0000    	-0.32458889    	 0.57369679E-01
  1448.0000    	  1449.0000    	-0.40016433    	 0.51047775E-01
  1449.0000    	  1450.0000    	-0.30980348    	 0.43884717E-01
  1450.0000    	  1451.0000    	-0.21137907    	 0.42990190E-01
  1451.0000    	  1452.0000    	-0.24228462    	 0.42999159E-01
  1452.0000    	  1453.0000    	-0.33017262    	 0.67758103E-01
  1453.0000    	  1454.0000    	-0.42645319    	 0.63540378E-01
  1454.0000    	  1455.0000    	-0.51820215    	 0.57366603E-01
  1455.0000    	  1456.0000    	-0.40299270    	 0.56114461E-01
  1456.0000    	  1457.0000    	-0.35451524    	 0.58335494E-01
  1457.0000    	  1458.0000    	-0.35253540    	 0.35012677E-01
  1458.0000    	  1459.0000    	-0.40565187    	 0.55332606E-01
  1459.0000    	  1460.0000    	-0.37307201    	 0.47739036E-01
  1460.0000    	  1461.0000    	-0.32000474    	 0.49238653E-01
  1461.0000    	  1462.0000    	-0.22521159    	 0.45122891E-01
  1462.0000    	  1463.0000    	-0.23660528    	 0.42195817E-01
  1463.0000    	  1464.0000    	-0.46042829    	 0.62291984E-01
  1464.0000    	  1465.0000    	-0.47326597    	 0.62433784E-01
  1465.0000    	  1466.0000    	-0.38194242    	 0.54167008E-01
  1466.0000    	  1467.0000    	-0.39795348    	 0.53496703E-01
  1467.0000    	  1468.0000    	-0.61796091    	 0.55480701E-01
  1468.0000    	  1469.0000    	-0.32442463    	 0.55479289E-01
  1469.0000    	  1470.0000    	-0.30506740    	 0.54112270E-01
  1470.0000    	  1471.0000    	-0.26294950    	 0.51704388E-01
  1471.0000    	  1472.0000    	-0.36174710    	 0.51121639E-01
  1472.0000    	  1473.0000    	-0.35238579    	 0.50182544E-01
  1473.0000    	  1474.0000    	-0.23607693    	 0.49363637E-01
  1474.0000    	  1475.0000    	-0.45771506    	 0.62366216E-01
  1475.0000    	  1476.0000    	-0.41189149    	 0.59455804E-01
  1476.0000    	  1477.0000    	-0.45960617    	 0.57848889E-01
  1477.0000    	  1478.0000    	-0.40541412    	 0.52681231E-01
  1478.0000    	  1479.0000    	-0.28780882    	 0.51401675E-01
  1479.0000    	  1480.0000    	-0.36166366    	 0.52685961E-01
  1480.0000    	  1481.0000    	-0.33941316    	 0.55739374E-01
  1481.0000    	  1482.0000    	-0.40620542    	 0.48614716E-01
  1482.0000    	  1483.0000    	-0.29315910    	 0.48022569E-01
  1483.0000    	  1484.0000    	-0.33246430    	 0.48279723E-01
  1484.0000    	  1485.0000    	-0.25018108    	 0.42953837E-01
  1485.0000    	  1486.0000    	-0.43801892    	 0.62798136E-01
  1486.0000    	  1487.0000    	-0.48468310    	 0.57845098E-01
  1487.0000    	  1488.0000    	-0.48592941    	 0.55292961E-01
  1488.0000    	  1489.0000    	-0.38501532    	 0.58596614E-01
  1489.0000    	  1490.0000    	-0.39457437    	 0.47436033E-01
  1490.0000    	  1491.0000    	-0.45346111    	 0.52595973E-01
  1491.0000    	  1492.0000    	-0.36848150    	 0.50729409E-01
  1492.0000    	  1493.0000    	-0.25953932    	 0.48995498E-01
  1493.0000    	  1494.0000    	-0.27473528    	 0.45746939E-01
  1494.0000    	  1495.0000    	-0.23518366    	 0.50715922E-01
  1495.0000    	  1496.0000    	-0.17007524    	 0.40384729E-01
  1496.0000    	  1497.0000    	-0.52616735    	 0.59215505E-01
  1497.0000    	  1498.0000    	-0.40413063    	 0.58132035E-01
  1498.0000    	  1499.0000    	-0.43628490    	 0.54873657E-01
  1499.0000    	  1500.0000    	-0.47490301    	 0.54014980E-01
  1500.0000    	  1501.0000    	-0.43595999    	 0.52312084E-01
  1501.0000    	  1502.0000    	-0.37013401    	 0.52042370E-01
  1502.0000    	  1503.0000    	-0.35674146    	 0.47289669E-01
  1503.0000    	  1504.0000    	-0.35267761    	 0.49302986E-01
  1504.0000    	  1505.0000    	-0.28393062    	 0.47074875E-01
  1505.0000    	  1506.0000    	-0.24315710    	 0.58572288E-01
  1506.0000    	  1507.0000    	-0.21817691    	 0.46851553E-01
  1507.0000    	  1508.0000    	-0.29620823    	 0.57887773E-01
  1508.0000    	  1509.0000    	-0.39065940    	 0.59870689E-01
  1509.0000    	  1510.0000    	-0.43941099    	 0.55932123E-01
  1510.0000    	  1511.0000    	-0.40367069    	 0.51623560E-01
  1511.0000    	  1512.0000    	-0.35703908    	 0.62804695E-01
  1512.0000    	  1513.0000    	-0.31779001    	 0.57767051E-01
  1513.0000    	  1514.0000    	-0.37520029    	 0.48284089E-01
  1514.0000    	  1515.0000    	-0.36093661    	 0.51639574E-01
  1515.0000    	  1516.0000    	-0.24038749    	 0.45395249E-01
  1516.0000    	  1517.0000    	-0.21132044    	 0.45765725E-01
  1517.0000    	  1518.0000    	-0.32580584    	 0.51449585E-01
  1518.0000    	  1519.0000    	-0.45114178    	 0.59954468E-01
  1519.0000    	  1520.0000    	-0.35509964    	 0.57529087E-01
  1520.0000    	  1521.0000    	-0.42439620    	 0.51180657E-01
  1521.0000    	  1522.0000    	-0.46911227    	 0.55188549E-01
  1522.0000    	  1523.0000    	-0.33199278    	 0.52224389E-01
  1523.0000    	  1524.0000    	-0.31788232    	 0.54054105E-01
  1524.0000    	  1525.0000    	-0.28523510    	 0.43441581E-01
  1525.0000    	  1526.0000    	-0.26917280    	 0.50714805E-01
  1526.0000    	  1527.0000    	-0.24774068    	 0.43831802E-01
  1527.0000    	  1528.0000    	-0.23877534    	 0.48206502E-01
  1528.0000    	  1529.0000    	-0.13421854    	 0.44211474E-01
  1529.0000    	  1530.0000    	-0.42263593    	 0.60687643E-01
  1530.0000    	  1531.0000    	-0.33952629    	 0.54870452E-01
  1531.0000    	  1532.0000    	-0.30273685    	 0.54604373E-01
  1532.0000    	  1533.0000    	-0.32475105    	 0.58460467E-01
  1533.0000    	  1534.0000    	-0.26496599    	 0.49775471E-01
  1534.0000    	  1535.0000    	-0.39715031    	 0.49993983E-01
  1535.0000    	  1536.0000    	-0.33704914    	 0.48313474E-01
  1536.0000    	  1537.0000    	-0.30236883    	 0.48441558E-01
  1537.0000    	  1538.0000    	-0.26057360    	 0.51043954E-01
  1538.0000    	  1539.0000    	-0.26476629    	 0.45490245E-01
  1539.0000    	  1540.0000    	-0.23443484    	 0.46042281E-01
  1540.0000    	  1541.0000    	-0.34091750    	 0.59979562E-01
  1541.0000    	  1542.0000    	-0.37252162    	 0.53589223E-01
  1542.0000    	  1543.0000    	-0.44983919    	 0.51980417E-01
  1543.0000    	  1544.0000    	-0.38227446    	 0.44599397E-01
  1544.0000    	  1545.0000    	-0.51474109    	 0.49077347E-01
  1545.0000    	  1546.0000    	-0.38496024    	 0.52806861E-01
  1546.0000    	  1547.0000    	-0.33345956    	 0.46846902E-01
  1547.0000    	  1548.0000    	-0.33618337    	 0.46006557E-01
  1548.0000    	  1549.0000    	-0.31023090    	 0.46719335E-01
  1549.0000    	  1550.0000    	-0.27328203    	 0.41288269E-01
  1550.0000    	  1551.0000    	-0.22078466    	 0.42443570E-01
  1551.0000    	  1552.0000    	-0.35243447    	 0.57412631E-01
  1552.0000    	  1553.0000    	-0.43631056    	 0.57033280E-01
  1553.0000    	  1554.0000    	-0.28742125    	 0.49114204E-01
  1554.0000    	  1555.0000    	-0.36083139    	 0.51084711E-01
  1555.0000    	  1556.0000    	-0.31139775    	 0.41975435E-01
  1556.0000    	  1557.0000    	-0.30322435    	 0.49141542E-01
  1557.0000    	  1558.0000    	-0.37432521    	 0.52486641E-01
  1558.0000    	  1559.0000    	-0.30999595    	 0.44229455E-01
  1559.0000    	  1560.0000    	-0.24929691    	 0.51081102E-01
  1560.0000    	  1561.0000    	-0.28912677    	 0.44347783E-01
  1561.0000    	  1562.0000    	-0.20019204    	 0.38351420E-01
  1562.0000    	  1563.0000    	-0.31839263    	 0.59848847E-01
  1563.0000    	  1564.0000    	-0.32575707    	 0.49448710E-01
  1564.0000    	  1565.0000    	-0.37302235    	 0.45147970E-01
  1565.0000    	  1566.0000    	-0.40191522    	 0.52849530E-01
  1566.0000    	  1567.0000    	-0.34874160    	 0.47158355E-01
  1567.0000    	  1568.0000    	-0.34769144    	 0.43157865E-01
  1568.0000    	  1569.0000    	-0.24941218    	 0.46613712E-01
  1569.0000    	  1570.0000    	-0.27582688    	 0.44126234E-01
  1570.0000    	  1571.0000    	-0.29431020    	 0.43971374E-01
  1571.0000    	  1572.0000    	-0.18872841    	 0.45410329E-01
  1572.0000    	  1573.0000    	-0.18111635    	 0.45006183E-01
  1573.0000    	  1574.0000    	-0.41471813    	 0.57735150E-01
  1574.0000    	  1575.0000    	-0.50682928    	 0.53934536E-01
  1575.0000    	  1576.0000    	-0.49018849    	 0.45513242E-01
  1576.0000    	  1577.0000    	-0.26436556    	 0.50660082E-01
  1577.0000    	  1578.0000    	-0.32157134    	 0.46118791E-01
  1578.0000    	  1579.0000    	-0.41700719    	 0.47281501E-01
  1579.0000    	  1580.0000    	-0.31224845    	 0.40004554E-01
  1580.0000    	  1581.0000    	-0.22941429    	 0.41140615E-01
  1581.0000    	  1582.0000    	-0.17568837    	 0.50903293E-01
  1582.0000    	  1583.0000    	-0.15647330    	 0.41588666E-01
  1583.0000    	  1584.0000    	-0.18026945    	 0.42687763E-01
  1584.0000    	  1585.0000    	-0.37857831    	 0.56559958E-01
  1585.0000    	  1586.0000    	-0.33920177    	 0.51712030E-01
  1586.0000    	  1587.0000    	-0.41172351    	 0.49552327E-01
  1587.0000    	  1588.0000    	-0.37935995    	 0.51807809E-01
  1588.0000    	  1589.0000    	-0.35533589    	 0.46309339E-01
  1589.0000    	  1590.0000    	-0.29901048    	 0.47081784E-01
  1590.0000    	  1591.0000    	-0.36572632    	 0.50997205E-01
  1591.0000    	  1592.0000    	-0.28970039    	 0.43209672E-01
  1592.0000    	  1593.0000    	-0.25451663    	 0.44971889E-01
  1593.0000    	  1594.0000    	-0.25400967    	 0.43751697E-01
  1594.0000    	  1595.0000    	-0.28456833    	 0.35222877E-01
  1595.0000    	  1596.0000    	-0.34137594    	 0.50789374E-01
  1596.0000    	  1597.0000    	-0.38478327    	 0.50515923E-01
  1597.0000    	  1598.0000    	-0.37059902    	 0.57108976E-01
  1598.0000    	  1599.0000    	-0.38278701    	 0.57505932E-01
  1599.0000    	  1600.0000    	-0.34750441    	 0.48444445E-01
  1600.0000    	  1601.0000    	-0.28307455    	 0.45308336E-01
  1601.0000    	  1602.0000    	-0.23644335    	 0.46120685E-01
  1602.0000    	  1603.0000    	-0.24246731    	 0.40024993E-01
  1603.0000    	  1604.0000    	-0.26105690    	 0.42395899E-01
  1604.0000    	  1605.0000    	-0.21645344    	 0.37361810E-01
  1605.0000    	  1606.0000    	-0.23933448    	 0.36467061E-01
  1606.0000    	  1607.0000    	-0.33311809    	 0.50199401E-01
  1607.0000    	  1608.0000    	-0.33297996    	 0.54534806E-01
  1608.0000    	  1609.0000    	-0.29966647    	 0.51992416E-01
  1609.0000    	  1610.0000    	-0.29742211    	 0.54527734E-01
  1610.0000    	  1611.0000    	-0.43242474    	 0.46814262E-01
  1611.0000    	  1612.0000    	-0.28578314    	 0.43864999E-01
  1612.0000    	  1613.0000    	-0.35121342    	 0.47029653E-01
  1613.0000    	  1614.0000    	-0.28477229    	 0.46110204E-01
  1614.0000    	  1615.0000    	-0.21610128    	 0.44731856E-01
  1615.0000    	  1616.0000    	-0.21640565    	 0.40397114E-01
  1616.0000    	  1617.0000    	-0.16171900    	 0.39225665E-01
  1617.0000    	  1618.0000    	-0.36624826    	 0.49698983E-01
  1618.0000    	  1619.0000    	-0.28750308    	 0.50531495E-01
  1619.0000    	  1620.0000    	-0.29582691    	 0.46949702E-01
  1620.0000    	  1621.0000    	-0.31514711    	 0.50511412E-01
  1621.0000    	  1622.0000    	-0.26596394    	 0.46610396E-01
  1622.0000    	  1623.0000    	-0.31815395    	 0.55737116E-01
  1623.0000    	  1624.0000    	-0.33288058    	 0.44092549E-01
  1624.0000    	  1625.0000    	-0.25148375    	 0.43694078E-01
  1625.0000    	  1626.0000    	-0.30000765    	 0.44402546E-01
  1626.0000    	  1627.0000    	-0.21714905    	 0.39468656E-01
  1627.0000    	  1628.0000    	-0.18527520    	 0.34649293E-01
  1628.0000    	  1629.0000    	-0.32369313    	 0.43932204E-01
  1629.0000    	  1630.0000    	-0.30229486    	 0.50240267E-01
  1630.0000    	  1631.0000    	-0.31721863    	 0.43715573E-01
  1631.0000    	  1632.0000    	-0.36943613    	 0.45806183E-01
  1632.0000    	  1633.0000    	-0.25416840    	 0.46096045E-01
  1633.0000    	  1634.0000    	-0.38121847    	 0.49199238E-01
  1634.0000    	  1635.0000    	-0.28510798    	 0.46918231E-01
  1635.0000    	  1636.0000    	-0.35501133    	 0.44845429E-01
  1636.0000    	  1637.0000    	-0.21960119    	 0.42812590E-01
  1637.0000    	  1638.0000    	-0.12528159    	 0.38743956E-01
  1638.0000    	  1639.0000    	-0.19391572    	 0.36770436E-01
  1639.0000    	  1640.0000    	-0.27081746    	 0.53208773E-01
  1640.0000    	  1641.0000    	-0.37024552    	 0.46715162E-01
  1641.0000    	  1642.0000    	-0.43183084    	 0.45790237E-01
  1642.0000    	  1643.0000    	-0.28852877    	 0.36386545E-01
  1643.0000    	  1644.0000    	-0.33500000    	 0.47100649E-01
  1644.0000    	  1645.0000    	-0.31039789    	 0.46917638E-01
  1645.0000    	  1646.0000    	-0.31232593    	 0.43365018E-01
  1646.0000    	  1647.0000    	-0.26377804    	 0.42127861E-01
  1647.0000    	  1648.0000    	-0.20234058    	 0.46482332E-01
  1648.0000    	  1649.0000    	-0.14667303    	 0.28406284E-01
  1649.0000    	  1650.0000    	-0.13738868    	 0.41833658E-01
  1650.0000    	  1651.0000    	-0.33204697    	 0.49330983E-01
  1651.0000    	  1652.0000    	-0.36649493    	 0.44870754E-01
  1652.0000    	  1653.0000    	-0.38162293    	 0.39610131E-01
  1653.0000    	  1654.0000    	-0.27546704    	 0.47942929E-01
  1654.0000    	  1655.0000    	-0.29351844    	 0.47200899E-01
  1655.0000    	  1656.0000    	-0.23073152    	 0.46282505E-01
  1656.0000    	  1657.0000    	-0.25894017    	 0.44307795E-01
  1657.0000    	  1658.0000    	-0.20843934    	 0.43945499E-01
  1658.0000    	  1659.0000    	-0.26021409    	 0.39313777E-01
  1659.0000    	  1660.0000    	-0.17308620    	 0.38647621E-01
  1660.0000    	  1661.0000    	-0.15951411    	 0.36761614E-01
  1661.0000    	  1662.0000    	-0.40796859    	 0.47984092E-01
  1662.0000    	  1663.0000    	-0.22398427    	 0.48136285E-01
  1663.0000    	  1664.0000    	-0.21670448    	 0.42981820E-01
  1664.0000    	  1665.0000    	-0.31523956    	 0.45392683E-01
  1665.0000    	  1666.0000    	-0.36253225    	 0.46418394E-01
  1666.0000    	  1667.0000    	-0.34255840    	 0.39680420E-01
  1667.0000    	  1668.0000    	-0.29286376    	 0.47566179E-01
  1668.0000    	  1669.0000    	-0.21674184    	 0.40337886E-01
  1669.0000    	  1670.0000    	-0.23930512    	 0.44696056E-01
  1670.0000    	  1671.0000    	-0.25481074    	 0.39286135E-01
  1671.0000    	  1672.0000    	-0.21414841    	 0.32830544E-01
  1672.0000    	  1673.0000    	-0.30382686    	 0.45595417E-01
  1673.0000    	  1674.0000    	-0.37173523    	 0.50233971E-01
  1674.0000    	  1675.0000    	-0.32183559    	 0.46121079E-01
  1675.0000    	  1676.0000    	-0.32612543    	 0.40782995E-01
  1676.0000    	  1677.0000    	-0.27667829    	 0.43325491E-01
  1677.0000    	  1678.0000    	-0.27466879    	 0.42975196E-01
  1678.0000    	  1679.0000    	-0.31388317    	 0.39680311E-01
  1679.0000    	  1680.0000    	-0.19674645    	 0.44953992E-01
  1680.0000    	  1681.0000    	-0.21669149    	 0.40643288E-01
  1681.0000    	  1682.0000    	-0.23301617    	 0.41994059E-01
  1682.0000    	  1683.0000    	-0.13791607    	 0.37617138E-01
  1683.0000    	  1684.0000    	-0.27310662    	 0.44734361E-01
  1684.0000    	  1685.0000    	-0.28613906    	 0.46014245E-01
  1685.0000    	  1686.0000    	-0.33336012    	 0.47522625E-01
  1686.0000    	  1687.0000    	-0.33807614    	 0.45965254E-01
  1687.0000    	  1688.0000    	-0.27183041    	 0.42219330E-01
  1688.0000    	  1689.0000    	-0.30844598    	 0.41345223E-01
  1689.0000    	  1690.0000    	-0.20955052    	 0.42238226E-01
  1690.0000    	  1691.0000    	-0.25589009    	 0.41613044E-01
  1691.0000    	  1692.0000    	-0.24791943    	 0.40250300E-01
  1692.0000    	  1693.0000    	-0.18676727    	 0.39607608E-01
  1693.0000    	  1694.0000    	-0.12762208    	 0.29439986E-01
  1694.0000    	  1695.0000    	-0.33852098    	 0.45947610E-01
  1695.0000    	  1696.0000    	-0.34286681    	 0.43575031E-01
  1696.0000    	  1697.0000    	-0.29484310    	 0.46128697E-01
  1697.0000    	  1698.0000    	-0.30810962    	 0.44997973E-01
  1698.0000    	  1699.0000    	-0.24053143    	 0.41646537E-01
  1699.0000    	  1700.0000    	-0.22501387    	 0.30435921E-01
  1700.0000    	  1701.0000    	-0.33232508    	 0.42470687E-01
  1701.0000    	  1702.0000    	-0.27546333    	 0.43974636E-01
  1702.0000    	  1703.0000    	-0.25649039    	 0.40858016E-01
  1703.0000    	  1704.0000    	-0.22396013    	 0.40718558E-01
  1704.0000    	  1705.0000    	-0.15948279    	 0.38952734E-01
  1705.0000    	  1706.0000    	-0.73317603E-01	 0.48972573E-01
  1706.0000    	  1707.0000    	-0.17367988    	 0.45741317E-01
  1707.0000    	  1708.0000    	-0.28158871    	 0.37635165E-01
  1708.0000    	  1709.0000    	-0.32968710    	 0.50859009E-01
  1709.0000    	  1710.0000    	-0.27826137    	 0.43517936E-01
  1710.0000    	  1711.0000    	-0.35519673    	 0.40896665E-01
  1711.0000    	  1712.0000    	-0.19895777    	 0.36446726E-01
  1712.0000    	  1713.0000    	-0.22599768    	 0.38978731E-01
  1713.0000    	  1714.0000    	-0.18465052    	 0.37215607E-01
  1714.0000    	  1715.0000    	-0.14414946    	 0.37411037E-01
  1715.0000    	  1716.0000    	-0.16136358    	 0.31928482E-01
  1716.0000    	  1717.0000    	-0.16787510    	 0.42337422E-01
  1717.0000    	  1718.0000    	-0.34859235    	 0.45513132E-01
  1718.0000    	  1719.0000    	-0.22204885    	 0.42895608E-01
  1719.0000    	  1720.0000    	-0.26411665    	 0.51135406E-01
  1720.0000    	  1721.0000    	-0.33355218    	 0.41515548E-01
  1721.0000    	  1722.0000    	-0.21526000    	 0.37737856E-01
  1722.0000    	  1723.0000    	-0.19654735    	 0.38980314E-01
  1723.0000    	  1724.0000    	-0.26814831    	 0.37097850E-01
  1724.0000    	  1725.0000    	-0.23417346    	 0.41572601E-01
  1725.0000    	  1726.0000    	-0.19899289    	 0.42518082E-01
  1726.0000    	  1727.0000    	-0.19530532    	 0.35832240E-01
  1727.0000    	  1728.0000    	-0.25184789    	 0.44849401E-01
  1728.0000    	  1729.0000    	-0.27386667    	 0.43539990E-01
  1729.0000    	  1730.0000    	-0.31474472    	 0.43436300E-01
  1730.0000    	  1731.0000    	-0.29578691    	 0.48672901E-01
  1731.0000    	  1732.0000    	-0.33678519    	 0.38167913E-01
  1732.0000    	  1733.0000    	-0.32919999    	 0.36001837E-01
  1733.0000    	  1734.0000    	-0.26481104    	 0.42075505E-01
  1734.0000    	  1735.0000    	-0.24132012    	 0.39919550E-01
  1735.0000    	  1736.0000    	-0.18669737    	 0.41709895E-01
  1736.0000    	  1737.0000    	-0.18421283    	 0.42369302E-01
  1737.0000    	  1738.0000    	-0.12528825    	 0.34962072E-01
  1738.0000    	  1739.0000    	-0.21278179    	 0.53002888E-01
  1739.0000    	  1740.0000    	-0.31931013    	 0.41580036E-01
  1740.0000    	  1741.0000    	-0.35854560    	 0.47174822E-01
  1741.0000    	  1742.0000    	-0.29810700    	 0.42383041E-01
  1742.0000    	  1743.0000    	-0.21699094    	 0.39372882E-01
  1743.0000    	  1744.0000    	-0.22608797    	 0.36493337E-01
  1744.0000    	  1745.0000    	-0.27616306    	 0.40353476E-01
  1745.0000    	  1746.0000    	-0.22455024    	 0.39006416E-01
  1746.0000    	  1747.0000    	-0.18625269    	 0.39505989E-01
  1747.0000    	  1748.0000    	-0.15283370    	 0.40051197E-01
  1748.0000    	  1749.0000    	-0.19034904    	 0.37914833E-01
  1749.0000    	  1750.0000    	-0.20663979    	 0.52204998E-01
  1750.0000    	  1751.0000    	-0.36090415    	 0.43220550E-01
  1751.0000    	  1752.0000    	-0.26795237    	 0.45675399E-01
  1752.0000    	  1753.0000    	-0.23818173    	 0.39307489E-01
  1753.0000    	  1754.0000    	-0.33202497    	 0.42931847E-01
  1754.0000    	  1755.0000    	-0.27016347    	 0.38542833E-01
  1755.0000    	  1756.0000    	-0.25075392    	 0.41631792E-01
  1756.0000    	  1757.0000    	-0.27188678    	 0.41244053E-01
  1757.0000    	  1758.0000    	-0.23015988    	 0.35949457E-01
  1758.0000    	  1759.0000    	-0.16680097    	 0.36390430E-01
  1759.0000    	  1760.0000    	-0.14958354    	 0.32053754E-01
  1760.0000    	  1761.0000    	-0.33062932    	 0.51020694E-01
  1761.0000    	  1762.0000    	-0.15760975    	 0.43504280E-01
  1762.0000    	  1763.0000    	-0.30178948    	 0.39199806E-01
  1763.0000    	  1764.0000    	-0.28027171    	 0.39365776E-01
  1764.0000    	  1765.0000    	-0.22801509    	 0.38564206E-01
  1765.0000    	  1766.0000    	-0.22896957    	 0.37910114E-01
  1766.0000    	  1767.0000    	-0.28308907    	 0.40141227E-01
  1767.0000    	  1768.0000    	-0.15542788    	 0.40830468E-01
  1768.0000    	  1769.0000    	-0.15696070    	 0.42933171E-01
  1769.0000    	  1770.0000    	-0.19131039    	 0.38086763E-01
  1770.0000    	  1771.0000    	-0.12592606    	 0.37183928E-01
  1771.0000    	  1772.0000    	-0.25590546    	 0.46994124E-01
  1772.0000    	  1773.0000    	-0.30706813    	 0.43666403E-01
  1773.0000    	  1774.0000    	-0.29711847    	 0.44468362E-01
  1774.0000    	  1775.0000    	-0.31170964    	 0.40847450E-01
  1775.0000    	  1776.0000    	-0.24983280    	 0.40447728E-01
  1776.0000    	  1777.0000    	-0.33990075    	 0.40360930E-01
  1777.0000    	  1778.0000    	-0.21473134    	 0.39206167E-01
  1778.0000    	  1779.0000    	-0.25253668    	 0.40088548E-01
  1779.0000    	  1780.0000    	-0.17242436    	 0.40608644E-01
  1780.0000    	  1781.0000    	-0.15497117    	 0.43040430E-01
  1781.0000    	  1782.0000    	-0.13085706    	 0.41086372E-01
  1782.0000    	  1783.0000    	-0.25503349    	 0.40358289E-01
  1783.0000    	  1784.0000    	-0.27880795    	 0.42542088E-01
  1784.0000    	  1785.0000    	-0.25628753    	 0.39140637E-01
  1785.0000    	  1786.0000    	-0.25774951    	 0.35667878E-01
  1786.0000    	  1787.0000    	-0.28035822    	 0.40419096E-01
  1787.0000    	  1788.0000    	-0.28733038    	 0.40063884E-01
  1788.0000    	  1789.0000    	-0.22689848    	 0.41238153E-01
  1789.0000    	  1790.0000    	-0.21665574    	 0.37926868E-01
  1790.0000    	  1791.0000    	-0.25091271    	 0.39986409E-01
  1791.0000    	  1792.0000    	-0.11922230    	 0.34937934E-01
  1792.0000    	  1793.0000    	-0.45807536E-01	 0.32819317E-01
  1793.0000    	  1794.0000    	-0.25927360    	 0.41241078E-01
  1794.0000    	  1795.0000    	-0.24873169    	 0.43726607E-01
  1795.0000    	  1796.0000    	-0.29794329    	 0.44428843E-01
  1796.0000    	  1797.0000    	-0.27438527    	 0.42877696E-01
  1797.0000    	  1798.0000    	-0.28147396    	 0.40920172E-01
  1798.0000    	  1799.0000    	-0.25500486    	 0.39096430E-01
  1799.0000    	  1800.0000    	-0.24153862    	 0.34180827E-01
  1800.0000    	  1801.0000    	-0.20744579    	 0.34703919E-01
  1801.0000    	  1802.0000    	-0.18924086    	 0.34571641E-01
  1802.0000    	  1803.0000    	-0.13126946    	 0.41189376E-01
  1803.0000    	  1804.0000    	-0.11880932    	 0.34697901E-01
  1804.0000    	  1805.0000    	-0.23018252    	 0.42921792E-01
  1805.0000    	  1806.0000    	-0.27603242    	 0.43101548E-01
  1806.0000    	  1807.0000    	-0.22467741    	 0.40963600E-01
  1807.0000    	  1808.0000    	-0.18345802    	 0.39969454E-01
  1808.0000    	  1809.0000    	-0.27316467    	 0.33651727E-01
  1809.0000    	  1810.0000    	-0.25052798    	 0.36168492E-01
  1810.0000    	  1811.0000    	-0.16222383    	 0.34221717E-01
  1811.0000    	  1812.0000    	-0.21243901    	 0.39021293E-01
  1812.0000    	  1813.0000    	-0.15014028    	 0.35254310E-01
  1813.0000    	  1814.0000    	-0.23102263    	 0.36260001E-01
  1814.0000    	  1815.0000    	-0.20031540    	 0.30533329E-01
  1815.0000    	  1816.0000    	-0.34043338    	 0.38063952E-01
  1816.0000    	  1817.0000    	-0.25350238    	 0.39496675E-01
  1817.0000    	  1818.0000    	-0.25088237    	 0.36954827E-01
  1818.0000    	  1819.0000    	-0.28064076    	 0.44582838E-01
  1819.0000    	  1820.0000    	-0.16188901    	 0.37976759E-01
  1820.0000    	  1821.0000    	-0.14324244    	 0.38977378E-01
  1821.0000    	  1822.0000    	-0.24531694    	 0.37714203E-01
  1822.0000    	  1823.0000    	-0.28590104    	 0.36794625E-01
  1823.0000    	  1824.0000    	-0.15772132    	 0.33016422E-01
  1824.0000    	  1825.0000    	-0.15052130    	 0.35423062E-01
  1825.0000    	  1826.0000    	-0.14895514    	 0.35799920E-01
  1826.0000    	  1827.0000    	-0.16943676    	 0.39641175E-01
  1827.0000    	  1828.0000    	-0.27933668    	 0.41330394E-01
  1828.0000    	  1829.0000    	-0.23763255    	 0.38454823E-01
  1829.0000    	  1830.0000    	-0.18500750    	 0.37313473E-01
  1830.0000    	  1831.0000    	-0.21225565    	 0.31474193E-01
  1831.0000    	  1832.0000    	-0.29239975    	 0.37536982E-01
  1832.0000    	  1833.0000    	-0.20567494    	 0.37396302E-01
  1833.0000    	  1834.0000    	-0.17503056    	 0.34895269E-01
  1834.0000    	  1835.0000    	-0.16297345    	 0.33567665E-01
  1835.0000    	  1836.0000    	-0.24631095    	 0.39547276E-01
  1836.0000    	  1837.0000    	-0.15323953    	 0.29019088E-01
  1837.0000    	  1838.0000    	-0.21795685    	 0.29963404E-01
  1838.0000    	  1839.0000    	-0.22621138    	 0.39169469E-01
  1839.0000    	  1840.0000    	-0.28788164    	 0.30781919E-01
  1840.0000    	  1841.0000    	-0.23219120    	 0.36277584E-01
  1841.0000    	  1842.0000    	-0.26914216    	 0.37555270E-01
  1842.0000    	  1843.0000    	-0.26259728    	 0.36089595E-01
  1843.0000    	  1844.0000    	-0.20470664    	 0.35094551E-01
  1844.0000    	  1845.0000    	-0.16309394    	 0.33828176E-01
  1845.0000    	  1846.0000    	-0.26090788    	 0.35938083E-01
  1846.0000    	  1847.0000    	-0.14280170    	 0.33855726E-01
  1847.0000    	  1848.0000    	-0.15275496    	 0.18109500E-01
  1848.0000    	  1849.0000    	-0.27716348    	 0.39144189E-01
  1849.0000    	  1850.0000    	-0.17521257    	 0.39441277E-01
  1850.0000    	  1851.0000    	-0.31045147    	 0.41039843E-01
  1851.0000    	  1852.0000    	-0.24906934    	 0.35466988E-01
  1852.0000    	  1853.0000    	-0.21722583    	 0.32845909E-01
  1853.0000    	  1854.0000    	-0.24486921    	 0.35197163E-01
  1854.0000    	  1855.0000    	-0.19455705    	 0.34453201E-01
  1855.0000    	  1856.0000    	-0.22110378    	 0.38671780E-01
  1856.0000    	  1857.0000    	-0.20458738    	 0.33805335E-01
  1857.0000    	  1858.0000    	-0.17779995    	 0.34947535E-01
  1858.0000    	  1859.0000    	-0.13279996    	 0.27234928E-01
  1859.0000    	  1860.0000    	-0.19158824    	 0.35183006E-01
  1860.0000    	  1861.0000    	-0.19457834    	 0.41975386E-01
  1861.0000    	  1862.0000    	-0.17189319    	 0.38119526E-01
  1862.0000    	  1863.0000    	-0.26773097    	 0.36707030E-01
  1863.0000    	  1864.0000    	-0.20008464    	 0.32301507E-01
  1864.0000    	  1865.0000    	-0.19957395    	 0.36796021E-01
  1865.0000    	  1866.0000    	-0.26199274    	 0.35354534E-01
  1866.0000    	  1867.0000    	-0.14925198    	 0.39134464E-01
  1867.0000    	  1868.0000    	-0.21345113    	 0.34730954E-01
  1868.0000    	  1869.0000    	-0.13681500    	 0.32384723E-01
  1869.0000    	  1870.0000    	-0.10496837    	 0.30367647E-01
  1870.0000    	  1871.0000    	-0.19798939    	 0.41316698E-01
  1871.0000    	  1872.0000    	-0.20576890    	 0.38927357E-01
  1872.0000    	  1873.0000    	-0.25219139    	 0.38166004E-01
  1873.0000    	  1874.0000    	-0.31978991    	 0.35156436E-01
  1874.0000    	  1875.0000    	-0.21348268    	 0.33362898E-01
  1875.0000    	  1876.0000    	-0.24066160    	 0.31839333E-01
  1876.0000    	  1877.0000    	-0.14738169    	 0.32448608E-01
  1877.0000    	  1878.0000    	-0.18773174    	 0.34475448E-01
  1878.0000    	  1879.0000    	-0.17066950    	 0.37117690E-01
  1879.0000    	  1880.0000    	-0.16634094    	 0.29163808E-01
  1880.0000    	  1881.0000    	-0.13170439    	 0.30392299E-01
  1881.0000    	  1882.0000    	-0.21076465    	 0.39490996E-01
  1882.0000    	  1883.0000    	-0.20634046    	 0.34876268E-01
  1883.0000    	  1884.0000    	-0.22569732    	 0.41177426E-01
  1884.0000    	  1885.0000    	-0.13018394    	 0.36327989E-01
  1885.0000    	  1886.0000    	-0.22602991    	 0.38341975E-01
  1886.0000    	  1887.0000    	-0.27928460    	 0.36391211E-01
  1887.0000    	  1888.0000    	-0.22011527    	 0.33179242E-01
  1888.0000    	  1889.0000    	-0.20961635    	 0.37129425E-01
  1889.0000    	  1890.0000    	-0.14884181    	 0.35668443E-01
  1890.0000    	  1891.0000    	-0.10993608    	 0.27414822E-01
  1891.0000    	  1892.0000    	-0.12098077    	 0.33494094E-01
  1892.0000    	  1893.0000    	-0.20150632    	 0.31975803E-01
  1893.0000    	  1894.0000    	-0.27199920    	 0.40189597E-01
  1894.0000    	  1895.0000    	-0.22577871    	 0.34780820E-01
  1895.0000    	  1896.0000    	-0.21836157    	 0.34607160E-01
  1896.0000    	  1897.0000    	-0.31348954    	 0.37168665E-01
  1897.0000    	  1898.0000    	-0.22667010    	 0.35100584E-01
  1898.0000    	  1899.0000    	-0.24441230    	 0.36537847E-01
  1899.0000    	  1900.0000    	-0.22031251    	 0.31817775E-01
  1900.0000    	  1901.0000    	-0.16523205    	 0.18188124E-01
  1901.0000    	  1902.0000    	-0.15435358    	 0.21934570E-01
  1902.0000    	  1903.0000    	-0.92010122E-01	 0.27487189E-01
  1903.0000    	  1904.0000    	-0.20430906    	 0.30056276E-01
  1904.0000    	  1905.0000    	-0.25806471    	 0.40850581E-01
  1905.0000    	  1906.0000    	-0.15537364    	 0.34308986E-01
  1906.0000    	  1907.0000    	-0.22236895    	 0.35152151E-01
  1907.0000    	  1908.0000    	-0.20382863    	 0.39459803E-01
  1908.0000    	  1909.0000    	-0.24554863    	 0.37633718E-01
  1909.0000    	  1910.0000    	-0.22432852    	 0.28754708E-01
  1910.0000    	  1911.0000    	-0.22351555    	 0.35223972E-01
  1911.0000    	  1912.0000    	-0.14929470    	 0.37512733E-01
  1912.0000    	  1913.0000    	-0.11292081    	 0.29329190E-01
  1913.0000    	  1914.0000    	-0.14293225    	 0.30024859E-01
  1914.0000    	  1915.0000    	-0.22467315    	 0.30275004E-01
  1915.0000    	  1916.0000    	-0.22736298    	 0.35325750E-01
  1916.0000    	  1917.0000    	-0.28010942    	 0.35741796E-01
  1917.0000    	  1918.0000    	-0.24578822    	 0.36724180E-01
  1918.0000    	  1919.0000    	-0.21198973    	 0.37719750E-01
  1919.0000    	  1920.0000    	-0.18004615    	 0.38226470E-01
  1920.0000    	  1921.0000    	-0.13029960    	 0.33609612E-01
  1921.0000    	  1922.0000    	-0.16526693    	 0.42629715E-01
  1922.0000    	  1923.0000    	-0.12844632    	 0.38604984E-01
  1923.0000    	  1924.0000    	-0.16696262    	 0.29537431E-01
  1924.0000    	  1925.0000    	-0.90139894E-01	 0.27364740E-01
  1925.0000    	  1926.0000    	-0.21159691    	 0.33012929E-01
  1926.0000    	  1927.0000    	-0.16404453    	 0.39629000E-01
  1927.0000    	  1928.0000    	-0.24892431    	 0.35151053E-01
  1928.0000    	  1929.0000    	-0.18580457    	 0.31496059E-01
  1929.0000    	  1930.0000    	-0.18594195    	 0.36750457E-01
  1930.0000    	  1931.0000    	-0.21975265    	 0.37395510E-01
  1931.0000    	  1932.0000    	-0.24217770    	 0.31695277E-01
  1932.0000    	  1933.0000    	-0.15353595    	 0.34008883E-01
  1933.0000    	  1934.0000    	-0.18242879    	 0.32419208E-01
  1934.0000    	  1935.0000    	-0.13884060    	 0.32348517E-01
  1935.0000    	  1936.0000    	-0.38411596E-01	 0.31820779E-01
  1936.0000    	  1937.0000    	-0.17453590    	 0.38222432E-01
  1937.0000    	  1938.0000    	-0.21088302    	 0.37233292E-01
  1938.0000    	  1939.0000    	-0.24760878    	 0.38017193E-01
  1939.0000    	  1940.0000    	-0.20043456    	 0.26103591E-01
  1940.0000    	  1941.0000    	-0.20830897    	 0.38408407E-01
  1941.0000    	  1942.0000    	-0.20623955    	 0.36299798E-01
  1942.0000    	  1943.0000    	-0.18899311    	 0.39510337E-01
  1943.0000    	  1944.0000    	-0.19374061    	 0.30612972E-01
  1944.0000    	  1945.0000    	-0.15871045    	 0.32947694E-01
  1945.0000    	  1946.0000    	-0.11258966    	 0.30405927E-01
  1946.0000    	  1947.0000    	-0.12595566    	 0.20318732E-01
  1947.0000    	  1948.0000    	-0.13197169    	 0.41038708E-01
  1948.0000    	  1949.0000    	-0.18791604    	 0.35913209E-01
  1949.0000    	  1950.0000    	-0.24789582    	 0.33880712E-01
  1950.0000    	  1951.0000    	-0.17414442    	 0.21202989E-01
  1951.0000    	  1952.0000    	-0.17991252    	 0.41381820E-01
  1952.0000    	  1953.0000    	-0.24703287    	 0.31007086E-01
  1953.0000    	  1954.0000    	-0.15769163    	 0.35292312E-01
  1954.0000    	  1955.0000    	-0.17822218    	 0.35482309E-01
  1955.0000    	  1956.0000    	-0.17930985    	 0.31377302E-01
  1956.0000    	  1957.0000    	-0.12961149    	 0.31353399E-01
  1957.0000    	  1958.0000    	 0.35738249E-01	 0.28748769E-01
  1958.0000    	  1959.0000    	-0.28422187    	 0.37773692E-01
  1959.0000    	  1960.0000    	-0.25645015    	 0.38222413E-01
  1960.0000    	  1961.0000    	-0.17796280    	 0.32354264E-01
  1961.0000    	  1962.0000    	-0.14444894    	 0.29572041E-01
  1962.0000    	  1963.0000    	-0.17242451    	 0.32092468E-01
  1963.0000    	  1964.0000    	-0.18526170    	 0.35234807E-01
  1964.0000    	  1965.0000    	-0.19954583    	 0.35858119E-01
  1965.0000    	  1966.0000    	-0.11397521    	 0.33590080E-01
  1966.0000    	  1967.0000    	-0.15943673    	 0.32552173E-01
  1967.0000    	  1968.0000    	-0.11446038    	 0.32111749E-01
  1968.0000    	  1969.0000    	-0.12220790    	 0.25074616E-01
  1969.0000    	  1970.0000    	-0.20984565    	 0.30666762E-01
  1970.0000    	  1971.0000    	-0.17368059    	 0.37869720E-01
  1971.0000    	  1972.0000    	-0.21538396    	 0.33624944E-01
  1972.0000    	  1973.0000    	-0.17541925    	 0.30065566E-01
  1973.0000    	  1974.0000    	-0.22701043    	 0.36172861E-01
  1974.0000    	  1975.0000    	-0.19417883    	 0.25374755E-01
  1975.0000    	  1976.0000    	-0.20169285    	 0.33182158E-01
  1976.0000    	  1977.0000    	-0.20577245    	 0.31923085E-01
  1977.0000    	  1978.0000    	-0.15899320    	 0.31113164E-01
  1978.0000    	  1979.0000    	-0.14796333    	 0.29169499E-01
  1979.0000    	  1980.0000    	-0.61605044E-01	 0.32965913E-01
  1980.0000    	  1981.0000    	-0.16102793    	 0.36852045E-01
  1981.0000    	  1982.0000    	-0.19819124    	 0.35633535E-01
  1982.0000    	  1983.0000    	-0.14672366    	 0.35228380E-01
  1983.0000    	  1984.0000    	-0.20886217    	 0.31439317E-01
  1984.0000    	  1985.0000    	-0.19419251    	 0.25047798E-01
  1985.0000    	  1986.0000    	-0.17061870    	 0.33671493E-01
  1986.0000    	  1987.0000    	-0.15604963    	 0.25557413E-01
  1987.0000    	  1988.0000    	-0.20799767    	 0.33536906E-01
  1988.0000    	  1989.0000    	-0.20293552    	 0.32686861E-01
  1989.0000    	  1990.0000    	-0.15969375    	 0.26806066E-01
  1990.0000    	  1991.0000    	-0.11592596    	 0.25710943E-01
  1991.0000    	  1992.0000    	-0.17025682    	 0.39172573E-01
  1992.0000    	  1993.0000    	-0.13177668    	 0.38743697E-01
  1993.0000    	  1994.0000    	-0.16464730    	 0.34307527E-01
  1994.0000    	  1995.0000    	-0.14842486    	 0.23061215E-01
  1995.0000    	  1996.0000    	-0.21720738    	 0.35834124E-01
  1996.0000    	  1997.0000    	-0.29505666    	 0.32647880E-01
  1997.0000    	  1998.0000    	-0.13306610    	 0.34185056E-01
  1998.0000    	  1999.0000    	-0.14539194    	 0.33251997E-01
  1999.0000    	  2000.0000    	-0.12253553    	 0.27291597E-01
  2000.0000    	  2001.0000    	-0.98225146E-01	 0.32006277E-01
  2001.0000    	  2002.0000    	-0.10915145    	 0.25116009E-01
  2002.0000    	  2003.0000    	-0.16487629    	 0.27641736E-01
  2003.0000    	  2004.0000    	-0.19724323    	 0.30365099E-01
  2004.0000    	  2005.0000    	-0.24309506    	 0.37076213E-01
  2005.0000    	  2006.0000    	-0.25203604    	 0.33680742E-01
  2006.0000    	  2007.0000    	-0.21099395    	 0.28408352E-01
  2007.0000    	  2008.0000    	-0.20880865    	 0.30760749E-01
  2008.0000    	  2009.0000    	-0.17507022    	 0.30950110E-01
  2009.0000    	  2010.0000    	-0.17787475    	 0.29888601E-01
  2010.0000    	  2011.0000    	-0.12521036    	 0.28096666E-01
  2011.0000    	  2012.0000    	-0.15529122    	 0.34050432E-01
  2012.0000    	  2013.0000    	-0.96698823E-01	 0.20481215E-01
  2013.0000    	  2014.0000    	-0.24274672    	 0.36179460E-01
  2014.0000    	  2015.0000    	-0.17204509    	 0.37174329E-01
  2015.0000    	  2016.0000    	-0.16757270    	 0.28654711E-01
  2016.0000    	  2017.0000    	-0.15288773    	 0.34612488E-01
  2017.0000    	  2018.0000    	-0.21816405    	 0.32698426E-01
  2018.0000    	  2019.0000    	-0.21493869    	 0.34415410E-01
  2019.0000    	  2020.0000    	-0.18322425    	 0.28394323E-01
  2020.0000    	  2021.0000    	-0.13879265    	 0.33318716E-01
  2021.0000    	  2022.0000    	-0.12266111    	 0.30474382E-01
  2022.0000    	  2023.0000    	-0.90202431E-01	 0.29340213E-01
  2023.0000    	  2024.0000    	-0.11090520    	 0.29608096E-01
