# xi4
# underflow	 -7.3510216    	 0.18057076E-01
# overflow	-0.25884335E-01	 0.21024690E-02
# sum	 -8.6287606    	 0.22760174E-01
# xmin	xmax	cross	numerror
  2024.0000    	  2025.0000    	-0.20007556E-02	 0.63927906E-03
  2025.0000    	  2026.0000    	-0.22612599E-02	 0.47741394E-03
  2026.0000    	  2027.0000    	-0.23058219E-02	 0.55757733E-03
  2027.0000    	  2028.0000    	-0.33125487E-02	 0.54271715E-03
  2028.0000    	  2029.0000    	-0.27832056E-02	 0.59596861E-03
  2029.0000    	  2030.0000    	-0.37604438E-02	 0.56430193E-03
  2030.0000    	  2031.0000    	-0.33473298E-02	 0.57181044E-03
  2031.0000    	  2032.0000    	-0.15870151E-02	 0.57229226E-03
  2032.0000    	  2033.0000    	-0.65969056E-03	 0.53128192E-03
  2033.0000    	  2034.0000    	-0.27983446E-03	 0.62091521E-03
  2034.0000    	  2035.0000    	-0.12100010E-02	 0.60291043E-03
  2035.0000    	  2036.0000    	-0.16677273E-02	 0.57806334E-03
  2036.0000    	  2037.0000    	-0.29892177E-02	 0.63704632E-03
  2037.0000    	  2038.0000    	-0.30125854E-02	 0.58560776E-03
  2038.0000    	  2039.0000    	-0.15793771E-02	 0.54868521E-03
  2039.0000    	  2040.0000    	-0.34839585E-02	 0.62164830E-03
  2040.0000    	  2041.0000    	-0.19200171E-02	 0.56368243E-03
  2041.0000    	  2042.0000    	-0.28191241E-02	 0.61626221E-03
  2042.0000    	  2043.0000    	-0.15106190E-02	 0.61100045E-03
  2043.0000    	  2044.0000    	-0.65500839E-03	 0.57068508E-03
  2044.0000    	  2045.0000    	-0.13904510E-02	 0.63547687E-03
  2045.0000    	  2046.0000    	 0.63734862E-03	 0.56038966E-03
  2046.0000    	  2047.0000    	-0.55169350E-03	 0.56264530E-03
  2047.0000    	  2048.0000    	-0.79596067E-03	 0.49135341E-03
  2048.0000    	  2049.0000    	-0.31489012E-02	 0.57580130E-03
  2049.0000    	  2050.0000    	-0.33682973E-02	 0.56982886E-03
  2050.0000    	  2051.0000    	-0.37828559E-02	 0.67009756E-03
  2051.0000    	  2052.0000    	-0.24342405E-02	 0.43358594E-03
  2052.0000    	  2053.0000    	-0.28973144E-02	 0.60339893E-03
  2053.0000    	  2054.0000    	-0.10981463E-02	 0.53288688E-03
  2054.0000    	  2055.0000    	-0.15233045E-02	 0.51556386E-03
  2055.0000    	  2056.0000    	-0.19006594E-02	 0.58337823E-03
  2056.0000    	  2057.0000    	 0.46576748E-03	 0.54464769E-03
  2057.0000    	  2058.0000    	-0.90700055E-03	 0.55622307E-03
  2058.0000    	  2059.0000    	 0.92951934E-04	 0.53222675E-03
  2059.0000    	  2060.0000    	-0.20670612E-02	 0.62705958E-03
  2060.0000    	  2061.0000    	-0.20657163E-02	 0.59802552E-03
  2061.0000    	  2062.0000    	-0.21523779E-02	 0.57990212E-03
  2062.0000    	  2063.0000    	-0.15593217E-02	 0.63609909E-03
  2063.0000    	  2064.0000    	-0.17513713E-02	 0.59606210E-03
  2064.0000    	  2065.0000    	-0.22261310E-02	 0.52176574E-03
  2065.0000    	  2066.0000    	-0.16322439E-02	 0.48972207E-03
  2066.0000    	  2067.0000    	-0.34859783E-03	 0.59408866E-03
  2067.0000    	  2068.0000    	-0.12390041E-02	 0.59896410E-03
  2068.0000    	  2069.0000    	-0.17826016E-02	 0.54552678E-03
  2069.0000    	  2070.0000    	-0.33855147E-02	 0.56258371E-03
  2070.0000    	  2071.0000    	-0.32515643E-02	 0.56259313E-03
  2071.0000    	  2072.0000    	-0.26718589E-02	 0.50617632E-03
  2072.0000    	  2073.0000    	-0.38440168E-02	 0.54968472E-03
  2073.0000    	  2074.0000    	-0.22858380E-02	 0.54551825E-03
  2074.0000    	  2075.0000    	-0.28227556E-02	 0.62650414E-03
  2075.0000    	  2076.0000    	-0.10176352E-02	 0.54590002E-03
  2076.0000    	  2077.0000    	-0.15683604E-02	 0.50669233E-03
  2077.0000    	  2078.0000    	-0.44025441E-03	 0.57049813E-03
  2078.0000    	  2079.0000    	-0.25944466E-03	 0.56910125E-03
  2079.0000    	  2080.0000    	-0.17966108E-02	 0.58892278E-03
  2080.0000    	  2081.0000    	-0.37044333E-02	 0.63957154E-03
  2081.0000    	  2082.0000    	-0.27222287E-02	 0.57658559E-03
  2082.0000    	  2083.0000    	-0.28475846E-02	 0.52379323E-03
  2083.0000    	  2084.0000    	-0.22299203E-02	 0.56241026E-03
  2084.0000    	  2085.0000    	-0.28179859E-02	 0.50632998E-03
  2085.0000    	  2086.0000    	-0.12829387E-02	 0.53814689E-03
  2086.0000    	  2087.0000    	-0.96924411E-03	 0.53357406E-03
  2087.0000    	  2088.0000    	-0.79488984E-03	 0.58440374E-03
  2088.0000    	  2089.0000    	-0.69934853E-03	 0.56130795E-03
  2089.0000    	  2090.0000    	 0.46439710E-03	 0.66031165E-03
  2090.0000    	  2091.0000    	-0.27062022E-02	 0.57602442E-03
  2091.0000    	  2092.0000    	-0.82812367E-03	 0.54933564E-03
  2092.0000    	  2093.0000    	-0.30707236E-02	 0.61937692E-03
  2093.0000    	  2094.0000    	-0.23509469E-02	 0.45857194E-03
  2094.0000    	  2095.0000    	-0.25323582E-02	 0.54837033E-03
  2095.0000    	  2096.0000    	-0.19959264E-02	 0.51095362E-03
  2096.0000    	  2097.0000    	-0.23381047E-02	 0.55622499E-03
  2097.0000    	  2098.0000    	-0.22471951E-02	 0.51886362E-03
  2098.0000    	  2099.0000    	-0.71036748E-03	 0.61190236E-03
  2099.0000    	  2100.0000    	-0.67722200E-03	 0.59272415E-03
  2100.0000    	  2101.0000    	-0.96813497E-03	 0.66993190E-03
  2101.0000    	  2102.0000    	-0.21261573E-02	 0.52846951E-03
  2102.0000    	  2103.0000    	-0.27453027E-02	 0.55900795E-03
  2103.0000    	  2104.0000    	-0.28205832E-02	 0.57448101E-03
  2104.0000    	  2105.0000    	-0.25185468E-02	 0.52230582E-03
  2105.0000    	  2106.0000    	-0.24847965E-02	 0.53160513E-03
  2106.0000    	  2107.0000    	-0.14700416E-02	 0.46854287E-03
  2107.0000    	  2108.0000    	 0.51103038E-04	 0.60298332E-03
  2108.0000    	  2109.0000    	-0.22179420E-02	 0.55137254E-03
  2109.0000    	  2110.0000    	-0.17943569E-02	 0.60143750E-03
  2110.0000    	  2111.0000    	-0.93936707E-03	 0.44867868E-03
  2111.0000    	  2112.0000    	-0.14813645E-03	 0.30436301E-03
  2112.0000    	  2113.0000    	-0.22431217E-02	 0.52872950E-03
  2113.0000    	  2114.0000    	-0.11184745E-02	 0.50400013E-03
  2114.0000    	  2115.0000    	-0.22034273E-02	 0.49971580E-03
  2115.0000    	  2116.0000    	-0.22672827E-02	 0.52203554E-03
  2116.0000    	  2117.0000    	-0.31302083E-02	 0.57278839E-03
  2117.0000    	  2118.0000    	-0.12817763E-02	 0.45416423E-03
  2118.0000    	  2119.0000    	-0.34135457E-02	 0.54084133E-03
  2119.0000    	  2120.0000    	-0.15647822E-02	 0.49247596E-03
  2120.0000    	  2121.0000    	-0.16989869E-02	 0.53294964E-03
  2121.0000    	  2122.0000    	-0.14299295E-02	 0.58078600E-03
  2122.0000    	  2123.0000    	-0.75182356E-03	 0.61264808E-03
  2123.0000    	  2124.0000    	-0.18992978E-02	 0.52055542E-03
  2124.0000    	  2125.0000    	-0.21545596E-02	 0.50443007E-03
  2125.0000    	  2126.0000    	-0.13845917E-02	 0.49104293E-03
  2126.0000    	  2127.0000    	-0.19913007E-02	 0.51979148E-03
  2127.0000    	  2128.0000    	-0.23045309E-02	 0.52393047E-03
  2128.0000    	  2129.0000    	-0.27245756E-02	 0.53911645E-03
  2129.0000    	  2130.0000    	-0.14101355E-02	 0.58952334E-03
  2130.0000    	  2131.0000    	-0.17723952E-02	 0.49688990E-03
  2131.0000    	  2132.0000    	-0.18269428E-02	 0.54723245E-03
  2132.0000    	  2133.0000    	-0.64863366E-03	 0.56801497E-03
  2133.0000    	  2134.0000    	-0.87873867E-03	 0.53551207E-03
  2134.0000    	  2135.0000    	-0.16221299E-02	 0.59310732E-03
  2135.0000    	  2136.0000    	-0.25670495E-02	 0.57343411E-03
  2136.0000    	  2137.0000    	-0.24030210E-02	 0.56120373E-03
  2137.0000    	  2138.0000    	-0.27824830E-02	 0.54295549E-03
  2138.0000    	  2139.0000    	-0.18952087E-02	 0.54641536E-03
  2139.0000    	  2140.0000    	-0.13364911E-02	 0.50669833E-03
  2140.0000    	  2141.0000    	-0.20225303E-02	 0.48849515E-03
  2141.0000    	  2142.0000    	-0.22869810E-02	 0.46080398E-03
  2142.0000    	  2143.0000    	-0.11672953E-02	 0.50826137E-03
  2143.0000    	  2144.0000    	-0.17919406E-02	 0.56447747E-03
  2144.0000    	  2145.0000    	-0.14054310E-02	 0.59308396E-03
  2145.0000    	  2146.0000    	-0.12492428E-02	 0.59607211E-03
  2146.0000    	  2147.0000    	-0.81794511E-03	 0.49567619E-03
  2147.0000    	  2148.0000    	-0.30220754E-02	 0.51694198E-03
  2148.0000    	  2149.0000    	-0.20877813E-02	 0.52252075E-03
  2149.0000    	  2150.0000    	-0.27959437E-02	 0.49451422E-03
  2150.0000    	  2151.0000    	-0.34230201E-02	 0.55480390E-03
  2151.0000    	  2152.0000    	-0.25534439E-02	 0.54654215E-03
  2152.0000    	  2153.0000    	-0.93620584E-03	 0.52876298E-03
  2153.0000    	  2154.0000    	-0.14514861E-02	 0.51068817E-03
  2154.0000    	  2155.0000    	-0.60509635E-03	 0.63580533E-03
  2155.0000    	  2156.0000    	-0.76950719E-03	 0.61552421E-03
  2156.0000    	  2157.0000    	-0.19153153E-02	 0.52008101E-03
  2157.0000    	  2158.0000    	-0.40486624E-03	 0.51610689E-03
  2158.0000    	  2159.0000    	-0.32457215E-02	 0.51989734E-03
  2159.0000    	  2160.0000    	-0.30114154E-02	 0.56103896E-03
  2160.0000    	  2161.0000    	-0.21383566E-02	 0.53040554E-03
  2161.0000    	  2162.0000    	-0.20899720E-02	 0.45889837E-03
  2162.0000    	  2163.0000    	-0.20093122E-02	 0.48080692E-03
  2163.0000    	  2164.0000    	-0.24197533E-02	 0.53550143E-03
  2164.0000    	  2165.0000    	-0.79365835E-03	 0.50675121E-03
  2165.0000    	  2166.0000    	-0.11533670E-02	 0.62926736E-03
  2166.0000    	  2167.0000    	-0.14392375E-02	 0.49378625E-03
  2167.0000    	  2168.0000    	-0.13102766E-02	 0.49674975E-03
  2168.0000    	  2169.0000    	-0.29793213E-02	 0.66447818E-03
  2169.0000    	  2170.0000    	-0.34228451E-02	 0.55199049E-03
  2170.0000    	  2171.0000    	-0.16861565E-02	 0.58331749E-03
  2171.0000    	  2172.0000    	-0.79905560E-03	 0.63845305E-03
  2172.0000    	  2173.0000    	-0.19517476E-02	 0.48313462E-03
  2173.0000    	  2174.0000    	-0.18436438E-02	 0.46666950E-03
  2174.0000    	  2175.0000    	-0.19607694E-02	 0.50698711E-03
  2175.0000    	  2176.0000    	-0.12255363E-02	 0.52089042E-03
  2176.0000    	  2177.0000    	-0.83040390E-03	 0.51236058E-03
  2177.0000    	  2178.0000    	-0.76403665E-03	 0.49245666E-03
  2178.0000    	  2179.0000    	-0.18793727E-02	 0.48129320E-03
  2179.0000    	  2180.0000    	-0.27068635E-02	 0.48939357E-03
  2180.0000    	  2181.0000    	 0.66520494E-03	 0.53704137E-03
  2181.0000    	  2182.0000    	-0.20728043E-02	 0.58028155E-03
  2182.0000    	  2183.0000    	-0.27721348E-02	 0.50886309E-03
  2183.0000    	  2184.0000    	-0.66512137E-03	 0.46021559E-03
  2184.0000    	  2185.0000    	-0.13943576E-02	 0.48861395E-03
  2185.0000    	  2186.0000    	-0.96782186E-03	 0.44271162E-03
  2186.0000    	  2187.0000    	-0.12487966E-02	 0.50952333E-03
  2187.0000    	  2188.0000    	-0.75648478E-03	 0.54050790E-03
  2188.0000    	  2189.0000    	-0.86492752E-03	 0.65573891E-03
  2189.0000    	  2190.0000    	-0.78758655E-03	 0.53272505E-03
  2190.0000    	  2191.0000    	-0.19007896E-02	 0.52277475E-03
  2191.0000    	  2192.0000    	-0.25403955E-02	 0.57176378E-03
  2192.0000    	  2193.0000    	-0.19629148E-02	 0.55635030E-03
  2193.0000    	  2194.0000    	-0.20819226E-02	 0.47635780E-03
  2194.0000    	  2195.0000    	-0.19454063E-02	 0.48251146E-03
  2195.0000    	  2196.0000    	-0.29222594E-02	 0.57140367E-03
  2196.0000    	  2197.0000    	-0.14361083E-02	 0.49268423E-03
  2197.0000    	  2198.0000    	-0.11323171E-02	 0.45357983E-03
  2198.0000    	  2199.0000    	-0.14579435E-02	 0.59606257E-03
  2199.0000    	  2200.0000    	-0.77270419E-03	 0.61150692E-03
  2200.0000    	  2201.0000    	-0.14199559E-02	 0.55933682E-03
  2201.0000    	  2202.0000    	-0.10110098E-02	 0.51469196E-03
  2202.0000    	  2203.0000    	-0.22020692E-02	 0.49229320E-03
  2203.0000    	  2204.0000    	-0.14962365E-02	 0.53376853E-03
  2204.0000    	  2205.0000    	-0.23402886E-02	 0.50846223E-03
  2205.0000    	  2206.0000    	-0.25983847E-02	 0.54317949E-03
  2206.0000    	  2207.0000    	-0.10500168E-02	 0.51570315E-03
  2207.0000    	  2208.0000    	-0.11963857E-02	 0.55718368E-03
  2208.0000    	  2209.0000    	-0.11952092E-02	 0.44104779E-03
  2209.0000    	  2210.0000    	-0.55870563E-03	 0.58206954E-03
  2210.0000    	  2211.0000    	-0.14357405E-02	 0.61568104E-03
  2211.0000    	  2212.0000    	-0.19263560E-02	 0.52804433E-03
  2212.0000    	  2213.0000    	-0.17252173E-02	 0.60912300E-03
  2213.0000    	  2214.0000    	-0.26556010E-02	 0.60265489E-03
  2214.0000    	  2215.0000    	-0.29778041E-02	 0.52223353E-03
  2215.0000    	  2216.0000    	-0.11134327E-02	 0.43344645E-03
  2216.0000    	  2217.0000    	-0.21100729E-02	 0.52356289E-03
  2217.0000    	  2218.0000    	-0.16769465E-02	 0.57435316E-03
  2218.0000    	  2219.0000    	-0.24652892E-02	 0.50317244E-03
  2219.0000    	  2220.0000    	-0.18127610E-02	 0.53210269E-03
  2220.0000    	  2221.0000    	-0.74315682E-03	 0.56354578E-03
  2221.0000    	  2222.0000    	-0.92726514E-03	 0.54009419E-03
  2222.0000    	  2223.0000    	-0.13274720E-02	 0.46805334E-03
  2223.0000    	  2224.0000    	-0.19703073E-02	 0.43732312E-03
  2224.0000    	  2225.0000    	-0.24241991E-02	 0.49081124E-03
  2225.0000    	  2226.0000    	-0.37623044E-02	 0.58950708E-03
  2226.0000    	  2227.0000    	-0.16867195E-02	 0.50676943E-03
  2227.0000    	  2228.0000    	-0.19331057E-02	 0.48991734E-03
  2228.0000    	  2229.0000    	-0.23205033E-02	 0.48180495E-03
  2229.0000    	  2230.0000    	-0.17872824E-02	 0.41403387E-03
  2230.0000    	  2231.0000    	-0.17787723E-02	 0.56509456E-03
  2231.0000    	  2232.0000    	-0.12480318E-02	 0.57116200E-03
  2232.0000    	  2233.0000    	-0.18094617E-03	 0.50515363E-03
  2233.0000    	  2234.0000    	-0.63044803E-03	 0.45236114E-03
  2234.0000    	  2235.0000    	-0.27463301E-02	 0.54981463E-03
  2235.0000    	  2236.0000    	-0.13375208E-02	 0.45532241E-03
  2236.0000    	  2237.0000    	-0.36732492E-03	 0.40399588E-03
  2237.0000    	  2238.0000    	-0.19465625E-02	 0.48745641E-03
  2238.0000    	  2239.0000    	-0.15790444E-02	 0.43962198E-03
  2239.0000    	  2240.0000    	-0.22440792E-02	 0.56475095E-03
  2240.0000    	  2241.0000    	-0.11906735E-02	 0.50963349E-03
  2241.0000    	  2242.0000    	 0.11251819E-03	 0.64606913E-03
  2242.0000    	  2243.0000    	-0.17214629E-02	 0.57970700E-03
  2243.0000    	  2244.0000    	-0.54436945E-03	 0.53268278E-03
  2244.0000    	  2245.0000    	-0.19399747E-02	 0.38694255E-03
  2245.0000    	  2246.0000    	-0.13574757E-02	 0.43919745E-03
  2246.0000    	  2247.0000    	-0.24837506E-02	 0.51186951E-03
  2247.0000    	  2248.0000    	-0.10820457E-02	 0.50749999E-03
  2248.0000    	  2249.0000    	-0.19194472E-02	 0.53376530E-03
  2249.0000    	  2250.0000    	-0.22240785E-02	 0.54741297E-03
  2250.0000    	  2251.0000    	-0.21951186E-02	 0.49931614E-03
  2251.0000    	  2252.0000    	-0.10400975E-02	 0.45471336E-03
  2252.0000    	  2253.0000    	-0.17775749E-02	 0.49740987E-03
  2253.0000    	  2254.0000    	-0.39023990E-03	 0.56582885E-03
  2254.0000    	  2255.0000    	-0.15414191E-02	 0.54017234E-03
  2255.0000    	  2256.0000    	-0.23637698E-02	 0.41748026E-03
  2256.0000    	  2257.0000    	-0.18445393E-02	 0.46048926E-03
  2257.0000    	  2258.0000    	-0.16369606E-02	 0.50491331E-03
  2258.0000    	  2259.0000    	-0.30359114E-02	 0.54996198E-03
  2259.0000    	  2260.0000    	-0.25821245E-02	 0.49786108E-03
  2260.0000    	  2261.0000    	-0.21750387E-02	 0.47839334E-03
  2261.0000    	  2262.0000    	-0.13211469E-02	 0.45973444E-03
  2262.0000    	  2263.0000    	-0.21530207E-02	 0.50757925E-03
  2263.0000    	  2264.0000    	-0.17716619E-02	 0.49712660E-03
  2264.0000    	  2265.0000    	-0.34365708E-03	 0.52745466E-03
  2265.0000    	  2266.0000    	 0.95572706E-04	 0.42505166E-03
  2266.0000    	  2267.0000    	-0.14847086E-02	 0.49766799E-03
  2267.0000    	  2268.0000    	-0.31236709E-02	 0.52519379E-03
  2268.0000    	  2269.0000    	-0.20876393E-02	 0.42380673E-03
  2269.0000    	  2270.0000    	-0.24945305E-02	 0.57859675E-03
  2270.0000    	  2271.0000    	-0.19860331E-02	 0.49397066E-03
  2271.0000    	  2272.0000    	-0.19705631E-02	 0.44560888E-03
  2272.0000    	  2273.0000    	-0.11508577E-02	 0.39227363E-03
  2273.0000    	  2274.0000    	-0.17100823E-02	 0.46325440E-03
  2274.0000    	  2275.0000    	-0.14560513E-02	 0.48348890E-03
  2275.0000    	  2276.0000    	-0.86565647E-04	 0.44822528E-03
  2276.0000    	  2277.0000    	-0.11252762E-02	 0.45522793E-03
  2277.0000    	  2278.0000    	-0.18037574E-02	 0.47654311E-03
  2278.0000    	  2279.0000    	-0.13335881E-02	 0.54990132E-03
  2279.0000    	  2280.0000    	-0.18797851E-02	 0.48099485E-03
  2280.0000    	  2281.0000    	-0.23857461E-02	 0.51024345E-03
  2281.0000    	  2282.0000    	-0.29463439E-02	 0.42791628E-03
  2282.0000    	  2283.0000    	-0.25436533E-02	 0.42364871E-03
  2283.0000    	  2284.0000    	-0.48767281E-03	 0.42115138E-03
  2284.0000    	  2285.0000    	-0.15279198E-02	 0.51526598E-03
  2285.0000    	  2286.0000    	-0.76403366E-03	 0.48904607E-03
  2286.0000    	  2287.0000    	-0.13693427E-02	 0.53128406E-03
  2287.0000    	  2288.0000    	-0.10582789E-02	 0.58526865E-03
  2288.0000    	  2289.0000    	-0.82457449E-03	 0.37479891E-03
  2289.0000    	  2290.0000    	-0.77435093E-03	 0.30978581E-03
  2290.0000    	  2291.0000    	-0.12001930E-02	 0.42566336E-03
  2291.0000    	  2292.0000    	-0.15621826E-02	 0.42074193E-03
  2292.0000    	  2293.0000    	-0.13510601E-02	 0.40403363E-03
  2293.0000    	  2294.0000    	-0.17524354E-02	 0.44974403E-03
  2294.0000    	  2295.0000    	-0.16161798E-02	 0.47165743E-03
  2295.0000    	  2296.0000    	-0.13648995E-02	 0.49801726E-03
  2296.0000    	  2297.0000    	-0.88745641E-03	 0.45542368E-03
  2297.0000    	  2298.0000    	-0.80936267E-03	 0.46862212E-03
  2298.0000    	  2299.0000    	-0.60814106E-04	 0.50210880E-03
  2299.0000    	  2300.0000    	-0.20890371E-02	 0.45862234E-03
  2300.0000    	  2301.0000    	-0.13965336E-02	 0.49244045E-03
  2301.0000    	  2302.0000    	-0.11365652E-02	 0.39937905E-03
  2302.0000    	  2303.0000    	-0.13387549E-02	 0.49684804E-03
  2303.0000    	  2304.0000    	-0.17342072E-02	 0.44632726E-03
  2304.0000    	  2305.0000    	-0.13806780E-02	 0.54026537E-03
  2305.0000    	  2306.0000    	-0.21633954E-02	 0.48030929E-03
  2306.0000    	  2307.0000    	-0.14448138E-02	 0.46999950E-03
  2307.0000    	  2308.0000    	-0.18648280E-02	 0.51599606E-03
  2308.0000    	  2309.0000    	-0.12499632E-02	 0.55739722E-03
  2309.0000    	  2310.0000    	-0.18220280E-02	 0.52515101E-03
  2310.0000    	  2311.0000    	-0.16495303E-02	 0.41620078E-03
  2311.0000    	  2312.0000    	-0.15988907E-02	 0.47857182E-03
  2312.0000    	  2313.0000    	-0.17045773E-02	 0.43538572E-03
  2313.0000    	  2314.0000    	-0.18643311E-02	 0.51164705E-03
  2314.0000    	  2315.0000    	-0.14087282E-02	 0.48597151E-03
  2315.0000    	  2316.0000    	-0.15868671E-02	 0.38183294E-03
  2316.0000    	  2317.0000    	-0.18392506E-02	 0.62597874E-03
  2317.0000    	  2318.0000    	-0.32599202E-03	 0.44318720E-03
  2318.0000    	  2319.0000    	-0.13889986E-02	 0.48024102E-03
  2319.0000    	  2320.0000    	-0.10574434E-02	 0.47477766E-03
  2320.0000    	  2321.0000    	-0.21841128E-03	 0.46740228E-03
  2321.0000    	  2322.0000    	-0.20131872E-02	 0.46771795E-03
  2322.0000    	  2323.0000    	-0.14761338E-02	 0.36697116E-03
  2323.0000    	  2324.0000    	-0.36584348E-03	 0.44399246E-03
  2324.0000    	  2325.0000    	-0.10629408E-02	 0.46344658E-03
  2325.0000    	  2326.0000    	-0.32172563E-02	 0.47720846E-03
  2326.0000    	  2327.0000    	-0.22826272E-02	 0.46933550E-03
  2327.0000    	  2328.0000    	-0.20440366E-02	 0.40274445E-03
  2328.0000    	  2329.0000    	-0.16836759E-02	 0.43790105E-03
  2329.0000    	  2330.0000    	-0.14477288E-02	 0.47166668E-03
  2330.0000    	  2331.0000    	-0.13505489E-02	 0.54609581E-03
  2331.0000    	  2332.0000    	-0.15188696E-02	 0.57993781E-03
  2332.0000    	  2333.0000    	-0.18769099E-02	 0.46545001E-03
  2333.0000    	  2334.0000    	-0.18346088E-02	 0.49119908E-03
  2334.0000    	  2335.0000    	-0.21114406E-02	 0.45843471E-03
  2335.0000    	  2336.0000    	-0.23093779E-02	 0.49345091E-03
  2336.0000    	  2337.0000    	-0.17765148E-02	 0.47687710E-03
  2337.0000    	  2338.0000    	-0.19423553E-02	 0.44536001E-03
  2338.0000    	  2339.0000    	-0.12526539E-02	 0.47558210E-03
  2339.0000    	  2340.0000    	-0.10963475E-02	 0.41564062E-03
  2340.0000    	  2341.0000    	-0.23366449E-02	 0.53993090E-03
  2341.0000    	  2342.0000    	-0.89821224E-03	 0.54261435E-03
  2342.0000    	  2343.0000    	 0.24857894E-03	 0.56037454E-03
  2343.0000    	  2344.0000    	-0.20193403E-02	 0.47672988E-03
  2344.0000    	  2345.0000    	-0.21615835E-02	 0.48804493E-03
  2345.0000    	  2346.0000    	-0.17554269E-02	 0.47040169E-03
  2346.0000    	  2347.0000    	-0.26779017E-02	 0.44937853E-03
  2347.0000    	  2348.0000    	-0.94051516E-03	 0.51716014E-03
  2348.0000    	  2349.0000    	-0.21177643E-02	 0.43315351E-03
  2349.0000    	  2350.0000    	-0.17112003E-02	 0.47250765E-03
  2350.0000    	  2351.0000    	-0.43803631E-03	 0.41152849E-03
  2351.0000    	  2352.0000    	-0.73262461E-03	 0.47399540E-03
  2352.0000    	  2353.0000    	-0.12105051E-02	 0.50914406E-03
  2353.0000    	  2354.0000    	-0.13567964E-02	 0.54668134E-03
  2354.0000    	  2355.0000    	-0.13301130E-02	 0.47423120E-03
  2355.0000    	  2356.0000    	-0.13108907E-02	 0.46314949E-03
  2356.0000    	  2357.0000    	-0.26285740E-02	 0.57195267E-03
  2357.0000    	  2358.0000    	-0.78862837E-03	 0.42420829E-03
  2358.0000    	  2359.0000    	-0.31410181E-02	 0.53085596E-03
  2359.0000    	  2360.0000    	-0.16798465E-02	 0.37150418E-03
  2360.0000    	  2361.0000    	-0.13025347E-02	 0.47421182E-03
  2361.0000    	  2362.0000    	-0.19178032E-02	 0.44430678E-03
  2362.0000    	  2363.0000    	-0.10735700E-02	 0.44132829E-03
  2363.0000    	  2364.0000    	-0.92221433E-03	 0.57129157E-03
  2364.0000    	  2365.0000    	 0.52322894E-04	 0.52072756E-03
  2365.0000    	  2366.0000    	-0.19428801E-02	 0.48955233E-03
  2366.0000    	  2367.0000    	-0.82185537E-03	 0.50239565E-03
  2367.0000    	  2368.0000    	 0.68032488E-03	 0.44000833E-03
  2368.0000    	  2369.0000    	-0.16161374E-02	 0.44345909E-03
  2369.0000    	  2370.0000    	-0.10235276E-02	 0.22286309E-03
  2370.0000    	  2371.0000    	-0.23828576E-02	 0.46340338E-03
  2371.0000    	  2372.0000    	-0.13583947E-02	 0.46735585E-03
  2372.0000    	  2373.0000    	-0.73611014E-03	 0.40222406E-03
  2373.0000    	  2374.0000    	-0.12783242E-02	 0.42440735E-03
  2374.0000    	  2375.0000    	-0.14919978E-02	 0.51138389E-03
  2375.0000    	  2376.0000    	-0.88220353E-03	 0.52864112E-03
  2376.0000    	  2377.0000    	-0.11476606E-02	 0.38171174E-03
  2377.0000    	  2378.0000    	-0.14844088E-02	 0.41985986E-03
  2378.0000    	  2379.0000    	-0.22528796E-02	 0.49779375E-03
  2379.0000    	  2380.0000    	-0.21604332E-02	 0.49281250E-03
  2380.0000    	  2381.0000    	-0.25459641E-02	 0.51746023E-03
  2381.0000    	  2382.0000    	-0.26160129E-02	 0.48662764E-03
  2382.0000    	  2383.0000    	-0.19765185E-02	 0.44771845E-03
  2383.0000    	  2384.0000    	-0.13608975E-02	 0.39557152E-03
  2384.0000    	  2385.0000    	-0.99180577E-03	 0.41022534E-03
  2385.0000    	  2386.0000    	-0.13398081E-02	 0.51800346E-03
  2386.0000    	  2387.0000    	-0.10728200E-03	 0.48614358E-03
  2387.0000    	  2388.0000    	-0.73988810E-03	 0.42689633E-03
  2388.0000    	  2389.0000    	-0.12436032E-02	 0.48532366E-03
  2389.0000    	  2390.0000    	-0.16178066E-02	 0.48807198E-03
  2390.0000    	  2391.0000    	-0.27327583E-02	 0.46364135E-03
  2391.0000    	  2392.0000    	-0.28773486E-02	 0.45845211E-03
  2392.0000    	  2393.0000    	-0.15121845E-02	 0.43901888E-03
  2393.0000    	  2394.0000    	-0.20516064E-02	 0.46993520E-03
  2394.0000    	  2395.0000    	-0.14369771E-02	 0.51684751E-03
  2395.0000    	  2396.0000    	-0.25673762E-02	 0.54955157E-03
  2396.0000    	  2397.0000    	-0.17427132E-02	 0.44287415E-03
  2397.0000    	  2398.0000    	-0.31502501E-03	 0.48100976E-03
  2398.0000    	  2399.0000    	-0.12722101E-02	 0.43752302E-03
  2399.0000    	  2400.0000    	-0.16049669E-02	 0.36830415E-03
  2400.0000    	  2401.0000    	-0.15981875E-02	 0.35664213E-03
  2401.0000    	  2402.0000    	-0.91914058E-03	 0.42836598E-03
  2402.0000    	  2403.0000    	-0.12327629E-02	 0.37938549E-03
  2403.0000    	  2404.0000    	-0.14712570E-02	 0.44725208E-03
  2404.0000    	  2405.0000    	-0.17067046E-02	 0.44483879E-03
  2405.0000    	  2406.0000    	-0.89572270E-03	 0.46220741E-03
  2406.0000    	  2407.0000    	-0.41070387E-03	 0.43169216E-03
  2407.0000    	  2408.0000    	-0.21791184E-02	 0.44340191E-03
  2408.0000    	  2409.0000    	-0.85385699E-03	 0.51438850E-03
  2409.0000    	  2410.0000    	-0.15873131E-02	 0.45257261E-03
  2410.0000    	  2411.0000    	-0.14640571E-03	 0.37903571E-03
  2411.0000    	  2412.0000    	-0.22045169E-02	 0.42531133E-03
  2412.0000    	  2413.0000    	-0.14757537E-02	 0.45148622E-03
  2413.0000    	  2414.0000    	-0.16820204E-02	 0.46898147E-03
  2414.0000    	  2415.0000    	-0.14807101E-02	 0.45098472E-03
  2415.0000    	  2416.0000    	-0.11303155E-02	 0.43144691E-03
  2416.0000    	  2417.0000    	-0.79726927E-03	 0.45024099E-03
  2417.0000    	  2418.0000    	-0.22927999E-02	 0.49004450E-03
  2418.0000    	  2419.0000    	-0.15129279E-02	 0.55219699E-03
  2419.0000    	  2420.0000    	-0.10919218E-02	 0.56365282E-03
  2420.0000    	  2421.0000    	-0.17144392E-02	 0.45965550E-03
  2421.0000    	  2422.0000    	-0.21203791E-02	 0.42399728E-03
  2422.0000    	  2423.0000    	-0.11512600E-02	 0.45358325E-03
  2423.0000    	  2424.0000    	-0.90857864E-03	 0.38603253E-03
  2424.0000    	  2425.0000    	-0.20441807E-02	 0.44869414E-03
  2425.0000    	  2426.0000    	-0.19029729E-02	 0.40207777E-03
  2426.0000    	  2427.0000    	-0.14736871E-02	 0.42301169E-03
  2427.0000    	  2428.0000    	-0.11557725E-02	 0.43798167E-03
  2428.0000    	  2429.0000    	-0.11913982E-02	 0.52816525E-03
  2429.0000    	  2430.0000    	-0.94278726E-03	 0.48644691E-03
  2430.0000    	  2431.0000    	-0.11704893E-02	 0.54116967E-03
  2431.0000    	  2432.0000    	-0.25061914E-02	 0.47581790E-03
  2432.0000    	  2433.0000    	-0.76941193E-03	 0.31077500E-03
  2433.0000    	  2434.0000    	-0.11760533E-02	 0.37548497E-03
  2434.0000    	  2435.0000    	-0.11337130E-02	 0.40080107E-03
  2435.0000    	  2436.0000    	-0.17375992E-02	 0.36629347E-03
  2436.0000    	  2437.0000    	-0.91157038E-03	 0.39795872E-03
  2437.0000    	  2438.0000    	-0.17067958E-02	 0.42131576E-03
  2438.0000    	  2439.0000    	-0.18532294E-02	 0.49665089E-03
  2439.0000    	  2440.0000    	-0.11377314E-02	 0.48615605E-03
  2440.0000    	  2441.0000    	-0.12614634E-02	 0.50160923E-03
  2441.0000    	  2442.0000    	-0.21105549E-02	 0.62995988E-03
  2442.0000    	  2443.0000    	-0.15353241E-02	 0.43450612E-03
  2443.0000    	  2444.0000    	-0.14659574E-02	 0.33779757E-03
  2444.0000    	  2445.0000    	-0.16144042E-02	 0.40132582E-03
  2445.0000    	  2446.0000    	-0.18462196E-02	 0.39647094E-03
  2446.0000    	  2447.0000    	-0.12385119E-02	 0.38058089E-03
  2447.0000    	  2448.0000    	-0.78333062E-03	 0.37021289E-03
  2448.0000    	  2449.0000    	-0.75662436E-03	 0.41610135E-03
  2449.0000    	  2450.0000    	-0.15192325E-02	 0.42214556E-03
  2450.0000    	  2451.0000    	-0.14303193E-02	 0.56091898E-03
  2451.0000    	  2452.0000    	 0.26141693E-03	 0.45256875E-03
  2452.0000    	  2453.0000    	-0.11427182E-03	 0.48143025E-03
  2453.0000    	  2454.0000    	-0.19127299E-02	 0.47188403E-03
  2454.0000    	  2455.0000    	-0.85122238E-03	 0.38023156E-03
  2455.0000    	  2456.0000    	-0.11820182E-02	 0.43990511E-03
  2456.0000    	  2457.0000    	-0.18334826E-02	 0.41866130E-03
  2457.0000    	  2458.0000    	-0.15606018E-02	 0.39695716E-03
  2458.0000    	  2459.0000    	-0.75028996E-03	 0.32923780E-03
  2459.0000    	  2460.0000    	-0.20905307E-02	 0.41236632E-03
  2460.0000    	  2461.0000    	-0.11134753E-02	 0.37621380E-03
  2461.0000    	  2462.0000    	-0.52699656E-03	 0.43202054E-03
  2462.0000    	  2463.0000    	-0.15037658E-02	 0.44239299E-03
  2463.0000    	  2464.0000    	 0.65716029E-03	 0.37265938E-03
  2464.0000    	  2465.0000    	-0.85779631E-03	 0.39215658E-03
  2465.0000    	  2466.0000    	-0.13230033E-02	 0.42627262E-03
  2466.0000    	  2467.0000    	-0.21754752E-02	 0.46146213E-03
  2467.0000    	  2468.0000    	-0.14115249E-02	 0.41713367E-03
  2468.0000    	  2469.0000    	-0.17181721E-02	 0.49782718E-03
  2469.0000    	  2470.0000    	-0.23163362E-02	 0.41145082E-03
  2470.0000    	  2471.0000    	-0.17647935E-02	 0.41542050E-03
  2471.0000    	  2472.0000    	-0.20673219E-02	 0.45131206E-03
  2472.0000    	  2473.0000    	-0.17980194E-02	 0.39402368E-03
  2473.0000    	  2474.0000    	-0.14837873E-02	 0.45385006E-03
  2474.0000    	  2475.0000    	-0.12178290E-02	 0.29212467E-03
  2475.0000    	  2476.0000    	-0.15674018E-02	 0.39581288E-03
  2476.0000    	  2477.0000    	 0.74144788E-04	 0.28563106E-03
  2477.0000    	  2478.0000    	-0.14924821E-02	 0.44651729E-03
  2478.0000    	  2479.0000    	-0.22449601E-02	 0.40565335E-03
  2479.0000    	  2480.0000    	-0.20273086E-02	 0.47561836E-03
  2480.0000    	  2481.0000    	-0.20660764E-02	 0.44004599E-03
  2481.0000    	  2482.0000    	-0.18063252E-02	 0.44096659E-03
  2482.0000    	  2483.0000    	-0.10582157E-02	 0.41372774E-03
  2483.0000    	  2484.0000    	-0.95320446E-03	 0.40612574E-03
  2484.0000    	  2485.0000    	-0.10688881E-02	 0.51050957E-03
  2485.0000    	  2486.0000    	-0.69365636E-03	 0.48232172E-03
  2486.0000    	  2487.0000    	-0.14653743E-02	 0.44756726E-03
  2487.0000    	  2488.0000    	-0.14160633E-02	 0.32907019E-03
  2488.0000    	  2489.0000    	-0.95578658E-03	 0.36881468E-03
  2489.0000    	  2490.0000    	-0.61873677E-03	 0.37403870E-03
  2490.0000    	  2491.0000    	-0.14841481E-02	 0.45257605E-03
  2491.0000    	  2492.0000    	-0.52152491E-03	 0.42212023E-03
  2492.0000    	  2493.0000    	-0.13449919E-02	 0.45049627E-03
  2493.0000    	  2494.0000    	-0.10378600E-02	 0.48691165E-03
  2494.0000    	  2495.0000    	-0.14469140E-02	 0.43027811E-03
  2495.0000    	  2496.0000    	-0.23429141E-03	 0.39094585E-03
  2496.0000    	  2497.0000    	-0.82634354E-05	 0.31376866E-03
  2497.0000    	  2498.0000    	-0.11180715E-02	 0.31575534E-03
  2498.0000    	  2499.0000    	-0.13629267E-02	 0.42369260E-03
  2499.0000    	  2500.0000    	-0.10217279E-02	 0.38468827E-03
  2500.0000    	  2501.0000    	-0.16413685E-02	 0.36605776E-03
  2501.0000    	  2502.0000    	-0.13544104E-02	 0.44581581E-03
  2502.0000    	  2503.0000    	-0.12040077E-02	 0.39203215E-03
  2503.0000    	  2504.0000    	-0.97249854E-03	 0.51064924E-03
  2504.0000    	  2505.0000    	-0.29270070E-03	 0.50328719E-03
  2505.0000    	  2506.0000    	-0.61487029E-03	 0.40194532E-03
  2506.0000    	  2507.0000    	-0.16767236E-02	 0.41840727E-03
  2507.0000    	  2508.0000    	-0.10686808E-02	 0.51607395E-03
  2508.0000    	  2509.0000    	-0.13260330E-02	 0.43504553E-03
  2509.0000    	  2510.0000    	-0.12871892E-02	 0.38007831E-03
  2510.0000    	  2511.0000    	-0.16913853E-02	 0.36448581E-03
  2511.0000    	  2512.0000    	-0.19428360E-02	 0.40294847E-03
  2512.0000    	  2513.0000    	-0.92010663E-03	 0.36655575E-03
  2513.0000    	  2514.0000    	-0.79424672E-03	 0.39311048E-03
  2514.0000    	  2515.0000    	-0.11701014E-02	 0.40345009E-03
  2515.0000    	  2516.0000    	-0.24007805E-02	 0.47119639E-03
  2516.0000    	  2517.0000    	-0.68698126E-04	 0.39770674E-03
  2517.0000    	  2518.0000    	-0.42901629E-03	 0.46930002E-03
  2518.0000    	  2519.0000    	-0.32879062E-03	 0.36352260E-03
  2519.0000    	  2520.0000    	-0.12977664E-02	 0.36412703E-03
  2520.0000    	  2521.0000    	-0.14973157E-02	 0.39193064E-03
  2521.0000    	  2522.0000    	-0.23143348E-02	 0.47206040E-03
  2522.0000    	  2523.0000    	-0.13025473E-02	 0.37484424E-03
  2523.0000    	  2524.0000    	-0.25645374E-02	 0.38015684E-03
  2524.0000    	  2525.0000    	-0.10362830E-02	 0.42277967E-03
  2525.0000    	  2526.0000    	-0.15580606E-02	 0.40116650E-03
  2526.0000    	  2527.0000    	-0.21701952E-03	 0.45167117E-03
  2527.0000    	  2528.0000    	-0.17488092E-02	 0.48242556E-03
  2528.0000    	  2529.0000    	-0.67825381E-03	 0.48150138E-03
  2529.0000    	  2530.0000    	-0.71062925E-03	 0.45221198E-03
  2530.0000    	  2531.0000    	-0.56848443E-04	 0.36446034E-03
  2531.0000    	  2532.0000    	-0.96978440E-03	 0.27635245E-03
  2532.0000    	  2533.0000    	-0.18377844E-02	 0.43634401E-03
  2533.0000    	  2534.0000    	-0.11970057E-02	 0.36160345E-03
  2534.0000    	  2535.0000    	-0.12091929E-02	 0.41078205E-03
  2535.0000    	  2536.0000    	-0.19266705E-02	 0.35378136E-03
  2536.0000    	  2537.0000    	-0.20584587E-02	 0.41723550E-03
  2537.0000    	  2538.0000    	-0.10232142E-02	 0.44769059E-03
  2538.0000    	  2539.0000    	-0.20899676E-03	 0.50937106E-03
  2539.0000    	  2540.0000    	-0.50780348E-03	 0.45787551E-03
  2540.0000    	  2541.0000    	-0.47978559E-03	 0.46431425E-03
  2541.0000    	  2542.0000    	-0.98501642E-03	 0.26538224E-03
  2542.0000    	  2543.0000    	-0.12264413E-02	 0.35340055E-03
  2543.0000    	  2544.0000    	-0.13883465E-02	 0.32580736E-03
  2544.0000    	  2545.0000    	-0.16535444E-02	 0.40560969E-03
  2545.0000    	  2546.0000    	-0.10754251E-02	 0.36531672E-03
  2546.0000    	  2547.0000    	-0.17043586E-02	 0.30187795E-03
  2547.0000    	  2548.0000    	-0.14023990E-02	 0.36903436E-03
  2548.0000    	  2549.0000    	-0.15336337E-02	 0.39456606E-03
  2549.0000    	  2550.0000    	-0.90901155E-03	 0.24377339E-03
  2550.0000    	  2551.0000    	-0.81348753E-03	 0.57692562E-03
  2551.0000    	  2552.0000    	 0.13723038E-03	 0.38191146E-03
  2552.0000    	  2553.0000    	-0.12061926E-02	 0.44489639E-03
  2553.0000    	  2554.0000    	-0.68389350E-03	 0.39079133E-03
  2554.0000    	  2555.0000    	-0.11855462E-02	 0.28435293E-03
  2555.0000    	  2556.0000    	-0.15088244E-02	 0.39205486E-03
  2556.0000    	  2557.0000    	-0.10796834E-02	 0.36030887E-03
  2557.0000    	  2558.0000    	-0.16489191E-02	 0.37984542E-03
  2558.0000    	  2559.0000    	-0.13949788E-02	 0.42482236E-03
  2559.0000    	  2560.0000    	-0.59838735E-03	 0.33070312E-03
  2560.0000    	  2561.0000    	-0.39756010E-03	 0.48322883E-03
  2561.0000    	  2562.0000    	-0.10797254E-02	 0.40811053E-03
  2562.0000    	  2563.0000    	-0.10750850E-02	 0.49191478E-03
  2563.0000    	  2564.0000    	 0.38328510E-05	 0.16834005E-03
  2564.0000    	  2565.0000    	-0.84490920E-03	 0.37018386E-03
  2565.0000    	  2566.0000    	-0.90915302E-03	 0.37845506E-03
  2566.0000    	  2567.0000    	-0.61258057E-03	 0.33384831E-03
  2567.0000    	  2568.0000    	-0.19262631E-02	 0.33648902E-03
  2568.0000    	  2569.0000    	-0.11970267E-02	 0.38407823E-03
  2569.0000    	  2570.0000    	-0.19414295E-02	 0.44999632E-03
  2570.0000    	  2571.0000    	-0.14967921E-02	 0.43903238E-03
  2571.0000    	  2572.0000    	-0.87383181E-03	 0.41437644E-03
  2572.0000    	  2573.0000    	-0.35915785E-03	 0.48306124E-03
  2573.0000    	  2574.0000    	 0.80407583E-04	 0.45523836E-03
  2574.0000    	  2575.0000    	-0.13765506E-04	 0.21841517E-03
  2575.0000    	  2576.0000    	-0.20474481E-02	 0.40273173E-03
  2576.0000    	  2577.0000    	-0.12814556E-02	 0.33033119E-03
  2577.0000    	  2578.0000    	-0.12195736E-02	 0.33140925E-03
  2578.0000    	  2579.0000    	-0.16276939E-02	 0.43210250E-03
  2579.0000    	  2580.0000    	-0.62831086E-03	 0.36509040E-03
  2580.0000    	  2581.0000    	-0.13943353E-02	 0.37017797E-03
  2581.0000    	  2582.0000    	-0.63340021E-03	 0.41174164E-03
  2582.0000    	  2583.0000    	-0.10853706E-02	 0.43017135E-03
  2583.0000    	  2584.0000    	-0.35781545E-03	 0.47601035E-03
  2584.0000    	  2585.0000    	-0.95945806E-03	 0.43679628E-03
  2585.0000    	  2586.0000    	-0.13655666E-02	 0.35987586E-03
  2586.0000    	  2587.0000    	-0.60740276E-03	 0.41552455E-03
  2587.0000    	  2588.0000    	-0.16223948E-02	 0.32801684E-03
  2588.0000    	  2589.0000    	-0.11990190E-02	 0.33631670E-03
  2589.0000    	  2590.0000    	-0.11562195E-02	 0.37477503E-03
  2590.0000    	  2591.0000    	-0.12958436E-02	 0.36713253E-03
  2591.0000    	  2592.0000    	-0.82396837E-03	 0.39823437E-03
  2592.0000    	  2593.0000    	-0.97509771E-03	 0.43204580E-03
  2593.0000    	  2594.0000    	-0.11793179E-02	 0.47641814E-03
  2594.0000    	  2595.0000    	-0.10162360E-02	 0.37410989E-03
  2595.0000    	  2596.0000    	-0.86368372E-03	 0.36926564E-03
  2596.0000    	  2597.0000    	-0.52989128E-03	 0.21112048E-03
  2597.0000    	  2598.0000    	-0.17113111E-02	 0.36996979E-03
  2598.0000    	  2599.0000    	-0.12380789E-02	 0.35666158E-03
  2599.0000    	  2600.0000    	-0.12962346E-02	 0.33597530E-03
  2600.0000    	  2601.0000    	-0.14831438E-02	 0.37381286E-03
  2601.0000    	  2602.0000    	-0.37991009E-03	 0.31047236E-03
  2602.0000    	  2603.0000    	-0.10017797E-02	 0.31198801E-03
  2603.0000    	  2604.0000    	-0.26701748E-02	 0.44873265E-03
  2604.0000    	  2605.0000    	-0.11554499E-02	 0.40059168E-03
  2605.0000    	  2606.0000    	-0.45398608E-03	 0.35894424E-03
  2606.0000    	  2607.0000    	-0.45056936E-03	 0.15361147E-03
  2607.0000    	  2608.0000    	-0.11633087E-02	 0.38528795E-03
  2608.0000    	  2609.0000    	-0.33228993E-03	 0.13691526E-03
  2609.0000    	  2610.0000    	-0.18525815E-02	 0.47292509E-03
  2610.0000    	  2611.0000    	-0.13743861E-02	 0.38681673E-03
  2611.0000    	  2612.0000    	-0.15395185E-02	 0.33886971E-03
  2612.0000    	  2613.0000    	-0.45369590E-03	 0.37142646E-03
  2613.0000    	  2614.0000    	-0.10214062E-02	 0.36712464E-03
  2614.0000    	  2615.0000    	-0.12407145E-02	 0.40124290E-03
  2615.0000    	  2616.0000    	-0.14630998E-02	 0.45749957E-03
  2616.0000    	  2617.0000    	-0.70320646E-03	 0.45054245E-03
  2617.0000    	  2618.0000    	-0.40708326E-03	 0.45867376E-03
  2618.0000    	  2619.0000    	-0.16463784E-02	 0.34380431E-03
  2619.0000    	  2620.0000    	-0.13580244E-02	 0.37891132E-03
  2620.0000    	  2621.0000    	-0.10395576E-02	 0.40921151E-03
  2621.0000    	  2622.0000    	-0.49948556E-03	 0.28818952E-03
  2622.0000    	  2623.0000    	-0.10631533E-02	 0.34760726E-03
  2623.0000    	  2624.0000    	-0.19324216E-02	 0.38825957E-03
  2624.0000    	  2625.0000    	-0.83901382E-03	 0.36459723E-03
  2625.0000    	  2626.0000    	-0.14074824E-02	 0.41284832E-03
  2626.0000    	  2627.0000    	-0.13279023E-03	 0.44107258E-03
  2627.0000    	  2628.0000    	-0.36827338E-04	 0.37906877E-03
  2628.0000    	  2629.0000    	-0.11750147E-02	 0.38326513E-03
  2629.0000    	  2630.0000    	-0.54991176E-03	 0.23024981E-03
  2630.0000    	  2631.0000    	-0.10915706E-02	 0.31839891E-03
  2631.0000    	  2632.0000    	-0.77222468E-03	 0.24100772E-03
  2632.0000    	  2633.0000    	-0.76607419E-03	 0.15197725E-03
  2633.0000    	  2634.0000    	-0.14672705E-02	 0.34062382E-03
  2634.0000    	  2635.0000    	-0.11970339E-02	 0.39219538E-03
  2635.0000    	  2636.0000    	-0.10981977E-02	 0.34071593E-03
  2636.0000    	  2637.0000    	-0.61353360E-03	 0.35855438E-03
  2637.0000    	  2638.0000    	-0.94339669E-03	 0.39285581E-03
  2638.0000    	  2639.0000    	-0.71094938E-03	 0.42783187E-03
  2639.0000    	  2640.0000    	 0.51735194E-04	 0.34147985E-03
  2640.0000    	  2641.0000    	-0.84148759E-03	 0.21299208E-03
  2641.0000    	  2642.0000    	-0.96670211E-03	 0.41502994E-03
  2642.0000    	  2643.0000    	-0.15603969E-02	 0.33293765E-03
  2643.0000    	  2644.0000    	-0.11947041E-02	 0.32448777E-03
  2644.0000    	  2645.0000    	-0.14013142E-02	 0.38692410E-03
  2645.0000    	  2646.0000    	-0.87505644E-04	 0.40038362E-03
  2646.0000    	  2647.0000    	-0.71716279E-03	 0.39877039E-03
  2647.0000    	  2648.0000    	-0.12170160E-02	 0.41128423E-03
  2648.0000    	  2649.0000    	-0.10755169E-02	 0.32643842E-03
  2649.0000    	  2650.0000    	-0.47783939E-03	 0.47884631E-03
  2650.0000    	  2651.0000    	-0.24411797E-03	 0.35248231E-03
  2651.0000    	  2652.0000    	-0.89342550E-03	 0.22350852E-03
  2652.0000    	  2653.0000    	-0.37652487E-03	 0.30918451E-03
  2653.0000    	  2654.0000    	-0.89651745E-03	 0.32505811E-03
  2654.0000    	  2655.0000    	-0.13334410E-02	 0.38576422E-03
  2655.0000    	  2656.0000    	-0.16985886E-02	 0.39458194E-03
  2656.0000    	  2657.0000    	-0.17680291E-02	 0.41496265E-03
  2657.0000    	  2658.0000    	-0.61738444E-03	 0.26424637E-03
  2658.0000    	  2659.0000    	-0.72381398E-03	 0.36481499E-03
  2659.0000    	  2660.0000    	-0.70365881E-03	 0.47008379E-03
  2660.0000    	  2661.0000    	-0.51199717E-03	 0.40959733E-03
  2661.0000    	  2662.0000    	-0.21174096E-03	 0.38985753E-03
  2662.0000    	  2663.0000    	-0.93145027E-03	 0.36767628E-03
  2663.0000    	  2664.0000    	-0.14087395E-02	 0.32701754E-03
  2664.0000    	  2665.0000    	-0.12867509E-02	 0.30119376E-03
  2665.0000    	  2666.0000    	-0.13864974E-03	 0.14800748E-03
  2666.0000    	  2667.0000    	-0.14004850E-02	 0.36445838E-03
  2667.0000    	  2668.0000    	-0.13220313E-02	 0.39939639E-03
  2668.0000    	  2669.0000    	-0.90394642E-03	 0.32827130E-03
  2669.0000    	  2670.0000    	-0.69769717E-03	 0.41513495E-03
  2670.0000    	  2671.0000    	-0.96201612E-03	 0.40848845E-03
  2671.0000    	  2672.0000    	-0.11798483E-02	 0.45547896E-03
  2672.0000    	  2673.0000    	-0.52678072E-03	 0.47020278E-03
  2673.0000    	  2674.0000    	-0.94026047E-03	 0.40331431E-03
  2674.0000    	  2675.0000    	-0.10391683E-02	 0.25851359E-03
  2675.0000    	  2676.0000    	-0.12619386E-02	 0.35064091E-03
  2676.0000    	  2677.0000    	-0.17561777E-02	 0.33125089E-03
  2677.0000    	  2678.0000    	-0.13435441E-02	 0.33334307E-03
  2678.0000    	  2679.0000    	-0.77878444E-03	 0.37076676E-03
  2679.0000    	  2680.0000    	-0.15914405E-02	 0.38812621E-03
  2680.0000    	  2681.0000    	-0.17924730E-02	 0.41247121E-03
  2681.0000    	  2682.0000    	-0.46616627E-03	 0.39092967E-03
  2682.0000    	  2683.0000    	-0.11829586E-02	 0.51519749E-03
  2683.0000    	  2684.0000    	-0.33190191E-03	 0.47095935E-03
  2684.0000    	  2685.0000    	-0.10532678E-02	 0.38784221E-03
  2685.0000    	  2686.0000    	-0.68790372E-03	 0.31560726E-03
  2686.0000    	  2687.0000    	-0.90565270E-03	 0.29637689E-03
  2687.0000    	  2688.0000    	-0.11374101E-02	 0.29479402E-03
  2688.0000    	  2689.0000    	-0.70318507E-03	 0.35223356E-03
  2689.0000    	  2690.0000    	-0.15973777E-02	 0.33980756E-03
  2690.0000    	  2691.0000    	-0.19026470E-02	 0.39149375E-03
  2691.0000    	  2692.0000    	-0.14039547E-02	 0.37307752E-03
  2692.0000    	  2693.0000    	-0.17398455E-02	 0.44922560E-03
  2693.0000    	  2694.0000    	-0.58627765E-03	 0.40055605E-03
  2694.0000    	  2695.0000    	-0.75635414E-03	 0.20838104E-03
  2695.0000    	  2696.0000    	-0.70082767E-03	 0.39313397E-03
  2696.0000    	  2697.0000    	-0.51093926E-04	 0.29907219E-03
  2697.0000    	  2698.0000    	-0.36503215E-03	 0.36869574E-03
  2698.0000    	  2699.0000    	-0.73658206E-03	 0.22022167E-03
  2699.0000    	  2700.0000    	-0.87817585E-03	 0.21996153E-03
  2700.0000    	  2701.0000    	-0.19656337E-02	 0.37843877E-03
  2701.0000    	  2702.0000    	-0.79322556E-03	 0.30323484E-03
  2702.0000    	  2703.0000    	-0.10208999E-02	 0.39344407E-03
  2703.0000    	  2704.0000    	-0.77319002E-03	 0.39436852E-03
  2704.0000    	  2705.0000    	-0.45844774E-03	 0.26398442E-03
  2705.0000    	  2706.0000    	-0.13606800E-03	 0.42137225E-03
  2706.0000    	  2707.0000    	-0.96448169E-03	 0.28063469E-03
  2707.0000    	  2708.0000    	-0.73803128E-03	 0.17991321E-03
  2708.0000    	  2709.0000    	-0.51057270E-03	 0.14894524E-03
  2709.0000    	  2710.0000    	-0.16593670E-04	 0.25737686E-03
  2710.0000    	  2711.0000    	-0.10948741E-02	 0.31559200E-03
  2711.0000    	  2712.0000    	-0.17003336E-02	 0.40320968E-03
  2712.0000    	  2713.0000    	-0.11263876E-02	 0.37671740E-03
  2713.0000    	  2714.0000    	-0.85566766E-03	 0.40789241E-03
  2714.0000    	  2715.0000    	-0.82798965E-03	 0.38094633E-03
  2715.0000    	  2716.0000    	-0.68918690E-03	 0.46476485E-03
  2716.0000    	  2717.0000    	-0.75566800E-03	 0.46692397E-03
  2717.0000    	  2718.0000    	-0.13052417E-02	 0.35557896E-03
  2718.0000    	  2719.0000    	-0.13978560E-02	 0.25382565E-03
  2719.0000    	  2720.0000    	-0.88458232E-03	 0.33179424E-03
  2720.0000    	  2721.0000    	-0.66458019E-03	 0.30730407E-03
  2721.0000    	  2722.0000    	-0.79629773E-03	 0.35255658E-03
  2722.0000    	  2723.0000    	-0.12016449E-02	 0.26888899E-03
  2723.0000    	  2724.0000    	-0.12467444E-02	 0.35693675E-03
  2724.0000    	  2725.0000    	-0.15511751E-02	 0.49223485E-03
  2725.0000    	  2726.0000    	-0.16709518E-02	 0.38794422E-03
  2726.0000    	  2727.0000    	-0.78752170E-03	 0.48132678E-03
  2727.0000    	  2728.0000    	-0.41903561E-03	 0.44172683E-03
  2728.0000    	  2729.0000    	-0.15610156E-02	 0.38440419E-03
  2729.0000    	  2730.0000    	-0.16406033E-02	 0.36473704E-03
  2730.0000    	  2731.0000    	-0.18523621E-02	 0.32228112E-03
  2731.0000    	  2732.0000    	-0.67283041E-03	 0.22125470E-03
  2732.0000    	  2733.0000    	-0.10133650E-02	 0.31233536E-03
  2733.0000    	  2734.0000    	-0.94165695E-03	 0.33474813E-03
  2734.0000    	  2735.0000    	-0.69527552E-03	 0.43318991E-03
  2735.0000    	  2736.0000    	-0.49487758E-03	 0.35143568E-03
  2736.0000    	  2737.0000    	-0.15218634E-02	 0.39397545E-03
  2737.0000    	  2738.0000    	-0.10878035E-02	 0.37326782E-03
  2738.0000    	  2739.0000    	-0.11283268E-02	 0.42819599E-03
  2739.0000    	  2740.0000    	-0.95313820E-03	 0.35585872E-03
  2740.0000    	  2741.0000    	-0.39911749E-03	 0.36827947E-03
  2741.0000    	  2742.0000    	-0.50308202E-03	 0.34182262E-03
  2742.0000    	  2743.0000    	-0.10387981E-02	 0.25384994E-03
  2743.0000    	  2744.0000    	-0.40184215E-03	 0.23423897E-03
  2744.0000    	  2745.0000    	-0.10416161E-02	 0.37023024E-03
  2745.0000    	  2746.0000    	-0.43104368E-03	 0.33376018E-03
  2746.0000    	  2747.0000    	-0.11603107E-02	 0.36551123E-03
  2747.0000    	  2748.0000    	-0.94231064E-04	 0.40817139E-03
  2748.0000    	  2749.0000    	-0.57472445E-03	 0.43427136E-03
  2749.0000    	  2750.0000    	-0.68729379E-03	 0.44741812E-03
  2750.0000    	  2751.0000    	-0.38866180E-03	 0.25109416E-03
  2751.0000    	  2752.0000    	-0.94965779E-03	 0.24125618E-03
  2752.0000    	  2753.0000    	-0.54843306E-03	 0.29869439E-03
  2753.0000    	  2754.0000    	-0.19494309E-03	 0.28271292E-03
  2754.0000    	  2755.0000    	-0.98284041E-03	 0.30520456E-03
  2755.0000    	  2756.0000    	-0.83048248E-03	 0.30294233E-03
  2756.0000    	  2757.0000    	-0.13733898E-02	 0.40239032E-03
  2757.0000    	  2758.0000    	-0.10308192E-02	 0.32235343E-03
  2758.0000    	  2759.0000    	-0.13314519E-02	 0.35647812E-03
  2759.0000    	  2760.0000    	-0.13031903E-02	 0.36370979E-03
  2760.0000    	  2761.0000    	-0.31837109E-04	 0.36558511E-03
  2761.0000    	  2762.0000    	-0.12179738E-02	 0.34167905E-03
  2762.0000    	  2763.0000    	-0.69679244E-03	 0.24703946E-03
  2763.0000    	  2764.0000    	-0.11758704E-02	 0.26006114E-03
  2764.0000    	  2765.0000    	-0.93227457E-03	 0.32420109E-03
  2765.0000    	  2766.0000    	-0.23661018E-03	 0.30908052E-03
  2766.0000    	  2767.0000    	-0.14861959E-02	 0.37594536E-03
  2767.0000    	  2768.0000    	-0.15728179E-03	 0.38740168E-03
  2768.0000    	  2769.0000    	-0.14211960E-02	 0.38860414E-03
  2769.0000    	  2770.0000    	-0.67088190E-03	 0.39327895E-03
  2770.0000    	  2771.0000    	 0.28934409E-03	 0.41374817E-03
  2771.0000    	  2772.0000    	 0.18049433E-03	 0.32850607E-03
  2772.0000    	  2773.0000    	-0.47647211E-03	 0.29737872E-03
  2773.0000    	  2774.0000    	-0.44923168E-03	 0.28200194E-03
  2774.0000    	  2775.0000    	-0.85945346E-03	 0.28262833E-03
  2775.0000    	  2776.0000    	-0.11716285E-02	 0.26533114E-03
  2776.0000    	  2777.0000    	-0.83875186E-03	 0.27469115E-03
  2777.0000    	  2778.0000    	-0.16976896E-02	 0.38749951E-03
  2778.0000    	  2779.0000    	-0.84292000E-03	 0.27068017E-03
  2779.0000    	  2780.0000    	-0.10611369E-02	 0.35026389E-03
  2780.0000    	  2781.0000    	-0.82911769E-03	 0.37641648E-03
  2781.0000    	  2782.0000    	-0.77065569E-03	 0.31503782E-03
  2782.0000    	  2783.0000    	-0.97055257E-04	 0.23218121E-03
  2783.0000    	  2784.0000    	-0.62598117E-03	 0.36129289E-03
  2784.0000    	  2785.0000    	-0.54689634E-03	 0.15897461E-03
  2785.0000    	  2786.0000    	-0.92914281E-03	 0.28420426E-03
  2786.0000    	  2787.0000    	-0.86509587E-03	 0.27010236E-03
  2787.0000    	  2788.0000    	-0.10811259E-02	 0.30620810E-03
  2788.0000    	  2789.0000    	-0.74250639E-03	 0.24428675E-03
  2789.0000    	  2790.0000    	-0.13120791E-02	 0.33196404E-03
  2790.0000    	  2791.0000    	-0.19258085E-02	 0.33945881E-03
  2791.0000    	  2792.0000    	-0.91312711E-03	 0.42788313E-03
  2792.0000    	  2793.0000    	-0.36009856E-03	 0.36213248E-03
  2793.0000    	  2794.0000    	-0.48027009E-04	 0.34798948E-03
  2794.0000    	  2795.0000    	-0.79475808E-03	 0.25258155E-03
  2795.0000    	  2796.0000    	-0.38217502E-03	 0.18865785E-03
  2796.0000    	  2797.0000    	-0.36080749E-03	 0.20618294E-03
  2797.0000    	  2798.0000    	-0.87311943E-03	 0.33140989E-03
  2798.0000    	  2799.0000    	-0.77232843E-03	 0.34134564E-03
  2799.0000    	  2800.0000    	-0.82375386E-03	 0.34005058E-03
  2800.0000    	  2801.0000    	-0.19987073E-03	 0.27771119E-03
  2801.0000    	  2802.0000    	-0.27954667E-03	 0.36780686E-03
  2802.0000    	  2803.0000    	-0.55136112E-03	 0.36296865E-03
  2803.0000    	  2804.0000    	-0.57860105E-03	 0.42375461E-03
  2804.0000    	  2805.0000    	-0.56082497E-03	 0.37175899E-03
  2805.0000    	  2806.0000    	-0.56156203E-03	 0.19833064E-03
  2806.0000    	  2807.0000    	-0.53625578E-03	 0.23781732E-03
  2807.0000    	  2808.0000    	-0.13414887E-02	 0.30565352E-03
  2808.0000    	  2809.0000    	-0.12472853E-02	 0.28929477E-03
  2809.0000    	  2810.0000    	-0.16397261E-02	 0.34831239E-03
  2810.0000    	  2811.0000    	-0.57765368E-03	 0.31086758E-03
  2811.0000    	  2812.0000    	-0.73989897E-03	 0.30665714E-03
  2812.0000    	  2813.0000    	-0.14517982E-02	 0.42014432E-03
  2813.0000    	  2814.0000    	-0.14404809E-02	 0.39584677E-03
  2814.0000    	  2815.0000    	-0.78432699E-03	 0.42989042E-03
  2815.0000    	  2816.0000    	-0.43313279E-03	 0.33071926E-03
  2816.0000    	  2817.0000    	-0.89903163E-03	 0.33071023E-03
  2817.0000    	  2818.0000    	-0.63500352E-03	 0.25693993E-03
  2818.0000    	  2819.0000    	-0.28217891E-03	 0.19099944E-03
  2819.0000    	  2820.0000    	-0.75755726E-03	 0.33466622E-03
  2820.0000    	  2821.0000    	-0.48534852E-03	 0.27898794E-03
  2821.0000    	  2822.0000    	-0.12372100E-02	 0.32756105E-03
  2822.0000    	  2823.0000    	-0.68545465E-03	 0.33652522E-03
  2823.0000    	  2824.0000    	-0.60752829E-03	 0.34666564E-03
  2824.0000    	  2825.0000    	-0.86410750E-03	 0.40885457E-03
  2825.0000    	  2826.0000    	-0.13569232E-02	 0.38350225E-03
  2826.0000    	  2827.0000    	-0.29565928E-03	 0.42936909E-03
  2827.0000    	  2828.0000    	-0.62488132E-03	 0.24619662E-03
  2828.0000    	  2829.0000    	-0.12334679E-02	 0.29010714E-03
  2829.0000    	  2830.0000    	-0.36733730E-04	 0.27683517E-04
  2830.0000    	  2831.0000    	-0.37777071E-03	 0.23346989E-03
  2831.0000    	  2832.0000    	-0.11812300E-02	 0.27566020E-03
  2832.0000    	  2833.0000    	-0.86379552E-03	 0.33973182E-03
  2833.0000    	  2834.0000    	-0.74835611E-03	 0.32859631E-03
  2834.0000    	  2835.0000    	-0.10979896E-02	 0.40947350E-03
  2835.0000    	  2836.0000    	-0.58645214E-03	 0.34336188E-03
  2836.0000    	  2837.0000    	 0.17911020E-03	 0.42015889E-03
  2837.0000    	  2838.0000    	-0.25029052E-04	 0.26556485E-03
  2838.0000    	  2839.0000    	-0.41151312E-03	 0.10552645E-03
  2839.0000    	  2840.0000    	-0.82610310E-03	 0.20843707E-03
  2840.0000    	  2841.0000    	-0.70451070E-03	 0.27312275E-03
  2841.0000    	  2842.0000    	-0.42586487E-03	 0.23144218E-03
  2842.0000    	  2843.0000    	-0.12370318E-02	 0.27351555E-03
  2843.0000    	  2844.0000    	-0.13497181E-02	 0.34286440E-03
  2844.0000    	  2845.0000    	-0.78505442E-03	 0.33132810E-03
  2845.0000    	  2846.0000    	-0.84819846E-03	 0.40518494E-03
  2846.0000    	  2847.0000    	-0.88176575E-03	 0.28473725E-03
  2847.0000    	  2848.0000    	-0.63305182E-03	 0.36533247E-03
  2848.0000    	  2849.0000    	-0.27036360E-03	 0.23112324E-03
  2849.0000    	  2850.0000    	-0.18310410E-03	 0.16796049E-03
  2850.0000    	  2851.0000    	-0.12002298E-02	 0.33868901E-03
  2851.0000    	  2852.0000    	-0.13795641E-02	 0.23389867E-03
  2852.0000    	  2853.0000    	-0.62153019E-03	 0.11868828E-03
  2853.0000    	  2854.0000    	-0.67198881E-03	 0.25443639E-03
  2854.0000    	  2855.0000    	-0.94282181E-03	 0.33376586E-03
  2855.0000    	  2856.0000    	-0.11073143E-02	 0.28681079E-03
  2856.0000    	  2857.0000    	-0.10195766E-02	 0.30038250E-03
  2857.0000    	  2858.0000    	-0.15002377E-02	 0.37980279E-03
  2858.0000    	  2859.0000    	-0.69261968E-03	 0.41388447E-03
  2859.0000    	  2860.0000    	 0.12246769E-03	 0.37208406E-03
  2860.0000    	  2861.0000    	-0.87905833E-03	 0.26438446E-03
  2861.0000    	  2862.0000    	-0.47081996E-03	 0.25042823E-03
  2862.0000    	  2863.0000    	-0.33725247E-03	 0.27460743E-03
  2863.0000    	  2864.0000    	-0.68751103E-03	 0.23618369E-03
  2864.0000    	  2865.0000    	-0.46458068E-03	 0.29391905E-03
  2865.0000    	  2866.0000    	-0.41869193E-03	 0.25027435E-03
  2866.0000    	  2867.0000    	-0.67524754E-03	 0.32944674E-03
  2867.0000    	  2868.0000    	-0.15268135E-02	 0.30355789E-03
  2868.0000    	  2869.0000    	-0.15188076E-02	 0.42431885E-03
  2869.0000    	  2870.0000    	-0.77571155E-03	 0.36301152E-03
  2870.0000    	  2871.0000    	-0.12561644E-03	 0.26663952E-03
  2871.0000    	  2872.0000    	-0.10556222E-02	 0.27760526E-03
  2872.0000    	  2873.0000    	-0.75190407E-03	 0.26007233E-03
  2873.0000    	  2874.0000    	-0.76725503E-03	 0.27079677E-03
  2874.0000    	  2875.0000    	-0.12818142E-02	 0.29532314E-03
  2875.0000    	  2876.0000    	-0.88991804E-03	 0.32942685E-03
  2876.0000    	  2877.0000    	-0.63173341E-03	 0.32985715E-03
  2877.0000    	  2878.0000    	-0.11844473E-02	 0.35585780E-03
  2878.0000    	  2879.0000    	-0.69405146E-03	 0.32117760E-03
  2879.0000    	  2880.0000    	-0.13660466E-03	 0.37584250E-03
  2880.0000    	  2881.0000    	-0.70123378E-03	 0.40966167E-03
  2881.0000    	  2882.0000    	 0.76154256E-04	 0.39878410E-03
  2882.0000    	  2883.0000    	-0.66674700E-03	 0.24167709E-03
  2883.0000    	  2884.0000    	-0.12481688E-02	 0.21393975E-03
  2884.0000    	  2885.0000    	-0.10431390E-02	 0.27062360E-03
  2885.0000    	  2886.0000    	-0.78210259E-03	 0.30380273E-03
  2886.0000    	  2887.0000    	-0.46317659E-03	 0.30266084E-03
  2887.0000    	  2888.0000    	-0.12687035E-02	 0.36431705E-03
  2888.0000    	  2889.0000    	-0.10900686E-02	 0.36254653E-03
  2889.0000    	  2890.0000    	-0.35850301E-03	 0.29373403E-03
  2890.0000    	  2891.0000    	-0.21424250E-03	 0.38800136E-03
  2891.0000    	  2892.0000    	 0.47180696E-03	 0.36367269E-03
  2892.0000    	  2893.0000    	-0.35283203E-03	 0.36606739E-03
  2893.0000    	  2894.0000    	-0.97296279E-03	 0.21460359E-03
  2894.0000    	  2895.0000    	-0.24499605E-03	 0.19166046E-03
  2895.0000    	  2896.0000    	-0.63394542E-03	 0.24981477E-03
  2896.0000    	  2897.0000    	-0.13391212E-02	 0.31170980E-03
  2897.0000    	  2898.0000    	-0.11267204E-02	 0.28010941E-03
  2898.0000    	  2899.0000    	-0.92246034E-03	 0.29768716E-03
  2899.0000    	  2900.0000    	-0.10793660E-02	 0.35422937E-03
  2900.0000    	  2901.0000    	-0.60188730E-03	 0.26340700E-03
  2901.0000    	  2902.0000    	-0.94813481E-03	 0.37613973E-03
  2902.0000    	  2903.0000    	-0.47377208E-03	 0.37133068E-03
  2903.0000    	  2904.0000    	-0.21404974E-03	 0.38507211E-03
  2904.0000    	  2905.0000    	-0.12775322E-02	 0.34822787E-03
  2905.0000    	  2906.0000    	-0.32184904E-03	 0.25798530E-03
  2906.0000    	  2907.0000    	-0.33501502E-03	 0.17103392E-03
  2907.0000    	  2908.0000    	-0.81605950E-03	 0.30847268E-03
  2908.0000    	  2909.0000    	-0.63290979E-03	 0.21289477E-03
  2909.0000    	  2910.0000    	-0.77604645E-03	 0.27429134E-03
  2910.0000    	  2911.0000    	-0.79512447E-03	 0.35905601E-03
  2911.0000    	  2912.0000    	-0.12034718E-02	 0.36683298E-03
  2912.0000    	  2913.0000    	-0.12812669E-02	 0.38576016E-03
  2913.0000    	  2914.0000    	-0.54377175E-03	 0.33193750E-03
  2914.0000    	  2915.0000    	-0.11518244E-03	 0.33714793E-03
  2915.0000    	  2916.0000    	-0.12160870E-02	 0.26941339E-03
  2916.0000    	  2917.0000    	-0.39874616E-03	 0.18855027E-03
  2917.0000    	  2918.0000    	-0.91044151E-03	 0.33662735E-03
  2918.0000    	  2919.0000    	-0.50987445E-03	 0.28497365E-03
  2919.0000    	  2920.0000    	-0.49446035E-03	 0.30860245E-03
  2920.0000    	  2921.0000    	-0.85521184E-03	 0.30455347E-03
  2921.0000    	  2922.0000    	-0.14096802E-02	 0.30991849E-03
  2922.0000    	  2923.0000    	-0.10650777E-02	 0.32232558E-03
  2923.0000    	  2924.0000    	-0.13341098E-02	 0.39324993E-03
  2924.0000    	  2925.0000    	-0.16775796E-03	 0.35926226E-03
  2925.0000    	  2926.0000    	 0.35759793E-03	 0.33330268E-03
  2926.0000    	  2927.0000    	-0.79581605E-03	 0.19690314E-03
  2927.0000    	  2928.0000    	 0.53824574E-04	 0.18662905E-03
  2928.0000    	  2929.0000    	-0.50041885E-03	 0.28268706E-03
  2929.0000    	  2930.0000    	-0.67902997E-03	 0.31725204E-03
  2930.0000    	  2931.0000    	-0.13156257E-02	 0.30209143E-03
  2931.0000    	  2932.0000    	-0.44437945E-03	 0.35609809E-03
  2932.0000    	  2933.0000    	-0.11022756E-02	 0.31393100E-03
  2933.0000    	  2934.0000    	-0.67170418E-03	 0.32723858E-03
  2934.0000    	  2935.0000    	-0.14185481E-02	 0.32985839E-03
  2935.0000    	  2936.0000    	-0.25555617E-04	 0.41205168E-03
  2936.0000    	  2937.0000    	 0.18851904E-03	 0.26399888E-03
  2937.0000    	  2938.0000    	-0.42330054E-03	 0.19158681E-03
  2938.0000    	  2939.0000    	-0.12637968E-02	 0.23796482E-03
  2939.0000    	  2940.0000    	-0.45517471E-03	 0.20568460E-03
  2940.0000    	  2941.0000    	-0.65759736E-03	 0.26335651E-03
  2941.0000    	  2942.0000    	-0.61177003E-03	 0.31401425E-03
  2942.0000    	  2943.0000    	-0.39047933E-03	 0.29488280E-03
  2943.0000    	  2944.0000    	-0.59402977E-03	 0.34223245E-03
  2944.0000    	  2945.0000    	-0.54402392E-03	 0.30362994E-03
  2945.0000    	  2946.0000    	 0.93878352E-04	 0.39849582E-03
  2946.0000    	  2947.0000    	-0.32430041E-04	 0.30450011E-03
  2947.0000    	  2948.0000    	 0.59534611E-04	 0.33134870E-03
  2948.0000    	  2949.0000    	-0.18458845E-03	 0.21215602E-03
  2949.0000    	  2950.0000    	-0.60448982E-03	 0.15508918E-03
  2950.0000    	  2951.0000    	-0.96685728E-03	 0.24410028E-03
  2951.0000    	  2952.0000    	-0.11361355E-02	 0.26844571E-03
  2952.0000    	  2953.0000    	-0.70224977E-03	 0.25847213E-03
  2953.0000    	  2954.0000    	-0.12175992E-02	 0.26371385E-03
  2954.0000    	  2955.0000    	-0.67132569E-03	 0.32195280E-03
  2955.0000    	  2956.0000    	-0.29129359E-03	 0.34072098E-03
  2956.0000    	  2957.0000    	 0.49446004E-03	 0.38019503E-03
  2957.0000    	  2958.0000    	-0.95143102E-03	 0.28852135E-03
  2958.0000    	  2959.0000    	-0.78651943E-03	 0.41167092E-03
  2959.0000    	  2960.0000    	-0.41412483E-03	 0.31074570E-03
  2960.0000    	  2961.0000    	-0.26002257E-03	 0.17757423E-03
  2961.0000    	  2962.0000    	-0.11376481E-02	 0.25768600E-03
  2962.0000    	  2963.0000    	-0.10653153E-03	 0.24599229E-04
  2963.0000    	  2964.0000    	-0.11748446E-02	 0.27070109E-03
  2964.0000    	  2965.0000    	-0.82714926E-03	 0.29681379E-03
  2965.0000    	  2966.0000    	-0.13406832E-02	 0.33508769E-03
  2966.0000    	  2967.0000    	-0.62961826E-03	 0.33768834E-03
  2967.0000    	  2968.0000    	-0.29750994E-03	 0.25463972E-03
  2968.0000    	  2969.0000    	-0.66872936E-03	 0.28526298E-03
  2969.0000    	  2970.0000    	 0.29805375E-03	 0.31103980E-03
  2970.0000    	  2971.0000    	-0.40112310E-03	 0.16526565E-03
  2971.0000    	  2972.0000    	-0.83617777E-03	 0.19226791E-03
  2972.0000    	  2973.0000    	-0.10176933E-02	 0.23484132E-03
  2973.0000    	  2974.0000    	-0.86591001E-03	 0.23305838E-03
  2974.0000    	  2975.0000    	-0.98062326E-03	 0.31946414E-03
  2975.0000    	  2976.0000    	-0.60568114E-03	 0.34811147E-03
  2976.0000    	  2977.0000    	-0.20159561E-02	 0.32962564E-03
  2977.0000    	  2978.0000    	-0.63002106E-03	 0.25284311E-03
  2978.0000    	  2979.0000    	-0.76408010E-03	 0.35195411E-03
  2979.0000    	  2980.0000    	-0.55047791E-03	 0.36268923E-03
  2980.0000    	  2981.0000    	-0.87348873E-03	 0.34109739E-03
  2981.0000    	  2982.0000    	-0.55664555E-03	 0.20846659E-03
  2982.0000    	  2983.0000    	-0.27241354E-03	 0.94120472E-04
  2983.0000    	  2984.0000    	-0.90149631E-03	 0.28842732E-03
  2984.0000    	  2985.0000    	-0.88707556E-03	 0.29160978E-03
  2985.0000    	  2986.0000    	-0.51121447E-03	 0.16232205E-03
  2986.0000    	  2987.0000    	-0.10261231E-02	 0.30772683E-03
  2987.0000    	  2988.0000    	-0.12218520E-02	 0.30692728E-03
  2988.0000    	  2989.0000    	-0.59030839E-03	 0.35022064E-03
  2989.0000    	  2990.0000    	-0.66395316E-03	 0.28506518E-03
  2990.0000    	  2991.0000    	-0.46416045E-03	 0.34859993E-03
  2991.0000    	  2992.0000    	-0.51368870E-03	 0.44010902E-03
  2992.0000    	  2993.0000    	-0.60408442E-03	 0.27441976E-03
  2993.0000    	  2994.0000    	-0.26891608E-03	 0.12470112E-03
  2994.0000    	  2995.0000    	-0.89308571E-03	 0.24755755E-03
  2995.0000    	  2996.0000    	-0.25415897E-03	 0.10355253E-03
  2996.0000    	  2997.0000    	-0.17380862E-03	 0.70342303E-04
  2997.0000    	  2998.0000    	-0.63489855E-03	 0.24581671E-03
  2998.0000    	  2999.0000    	-0.45145409E-03	 0.31530979E-03
  2999.0000    	  3000.0000    	-0.11312020E-02	 0.32878017E-03
  3000.0000    	  3001.0000    	-0.21424037E-03	 0.35291194E-03
  3001.0000    	  3002.0000    	 0.94900493E-04	 0.33588161E-03
  3002.0000    	  3003.0000    	-0.49407795E-03	 0.33154893E-03
  3003.0000    	  3004.0000    	-0.33847672E-03	 0.13756955E-03
  3004.0000    	  3005.0000    	-0.49291967E-03	 0.20967626E-03
  3005.0000    	  3006.0000    	-0.15726341E-02	 0.29652160E-03
  3006.0000    	  3007.0000    	-0.48695680E-03	 0.28712420E-03
  3007.0000    	  3008.0000    	-0.83226959E-03	 0.28665295E-03
  3008.0000    	  3009.0000    	-0.10329377E-02	 0.35237596E-03
  3009.0000    	  3010.0000    	-0.47813277E-03	 0.11583692E-03
  3010.0000    	  3011.0000    	-0.64992187E-03	 0.29884716E-03
  3011.0000    	  3012.0000    	-0.10597147E-02	 0.36375325E-03
  3012.0000    	  3013.0000    	-0.29578800E-03	 0.36199093E-03
  3013.0000    	  3014.0000    	-0.26572862E-03	 0.33931107E-03
  3014.0000    	  3015.0000    	-0.69877074E-03	 0.21475669E-03
  3015.0000    	  3016.0000    	-0.41495388E-03	 0.17495469E-03
  3016.0000    	  3017.0000    	-0.80492118E-03	 0.23975721E-03
  3017.0000    	  3018.0000    	-0.76124734E-03	 0.24396363E-03
  3018.0000    	  3019.0000    	-0.12128764E-02	 0.35240114E-03
  3019.0000    	  3020.0000    	-0.36351689E-03	 0.24076990E-03
  3020.0000    	  3021.0000    	-0.10215367E-02	 0.30945307E-03
  3021.0000    	  3022.0000    	-0.51187214E-03	 0.26731669E-03
  3022.0000    	  3023.0000    	-0.42034931E-03	 0.37800653E-03
  3023.0000    	  3024.0000    	 0.96078698E-04	 0.24824152E-03
  3024.0000    	  3025.0000    	-0.49173907E-03	 0.39605082E-03
  3025.0000    	  3026.0000    	-0.12660918E-03	 0.92901904E-04
  3026.0000    	  3027.0000    	-0.66898173E-03	 0.24977990E-03
  3027.0000    	  3028.0000    	-0.45192950E-03	 0.14607605E-03
  3028.0000    	  3029.0000    	-0.55396190E-03	 0.20417496E-03
  3029.0000    	  3030.0000    	-0.35657949E-03	 0.20933300E-03
  3030.0000    	  3031.0000    	-0.24461901E-03	 0.30129381E-03
  3031.0000    	  3032.0000    	-0.49345856E-03	 0.27654724E-03
  3032.0000    	  3033.0000    	-0.42463508E-04	 0.27128818E-03
  3033.0000    	  3034.0000    	-0.99735121E-03	 0.36052099E-03
  3034.0000    	  3035.0000    	-0.21912446E-03	 0.31713367E-03
  3035.0000    	  3036.0000    	 0.36097521E-03	 0.29657818E-03
  3036.0000    	  3037.0000    	-0.31588730E-03	 0.12439348E-03
  3037.0000    	  3038.0000    	-0.55351275E-03	 0.27299896E-03
  3038.0000    	  3039.0000    	-0.78427438E-03	 0.23397752E-03
  3039.0000    	  3040.0000    	-0.69168931E-03	 0.22478910E-03
  3040.0000    	  3041.0000    	-0.44074042E-03	 0.30789376E-03
  3041.0000    	  3042.0000    	-0.73427529E-03	 0.25965040E-03
  3042.0000    	  3043.0000    	-0.56000362E-03	 0.25022289E-03
  3043.0000    	  3044.0000    	-0.71512334E-03	 0.31579679E-03
  3044.0000    	  3045.0000    	-0.52835839E-03	 0.34157874E-03
  3045.0000    	  3046.0000    	 0.65003394E-03	 0.31796632E-03
  3046.0000    	  3047.0000    	-0.15956045E-03	 0.24608887E-03
  3047.0000    	  3048.0000    	-0.10896324E-02	 0.22570292E-03
  3048.0000    	  3049.0000    	-0.59973618E-03	 0.14195262E-03
  3049.0000    	  3050.0000    	-0.61143364E-03	 0.18090253E-03
  3050.0000    	  3051.0000    	-0.40548059E-03	 0.12218374E-03
  3051.0000    	  3052.0000    	-0.54373638E-03	 0.20245717E-03
  3052.0000    	  3053.0000    	-0.76578545E-03	 0.22658673E-03
  3053.0000    	  3054.0000    	-0.25942783E-04	 0.24022181E-03
  3054.0000    	  3055.0000    	-0.81869492E-03	 0.29710109E-03
  3055.0000    	  3056.0000    	 0.92557837E-04	 0.30446214E-03
  3056.0000    	  3057.0000    	-0.13200960E-03	 0.15948666E-03
  3057.0000    	  3058.0000    	-0.44171656E-03	 0.34185352E-03
  3058.0000    	  3059.0000    	-0.18614090E-03	 0.11583587E-03
  3059.0000    	  3060.0000    	-0.14900572E-03	 0.91479988E-04
  3060.0000    	  3061.0000    	-0.81574557E-03	 0.28945217E-03
  3061.0000    	  3062.0000    	-0.14598158E-03	 0.18635363E-03
  3062.0000    	  3063.0000    	-0.36574833E-03	 0.18460997E-03
  3063.0000    	  3064.0000    	-0.75578818E-03	 0.27780053E-03
  3064.0000    	  3065.0000    	-0.13538561E-02	 0.31813413E-03
  3065.0000    	  3066.0000    	-0.14247948E-03	 0.33833237E-03
  3066.0000    	  3067.0000    	-0.10861533E-02	 0.30860285E-03
  3067.0000    	  3068.0000    	-0.79937626E-04	 0.29765169E-03
  3068.0000    	  3069.0000    	-0.49251269E-03	 0.33674848E-03
  3069.0000    	  3070.0000    	-0.62004596E-03	 0.10681901E-03
  3070.0000    	  3071.0000    	-0.54259256E-03	 0.16374684E-03
  3071.0000    	  3072.0000    	-0.21545493E-03	 0.92632529E-04
  3072.0000    	  3073.0000    	-0.34419553E-03	 0.16742422E-03
  3073.0000    	  3074.0000    	-0.69381240E-03	 0.25924204E-03
  3074.0000    	  3075.0000    	-0.67723102E-03	 0.16830272E-03
  3075.0000    	  3076.0000    	-0.74374689E-03	 0.29073716E-03
  3076.0000    	  3077.0000    	-0.68001696E-03	 0.30216232E-03
  3077.0000    	  3078.0000    	-0.22557439E-05	 0.24913748E-03
  3078.0000    	  3079.0000    	-0.17035480E-04	 0.23367219E-03
  3079.0000    	  3080.0000    	-0.36858169E-03	 0.23742667E-03
  3080.0000    	  3081.0000    	-0.22728067E-03	 0.71583022E-04
  3081.0000    	  3082.0000    	-0.54585655E-03	 0.18673643E-03
  3082.0000    	  3083.0000    	-0.96689839E-03	 0.22293950E-03
  3083.0000    	  3084.0000    	-0.62468238E-03	 0.16441203E-03
  3084.0000    	  3085.0000    	-0.79274221E-03	 0.27714549E-03
  3085.0000    	  3086.0000    	-0.25903840E-03	 0.89741619E-04
  3086.0000    	  3087.0000    	-0.37671676E-03	 0.33054677E-03
  3087.0000    	  3088.0000    	-0.61789173E-03	 0.30722956E-03
  3088.0000    	  3089.0000    	-0.87717986E-03	 0.26000372E-03
  3089.0000    	  3090.0000    	-0.22687880E-04	 0.32887036E-03
  3090.0000    	  3091.0000    	 0.17055318E-03	 0.31747499E-03
  3091.0000    	  3092.0000    	-0.10612640E-03	 0.81262732E-04
  3092.0000    	  3093.0000    	-0.78968504E-03	 0.20512464E-03
  3093.0000    	  3094.0000    	-0.74172542E-03	 0.16610681E-03
  3094.0000    	  3095.0000    	-0.72932260E-03	 0.24495013E-03
  3095.0000    	  3096.0000    	-0.99567353E-03	 0.31825147E-03
  3096.0000    	  3097.0000    	-0.68699393E-03	 0.26799071E-03
  3097.0000    	  3098.0000    	-0.34273521E-03	 0.24469871E-03
  3098.0000    	  3099.0000    	 0.14313573E-03	 0.32325309E-03
  3099.0000    	  3100.0000    	-0.43886249E-04	 0.30857544E-03
  3100.0000    	  3101.0000    	-0.73139823E-03	 0.36564241E-03
  3101.0000    	  3102.0000    	-0.35137069E-03	 0.11620171E-03
  3102.0000    	  3103.0000    	-0.72216512E-03	 0.19107893E-03
  3103.0000    	  3104.0000    	-0.17853574E-03	 0.14916424E-03
  3104.0000    	  3105.0000    	-0.52277623E-03	 0.19618224E-03
  3105.0000    	  3106.0000    	-0.18929245E-03	 0.55366192E-04
  3106.0000    	  3107.0000    	-0.13846809E-03	 0.22619347E-03
  3107.0000    	  3108.0000    	-0.61588594E-03	 0.27353655E-03
  3108.0000    	  3109.0000    	-0.15904370E-02	 0.26239342E-03
  3109.0000    	  3110.0000    	-0.28174410E-03	 0.26160881E-03
  3110.0000    	  3111.0000    	-0.69961165E-03	 0.26436264E-03
  3111.0000    	  3112.0000    	 0.54111434E-04	 0.39469145E-03
  3112.0000    	  3113.0000    	-0.79140536E-04	 0.27691699E-03
  3113.0000    	  3114.0000    	-0.88647804E-03	 0.22347295E-03
  3114.0000    	  3115.0000    	-0.60313923E-03	 0.16554471E-03
  3115.0000    	  3116.0000    	-0.79260695E-03	 0.19052005E-03
  3116.0000    	  3117.0000    	-0.22993299E-03	 0.95386521E-04
  3117.0000    	  3118.0000    	-0.96255034E-03	 0.15294874E-03
  3118.0000    	  3119.0000    	-0.24919604E-03	 0.29547360E-03
  3119.0000    	  3120.0000    	-0.35717053E-03	 0.20694037E-03
  3120.0000    	  3121.0000    	-0.77270977E-03	 0.25440764E-03
  3121.0000    	  3122.0000    	-0.86107413E-03	 0.33721208E-03
  3122.0000    	  3123.0000    	-0.37824065E-03	 0.33188233E-03
  3123.0000    	  3124.0000    	-0.14206411E-03	 0.28588618E-03
