# xi0
# underflow	  44.151549    	 0.11863460    
# overflow	-0.65527570E-01	 0.33014704E-02
# sum	  38.356472    	 0.12280702    
# xmin	xmax	cross	numerror
  2024.0000    	  2025.0000    	-0.21310084E-01	 0.18137683E-02
  2025.0000    	  2026.0000    	-0.21763225E-01	 0.18445985E-02
  2026.0000    	  2027.0000    	-0.17633271E-01	 0.15809866E-02
  2027.0000    	  2028.0000    	-0.17013453E-01	 0.16784918E-02
  2028.0000    	  2029.0000    	-0.86084553E-02	 0.11395982E-02
  2029.0000    	  2030.0000    	-0.61144875E-02	 0.11310709E-02
  2030.0000    	  2031.0000    	-0.21633940E-02	 0.78670958E-03
  2031.0000    	  2032.0000    	-0.10674654E-02	 0.82597026E-03
  2032.0000    	  2033.0000    	-0.76908355E-03	 0.97741266E-03
  2033.0000    	  2034.0000    	-0.96117978E-03	 0.98161480E-03
  2034.0000    	  2035.0000    	-0.80058709E-03	 0.10871163E-02
  2035.0000    	  2036.0000    	-0.19894785E-01	 0.16491412E-02
  2036.0000    	  2037.0000    	-0.23241253E-01	 0.17248873E-02
  2037.0000    	  2038.0000    	-0.19705662E-01	 0.17606048E-02
  2038.0000    	  2039.0000    	-0.13252194E-01	 0.15206032E-02
  2039.0000    	  2040.0000    	-0.10440903E-01	 0.11426071E-02
  2040.0000    	  2041.0000    	-0.56862376E-02	 0.10874269E-02
  2041.0000    	  2042.0000    	-0.11399966E-02	 0.85189134E-03
  2042.0000    	  2043.0000    	-0.66179513E-03	 0.86475608E-03
  2043.0000    	  2044.0000    	 0.18919333E-03	 0.99946340E-03
  2044.0000    	  2045.0000    	 0.22993802E-03	 0.87146289E-03
  2045.0000    	  2046.0000    	-0.22176988E-03	 0.95425877E-03
  2046.0000    	  2047.0000    	-0.21642196E-01	 0.19694494E-02
  2047.0000    	  2048.0000    	-0.21743813E-01	 0.19118061E-02
  2048.0000    	  2049.0000    	-0.16005131E-01	 0.16953016E-02
  2049.0000    	  2050.0000    	-0.12997564E-01	 0.14497844E-02
  2050.0000    	  2051.0000    	-0.10580845E-01	 0.12799312E-02
  2051.0000    	  2052.0000    	-0.45015269E-02	 0.91316923E-03
  2052.0000    	  2053.0000    	-0.25117769E-02	 0.86462123E-03
  2053.0000    	  2054.0000    	-0.26260076E-02	 0.94825245E-03
  2054.0000    	  2055.0000    	 0.19391383E-03	 0.86173075E-03
  2055.0000    	  2056.0000    	 0.50555853E-03	 0.89576479E-03
  2056.0000    	  2057.0000    	-0.26042738E-02	 0.92928876E-03
  2057.0000    	  2058.0000    	-0.21251060E-01	 0.21146068E-02
  2058.0000    	  2059.0000    	-0.19818398E-01	 0.16848829E-02
  2059.0000    	  2060.0000    	-0.16069053E-01	 0.16899279E-02
  2060.0000    	  2061.0000    	-0.13332590E-01	 0.13508667E-02
  2061.0000    	  2062.0000    	-0.93862700E-02	 0.12339400E-02
  2062.0000    	  2063.0000    	-0.49233423E-02	 0.89891651E-03
  2063.0000    	  2064.0000    	-0.16638275E-02	 0.90054196E-03
  2064.0000    	  2065.0000    	-0.14043025E-02	 0.82703478E-03
  2065.0000    	  2066.0000    	 0.10673409E-03	 0.85976967E-03
  2066.0000    	  2067.0000    	-0.10614565E-02	 0.93434744E-03
  2067.0000    	  2068.0000    	 0.63559785E-04	 0.81775499E-03
  2068.0000    	  2069.0000    	-0.23964122E-01	 0.23231819E-02
  2069.0000    	  2070.0000    	-0.19717027E-01	 0.16954421E-02
  2070.0000    	  2071.0000    	-0.17562405E-01	 0.15738078E-02
  2071.0000    	  2072.0000    	-0.16145984E-01	 0.14759434E-02
  2072.0000    	  2073.0000    	-0.91739949E-02	 0.11261658E-02
  2073.0000    	  2074.0000    	-0.41852596E-02	 0.94882657E-03
  2074.0000    	  2075.0000    	-0.14903218E-02	 0.77962765E-03
  2075.0000    	  2076.0000    	-0.83948175E-03	 0.10303167E-02
  2076.0000    	  2077.0000    	-0.77202857E-04	 0.82443754E-03
  2077.0000    	  2078.0000    	-0.13804156E-02	 0.99409803E-03
  2078.0000    	  2079.0000    	-0.19153072E-02	 0.84831349E-03
  2079.0000    	  2080.0000    	-0.20494192E-01	 0.18827861E-02
  2080.0000    	  2081.0000    	-0.21222401E-01	 0.16570324E-02
  2081.0000    	  2082.0000    	-0.18379992E-01	 0.15550938E-02
  2082.0000    	  2083.0000    	-0.13340289E-01	 0.13572166E-02
  2083.0000    	  2084.0000    	-0.63542704E-02	 0.11391110E-02
  2084.0000    	  2085.0000    	-0.58791361E-02	 0.95159585E-03
  2085.0000    	  2086.0000    	-0.26305824E-02	 0.78873274E-03
  2086.0000    	  2087.0000    	-0.14731465E-02	 0.85881528E-03
  2087.0000    	  2088.0000    	-0.50681851E-03	 0.83741528E-03
  2088.0000    	  2089.0000    	 0.28916475E-03	 0.90244675E-03
  2089.0000    	  2090.0000    	-0.18703209E-02	 0.86477405E-03
  2090.0000    	  2091.0000    	-0.22533060E-01	 0.18465582E-02
  2091.0000    	  2092.0000    	-0.19317412E-01	 0.16390951E-02
  2092.0000    	  2093.0000    	-0.15967359E-01	 0.15412867E-02
  2093.0000    	  2094.0000    	-0.14636516E-01	 0.14319698E-02
  2094.0000    	  2095.0000    	-0.94991227E-02	 0.11442824E-02
  2095.0000    	  2096.0000    	-0.52439953E-02	 0.96827161E-03
  2096.0000    	  2097.0000    	-0.32591286E-02	 0.77077057E-03
  2097.0000    	  2098.0000    	-0.11361051E-02	 0.79215842E-03
  2098.0000    	  2099.0000    	 0.52484182E-03	 0.92332548E-03
  2099.0000    	  2100.0000    	-0.12395985E-02	 0.86028136E-03
  2100.0000    	  2101.0000    	-0.10333476E-02	 0.81011968E-03
  2101.0000    	  2102.0000    	-0.19562353E-01	 0.19652081E-02
  2102.0000    	  2103.0000    	-0.20875099E-01	 0.18350923E-02
  2103.0000    	  2104.0000    	-0.17679556E-01	 0.15580865E-02
  2104.0000    	  2105.0000    	-0.11294930E-01	 0.15470210E-02
  2105.0000    	  2106.0000    	-0.76211532E-02	 0.11397348E-02
  2106.0000    	  2107.0000    	-0.49770751E-02	 0.91308582E-03
  2107.0000    	  2108.0000    	-0.13385047E-02	 0.74799593E-03
  2108.0000    	  2109.0000    	-0.11918440E-02	 0.71959687E-03
  2109.0000    	  2110.0000    	 0.17192566E-02	 0.88660461E-03
  2110.0000    	  2111.0000    	 0.34263075E-03	 0.84066759E-03
  2111.0000    	  2112.0000    	-0.16488031E-02	 0.85438016E-03
  2112.0000    	  2113.0000    	-0.23318498E-01	 0.17626117E-02
  2113.0000    	  2114.0000    	-0.17300391E-01	 0.16602158E-02
  2114.0000    	  2115.0000    	-0.14396844E-01	 0.15576620E-02
  2115.0000    	  2116.0000    	-0.10877962E-01	 0.14518546E-02
  2116.0000    	  2117.0000    	-0.82948696E-02	 0.11764658E-02
  2117.0000    	  2118.0000    	-0.43539375E-02	 0.90374605E-03
  2118.0000    	  2119.0000    	-0.10594842E-02	 0.72025493E-03
  2119.0000    	  2120.0000    	-0.81948365E-03	 0.86708542E-03
  2120.0000    	  2121.0000    	 0.10588290E-02	 0.96535982E-03
  2121.0000    	  2122.0000    	-0.10392871E-02	 0.94043517E-03
  2122.0000    	  2123.0000    	-0.11443232E-02	 0.92207232E-03
  2123.0000    	  2124.0000    	-0.20748305E-01	 0.17827794E-02
  2124.0000    	  2125.0000    	-0.19942901E-01	 0.16997868E-02
  2125.0000    	  2126.0000    	-0.16758053E-01	 0.16884203E-02
  2126.0000    	  2127.0000    	-0.12446930E-01	 0.13017593E-02
  2127.0000    	  2128.0000    	-0.79185017E-02	 0.12839021E-02
  2128.0000    	  2129.0000    	-0.32994645E-02	 0.93509337E-03
  2129.0000    	  2130.0000    	-0.18151591E-02	 0.83482477E-03
  2130.0000    	  2131.0000    	-0.71410309E-03	 0.71982942E-03
  2131.0000    	  2132.0000    	-0.17632557E-02	 0.99203245E-03
  2132.0000    	  2133.0000    	-0.21141615E-02	 0.91721912E-03
  2133.0000    	  2134.0000    	-0.26601007E-02	 0.84130502E-03
  2134.0000    	  2135.0000    	-0.18884618E-01	 0.18131299E-02
  2135.0000    	  2136.0000    	-0.19904658E-01	 0.19017013E-02
  2136.0000    	  2137.0000    	-0.17363806E-01	 0.16994734E-02
  2137.0000    	  2138.0000    	-0.12599919E-01	 0.12845681E-02
  2138.0000    	  2139.0000    	-0.10402632E-01	 0.12175975E-02
  2139.0000    	  2140.0000    	-0.59584938E-02	 0.89148421E-03
  2140.0000    	  2141.0000    	-0.83057807E-03	 0.74762222E-03
  2141.0000    	  2142.0000    	-0.19407238E-02	 0.90071272E-03
  2142.0000    	  2143.0000    	-0.36569682E-04	 0.99471780E-03
  2143.0000    	  2144.0000    	-0.15767669E-02	 0.89528825E-03
  2144.0000    	  2145.0000    	-0.28136043E-02	 0.79017932E-03
  2145.0000    	  2146.0000    	-0.23552799E-01	 0.18722646E-02
  2146.0000    	  2147.0000    	-0.23461613E-01	 0.20106646E-02
  2147.0000    	  2148.0000    	-0.13862093E-01	 0.15560374E-02
  2148.0000    	  2149.0000    	-0.92834244E-02	 0.14156236E-02
  2149.0000    	  2150.0000    	-0.73384548E-02	 0.10843076E-02
  2150.0000    	  2151.0000    	-0.49446378E-02	 0.10848094E-02
  2151.0000    	  2152.0000    	-0.22664450E-02	 0.72099768E-03
  2152.0000    	  2153.0000    	-0.15839394E-02	 0.77947930E-03
  2153.0000    	  2154.0000    	 0.98751852E-04	 0.85056007E-03
  2154.0000    	  2155.0000    	-0.95500845E-03	 0.90434004E-03
  2155.0000    	  2156.0000    	-0.14568073E-02	 0.73596596E-03
  2156.0000    	  2157.0000    	-0.19056873E-01	 0.18286731E-02
  2157.0000    	  2158.0000    	-0.15847773E-01	 0.17803544E-02
  2158.0000    	  2159.0000    	-0.13172543E-01	 0.15177177E-02
  2159.0000    	  2160.0000    	-0.14091202E-01	 0.13575555E-02
  2160.0000    	  2161.0000    	-0.78792420E-02	 0.11095512E-02
  2161.0000    	  2162.0000    	-0.61383394E-02	 0.89957335E-03
  2162.0000    	  2163.0000    	-0.34554906E-02	 0.82778552E-03
  2163.0000    	  2164.0000    	-0.15250631E-02	 0.80188270E-03
  2164.0000    	  2165.0000    	-0.13657842E-02	 0.85075982E-03
  2165.0000    	  2166.0000    	-0.10942084E-02	 0.85220328E-03
  2166.0000    	  2167.0000    	-0.14274895E-02	 0.80328699E-03
  2167.0000    	  2168.0000    	-0.17350621E-01	 0.17644530E-02
  2168.0000    	  2169.0000    	-0.19696273E-01	 0.16342917E-02
  2169.0000    	  2170.0000    	-0.15721867E-01	 0.14661694E-02
  2170.0000    	  2171.0000    	-0.94765933E-02	 0.13056347E-02
  2171.0000    	  2172.0000    	-0.92607537E-02	 0.10468808E-02
  2172.0000    	  2173.0000    	-0.45906074E-02	 0.79363107E-03
  2173.0000    	  2174.0000    	-0.14512276E-02	 0.69803318E-03
  2174.0000    	  2175.0000    	-0.92990570E-03	 0.80928900E-03
  2175.0000    	  2176.0000    	-0.17061386E-03	 0.76370318E-03
  2176.0000    	  2177.0000    	-0.89106703E-03	 0.84429234E-03
  2177.0000    	  2178.0000    	-0.25534424E-02	 0.80230688E-03
  2178.0000    	  2179.0000    	-0.18278484E-01	 0.19642523E-02
  2179.0000    	  2180.0000    	-0.17230877E-01	 0.16252233E-02
  2180.0000    	  2181.0000    	-0.17479783E-01	 0.16044461E-02
  2181.0000    	  2182.0000    	-0.10738193E-01	 0.12504798E-02
  2182.0000    	  2183.0000    	-0.65576137E-02	 0.10825303E-02
  2183.0000    	  2184.0000    	-0.35518991E-02	 0.74632857E-03
  2184.0000    	  2185.0000    	-0.12746469E-02	 0.83641014E-03
  2185.0000    	  2186.0000    	-0.95716703E-03	 0.72935063E-03
  2186.0000    	  2187.0000    	 0.95766042E-03	 0.75208400E-03
  2187.0000    	  2188.0000    	-0.23062780E-02	 0.81100888E-03
  2188.0000    	  2189.0000    	-0.10071744E-02	 0.86087579E-03
  2189.0000    	  2190.0000    	-0.18654075E-01	 0.19969645E-02
  2190.0000    	  2191.0000    	-0.18354747E-01	 0.17380062E-02
  2191.0000    	  2192.0000    	-0.13912539E-01	 0.15884455E-02
  2192.0000    	  2193.0000    	-0.12335840E-01	 0.14065735E-02
  2193.0000    	  2194.0000    	-0.87180996E-02	 0.10594632E-02
  2194.0000    	  2195.0000    	-0.36140963E-02	 0.82617456E-03
  2195.0000    	  2196.0000    	-0.26077957E-02	 0.80489909E-03
  2196.0000    	  2197.0000    	 0.36802787E-03	 0.82907314E-03
  2197.0000    	  2198.0000    	-0.12920871E-02	 0.82235857E-03
  2198.0000    	  2199.0000    	-0.92846890E-03	 0.87838501E-03
  2199.0000    	  2200.0000    	-0.17749926E-02	 0.80127006E-03
  2200.0000    	  2201.0000    	-0.17038678E-01	 0.17539884E-02
  2201.0000    	  2202.0000    	-0.15942162E-01	 0.16052079E-02
  2202.0000    	  2203.0000    	-0.14026144E-01	 0.16003716E-02
  2203.0000    	  2204.0000    	-0.12248017E-01	 0.12653083E-02
  2204.0000    	  2205.0000    	-0.66751537E-02	 0.11797622E-02
  2205.0000    	  2206.0000    	-0.38820400E-02	 0.82844047E-03
  2206.0000    	  2207.0000    	-0.71275654E-03	 0.66925292E-03
  2207.0000    	  2208.0000    	-0.12783747E-02	 0.77035695E-03
  2208.0000    	  2209.0000    	-0.71355004E-03	 0.91445513E-03
  2209.0000    	  2210.0000    	-0.17002433E-02	 0.78569080E-03
  2210.0000    	  2211.0000    	-0.29559868E-02	 0.87035685E-03
  2211.0000    	  2212.0000    	-0.15885026E-01	 0.17038621E-02
  2212.0000    	  2213.0000    	-0.18192867E-01	 0.17560184E-02
  2213.0000    	  2214.0000    	-0.14085826E-01	 0.14468802E-02
  2214.0000    	  2215.0000    	-0.95129725E-02	 0.12153260E-02
  2215.0000    	  2216.0000    	-0.74738409E-02	 0.10245059E-02
  2216.0000    	  2217.0000    	-0.38156762E-02	 0.75708573E-03
  2217.0000    	  2218.0000    	-0.33450736E-02	 0.81022399E-03
  2218.0000    	  2219.0000    	-0.75302830E-03	 0.78787552E-03
  2219.0000    	  2220.0000    	-0.54309057E-04	 0.82217324E-03
  2220.0000    	  2221.0000    	-0.16179511E-02	 0.86419534E-03
  2221.0000    	  2222.0000    	-0.14796997E-02	 0.80831206E-03
  2222.0000    	  2223.0000    	-0.18628358E-01	 0.16672791E-02
  2223.0000    	  2224.0000    	-0.16449830E-01	 0.17343933E-02
  2224.0000    	  2225.0000    	-0.15449163E-01	 0.15373416E-02
  2225.0000    	  2226.0000    	-0.10815398E-01	 0.11286452E-02
  2226.0000    	  2227.0000    	-0.61560201E-02	 0.10535291E-02
  2227.0000    	  2228.0000    	-0.38949527E-02	 0.81220359E-03
  2228.0000    	  2229.0000    	-0.35767681E-02	 0.78612887E-03
  2229.0000    	  2230.0000    	-0.14470321E-02	 0.75954502E-03
  2230.0000    	  2231.0000    	-0.17913623E-02	 0.85000407E-03
  2231.0000    	  2232.0000    	-0.51240990E-03	 0.85839314E-03
  2232.0000    	  2233.0000    	-0.10182019E-02	 0.70282068E-03
  2233.0000    	  2234.0000    	-0.16703528E-01	 0.18322483E-02
  2234.0000    	  2235.0000    	-0.15511519E-01	 0.14656775E-02
  2235.0000    	  2236.0000    	-0.15735934E-01	 0.16740892E-02
  2236.0000    	  2237.0000    	-0.12568926E-01	 0.13410484E-02
  2237.0000    	  2238.0000    	-0.63194150E-02	 0.97680172E-03
  2238.0000    	  2239.0000    	-0.35103446E-02	 0.93023157E-03
  2239.0000    	  2240.0000    	-0.19541215E-02	 0.69883217E-03
  2240.0000    	  2241.0000    	-0.27019049E-03	 0.76139449E-03
  2241.0000    	  2242.0000    	 0.29105575E-03	 0.78581720E-03
  2242.0000    	  2243.0000    	-0.21890425E-02	 0.88997867E-03
  2243.0000    	  2244.0000    	-0.85311354E-03	 0.81256551E-03
  2244.0000    	  2245.0000    	-0.18246245E-01	 0.16416924E-02
  2245.0000    	  2246.0000    	-0.17307409E-01	 0.15271818E-02
  2246.0000    	  2247.0000    	-0.12905803E-01	 0.15406622E-02
  2247.0000    	  2248.0000    	-0.88048195E-02	 0.12476031E-02
  2248.0000    	  2249.0000    	-0.59087251E-02	 0.10284563E-02
  2249.0000    	  2250.0000    	-0.44320070E-02	 0.83555951E-03
  2250.0000    	  2251.0000    	-0.27114254E-02	 0.77855738E-03
  2251.0000    	  2252.0000    	-0.14590554E-02	 0.76613585E-03
  2252.0000    	  2253.0000    	-0.14870243E-02	 0.81455492E-03
  2253.0000    	  2254.0000    	 0.54707620E-03	 0.87320664E-03
  2254.0000    	  2255.0000    	-0.14602350E-02	 0.89187641E-03
  2255.0000    	  2256.0000    	-0.17894236E-01	 0.18076416E-02
  2256.0000    	  2257.0000    	-0.14748787E-01	 0.14945921E-02
  2257.0000    	  2258.0000    	-0.15341998E-01	 0.15114960E-02
  2258.0000    	  2259.0000    	-0.10358776E-01	 0.11921365E-02
  2259.0000    	  2260.0000    	-0.74750513E-02	 0.93949810E-03
  2260.0000    	  2261.0000    	-0.35486629E-02	 0.72684770E-03
  2261.0000    	  2262.0000    	-0.31310335E-02	 0.77968501E-03
  2262.0000    	  2263.0000    	-0.76948012E-03	 0.72893414E-03
  2263.0000    	  2264.0000    	-0.30712434E-04	 0.80728980E-03
  2264.0000    	  2265.0000    	-0.14629107E-02	 0.77351273E-03
  2265.0000    	  2266.0000    	-0.16118826E-02	 0.79794112E-03
  2266.0000    	  2267.0000    	-0.18363102E-01	 0.18305018E-02
  2267.0000    	  2268.0000    	-0.16587562E-01	 0.14961907E-02
  2268.0000    	  2269.0000    	-0.14926535E-01	 0.16330031E-02
  2269.0000    	  2270.0000    	-0.10761897E-01	 0.12062185E-02
  2270.0000    	  2271.0000    	-0.82748096E-02	 0.10314627E-02
  2271.0000    	  2272.0000    	-0.55142897E-02	 0.77425453E-03
  2272.0000    	  2273.0000    	-0.14301907E-02	 0.63510553E-03
  2273.0000    	  2274.0000    	-0.14346102E-02	 0.79393831E-03
  2274.0000    	  2275.0000    	-0.73164987E-03	 0.77026669E-03
  2275.0000    	  2276.0000    	-0.10436390E-02	 0.76061744E-03
  2276.0000    	  2277.0000    	-0.25557106E-02	 0.81082987E-03
  2277.0000    	  2278.0000    	-0.17703661E-01	 0.15760045E-02
  2278.0000    	  2279.0000    	-0.16556198E-01	 0.15592511E-02
  2279.0000    	  2280.0000    	-0.12657342E-01	 0.14115537E-02
  2280.0000    	  2281.0000    	-0.84025328E-02	 0.11469555E-02
  2281.0000    	  2282.0000    	-0.58843708E-02	 0.93432694E-03
  2282.0000    	  2283.0000    	-0.43762419E-02	 0.77300183E-03
  2283.0000    	  2284.0000    	-0.25738052E-02	 0.64595093E-03
  2284.0000    	  2285.0000    	-0.20350369E-02	 0.82567624E-03
  2285.0000    	  2286.0000    	-0.65029052E-03	 0.80326537E-03
  2286.0000    	  2287.0000    	-0.19463499E-02	 0.78227084E-03
  2287.0000    	  2288.0000    	-0.31296544E-02	 0.73244474E-03
  2288.0000    	  2289.0000    	-0.18330998E-01	 0.17537463E-02
  2289.0000    	  2290.0000    	-0.15967841E-01	 0.15395081E-02
  2290.0000    	  2291.0000    	-0.11753135E-01	 0.13858037E-02
  2291.0000    	  2292.0000    	-0.95755971E-02	 0.11717634E-02
  2292.0000    	  2293.0000    	-0.61252961E-02	 0.96255759E-03
  2293.0000    	  2294.0000    	-0.40144575E-02	 0.76593493E-03
  2294.0000    	  2295.0000    	-0.84367808E-03	 0.68100294E-03
  2295.0000    	  2296.0000    	-0.14193413E-02	 0.84330716E-03
  2296.0000    	  2297.0000    	-0.11643324E-02	 0.77827852E-03
  2297.0000    	  2298.0000    	-0.88147412E-03	 0.80825189E-03
  2298.0000    	  2299.0000    	-0.17953552E-02	 0.68723573E-03
  2299.0000    	  2300.0000    	-0.16848919E-01	 0.16060950E-02
  2300.0000    	  2301.0000    	-0.13835728E-01	 0.15181202E-02
  2301.0000    	  2302.0000    	-0.13667757E-01	 0.14078309E-02
  2302.0000    	  2303.0000    	-0.99611042E-02	 0.11629232E-02
  2303.0000    	  2304.0000    	-0.66150122E-02	 0.93733382E-03
  2304.0000    	  2305.0000    	-0.44080419E-02	 0.76043904E-03
  2305.0000    	  2306.0000    	-0.28417528E-02	 0.74794488E-03
  2306.0000    	  2307.0000    	-0.29068557E-03	 0.79550694E-03
  2307.0000    	  2308.0000    	-0.88503826E-03	 0.75918958E-03
  2308.0000    	  2309.0000    	-0.22564537E-02	 0.79755700E-03
  2309.0000    	  2310.0000    	-0.14097168E-02	 0.75893271E-03
  2310.0000    	  2311.0000    	-0.17137851E-01	 0.15919483E-02
  2311.0000    	  2312.0000    	-0.15889133E-01	 0.14679431E-02
  2312.0000    	  2313.0000    	-0.10820948E-01	 0.15179301E-02
  2313.0000    	  2314.0000    	-0.10758611E-01	 0.11483203E-02
  2314.0000    	  2315.0000    	-0.74568128E-02	 0.10292011E-02
  2315.0000    	  2316.0000    	-0.45263785E-02	 0.81028585E-03
  2316.0000    	  2317.0000    	-0.21954255E-02	 0.73473015E-03
  2317.0000    	  2318.0000    	-0.18444160E-02	 0.73215821E-03
  2318.0000    	  2319.0000    	-0.20269389E-02	 0.80761341E-03
  2319.0000    	  2320.0000    	-0.11553072E-02	 0.83307749E-03
  2320.0000    	  2321.0000    	-0.15935197E-02	 0.67632404E-03
  2321.0000    	  2322.0000    	-0.16814464E-01	 0.19324195E-02
  2322.0000    	  2323.0000    	-0.14646490E-01	 0.15249622E-02
  2323.0000    	  2324.0000    	-0.12704306E-01	 0.13723340E-02
  2324.0000    	  2325.0000    	-0.89942066E-02	 0.10878902E-02
  2325.0000    	  2326.0000    	-0.47743931E-02	 0.87667868E-03
  2326.0000    	  2327.0000    	-0.33808507E-02	 0.76019930E-03
  2327.0000    	  2328.0000    	-0.20316881E-02	 0.72109276E-03
  2328.0000    	  2329.0000    	-0.32311532E-02	 0.71909274E-03
  2329.0000    	  2330.0000    	-0.21578340E-02	 0.82778821E-03
  2330.0000    	  2331.0000    	-0.21606759E-02	 0.81985208E-03
  2331.0000    	  2332.0000    	-0.10149443E-02	 0.74843431E-03
  2332.0000    	  2333.0000    	-0.16333231E-01	 0.16653335E-02
  2333.0000    	  2334.0000    	-0.15021890E-01	 0.15901599E-02
  2334.0000    	  2335.0000    	-0.12629618E-01	 0.16551865E-02
  2335.0000    	  2336.0000    	-0.78942052E-02	 0.11948167E-02
  2336.0000    	  2337.0000    	-0.55912852E-02	 0.94891478E-03
  2337.0000    	  2338.0000    	-0.46025465E-02	 0.77018261E-03
  2338.0000    	  2339.0000    	-0.28147741E-02	 0.71816401E-03
  2339.0000    	  2340.0000    	-0.10150954E-02	 0.74825188E-03
  2340.0000    	  2341.0000    	-0.58427372E-03	 0.79648087E-03
  2341.0000    	  2342.0000    	-0.14196399E-02	 0.79316363E-03
  2342.0000    	  2343.0000    	-0.17093062E-02	 0.69305441E-03
  2343.0000    	  2344.0000    	-0.14881252E-01	 0.16086739E-02
  2344.0000    	  2345.0000    	-0.13672874E-01	 0.14408546E-02
  2345.0000    	  2346.0000    	-0.13815502E-01	 0.15319470E-02
  2346.0000    	  2347.0000    	-0.10294824E-01	 0.11353197E-02
  2347.0000    	  2348.0000    	-0.71610813E-02	 0.89618465E-03
  2348.0000    	  2349.0000    	-0.41680940E-02	 0.78972610E-03
  2349.0000    	  2350.0000    	-0.12641028E-02	 0.72445550E-03
  2350.0000    	  2351.0000    	-0.34136487E-03	 0.66841704E-03
  2351.0000    	  2352.0000    	-0.91066891E-03	 0.78011129E-03
  2352.0000    	  2353.0000    	-0.18509440E-02	 0.80930295E-03
  2353.0000    	  2354.0000    	-0.68400149E-03	 0.74806680E-03
  2354.0000    	  2355.0000    	-0.16598863E-01	 0.17931322E-02
  2355.0000    	  2356.0000    	-0.14891990E-01	 0.14273418E-02
  2356.0000    	  2357.0000    	-0.12569216E-01	 0.13559934E-02
  2357.0000    	  2358.0000    	-0.10528690E-01	 0.12221057E-02
  2358.0000    	  2359.0000    	-0.55836754E-02	 0.90987213E-03
  2359.0000    	  2360.0000    	-0.34371239E-02	 0.82612263E-03
  2360.0000    	  2361.0000    	-0.18204028E-02	 0.63844517E-03
  2361.0000    	  2362.0000    	-0.21089061E-02	 0.70857028E-03
  2362.0000    	  2363.0000    	-0.12790022E-04	 0.69253531E-03
  2363.0000    	  2364.0000    	-0.17966797E-02	 0.82239276E-03
  2364.0000    	  2365.0000    	-0.14983508E-02	 0.67538764E-03
  2365.0000    	  2366.0000    	-0.14539045E-01	 0.15017145E-02
  2366.0000    	  2367.0000    	-0.13831572E-01	 0.14583558E-02
  2367.0000    	  2368.0000    	-0.12863792E-01	 0.12901772E-02
  2368.0000    	  2369.0000    	-0.90714727E-02	 0.11525564E-02
  2369.0000    	  2370.0000    	-0.58752209E-02	 0.90693574E-03
  2370.0000    	  2371.0000    	-0.32444425E-02	 0.65833167E-03
  2371.0000    	  2372.0000    	-0.22667238E-02	 0.60816413E-03
  2372.0000    	  2373.0000    	-0.23195479E-02	 0.79920048E-03
  2373.0000    	  2374.0000    	-0.20511432E-02	 0.78082788E-03
  2374.0000    	  2375.0000    	-0.82539394E-03	 0.82028411E-03
  2375.0000    	  2376.0000    	-0.14091885E-02	 0.75245495E-03
  2376.0000    	  2377.0000    	-0.13124769E-01	 0.17495062E-02
  2377.0000    	  2378.0000    	-0.12505548E-01	 0.15867136E-02
  2378.0000    	  2379.0000    	-0.10018580E-01	 0.12364202E-02
  2379.0000    	  2380.0000    	-0.97143076E-02	 0.10739873E-02
  2380.0000    	  2381.0000    	-0.77406443E-02	 0.85961768E-03
  2381.0000    	  2382.0000    	-0.46047313E-02	 0.67926263E-03
  2382.0000    	  2383.0000    	-0.31818582E-02	 0.60545622E-03
  2383.0000    	  2384.0000    	-0.22006235E-02	 0.76377771E-03
  2384.0000    	  2385.0000    	-0.11400296E-02	 0.76226041E-03
  2385.0000    	  2386.0000    	-0.15473142E-02	 0.76110201E-03
  2386.0000    	  2387.0000    	-0.24552461E-02	 0.69752658E-03
  2387.0000    	  2388.0000    	-0.16053053E-01	 0.16484754E-02
  2388.0000    	  2389.0000    	-0.15187164E-01	 0.14230191E-02
  2389.0000    	  2390.0000    	-0.11122665E-01	 0.13792690E-02
  2390.0000    	  2391.0000    	-0.86255874E-02	 0.10079132E-02
  2391.0000    	  2392.0000    	-0.63685015E-02	 0.96156408E-03
  2392.0000    	  2393.0000    	-0.26102981E-02	 0.73373752E-03
  2393.0000    	  2394.0000    	-0.15870666E-02	 0.73087687E-03
  2394.0000    	  2395.0000    	-0.17706668E-02	 0.70350693E-03
  2395.0000    	  2396.0000    	-0.12601331E-02	 0.81300794E-03
  2396.0000    	  2397.0000    	-0.15533376E-02	 0.69803769E-03
  2397.0000    	  2398.0000    	-0.26767392E-02	 0.68110237E-03
  2398.0000    	  2399.0000    	-0.16625916E-01	 0.15329377E-02
  2399.0000    	  2400.0000    	-0.12640600E-01	 0.15168688E-02
  2400.0000    	  2401.0000    	-0.11515862E-01	 0.13202597E-02
  2401.0000    	  2402.0000    	-0.10419790E-01	 0.12601398E-02
  2402.0000    	  2403.0000    	-0.66691773E-02	 0.88273478E-03
  2403.0000    	  2404.0000    	-0.34933578E-02	 0.67131567E-03
  2404.0000    	  2405.0000    	-0.23673569E-02	 0.61580766E-03
  2405.0000    	  2406.0000    	-0.80762628E-03	 0.64845073E-03
  2406.0000    	  2407.0000    	-0.19857898E-02	 0.73341813E-03
  2407.0000    	  2408.0000    	-0.16708723E-02	 0.82515403E-03
  2408.0000    	  2409.0000    	-0.11998523E-02	 0.72226635E-03
  2409.0000    	  2410.0000    	-0.16699640E-01	 0.16277457E-02
  2410.0000    	  2411.0000    	-0.13198769E-01	 0.14890251E-02
  2411.0000    	  2412.0000    	-0.99094408E-02	 0.15797533E-02
  2412.0000    	  2413.0000    	-0.74471369E-02	 0.10327097E-02
  2413.0000    	  2414.0000    	-0.55879417E-02	 0.85415963E-03
  2414.0000    	  2415.0000    	-0.33955479E-02	 0.66764447E-03
  2415.0000    	  2416.0000    	-0.18697304E-02	 0.64876576E-03
  2416.0000    	  2417.0000    	-0.98853613E-03	 0.77587195E-03
  2417.0000    	  2418.0000    	-0.19050045E-02	 0.84986882E-03
  2418.0000    	  2419.0000    	-0.15128870E-02	 0.77175907E-03
  2419.0000    	  2420.0000    	-0.19103062E-02	 0.68700865E-03
  2420.0000    	  2421.0000    	-0.15955180E-01	 0.16137196E-02
  2421.0000    	  2422.0000    	-0.15280427E-01	 0.14147576E-02
  2422.0000    	  2423.0000    	-0.92362135E-02	 0.14080231E-02
  2423.0000    	  2424.0000    	-0.10232416E-01	 0.10825834E-02
  2424.0000    	  2425.0000    	-0.52109366E-02	 0.80240956E-03
  2425.0000    	  2426.0000    	-0.32381484E-02	 0.75419043E-03
  2426.0000    	  2427.0000    	-0.26686670E-02	 0.64422795E-03
  2427.0000    	  2428.0000    	-0.14511918E-02	 0.73030151E-03
  2428.0000    	  2429.0000    	-0.86795842E-03	 0.81261424E-03
  2429.0000    	  2430.0000    	-0.12259439E-02	 0.68694966E-03
  2430.0000    	  2431.0000    	-0.18551182E-02	 0.69608596E-03
  2431.0000    	  2432.0000    	-0.12523043E-01	 0.15251821E-02
  2432.0000    	  2433.0000    	-0.15145806E-01	 0.16418714E-02
  2433.0000    	  2434.0000    	-0.12484200E-01	 0.13097983E-02
  2434.0000    	  2435.0000    	-0.84351852E-02	 0.10462677E-02
  2435.0000    	  2436.0000    	-0.72594189E-02	 0.82985544E-03
  2436.0000    	  2437.0000    	-0.27519336E-02	 0.62319090E-03
  2437.0000    	  2438.0000    	-0.43924626E-03	 0.64775432E-03
  2438.0000    	  2439.0000    	-0.21432594E-02	 0.76614358E-03
  2439.0000    	  2440.0000    	-0.13881466E-02	 0.75748548E-03
  2440.0000    	  2441.0000    	-0.18177359E-02	 0.81764038E-03
  2441.0000    	  2442.0000    	-0.75729411E-03	 0.68703881E-03
  2442.0000    	  2443.0000    	-0.13629063E-01	 0.16791756E-02
  2443.0000    	  2444.0000    	-0.10577313E-01	 0.14184806E-02
  2444.0000    	  2445.0000    	-0.10857124E-01	 0.12580618E-02
  2445.0000    	  2446.0000    	-0.82841657E-02	 0.11780773E-02
  2446.0000    	  2447.0000    	-0.39678704E-02	 0.76215169E-03
  2447.0000    	  2448.0000    	-0.38438872E-02	 0.62219249E-03
  2448.0000    	  2449.0000    	-0.21337074E-02	 0.65354757E-03
  2449.0000    	  2450.0000    	-0.29800338E-03	 0.69794353E-03
  2450.0000    	  2451.0000    	-0.24794022E-02	 0.76453529E-03
  2451.0000    	  2452.0000    	-0.83369728E-03	 0.68278665E-03
  2452.0000    	  2453.0000    	-0.12995188E-02	 0.66152762E-03
  2453.0000    	  2454.0000    	-0.14512875E-01	 0.16285253E-02
  2454.0000    	  2455.0000    	-0.14345101E-01	 0.15485544E-02
  2455.0000    	  2456.0000    	-0.10347555E-01	 0.11940301E-02
  2456.0000    	  2457.0000    	-0.75820085E-02	 0.11297501E-02
  2457.0000    	  2458.0000    	-0.52683757E-02	 0.83551011E-03
  2458.0000    	  2459.0000    	-0.26179560E-02	 0.63411845E-03
  2459.0000    	  2460.0000    	-0.15412841E-02	 0.67444315E-03
  2460.0000    	  2461.0000    	-0.19409370E-02	 0.72549484E-03
  2461.0000    	  2462.0000    	 0.13632081E-03	 0.73981377E-03
  2462.0000    	  2463.0000    	-0.12562119E-02	 0.74483403E-03
  2463.0000    	  2464.0000    	-0.77965205E-03	 0.68179993E-03
  2464.0000    	  2465.0000    	-0.17083377E-01	 0.16439229E-02
  2465.0000    	  2466.0000    	-0.11727707E-01	 0.15286945E-02
  2466.0000    	  2467.0000    	-0.85847912E-02	 0.12424294E-02
  2467.0000    	  2468.0000    	-0.66511639E-02	 0.10294904E-02
  2468.0000    	  2469.0000    	-0.60575579E-02	 0.80998315E-03
  2469.0000    	  2470.0000    	-0.32403697E-02	 0.59607302E-03
  2470.0000    	  2471.0000    	-0.11735334E-02	 0.72213456E-03
  2471.0000    	  2472.0000    	-0.91465063E-03	 0.70878757E-03
  2472.0000    	  2473.0000    	-0.74164866E-03	 0.69362234E-03
  2473.0000    	  2474.0000    	-0.44942059E-03	 0.80382720E-03
  2474.0000    	  2475.0000    	-0.33517774E-02	 0.71254065E-03
  2475.0000    	  2476.0000    	-0.12122914E-01	 0.14745320E-02
  2476.0000    	  2477.0000    	-0.10725922E-01	 0.13656407E-02
  2477.0000    	  2478.0000    	-0.13134161E-01	 0.13287286E-02
  2478.0000    	  2479.0000    	-0.80407291E-02	 0.96581488E-03
  2479.0000    	  2480.0000    	-0.57196170E-02	 0.91081467E-03
  2480.0000    	  2481.0000    	-0.39682132E-02	 0.57583651E-03
  2481.0000    	  2482.0000    	-0.20015709E-02	 0.63658938E-03
  2482.0000    	  2483.0000    	-0.17070328E-02	 0.70797100E-03
  2483.0000    	  2484.0000    	-0.18708241E-02	 0.71628148E-03
  2484.0000    	  2485.0000    	-0.15452012E-02	 0.81426847E-03
  2485.0000    	  2486.0000    	-0.15824807E-02	 0.66945573E-03
  2486.0000    	  2487.0000    	-0.16311763E-01	 0.16098273E-02
  2487.0000    	  2488.0000    	-0.10465928E-01	 0.15779946E-02
  2488.0000    	  2489.0000    	-0.11542893E-01	 0.12422823E-02
  2489.0000    	  2490.0000    	-0.90279538E-02	 0.94322350E-03
  2490.0000    	  2491.0000    	-0.59323395E-02	 0.79051277E-03
  2491.0000    	  2492.0000    	-0.35238790E-02	 0.67721592E-03
  2492.0000    	  2493.0000    	-0.21547966E-02	 0.66124832E-03
  2493.0000    	  2494.0000    	-0.69297390E-03	 0.65611777E-03
  2494.0000    	  2495.0000    	-0.18974572E-02	 0.70930386E-03
  2495.0000    	  2496.0000    	-0.21097006E-02	 0.73140658E-03
  2496.0000    	  2497.0000    	-0.15459709E-02	 0.68601246E-03
  2497.0000    	  2498.0000    	-0.12035769E-01	 0.15813516E-02
  2498.0000    	  2499.0000    	-0.13733943E-01	 0.14587452E-02
  2499.0000    	  2500.0000    	-0.89712472E-02	 0.12047917E-02
  2500.0000    	  2501.0000    	-0.71829015E-02	 0.10251044E-02
  2501.0000    	  2502.0000    	-0.43032092E-02	 0.72859206E-03
  2502.0000    	  2503.0000    	-0.36653073E-02	 0.62828964E-03
  2503.0000    	  2504.0000    	-0.27876466E-02	 0.61859398E-03
  2504.0000    	  2505.0000    	-0.81410071E-03	 0.66273010E-03
  2505.0000    	  2506.0000    	-0.12552302E-02	 0.69630443E-03
  2506.0000    	  2507.0000    	-0.31035377E-02	 0.70209801E-03
  2507.0000    	  2508.0000    	-0.78047645E-03	 0.60939091E-03
  2508.0000    	  2509.0000    	-0.15215320E-01	 0.15127814E-02
  2509.0000    	  2510.0000    	-0.12056174E-01	 0.13154636E-02
  2510.0000    	  2511.0000    	-0.10861153E-01	 0.11850921E-02
  2511.0000    	  2512.0000    	-0.91524119E-02	 0.11164253E-02
  2512.0000    	  2513.0000    	-0.70165563E-02	 0.75654643E-03
  2513.0000    	  2514.0000    	-0.31934780E-02	 0.61676691E-03
  2514.0000    	  2515.0000    	-0.18017256E-02	 0.70833498E-03
  2515.0000    	  2516.0000    	-0.11075912E-02	 0.68124440E-03
  2516.0000    	  2517.0000    	 0.20678351E-03	 0.78956907E-03
  2517.0000    	  2518.0000    	-0.23749962E-02	 0.67122579E-03
  2518.0000    	  2519.0000    	-0.22870397E-02	 0.71066934E-03
  2519.0000    	  2520.0000    	-0.16666245E-01	 0.14922428E-02
  2520.0000    	  2521.0000    	-0.13878172E-01	 0.13435623E-02
  2521.0000    	  2522.0000    	-0.11529339E-01	 0.12614927E-02
  2522.0000    	  2523.0000    	-0.70765188E-02	 0.10428486E-02
  2523.0000    	  2524.0000    	-0.61873051E-02	 0.84210521E-03
  2524.0000    	  2525.0000    	-0.33048497E-02	 0.65566540E-03
  2525.0000    	  2526.0000    	-0.23561686E-02	 0.63612758E-03
  2526.0000    	  2527.0000    	-0.11686341E-02	 0.70149906E-03
  2527.0000    	  2528.0000    	-0.23449814E-02	 0.73449029E-03
  2528.0000    	  2529.0000    	-0.11183470E-02	 0.67796952E-03
  2529.0000    	  2530.0000    	-0.22064442E-02	 0.64087021E-03
  2530.0000    	  2531.0000    	-0.99058322E-02	 0.14966662E-02
  2531.0000    	  2532.0000    	-0.96581560E-02	 0.13750264E-02
  2532.0000    	  2533.0000    	-0.98393202E-02	 0.11085759E-02
  2533.0000    	  2534.0000    	-0.79385693E-02	 0.94127213E-03
  2534.0000    	  2535.0000    	-0.46969530E-02	 0.72174877E-03
  2535.0000    	  2536.0000    	-0.22320684E-02	 0.63083075E-03
  2536.0000    	  2537.0000    	-0.18841919E-02	 0.65073172E-03
  2537.0000    	  2538.0000    	-0.17767433E-02	 0.68410962E-03
  2538.0000    	  2539.0000    	-0.20154157E-03	 0.71372412E-03
  2539.0000    	  2540.0000    	-0.88573390E-03	 0.67874863E-03
  2540.0000    	  2541.0000    	-0.17634164E-02	 0.59248059E-03
  2541.0000    	  2542.0000    	-0.11113101E-01	 0.14599650E-02
  2542.0000    	  2543.0000    	-0.10273787E-01	 0.13008580E-02
  2543.0000    	  2544.0000    	-0.97864818E-02	 0.11008748E-02
  2544.0000    	  2545.0000    	-0.66128225E-02	 0.10067780E-02
  2545.0000    	  2546.0000    	-0.47648261E-02	 0.75171646E-03
  2546.0000    	  2547.0000    	-0.43361976E-02	 0.60840597E-03
  2547.0000    	  2548.0000    	-0.16897035E-02	 0.60106108E-03
  2548.0000    	  2549.0000    	-0.11224856E-02	 0.71342879E-03
  2549.0000    	  2550.0000    	-0.11029869E-02	 0.73118182E-03
  2550.0000    	  2551.0000    	-0.71878476E-03	 0.73816646E-03
  2551.0000    	  2552.0000    	-0.16094756E-02	 0.68695137E-03
  2552.0000    	  2553.0000    	-0.12141108E-01	 0.14247532E-02
  2553.0000    	  2554.0000    	-0.12408557E-01	 0.13453208E-02
  2554.0000    	  2555.0000    	-0.11092812E-01	 0.11264634E-02
  2555.0000    	  2556.0000    	-0.70263692E-02	 0.97286138E-03
  2556.0000    	  2557.0000    	-0.61927842E-02	 0.83674727E-03
  2557.0000    	  2558.0000    	-0.29792475E-02	 0.66000012E-03
  2558.0000    	  2559.0000    	-0.64508163E-03	 0.74130291E-03
  2559.0000    	  2560.0000    	-0.20808943E-02	 0.64503496E-03
  2560.0000    	  2561.0000    	-0.82292534E-03	 0.76531127E-03
  2561.0000    	  2562.0000    	-0.22230007E-02	 0.67145305E-03
  2562.0000    	  2563.0000    	-0.17620851E-02	 0.63071302E-03
  2563.0000    	  2564.0000    	-0.14178728E-01	 0.14184595E-02
  2564.0000    	  2565.0000    	-0.10907646E-01	 0.13390143E-02
  2565.0000    	  2566.0000    	-0.84980010E-02	 0.12073213E-02
  2566.0000    	  2567.0000    	-0.74739657E-02	 0.97927690E-03
  2567.0000    	  2568.0000    	-0.49647564E-02	 0.72401479E-03
  2568.0000    	  2569.0000    	-0.29753981E-02	 0.62029368E-03
  2569.0000    	  2570.0000    	-0.28860380E-02	 0.71874941E-03
  2570.0000    	  2571.0000    	-0.11267247E-02	 0.66771252E-03
  2571.0000    	  2572.0000    	-0.54027801E-03	 0.65678939E-03
  2572.0000    	  2573.0000    	-0.29697715E-02	 0.70423494E-03
  2573.0000    	  2574.0000    	-0.11668999E-02	 0.66645765E-03
  2574.0000    	  2575.0000    	-0.11837320E-01	 0.13239737E-02
  2575.0000    	  2576.0000    	-0.10356977E-01	 0.13183743E-02
  2576.0000    	  2577.0000    	-0.10872704E-01	 0.11370075E-02
  2577.0000    	  2578.0000    	-0.83723317E-02	 0.10706599E-02
  2578.0000    	  2579.0000    	-0.39636646E-02	 0.80889279E-03
  2579.0000    	  2580.0000    	-0.27049948E-02	 0.65701989E-03
  2580.0000    	  2581.0000    	-0.25053264E-02	 0.59600780E-03
  2581.0000    	  2582.0000    	-0.17935745E-02	 0.65330621E-03
  2582.0000    	  2583.0000    	-0.12321756E-02	 0.78354187E-03
  2583.0000    	  2584.0000    	-0.15948644E-02	 0.54554654E-03
  2584.0000    	  2585.0000    	-0.15209555E-02	 0.71571254E-03
  2585.0000    	  2586.0000    	-0.11636306E-01	 0.13927161E-02
  2586.0000    	  2587.0000    	-0.13081385E-01	 0.13433902E-02
  2587.0000    	  2588.0000    	-0.11238633E-01	 0.11892953E-02
  2588.0000    	  2589.0000    	-0.57429094E-02	 0.90047502E-03
  2589.0000    	  2590.0000    	-0.46835754E-02	 0.80369761E-03
  2590.0000    	  2591.0000    	-0.29808525E-02	 0.59163522E-03
  2591.0000    	  2592.0000    	-0.14572650E-02	 0.65609216E-03
  2592.0000    	  2593.0000    	-0.56106598E-03	 0.69961688E-03
  2593.0000    	  2594.0000    	-0.22684611E-03	 0.72051868E-03
  2594.0000    	  2595.0000    	-0.55271274E-03	 0.67518554E-03
  2595.0000    	  2596.0000    	-0.87044011E-03	 0.60025213E-03
  2596.0000    	  2597.0000    	-0.14950916E-01	 0.13738071E-02
  2597.0000    	  2598.0000    	-0.86142051E-02	 0.14410650E-02
  2598.0000    	  2599.0000    	-0.70707057E-02	 0.10842959E-02
  2599.0000    	  2600.0000    	-0.70365861E-02	 0.83669945E-03
  2600.0000    	  2601.0000    	-0.39818004E-02	 0.75142893E-03
  2601.0000    	  2602.0000    	-0.25492618E-02	 0.56224495E-03
  2602.0000    	  2603.0000    	-0.28362712E-02	 0.65192241E-03
  2603.0000    	  2604.0000    	-0.16016805E-02	 0.68792316E-03
  2604.0000    	  2605.0000    	-0.17862561E-02	 0.67903718E-03
  2605.0000    	  2606.0000    	-0.24290360E-02	 0.65985312E-03
  2606.0000    	  2607.0000    	-0.21118078E-02	 0.57127334E-03
  2607.0000    	  2608.0000    	-0.10640585E-01	 0.13739977E-02
  2608.0000    	  2609.0000    	-0.11212673E-01	 0.14102883E-02
  2609.0000    	  2610.0000    	-0.66631609E-02	 0.11296250E-02
  2610.0000    	  2611.0000    	-0.74562414E-02	 0.86379833E-03
  2611.0000    	  2612.0000    	-0.33978371E-02	 0.74880012E-03
  2612.0000    	  2613.0000    	-0.28515411E-02	 0.57457263E-03
  2613.0000    	  2614.0000    	-0.16329583E-02	 0.63801203E-03
  2614.0000    	  2615.0000    	-0.16432231E-02	 0.61722154E-03
  2615.0000    	  2616.0000    	-0.13914504E-02	 0.74515130E-03
  2616.0000    	  2617.0000    	-0.16487210E-02	 0.68141297E-03
  2617.0000    	  2618.0000    	-0.12076595E-02	 0.54723094E-03
  2618.0000    	  2619.0000    	-0.10539929E-01	 0.13515085E-02
  2619.0000    	  2620.0000    	-0.10850251E-01	 0.12354076E-02
  2620.0000    	  2621.0000    	-0.79517799E-02	 0.11507547E-02
  2621.0000    	  2622.0000    	-0.73033239E-02	 0.98015305E-03
  2622.0000    	  2623.0000    	-0.54707350E-02	 0.69452104E-03
  2623.0000    	  2624.0000    	-0.29174827E-02	 0.66982189E-03
  2624.0000    	  2625.0000    	-0.12995527E-02	 0.64315645E-03
  2625.0000    	  2626.0000    	-0.12016024E-02	 0.63189682E-03
  2626.0000    	  2627.0000    	-0.13226175E-02	 0.68355564E-03
  2627.0000    	  2628.0000    	 0.29164860E-04	 0.68774743E-03
  2628.0000    	  2629.0000    	-0.20466162E-02	 0.53689982E-03
  2629.0000    	  2630.0000    	-0.97650973E-02	 0.13675289E-02
  2630.0000    	  2631.0000    	-0.92619926E-02	 0.12204211E-02
  2631.0000    	  2632.0000    	-0.93196799E-02	 0.10383616E-02
  2632.0000    	  2633.0000    	-0.61137957E-02	 0.84436102E-03
  2633.0000    	  2634.0000    	-0.28294566E-02	 0.65097358E-03
  2634.0000    	  2635.0000    	-0.26598609E-02	 0.60459765E-03
  2635.0000    	  2636.0000    	-0.17702924E-02	 0.63703525E-03
  2636.0000    	  2637.0000    	-0.15413861E-02	 0.68698606E-03
  2637.0000    	  2638.0000    	-0.89113183E-03	 0.69690551E-03
  2638.0000    	  2639.0000    	-0.18761377E-02	 0.65788814E-03
  2639.0000    	  2640.0000    	-0.13441702E-02	 0.49157958E-03
  2640.0000    	  2641.0000    	-0.88674731E-02	 0.13449312E-02
  2641.0000    	  2642.0000    	-0.12288045E-01	 0.12704894E-02
  2642.0000    	  2643.0000    	-0.86844581E-02	 0.10987267E-02
  2643.0000    	  2644.0000    	-0.52257128E-02	 0.86182333E-03
  2644.0000    	  2645.0000    	-0.39683999E-02	 0.67128464E-03
  2645.0000    	  2646.0000    	-0.28234886E-02	 0.58321961E-03
  2646.0000    	  2647.0000    	-0.23224090E-02	 0.72663990E-03
  2647.0000    	  2648.0000    	-0.83875200E-03	 0.70259082E-03
  2648.0000    	  2649.0000    	-0.21787451E-03	 0.68119981E-03
  2649.0000    	  2650.0000    	-0.52001415E-03	 0.64724077E-03
  2650.0000    	  2651.0000    	-0.18079047E-02	 0.53858679E-03
  2651.0000    	  2652.0000    	-0.14239621E-01	 0.14215034E-02
  2652.0000    	  2653.0000    	-0.93818341E-02	 0.12615588E-02
  2653.0000    	  2654.0000    	-0.65438497E-02	 0.10356047E-02
  2654.0000    	  2655.0000    	-0.57339250E-02	 0.90498813E-03
  2655.0000    	  2656.0000    	-0.56223138E-02	 0.67836454E-03
  2656.0000    	  2657.0000    	-0.26215525E-02	 0.53505754E-03
  2657.0000    	  2658.0000    	-0.24194549E-02	 0.67907146E-03
  2658.0000    	  2659.0000    	-0.68300982E-03	 0.74549390E-03
  2659.0000    	  2660.0000    	-0.11965681E-02	 0.68717242E-03
  2660.0000    	  2661.0000    	-0.20535367E-02	 0.60660876E-03
  2661.0000    	  2662.0000    	-0.16127985E-02	 0.51131688E-03
  2662.0000    	  2663.0000    	-0.11568532E-01	 0.13509663E-02
  2663.0000    	  2664.0000    	-0.10274577E-01	 0.13239993E-02
  2664.0000    	  2665.0000    	-0.93232137E-02	 0.10238879E-02
  2665.0000    	  2666.0000    	-0.56825007E-02	 0.92261882E-03
  2666.0000    	  2667.0000    	-0.48786677E-02	 0.74188573E-03
  2667.0000    	  2668.0000    	-0.28052986E-02	 0.56261155E-03
  2668.0000    	  2669.0000    	-0.54465508E-03	 0.57391890E-03
  2669.0000    	  2670.0000    	-0.32731006E-03	 0.63527411E-03
  2670.0000    	  2671.0000    	-0.57323710E-03	 0.65338448E-03
  2671.0000    	  2672.0000    	-0.39535558E-03	 0.70859094E-03
  2672.0000    	  2673.0000    	-0.23472820E-02	 0.69543086E-03
  2673.0000    	  2674.0000    	-0.10628110E-01	 0.12169513E-02
  2674.0000    	  2675.0000    	-0.12259252E-01	 0.13307017E-02
  2675.0000    	  2676.0000    	-0.74329560E-02	 0.10342570E-02
  2676.0000    	  2677.0000    	-0.55623477E-02	 0.94248417E-03
  2677.0000    	  2678.0000    	-0.36857280E-02	 0.62560530E-03
  2678.0000    	  2679.0000    	-0.20266760E-02	 0.62023497E-03
  2679.0000    	  2680.0000    	-0.66919166E-03	 0.56372009E-03
  2680.0000    	  2681.0000    	-0.65618839E-03	 0.68739787E-03
  2681.0000    	  2682.0000    	-0.21810039E-02	 0.69612367E-03
  2682.0000    	  2683.0000    	-0.21040897E-02	 0.72068091E-03
  2683.0000    	  2684.0000    	-0.78867588E-03	 0.60498154E-03
  2684.0000    	  2685.0000    	-0.10983682E-01	 0.12484901E-02
  2685.0000    	  2686.0000    	-0.83758877E-02	 0.12403422E-02
  2686.0000    	  2687.0000    	-0.88819551E-02	 0.10982515E-02
  2687.0000    	  2688.0000    	-0.62044325E-02	 0.77382203E-03
  2688.0000    	  2689.0000    	-0.37500002E-02	 0.63847785E-03
  2689.0000    	  2690.0000    	-0.26869723E-02	 0.63960004E-03
  2690.0000    	  2691.0000    	-0.17480017E-02	 0.60830618E-03
  2691.0000    	  2692.0000    	-0.12375630E-02	 0.63786274E-03
  2692.0000    	  2693.0000    	 0.65633746E-04	 0.62384840E-03
  2693.0000    	  2694.0000    	-0.20916607E-02	 0.64297974E-03
  2694.0000    	  2695.0000    	-0.15841464E-02	 0.50811529E-03
  2695.0000    	  2696.0000    	-0.83510034E-02	 0.12833824E-02
  2696.0000    	  2697.0000    	-0.11042932E-01	 0.12431544E-02
  2697.0000    	  2698.0000    	-0.69306545E-02	 0.96594734E-03
  2698.0000    	  2699.0000    	-0.68482518E-02	 0.82658003E-03
  2699.0000    	  2700.0000    	-0.52387692E-02	 0.67131006E-03
  2700.0000    	  2701.0000    	-0.30520818E-02	 0.55339505E-03
  2701.0000    	  2702.0000    	-0.22975998E-02	 0.63885174E-03
  2702.0000    	  2703.0000    	-0.12276862E-02	 0.64122452E-03
  2703.0000    	  2704.0000    	-0.15699740E-02	 0.78162555E-03
  2704.0000    	  2705.0000    	-0.16503096E-02	 0.66821724E-03
  2705.0000    	  2706.0000    	-0.53780402E-03	 0.55394231E-03
  2706.0000    	  2707.0000    	-0.10185847E-01	 0.12361907E-02
  2707.0000    	  2708.0000    	-0.99445024E-02	 0.12510565E-02
  2708.0000    	  2709.0000    	-0.81604425E-02	 0.10017145E-02
  2709.0000    	  2710.0000    	-0.68807214E-02	 0.83955740E-03
  2710.0000    	  2711.0000    	-0.33611622E-02	 0.65810936E-03
  2711.0000    	  2712.0000    	-0.24227265E-02	 0.55787306E-03
  2712.0000    	  2713.0000    	-0.18448913E-02	 0.59130156E-03
  2713.0000    	  2714.0000    	-0.17146350E-02	 0.67731959E-03
  2714.0000    	  2715.0000    	-0.14487388E-02	 0.69529478E-03
  2715.0000    	  2716.0000    	-0.66946587E-03	 0.67795195E-03
  2716.0000    	  2717.0000    	-0.17689462E-02	 0.51496630E-03
  2717.0000    	  2718.0000    	-0.10500588E-01	 0.12483698E-02
  2718.0000    	  2719.0000    	-0.76680686E-02	 0.10603751E-02
  2719.0000    	  2720.0000    	-0.71645042E-02	 0.10044405E-02
  2720.0000    	  2721.0000    	-0.47050272E-02	 0.84959053E-03
  2721.0000    	  2722.0000    	-0.40901348E-02	 0.63985199E-03
  2722.0000    	  2723.0000    	-0.36698658E-02	 0.61220450E-03
  2723.0000    	  2724.0000    	-0.12651627E-02	 0.58345538E-03
  2724.0000    	  2725.0000    	-0.21304290E-03	 0.64272923E-03
  2725.0000    	  2726.0000    	-0.13717679E-02	 0.63226000E-03
  2726.0000    	  2727.0000    	-0.18356479E-02	 0.68817671E-03
  2727.0000    	  2728.0000    	-0.57993896E-03	 0.47950976E-03
  2728.0000    	  2729.0000    	-0.10574832E-01	 0.11651254E-02
  2729.0000    	  2730.0000    	-0.10088775E-01	 0.11753879E-02
  2730.0000    	  2731.0000    	-0.69702200E-02	 0.96948183E-03
  2731.0000    	  2732.0000    	-0.47961376E-02	 0.87099715E-03
  2732.0000    	  2733.0000    	-0.45766924E-02	 0.63464832E-03
  2733.0000    	  2734.0000    	-0.24725202E-02	 0.55177083E-03
  2734.0000    	  2735.0000    	-0.27307532E-02	 0.64604710E-03
  2735.0000    	  2736.0000    	-0.10750647E-02	 0.60506742E-03
  2736.0000    	  2737.0000    	-0.17564558E-02	 0.64579886E-03
  2737.0000    	  2738.0000    	-0.46200295E-03	 0.70403987E-03
  2738.0000    	  2739.0000    	-0.86175185E-03	 0.47903292E-03
  2739.0000    	  2740.0000    	-0.96152338E-02	 0.11965052E-02
  2740.0000    	  2741.0000    	-0.88316286E-02	 0.11423407E-02
  2741.0000    	  2742.0000    	-0.67548540E-02	 0.98406720E-03
  2742.0000    	  2743.0000    	-0.56752523E-02	 0.76574177E-03
  2743.0000    	  2744.0000    	-0.41126659E-02	 0.67180741E-03
  2744.0000    	  2745.0000    	-0.14537703E-02	 0.49874143E-03
  2745.0000    	  2746.0000    	-0.25455094E-02	 0.62244685E-03
  2746.0000    	  2747.0000    	-0.67389513E-03	 0.58756429E-03
  2747.0000    	  2748.0000    	-0.44467941E-03	 0.65285802E-03
  2748.0000    	  2749.0000    	-0.21176770E-02	 0.57792784E-03
  2749.0000    	  2750.0000    	-0.15366073E-02	 0.50103774E-03
  2750.0000    	  2751.0000    	-0.93883572E-02	 0.12049665E-02
  2751.0000    	  2752.0000    	-0.10008286E-01	 0.11101822E-02
  2752.0000    	  2753.0000    	-0.76876753E-02	 0.95393347E-03
  2753.0000    	  2754.0000    	-0.56491181E-02	 0.72149449E-03
  2754.0000    	  2755.0000    	-0.28797341E-02	 0.56925031E-03
  2755.0000    	  2756.0000    	-0.24571377E-02	 0.58682387E-03
  2756.0000    	  2757.0000    	-0.12914825E-02	 0.56659708E-03
  2757.0000    	  2758.0000    	-0.19111096E-02	 0.67123763E-03
  2758.0000    	  2759.0000    	-0.14237594E-02	 0.63329166E-03
  2759.0000    	  2760.0000    	-0.14780610E-02	 0.53515549E-03
  2760.0000    	  2761.0000    	-0.19918958E-02	 0.58848186E-03
  2761.0000    	  2762.0000    	-0.85537117E-02	 0.12052790E-02
  2762.0000    	  2763.0000    	-0.92779682E-02	 0.11408087E-02
  2763.0000    	  2764.0000    	-0.61178096E-02	 0.93514669E-03
  2764.0000    	  2765.0000    	-0.56448918E-02	 0.75300862E-03
  2765.0000    	  2766.0000    	-0.34899792E-02	 0.58555739E-03
  2766.0000    	  2767.0000    	-0.24448168E-02	 0.57189618E-03
  2767.0000    	  2768.0000    	-0.10508280E-02	 0.51420334E-03
  2768.0000    	  2769.0000    	-0.13378408E-02	 0.68313160E-03
  2769.0000    	  2770.0000    	-0.25265628E-02	 0.62509323E-03
  2770.0000    	  2771.0000    	-0.17404869E-02	 0.59343009E-03
  2771.0000    	  2772.0000    	-0.66328645E-03	 0.53561290E-03
  2772.0000    	  2773.0000    	-0.11021087E-01	 0.12727204E-02
  2773.0000    	  2774.0000    	-0.65943435E-02	 0.10818829E-02
  2774.0000    	  2775.0000    	-0.68381636E-02	 0.80619240E-03
  2775.0000    	  2776.0000    	-0.60739004E-02	 0.85425197E-03
  2776.0000    	  2777.0000    	-0.34878222E-02	 0.59920431E-03
  2777.0000    	  2778.0000    	-0.26752552E-02	 0.58770558E-03
  2778.0000    	  2779.0000    	-0.11003759E-02	 0.51871661E-03
  2779.0000    	  2780.0000    	-0.43118719E-03	 0.65572312E-03
  2780.0000    	  2781.0000    	-0.37855857E-03	 0.68454146E-03
  2781.0000    	  2782.0000    	-0.15964360E-02	 0.58596214E-03
  2782.0000    	  2783.0000    	-0.11608118E-02	 0.53343644E-03
  2783.0000    	  2784.0000    	-0.10290290E-01	 0.12170297E-02
  2784.0000    	  2785.0000    	-0.86201231E-02	 0.11016643E-02
  2785.0000    	  2786.0000    	-0.74941151E-02	 0.88906868E-03
  2786.0000    	  2787.0000    	-0.55280034E-02	 0.78448034E-03
  2787.0000    	  2788.0000    	-0.35100704E-02	 0.58811863E-03
  2788.0000    	  2789.0000    	-0.25519541E-02	 0.56467204E-03
  2789.0000    	  2790.0000    	-0.11961690E-02	 0.58183017E-03
  2790.0000    	  2791.0000    	-0.84419600E-03	 0.59765399E-03
  2791.0000    	  2792.0000    	-0.23451774E-02	 0.63750627E-03
  2792.0000    	  2793.0000    	-0.18353307E-02	 0.65654851E-03
  2793.0000    	  2794.0000    	-0.92487078E-03	 0.51188148E-03
  2794.0000    	  2795.0000    	-0.94996218E-02	 0.12218343E-02
  2795.0000    	  2796.0000    	-0.84154142E-02	 0.10658296E-02
  2796.0000    	  2797.0000    	-0.64130362E-02	 0.91822445E-03
  2797.0000    	  2798.0000    	-0.52373703E-02	 0.77791808E-03
  2798.0000    	  2799.0000    	-0.30436963E-02	 0.58624375E-03
  2799.0000    	  2800.0000    	-0.76095099E-03	 0.62964269E-03
  2800.0000    	  2801.0000    	-0.11907524E-02	 0.59710318E-03
  2801.0000    	  2802.0000    	-0.85232694E-03	 0.64621314E-03
  2802.0000    	  2803.0000    	-0.83629699E-03	 0.62853482E-03
  2803.0000    	  2804.0000    	-0.11598069E-02	 0.55416357E-03
  2804.0000    	  2805.0000    	-0.40918241E-03	 0.58799046E-03
  2805.0000    	  2806.0000    	-0.70349348E-02	 0.10646969E-02
  2806.0000    	  2807.0000    	-0.76843490E-02	 0.11159172E-02
  2807.0000    	  2808.0000    	-0.69424091E-02	 0.98589175E-03
  2808.0000    	  2809.0000    	-0.43775011E-02	 0.70383452E-03
  2809.0000    	  2810.0000    	-0.35268255E-02	 0.58888847E-03
  2810.0000    	  2811.0000    	-0.25478391E-02	 0.59301646E-03
  2811.0000    	  2812.0000    	-0.17811950E-02	 0.59811576E-03
  2812.0000    	  2813.0000    	-0.10969084E-02	 0.67608102E-03
  2813.0000    	  2814.0000    	-0.19666215E-03	 0.62686769E-03
  2814.0000    	  2815.0000    	-0.60959445E-03	 0.53606699E-03
  2815.0000    	  2816.0000    	-0.18895125E-02	 0.45886265E-03
  2816.0000    	  2817.0000    	-0.96909866E-02	 0.11038361E-02
  2817.0000    	  2818.0000    	-0.68298645E-02	 0.10726431E-02
  2818.0000    	  2819.0000    	-0.87341005E-02	 0.97452692E-03
  2819.0000    	  2820.0000    	-0.61787718E-02	 0.71044940E-03
  2820.0000    	  2821.0000    	-0.28723744E-02	 0.59130505E-03
  2821.0000    	  2822.0000    	-0.20927512E-02	 0.48656309E-03
  2822.0000    	  2823.0000    	-0.13303927E-02	 0.52434432E-03
  2823.0000    	  2824.0000    	-0.12445064E-02	 0.66410201E-03
  2824.0000    	  2825.0000    	-0.12292554E-02	 0.68244463E-03
  2825.0000    	  2826.0000    	-0.14998099E-02	 0.57798642E-03
  2826.0000    	  2827.0000    	-0.16101313E-03	 0.51362324E-03
  2827.0000    	  2828.0000    	-0.85048895E-02	 0.11690446E-02
  2828.0000    	  2829.0000    	-0.94173846E-02	 0.11426718E-02
  2829.0000    	  2830.0000    	-0.67838831E-02	 0.87126987E-03
  2830.0000    	  2831.0000    	-0.51108617E-02	 0.67723791E-03
  2831.0000    	  2832.0000    	-0.29580368E-02	 0.56454358E-03
  2832.0000    	  2833.0000    	-0.27519674E-02	 0.52790656E-03
  2833.0000    	  2834.0000    	-0.14173371E-02	 0.54185317E-03
  2834.0000    	  2835.0000    	-0.99508081E-03	 0.61441925E-03
  2835.0000    	  2836.0000    	-0.81332063E-03	 0.67212677E-03
  2836.0000    	  2837.0000    	 0.22685850E-03	 0.62985102E-03
  2837.0000    	  2838.0000    	-0.18370365E-02	 0.55199930E-03
  2838.0000    	  2839.0000    	-0.79983230E-02	 0.11873071E-02
  2839.0000    	  2840.0000    	-0.84678655E-02	 0.11192618E-02
  2840.0000    	  2841.0000    	-0.61303222E-02	 0.84925485E-03
  2841.0000    	  2842.0000    	-0.38146445E-02	 0.80786639E-03
  2842.0000    	  2843.0000    	-0.40578642E-02	 0.64732956E-03
  2843.0000    	  2844.0000    	-0.21329573E-02	 0.55737989E-03
  2844.0000    	  2845.0000    	-0.19490439E-02	 0.55370926E-03
  2845.0000    	  2846.0000    	-0.89522125E-03	 0.61512579E-03
  2846.0000    	  2847.0000    	-0.16963099E-02	 0.58708561E-03
  2847.0000    	  2848.0000    	-0.18830224E-02	 0.59784236E-03
  2848.0000    	  2849.0000    	-0.38078610E-03	 0.51733674E-03
  2849.0000    	  2850.0000    	-0.76653381E-02	 0.12285455E-02
  2850.0000    	  2851.0000    	-0.89470683E-02	 0.11490377E-02
  2851.0000    	  2852.0000    	-0.78101498E-02	 0.84428865E-03
  2852.0000    	  2853.0000    	-0.53305397E-02	 0.71117096E-03
  2853.0000    	  2854.0000    	-0.41388588E-02	 0.60482411E-03
  2854.0000    	  2855.0000    	-0.27405496E-02	 0.56209971E-03
  2855.0000    	  2856.0000    	-0.74817632E-03	 0.54215967E-03
  2856.0000    	  2857.0000    	-0.11327782E-02	 0.59914404E-03
  2857.0000    	  2858.0000    	-0.19460064E-02	 0.64894180E-03
  2858.0000    	  2859.0000    	 0.25901517E-04	 0.59853373E-03
  2859.0000    	  2860.0000    	-0.51549701E-03	 0.48727744E-03
  2860.0000    	  2861.0000    	-0.73450475E-02	 0.10947998E-02
  2861.0000    	  2862.0000    	-0.75116246E-02	 0.10371475E-02
  2862.0000    	  2863.0000    	-0.55314302E-02	 0.91497848E-03
  2863.0000    	  2864.0000    	-0.49078485E-02	 0.70046163E-03
  2864.0000    	  2865.0000    	-0.30785509E-02	 0.56520078E-03
  2865.0000    	  2866.0000    	-0.19493720E-02	 0.55548407E-03
  2866.0000    	  2867.0000    	-0.16843645E-02	 0.53070753E-03
  2867.0000    	  2868.0000    	-0.26579354E-03	 0.61590635E-03
  2868.0000    	  2869.0000    	 0.10112055E-03	 0.59976128E-03
  2869.0000    	  2870.0000    	-0.10664359E-02	 0.63445389E-03
  2870.0000    	  2871.0000    	-0.17929589E-02	 0.44533630E-03
  2871.0000    	  2872.0000    	-0.68904454E-02	 0.10657051E-02
  2872.0000    	  2873.0000    	-0.82162099E-02	 0.95750475E-03
  2873.0000    	  2874.0000    	-0.53343329E-02	 0.81907893E-03
  2874.0000    	  2875.0000    	-0.45371796E-02	 0.69139236E-03
  2875.0000    	  2876.0000    	-0.32035858E-02	 0.54410182E-03
  2876.0000    	  2877.0000    	-0.15923701E-02	 0.54058342E-03
  2877.0000    	  2878.0000    	-0.10958093E-02	 0.57297110E-03
  2878.0000    	  2879.0000    	-0.22470627E-02	 0.70049158E-03
  2879.0000    	  2880.0000    	-0.16300851E-02	 0.60102460E-03
  2880.0000    	  2881.0000    	-0.11392099E-02	 0.60191751E-03
  2881.0000    	  2882.0000    	-0.10842706E-02	 0.50760254E-03
  2882.0000    	  2883.0000    	-0.79368550E-02	 0.10709010E-02
  2883.0000    	  2884.0000    	-0.92719768E-02	 0.96426188E-03
  2884.0000    	  2885.0000    	-0.69305826E-02	 0.81659088E-03
  2885.0000    	  2886.0000    	-0.47137884E-02	 0.69576496E-03
  2886.0000    	  2887.0000    	-0.24360529E-02	 0.50844749E-03
  2887.0000    	  2888.0000    	-0.18823401E-02	 0.46876556E-03
  2888.0000    	  2889.0000    	-0.13275433E-02	 0.50601960E-03
  2889.0000    	  2890.0000    	-0.16085970E-02	 0.61826265E-03
  2890.0000    	  2891.0000    	-0.18351873E-02	 0.56179269E-03
  2891.0000    	  2892.0000    	-0.75025443E-03	 0.61626680E-03
  2892.0000    	  2893.0000    	-0.59247671E-03	 0.43798956E-03
  2893.0000    	  2894.0000    	-0.88985102E-02	 0.11000404E-02
  2894.0000    	  2895.0000    	-0.68290117E-02	 0.90955492E-03
  2895.0000    	  2896.0000    	-0.58553816E-02	 0.78612136E-03
  2896.0000    	  2897.0000    	-0.36509620E-02	 0.79026136E-03
  2897.0000    	  2898.0000    	-0.31076401E-02	 0.52034459E-03
  2898.0000    	  2899.0000    	-0.16581881E-02	 0.55744588E-03
  2899.0000    	  2900.0000    	-0.61197713E-03	 0.54144110E-03
  2900.0000    	  2901.0000    	-0.13749201E-02	 0.59895998E-03
  2901.0000    	  2902.0000    	-0.65610430E-03	 0.56242694E-03
  2902.0000    	  2903.0000    	-0.17741707E-02	 0.67123565E-03
  2903.0000    	  2904.0000    	-0.47487710E-03	 0.45012090E-03
  2904.0000    	  2905.0000    	-0.61286444E-02	 0.10401245E-02
  2905.0000    	  2906.0000    	-0.62606483E-02	 0.88015896E-03
  2906.0000    	  2907.0000    	-0.62638505E-02	 0.80664259E-03
  2907.0000    	  2908.0000    	-0.59415836E-02	 0.70367063E-03
  2908.0000    	  2909.0000    	-0.34060626E-02	 0.58050877E-03
  2909.0000    	  2910.0000    	-0.13661838E-02	 0.57780083E-03
  2910.0000    	  2911.0000    	-0.13677656E-02	 0.55873187E-03
  2911.0000    	  2912.0000    	-0.84940225E-03	 0.54453127E-03
  2912.0000    	  2913.0000    	-0.10523151E-02	 0.56418695E-03
  2913.0000    	  2914.0000    	-0.13359676E-02	 0.53261977E-03
  2914.0000    	  2915.0000    	-0.31529469E-03	 0.34871059E-03
  2915.0000    	  2916.0000    	-0.10118178E-01	 0.11384380E-02
  2916.0000    	  2917.0000    	-0.83954745E-02	 0.97180499E-03
  2917.0000    	  2918.0000    	-0.65633953E-02	 0.78104456E-03
  2918.0000    	  2919.0000    	-0.43675084E-02	 0.66295425E-03
  2919.0000    	  2920.0000    	-0.19070707E-02	 0.58786295E-03
  2920.0000    	  2921.0000    	-0.21682787E-02	 0.54055582E-03
  2921.0000    	  2922.0000    	-0.66986079E-03	 0.59208313E-03
  2922.0000    	  2923.0000    	-0.24201124E-02	 0.75210854E-03
  2923.0000    	  2924.0000    	-0.10829083E-02	 0.56989377E-03
  2924.0000    	  2925.0000    	-0.16274625E-02	 0.53767675E-03
  2925.0000    	  2926.0000    	-0.67998456E-03	 0.45758098E-03
  2926.0000    	  2927.0000    	-0.69693452E-02	 0.11021941E-02
  2927.0000    	  2928.0000    	-0.74288107E-02	 0.99151855E-03
  2928.0000    	  2929.0000    	-0.67976992E-02	 0.83063758E-03
  2929.0000    	  2930.0000    	-0.38513540E-02	 0.65361737E-03
  2930.0000    	  2931.0000    	-0.35256699E-02	 0.54333925E-03
  2931.0000    	  2932.0000    	-0.24019487E-02	 0.50952166E-03
  2932.0000    	  2933.0000    	-0.13404777E-02	 0.56705676E-03
  2933.0000    	  2934.0000    	-0.22202705E-03	 0.58068209E-03
  2934.0000    	  2935.0000    	-0.11191308E-02	 0.56756205E-03
  2935.0000    	  2936.0000    	-0.12440753E-02	 0.53851817E-03
  2936.0000    	  2937.0000    	-0.19985988E-02	 0.39753981E-03
  2937.0000    	  2938.0000    	-0.81626468E-02	 0.10213574E-02
  2938.0000    	  2939.0000    	-0.63123390E-02	 0.10212557E-02
  2939.0000    	  2940.0000    	-0.51487694E-02	 0.81336075E-03
  2940.0000    	  2941.0000    	-0.39571173E-02	 0.65436199E-03
  2941.0000    	  2942.0000    	-0.30051639E-02	 0.52987259E-03
  2942.0000    	  2943.0000    	-0.23504141E-02	 0.49270288E-03
  2943.0000    	  2944.0000    	-0.16403677E-02	 0.58906946E-03
  2944.0000    	  2945.0000    	-0.10890720E-02	 0.54825727E-03
  2945.0000    	  2946.0000    	-0.10900191E-02	 0.54478243E-03
  2946.0000    	  2947.0000    	-0.15765852E-02	 0.54153958E-03
  2947.0000    	  2948.0000    	-0.11145623E-02	 0.44417977E-03
  2948.0000    	  2949.0000    	-0.68308875E-02	 0.10290219E-02
  2949.0000    	  2950.0000    	-0.74187613E-02	 0.98273598E-03
  2950.0000    	  2951.0000    	-0.46400600E-02	 0.83108206E-03
  2951.0000    	  2952.0000    	-0.56675597E-02	 0.77724578E-03
  2952.0000    	  2953.0000    	-0.19061821E-02	 0.54271630E-03
  2953.0000    	  2954.0000    	-0.21042656E-02	 0.50629639E-03
  2954.0000    	  2955.0000    	-0.14120768E-02	 0.63137061E-03
  2955.0000    	  2956.0000    	-0.14034996E-02	 0.57701095E-03
  2956.0000    	  2957.0000    	-0.12307662E-02	 0.50774587E-03
  2957.0000    	  2958.0000    	-0.62413587E-03	 0.51290552E-03
  2958.0000    	  2959.0000    	-0.13035596E-02	 0.44008644E-03
  2959.0000    	  2960.0000    	-0.84104516E-02	 0.96490119E-03
  2960.0000    	  2961.0000    	-0.71374245E-02	 0.97060661E-03
  2961.0000    	  2962.0000    	-0.50636643E-02	 0.79611621E-03
  2962.0000    	  2963.0000    	-0.36097469E-02	 0.67287470E-03
  2963.0000    	  2964.0000    	-0.35648201E-02	 0.62632495E-03
  2964.0000    	  2965.0000    	-0.18208860E-02	 0.49745672E-03
  2965.0000    	  2966.0000    	-0.11999303E-02	 0.57139650E-03
  2966.0000    	  2967.0000    	-0.12438147E-02	 0.65398928E-03
  2967.0000    	  2968.0000    	-0.19541643E-03	 0.57228775E-03
  2968.0000    	  2969.0000    	-0.98181946E-03	 0.50317537E-03
  2969.0000    	  2970.0000    	-0.12970314E-02	 0.45794096E-03
  2970.0000    	  2971.0000    	-0.66539495E-02	 0.11360191E-02
  2971.0000    	  2972.0000    	-0.55122411E-02	 0.96139586E-03
  2972.0000    	  2973.0000    	-0.66140002E-02	 0.80878305E-03
  2973.0000    	  2974.0000    	-0.46551056E-02	 0.66626164E-03
  2974.0000    	  2975.0000    	-0.38157911E-02	 0.59069004E-03
  2975.0000    	  2976.0000    	-0.22495995E-02	 0.50895797E-03
  2976.0000    	  2977.0000    	-0.26309840E-02	 0.56847651E-03
  2977.0000    	  2978.0000    	-0.10759928E-02	 0.61442039E-03
  2978.0000    	  2979.0000    	-0.20915027E-02	 0.55039283E-03
  2979.0000    	  2980.0000    	-0.21568162E-02	 0.54948113E-03
  2980.0000    	  2981.0000    	-0.10552606E-02	 0.42251616E-03
  2981.0000    	  2982.0000    	-0.87634479E-02	 0.98097751E-03
  2982.0000    	  2983.0000    	-0.72623334E-02	 0.94143504E-03
  2983.0000    	  2984.0000    	-0.41944803E-02	 0.73870516E-03
  2984.0000    	  2985.0000    	-0.47687988E-02	 0.61195267E-03
  2985.0000    	  2986.0000    	-0.27089033E-02	 0.50783856E-03
  2986.0000    	  2987.0000    	-0.14646479E-02	 0.59968571E-03
  2987.0000    	  2988.0000    	-0.12850097E-02	 0.54346827E-03
  2988.0000    	  2989.0000    	-0.11297461E-02	 0.52962053E-03
  2989.0000    	  2990.0000    	-0.18273961E-03	 0.54538644E-03
  2990.0000    	  2991.0000    	-0.17992199E-02	 0.54967402E-03
  2991.0000    	  2992.0000    	-0.12654902E-02	 0.46702533E-03
  2992.0000    	  2993.0000    	-0.64435779E-02	 0.10007450E-02
  2993.0000    	  2994.0000    	-0.69097935E-02	 0.89937654E-03
  2994.0000    	  2995.0000    	-0.51609825E-02	 0.76576836E-03
  2995.0000    	  2996.0000    	-0.27749757E-02	 0.65895865E-03
  2996.0000    	  2997.0000    	-0.26121512E-02	 0.46520445E-03
  2997.0000    	  2998.0000    	-0.28419004E-02	 0.58082470E-03
  2998.0000    	  2999.0000    	-0.56398286E-03	 0.61206151E-03
  2999.0000    	  3000.0000    	-0.22884609E-03	 0.57999847E-03
  3000.0000    	  3001.0000    	-0.70493753E-03	 0.54377288E-03
  3001.0000    	  3002.0000    	-0.65779294E-04	 0.52432420E-03
  3002.0000    	  3003.0000    	-0.71443826E-04	 0.40772279E-03
  3003.0000    	  3004.0000    	-0.76586720E-02	 0.95099559E-03
  3004.0000    	  3005.0000    	-0.59589419E-02	 0.85130552E-03
  3005.0000    	  3006.0000    	-0.45791962E-02	 0.72375442E-03
  3006.0000    	  3007.0000    	-0.41841057E-02	 0.60545756E-03
  3007.0000    	  3008.0000    	-0.35077450E-02	 0.51944174E-03
  3008.0000    	  3009.0000    	-0.13861046E-02	 0.46829950E-03
  3009.0000    	  3010.0000    	-0.77333225E-03	 0.64133609E-03
  3010.0000    	  3011.0000    	-0.31764667E-03	 0.63340203E-03
  3011.0000    	  3012.0000    	-0.12710163E-02	 0.58545995E-03
  3012.0000    	  3013.0000    	-0.13152557E-02	 0.47318548E-03
  3013.0000    	  3014.0000    	-0.13328898E-02	 0.45614979E-03
  3014.0000    	  3015.0000    	-0.71872062E-02	 0.86021855E-03
  3015.0000    	  3016.0000    	-0.63527288E-02	 0.77483159E-03
  3016.0000    	  3017.0000    	-0.59758394E-02	 0.71006623E-03
  3017.0000    	  3018.0000    	-0.24453749E-02	 0.64978007E-03
  3018.0000    	  3019.0000    	-0.25047622E-02	 0.57396365E-03
  3019.0000    	  3020.0000    	-0.17481349E-02	 0.50804885E-03
  3020.0000    	  3021.0000    	-0.19099211E-02	 0.54278891E-03
  3021.0000    	  3022.0000    	-0.12450305E-02	 0.65664760E-03
  3022.0000    	  3023.0000    	-0.11274233E-02	 0.55093854E-03
  3023.0000    	  3024.0000    	-0.12337197E-02	 0.53682160E-03
  3024.0000    	  3025.0000    	-0.14900810E-02	 0.50799706E-03
  3025.0000    	  3026.0000    	-0.64486965E-02	 0.96927345E-03
  3026.0000    	  3027.0000    	-0.56437581E-02	 0.84081465E-03
  3027.0000    	  3028.0000    	-0.60328445E-02	 0.74959949E-03
  3028.0000    	  3029.0000    	-0.31772368E-02	 0.60475177E-03
  3029.0000    	  3030.0000    	-0.26540136E-02	 0.53811748E-03
  3030.0000    	  3031.0000    	-0.14849953E-02	 0.48570055E-03
  3031.0000    	  3032.0000    	-0.19543220E-02	 0.58771956E-03
  3032.0000    	  3033.0000    	-0.90444277E-03	 0.65454450E-03
  3033.0000    	  3034.0000    	-0.10289433E-02	 0.53440668E-03
  3034.0000    	  3035.0000    	-0.32158033E-03	 0.45590135E-03
  3035.0000    	  3036.0000    	-0.10279376E-02	 0.33626338E-03
  3036.0000    	  3037.0000    	-0.54037805E-02	 0.88487618E-03
  3037.0000    	  3038.0000    	-0.59316343E-02	 0.80435423E-03
  3038.0000    	  3039.0000    	-0.48430765E-02	 0.72150193E-03
  3039.0000    	  3040.0000    	-0.42270115E-02	 0.67688018E-03
  3040.0000    	  3041.0000    	-0.20787114E-02	 0.59195525E-03
  3041.0000    	  3042.0000    	-0.19127829E-02	 0.50409005E-03
  3042.0000    	  3043.0000    	 0.60248363E-03	 0.66676594E-03
  3043.0000    	  3044.0000    	-0.20069244E-02	 0.62653384E-03
  3044.0000    	  3045.0000    	-0.13069068E-02	 0.55385542E-03
  3045.0000    	  3046.0000    	-0.21357396E-02	 0.53422189E-03
  3046.0000    	  3047.0000    	-0.61772916E-03	 0.42170992E-03
  3047.0000    	  3048.0000    	-0.77564279E-02	 0.99676546E-03
  3048.0000    	  3049.0000    	-0.61849240E-02	 0.85674696E-03
  3049.0000    	  3050.0000    	-0.43806377E-02	 0.71402446E-03
  3050.0000    	  3051.0000    	-0.31734196E-02	 0.64965156E-03
  3051.0000    	  3052.0000    	-0.29981580E-02	 0.61074356E-03
  3052.0000    	  3053.0000    	-0.17185069E-02	 0.54807734E-03
  3053.0000    	  3054.0000    	-0.10966560E-02	 0.55332280E-03
  3054.0000    	  3055.0000    	-0.17406955E-02	 0.60218988E-03
  3055.0000    	  3056.0000    	-0.15380690E-02	 0.58188572E-03
  3056.0000    	  3057.0000    	-0.70932361E-03	 0.52514243E-03
  3057.0000    	  3058.0000    	-0.63898581E-05	 0.26330367E-03
  3058.0000    	  3059.0000    	-0.64184157E-02	 0.79699058E-03
  3059.0000    	  3060.0000    	-0.51674945E-02	 0.80745339E-03
  3060.0000    	  3061.0000    	-0.52917559E-02	 0.70547933E-03
  3061.0000    	  3062.0000    	-0.37053653E-02	 0.56011887E-03
  3062.0000    	  3063.0000    	-0.24564343E-02	 0.50682287E-03
  3063.0000    	  3064.0000    	-0.14052928E-02	 0.48761090E-03
  3064.0000    	  3065.0000    	-0.40796128E-03	 0.57609813E-03
  3065.0000    	  3066.0000    	-0.12903646E-02	 0.56047505E-03
  3066.0000    	  3067.0000    	-0.18104888E-02	 0.52044879E-03
  3067.0000    	  3068.0000    	-0.94694527E-03	 0.52547087E-03
  3068.0000    	  3069.0000    	-0.62838286E-03	 0.46869145E-03
  3069.0000    	  3070.0000    	-0.63876947E-02	 0.86108019E-03
  3070.0000    	  3071.0000    	-0.52066220E-02	 0.87123886E-03
  3071.0000    	  3072.0000    	-0.57208024E-02	 0.75591056E-03
  3072.0000    	  3073.0000    	-0.42238337E-02	 0.54309368E-03
  3073.0000    	  3074.0000    	-0.28416132E-02	 0.48066852E-03
  3074.0000    	  3075.0000    	-0.16949639E-02	 0.49950455E-03
  3075.0000    	  3076.0000    	-0.98748273E-03	 0.59087003E-03
  3076.0000    	  3077.0000    	-0.13694621E-02	 0.55229664E-03
  3077.0000    	  3078.0000    	-0.20954907E-02	 0.52306197E-03
  3078.0000    	  3079.0000    	-0.35146356E-03	 0.47970728E-03
  3079.0000    	  3080.0000    	-0.68522013E-03	 0.37015662E-03
  3080.0000    	  3081.0000    	-0.61181250E-02	 0.95188161E-03
  3081.0000    	  3082.0000    	-0.68620174E-02	 0.80132223E-03
  3082.0000    	  3083.0000    	-0.51291452E-02	 0.73640670E-03
  3083.0000    	  3084.0000    	-0.32897630E-02	 0.54737524E-03
  3084.0000    	  3085.0000    	-0.18154430E-02	 0.46589073E-03
  3085.0000    	  3086.0000    	-0.62211709E-03	 0.52193886E-03
  3086.0000    	  3087.0000    	-0.17458939E-02	 0.61885677E-03
  3087.0000    	  3088.0000    	-0.13611634E-02	 0.56415121E-03
  3088.0000    	  3089.0000    	-0.12780897E-02	 0.55658980E-03
  3089.0000    	  3090.0000    	-0.15745370E-03	 0.49774208E-03
  3090.0000    	  3091.0000    	-0.33737852E-03	 0.43743217E-03
  3091.0000    	  3092.0000    	-0.76690882E-02	 0.90560263E-03
  3092.0000    	  3093.0000    	-0.63903738E-02	 0.90753403E-03
  3093.0000    	  3094.0000    	-0.43967701E-02	 0.70097988E-03
  3094.0000    	  3095.0000    	-0.31499453E-02	 0.59969049E-03
  3095.0000    	  3096.0000    	-0.26042049E-02	 0.47354257E-03
  3096.0000    	  3097.0000    	-0.14840483E-02	 0.56050183E-03
  3097.0000    	  3098.0000    	-0.17280435E-02	 0.55303342E-03
  3098.0000    	  3099.0000    	-0.10629948E-04	 0.52925496E-03
  3099.0000    	  3100.0000    	-0.55960345E-03	 0.56173255E-03
  3100.0000    	  3101.0000    	-0.13621227E-02	 0.43825734E-03
  3101.0000    	  3102.0000    	-0.58260033E-03	 0.42232434E-03
  3102.0000    	  3103.0000    	-0.77800228E-02	 0.85979108E-03
  3103.0000    	  3104.0000    	-0.71485693E-02	 0.86083979E-03
  3104.0000    	  3105.0000    	-0.35198898E-02	 0.66159507E-03
  3105.0000    	  3106.0000    	-0.41294468E-02	 0.61319298E-03
  3106.0000    	  3107.0000    	-0.34423816E-02	 0.49313908E-03
  3107.0000    	  3108.0000    	-0.12632603E-02	 0.51300711E-03
  3108.0000    	  3109.0000    	-0.12538992E-02	 0.56521932E-03
  3109.0000    	  3110.0000    	-0.11405767E-02	 0.55295310E-03
  3110.0000    	  3111.0000    	-0.10344371E-02	 0.55221124E-03
  3111.0000    	  3112.0000    	-0.83725007E-03	 0.51228472E-03
  3112.0000    	  3113.0000    	-0.36331736E-03	 0.40149752E-03
  3113.0000    	  3114.0000    	-0.58607765E-02	 0.91000079E-03
  3114.0000    	  3115.0000    	-0.56896514E-02	 0.75747275E-03
  3115.0000    	  3116.0000    	-0.47085551E-02	 0.72757274E-03
  3116.0000    	  3117.0000    	-0.37893821E-02	 0.56913759E-03
  3117.0000    	  3118.0000    	-0.16950067E-02	 0.45100032E-03
  3118.0000    	  3119.0000    	-0.15675840E-02	 0.49582089E-03
  3119.0000    	  3120.0000    	-0.11249620E-02	 0.52102987E-03
  3120.0000    	  3121.0000    	-0.36954061E-03	 0.55502734E-03
  3121.0000    	  3122.0000    	-0.62444315E-03	 0.56494949E-03
  3122.0000    	  3123.0000    	-0.73091185E-03	 0.45129164E-03
  3123.0000    	  3124.0000    	-0.11600473E-02	 0.39273318E-03
