# xi3
# underflow	 -98.461936    	 0.10735583    
# overflow	-0.11938761    	 0.66310122E-02
# sum	 -111.22612    	 0.13135683    
# xmin	xmax	cross	numerror
  2024.0000    	  2025.0000    	-0.38519533E-01	 0.56737723E-02
  2025.0000    	  2026.0000    	-0.33161857E-01	 0.52199069E-02
  2026.0000    	  2027.0000    	-0.31416224E-01	 0.50361889E-02
  2027.0000    	  2028.0000    	-0.31070269E-01	 0.40835062E-02
  2028.0000    	  2029.0000    	-0.28614131E-01	 0.37362212E-02
  2029.0000    	  2030.0000    	-0.20088946E-01	 0.33312163E-02
  2030.0000    	  2031.0000    	-0.21219644E-01	 0.29291336E-02
  2031.0000    	  2032.0000    	-0.19437120E-01	 0.28475889E-02
  2032.0000    	  2033.0000    	-0.12407229E-01	 0.24707957E-02
  2033.0000    	  2034.0000    	-0.15033489E-01	 0.25822871E-02
  2034.0000    	  2035.0000    	-0.11233494E-01	 0.22988999E-02
  2035.0000    	  2036.0000    	-0.28644470E-01	 0.61064159E-02
  2036.0000    	  2037.0000    	-0.36574981E-01	 0.48518715E-02
  2037.0000    	  2038.0000    	-0.33254798E-01	 0.52680190E-02
  2038.0000    	  2039.0000    	-0.32818312E-01	 0.38607688E-02
  2039.0000    	  2040.0000    	-0.27739667E-01	 0.35018823E-02
  2040.0000    	  2041.0000    	-0.28177518E-01	 0.30899696E-02
  2041.0000    	  2042.0000    	-0.23205678E-01	 0.26904730E-02
  2042.0000    	  2043.0000    	-0.17835585E-01	 0.25028141E-02
  2043.0000    	  2044.0000    	-0.11236606E-01	 0.24329012E-02
  2044.0000    	  2045.0000    	-0.12309960E-01	 0.22988394E-02
  2045.0000    	  2046.0000    	-0.78942231E-02	 0.22051214E-02
  2046.0000    	  2047.0000    	-0.30650280E-01	 0.53421133E-02
  2047.0000    	  2048.0000    	-0.40571422E-01	 0.49333107E-02
  2048.0000    	  2049.0000    	-0.37742504E-01	 0.52536066E-02
  2049.0000    	  2050.0000    	-0.26980876E-01	 0.38551920E-02
  2050.0000    	  2051.0000    	-0.26922750E-01	 0.35696235E-02
  2051.0000    	  2052.0000    	-0.15060723E-01	 0.28888764E-02
  2052.0000    	  2053.0000    	-0.22094435E-01	 0.25229646E-02
  2053.0000    	  2054.0000    	-0.15703246E-01	 0.26699490E-02
  2054.0000    	  2055.0000    	-0.16482468E-01	 0.23055638E-02
  2055.0000    	  2056.0000    	-0.11122298E-01	 0.23303265E-02
  2056.0000    	  2057.0000    	-0.12703470E-01	 0.23118651E-02
  2057.0000    	  2058.0000    	-0.22345003E-01	 0.50454021E-02
  2058.0000    	  2059.0000    	-0.32764749E-01	 0.46071413E-02
  2059.0000    	  2060.0000    	-0.33575275E-01	 0.49541516E-02
  2060.0000    	  2061.0000    	-0.33389951E-01	 0.37573978E-02
  2061.0000    	  2062.0000    	-0.23798527E-01	 0.37220714E-02
  2062.0000    	  2063.0000    	-0.26524490E-01	 0.33226648E-02
  2063.0000    	  2064.0000    	-0.21839651E-01	 0.25501735E-02
  2064.0000    	  2065.0000    	-0.14478413E-01	 0.27218924E-02
  2065.0000    	  2066.0000    	-0.18185905E-01	 0.24071580E-02
  2066.0000    	  2067.0000    	-0.13426911E-01	 0.26307922E-02
  2067.0000    	  2068.0000    	-0.11359050E-01	 0.22706609E-02
  2068.0000    	  2069.0000    	-0.42344835E-01	 0.54350092E-02
  2069.0000    	  2070.0000    	-0.24943084E-01	 0.44487453E-02
  2070.0000    	  2071.0000    	-0.33927429E-01	 0.53803822E-02
  2071.0000    	  2072.0000    	-0.29793408E-01	 0.39330225E-02
  2072.0000    	  2073.0000    	-0.18999007E-01	 0.38000116E-02
  2073.0000    	  2074.0000    	-0.23723532E-01	 0.33297658E-02
  2074.0000    	  2075.0000    	-0.21383497E-01	 0.25744083E-02
  2075.0000    	  2076.0000    	-0.15902744E-01	 0.24116944E-02
  2076.0000    	  2077.0000    	-0.15866843E-01	 0.23220620E-02
  2077.0000    	  2078.0000    	-0.13331074E-01	 0.24003262E-02
  2078.0000    	  2079.0000    	-0.75578826E-02	 0.20340024E-02
  2079.0000    	  2080.0000    	-0.36996136E-01	 0.53034218E-02
  2080.0000    	  2081.0000    	-0.36263203E-01	 0.42910121E-02
  2081.0000    	  2082.0000    	-0.31532919E-01	 0.49435034E-02
  2082.0000    	  2083.0000    	-0.26267906E-01	 0.36791775E-02
  2083.0000    	  2084.0000    	-0.28054640E-01	 0.35989115E-02
  2084.0000    	  2085.0000    	-0.19134738E-01	 0.34652462E-02
  2085.0000    	  2086.0000    	-0.18189082E-01	 0.28639736E-02
  2086.0000    	  2087.0000    	-0.18992830E-01	 0.27558926E-02
  2087.0000    	  2088.0000    	-0.14578612E-01	 0.24244653E-02
  2088.0000    	  2089.0000    	-0.13644200E-01	 0.24258183E-02
  2089.0000    	  2090.0000    	-0.11847729E-01	 0.24094779E-02
  2090.0000    	  2091.0000    	-0.31760549E-01	 0.51127534E-02
  2091.0000    	  2092.0000    	-0.26854295E-01	 0.47602015E-02
  2092.0000    	  2093.0000    	-0.24783264E-01	 0.41983064E-02
  2093.0000    	  2094.0000    	-0.25348225E-01	 0.38932819E-02
  2094.0000    	  2095.0000    	-0.23215796E-01	 0.35039306E-02
  2095.0000    	  2096.0000    	-0.26171391E-01	 0.29803218E-02
  2096.0000    	  2097.0000    	-0.18391042E-01	 0.27929847E-02
  2097.0000    	  2098.0000    	-0.12348754E-01	 0.25137231E-02
  2098.0000    	  2099.0000    	-0.16796119E-01	 0.24006066E-02
  2099.0000    	  2100.0000    	-0.81838674E-02	 0.22108622E-02
  2100.0000    	  2101.0000    	-0.12182680E-01	 0.22165774E-02
  2101.0000    	  2102.0000    	-0.22723183E-01	 0.50349052E-02
  2102.0000    	  2103.0000    	-0.27580563E-01	 0.51102875E-02
  2103.0000    	  2104.0000    	-0.28440406E-01	 0.47362322E-02
  2104.0000    	  2105.0000    	-0.27168282E-01	 0.36718557E-02
  2105.0000    	  2106.0000    	-0.25403804E-01	 0.33979608E-02
  2106.0000    	  2107.0000    	-0.23996492E-01	 0.27831516E-02
  2107.0000    	  2108.0000    	-0.21305873E-01	 0.27287199E-02
  2108.0000    	  2109.0000    	-0.18664280E-01	 0.24306849E-02
  2109.0000    	  2110.0000    	-0.14185191E-01	 0.23871585E-02
  2110.0000    	  2111.0000    	-0.12071287E-01	 0.20837991E-02
  2111.0000    	  2112.0000    	-0.10161848E-01	 0.21491148E-02
  2112.0000    	  2113.0000    	-0.35418470E-01	 0.51857726E-02
  2113.0000    	  2114.0000    	-0.29401899E-01	 0.44448449E-02
  2114.0000    	  2115.0000    	-0.22558882E-01	 0.41719169E-02
  2115.0000    	  2116.0000    	-0.22683726E-01	 0.38841565E-02
  2116.0000    	  2117.0000    	-0.24983987E-01	 0.34216831E-02
  2117.0000    	  2118.0000    	-0.18389284E-01	 0.29095105E-02
  2118.0000    	  2119.0000    	-0.16476947E-01	 0.26856617E-02
  2119.0000    	  2120.0000    	-0.19212142E-01	 0.22921547E-02
  2120.0000    	  2121.0000    	-0.17060762E-01	 0.23262474E-02
  2121.0000    	  2122.0000    	-0.14308339E-01	 0.22660884E-02
  2122.0000    	  2123.0000    	-0.10510699E-01	 0.21126985E-02
  2123.0000    	  2124.0000    	-0.26744046E-01	 0.44234424E-02
  2124.0000    	  2125.0000    	-0.29897654E-01	 0.45108050E-02
  2125.0000    	  2126.0000    	-0.27514228E-01	 0.41485949E-02
  2126.0000    	  2127.0000    	-0.25677215E-01	 0.37679851E-02
  2127.0000    	  2128.0000    	-0.24074592E-01	 0.37687257E-02
  2128.0000    	  2129.0000    	-0.22610273E-01	 0.28181971E-02
  2129.0000    	  2130.0000    	-0.19726787E-01	 0.26443197E-02
  2130.0000    	  2131.0000    	-0.18359695E-01	 0.22922629E-02
  2131.0000    	  2132.0000    	-0.15715789E-01	 0.22892169E-02
  2132.0000    	  2133.0000    	-0.98954105E-02	 0.21836234E-02
  2133.0000    	  2134.0000    	-0.79002591E-02	 0.20481743E-02
  2134.0000    	  2135.0000    	-0.29961077E-01	 0.40908018E-02
  2135.0000    	  2136.0000    	-0.22859842E-01	 0.41678686E-02
  2136.0000    	  2137.0000    	-0.26731769E-01	 0.40721785E-02
  2137.0000    	  2138.0000    	-0.28456073E-01	 0.39017538E-02
  2138.0000    	  2139.0000    	-0.21759644E-01	 0.33722884E-02
  2139.0000    	  2140.0000    	-0.21237959E-01	 0.28499441E-02
  2140.0000    	  2141.0000    	-0.21760543E-01	 0.26467095E-02
  2141.0000    	  2142.0000    	-0.21642353E-01	 0.25050822E-02
  2142.0000    	  2143.0000    	-0.14583260E-01	 0.23167136E-02
  2143.0000    	  2144.0000    	-0.10795526E-01	 0.22061063E-02
  2144.0000    	  2145.0000    	-0.11483736E-01	 0.20887535E-02
  2145.0000    	  2146.0000    	-0.33920827E-01	 0.42947533E-02
  2146.0000    	  2147.0000    	-0.25048599E-01	 0.38391177E-02
  2147.0000    	  2148.0000    	-0.24716552E-01	 0.39227032E-02
  2148.0000    	  2149.0000    	-0.27090609E-01	 0.40453477E-02
  2149.0000    	  2150.0000    	-0.25173584E-01	 0.30073758E-02
  2150.0000    	  2151.0000    	-0.17224317E-01	 0.29117357E-02
  2151.0000    	  2152.0000    	-0.19485706E-01	 0.24987674E-02
  2152.0000    	  2153.0000    	-0.16479280E-01	 0.25045232E-02
  2153.0000    	  2154.0000    	-0.13195786E-01	 0.23886754E-02
  2154.0000    	  2155.0000    	-0.12932577E-01	 0.22742806E-02
  2155.0000    	  2156.0000    	-0.11357923E-01	 0.20166173E-02
  2156.0000    	  2157.0000    	-0.28085648E-01	 0.43372374E-02
  2157.0000    	  2158.0000    	-0.34360595E-01	 0.40515719E-02
  2158.0000    	  2159.0000    	-0.26038240E-01	 0.34218056E-02
  2159.0000    	  2160.0000    	-0.23477204E-01	 0.39193238E-02
  2160.0000    	  2161.0000    	-0.26589282E-01	 0.34723790E-02
  2161.0000    	  2162.0000    	-0.20251441E-01	 0.28179196E-02
  2162.0000    	  2163.0000    	-0.23975967E-01	 0.23086248E-02
  2163.0000    	  2164.0000    	-0.18053643E-01	 0.25610068E-02
  2164.0000    	  2165.0000    	-0.16520012E-01	 0.23104998E-02
  2165.0000    	  2166.0000    	-0.14651548E-01	 0.22863976E-02
  2166.0000    	  2167.0000    	-0.77819688E-02	 0.19713756E-02
  2167.0000    	  2168.0000    	-0.25784937E-01	 0.42138913E-02
  2168.0000    	  2169.0000    	-0.24259301E-01	 0.37323549E-02
  2169.0000    	  2170.0000    	-0.26221770E-01	 0.35879227E-02
  2170.0000    	  2171.0000    	-0.16640290E-01	 0.33539223E-02
  2171.0000    	  2172.0000    	-0.23905246E-01	 0.29610550E-02
  2172.0000    	  2173.0000    	-0.18083213E-01	 0.30381034E-02
  2173.0000    	  2174.0000    	-0.12589917E-01	 0.24388358E-02
  2174.0000    	  2175.0000    	-0.17461977E-01	 0.24894861E-02
  2175.0000    	  2176.0000    	-0.16727134E-01	 0.22461064E-02
  2176.0000    	  2177.0000    	-0.10462976E-01	 0.21127382E-02
  2177.0000    	  2178.0000    	-0.10827391E-01	 0.21587455E-02
  2178.0000    	  2179.0000    	-0.28170920E-01	 0.42787576E-02
  2179.0000    	  2180.0000    	-0.26039971E-01	 0.37435313E-02
  2180.0000    	  2181.0000    	-0.31586513E-01	 0.36123557E-02
  2181.0000    	  2182.0000    	-0.23245121E-01	 0.32334466E-02
  2182.0000    	  2183.0000    	-0.24640344E-01	 0.28507847E-02
  2183.0000    	  2184.0000    	-0.14705195E-01	 0.29016278E-02
  2184.0000    	  2185.0000    	-0.17021552E-01	 0.23028500E-02
  2185.0000    	  2186.0000    	-0.15015598E-01	 0.21872538E-02
  2186.0000    	  2187.0000    	-0.13391612E-01	 0.22370666E-02
  2187.0000    	  2188.0000    	-0.12783416E-01	 0.20403700E-02
  2188.0000    	  2189.0000    	-0.11629106E-01	 0.20195807E-02
  2189.0000    	  2190.0000    	-0.26190560E-01	 0.44664588E-02
  2190.0000    	  2191.0000    	-0.26809017E-01	 0.40787217E-02
  2191.0000    	  2192.0000    	-0.23277978E-01	 0.36066364E-02
  2192.0000    	  2193.0000    	-0.28518315E-01	 0.28624451E-02
  2193.0000    	  2194.0000    	-0.21867217E-01	 0.29513749E-02
  2194.0000    	  2195.0000    	-0.18421791E-01	 0.26577006E-02
  2195.0000    	  2196.0000    	-0.19475457E-01	 0.23443619E-02
  2196.0000    	  2197.0000    	-0.14725299E-01	 0.23311746E-02
  2197.0000    	  2198.0000    	-0.13295126E-01	 0.20852712E-02
  2198.0000    	  2199.0000    	-0.11617000E-01	 0.20231602E-02
  2199.0000    	  2200.0000    	-0.80538893E-02	 0.20226650E-02
  2200.0000    	  2201.0000    	-0.30967617E-01	 0.45878087E-02
  2201.0000    	  2202.0000    	-0.24718254E-01	 0.33926032E-02
  2202.0000    	  2203.0000    	-0.24578340E-01	 0.37056357E-02
  2203.0000    	  2204.0000    	-0.15093740E-01	 0.33406749E-02
  2204.0000    	  2205.0000    	-0.22059757E-01	 0.29631668E-02
  2205.0000    	  2206.0000    	-0.15415158E-01	 0.24976883E-02
  2206.0000    	  2207.0000    	-0.17855445E-01	 0.22930196E-02
  2207.0000    	  2208.0000    	-0.14986690E-01	 0.24256427E-02
  2208.0000    	  2209.0000    	-0.12883316E-01	 0.21249162E-02
  2209.0000    	  2210.0000    	-0.13380474E-01	 0.20566413E-02
  2210.0000    	  2211.0000    	-0.91429548E-02	 0.20542415E-02
  2211.0000    	  2212.0000    	-0.29385570E-01	 0.42697156E-02
  2212.0000    	  2213.0000    	-0.22361396E-01	 0.33316316E-02
  2213.0000    	  2214.0000    	-0.15308604E-01	 0.37954861E-02
  2214.0000    	  2215.0000    	-0.27147140E-01	 0.33798696E-02
  2215.0000    	  2216.0000    	-0.20422510E-01	 0.28857026E-02
  2216.0000    	  2217.0000    	-0.19909928E-01	 0.26654548E-02
  2217.0000    	  2218.0000    	-0.18967098E-01	 0.24144646E-02
  2218.0000    	  2219.0000    	-0.13270094E-01	 0.21674753E-02
  2219.0000    	  2220.0000    	-0.10286512E-01	 0.20707928E-02
  2220.0000    	  2221.0000    	-0.11462421E-01	 0.20916900E-02
  2221.0000    	  2222.0000    	-0.57644705E-02	 0.19298938E-02
  2222.0000    	  2223.0000    	-0.26210054E-01	 0.40817375E-02
  2223.0000    	  2224.0000    	-0.23176828E-01	 0.35716991E-02
  2224.0000    	  2225.0000    	-0.20572500E-01	 0.36860667E-02
  2225.0000    	  2226.0000    	-0.14933620E-01	 0.32765838E-02
  2226.0000    	  2227.0000    	-0.21004884E-01	 0.28348613E-02
  2227.0000    	  2228.0000    	-0.22183928E-01	 0.27585044E-02
  2228.0000    	  2229.0000    	-0.16128353E-01	 0.23105435E-02
  2229.0000    	  2230.0000    	-0.12983275E-01	 0.20271968E-02
  2230.0000    	  2231.0000    	-0.11117112E-01	 0.21241409E-02
  2231.0000    	  2232.0000    	-0.11614144E-01	 0.20798842E-02
  2232.0000    	  2233.0000    	-0.10752948E-01	 0.19526868E-02
  2233.0000    	  2234.0000    	-0.19270065E-01	 0.40043273E-02
  2234.0000    	  2235.0000    	-0.24229512E-01	 0.37786549E-02
  2235.0000    	  2236.0000    	-0.23262664E-01	 0.35648250E-02
  2236.0000    	  2237.0000    	-0.24110602E-01	 0.31836332E-02
  2237.0000    	  2238.0000    	-0.20117463E-01	 0.25619966E-02
  2238.0000    	  2239.0000    	-0.18218721E-01	 0.27911189E-02
  2239.0000    	  2240.0000    	-0.12397775E-01	 0.20630186E-02
  2240.0000    	  2241.0000    	-0.14742704E-01	 0.21139508E-02
  2241.0000    	  2242.0000    	-0.10395243E-01	 0.20548181E-02
  2242.0000    	  2243.0000    	-0.73412540E-02	 0.22352833E-02
  2243.0000    	  2244.0000    	-0.74866581E-02	 0.19212622E-02
  2244.0000    	  2245.0000    	-0.26251480E-01	 0.40869198E-02
  2245.0000    	  2246.0000    	-0.21323452E-01	 0.36928690E-02
  2246.0000    	  2247.0000    	-0.24686817E-01	 0.33940698E-02
  2247.0000    	  2248.0000    	-0.20354348E-01	 0.30949446E-02
  2248.0000    	  2249.0000    	-0.20101978E-01	 0.28067428E-02
  2249.0000    	  2250.0000    	-0.19155584E-01	 0.32257610E-02
  2250.0000    	  2251.0000    	-0.14139864E-01	 0.22197194E-02
  2251.0000    	  2252.0000    	-0.14590867E-01	 0.22891017E-02
  2252.0000    	  2253.0000    	-0.17182256E-01	 0.23109396E-02
  2253.0000    	  2254.0000    	-0.10709830E-01	 0.20812475E-02
  2254.0000    	  2255.0000    	-0.75064593E-02	 0.20783985E-02
  2255.0000    	  2256.0000    	-0.17513713E-01	 0.39626985E-02
  2256.0000    	  2257.0000    	-0.18593425E-01	 0.37413317E-02
  2257.0000    	  2258.0000    	-0.22593543E-01	 0.31492768E-02
  2258.0000    	  2259.0000    	-0.20398582E-01	 0.33946327E-02
  2259.0000    	  2260.0000    	-0.17038674E-01	 0.27098541E-02
  2260.0000    	  2261.0000    	-0.18687212E-01	 0.27736581E-02
  2261.0000    	  2262.0000    	-0.14228120E-01	 0.24915705E-02
  2262.0000    	  2263.0000    	-0.11838509E-01	 0.21509205E-02
  2263.0000    	  2264.0000    	-0.17213796E-01	 0.22684229E-02
  2264.0000    	  2265.0000    	-0.16339495E-01	 0.19985725E-02
  2265.0000    	  2266.0000    	-0.69049430E-02	 0.21626126E-02
  2266.0000    	  2267.0000    	-0.21587063E-01	 0.39298599E-02
  2267.0000    	  2268.0000    	-0.27174860E-01	 0.39307443E-02
  2268.0000    	  2269.0000    	-0.19146586E-01	 0.32639794E-02
  2269.0000    	  2270.0000    	-0.23434789E-01	 0.29476327E-02
  2270.0000    	  2271.0000    	-0.17352537E-01	 0.26956263E-02
  2271.0000    	  2272.0000    	-0.17118475E-01	 0.28387979E-02
  2272.0000    	  2273.0000    	-0.13885284E-01	 0.19914636E-02
  2273.0000    	  2274.0000    	-0.12801836E-01	 0.22607269E-02
  2274.0000    	  2275.0000    	-0.98263034E-02	 0.21622671E-02
  2275.0000    	  2276.0000    	-0.94025140E-02	 0.19348575E-02
  2276.0000    	  2277.0000    	-0.12087008E-01	 0.20582672E-02
  2277.0000    	  2278.0000    	-0.23383849E-01	 0.38057281E-02
  2278.0000    	  2279.0000    	-0.21317237E-01	 0.37406553E-02
  2279.0000    	  2280.0000    	-0.18486216E-01	 0.35839549E-02
  2280.0000    	  2281.0000    	-0.17255280E-01	 0.27183438E-02
  2281.0000    	  2282.0000    	-0.25615616E-01	 0.27243192E-02
  2282.0000    	  2283.0000    	-0.14646835E-01	 0.26373892E-02
  2283.0000    	  2284.0000    	-0.15897490E-01	 0.21000526E-02
  2284.0000    	  2285.0000    	-0.13260539E-01	 0.22588309E-02
  2285.0000    	  2286.0000    	-0.10131070E-01	 0.21845551E-02
  2286.0000    	  2287.0000    	-0.12892056E-01	 0.19492673E-02
  2287.0000    	  2288.0000    	-0.53022360E-02	 0.19976002E-02
  2288.0000    	  2289.0000    	-0.14658116E-01	 0.28371272E-02
  2289.0000    	  2290.0000    	-0.22501547E-01	 0.33481197E-02
  2290.0000    	  2291.0000    	-0.21306782E-01	 0.36778913E-02
  2291.0000    	  2292.0000    	-0.14687260E-01	 0.29356181E-02
  2292.0000    	  2293.0000    	-0.14819022E-01	 0.27948402E-02
  2293.0000    	  2294.0000    	-0.17113854E-01	 0.23461738E-02
  2294.0000    	  2295.0000    	-0.15662896E-01	 0.23650048E-02
  2295.0000    	  2296.0000    	-0.15891189E-01	 0.20189292E-02
  2296.0000    	  2297.0000    	-0.10772954E-01	 0.20897627E-02
  2297.0000    	  2298.0000    	-0.10790646E-01	 0.20014761E-02
  2298.0000    	  2299.0000    	-0.85771784E-02	 0.20493913E-02
  2299.0000    	  2300.0000    	-0.17968918E-01	 0.38219826E-02
  2300.0000    	  2301.0000    	-0.21167545E-01	 0.34126947E-02
  2301.0000    	  2302.0000    	-0.18971287E-01	 0.30188404E-02
  2302.0000    	  2303.0000    	-0.19306763E-01	 0.30409247E-02
  2303.0000    	  2304.0000    	-0.17049788E-01	 0.27753942E-02
  2304.0000    	  2305.0000    	-0.16524891E-01	 0.25240035E-02
  2305.0000    	  2306.0000    	-0.14701361E-01	 0.27812537E-02
  2306.0000    	  2307.0000    	-0.10442647E-01	 0.22371822E-02
  2307.0000    	  2308.0000    	-0.14164829E-01	 0.21218665E-02
  2308.0000    	  2309.0000    	-0.63581147E-02	 0.21728202E-02
  2309.0000    	  2310.0000    	-0.93868403E-02	 0.19291530E-02
  2310.0000    	  2311.0000    	-0.15810083E-01	 0.30775974E-02
  2311.0000    	  2312.0000    	-0.18758765E-01	 0.33024821E-02
  2312.0000    	  2313.0000    	-0.20901376E-01	 0.30391898E-02
  2313.0000    	  2314.0000    	-0.21930603E-01	 0.31909605E-02
  2314.0000    	  2315.0000    	-0.13776859E-01	 0.22980738E-02
  2315.0000    	  2316.0000    	-0.17685528E-01	 0.28052831E-02
  2316.0000    	  2317.0000    	-0.12344662E-01	 0.23918618E-02
  2317.0000    	  2318.0000    	-0.13445989E-01	 0.20271098E-02
  2318.0000    	  2319.0000    	-0.98157072E-02	 0.23403528E-02
  2319.0000    	  2320.0000    	-0.77429468E-02	 0.22343901E-02
  2320.0000    	  2321.0000    	-0.92279618E-02	 0.17472714E-02
  2321.0000    	  2322.0000    	-0.23681240E-01	 0.37190362E-02
  2322.0000    	  2323.0000    	-0.22057614E-01	 0.30908442E-02
  2323.0000    	  2324.0000    	-0.19397600E-01	 0.31826005E-02
  2324.0000    	  2325.0000    	-0.19057493E-01	 0.31337816E-02
  2325.0000    	  2326.0000    	-0.20514650E-01	 0.23617675E-02
  2326.0000    	  2327.0000    	-0.17233169E-01	 0.25377487E-02
  2327.0000    	  2328.0000    	-0.12279418E-01	 0.23731517E-02
  2328.0000    	  2329.0000    	-0.15704088E-01	 0.19756041E-02
  2329.0000    	  2330.0000    	-0.11987408E-01	 0.23121590E-02
  2330.0000    	  2331.0000    	-0.12789105E-01	 0.19428844E-02
  2331.0000    	  2332.0000    	-0.79959028E-02	 0.17713319E-02
  2332.0000    	  2333.0000    	-0.15979567E-01	 0.37075574E-02
  2333.0000    	  2334.0000    	-0.18916514E-01	 0.32342700E-02
  2334.0000    	  2335.0000    	-0.22640437E-01	 0.29767346E-02
  2335.0000    	  2336.0000    	-0.18686864E-01	 0.33691131E-02
  2336.0000    	  2337.0000    	-0.13209108E-01	 0.24957492E-02
  2337.0000    	  2338.0000    	-0.13363338E-01	 0.24617749E-02
  2338.0000    	  2339.0000    	-0.12684555E-01	 0.23020988E-02
  2339.0000    	  2340.0000    	-0.96230423E-02	 0.18578617E-02
  2340.0000    	  2341.0000    	-0.77623147E-02	 0.20331566E-02
  2341.0000    	  2342.0000    	-0.87530896E-02	 0.19505996E-02
  2342.0000    	  2343.0000    	-0.10167877E-01	 0.17113670E-02
  2343.0000    	  2344.0000    	-0.23758715E-01	 0.31307748E-02
  2344.0000    	  2345.0000    	-0.17882699E-01	 0.32126970E-02
  2345.0000    	  2346.0000    	-0.17253835E-01	 0.30415842E-02
  2346.0000    	  2347.0000    	-0.16525788E-01	 0.31689161E-02
  2347.0000    	  2348.0000    	-0.13901781E-01	 0.24130038E-02
  2348.0000    	  2349.0000    	-0.15593430E-01	 0.25733321E-02
  2349.0000    	  2350.0000    	-0.15870013E-01	 0.23392249E-02
  2350.0000    	  2351.0000    	-0.12316527E-01	 0.22259562E-02
  2351.0000    	  2352.0000    	-0.10703211E-01	 0.20931362E-02
  2352.0000    	  2353.0000    	-0.10055390E-01	 0.19875474E-02
  2353.0000    	  2354.0000    	-0.66484370E-02	 0.18454392E-02
  2354.0000    	  2355.0000    	-0.21404683E-01	 0.31438368E-02
  2355.0000    	  2356.0000    	-0.24216195E-01	 0.30977739E-02
  2356.0000    	  2357.0000    	-0.10585250E-01	 0.28179657E-02
  2357.0000    	  2358.0000    	-0.12561525E-01	 0.30668309E-02
  2358.0000    	  2359.0000    	-0.17553105E-01	 0.24014091E-02
  2359.0000    	  2360.0000    	-0.13877559E-01	 0.23312878E-02
  2360.0000    	  2361.0000    	-0.10912150E-01	 0.21862322E-02
  2361.0000    	  2362.0000    	-0.12428533E-01	 0.20955947E-02
  2362.0000    	  2363.0000    	-0.12540626E-01	 0.21138959E-02
  2363.0000    	  2364.0000    	-0.84018569E-02	 0.18438331E-02
  2364.0000    	  2365.0000    	-0.74066307E-02	 0.18076055E-02
  2365.0000    	  2366.0000    	-0.15710325E-01	 0.30369141E-02
  2366.0000    	  2367.0000    	-0.15205641E-01	 0.31548966E-02
  2367.0000    	  2368.0000    	-0.22814313E-01	 0.30371937E-02
  2368.0000    	  2369.0000    	-0.17406862E-01	 0.29075813E-02
  2369.0000    	  2370.0000    	-0.18266625E-01	 0.26186626E-02
  2370.0000    	  2371.0000    	-0.15027105E-01	 0.22425745E-02
  2371.0000    	  2372.0000    	-0.13463619E-01	 0.20360865E-02
  2372.0000    	  2373.0000    	-0.11689705E-01	 0.20164029E-02
  2373.0000    	  2374.0000    	-0.11225991E-01	 0.18488758E-02
  2374.0000    	  2375.0000    	-0.98247942E-02	 0.19205197E-02
  2375.0000    	  2376.0000    	-0.63028979E-02	 0.18693705E-02
  2376.0000    	  2377.0000    	-0.19111057E-01	 0.34171351E-02
  2377.0000    	  2378.0000    	-0.10319526E-01	 0.32337442E-02
  2378.0000    	  2379.0000    	-0.14699441E-01	 0.32155803E-02
  2379.0000    	  2380.0000    	-0.13388146E-01	 0.30910902E-02
  2380.0000    	  2381.0000    	-0.15945652E-01	 0.28532924E-02
  2381.0000    	  2382.0000    	-0.15715718E-01	 0.22168558E-02
  2382.0000    	  2383.0000    	-0.10358049E-01	 0.21489438E-02
  2383.0000    	  2384.0000    	-0.13651359E-01	 0.21934213E-02
  2384.0000    	  2385.0000    	-0.10786539E-01	 0.20729455E-02
  2385.0000    	  2386.0000    	-0.66630782E-02	 0.18551762E-02
  2386.0000    	  2387.0000    	-0.56238724E-02	 0.19418945E-02
  2387.0000    	  2388.0000    	-0.15306814E-01	 0.37013771E-02
  2388.0000    	  2389.0000    	-0.22535857E-01	 0.32240769E-02
  2389.0000    	  2390.0000    	-0.19942230E-01	 0.29929419E-02
  2390.0000    	  2391.0000    	-0.14869728E-01	 0.23626022E-02
  2391.0000    	  2392.0000    	-0.20373229E-01	 0.27175800E-02
  2392.0000    	  2393.0000    	-0.12609555E-01	 0.22732454E-02
  2393.0000    	  2394.0000    	-0.15737740E-01	 0.22583972E-02
  2394.0000    	  2395.0000    	-0.93771792E-02	 0.22332741E-02
  2395.0000    	  2396.0000    	-0.11192989E-01	 0.20549065E-02
  2396.0000    	  2397.0000    	-0.99234981E-02	 0.19848851E-02
  2397.0000    	  2398.0000    	-0.73218615E-02	 0.18468511E-02
  2398.0000    	  2399.0000    	-0.65639720E-02	 0.32053096E-02
  2399.0000    	  2400.0000    	-0.17539712E-01	 0.29273753E-02
  2400.0000    	  2401.0000    	-0.12722479E-01	 0.26724436E-02
  2401.0000    	  2402.0000    	-0.20302383E-01	 0.29838433E-02
  2402.0000    	  2403.0000    	-0.17260599E-01	 0.23592614E-02
  2403.0000    	  2404.0000    	-0.12221225E-01	 0.23860239E-02
  2404.0000    	  2405.0000    	-0.10355044E-01	 0.18780671E-02
  2405.0000    	  2406.0000    	-0.10402045E-01	 0.20708020E-02
  2406.0000    	  2407.0000    	-0.10281452E-01	 0.20671202E-02
  2407.0000    	  2408.0000    	-0.70911303E-02	 0.18560379E-02
  2408.0000    	  2409.0000    	-0.80419677E-02	 0.17372198E-02
  2409.0000    	  2410.0000    	-0.22104919E-01	 0.27264520E-02
  2410.0000    	  2411.0000    	-0.13028711E-01	 0.28617259E-02
  2411.0000    	  2412.0000    	-0.18788833E-01	 0.28337032E-02
  2412.0000    	  2413.0000    	-0.12210468E-01	 0.24892683E-02
  2413.0000    	  2414.0000    	-0.69787335E-02	 0.23296409E-02
  2414.0000    	  2415.0000    	-0.16423925E-01	 0.23595015E-02
  2415.0000    	  2416.0000    	-0.11510807E-01	 0.21496466E-02
  2416.0000    	  2417.0000    	-0.13494389E-01	 0.21596724E-02
  2417.0000    	  2418.0000    	-0.10496981E-01	 0.21394071E-02
  2418.0000    	  2419.0000    	-0.99515065E-02	 0.20941728E-02
  2419.0000    	  2420.0000    	-0.60232623E-02	 0.20755590E-02
  2420.0000    	  2421.0000    	-0.15831972E-01	 0.28497022E-02
  2421.0000    	  2422.0000    	-0.68611550E-02	 0.27825948E-02
  2422.0000    	  2423.0000    	-0.12819758E-01	 0.33125160E-02
  2423.0000    	  2424.0000    	-0.19092428E-01	 0.28150039E-02
  2424.0000    	  2425.0000    	-0.16745082E-01	 0.24671336E-02
  2425.0000    	  2426.0000    	-0.10156533E-01	 0.23919216E-02
  2426.0000    	  2427.0000    	-0.16296351E-01	 0.20921516E-02
  2427.0000    	  2428.0000    	-0.64858691E-02	 0.20310122E-02
  2428.0000    	  2429.0000    	-0.81547022E-02	 0.21149692E-02
  2429.0000    	  2430.0000    	-0.67071504E-02	 0.18473923E-02
  2430.0000    	  2431.0000    	-0.55358749E-02	 0.17009373E-02
  2431.0000    	  2432.0000    	-0.13995270E-01	 0.28631909E-02
  2432.0000    	  2433.0000    	-0.16660623E-01	 0.24456369E-02
  2433.0000    	  2434.0000    	-0.13901262E-01	 0.26568964E-02
  2434.0000    	  2435.0000    	-0.13067390E-01	 0.24397598E-02
  2435.0000    	  2436.0000    	-0.14749979E-01	 0.20804332E-02
  2436.0000    	  2437.0000    	-0.12543019E-01	 0.23375292E-02
  2437.0000    	  2438.0000    	-0.11949559E-01	 0.19955986E-02
  2438.0000    	  2439.0000    	-0.12040675E-01	 0.21126788E-02
  2439.0000    	  2440.0000    	-0.13144674E-01	 0.19694297E-02
  2440.0000    	  2441.0000    	-0.82146209E-02	 0.20154129E-02
  2441.0000    	  2442.0000    	-0.73308755E-02	 0.17405337E-02
  2442.0000    	  2443.0000    	-0.19661230E-01	 0.25958151E-02
  2443.0000    	  2444.0000    	-0.21610322E-01	 0.29479565E-02
  2444.0000    	  2445.0000    	-0.16312795E-01	 0.23997614E-02
  2445.0000    	  2446.0000    	-0.13379704E-01	 0.25932452E-02
  2446.0000    	  2447.0000    	-0.18514605E-01	 0.25658544E-02
  2447.0000    	  2448.0000    	-0.11083649E-01	 0.21883781E-02
  2448.0000    	  2449.0000    	-0.10945947E-01	 0.19137849E-02
  2449.0000    	  2450.0000    	-0.10304847E-01	 0.21709663E-02
  2450.0000    	  2451.0000    	-0.93700451E-02	 0.21508635E-02
  2451.0000    	  2452.0000    	-0.97669444E-02	 0.19607329E-02
  2452.0000    	  2453.0000    	-0.39382958E-02	 0.16519271E-02
  2453.0000    	  2454.0000    	-0.15119224E-01	 0.28904276E-02
  2454.0000    	  2455.0000    	-0.20757446E-01	 0.31020681E-02
  2455.0000    	  2456.0000    	-0.12762775E-01	 0.24490656E-02
  2456.0000    	  2457.0000    	-0.10322708E-01	 0.26138826E-02
  2457.0000    	  2458.0000    	-0.10916812E-01	 0.27090756E-02
  2458.0000    	  2459.0000    	-0.13918720E-01	 0.21745346E-02
  2459.0000    	  2460.0000    	-0.13045205E-01	 0.21087957E-02
  2460.0000    	  2461.0000    	-0.13038002E-01	 0.19558569E-02
  2461.0000    	  2462.0000    	-0.86582475E-02	 0.20557513E-02
  2462.0000    	  2463.0000    	-0.25880992E-02	 0.17004762E-02
  2463.0000    	  2464.0000    	-0.65376190E-02	 0.15795810E-02
  2464.0000    	  2465.0000    	-0.16085298E-01	 0.27477079E-02
  2465.0000    	  2466.0000    	-0.12918151E-01	 0.20511472E-02
  2466.0000    	  2467.0000    	-0.12494637E-01	 0.24665216E-02
  2467.0000    	  2468.0000    	-0.19535334E-01	 0.25728228E-02
  2468.0000    	  2469.0000    	-0.10224399E-01	 0.25124384E-02
  2469.0000    	  2470.0000    	-0.11180088E-01	 0.21285163E-02
  2470.0000    	  2471.0000    	-0.12185399E-01	 0.20736543E-02
  2471.0000    	  2472.0000    	-0.10044242E-01	 0.18825005E-02
  2472.0000    	  2473.0000    	-0.10731457E-01	 0.22215312E-02
  2473.0000    	  2474.0000    	-0.62528530E-02	 0.16051841E-02
  2474.0000    	  2475.0000    	-0.36309556E-02	 0.16096946E-02
  2475.0000    	  2476.0000    	-0.17894996E-01	 0.29196368E-02
  2476.0000    	  2477.0000    	-0.60854703E-03	 0.29120604E-02
  2477.0000    	  2478.0000    	-0.15857881E-01	 0.21526636E-02
  2478.0000    	  2479.0000    	-0.11615327E-01	 0.23984303E-02
  2479.0000    	  2480.0000    	-0.16511618E-01	 0.23397142E-02
  2480.0000    	  2481.0000    	-0.13870366E-01	 0.21135783E-02
  2481.0000    	  2482.0000    	-0.13575770E-01	 0.19590161E-02
  2482.0000    	  2483.0000    	-0.85888225E-02	 0.18858462E-02
  2483.0000    	  2484.0000    	-0.73735547E-02	 0.16391111E-02
  2484.0000    	  2485.0000    	-0.93867154E-02	 0.18784630E-02
  2485.0000    	  2486.0000    	-0.50720081E-02	 0.14632663E-02
  2486.0000    	  2487.0000    	-0.15278744E-01	 0.30096696E-02
  2487.0000    	  2488.0000    	-0.20970763E-01	 0.30832596E-02
  2488.0000    	  2489.0000    	-0.12866480E-01	 0.21523472E-02
  2489.0000    	  2490.0000    	-0.11395977E-01	 0.23986666E-02
  2490.0000    	  2491.0000    	-0.15077076E-01	 0.21840534E-02
  2491.0000    	  2492.0000    	-0.10419902E-01	 0.21308106E-02
  2492.0000    	  2493.0000    	-0.12868443E-01	 0.20949714E-02
  2493.0000    	  2494.0000    	-0.13228547E-01	 0.20123793E-02
  2494.0000    	  2495.0000    	-0.74279393E-02	 0.18931586E-02
  2495.0000    	  2496.0000    	-0.61892820E-02	 0.18270651E-02
  2496.0000    	  2497.0000    	-0.81869251E-02	 0.16728597E-02
  2497.0000    	  2498.0000    	-0.16247369E-01	 0.30274996E-02
  2498.0000    	  2499.0000    	-0.12982253E-01	 0.25335796E-02
  2499.0000    	  2500.0000    	-0.19567043E-01	 0.23424981E-02
  2500.0000    	  2501.0000    	-0.13367063E-01	 0.23354535E-02
  2501.0000    	  2502.0000    	-0.13998971E-01	 0.23934853E-02
  2502.0000    	  2503.0000    	-0.13694227E-01	 0.20679874E-02
  2503.0000    	  2504.0000    	-0.12522434E-01	 0.20107084E-02
  2504.0000    	  2505.0000    	-0.11720533E-01	 0.20959042E-02
  2505.0000    	  2506.0000    	-0.76039843E-02	 0.17628412E-02
  2506.0000    	  2507.0000    	-0.58011833E-02	 0.17107492E-02
  2507.0000    	  2508.0000    	-0.58855377E-02	 0.14900947E-02
  2508.0000    	  2509.0000    	-0.11936068E-01	 0.27521352E-02
  2509.0000    	  2510.0000    	-0.17243426E-01	 0.24827798E-02
  2510.0000    	  2511.0000    	-0.12804803E-01	 0.24922274E-02
  2511.0000    	  2512.0000    	-0.16898939E-01	 0.23404972E-02
  2512.0000    	  2513.0000    	-0.14533098E-01	 0.22884278E-02
  2513.0000    	  2514.0000    	-0.10253787E-01	 0.20597709E-02
  2514.0000    	  2515.0000    	-0.14603730E-01	 0.17897957E-02
  2515.0000    	  2516.0000    	-0.83820986E-02	 0.18599286E-02
  2516.0000    	  2517.0000    	-0.94036527E-02	 0.18512909E-02
  2517.0000    	  2518.0000    	-0.78355167E-02	 0.18144558E-02
  2518.0000    	  2519.0000    	-0.35634040E-02	 0.16030372E-02
  2519.0000    	  2520.0000    	-0.12989055E-01	 0.26374219E-02
  2520.0000    	  2521.0000    	-0.18248012E-01	 0.27675320E-02
  2521.0000    	  2522.0000    	-0.10842748E-01	 0.22976553E-02
  2522.0000    	  2523.0000    	-0.14810183E-01	 0.23664879E-02
  2523.0000    	  2524.0000    	-0.10237203E-01	 0.20959199E-02
  2524.0000    	  2525.0000    	-0.11612495E-01	 0.21033057E-02
  2525.0000    	  2526.0000    	-0.12163414E-01	 0.17971632E-02
  2526.0000    	  2527.0000    	-0.79519638E-02	 0.17986466E-02
  2527.0000    	  2528.0000    	-0.76650628E-02	 0.19912876E-02
  2528.0000    	  2529.0000    	-0.58200280E-02	 0.18960770E-02
  2529.0000    	  2530.0000    	-0.47858541E-02	 0.14162285E-02
  2530.0000    	  2531.0000    	-0.12767137E-01	 0.29073463E-02
  2531.0000    	  2532.0000    	-0.11910951E-01	 0.21780139E-02
  2532.0000    	  2533.0000    	-0.14044838E-01	 0.26204338E-02
  2533.0000    	  2534.0000    	-0.15639339E-01	 0.21591434E-02
  2534.0000    	  2535.0000    	-0.11276302E-01	 0.19311972E-02
  2535.0000    	  2536.0000    	-0.12653757E-01	 0.20122501E-02
  2536.0000    	  2537.0000    	-0.85280554E-02	 0.19877608E-02
  2537.0000    	  2538.0000    	-0.89927096E-02	 0.19021743E-02
  2538.0000    	  2539.0000    	-0.71412246E-02	 0.18359763E-02
  2539.0000    	  2540.0000    	-0.64205253E-02	 0.18070322E-02
  2540.0000    	  2541.0000    	-0.56966419E-02	 0.15071454E-02
  2541.0000    	  2542.0000    	-0.12640415E-01	 0.23577055E-02
  2542.0000    	  2543.0000    	-0.11672292E-01	 0.24374351E-02
  2543.0000    	  2544.0000    	-0.12562699E-01	 0.25109287E-02
  2544.0000    	  2545.0000    	-0.12189588E-01	 0.21251920E-02
  2545.0000    	  2546.0000    	-0.95261545E-02	 0.17507584E-02
  2546.0000    	  2547.0000    	-0.11365694E-01	 0.22489879E-02
  2547.0000    	  2548.0000    	-0.10191928E-01	 0.18765473E-02
  2548.0000    	  2549.0000    	-0.10514240E-01	 0.17059578E-02
  2549.0000    	  2550.0000    	-0.89610515E-02	 0.22089552E-02
  2550.0000    	  2551.0000    	-0.73255142E-02	 0.17214988E-02
  2551.0000    	  2552.0000    	-0.38960890E-02	 0.14239607E-02
  2552.0000    	  2553.0000    	-0.18345740E-01	 0.26482162E-02
  2553.0000    	  2554.0000    	-0.12181569E-01	 0.22775044E-02
  2554.0000    	  2555.0000    	-0.10782626E-01	 0.22793045E-02
  2555.0000    	  2556.0000    	-0.49851973E-02	 0.22256715E-02
  2556.0000    	  2557.0000    	-0.13679860E-01	 0.18926113E-02
  2557.0000    	  2558.0000    	-0.10339714E-01	 0.18202867E-02
  2558.0000    	  2559.0000    	-0.10690799E-01	 0.19448440E-02
  2559.0000    	  2560.0000    	-0.69550322E-02	 0.18007844E-02
  2560.0000    	  2561.0000    	-0.77693247E-02	 0.20780313E-02
  2561.0000    	  2562.0000    	-0.91584679E-02	 0.18305699E-02
  2562.0000    	  2563.0000    	-0.37244001E-02	 0.15919932E-02
  2563.0000    	  2564.0000    	-0.16615007E-01	 0.24337353E-02
  2564.0000    	  2565.0000    	-0.10948206E-01	 0.23952010E-02
  2565.0000    	  2566.0000    	-0.15006049E-01	 0.22404733E-02
  2566.0000    	  2567.0000    	-0.12722646E-01	 0.22487139E-02
  2567.0000    	  2568.0000    	-0.11639102E-01	 0.20912608E-02
  2568.0000    	  2569.0000    	-0.87972315E-02	 0.17274225E-02
  2569.0000    	  2570.0000    	-0.11047910E-01	 0.18580723E-02
  2570.0000    	  2571.0000    	-0.10334860E-01	 0.16258866E-02
  2571.0000    	  2572.0000    	-0.82061654E-02	 0.18208028E-02
  2572.0000    	  2573.0000    	-0.62171898E-02	 0.14456308E-02
  2573.0000    	  2574.0000    	-0.63715567E-02	 0.15877830E-02
  2574.0000    	  2575.0000    	-0.13393679E-01	 0.18186076E-02
  2575.0000    	  2576.0000    	-0.13949755E-01	 0.23306321E-02
  2576.0000    	  2577.0000    	-0.10956186E-01	 0.23044967E-02
  2577.0000    	  2578.0000    	-0.10942699E-01	 0.19863614E-02
  2578.0000    	  2579.0000    	-0.75614657E-02	 0.20115494E-02
  2579.0000    	  2580.0000    	-0.11661959E-01	 0.20197583E-02
  2580.0000    	  2581.0000    	-0.85179328E-02	 0.17736742E-02
  2581.0000    	  2582.0000    	-0.10379701E-01	 0.15667029E-02
  2582.0000    	  2583.0000    	-0.81195416E-02	 0.18976992E-02
  2583.0000    	  2584.0000    	-0.47278468E-02	 0.11297033E-02
  2584.0000    	  2585.0000    	-0.42734145E-02	 0.15424813E-02
  2585.0000    	  2586.0000    	-0.82432092E-02	 0.27382239E-02
  2586.0000    	  2587.0000    	-0.11875722E-01	 0.22892650E-02
  2587.0000    	  2588.0000    	-0.15902011E-01	 0.22182238E-02
  2588.0000    	  2589.0000    	-0.12762921E-01	 0.20302875E-02
  2589.0000    	  2590.0000    	-0.12412868E-01	 0.19837012E-02
  2590.0000    	  2591.0000    	-0.12435169E-01	 0.16739189E-02
  2591.0000    	  2592.0000    	-0.10448734E-01	 0.17171786E-02
  2592.0000    	  2593.0000    	-0.96326203E-02	 0.20858626E-02
  2593.0000    	  2594.0000    	-0.82740543E-02	 0.18953085E-02
  2594.0000    	  2595.0000    	-0.67188460E-02	 0.16700229E-02
  2595.0000    	  2596.0000    	-0.48315327E-02	 0.15087823E-02
  2596.0000    	  2597.0000    	-0.10793442E-01	 0.24415289E-02
  2597.0000    	  2598.0000    	-0.10092690E-01	 0.22514691E-02
  2598.0000    	  2599.0000    	-0.14173043E-01	 0.21978820E-02
  2599.0000    	  2600.0000    	-0.10715871E-01	 0.22513250E-02
  2600.0000    	  2601.0000    	-0.11966416E-01	 0.19701163E-02
  2601.0000    	  2602.0000    	-0.93719785E-02	 0.19509503E-02
  2602.0000    	  2603.0000    	-0.93469849E-02	 0.17742147E-02
  2603.0000    	  2604.0000    	-0.71586944E-02	 0.18501504E-02
  2604.0000    	  2605.0000    	-0.63481554E-02	 0.18426593E-02
  2605.0000    	  2606.0000    	-0.56115793E-02	 0.15530003E-02
  2606.0000    	  2607.0000    	-0.44614462E-02	 0.15163837E-02
  2607.0000    	  2608.0000    	-0.12753770E-01	 0.21597525E-02
  2608.0000    	  2609.0000    	-0.11658901E-01	 0.23080988E-02
  2609.0000    	  2610.0000    	-0.90672938E-02	 0.20075228E-02
  2610.0000    	  2611.0000    	-0.15650127E-01	 0.22550531E-02
  2611.0000    	  2612.0000    	-0.14232658E-01	 0.19447589E-02
  2612.0000    	  2613.0000    	-0.97526237E-02	 0.18003091E-02
  2613.0000    	  2614.0000    	-0.91568983E-02	 0.18470855E-02
  2614.0000    	  2615.0000    	-0.89199974E-02	 0.19248522E-02
  2615.0000    	  2616.0000    	-0.90299424E-02	 0.18352518E-02
  2616.0000    	  2617.0000    	-0.58861016E-02	 0.16368948E-02
  2617.0000    	  2618.0000    	-0.19216070E-02	 0.13857179E-02
  2618.0000    	  2619.0000    	-0.10790611E-01	 0.22370140E-02
  2619.0000    	  2620.0000    	-0.83449896E-02	 0.20798357E-02
  2620.0000    	  2621.0000    	-0.13634860E-01	 0.21154900E-02
  2621.0000    	  2622.0000    	-0.11371937E-01	 0.22454867E-02
  2622.0000    	  2623.0000    	-0.92505552E-02	 0.19505121E-02
  2623.0000    	  2624.0000    	-0.99838122E-02	 0.20870243E-02
  2624.0000    	  2625.0000    	-0.10811611E-01	 0.16910082E-02
  2625.0000    	  2626.0000    	-0.88281239E-02	 0.16411577E-02
  2626.0000    	  2627.0000    	-0.56708100E-02	 0.18957699E-02
  2627.0000    	  2628.0000    	-0.68254489E-02	 0.13447304E-02
  2628.0000    	  2629.0000    	-0.26254536E-02	 0.14963274E-02
  2629.0000    	  2630.0000    	-0.16150965E-01	 0.26088236E-02
  2630.0000    	  2631.0000    	-0.10499934E-01	 0.19387788E-02
  2631.0000    	  2632.0000    	-0.12600640E-01	 0.22128919E-02
  2632.0000    	  2633.0000    	-0.11998108E-01	 0.20272069E-02
  2633.0000    	  2634.0000    	-0.87163514E-02	 0.20922996E-02
  2634.0000    	  2635.0000    	-0.50205694E-02	 0.19582273E-02
  2635.0000    	  2636.0000    	-0.10277554E-01	 0.17746322E-02
  2636.0000    	  2637.0000    	-0.71107603E-02	 0.18294629E-02
  2637.0000    	  2638.0000    	-0.84670381E-02	 0.17071714E-02
  2638.0000    	  2639.0000    	-0.83163841E-02	 0.16349231E-02
  2639.0000    	  2640.0000    	-0.26382694E-02	 0.12212933E-02
  2640.0000    	  2641.0000    	-0.10553985E-01	 0.22245375E-02
  2641.0000    	  2642.0000    	-0.12995121E-01	 0.19588491E-02
  2642.0000    	  2643.0000    	-0.13878696E-01	 0.21062262E-02
  2643.0000    	  2644.0000    	-0.10799529E-01	 0.21882459E-02
  2644.0000    	  2645.0000    	-0.94563186E-02	 0.17936387E-02
  2645.0000    	  2646.0000    	-0.12595321E-01	 0.17556343E-02
  2646.0000    	  2647.0000    	-0.92174403E-02	 0.15895997E-02
  2647.0000    	  2648.0000    	-0.89079664E-02	 0.15124306E-02
  2648.0000    	  2649.0000    	-0.66487585E-02	 0.17495636E-02
  2649.0000    	  2650.0000    	-0.74889199E-02	 0.20437228E-02
  2650.0000    	  2651.0000    	-0.30908958E-02	 0.14494589E-02
  2651.0000    	  2652.0000    	-0.10346478E-01	 0.21934638E-02
  2652.0000    	  2653.0000    	-0.10583723E-01	 0.22292446E-02
  2653.0000    	  2654.0000    	-0.10246927E-01	 0.18230538E-02
  2654.0000    	  2655.0000    	-0.96168617E-02	 0.20108743E-02
  2655.0000    	  2656.0000    	-0.12018827E-01	 0.19437428E-02
  2656.0000    	  2657.0000    	-0.12524570E-01	 0.18083259E-02
  2657.0000    	  2658.0000    	-0.83038382E-02	 0.18999662E-02
  2658.0000    	  2659.0000    	-0.98628698E-02	 0.15605192E-02
  2659.0000    	  2660.0000    	-0.10049368E-01	 0.19630130E-02
  2660.0000    	  2661.0000    	-0.55685940E-02	 0.15960279E-02
  2661.0000    	  2662.0000    	-0.30511646E-02	 0.14556707E-02
  2662.0000    	  2663.0000    	-0.10916050E-01	 0.18730911E-02
  2663.0000    	  2664.0000    	-0.12546098E-01	 0.20563608E-02
  2664.0000    	  2665.0000    	-0.11746484E-01	 0.21540139E-02
  2665.0000    	  2666.0000    	-0.11317281E-01	 0.18156879E-02
  2666.0000    	  2667.0000    	-0.88459000E-02	 0.19328583E-02
  2667.0000    	  2668.0000    	-0.69095055E-02	 0.17910873E-02
  2668.0000    	  2669.0000    	-0.80591939E-02	 0.19117011E-02
  2669.0000    	  2670.0000    	-0.85030287E-02	 0.16211093E-02
  2670.0000    	  2671.0000    	-0.41673591E-02	 0.16070808E-02
  2671.0000    	  2672.0000    	-0.54988697E-02	 0.16513973E-02
  2672.0000    	  2673.0000    	-0.10570349E-02	 0.14001165E-02
  2673.0000    	  2674.0000    	-0.11436615E-01	 0.23495627E-02
  2674.0000    	  2675.0000    	-0.11755987E-01	 0.23580231E-02
  2675.0000    	  2676.0000    	-0.11875441E-01	 0.22033720E-02
  2676.0000    	  2677.0000    	-0.10626598E-01	 0.19472460E-02
  2677.0000    	  2678.0000    	-0.11517977E-01	 0.16455793E-02
  2678.0000    	  2679.0000    	-0.10330283E-01	 0.17280446E-02
  2679.0000    	  2680.0000    	-0.65022459E-02	 0.16162320E-02
  2680.0000    	  2681.0000    	-0.57591644E-02	 0.16851831E-02
  2681.0000    	  2682.0000    	-0.69620661E-02	 0.16241896E-02
  2682.0000    	  2683.0000    	-0.71307798E-02	 0.15477693E-02
  2683.0000    	  2684.0000    	-0.63204159E-03	 0.14415875E-02
  2684.0000    	  2685.0000    	-0.78133307E-02	 0.23506250E-02
  2685.0000    	  2686.0000    	-0.11081243E-01	 0.21669188E-02
  2686.0000    	  2687.0000    	-0.11585930E-01	 0.19228352E-02
  2687.0000    	  2688.0000    	-0.12509573E-01	 0.18092172E-02
  2688.0000    	  2689.0000    	-0.93090212E-02	 0.17791101E-02
  2689.0000    	  2690.0000    	-0.87166356E-02	 0.16591734E-02
  2690.0000    	  2691.0000    	-0.82113704E-02	 0.18729521E-02
  2691.0000    	  2692.0000    	-0.70536622E-02	 0.16414997E-02
  2692.0000    	  2693.0000    	-0.77324588E-02	 0.15406614E-02
  2693.0000    	  2694.0000    	-0.30377811E-02	 0.14158655E-02
  2694.0000    	  2695.0000    	-0.39446122E-02	 0.13791349E-02
  2695.0000    	  2696.0000    	-0.11486643E-01	 0.15786235E-02
  2696.0000    	  2697.0000    	-0.10513626E-01	 0.19969280E-02
  2697.0000    	  2698.0000    	-0.10132346E-01	 0.20304079E-02
  2698.0000    	  2699.0000    	-0.10830273E-01	 0.17079933E-02
  2699.0000    	  2700.0000    	-0.96181126E-02	 0.17115272E-02
  2700.0000    	  2701.0000    	-0.65826459E-02	 0.16427569E-02
  2701.0000    	  2702.0000    	-0.11980849E-01	 0.18317763E-02
  2702.0000    	  2703.0000    	-0.66659927E-02	 0.16696394E-02
  2703.0000    	  2704.0000    	-0.43248768E-02	 0.17164230E-02
  2704.0000    	  2705.0000    	-0.72925099E-02	 0.13950026E-02
  2705.0000    	  2706.0000    	-0.31615912E-02	 0.15067153E-02
  2706.0000    	  2707.0000    	-0.74590178E-02	 0.18123440E-02
  2707.0000    	  2708.0000    	-0.85297861E-02	 0.22652158E-02
  2708.0000    	  2709.0000    	-0.13162377E-01	 0.18917867E-02
  2709.0000    	  2710.0000    	-0.11815487E-01	 0.18391782E-02
  2710.0000    	  2711.0000    	-0.11543768E-01	 0.16284516E-02
  2711.0000    	  2712.0000    	-0.11002008E-01	 0.16003197E-02
  2712.0000    	  2713.0000    	-0.83459808E-02	 0.16392097E-02
  2713.0000    	  2714.0000    	-0.10861424E-01	 0.16880417E-02
  2714.0000    	  2715.0000    	-0.83115658E-02	 0.16385606E-02
  2715.0000    	  2716.0000    	-0.49353071E-02	 0.14603151E-02
  2716.0000    	  2717.0000    	-0.42218228E-02	 0.13939668E-02
  2717.0000    	  2718.0000    	-0.14249108E-01	 0.20955782E-02
  2718.0000    	  2719.0000    	-0.13528038E-01	 0.21180305E-02
  2719.0000    	  2720.0000    	-0.10652688E-01	 0.17173753E-02
  2720.0000    	  2721.0000    	-0.65856092E-02	 0.17170130E-02
  2721.0000    	  2722.0000    	-0.10067516E-01	 0.16430226E-02
  2722.0000    	  2723.0000    	-0.88902857E-02	 0.16422944E-02
  2723.0000    	  2724.0000    	-0.11073654E-01	 0.17765086E-02
  2724.0000    	  2725.0000    	-0.84994232E-02	 0.14686627E-02
  2725.0000    	  2726.0000    	-0.54688227E-02	 0.15636350E-02
  2726.0000    	  2727.0000    	-0.32652858E-02	 0.10982396E-02
  2727.0000    	  2728.0000    	-0.24997080E-02	 0.12692651E-02
  2728.0000    	  2729.0000    	-0.76881698E-02	 0.17322474E-02
  2729.0000    	  2730.0000    	-0.10773261E-01	 0.18975132E-02
  2730.0000    	  2731.0000    	-0.99646783E-02	 0.16276176E-02
  2731.0000    	  2732.0000    	-0.12604607E-01	 0.17268894E-02
  2732.0000    	  2733.0000    	-0.72909743E-02	 0.17091739E-02
  2733.0000    	  2734.0000    	-0.91452797E-02	 0.15522244E-02
  2734.0000    	  2735.0000    	-0.62243235E-02	 0.16768483E-02
  2735.0000    	  2736.0000    	-0.86398584E-02	 0.16143490E-02
  2736.0000    	  2737.0000    	-0.64627561E-02	 0.15392432E-02
  2737.0000    	  2738.0000    	-0.32586198E-02	 0.15219917E-02
  2738.0000    	  2739.0000    	-0.35214547E-02	 0.12835551E-02
  2739.0000    	  2740.0000    	-0.10178906E-01	 0.20923355E-02
  2740.0000    	  2741.0000    	-0.10244307E-01	 0.20073319E-02
  2741.0000    	  2742.0000    	-0.91733761E-02	 0.17393315E-02
  2742.0000    	  2743.0000    	-0.10770611E-01	 0.19149405E-02
  2743.0000    	  2744.0000    	-0.10576764E-01	 0.18233821E-02
  2744.0000    	  2745.0000    	-0.10273891E-01	 0.15274936E-02
  2745.0000    	  2746.0000    	-0.75729001E-02	 0.15285072E-02
  2746.0000    	  2747.0000    	-0.56455265E-02	 0.14165804E-02
  2747.0000    	  2748.0000    	-0.83685176E-02	 0.15437228E-02
  2748.0000    	  2749.0000    	-0.40531508E-02	 0.16278495E-02
  2749.0000    	  2750.0000    	-0.11523037E-02	 0.13962590E-02
  2750.0000    	  2751.0000    	-0.12543083E-01	 0.19594935E-02
  2751.0000    	  2752.0000    	-0.11281720E-01	 0.19820693E-02
  2752.0000    	  2753.0000    	-0.73822290E-02	 0.17943233E-02
  2753.0000    	  2754.0000    	-0.93001701E-02	 0.17732409E-02
  2754.0000    	  2755.0000    	-0.71512834E-02	 0.17234102E-02
  2755.0000    	  2756.0000    	-0.84231147E-02	 0.15360395E-02
  2756.0000    	  2757.0000    	-0.83036253E-02	 0.16144534E-02
  2757.0000    	  2758.0000    	-0.70121014E-02	 0.15837632E-02
  2758.0000    	  2759.0000    	-0.56951093E-02	 0.15714072E-02
  2759.0000    	  2760.0000    	-0.41857274E-02	 0.13220763E-02
  2760.0000    	  2761.0000    	-0.19188733E-02	 0.13832019E-02
  2761.0000    	  2762.0000    	-0.38645940E-02	 0.18410598E-02
  2762.0000    	  2763.0000    	-0.75070113E-02	 0.16591022E-02
  2763.0000    	  2764.0000    	-0.11484741E-01	 0.17250298E-02
  2764.0000    	  2765.0000    	-0.10878244E-01	 0.16560829E-02
  2765.0000    	  2766.0000    	-0.68528399E-02	 0.16224807E-02
  2766.0000    	  2767.0000    	-0.61038582E-02	 0.14123938E-02
  2767.0000    	  2768.0000    	-0.86165780E-02	 0.14571182E-02
  2768.0000    	  2769.0000    	-0.11241399E-01	 0.17470240E-02
  2769.0000    	  2770.0000    	-0.63532165E-02	 0.14882242E-02
  2770.0000    	  2771.0000    	-0.71877851E-02	 0.15271268E-02
  2771.0000    	  2772.0000    	-0.28087116E-02	 0.12842651E-02
  2772.0000    	  2773.0000    	-0.74047439E-02	 0.17445615E-02
  2773.0000    	  2774.0000    	-0.10298399E-01	 0.18761727E-02
  2774.0000    	  2775.0000    	-0.11130375E-01	 0.15677444E-02
  2775.0000    	  2776.0000    	-0.80409892E-02	 0.16883595E-02
  2776.0000    	  2777.0000    	-0.99931123E-02	 0.17684785E-02
  2777.0000    	  2778.0000    	-0.93180200E-02	 0.14678390E-02
  2778.0000    	  2779.0000    	-0.80093618E-02	 0.17058400E-02
  2779.0000    	  2780.0000    	-0.78054637E-02	 0.16162676E-02
  2780.0000    	  2781.0000    	-0.48624294E-02	 0.15531887E-02
  2781.0000    	  2782.0000    	-0.10565345E-02	 0.13326313E-02
  2782.0000    	  2783.0000    	-0.22676904E-02	 0.11299026E-02
  2783.0000    	  2784.0000    	-0.83826801E-02	 0.18150599E-02
  2784.0000    	  2785.0000    	-0.70048636E-02	 0.15457111E-02
  2785.0000    	  2786.0000    	-0.99484217E-02	 0.16661035E-02
  2786.0000    	  2787.0000    	-0.82413716E-02	 0.15104626E-02
  2787.0000    	  2788.0000    	-0.90499647E-02	 0.18361779E-02
  2788.0000    	  2789.0000    	-0.94228268E-02	 0.17337224E-02
  2789.0000    	  2790.0000    	-0.66407430E-02	 0.16658750E-02
  2790.0000    	  2791.0000    	-0.57487465E-02	 0.16761619E-02
  2791.0000    	  2792.0000    	-0.56692756E-02	 0.15260418E-02
  2792.0000    	  2793.0000    	-0.44658030E-02	 0.12363688E-02
  2793.0000    	  2794.0000    	-0.35469450E-02	 0.10245938E-02
  2794.0000    	  2795.0000    	-0.10731881E-01	 0.19566426E-02
  2795.0000    	  2796.0000    	-0.10578841E-01	 0.17019434E-02
  2796.0000    	  2797.0000    	-0.10050118E-01	 0.16326703E-02
  2797.0000    	  2798.0000    	-0.67275099E-02	 0.15344741E-02
  2798.0000    	  2799.0000    	-0.96734562E-02	 0.17073381E-02
  2799.0000    	  2800.0000    	-0.76680665E-02	 0.18268696E-02
  2800.0000    	  2801.0000    	-0.74347868E-02	 0.17359332E-02
  2801.0000    	  2802.0000    	-0.73872820E-02	 0.15838994E-02
  2802.0000    	  2803.0000    	-0.56096556E-02	 0.14866868E-02
  2803.0000    	  2804.0000    	-0.20039926E-02	 0.12416304E-02
  2804.0000    	  2805.0000    	-0.23643419E-02	 0.97996656E-03
  2805.0000    	  2806.0000    	-0.31424741E-02	 0.13058012E-02
  2806.0000    	  2807.0000    	-0.13801038E-01	 0.17425403E-02
  2807.0000    	  2808.0000    	-0.84401312E-02	 0.15611662E-02
  2808.0000    	  2809.0000    	-0.82611966E-02	 0.16065881E-02
  2809.0000    	  2810.0000    	-0.70993139E-02	 0.15003090E-02
  2810.0000    	  2811.0000    	-0.58029095E-02	 0.16665986E-02
  2811.0000    	  2812.0000    	-0.97598223E-02	 0.16531417E-02
  2812.0000    	  2813.0000    	-0.60058334E-02	 0.14579231E-02
  2813.0000    	  2814.0000    	-0.36076128E-02	 0.15380083E-02
  2814.0000    	  2815.0000    	-0.42157496E-02	 0.12377814E-02
  2815.0000    	  2816.0000    	-0.93654397E-03	 0.12228729E-02
  2816.0000    	  2817.0000    	-0.70051463E-02	 0.18386893E-02
  2817.0000    	  2818.0000    	-0.74500627E-02	 0.15525956E-02
  2818.0000    	  2819.0000    	-0.10906326E-01	 0.19112933E-02
  2819.0000    	  2820.0000    	-0.56933885E-02	 0.15471791E-02
  2820.0000    	  2821.0000    	-0.68257687E-02	 0.15959045E-02
  2821.0000    	  2822.0000    	-0.89312777E-02	 0.16441236E-02
  2822.0000    	  2823.0000    	-0.74445444E-02	 0.15795162E-02
  2823.0000    	  2824.0000    	-0.56090540E-02	 0.14366536E-02
  2824.0000    	  2825.0000    	-0.59570475E-02	 0.14715023E-02
  2825.0000    	  2826.0000    	-0.67729659E-02	 0.12770701E-02
  2826.0000    	  2827.0000    	-0.11771447E-02	 0.11576799E-02
  2827.0000    	  2828.0000    	-0.95909692E-02	 0.20463260E-02
  2828.0000    	  2829.0000    	-0.64837948E-02	 0.14185847E-02
  2829.0000    	  2830.0000    	-0.87154676E-02	 0.18106116E-02
  2830.0000    	  2831.0000    	-0.96051655E-02	 0.14992890E-02
  2831.0000    	  2832.0000    	-0.78456480E-02	 0.12757805E-02
  2832.0000    	  2833.0000    	-0.90588247E-02	 0.16795720E-02
  2833.0000    	  2834.0000    	-0.81664840E-02	 0.17322193E-02
  2834.0000    	  2835.0000    	-0.65360373E-02	 0.15570177E-02
  2835.0000    	  2836.0000    	-0.74469887E-02	 0.14542062E-02
  2836.0000    	  2837.0000    	-0.24962983E-02	 0.12249220E-02
  2837.0000    	  2838.0000    	-0.22900983E-02	 0.10762540E-02
  2838.0000    	  2839.0000    	-0.76640204E-02	 0.17416647E-02
  2839.0000    	  2840.0000    	-0.10299666E-01	 0.16051987E-02
  2840.0000    	  2841.0000    	-0.90574173E-02	 0.14688775E-02
  2841.0000    	  2842.0000    	-0.66073431E-02	 0.13513643E-02
  2842.0000    	  2843.0000    	-0.11183396E-01	 0.16714353E-02
  2843.0000    	  2844.0000    	-0.65588830E-02	 0.14508600E-02
  2844.0000    	  2845.0000    	-0.49535658E-02	 0.15059369E-02
  2845.0000    	  2846.0000    	-0.74826131E-02	 0.14951361E-02
  2846.0000    	  2847.0000    	-0.57469640E-02	 0.14021067E-02
  2847.0000    	  2848.0000    	-0.41775842E-02	 0.13589132E-02
  2848.0000    	  2849.0000    	-0.10713314E-02	 0.11006556E-02
  2849.0000    	  2850.0000    	-0.10838743E-01	 0.17381157E-02
  2850.0000    	  2851.0000    	-0.63304206E-02	 0.17356911E-02
  2851.0000    	  2852.0000    	-0.75016022E-02	 0.14402783E-02
  2852.0000    	  2853.0000    	-0.69523796E-02	 0.15027176E-02
  2853.0000    	  2854.0000    	-0.47707446E-02	 0.15246329E-02
  2854.0000    	  2855.0000    	-0.86243991E-02	 0.14390990E-02
  2855.0000    	  2856.0000    	-0.54981394E-02	 0.13993896E-02
  2856.0000    	  2857.0000    	-0.73673382E-02	 0.16152544E-02
  2857.0000    	  2858.0000    	-0.54012265E-02	 0.12330210E-02
  2858.0000    	  2859.0000    	-0.61019754E-02	 0.14172992E-02
  2859.0000    	  2860.0000    	-0.10413633E-02	 0.10809579E-02
  2860.0000    	  2861.0000    	-0.80022378E-02	 0.14923876E-02
  2861.0000    	  2862.0000    	-0.70557342E-02	 0.16757096E-02
  2862.0000    	  2863.0000    	-0.11959651E-01	 0.15411196E-02
  2863.0000    	  2864.0000    	-0.57520381E-02	 0.14228607E-02
  2864.0000    	  2865.0000    	-0.91528068E-02	 0.15526503E-02
  2865.0000    	  2866.0000    	-0.80083590E-02	 0.14427233E-02
  2866.0000    	  2867.0000    	-0.10059422E-01	 0.15792008E-02
  2867.0000    	  2868.0000    	-0.79913699E-02	 0.12903921E-02
  2868.0000    	  2869.0000    	-0.70097834E-02	 0.13383533E-02
  2869.0000    	  2870.0000    	-0.20796334E-02	 0.12686380E-02
  2870.0000    	  2871.0000    	-0.33404191E-02	 0.11646621E-02
  2871.0000    	  2872.0000    	-0.81983605E-02	 0.13180975E-02
  2872.0000    	  2873.0000    	-0.79163704E-02	 0.14305282E-02
  2873.0000    	  2874.0000    	-0.80219401E-02	 0.13754858E-02
  2874.0000    	  2875.0000    	-0.13673698E-01	 0.15434496E-02
  2875.0000    	  2876.0000    	-0.69893036E-02	 0.13906485E-02
  2876.0000    	  2877.0000    	-0.54997583E-02	 0.12046120E-02
  2877.0000    	  2878.0000    	-0.55282548E-02	 0.15431979E-02
  2878.0000    	  2879.0000    	-0.74260273E-02	 0.14279860E-02
  2879.0000    	  2880.0000    	-0.75634111E-02	 0.13513649E-02
  2880.0000    	  2881.0000    	-0.62619583E-02	 0.11452554E-02
  2881.0000    	  2882.0000    	-0.25854073E-02	 0.10464466E-02
  2882.0000    	  2883.0000    	-0.83796624E-02	 0.19209443E-02
  2883.0000    	  2884.0000    	-0.74929945E-02	 0.17961099E-02
  2884.0000    	  2885.0000    	-0.62717868E-02	 0.15756511E-02
  2885.0000    	  2886.0000    	-0.53883873E-02	 0.15483666E-02
  2886.0000    	  2887.0000    	-0.83739606E-02	 0.12983121E-02
  2887.0000    	  2888.0000    	-0.65954435E-02	 0.13582750E-02
  2888.0000    	  2889.0000    	-0.75287172E-02	 0.13661001E-02
  2889.0000    	  2890.0000    	-0.94518988E-02	 0.16471258E-02
  2890.0000    	  2891.0000    	-0.36338043E-02	 0.14051370E-02
  2891.0000    	  2892.0000    	-0.29991182E-02	 0.13080756E-02
  2892.0000    	  2893.0000    	-0.40041740E-02	 0.11605598E-02
  2893.0000    	  2894.0000    	-0.65498582E-02	 0.18153112E-02
  2894.0000    	  2895.0000    	-0.29899164E-02	 0.18804705E-02
  2895.0000    	  2896.0000    	-0.99235488E-02	 0.16315093E-02
  2896.0000    	  2897.0000    	-0.51418354E-02	 0.14822324E-02
  2897.0000    	  2898.0000    	-0.92041208E-02	 0.14225845E-02
  2898.0000    	  2899.0000    	-0.69379397E-02	 0.15130596E-02
  2899.0000    	  2900.0000    	-0.58510286E-02	 0.12590383E-02
  2900.0000    	  2901.0000    	-0.37985144E-02	 0.16801249E-02
  2901.0000    	  2902.0000    	-0.90087697E-02	 0.15561082E-02
  2902.0000    	  2903.0000    	-0.51569506E-02	 0.10572902E-02
  2903.0000    	  2904.0000    	-0.64019218E-03	 0.12004523E-02
  2904.0000    	  2905.0000    	-0.55497980E-02	 0.16922266E-02
  2905.0000    	  2906.0000    	-0.62569135E-02	 0.15754388E-02
  2906.0000    	  2907.0000    	-0.61816670E-02	 0.12858208E-02
  2907.0000    	  2908.0000    	-0.82412748E-02	 0.13504340E-02
  2908.0000    	  2909.0000    	-0.71410751E-02	 0.16382785E-02
  2909.0000    	  2910.0000    	-0.54363060E-02	 0.12912999E-02
  2910.0000    	  2911.0000    	-0.77865936E-02	 0.13420461E-02
  2911.0000    	  2912.0000    	-0.57383979E-02	 0.15143236E-02
  2912.0000    	  2913.0000    	-0.22297357E-02	 0.11644337E-02
  2913.0000    	  2914.0000    	-0.26653130E-02	 0.11036079E-02
  2914.0000    	  2915.0000    	-0.19547530E-02	 0.11445577E-02
  2915.0000    	  2916.0000    	-0.53761936E-02	 0.15555883E-02
  2916.0000    	  2917.0000    	-0.64385513E-02	 0.15316243E-02
  2917.0000    	  2918.0000    	-0.91854904E-02	 0.14292048E-02
  2918.0000    	  2919.0000    	-0.67042651E-02	 0.11400604E-02
  2919.0000    	  2920.0000    	-0.48538177E-02	 0.14487474E-02
  2920.0000    	  2921.0000    	-0.65289212E-02	 0.13589843E-02
  2921.0000    	  2922.0000    	-0.57587951E-02	 0.13422380E-02
  2922.0000    	  2923.0000    	-0.64314825E-02	 0.14066716E-02
  2923.0000    	  2924.0000    	-0.65706467E-02	 0.14580793E-02
  2924.0000    	  2925.0000    	-0.44735560E-02	 0.10554879E-02
  2925.0000    	  2926.0000    	-0.11857944E-02	 0.11044367E-02
  2926.0000    	  2927.0000    	-0.73227089E-02	 0.14781562E-02
  2927.0000    	  2928.0000    	-0.71020793E-02	 0.15680833E-02
  2928.0000    	  2929.0000    	-0.59071376E-02	 0.12615788E-02
  2929.0000    	  2930.0000    	-0.79180257E-02	 0.14499689E-02
  2930.0000    	  2931.0000    	-0.85138710E-02	 0.14712028E-02
  2931.0000    	  2932.0000    	-0.71455090E-02	 0.13958509E-02
  2932.0000    	  2933.0000    	-0.59603136E-02	 0.15606733E-02
  2933.0000    	  2934.0000    	-0.28092636E-02	 0.14024746E-02
  2934.0000    	  2935.0000    	-0.47233528E-02	 0.12415524E-02
  2935.0000    	  2936.0000    	-0.32774795E-02	 0.11828522E-02
  2936.0000    	  2937.0000    	-0.14228378E-02	 0.94275275E-03
  2937.0000    	  2938.0000    	-0.83498142E-02	 0.15485313E-02
  2938.0000    	  2939.0000    	-0.99966185E-02	 0.15680853E-02
  2939.0000    	  2940.0000    	-0.73731400E-02	 0.14243436E-02
  2940.0000    	  2941.0000    	-0.70379075E-02	 0.14071471E-02
  2941.0000    	  2942.0000    	-0.49282566E-02	 0.14062078E-02
  2942.0000    	  2943.0000    	-0.48957355E-02	 0.14534320E-02
  2943.0000    	  2944.0000    	-0.59870818E-02	 0.14150310E-02
  2944.0000    	  2945.0000    	-0.38360322E-02	 0.15537326E-02
  2945.0000    	  2946.0000    	-0.42183673E-02	 0.13242036E-02
  2946.0000    	  2947.0000    	-0.23270026E-02	 0.11048039E-02
  2947.0000    	  2948.0000    	-0.26625075E-02	 0.11981991E-02
  2948.0000    	  2949.0000    	-0.84731726E-02	 0.15126115E-02
  2949.0000    	  2950.0000    	-0.69415324E-02	 0.14918483E-02
  2950.0000    	  2951.0000    	-0.64082497E-02	 0.13604911E-02
  2951.0000    	  2952.0000    	-0.60130654E-02	 0.13038369E-02
  2952.0000    	  2953.0000    	-0.66246987E-02	 0.13405258E-02
  2953.0000    	  2954.0000    	-0.45426339E-02	 0.14582018E-02
  2954.0000    	  2955.0000    	-0.55772313E-02	 0.12614841E-02
  2955.0000    	  2956.0000    	-0.51839658E-02	 0.14292378E-02
  2956.0000    	  2957.0000    	-0.59645085E-02	 0.12757384E-02
  2957.0000    	  2958.0000    	-0.32922297E-02	 0.12019618E-02
  2958.0000    	  2959.0000    	-0.43619428E-03	 0.11026312E-02
  2959.0000    	  2960.0000    	-0.61996223E-02	 0.13285647E-02
  2960.0000    	  2961.0000    	-0.59700293E-02	 0.14399662E-02
  2961.0000    	  2962.0000    	-0.67574208E-02	 0.16562295E-02
  2962.0000    	  2963.0000    	-0.97791061E-02	 0.15150762E-02
  2963.0000    	  2964.0000    	-0.88065267E-02	 0.14248213E-02
  2964.0000    	  2965.0000    	-0.62100790E-02	 0.13876825E-02
  2965.0000    	  2966.0000    	-0.60622035E-02	 0.12931809E-02
  2966.0000    	  2967.0000    	-0.47106656E-02	 0.13345082E-02
  2967.0000    	  2968.0000    	-0.37759369E-02	 0.12242223E-02
  2968.0000    	  2969.0000    	-0.31385050E-02	 0.93338146E-03
  2969.0000    	  2970.0000    	-0.30802431E-02	 0.93704256E-03
  2970.0000    	  2971.0000    	-0.31045460E-02	 0.61783938E-03
  2971.0000    	  2972.0000    	-0.49719172E-02	 0.12132485E-02
  2972.0000    	  2973.0000    	-0.67125956E-02	 0.14527115E-02
  2973.0000    	  2974.0000    	-0.70274482E-02	 0.11806492E-02
  2974.0000    	  2975.0000    	-0.79839276E-02	 0.13354526E-02
  2975.0000    	  2976.0000    	-0.71988561E-02	 0.13313545E-02
  2976.0000    	  2977.0000    	-0.58215707E-02	 0.14135652E-02
  2977.0000    	  2978.0000    	-0.38926772E-02	 0.13828189E-02
  2978.0000    	  2979.0000    	-0.33787999E-02	 0.11833004E-02
  2979.0000    	  2980.0000    	-0.45095144E-02	 0.11297516E-02
  2980.0000    	  2981.0000    	 0.86295047E-03	 0.10153599E-02
  2981.0000    	  2982.0000    	-0.64225486E-02	 0.12977298E-02
  2982.0000    	  2983.0000    	-0.71588410E-02	 0.14196263E-02
  2983.0000    	  2984.0000    	-0.55954126E-02	 0.11761264E-02
  2984.0000    	  2985.0000    	-0.60075925E-02	 0.13334278E-02
  2985.0000    	  2986.0000    	-0.64455846E-02	 0.12680891E-02
  2986.0000    	  2987.0000    	-0.72577159E-02	 0.12205060E-02
  2987.0000    	  2988.0000    	-0.61673201E-02	 0.11858330E-02
  2988.0000    	  2989.0000    	-0.64071748E-02	 0.14094590E-02
  2989.0000    	  2990.0000    	-0.28874660E-02	 0.13841531E-02
  2990.0000    	  2991.0000    	-0.25842997E-02	 0.10237472E-02
  2991.0000    	  2992.0000    	 0.23202796E-03	 0.95434559E-03
  2992.0000    	  2993.0000    	-0.67728689E-02	 0.15475706E-02
  2993.0000    	  2994.0000    	-0.85785564E-02	 0.13192360E-02
  2994.0000    	  2995.0000    	-0.67157712E-02	 0.14432559E-02
  2995.0000    	  2996.0000    	-0.66894284E-02	 0.12327611E-02
  2996.0000    	  2997.0000    	-0.51215763E-02	 0.13051645E-02
  2997.0000    	  2998.0000    	-0.56828116E-02	 0.13064158E-02
  2998.0000    	  2999.0000    	-0.75334033E-02	 0.13309132E-02
  2999.0000    	  3000.0000    	-0.79814784E-02	 0.13960027E-02
  3000.0000    	  3001.0000    	-0.72479397E-02	 0.11436432E-02
  3001.0000    	  3002.0000    	-0.29926139E-02	 0.11336263E-02
  3002.0000    	  3003.0000    	-0.14349285E-02	 0.11091091E-02
  3003.0000    	  3004.0000    	-0.53721161E-02	 0.14485755E-02
  3004.0000    	  3005.0000    	-0.67081793E-02	 0.14528978E-02
  3005.0000    	  3006.0000    	-0.70541744E-02	 0.14147365E-02
  3006.0000    	  3007.0000    	-0.52845007E-02	 0.12939014E-02
  3007.0000    	  3008.0000    	-0.62172204E-02	 0.13744975E-02
  3008.0000    	  3009.0000    	-0.90957805E-02	 0.12199154E-02
  3009.0000    	  3010.0000    	-0.65219770E-02	 0.13795109E-02
  3010.0000    	  3011.0000    	-0.40482136E-02	 0.13449604E-02
  3011.0000    	  3012.0000    	-0.37894778E-02	 0.10847871E-02
  3012.0000    	  3013.0000    	-0.17395147E-02	 0.11117345E-02
  3013.0000    	  3014.0000    	-0.12818551E-02	 0.11433532E-02
  3014.0000    	  3015.0000    	-0.85058913E-02	 0.15116341E-02
  3015.0000    	  3016.0000    	-0.61751653E-02	 0.13427787E-02
  3016.0000    	  3017.0000    	-0.48556865E-02	 0.11677405E-02
  3017.0000    	  3018.0000    	-0.67146278E-02	 0.11424255E-02
  3018.0000    	  3019.0000    	-0.50953221E-02	 0.12633311E-02
  3019.0000    	  3020.0000    	-0.53959252E-02	 0.13367171E-02
  3020.0000    	  3021.0000    	-0.56341454E-02	 0.13210789E-02
  3021.0000    	  3022.0000    	-0.40594649E-02	 0.12011275E-02
  3022.0000    	  3023.0000    	-0.27634430E-02	 0.11328460E-02
  3023.0000    	  3024.0000    	-0.28533591E-02	 0.98816567E-03
  3024.0000    	  3025.0000    	-0.63973362E-03	 0.67758948E-03
  3025.0000    	  3026.0000    	-0.51839059E-02	 0.12870919E-02
  3026.0000    	  3027.0000    	-0.55213224E-02	 0.74231374E-03
  3027.0000    	  3028.0000    	-0.50936107E-02	 0.11389868E-02
  3028.0000    	  3029.0000    	-0.51798063E-02	 0.11709196E-02
  3029.0000    	  3030.0000    	-0.79521291E-02	 0.13228137E-02
  3030.0000    	  3031.0000    	-0.68918314E-02	 0.15101147E-02
  3031.0000    	  3032.0000    	-0.72786518E-02	 0.12822467E-02
  3032.0000    	  3033.0000    	-0.43173461E-02	 0.13324552E-02
  3033.0000    	  3034.0000    	-0.41806797E-02	 0.11155326E-02
  3034.0000    	  3035.0000    	-0.15162482E-02	 0.98894598E-03
  3035.0000    	  3036.0000    	-0.21845745E-02	 0.10246298E-02
  3036.0000    	  3037.0000    	-0.79862102E-02	 0.14535538E-02
  3037.0000    	  3038.0000    	-0.76711135E-02	 0.14025783E-02
  3038.0000    	  3039.0000    	-0.66020956E-02	 0.12610157E-02
  3039.0000    	  3040.0000    	-0.80543124E-02	 0.12507362E-02
  3040.0000    	  3041.0000    	-0.68895916E-02	 0.13009176E-02
  3041.0000    	  3042.0000    	-0.54446728E-02	 0.13181231E-02
  3042.0000    	  3043.0000    	-0.38451450E-02	 0.11645673E-02
  3043.0000    	  3044.0000    	-0.54288393E-02	 0.13250288E-02
  3044.0000    	  3045.0000    	-0.46071680E-02	 0.11452444E-02
  3045.0000    	  3046.0000    	-0.27893053E-02	 0.10353106E-02
  3046.0000    	  3047.0000    	-0.10083333E-02	 0.84403700E-03
  3047.0000    	  3048.0000    	-0.89270344E-02	 0.14934533E-02
  3048.0000    	  3049.0000    	-0.34764398E-02	 0.10552575E-02
  3049.0000    	  3050.0000    	-0.54243544E-02	 0.11952171E-02
  3050.0000    	  3051.0000    	-0.51305238E-02	 0.12282195E-02
  3051.0000    	  3052.0000    	-0.38607548E-02	 0.12551783E-02
  3052.0000    	  3053.0000    	-0.60044340E-02	 0.11511574E-02
  3053.0000    	  3054.0000    	-0.67506510E-02	 0.12534342E-02
  3054.0000    	  3055.0000    	-0.63584486E-02	 0.12325194E-02
  3055.0000    	  3056.0000    	-0.41538175E-02	 0.11100852E-02
  3056.0000    	  3057.0000    	-0.45353696E-03	 0.99712199E-03
  3057.0000    	  3058.0000    	-0.33647618E-03	 0.88246967E-03
  3058.0000    	  3059.0000    	-0.74016148E-02	 0.14519967E-02
  3059.0000    	  3060.0000    	-0.74934682E-02	 0.13268880E-02
  3060.0000    	  3061.0000    	-0.56288628E-02	 0.12466538E-02
  3061.0000    	  3062.0000    	-0.64734628E-02	 0.10772032E-02
  3062.0000    	  3063.0000    	-0.48093904E-02	 0.11846361E-02
  3063.0000    	  3064.0000    	-0.27395605E-02	 0.12624212E-02
  3064.0000    	  3065.0000    	-0.39012894E-02	 0.13537293E-02
  3065.0000    	  3066.0000    	-0.28900160E-02	 0.11178622E-02
  3066.0000    	  3067.0000    	-0.84983682E-03	 0.10561602E-02
  3067.0000    	  3068.0000    	-0.24861916E-02	 0.92216300E-03
  3068.0000    	  3069.0000    	-0.13093923E-02	 0.80438897E-03
  3069.0000    	  3070.0000    	-0.52004663E-02	 0.14688175E-02
  3070.0000    	  3071.0000    	-0.60348604E-02	 0.14159488E-02
  3071.0000    	  3072.0000    	-0.78204864E-02	 0.12178910E-02
  3072.0000    	  3073.0000    	-0.60317967E-02	 0.11910910E-02
  3073.0000    	  3074.0000    	-0.48773000E-02	 0.11607168E-02
  3074.0000    	  3075.0000    	-0.36987684E-02	 0.12507798E-02
  3075.0000    	  3076.0000    	-0.54065444E-02	 0.12895724E-02
  3076.0000    	  3077.0000    	-0.71022208E-02	 0.12496215E-02
  3077.0000    	  3078.0000    	-0.36940901E-02	 0.12286176E-02
  3078.0000    	  3079.0000    	-0.12745625E-02	 0.11037593E-02
  3079.0000    	  3080.0000    	-0.36807989E-04	 0.68402020E-03
  3080.0000    	  3081.0000    	-0.65147780E-02	 0.13673449E-02
  3081.0000    	  3082.0000    	-0.53430647E-02	 0.13781872E-02
  3082.0000    	  3083.0000    	-0.60475914E-02	 0.12571446E-02
  3083.0000    	  3084.0000    	-0.33789257E-02	 0.11947379E-02
  3084.0000    	  3085.0000    	-0.73379732E-02	 0.11127426E-02
  3085.0000    	  3086.0000    	-0.59913562E-02	 0.12479730E-02
  3086.0000    	  3087.0000    	-0.40739913E-02	 0.12779709E-02
  3087.0000    	  3088.0000    	-0.45619837E-02	 0.11370044E-02
  3088.0000    	  3089.0000    	-0.32681512E-02	 0.10945919E-02
  3089.0000    	  3090.0000    	-0.30437813E-02	 0.11519826E-02
  3090.0000    	  3091.0000    	-0.75052919E-03	 0.76457144E-03
  3091.0000    	  3092.0000    	-0.61484779E-02	 0.14014217E-02
  3092.0000    	  3093.0000    	-0.51989901E-02	 0.14594150E-02
  3093.0000    	  3094.0000    	-0.63605088E-02	 0.11123602E-02
  3094.0000    	  3095.0000    	-0.53412968E-02	 0.12648587E-02
  3095.0000    	  3096.0000    	-0.30894065E-02	 0.10913819E-02
  3096.0000    	  3097.0000    	-0.60050979E-02	 0.12887738E-02
  3097.0000    	  3098.0000    	-0.55160726E-02	 0.10741712E-02
  3098.0000    	  3099.0000    	-0.20290057E-02	 0.11357610E-02
  3099.0000    	  3100.0000    	-0.42085724E-02	 0.11681714E-02
  3100.0000    	  3101.0000    	-0.25121683E-02	 0.96865962E-03
  3101.0000    	  3102.0000    	-0.13423233E-02	 0.93472310E-03
  3102.0000    	  3103.0000    	-0.46934556E-02	 0.10244532E-02
  3103.0000    	  3104.0000    	-0.38758320E-02	 0.10313627E-02
  3104.0000    	  3105.0000    	-0.43162763E-02	 0.83427293E-03
  3105.0000    	  3106.0000    	-0.57144995E-02	 0.12621439E-02
  3106.0000    	  3107.0000    	-0.33623596E-02	 0.10875359E-02
  3107.0000    	  3108.0000    	-0.58760450E-02	 0.10230818E-02
  3108.0000    	  3109.0000    	-0.62313944E-02	 0.11246223E-02
  3109.0000    	  3110.0000    	-0.56734423E-02	 0.11774398E-02
  3110.0000    	  3111.0000    	-0.37558396E-02	 0.10592832E-02
  3111.0000    	  3112.0000    	-0.25506683E-02	 0.10287152E-02
  3112.0000    	  3113.0000    	-0.18953269E-02	 0.87808289E-03
  3113.0000    	  3114.0000    	-0.58656424E-02	 0.11739015E-02
  3114.0000    	  3115.0000    	-0.59930159E-02	 0.11760014E-02
  3115.0000    	  3116.0000    	-0.23054036E-02	 0.10765308E-02
  3116.0000    	  3117.0000    	-0.43031077E-02	 0.97971653E-03
  3117.0000    	  3118.0000    	-0.47155624E-02	 0.10786594E-02
  3118.0000    	  3119.0000    	-0.23185884E-02	 0.11337030E-02
  3119.0000    	  3120.0000    	-0.69335316E-02	 0.12330728E-02
  3120.0000    	  3121.0000    	-0.39323690E-02	 0.12274327E-02
  3121.0000    	  3122.0000    	-0.27664752E-02	 0.10635893E-02
  3122.0000    	  3123.0000    	-0.51212267E-04	 0.10139748E-02
  3123.0000    	  3124.0000    	-0.19293927E-03	 0.90947923E-03
