# xi4
# underflow	 -14.497315    	 0.72226823E-01
# overflow	 0.10234030    	 0.88750680E-02
# sum	 -7.0137502    	 0.10740458    
# xmin	xmax	cross	numerror
  2024.0000    	  2025.0000    	 0.42204793E-02	 0.39763437E-02
  2025.0000    	  2026.0000    	 0.14752317E-01	 0.33354268E-02
  2026.0000    	  2027.0000    	 0.18313284E-01	 0.37987874E-02
  2027.0000    	  2028.0000    	 0.24447053E-01	 0.37346040E-02
  2028.0000    	  2029.0000    	 0.21077513E-01	 0.40732445E-02
  2029.0000    	  2030.0000    	 0.28309912E-01	 0.42783037E-02
  2030.0000    	  2031.0000    	 0.24485122E-01	 0.41642730E-02
  2031.0000    	  2032.0000    	 0.17969538E-01	 0.40269972E-02
  2032.0000    	  2033.0000    	 0.14039610E-01	 0.36195565E-02
  2033.0000    	  2034.0000    	-0.21990470E-03	 0.35433378E-02
  2034.0000    	  2035.0000    	 0.90107448E-02	 0.30954093E-02
  2035.0000    	  2036.0000    	 0.57575876E-02	 0.33877897E-02
  2036.0000    	  2037.0000    	 0.12579580E-01	 0.40118916E-02
  2037.0000    	  2038.0000    	 0.14254167E-01	 0.38070560E-02
  2038.0000    	  2039.0000    	 0.16995470E-01	 0.39115975E-02
  2039.0000    	  2040.0000    	 0.20818102E-01	 0.43258215E-02
  2040.0000    	  2041.0000    	 0.13721125E-01	 0.43586551E-02
  2041.0000    	  2042.0000    	 0.23540868E-01	 0.41705990E-02
  2042.0000    	  2043.0000    	 0.19515586E-01	 0.43003139E-02
  2043.0000    	  2044.0000    	 0.90527156E-02	 0.40151438E-02
  2044.0000    	  2045.0000    	 0.11685895E-01	 0.39240901E-02
  2045.0000    	  2046.0000    	-0.32623137E-02	 0.27666897E-02
  2046.0000    	  2047.0000    	 0.14381919E-02	 0.33212147E-02
  2047.0000    	  2048.0000    	 0.36999119E-02	 0.30674713E-02
  2048.0000    	  2049.0000    	 0.20171210E-01	 0.37752818E-02
  2049.0000    	  2050.0000    	 0.22427613E-01	 0.39581334E-02
  2050.0000    	  2051.0000    	 0.31371076E-01	 0.50493285E-02
  2051.0000    	  2052.0000    	 0.23532797E-01	 0.33338381E-02
  2052.0000    	  2053.0000    	 0.22614744E-01	 0.42910649E-02
  2053.0000    	  2054.0000    	 0.27345304E-02	 0.37857110E-02
  2054.0000    	  2055.0000    	 0.11834972E-01	 0.35973672E-02
  2055.0000    	  2056.0000    	 0.16638355E-01	 0.36070259E-02
  2056.0000    	  2057.0000    	 0.18726138E-02	 0.26462417E-02
  2057.0000    	  2058.0000    	 0.24527703E-02	 0.31525981E-02
  2058.0000    	  2059.0000    	-0.25243730E-02	 0.36143105E-02
  2059.0000    	  2060.0000    	 0.14435533E-01	 0.40808969E-02
  2060.0000    	  2061.0000    	 0.12482037E-01	 0.39435618E-02
  2061.0000    	  2062.0000    	 0.13659145E-01	 0.41497241E-02
  2062.0000    	  2063.0000    	 0.14525870E-01	 0.42970054E-02
  2063.0000    	  2064.0000    	 0.20612342E-01	 0.41488055E-02
  2064.0000    	  2065.0000    	 0.25068396E-01	 0.37916103E-02
  2065.0000    	  2066.0000    	 0.22708775E-01	 0.38175969E-02
  2066.0000    	  2067.0000    	-0.24759376E-02	 0.31230915E-02
  2067.0000    	  2068.0000    	 0.90124868E-02	 0.34046764E-02
  2068.0000    	  2069.0000    	 0.97514328E-02	 0.29403337E-02
  2069.0000    	  2070.0000    	 0.19895253E-01	 0.34535608E-02
  2070.0000    	  2071.0000    	 0.20414979E-01	 0.38674794E-02
  2071.0000    	  2072.0000    	 0.16378434E-01	 0.35695045E-02
  2072.0000    	  2073.0000    	 0.24319155E-01	 0.38511877E-02
  2073.0000    	  2074.0000    	 0.16928973E-01	 0.35511427E-02
  2074.0000    	  2075.0000    	 0.19292757E-01	 0.45556958E-02
  2075.0000    	  2076.0000    	 0.12402638E-01	 0.38778398E-02
  2076.0000    	  2077.0000    	 0.13353943E-01	 0.34719533E-02
  2077.0000    	  2078.0000    	 0.93958468E-02	 0.32197787E-02
  2078.0000    	  2079.0000    	 0.16724608E-03	 0.30244459E-02
  2079.0000    	  2080.0000    	 0.96456554E-02	 0.36165911E-02
  2080.0000    	  2081.0000    	 0.22339495E-01	 0.40398497E-02
  2081.0000    	  2082.0000    	 0.14565974E-01	 0.38053031E-02
  2082.0000    	  2083.0000    	 0.20729858E-01	 0.36258299E-02
  2083.0000    	  2084.0000    	 0.13224293E-01	 0.37796610E-02
  2084.0000    	  2085.0000    	 0.23527937E-01	 0.38821030E-02
  2085.0000    	  2086.0000    	 0.10384415E-01	 0.38755178E-02
  2086.0000    	  2087.0000    	 0.14008067E-01	 0.35233640E-02
  2087.0000    	  2088.0000    	 0.67605917E-02	 0.37733050E-02
  2088.0000    	  2089.0000    	 0.63196630E-02	 0.31963169E-02
  2089.0000    	  2090.0000    	-0.14911905E-02	 0.32721292E-02
  2090.0000    	  2091.0000    	 0.13750767E-01	 0.34402717E-02
  2091.0000    	  2092.0000    	 0.30090280E-02	 0.33739267E-02
  2092.0000    	  2093.0000    	 0.16235037E-01	 0.38437695E-02
  2093.0000    	  2094.0000    	 0.16436086E-01	 0.33358965E-02
  2094.0000    	  2095.0000    	 0.15844308E-01	 0.40206587E-02
  2095.0000    	  2096.0000    	 0.10688811E-01	 0.40227560E-02
  2096.0000    	  2097.0000    	 0.18132135E-01	 0.40609354E-02
  2097.0000    	  2098.0000    	 0.16217235E-01	 0.35563846E-02
  2098.0000    	  2099.0000    	 0.54921848E-02	 0.38341036E-02
  2099.0000    	  2100.0000    	 0.95505217E-02	 0.32340853E-02
  2100.0000    	  2101.0000    	 0.47822170E-02	 0.32406484E-02
  2101.0000    	  2102.0000    	 0.65588032E-02	 0.28382278E-02
  2102.0000    	  2103.0000    	 0.13117957E-01	 0.35477570E-02
  2103.0000    	  2104.0000    	 0.14959356E-01	 0.35180031E-02
  2104.0000    	  2105.0000    	 0.16168946E-01	 0.36765892E-02
  2105.0000    	  2106.0000    	 0.20000565E-01	 0.39765133E-02
  2106.0000    	  2107.0000    	 0.15974963E-01	 0.37584527E-02
  2107.0000    	  2108.0000    	 0.11959641E-01	 0.45170703E-02
  2108.0000    	  2109.0000    	 0.19311010E-01	 0.35817283E-02
  2109.0000    	  2110.0000    	 0.13395334E-01	 0.36589377E-02
  2110.0000    	  2111.0000    	 0.11465036E-01	 0.24947312E-02
  2111.0000    	  2112.0000    	 0.82311654E-02	 0.15012593E-02
  2112.0000    	  2113.0000    	 0.94181219E-02	 0.30897024E-02
  2113.0000    	  2114.0000    	 0.28311349E-02	 0.30716486E-02
  2114.0000    	  2115.0000    	 0.13568430E-01	 0.30940822E-02
  2115.0000    	  2116.0000    	 0.15649944E-01	 0.36149281E-02
  2116.0000    	  2117.0000    	 0.19216111E-01	 0.40349952E-02
  2117.0000    	  2118.0000    	 0.12248669E-01	 0.34705160E-02
  2118.0000    	  2119.0000    	 0.24109078E-01	 0.36767620E-02
  2119.0000    	  2120.0000    	 0.13429077E-01	 0.31209267E-02
  2120.0000    	  2121.0000    	 0.11480963E-01	 0.33837795E-02
  2121.0000    	  2122.0000    	 0.11360059E-01	 0.32236447E-02
  2122.0000    	  2123.0000    	 0.84558323E-02	 0.30556523E-02
  2123.0000    	  2124.0000    	 0.74444616E-02	 0.28988451E-02
  2124.0000    	  2125.0000    	 0.78648888E-02	 0.29125578E-02
  2125.0000    	  2126.0000    	 0.43221689E-02	 0.30912598E-02
  2126.0000    	  2127.0000    	 0.94737147E-02	 0.36154678E-02
  2127.0000    	  2128.0000    	 0.18370204E-01	 0.35602536E-02
  2128.0000    	  2129.0000    	 0.22821347E-01	 0.38930373E-02
  2129.0000    	  2130.0000    	 0.12300947E-01	 0.41480280E-02
  2130.0000    	  2131.0000    	 0.14618727E-01	 0.34379072E-02
  2131.0000    	  2132.0000    	 0.16857379E-01	 0.33881969E-02
  2132.0000    	  2133.0000    	 0.73627774E-02	 0.32640832E-02
  2133.0000    	  2134.0000    	 0.76980957E-02	 0.26803841E-02
  2134.0000    	  2135.0000    	 0.65582503E-02	 0.34209705E-02
  2135.0000    	  2136.0000    	 0.11379224E-01	 0.37365832E-02
  2136.0000    	  2137.0000    	 0.13478796E-01	 0.37810309E-02
  2137.0000    	  2138.0000    	 0.20618033E-01	 0.37035607E-02
  2138.0000    	  2139.0000    	 0.14401969E-01	 0.38872899E-02
  2139.0000    	  2140.0000    	 0.10564669E-01	 0.38234912E-02
  2140.0000    	  2141.0000    	 0.19437592E-01	 0.36165383E-02
  2141.0000    	  2142.0000    	 0.19489405E-01	 0.33404609E-02
  2142.0000    	  2143.0000    	 0.14243231E-01	 0.32588547E-02
  2143.0000    	  2144.0000    	 0.14242813E-01	 0.31556005E-02
  2144.0000    	  2145.0000    	 0.92695878E-02	 0.28787585E-02
  2145.0000    	  2146.0000    	 0.64007141E-02	 0.35100921E-02
  2146.0000    	  2147.0000    	 0.32344084E-02	 0.34773900E-02
  2147.0000    	  2148.0000    	 0.19424067E-01	 0.34151722E-02
  2148.0000    	  2149.0000    	 0.14736265E-01	 0.36138501E-02
  2149.0000    	  2150.0000    	 0.16716327E-01	 0.33714950E-02
  2150.0000    	  2151.0000    	 0.25731394E-01	 0.39383800E-02
  2151.0000    	  2152.0000    	 0.20099043E-01	 0.39886422E-02
  2152.0000    	  2153.0000    	 0.13100664E-01	 0.36222841E-02
  2153.0000    	  2154.0000    	 0.13302852E-01	 0.31803700E-02
  2154.0000    	  2155.0000    	 0.62038394E-02	 0.35361947E-02
  2155.0000    	  2156.0000    	 0.50586175E-02	 0.30710521E-02
  2156.0000    	  2157.0000    	 0.88063106E-02	 0.31184573E-02
  2157.0000    	  2158.0000    	-0.59801957E-03	 0.34038636E-02
  2158.0000    	  2159.0000    	 0.19130728E-01	 0.34812397E-02
  2159.0000    	  2160.0000    	 0.19600810E-01	 0.37237836E-02
  2160.0000    	  2161.0000    	 0.14337367E-01	 0.37315602E-02
  2161.0000    	  2162.0000    	 0.14646657E-01	 0.30669462E-02
  2162.0000    	  2163.0000    	 0.13401682E-01	 0.32358980E-02
  2163.0000    	  2164.0000    	 0.22569779E-01	 0.39308939E-02
  2164.0000    	  2165.0000    	 0.83797450E-02	 0.32439207E-02
  2165.0000    	  2166.0000    	 0.14573786E-01	 0.35169309E-02
  2166.0000    	  2167.0000    	 0.10948891E-01	 0.26247842E-02
  2167.0000    	  2168.0000    	 0.47278264E-02	 0.25751301E-02
  2168.0000    	  2169.0000    	 0.14489704E-01	 0.42160241E-02
  2169.0000    	  2170.0000    	 0.20116443E-01	 0.36294745E-02
  2170.0000    	  2171.0000    	 0.95089153E-02	 0.39606183E-02
  2171.0000    	  2172.0000    	 0.79017969E-02	 0.38045364E-02
  2172.0000    	  2173.0000    	 0.19292484E-01	 0.34345301E-02
  2173.0000    	  2174.0000    	 0.13283659E-01	 0.33415943E-02
  2174.0000    	  2175.0000    	 0.13865444E-01	 0.35024993E-02
  2175.0000    	  2176.0000    	 0.14452779E-01	 0.33173518E-02
  2176.0000    	  2177.0000    	 0.68318703E-02	 0.28074374E-02
  2177.0000    	  2178.0000    	 0.79161184E-02	 0.23642474E-02
  2178.0000    	  2179.0000    	 0.71318324E-02	 0.26616374E-02
  2179.0000    	  2180.0000    	 0.18238291E-01	 0.32069682E-02
  2180.0000    	  2181.0000    	-0.37807935E-02	 0.35331655E-02
  2181.0000    	  2182.0000    	 0.10972216E-01	 0.40560832E-02
  2182.0000    	  2183.0000    	 0.22633200E-01	 0.37152567E-02
  2183.0000    	  2184.0000    	 0.88487892E-02	 0.33780900E-02
  2184.0000    	  2185.0000    	 0.14344662E-01	 0.34543766E-02
  2185.0000    	  2186.0000    	 0.73145078E-02	 0.32483003E-02
  2186.0000    	  2187.0000    	 0.11068592E-01	 0.31054101E-02
  2187.0000    	  2188.0000    	 0.88138418E-02	 0.31763482E-02
  2188.0000    	  2189.0000    	 0.68459446E-02	 0.27169121E-02
  2189.0000    	  2190.0000    	 0.29693264E-02	 0.31817675E-02
  2190.0000    	  2191.0000    	 0.10399587E-01	 0.34674523E-02
  2191.0000    	  2192.0000    	 0.10982952E-01	 0.35862677E-02
  2192.0000    	  2193.0000    	 0.80149990E-02	 0.35634449E-02
  2193.0000    	  2194.0000    	 0.16035971E-01	 0.34339969E-02
  2194.0000    	  2195.0000    	 0.17707059E-01	 0.33783304E-02
  2195.0000    	  2196.0000    	 0.19830191E-01	 0.40869368E-02
  2196.0000    	  2197.0000    	 0.17518062E-01	 0.32393008E-02
  2197.0000    	  2198.0000    	 0.95184357E-02	 0.27696472E-02
  2198.0000    	  2199.0000    	 0.76598803E-02	 0.32952982E-02
  2199.0000    	  2200.0000    	 0.67040151E-02	 0.27974333E-02
  2200.0000    	  2201.0000    	 0.54848109E-02	 0.32019548E-02
  2201.0000    	  2202.0000    	 0.33042291E-02	 0.33406653E-02
  2202.0000    	  2203.0000    	 0.13734411E-01	 0.32043160E-02
  2203.0000    	  2204.0000    	 0.11530009E-01	 0.34197784E-02
  2204.0000    	  2205.0000    	 0.17094770E-01	 0.36613515E-02
  2205.0000    	  2206.0000    	 0.16336414E-01	 0.34722552E-02
  2206.0000    	  2207.0000    	 0.84625765E-02	 0.37465770E-02
  2207.0000    	  2208.0000    	 0.82518200E-02	 0.35202147E-02
  2208.0000    	  2209.0000    	 0.13623238E-01	 0.27021633E-02
  2209.0000    	  2210.0000    	 0.74670385E-02	 0.31452534E-02
  2210.0000    	  2211.0000    	 0.99649014E-02	 0.29045123E-02
  2211.0000    	  2212.0000    	 0.96318818E-02	 0.29550963E-02
  2212.0000    	  2213.0000    	 0.93536021E-02	 0.37716573E-02
  2213.0000    	  2214.0000    	 0.15848409E-01	 0.37088069E-02
  2214.0000    	  2215.0000    	 0.18013793E-01	 0.34832757E-02
  2215.0000    	  2216.0000    	 0.80970001E-02	 0.25311477E-02
  2216.0000    	  2217.0000    	 0.15803902E-01	 0.38040379E-02
  2217.0000    	  2218.0000    	 0.15631881E-01	 0.39593627E-02
  2218.0000    	  2219.0000    	 0.16053929E-01	 0.34009782E-02
  2219.0000    	  2220.0000    	 0.13573913E-01	 0.31377785E-02
  2220.0000    	  2221.0000    	 0.66379941E-02	 0.30496990E-02
  2221.0000    	  2222.0000    	 0.64457437E-02	 0.25425883E-02
  2222.0000    	  2223.0000    	 0.49015361E-02	 0.26151451E-02
  2223.0000    	  2224.0000    	 0.57616257E-02	 0.26510109E-02
  2224.0000    	  2225.0000    	 0.13711154E-01	 0.31407444E-02
  2225.0000    	  2226.0000    	 0.22026933E-01	 0.39394375E-02
  2226.0000    	  2227.0000    	 0.13024461E-01	 0.35326036E-02
  2227.0000    	  2228.0000    	 0.13981682E-01	 0.36572620E-02
  2228.0000    	  2229.0000    	 0.16356780E-01	 0.30608121E-02
  2229.0000    	  2230.0000    	 0.16084991E-01	 0.24910404E-02
  2230.0000    	  2231.0000    	 0.15645098E-01	 0.33058023E-02
  2231.0000    	  2232.0000    	 0.96167739E-02	 0.29702988E-02
  2232.0000    	  2233.0000    	 0.76411376E-03	 0.23263450E-02
  2233.0000    	  2234.0000    	 0.28442797E-02	 0.24125129E-02
  2234.0000    	  2235.0000    	 0.12007334E-01	 0.34909107E-02
  2235.0000    	  2236.0000    	 0.47057492E-02	 0.29270723E-02
  2236.0000    	  2237.0000    	 0.35429679E-02	 0.24714617E-02
  2237.0000    	  2238.0000    	 0.13602817E-01	 0.32897986E-02
  2238.0000    	  2239.0000    	 0.13686980E-01	 0.32411476E-02
  2239.0000    	  2240.0000    	 0.15607641E-01	 0.35562146E-02
  2240.0000    	  2241.0000    	 0.11906249E-01	 0.29775010E-02
  2241.0000    	  2242.0000    	 0.59185093E-02	 0.35630916E-02
  2242.0000    	  2243.0000    	 0.11955160E-01	 0.30573889E-02
  2243.0000    	  2244.0000    	 0.56378710E-02	 0.25178241E-02
  2244.0000    	  2245.0000    	 0.97164697E-02	 0.23659155E-02
  2245.0000    	  2246.0000    	 0.84602044E-02	 0.28474890E-02
  2246.0000    	  2247.0000    	 0.15551580E-01	 0.34324437E-02
  2247.0000    	  2248.0000    	 0.73020313E-02	 0.34309833E-02
  2248.0000    	  2249.0000    	 0.11938773E-01	 0.35882513E-02
  2249.0000    	  2250.0000    	 0.16700924E-01	 0.36754990E-02
  2250.0000    	  2251.0000    	 0.13097504E-01	 0.34962067E-02
  2251.0000    	  2252.0000    	 0.11354230E-01	 0.31488401E-02
  2252.0000    	  2253.0000    	 0.12106703E-01	 0.32154020E-02
  2253.0000    	  2254.0000    	 0.48410057E-02	 0.31441009E-02
  2254.0000    	  2255.0000    	 0.73721703E-02	 0.24420713E-02
  2255.0000    	  2256.0000    	 0.93557549E-02	 0.21678071E-02
  2256.0000    	  2257.0000    	 0.84161757E-02	 0.26821030E-02
  2257.0000    	  2258.0000    	 0.73801411E-02	 0.33629761E-02
  2258.0000    	  2259.0000    	 0.19385867E-01	 0.38187341E-02
  2259.0000    	  2260.0000    	 0.14281110E-01	 0.27709535E-02
  2260.0000    	  2261.0000    	 0.17112931E-01	 0.34421571E-02
  2261.0000    	  2262.0000    	 0.13798346E-01	 0.31458157E-02
  2262.0000    	  2263.0000    	 0.15342477E-01	 0.31386601E-02
  2263.0000    	  2264.0000    	 0.11681099E-01	 0.31981781E-02
  2264.0000    	  2265.0000    	 0.44739739E-02	 0.29361302E-02
  2265.0000    	  2266.0000    	 0.35495892E-03	 0.20902609E-02
  2266.0000    	  2267.0000    	 0.62284029E-02	 0.30487885E-02
  2267.0000    	  2268.0000    	 0.16934159E-01	 0.32283882E-02
  2268.0000    	  2269.0000    	 0.11334091E-01	 0.26983101E-02
  2269.0000    	  2270.0000    	 0.15973311E-01	 0.40065547E-02
  2270.0000    	  2271.0000    	 0.10013992E-01	 0.32101655E-02
  2271.0000    	  2272.0000    	 0.12620031E-01	 0.31058069E-02
  2272.0000    	  2273.0000    	 0.89465002E-02	 0.23593391E-02
  2273.0000    	  2274.0000    	 0.12290692E-01	 0.30085051E-02
  2274.0000    	  2275.0000    	 0.12413751E-01	 0.29213882E-02
  2275.0000    	  2276.0000    	 0.29920216E-02	 0.24972201E-02
  2276.0000    	  2277.0000    	 0.63063142E-02	 0.21328510E-02
  2277.0000    	  2278.0000    	 0.65165359E-02	 0.26349297E-02
  2278.0000    	  2279.0000    	 0.61026516E-02	 0.35322541E-02
  2279.0000    	  2280.0000    	 0.97211124E-02	 0.28205674E-02
  2280.0000    	  2281.0000    	 0.14962234E-01	 0.33470402E-02
  2281.0000    	  2282.0000    	 0.19515933E-01	 0.28363219E-02
  2282.0000    	  2283.0000    	 0.16005953E-01	 0.28820708E-02
  2283.0000    	  2284.0000    	 0.17237957E-02	 0.30076841E-02
  2284.0000    	  2285.0000    	 0.11930933E-01	 0.34513952E-02
  2285.0000    	  2286.0000    	 0.92447260E-02	 0.27420847E-02
  2286.0000    	  2287.0000    	 0.94865006E-02	 0.28271224E-02
  2287.0000    	  2288.0000    	 0.55690361E-02	 0.25173439E-02
  2288.0000    	  2289.0000    	 0.16417964E-02	 0.21058880E-02
  2289.0000    	  2290.0000    	 0.45921535E-02	 0.19654677E-02
  2290.0000    	  2291.0000    	 0.99825833E-02	 0.27945986E-02
  2291.0000    	  2292.0000    	 0.81817812E-02	 0.28640198E-02
  2292.0000    	  2293.0000    	 0.72632173E-02	 0.27889885E-02
  2293.0000    	  2294.0000    	 0.10819137E-01	 0.31073181E-02
  2294.0000    	  2295.0000    	 0.11507773E-01	 0.29572341E-02
  2295.0000    	  2296.0000    	 0.11124849E-01	 0.33588367E-02
  2296.0000    	  2297.0000    	 0.82840767E-02	 0.28281680E-02
  2297.0000    	  2298.0000    	 0.60427595E-02	 0.24674008E-02
  2298.0000    	  2299.0000    	 0.11822179E-02	 0.23465434E-02
  2299.0000    	  2300.0000    	 0.80333544E-02	 0.26100099E-02
  2300.0000    	  2301.0000    	 0.86343999E-02	 0.29630730E-02
  2301.0000    	  2302.0000    	 0.83947918E-02	 0.22329622E-02
  2302.0000    	  2303.0000    	 0.87199720E-02	 0.31271644E-02
  2303.0000    	  2304.0000    	 0.13224647E-01	 0.30684180E-02
  2304.0000    	  2305.0000    	 0.69531346E-02	 0.34964520E-02
  2305.0000    	  2306.0000    	 0.16532386E-01	 0.32329259E-02
  2306.0000    	  2307.0000    	 0.10256062E-01	 0.31636755E-02
  2307.0000    	  2308.0000    	 0.11118181E-01	 0.29814894E-02
  2308.0000    	  2309.0000    	 0.98365501E-02	 0.30790707E-02
  2309.0000    	  2310.0000    	 0.89193899E-02	 0.23984905E-02
  2310.0000    	  2311.0000    	 0.73131875E-02	 0.21405209E-02
  2311.0000    	  2312.0000    	 0.52818933E-02	 0.26920321E-02
  2312.0000    	  2313.0000    	 0.85760323E-02	 0.27493358E-02
  2313.0000    	  2314.0000    	 0.16594144E-01	 0.34795709E-02
  2314.0000    	  2315.0000    	 0.13715938E-01	 0.32125525E-02
  2315.0000    	  2316.0000    	 0.12006377E-01	 0.22822493E-02
  2316.0000    	  2317.0000    	 0.15533965E-01	 0.39048508E-02
  2317.0000    	  2318.0000    	 0.67559194E-02	 0.28273225E-02
  2318.0000    	  2319.0000    	 0.78652502E-02	 0.28213246E-02
  2319.0000    	  2320.0000    	 0.71283227E-02	 0.25825853E-02
  2320.0000    	  2321.0000    	 0.23667068E-02	 0.19707610E-02
  2321.0000    	  2322.0000    	 0.10214923E-01	 0.27513862E-02
  2322.0000    	  2323.0000    	 0.62801668E-02	 0.22112929E-02
  2323.0000    	  2324.0000    	 0.11538814E-03	 0.26855043E-02
  2324.0000    	  2325.0000    	 0.61302063E-02	 0.27503444E-02
  2325.0000    	  2326.0000    	 0.20198074E-01	 0.30748411E-02
  2326.0000    	  2327.0000    	 0.16471527E-01	 0.30137047E-02
  2327.0000    	  2328.0000    	 0.14576403E-01	 0.30251716E-02
  2328.0000    	  2329.0000    	 0.13523506E-01	 0.28187861E-02
  2329.0000    	  2330.0000    	 0.10124292E-01	 0.26388559E-02
  2330.0000    	  2331.0000    	 0.45366678E-02	 0.24357181E-02
  2331.0000    	  2332.0000    	 0.56875710E-02	 0.25027220E-02
  2332.0000    	  2333.0000    	 0.86793209E-02	 0.26516883E-02
  2333.0000    	  2334.0000    	 0.33058487E-02	 0.21506449E-02
  2334.0000    	  2335.0000    	 0.13238360E-01	 0.29987618E-02
  2335.0000    	  2336.0000    	 0.12705075E-01	 0.33616648E-02
  2336.0000    	  2337.0000    	 0.10271798E-01	 0.32603435E-02
  2337.0000    	  2338.0000    	 0.14020608E-01	 0.29123199E-02
  2338.0000    	  2339.0000    	 0.89277272E-02	 0.31322522E-02
  2339.0000    	  2340.0000    	 0.96542894E-02	 0.20900157E-02
  2340.0000    	  2341.0000    	 0.13615035E-01	 0.30066266E-02
  2341.0000    	  2342.0000    	 0.56834849E-02	 0.30609261E-02
  2342.0000    	  2343.0000    	 0.38190858E-03	 0.24553024E-02
  2343.0000    	  2344.0000    	 0.94145810E-02	 0.28083411E-02
  2344.0000    	  2345.0000    	 0.93496589E-02	 0.28196422E-02
  2345.0000    	  2346.0000    	 0.10792050E-01	 0.29367156E-02
  2346.0000    	  2347.0000    	 0.16682503E-01	 0.30806889E-02
  2347.0000    	  2348.0000    	 0.86773734E-02	 0.33830744E-02
  2348.0000    	  2349.0000    	 0.14084823E-01	 0.30791472E-02
  2349.0000    	  2350.0000    	 0.11265034E-01	 0.29713233E-02
  2350.0000    	  2351.0000    	 0.90283133E-02	 0.25872666E-02
  2351.0000    	  2352.0000    	 0.62734066E-02	 0.26176922E-02
  2352.0000    	  2353.0000    	 0.92771133E-02	 0.25590375E-02
  2353.0000    	  2354.0000    	 0.62375028E-02	 0.24469928E-02
  2354.0000    	  2355.0000    	 0.54330391E-02	 0.26029112E-02
  2355.0000    	  2356.0000    	 0.27765666E-02	 0.23675386E-02
  2356.0000    	  2357.0000    	 0.12672206E-01	 0.34380694E-02
  2357.0000    	  2358.0000    	 0.46811331E-02	 0.28612469E-02
  2358.0000    	  2359.0000    	 0.18864161E-01	 0.33511741E-02
  2359.0000    	  2360.0000    	 0.89608447E-02	 0.24496243E-02
  2360.0000    	  2361.0000    	 0.11408342E-01	 0.32979045E-02
  2361.0000    	  2362.0000    	 0.10077067E-01	 0.25964633E-02
  2362.0000    	  2363.0000    	 0.10621978E-01	 0.23572698E-02
  2363.0000    	  2364.0000    	 0.54889112E-02	 0.28569266E-02
  2364.0000    	  2365.0000    	 0.35177842E-03	 0.20919291E-02
  2365.0000    	  2366.0000    	 0.90639175E-02	 0.28838801E-02
  2366.0000    	  2367.0000    	 0.31960185E-02	 0.30045420E-02
  2367.0000    	  2368.0000    	-0.77142087E-02	 0.27209596E-02
  2368.0000    	  2369.0000    	 0.36782485E-02	 0.26783064E-02
  2369.0000    	  2370.0000    	 0.87521184E-02	 0.14644866E-02
  2370.0000    	  2371.0000    	 0.15685023E-01	 0.30394667E-02
  2371.0000    	  2372.0000    	 0.97655344E-02	 0.30437783E-02
  2372.0000    	  2373.0000    	 0.60731968E-02	 0.26148921E-02
  2373.0000    	  2374.0000    	 0.93090280E-02	 0.23668580E-02
  2374.0000    	  2375.0000    	 0.65888096E-02	 0.24292130E-02
  2375.0000    	  2376.0000    	 0.26114753E-02	 0.21931154E-02
  2376.0000    	  2377.0000    	 0.40021968E-02	 0.21771758E-02
  2377.0000    	  2378.0000    	 0.79385461E-02	 0.26107984E-02
  2378.0000    	  2379.0000    	 0.12264338E-01	 0.29641496E-02
  2379.0000    	  2380.0000    	 0.11367843E-01	 0.30482211E-02
  2380.0000    	  2381.0000    	 0.15774384E-01	 0.34759094E-02
  2381.0000    	  2382.0000    	 0.15505974E-01	 0.30256626E-02
  2382.0000    	  2383.0000    	 0.13392047E-01	 0.29285603E-02
  2383.0000    	  2384.0000    	 0.11447679E-01	 0.25666305E-02
  2384.0000    	  2385.0000    	 0.73642895E-02	 0.24355619E-02
  2385.0000    	  2386.0000    	 0.87685087E-02	 0.24203583E-02
  2386.0000    	  2387.0000    	 0.57308266E-03	 0.20017379E-02
  2387.0000    	  2388.0000    	 0.28967164E-02	 0.25090476E-02
  2388.0000    	  2389.0000    	 0.22196941E-02	 0.25595546E-02
  2389.0000    	  2390.0000    	 0.80622850E-02	 0.28608221E-02
  2390.0000    	  2391.0000    	 0.17743032E-01	 0.28499446E-02
  2391.0000    	  2392.0000    	 0.17396232E-01	 0.30963815E-02
  2392.0000    	  2393.0000    	 0.97187397E-02	 0.29769493E-02
  2393.0000    	  2394.0000    	 0.11702751E-01	 0.29239191E-02
  2394.0000    	  2395.0000    	 0.98431416E-02	 0.29844257E-02
  2395.0000    	  2396.0000    	 0.13599796E-01	 0.28428788E-02
  2396.0000    	  2397.0000    	 0.92254197E-02	 0.23108088E-02
  2397.0000    	  2398.0000    	 0.24505628E-02	 0.20532920E-02
  2398.0000    	  2399.0000    	 0.32927867E-02	 0.19833468E-02
  2399.0000    	  2400.0000    	 0.80498770E-02	 0.20932102E-02
  2400.0000    	  2401.0000    	 0.95773272E-02	 0.20517218E-02
  2401.0000    	  2402.0000    	 0.37399512E-02	 0.27309066E-02
  2402.0000    	  2403.0000    	 0.77627255E-02	 0.24231283E-02
  2403.0000    	  2404.0000    	 0.84594789E-02	 0.29652744E-02
  2404.0000    	  2405.0000    	 0.13870891E-01	 0.29587714E-02
  2405.0000    	  2406.0000    	 0.60884672E-02	 0.28074586E-02
  2406.0000    	  2407.0000    	 0.32628101E-02	 0.22645535E-02
  2407.0000    	  2408.0000    	 0.10458392E-01	 0.22447088E-02
  2408.0000    	  2409.0000    	 0.51981898E-02	 0.21129567E-02
  2409.0000    	  2410.0000    	 0.54101650E-02	 0.23661866E-02
  2410.0000    	  2411.0000    	-0.55475389E-03	 0.21975629E-02
  2411.0000    	  2412.0000    	 0.11850772E-01	 0.27611292E-02
  2412.0000    	  2413.0000    	 0.92894814E-02	 0.29342948E-02
  2413.0000    	  2414.0000    	 0.95104031E-02	 0.30306887E-02
  2414.0000    	  2415.0000    	 0.87343426E-02	 0.29523000E-02
  2415.0000    	  2416.0000    	 0.76604351E-02	 0.28269501E-02
  2416.0000    	  2417.0000    	 0.75728780E-02	 0.27241037E-02
  2417.0000    	  2418.0000    	 0.13597855E-01	 0.27329594E-02
  2418.0000    	  2419.0000    	 0.85514360E-02	 0.25345946E-02
  2419.0000    	  2420.0000    	 0.48426058E-02	 0.21630438E-02
  2420.0000    	  2421.0000    	 0.51509570E-02	 0.26516682E-02
  2421.0000    	  2422.0000    	 0.95560486E-02	 0.23912799E-02
  2422.0000    	  2423.0000    	 0.63026409E-02	 0.25765051E-02
  2423.0000    	  2424.0000    	 0.26245577E-02	 0.23122827E-02
  2424.0000    	  2425.0000    	 0.14876182E-01	 0.28502614E-02
  2425.0000    	  2426.0000    	 0.14132012E-01	 0.26268385E-02
  2426.0000    	  2427.0000    	 0.83869391E-02	 0.26526356E-02
  2427.0000    	  2428.0000    	 0.58620353E-02	 0.28772544E-02
  2428.0000    	  2429.0000    	 0.75481341E-02	 0.30479640E-02
  2429.0000    	  2430.0000    	 0.39951682E-02	 0.22392405E-02
  2430.0000    	  2431.0000    	 0.53540137E-02	 0.21360686E-02
  2431.0000    	  2432.0000    	 0.10225922E-01	 0.26760938E-02
  2432.0000    	  2433.0000    	 0.41723432E-02	 0.18159893E-02
  2433.0000    	  2434.0000    	 0.44235712E-02	 0.20146794E-02
  2434.0000    	  2435.0000    	 0.62359817E-02	 0.25990625E-02
  2435.0000    	  2436.0000    	 0.97255735E-02	 0.25580926E-02
  2436.0000    	  2437.0000    	 0.55996415E-02	 0.22333094E-02
  2437.0000    	  2438.0000    	 0.11943292E-01	 0.27260481E-02
  2438.0000    	  2439.0000    	 0.12116065E-01	 0.30681698E-02
  2439.0000    	  2440.0000    	 0.94337123E-02	 0.25975623E-02
  2440.0000    	  2441.0000    	 0.60817967E-02	 0.23922996E-02
  2441.0000    	  2442.0000    	 0.73863207E-02	 0.23672195E-02
  2442.0000    	  2443.0000    	 0.74849451E-02	 0.26153514E-02
  2443.0000    	  2444.0000    	 0.47631888E-02	 0.20557929E-02
  2444.0000    	  2445.0000    	 0.72619777E-02	 0.23718912E-02
  2445.0000    	  2446.0000    	 0.12084770E-01	 0.25925164E-02
  2446.0000    	  2447.0000    	 0.82720220E-02	 0.26223168E-02
  2447.0000    	  2448.0000    	 0.64206994E-02	 0.22558005E-02
  2448.0000    	  2449.0000    	 0.74476963E-02	 0.26627770E-02
  2449.0000    	  2450.0000    	 0.12417385E-01	 0.24004346E-02
  2450.0000    	  2451.0000    	 0.93425461E-02	 0.26413084E-02
  2451.0000    	  2452.0000    	-0.45114632E-03	 0.22519497E-02
  2452.0000    	  2453.0000    	 0.38389554E-02	 0.21006659E-02
  2453.0000    	  2454.0000    	 0.69605406E-02	 0.27057907E-02
  2454.0000    	  2455.0000    	 0.46241873E-02	 0.24392394E-02
  2455.0000    	  2456.0000    	 0.38970785E-02	 0.27285396E-02
  2456.0000    	  2457.0000    	 0.12743200E-01	 0.25525692E-02
  2457.0000    	  2458.0000    	 0.72462907E-02	 0.20265077E-02
  2458.0000    	  2459.0000    	 0.10807728E-02	 0.22821547E-02
  2459.0000    	  2460.0000    	 0.15779569E-01	 0.25307303E-02
  2460.0000    	  2461.0000    	 0.74151416E-02	 0.20810882E-02
  2461.0000    	  2462.0000    	 0.30327842E-02	 0.24568358E-02
  2462.0000    	  2463.0000    	 0.88630071E-02	 0.19208763E-02
  2463.0000    	  2464.0000    	-0.16409551E-03	 0.14763791E-02
  2464.0000    	  2465.0000    	 0.56647620E-02	 0.22869068E-02
  2465.0000    	  2466.0000    	 0.68747684E-02	 0.26178826E-02
  2466.0000    	  2467.0000    	 0.12912768E-01	 0.27073996E-02
  2467.0000    	  2468.0000    	 0.10157093E-01	 0.28635260E-02
  2468.0000    	  2469.0000    	 0.10990528E-01	 0.33930739E-02
  2469.0000    	  2470.0000    	 0.17038210E-01	 0.26661406E-02
  2470.0000    	  2471.0000    	 0.12698876E-01	 0.28311162E-02
  2471.0000    	  2472.0000    	 0.12418758E-01	 0.25534116E-02
  2472.0000    	  2473.0000    	 0.86934115E-02	 0.19886669E-02
  2473.0000    	  2474.0000    	 0.67057575E-02	 0.20282722E-02
  2474.0000    	  2475.0000    	 0.39237778E-02	 0.13641072E-02
  2475.0000    	  2476.0000    	 0.59763166E-02	 0.21111620E-02
  2476.0000    	  2477.0000    	-0.31944388E-03	 0.15406315E-02
  2477.0000    	  2478.0000    	 0.57145205E-02	 0.27486691E-02
  2478.0000    	  2479.0000    	 0.14850907E-01	 0.26837663E-02
  2479.0000    	  2480.0000    	 0.10801479E-01	 0.30182288E-02
  2480.0000    	  2481.0000    	 0.13943731E-01	 0.27531143E-02
  2481.0000    	  2482.0000    	 0.10477807E-01	 0.25245761E-02
  2482.0000    	  2483.0000    	 0.63257892E-02	 0.25234966E-02
  2483.0000    	  2484.0000    	 0.60555088E-02	 0.20920755E-02
  2484.0000    	  2485.0000    	 0.40043474E-02	 0.24124876E-02
  2485.0000    	  2486.0000    	 0.32279152E-02	 0.17934659E-02
  2486.0000    	  2487.0000    	 0.60155413E-02	 0.25234219E-02
  2487.0000    	  2488.0000    	 0.76764564E-02	 0.18119906E-02
  2488.0000    	  2489.0000    	 0.18142202E-02	 0.22793023E-02
  2489.0000    	  2490.0000    	 0.31345228E-02	 0.22401647E-02
  2490.0000    	  2491.0000    	 0.82207220E-02	 0.31072008E-02
  2491.0000    	  2492.0000    	 0.33217621E-02	 0.26486507E-02
  2492.0000    	  2493.0000    	 0.10174000E-01	 0.28958666E-02
  2493.0000    	  2494.0000    	 0.71035444E-02	 0.26063318E-02
  2494.0000    	  2495.0000    	 0.92330708E-02	 0.21345616E-02
  2495.0000    	  2496.0000    	 0.24693231E-02	 0.18699770E-02
  2496.0000    	  2497.0000    	 0.29872715E-02	 0.10876400E-02
  2497.0000    	  2498.0000    	 0.45677670E-02	 0.16829221E-02
  2498.0000    	  2499.0000    	 0.67008141E-02	 0.25224710E-02
  2499.0000    	  2500.0000    	 0.63058563E-02	 0.19447423E-02
  2500.0000    	  2501.0000    	 0.75456694E-02	 0.22964343E-02
  2501.0000    	  2502.0000    	 0.32064407E-02	 0.26964264E-02
  2502.0000    	  2503.0000    	 0.88341380E-02	 0.25043723E-02
  2503.0000    	  2504.0000    	 0.49358947E-02	 0.33547881E-02
  2504.0000    	  2505.0000    	 0.72842417E-02	 0.26368840E-02
  2505.0000    	  2506.0000    	 0.60026220E-02	 0.15676804E-02
  2506.0000    	  2507.0000    	 0.51632386E-02	 0.16393775E-02
  2507.0000    	  2508.0000    	 0.41780068E-02	 0.21363157E-02
  2508.0000    	  2509.0000    	 0.66492919E-02	 0.24141330E-02
  2509.0000    	  2510.0000    	 0.55990581E-02	 0.21388923E-02
  2510.0000    	  2511.0000    	 0.85108492E-02	 0.22230510E-02
  2511.0000    	  2512.0000    	 0.10979404E-01	 0.25136892E-02
  2512.0000    	  2513.0000    	 0.50849778E-02	 0.23084442E-02
  2513.0000    	  2514.0000    	 0.44106629E-02	 0.25100134E-02
  2514.0000    	  2515.0000    	 0.76964230E-02	 0.24384632E-02
  2515.0000    	  2516.0000    	 0.12802624E-01	 0.27454412E-02
  2516.0000    	  2517.0000    	 0.21242680E-02	 0.20784876E-02
  2517.0000    	  2518.0000    	 0.17179762E-03	 0.19933309E-02
  2518.0000    	  2519.0000    	 0.19874152E-02	 0.10665379E-02
  2519.0000    	  2520.0000    	 0.49968039E-02	 0.19911563E-02
  2520.0000    	  2521.0000    	 0.65266410E-02	 0.22166434E-02
  2521.0000    	  2522.0000    	 0.13080827E-01	 0.28066947E-02
  2522.0000    	  2523.0000    	 0.74099955E-02	 0.23973458E-02
  2523.0000    	  2524.0000    	 0.17086282E-01	 0.24363956E-02
  2524.0000    	  2525.0000    	 0.54524627E-02	 0.26711577E-02
  2525.0000    	  2526.0000    	 0.87776299E-02	 0.21118210E-02
  2526.0000    	  2527.0000    	 0.33418082E-02	 0.25975594E-02
  2527.0000    	  2528.0000    	 0.11176705E-01	 0.23142768E-02
  2528.0000    	  2529.0000    	 0.42252853E-02	 0.19333803E-02
  2529.0000    	  2530.0000    	 0.40245908E-03	 0.17611179E-02
  2530.0000    	  2531.0000    	 0.91650861E-03	 0.19894109E-02
  2531.0000    	  2532.0000    	 0.62752362E-02	 0.15747940E-02
  2532.0000    	  2533.0000    	 0.93254545E-02	 0.25235401E-02
  2533.0000    	  2534.0000    	 0.86517616E-02	 0.24839618E-02
  2534.0000    	  2535.0000    	 0.75100035E-02	 0.25053358E-02
  2535.0000    	  2536.0000    	 0.13765489E-01	 0.21389756E-02
  2536.0000    	  2537.0000    	 0.11527493E-01	 0.23252893E-02
  2537.0000    	  2538.0000    	 0.69444151E-02	 0.22733886E-02
  2538.0000    	  2539.0000    	 0.92969766E-03	 0.26173560E-02
  2539.0000    	  2540.0000    	 0.31804552E-02	 0.20539200E-02
  2540.0000    	  2541.0000    	 0.34500390E-02	 0.19255770E-02
  2541.0000    	  2542.0000    	 0.30908717E-02	 0.11170557E-02
  2542.0000    	  2543.0000    	 0.39802590E-02	 0.18836746E-02
  2543.0000    	  2544.0000    	 0.41276814E-02	 0.14861728E-02
  2544.0000    	  2545.0000    	 0.90084902E-02	 0.24714275E-02
  2545.0000    	  2546.0000    	 0.76424728E-02	 0.23960504E-02
  2546.0000    	  2547.0000    	 0.83180700E-02	 0.14868413E-02
  2547.0000    	  2548.0000    	 0.95218048E-02	 0.23882197E-02
  2548.0000    	  2549.0000    	 0.10788754E-01	 0.24217385E-02
  2549.0000    	  2550.0000    	 0.50391968E-02	 0.13481885E-02
  2550.0000    	  2551.0000    	 0.21224158E-02	 0.29159049E-02
  2551.0000    	  2552.0000    	-0.83790420E-03	 0.14699889E-02
  2552.0000    	  2553.0000    	 0.44532635E-02	 0.20349834E-02
  2553.0000    	  2554.0000    	 0.28495748E-02	 0.22075192E-02
  2554.0000    	  2555.0000    	 0.65980245E-02	 0.16632249E-02
  2555.0000    	  2556.0000    	 0.80870304E-02	 0.24311456E-02
  2556.0000    	  2557.0000    	 0.58856258E-02	 0.22912683E-02
  2557.0000    	  2558.0000    	 0.73878320E-02	 0.20329342E-02
  2558.0000    	  2559.0000    	 0.66527557E-02	 0.23413046E-02
  2559.0000    	  2560.0000    	 0.50744711E-02	 0.21887805E-02
  2560.0000    	  2561.0000    	 0.53701248E-02	 0.25349720E-02
  2561.0000    	  2562.0000    	 0.11194905E-02	 0.16966844E-02
  2562.0000    	  2563.0000    	 0.35759057E-02	 0.14462642E-02
  2563.0000    	  2564.0000    	-0.10651909E-03	 0.90577704E-03
  2564.0000    	  2565.0000    	 0.31053959E-02	 0.19870396E-02
  2565.0000    	  2566.0000    	 0.36351939E-02	 0.23650660E-02
  2566.0000    	  2567.0000    	 0.27889731E-02	 0.18668016E-02
  2567.0000    	  2568.0000    	 0.91132049E-02	 0.19358561E-02
  2568.0000    	  2569.0000    	 0.78464430E-02	 0.24296949E-02
  2569.0000    	  2570.0000    	 0.11477076E-01	 0.26138032E-02
  2570.0000    	  2571.0000    	 0.98784095E-02	 0.25284259E-02
  2571.0000    	  2572.0000    	 0.35244799E-02	 0.21909438E-02
  2572.0000    	  2573.0000    	 0.28157752E-02	 0.20450035E-02
  2573.0000    	  2574.0000    	-0.27825393E-03	 0.16162175E-02
  2574.0000    	  2575.0000    	-0.56381698E-03	 0.10747655E-02
  2575.0000    	  2576.0000    	 0.97980396E-02	 0.24818037E-02
  2576.0000    	  2577.0000    	 0.55280138E-02	 0.20545609E-02
  2577.0000    	  2578.0000    	 0.55371492E-02	 0.20240838E-02
  2578.0000    	  2579.0000    	 0.97979538E-02	 0.29308205E-02
  2579.0000    	  2580.0000    	 0.47037958E-02	 0.23002772E-02
  2580.0000    	  2581.0000    	 0.91870469E-02	 0.23344251E-02
  2581.0000    	  2582.0000    	 0.51404359E-02	 0.21690446E-02
  2582.0000    	  2583.0000    	 0.72523484E-02	 0.20287100E-02
  2583.0000    	  2584.0000    	 0.23071451E-02	 0.19070409E-02
  2584.0000    	  2585.0000    	 0.38367969E-02	 0.16110079E-02
  2585.0000    	  2586.0000    	 0.40972726E-02	 0.18341780E-02
  2586.0000    	  2587.0000    	 0.19753845E-02	 0.23484808E-02
  2587.0000    	  2588.0000    	 0.92823713E-02	 0.20743656E-02
  2588.0000    	  2589.0000    	 0.67592505E-02	 0.20874938E-02
  2589.0000    	  2590.0000    	 0.65229873E-02	 0.23030350E-02
  2590.0000    	  2591.0000    	 0.69182391E-02	 0.20348090E-02
  2591.0000    	  2592.0000    	 0.22558104E-02	 0.23945626E-02
  2592.0000    	  2593.0000    	 0.69557529E-02	 0.22968973E-02
  2593.0000    	  2594.0000    	 0.50832485E-02	 0.22633985E-02
  2594.0000    	  2595.0000    	 0.52926491E-02	 0.17655260E-02
  2595.0000    	  2596.0000    	 0.26270196E-02	 0.14291305E-02
  2596.0000    	  2597.0000    	 0.17589208E-02	 0.10687605E-02
  2597.0000    	  2598.0000    	 0.64067929E-02	 0.20283946E-02
  2598.0000    	  2599.0000    	 0.35441396E-02	 0.20303406E-02
  2599.0000    	  2600.0000    	 0.38674477E-02	 0.20455347E-02
  2600.0000    	  2601.0000    	 0.96575059E-02	 0.23325122E-02
  2601.0000    	  2602.0000    	 0.27315833E-02	 0.20485855E-02
  2602.0000    	  2603.0000    	 0.98560015E-02	 0.21626769E-02
  2603.0000    	  2604.0000    	 0.13562816E-01	 0.24319878E-02
  2604.0000    	  2605.0000    	 0.62375488E-02	 0.20867296E-02
  2605.0000    	  2606.0000    	 0.32667433E-02	 0.15880812E-02
  2606.0000    	  2607.0000    	 0.27018421E-02	 0.61779801E-03
  2607.0000    	  2608.0000    	 0.17017880E-02	 0.21015492E-02
  2608.0000    	  2609.0000    	 0.14801317E-02	 0.69664467E-03
  2609.0000    	  2610.0000    	 0.91278400E-02	 0.27346853E-02
  2610.0000    	  2611.0000    	 0.90882138E-02	 0.25631302E-02
  2611.0000    	  2612.0000    	 0.79078085E-02	 0.20602962E-02
  2612.0000    	  2613.0000    	 0.48740037E-02	 0.22827095E-02
  2613.0000    	  2614.0000    	 0.68934019E-02	 0.22606949E-02
  2614.0000    	  2615.0000    	 0.81482242E-02	 0.23211449E-02
  2615.0000    	  2616.0000    	 0.60799833E-02	 0.22521320E-02
  2616.0000    	  2617.0000    	 0.39774141E-02	 0.18911127E-02
  2617.0000    	  2618.0000    	 0.40022364E-02	 0.12407054E-02
  2618.0000    	  2619.0000    	 0.74364411E-02	 0.18915036E-02
  2619.0000    	  2620.0000    	 0.63474663E-02	 0.20243525E-02
  2620.0000    	  2621.0000    	 0.28281508E-02	 0.23525250E-02
  2621.0000    	  2622.0000    	 0.29293490E-02	 0.16818774E-02
  2622.0000    	  2623.0000    	 0.48271247E-02	 0.22763764E-02
  2623.0000    	  2624.0000    	 0.11751907E-01	 0.22972780E-02
  2624.0000    	  2625.0000    	 0.77407554E-02	 0.23292838E-02
  2625.0000    	  2626.0000    	 0.65461131E-02	 0.23615200E-02
  2626.0000    	  2627.0000    	 0.18746254E-02	 0.20917619E-02
  2627.0000    	  2628.0000    	-0.11072703E-02	 0.16087662E-02
  2628.0000    	  2629.0000    	 0.23987310E-02	 0.11804156E-02
  2629.0000    	  2630.0000    	 0.59018860E-03	 0.69659936E-03
  2630.0000    	  2631.0000    	 0.45471640E-02	 0.18561288E-02
  2631.0000    	  2632.0000    	 0.35209073E-02	 0.14559771E-02
  2632.0000    	  2633.0000    	 0.62055921E-02	 0.10449812E-02
  2633.0000    	  2634.0000    	 0.92625380E-02	 0.20839568E-02
  2634.0000    	  2635.0000    	 0.85055385E-02	 0.22810916E-02
  2635.0000    	  2636.0000    	 0.57555268E-02	 0.19809732E-02
  2636.0000    	  2637.0000    	 0.44803330E-02	 0.19980211E-02
  2637.0000    	  2638.0000    	 0.59648306E-02	 0.18851108E-02
  2638.0000    	  2639.0000    	 0.19648923E-02	 0.17800309E-02
  2639.0000    	  2640.0000    	-0.15136761E-03	 0.11632228E-02
  2640.0000    	  2641.0000    	 0.17481484E-02	 0.91398230E-03
  2641.0000    	  2642.0000    	 0.22736124E-02	 0.17056169E-02
  2642.0000    	  2643.0000    	 0.75472661E-02	 0.18199416E-02
  2643.0000    	  2644.0000    	 0.79746595E-02	 0.20884786E-02
  2644.0000    	  2645.0000    	 0.83461362E-02	 0.23395973E-02
  2645.0000    	  2646.0000    	 0.19148648E-02	 0.21137759E-02
  2646.0000    	  2647.0000    	 0.40497539E-02	 0.22102751E-02
  2647.0000    	  2648.0000    	 0.65188104E-02	 0.20821959E-02
  2648.0000    	  2649.0000    	 0.78654006E-02	 0.17050020E-02
  2649.0000    	  2650.0000    	 0.38087278E-02	 0.18931700E-02
  2650.0000    	  2651.0000    	 0.98726640E-03	 0.12693031E-02
  2651.0000    	  2652.0000    	 0.26323560E-02	 0.13831220E-02
  2652.0000    	  2653.0000    	 0.18810990E-02	 0.13954469E-02
  2653.0000    	  2654.0000    	 0.14491745E-02	 0.18887494E-02
  2654.0000    	  2655.0000    	 0.59102305E-02	 0.21362092E-02
  2655.0000    	  2656.0000    	 0.83113600E-02	 0.22228364E-02
  2656.0000    	  2657.0000    	 0.10572020E-01	 0.23616446E-02
  2657.0000    	  2658.0000    	 0.64840845E-02	 0.14049908E-02
  2658.0000    	  2659.0000    	 0.57111391E-02	 0.18666252E-02
  2659.0000    	  2660.0000    	 0.35657668E-02	 0.22807332E-02
  2660.0000    	  2661.0000    	 0.27451322E-02	 0.16489886E-02
  2661.0000    	  2662.0000    	-0.91607415E-03	 0.14149712E-02
  2662.0000    	  2663.0000    	 0.39717790E-02	 0.21775340E-02
  2663.0000    	  2664.0000    	 0.59067349E-02	 0.18890392E-02
  2664.0000    	  2665.0000    	 0.55978070E-02	 0.18064212E-02
  2665.0000    	  2666.0000    	 0.20814416E-02	 0.79630128E-03
  2666.0000    	  2667.0000    	 0.66587698E-02	 0.21484826E-02
  2667.0000    	  2668.0000    	 0.78875184E-02	 0.23297294E-02
  2668.0000    	  2669.0000    	 0.71288667E-02	 0.19472160E-02
  2669.0000    	  2670.0000    	 0.44563129E-02	 0.22740019E-02
  2670.0000    	  2671.0000    	 0.42717339E-02	 0.17525848E-02
  2671.0000    	  2672.0000    	 0.67115904E-02	 0.19502567E-02
  2672.0000    	  2673.0000    	 0.31921817E-02	 0.16854990E-02
  2673.0000    	  2674.0000    	 0.51722960E-02	 0.22970972E-02
  2674.0000    	  2675.0000    	 0.28107081E-02	 0.14112553E-02
  2675.0000    	  2676.0000    	 0.77600999E-02	 0.20102054E-02
  2676.0000    	  2677.0000    	 0.93629325E-02	 0.19001672E-02
  2677.0000    	  2678.0000    	 0.80583223E-02	 0.19383591E-02
  2678.0000    	  2679.0000    	 0.69949430E-02	 0.23060364E-02
  2679.0000    	  2680.0000    	 0.93960752E-02	 0.22046306E-02
  2680.0000    	  2681.0000    	 0.81911273E-02	 0.20021489E-02
  2681.0000    	  2682.0000    	 0.35956415E-02	 0.19190102E-02
  2682.0000    	  2683.0000    	 0.49266049E-02	 0.23278494E-02
  2683.0000    	  2684.0000    	 0.89145978E-03	 0.16374102E-02
  2684.0000    	  2685.0000    	 0.42922335E-02	 0.20493742E-02
  2685.0000    	  2686.0000    	 0.19602991E-02	 0.16814746E-02
  2686.0000    	  2687.0000    	 0.31587068E-02	 0.16827793E-02
  2687.0000    	  2688.0000    	 0.58785448E-02	 0.17404163E-02
  2688.0000    	  2689.0000    	 0.56660212E-02	 0.22971978E-02
  2689.0000    	  2690.0000    	 0.69188033E-02	 0.19663412E-02
  2690.0000    	  2691.0000    	 0.97388097E-02	 0.22432020E-02
  2691.0000    	  2692.0000    	 0.64516682E-02	 0.18671824E-02
  2692.0000    	  2693.0000    	 0.76466169E-02	 0.21294310E-02
  2693.0000    	  2694.0000    	 0.40530360E-02	 0.15595996E-02
  2694.0000    	  2695.0000    	 0.27264332E-02	 0.58025322E-03
  2695.0000    	  2696.0000    	 0.46710883E-02	 0.19645473E-02
  2696.0000    	  2697.0000    	-0.14513834E-03	 0.15284850E-02
  2697.0000    	  2698.0000    	 0.16719768E-03	 0.21693242E-02
  2698.0000    	  2699.0000    	 0.49779287E-02	 0.12827947E-02
  2699.0000    	  2700.0000    	 0.71455461E-02	 0.15129393E-02
  2700.0000    	  2701.0000    	 0.10452073E-01	 0.22692304E-02
  2701.0000    	  2702.0000    	 0.60184851E-02	 0.17835343E-02
  2702.0000    	  2703.0000    	 0.50873333E-02	 0.21344189E-02
  2703.0000    	  2704.0000    	 0.40805350E-02	 0.18974580E-02
  2704.0000    	  2705.0000    	 0.28471267E-02	 0.12358027E-02
  2705.0000    	  2706.0000    	 0.18320554E-02	 0.13083076E-02
  2706.0000    	  2707.0000    	 0.21991645E-02	 0.15399021E-02
  2707.0000    	  2708.0000    	 0.34477068E-02	 0.97963187E-03
  2708.0000    	  2709.0000    	 0.26450520E-02	 0.55554254E-03
  2709.0000    	  2710.0000    	-0.38121603E-03	 0.13188973E-02
  2710.0000    	  2711.0000    	 0.61931161E-02	 0.19909355E-02
  2711.0000    	  2712.0000    	 0.85963660E-02	 0.22786670E-02
  2712.0000    	  2713.0000    	 0.79930687E-02	 0.19222987E-02
  2713.0000    	  2714.0000    	 0.50753522E-02	 0.22152015E-02
  2714.0000    	  2715.0000    	 0.40464938E-02	 0.18115607E-02
  2715.0000    	  2716.0000    	 0.83661028E-03	 0.18373242E-02
  2716.0000    	  2717.0000    	 0.28156936E-02	 0.15163158E-02
  2717.0000    	  2718.0000    	 0.34982766E-02	 0.15633319E-02
  2718.0000    	  2719.0000    	 0.74612746E-02	 0.15033266E-02
  2719.0000    	  2720.0000    	 0.23329654E-02	 0.17352842E-02
  2720.0000    	  2721.0000    	 0.22073271E-02	 0.16508393E-02
  2721.0000    	  2722.0000    	 0.38286440E-02	 0.21595390E-02
  2722.0000    	  2723.0000    	 0.56318983E-02	 0.14428240E-02
  2723.0000    	  2724.0000    	 0.72839189E-02	 0.20199212E-02
  2724.0000    	  2725.0000    	 0.80081197E-02	 0.23828364E-02
  2725.0000    	  2726.0000    	 0.78448104E-02	 0.18111649E-02
  2726.0000    	  2727.0000    	 0.40265483E-02	 0.19341730E-02
  2727.0000    	  2728.0000    	 0.66889401E-03	 0.15749587E-02
  2728.0000    	  2729.0000    	 0.52275655E-02	 0.18464158E-02
  2729.0000    	  2730.0000    	 0.57470553E-02	 0.17798100E-02
  2730.0000    	  2731.0000    	 0.92004663E-02	 0.18822372E-02
  2731.0000    	  2732.0000    	 0.32531910E-02	 0.14357720E-02
  2732.0000    	  2733.0000    	 0.56926171E-02	 0.17643244E-02
  2733.0000    	  2734.0000    	 0.49540016E-02	 0.17832975E-02
  2734.0000    	  2735.0000    	 0.49119591E-02	 0.22787633E-02
  2735.0000    	  2736.0000    	 0.25396940E-02	 0.17881854E-02
  2736.0000    	  2737.0000    	 0.64198101E-02	 0.18002337E-02
  2737.0000    	  2738.0000    	 0.48254034E-02	 0.15069909E-02
  2738.0000    	  2739.0000    	 0.35092471E-02	 0.15484911E-02
  2739.0000    	  2740.0000    	 0.29645235E-02	 0.17926150E-02
  2740.0000    	  2741.0000    	 0.20289116E-02	 0.19787437E-02
  2741.0000    	  2742.0000    	 0.77944727E-03	 0.16520133E-02
  2742.0000    	  2743.0000    	 0.64595725E-02	 0.14188875E-02
  2743.0000    	  2744.0000    	 0.29211148E-02	 0.14152157E-02
  2744.0000    	  2745.0000    	 0.69902627E-02	 0.19134118E-02
  2745.0000    	  2746.0000    	 0.75815441E-03	 0.18304572E-02
  2746.0000    	  2747.0000    	 0.59717533E-02	 0.18533102E-02
  2747.0000    	  2748.0000    	 0.10499113E-02	 0.18880938E-02
  2748.0000    	  2749.0000    	 0.82492431E-03	 0.17788108E-02
  2749.0000    	  2750.0000    	 0.21359839E-02	 0.15761266E-02
  2750.0000    	  2751.0000    	 0.18495431E-02	 0.13682883E-02
  2751.0000    	  2752.0000    	 0.47547140E-02	 0.11849567E-02
  2752.0000    	  2753.0000    	 0.30749229E-02	 0.15254717E-02
  2753.0000    	  2754.0000    	 0.29186462E-03	 0.16468063E-02
  2754.0000    	  2755.0000    	 0.60972050E-02	 0.18700449E-02
  2755.0000    	  2756.0000    	 0.42116537E-02	 0.17444943E-02
  2756.0000    	  2757.0000    	 0.92895837E-02	 0.21876512E-02
  2757.0000    	  2758.0000    	 0.62247908E-02	 0.17797497E-02
  2758.0000    	  2759.0000    	 0.54609640E-02	 0.17503583E-02
  2759.0000    	  2760.0000    	 0.51140263E-02	 0.15266552E-02
  2760.0000    	  2761.0000    	-0.52200006E-04	 0.14065956E-02
  2761.0000    	  2762.0000    	 0.56910224E-02	 0.20660262E-02
  2762.0000    	  2763.0000    	 0.34854063E-02	 0.13033772E-02
  2763.0000    	  2764.0000    	 0.67644750E-02	 0.14211567E-02
  2764.0000    	  2765.0000    	 0.34104520E-02	 0.18627900E-02
  2765.0000    	  2766.0000    	 0.24225940E-02	 0.17775548E-02
  2766.0000    	  2767.0000    	 0.90679479E-02	 0.21147475E-02
  2767.0000    	  2768.0000    	 0.35327145E-04	 0.20948692E-02
  2768.0000    	  2769.0000    	 0.63568047E-02	 0.20114551E-02
  2769.0000    	  2770.0000    	 0.18760268E-02	 0.18170826E-02
  2770.0000    	  2771.0000    	-0.54276989E-03	 0.15587042E-02
  2771.0000    	  2772.0000    	-0.86020304E-03	 0.10201912E-02
  2772.0000    	  2773.0000    	 0.19546563E-02	 0.13701420E-02
  2773.0000    	  2774.0000    	 0.25284879E-02	 0.15845731E-02
  2774.0000    	  2775.0000    	 0.40777718E-02	 0.12997559E-02
  2775.0000    	  2776.0000    	 0.65135568E-02	 0.13017902E-02
  2776.0000    	  2777.0000    	 0.41280135E-02	 0.15558146E-02
  2777.0000    	  2778.0000    	 0.94945177E-02	 0.21125943E-02
  2778.0000    	  2779.0000    	 0.33881711E-02	 0.14533439E-02
  2779.0000    	  2780.0000    	 0.54134904E-02	 0.18453891E-02
  2780.0000    	  2781.0000    	 0.30902130E-02	 0.17196577E-02
  2781.0000    	  2782.0000    	 0.32990779E-02	 0.12634614E-02
  2782.0000    	  2783.0000    	-0.52995688E-03	 0.87814191E-03
  2783.0000    	  2784.0000    	 0.28686861E-02	 0.18348966E-02
  2784.0000    	  2785.0000    	 0.34214264E-02	 0.10869194E-02
  2785.0000    	  2786.0000    	 0.31260622E-02	 0.16313427E-02
  2786.0000    	  2787.0000    	 0.43314297E-02	 0.16476270E-02
  2787.0000    	  2788.0000    	 0.30290625E-02	 0.14666291E-02
  2788.0000    	  2789.0000    	 0.59011941E-02	 0.13264733E-02
  2789.0000    	  2790.0000    	 0.76247017E-02	 0.18595272E-02
  2790.0000    	  2791.0000    	 0.91803000E-02	 0.16382279E-02
  2791.0000    	  2792.0000    	 0.27021594E-02	 0.18975836E-02
  2792.0000    	  2793.0000    	 0.15922111E-02	 0.13425988E-02
  2793.0000    	  2794.0000    	-0.11180782E-02	 0.11379994E-02
  2794.0000    	  2795.0000    	 0.59791262E-02	 0.15399667E-02
  2795.0000    	  2796.0000    	 0.21526464E-02	 0.10776127E-02
  2796.0000    	  2797.0000    	 0.14484785E-02	 0.93550537E-03
  2797.0000    	  2798.0000    	 0.50487515E-02	 0.19145482E-02
  2798.0000    	  2799.0000    	 0.38683030E-02	 0.18303703E-02
  2799.0000    	  2800.0000    	 0.39841658E-02	 0.17923210E-02
  2800.0000    	  2801.0000    	 0.20904402E-02	 0.14809501E-02
  2801.0000    	  2802.0000    	 0.24049566E-03	 0.18235573E-02
  2802.0000    	  2803.0000    	 0.33881469E-02	 0.16732735E-02
  2803.0000    	  2804.0000    	 0.63675315E-03	 0.14451592E-02
  2804.0000    	  2805.0000    	 0.10988162E-02	 0.12084906E-02
  2805.0000    	  2806.0000    	 0.21397722E-02	 0.92569614E-03
  2806.0000    	  2807.0000    	 0.20671444E-02	 0.12604563E-02
  2807.0000    	  2808.0000    	 0.45200684E-02	 0.16085870E-02
  2808.0000    	  2809.0000    	 0.68322522E-02	 0.16406301E-02
  2809.0000    	  2810.0000    	 0.92591466E-02	 0.20287440E-02
  2810.0000    	  2811.0000    	 0.19599426E-02	 0.16617636E-02
  2811.0000    	  2812.0000    	 0.46666981E-02	 0.16966439E-02
  2812.0000    	  2813.0000    	 0.72648355E-02	 0.19818446E-02
  2813.0000    	  2814.0000    	 0.52711947E-02	 0.15976270E-02
  2814.0000    	  2815.0000    	 0.46233001E-02	 0.16609779E-02
  2815.0000    	  2816.0000    	 0.11450276E-02	 0.10879730E-02
  2816.0000    	  2817.0000    	 0.30957708E-02	 0.19285824E-02
  2817.0000    	  2818.0000    	 0.22199290E-02	 0.13871289E-02
  2818.0000    	  2819.0000    	 0.15891956E-02	 0.95721340E-03
  2819.0000    	  2820.0000    	 0.32943318E-02	 0.18621404E-02
  2820.0000    	  2821.0000    	 0.34690147E-04	 0.14623886E-02
  2821.0000    	  2822.0000    	 0.77640277E-02	 0.18046100E-02
  2822.0000    	  2823.0000    	 0.26647558E-02	 0.16287160E-02
  2823.0000    	  2824.0000    	 0.31509967E-02	 0.16764073E-02
  2824.0000    	  2825.0000    	 0.34794027E-02	 0.16060233E-02
  2825.0000    	  2826.0000    	 0.47517280E-02	 0.13600056E-02
  2826.0000    	  2827.0000    	 0.61120743E-03	 0.12081014E-02
  2827.0000    	  2828.0000    	 0.16606553E-02	 0.67662734E-03
  2828.0000    	  2829.0000    	 0.51923748E-02	 0.16303067E-02
  2829.0000    	  2830.0000    	 0.15414291E-03	 0.11485906E-03
  2830.0000    	  2831.0000    	 0.22656565E-02	 0.11379979E-02
  2831.0000    	  2832.0000    	 0.56883341E-02	 0.15968383E-02
  2832.0000    	  2833.0000    	 0.30956195E-02	 0.18536446E-02
  2833.0000    	  2834.0000    	 0.53518712E-02	 0.19177397E-02
  2834.0000    	  2835.0000    	 0.47899051E-02	 0.19075314E-02
  2835.0000    	  2836.0000    	 0.25595154E-02	 0.14799049E-02
  2836.0000    	  2837.0000    	-0.83501359E-04	 0.15766076E-02
  2837.0000    	  2838.0000    	 0.52278020E-03	 0.90152981E-03
  2838.0000    	  2839.0000    	 0.25643549E-02	 0.64453082E-03
  2839.0000    	  2840.0000    	 0.32224158E-02	 0.13804503E-02
  2840.0000    	  2841.0000    	 0.30899060E-02	 0.13937491E-02
  2841.0000    	  2842.0000    	 0.90766085E-03	 0.13259380E-02
  2842.0000    	  2843.0000    	 0.66993707E-02	 0.15110219E-02
  2843.0000    	  2844.0000    	 0.69237059E-02	 0.19571242E-02
  2844.0000    	  2845.0000    	 0.50248047E-02	 0.18012799E-02
  2845.0000    	  2846.0000    	 0.31492152E-02	 0.17702139E-02
  2846.0000    	  2847.0000    	 0.41062420E-02	 0.12118082E-02
  2847.0000    	  2848.0000    	 0.31218549E-02	 0.14235954E-02
  2848.0000    	  2849.0000    	 0.15782615E-02	 0.10215401E-02
  2849.0000    	  2850.0000    	 0.11078795E-02	 0.83154385E-03
  2850.0000    	  2851.0000    	 0.52615147E-02	 0.18897961E-02
  2851.0000    	  2852.0000    	 0.52757037E-02	 0.12130277E-02
  2852.0000    	  2853.0000    	 0.29348939E-02	 0.52247417E-03
  2853.0000    	  2854.0000    	 0.44230407E-02	 0.13764181E-02
  2854.0000    	  2855.0000    	 0.70886781E-02	 0.18726303E-02
  2855.0000    	  2856.0000    	 0.51666070E-02	 0.15360804E-02
  2856.0000    	  2857.0000    	 0.74435134E-02	 0.15270009E-02
  2857.0000    	  2858.0000    	 0.49813547E-02	 0.15845659E-02
  2858.0000    	  2859.0000    	 0.27268382E-02	 0.13728994E-02
  2859.0000    	  2860.0000    	-0.38245156E-03	 0.11165234E-02
  2860.0000    	  2861.0000    	 0.33181264E-02	 0.14129856E-02
  2861.0000    	  2862.0000    	 0.38434303E-02	 0.14826547E-02
  2862.0000    	  2863.0000    	 0.16275081E-02	 0.17266132E-02
  2863.0000    	  2864.0000    	 0.39674846E-02	 0.11014208E-02
  2864.0000    	  2865.0000    	 0.28733131E-02	 0.13202390E-02
  2865.0000    	  2866.0000    	 0.39087048E-02	 0.16573040E-02
  2866.0000    	  2867.0000    	 0.39391292E-02	 0.16518362E-02
  2867.0000    	  2868.0000    	 0.69916666E-02	 0.13679609E-02
  2868.0000    	  2869.0000    	 0.81765700E-02	 0.17020694E-02
  2869.0000    	  2870.0000    	 0.40918958E-02	 0.13136498E-02
  2870.0000    	  2871.0000    	 0.45794208E-03	 0.11046698E-02
  2871.0000    	  2872.0000    	 0.37033794E-02	 0.14674582E-02
  2872.0000    	  2873.0000    	 0.35181271E-02	 0.15002432E-02
  2873.0000    	  2874.0000    	 0.29807091E-02	 0.13761213E-02
  2874.0000    	  2875.0000    	 0.50460240E-02	 0.18468564E-02
  2875.0000    	  2876.0000    	 0.40189138E-02	 0.17447272E-02
  2876.0000    	  2877.0000    	 0.46812514E-02	 0.18489909E-02
  2877.0000    	  2878.0000    	 0.48439908E-02	 0.17597798E-02
  2878.0000    	  2879.0000    	 0.42158970E-02	 0.15540904E-02
  2879.0000    	  2880.0000    	 0.22792943E-02	 0.16072294E-02
  2880.0000    	  2881.0000    	 0.32581898E-02	 0.14922451E-02
  2881.0000    	  2882.0000    	-0.63641175E-03	 0.12379763E-02
  2882.0000    	  2883.0000    	 0.32001160E-02	 0.13071415E-02
  2883.0000    	  2884.0000    	 0.48788166E-02	 0.10627227E-02
  2884.0000    	  2885.0000    	 0.37273105E-02	 0.14459767E-02
  2885.0000    	  2886.0000    	 0.30515632E-02	 0.15786682E-02
  2886.0000    	  2887.0000    	 0.98880436E-03	 0.15800156E-02
  2887.0000    	  2888.0000    	 0.66458895E-02	 0.17174266E-02
  2888.0000    	  2889.0000    	 0.79657760E-02	 0.16842207E-02
  2889.0000    	  2890.0000    	 0.56234728E-03	 0.13861015E-02
  2890.0000    	  2891.0000    	 0.62886108E-03	 0.15296030E-02
  2891.0000    	  2892.0000    	-0.19626022E-02	 0.12403947E-02
  2892.0000    	  2893.0000    	 0.10829391E-02	 0.12625237E-02
  2893.0000    	  2894.0000    	 0.43605910E-02	 0.10474723E-02
  2894.0000    	  2895.0000    	 0.18817068E-02	 0.12042827E-02
  2895.0000    	  2896.0000    	 0.28163582E-02	 0.12666042E-02
  2896.0000    	  2897.0000    	 0.73480869E-02	 0.16964712E-02
  2897.0000    	  2898.0000    	 0.73304899E-02	 0.16241797E-02
  2898.0000    	  2899.0000    	 0.25222098E-02	 0.16213471E-02
  2899.0000    	  2900.0000    	 0.58801817E-02	 0.17592820E-02
  2900.0000    	  2901.0000    	 0.34169430E-02	 0.12187757E-02
  2901.0000    	  2902.0000    	 0.38720423E-02	 0.14342474E-02
  2902.0000    	  2903.0000    	 0.26284578E-03	 0.13649793E-02
  2903.0000    	  2904.0000    	 0.44820849E-03	 0.12448412E-02
  2904.0000    	  2905.0000    	 0.51630322E-02	 0.16676538E-02
  2905.0000    	  2906.0000    	 0.17324103E-02	 0.14006207E-02
  2906.0000    	  2907.0000    	 0.17413681E-02	 0.86265035E-03
  2907.0000    	  2908.0000    	 0.37845999E-02	 0.15513478E-02
  2908.0000    	  2909.0000    	 0.30896879E-02	 0.11392367E-02
  2909.0000    	  2910.0000    	 0.45072755E-02	 0.14892333E-02
  2910.0000    	  2911.0000    	 0.29876517E-02	 0.17366695E-02
  2911.0000    	  2912.0000    	 0.47811447E-02	 0.16713246E-02
  2912.0000    	  2913.0000    	 0.50695679E-02	 0.15061250E-02
  2913.0000    	  2914.0000    	 0.26301774E-02	 0.12024788E-02
  2914.0000    	  2915.0000    	-0.36001317E-03	 0.10272932E-02
  2915.0000    	  2916.0000    	 0.50579162E-02	 0.14670188E-02
  2916.0000    	  2917.0000    	 0.83083658E-03	 0.86724876E-03
  2917.0000    	  2918.0000    	 0.43007515E-02	 0.17313839E-02
  2918.0000    	  2919.0000    	 0.16967283E-02	 0.16805414E-02
  2919.0000    	  2920.0000    	 0.40610887E-03	 0.12785333E-02
  2920.0000    	  2921.0000    	 0.51742832E-02	 0.15189819E-02
  2921.0000    	  2922.0000    	 0.71099420E-02	 0.16120694E-02
  2922.0000    	  2923.0000    	 0.54967206E-02	 0.14029322E-02
  2923.0000    	  2924.0000    	 0.46080978E-02	 0.15754706E-02
  2924.0000    	  2925.0000    	 0.28045621E-03	 0.12457493E-02
  2925.0000    	  2926.0000    	-0.11581462E-02	 0.10432645E-02
  2926.0000    	  2927.0000    	 0.35707222E-02	 0.11541124E-02
  2927.0000    	  2928.0000    	-0.36737758E-03	 0.11593204E-02
  2928.0000    	  2929.0000    	 0.18500338E-02	 0.14692333E-02
  2929.0000    	  2930.0000    	 0.18350667E-02	 0.19171752E-02
  2930.0000    	  2931.0000    	 0.62413140E-02	 0.15949107E-02
  2931.0000    	  2932.0000    	 0.42871143E-02	 0.16752183E-02
  2932.0000    	  2933.0000    	 0.54361372E-02	 0.15052927E-02
  2933.0000    	  2934.0000    	 0.15647752E-02	 0.14925092E-02
  2934.0000    	  2935.0000    	 0.45931160E-02	 0.13288495E-02
  2935.0000    	  2936.0000    	-0.34906108E-03	 0.10615605E-02
  2936.0000    	  2937.0000    	-0.10907656E-02	 0.74357419E-03
  2937.0000    	  2938.0000    	 0.13736444E-02	 0.81629809E-03
  2938.0000    	  2939.0000    	 0.56238534E-02	 0.12639238E-02
  2939.0000    	  2940.0000    	 0.30053912E-02	 0.11655600E-02
  2940.0000    	  2941.0000    	 0.34959263E-02	 0.12031695E-02
  2941.0000    	  2942.0000    	 0.27097812E-02	 0.17709542E-02
  2942.0000    	  2943.0000    	 0.20158846E-02	 0.15207163E-02
  2943.0000    	  2944.0000    	 0.24995302E-02	 0.17296800E-02
  2944.0000    	  2945.0000    	 0.26233571E-02	 0.10874780E-02
  2945.0000    	  2946.0000    	-0.57386284E-03	 0.15526947E-02
  2946.0000    	  2947.0000    	 0.15061753E-02	 0.12511557E-02
  2947.0000    	  2948.0000    	-0.11636048E-03	 0.10214909E-02
  2948.0000    	  2949.0000    	-0.11084761E-02	 0.10936755E-02
  2949.0000    	  2950.0000    	 0.12192820E-02	 0.48336252E-03
  2950.0000    	  2951.0000    	 0.43890794E-02	 0.12878603E-02
  2951.0000    	  2952.0000    	 0.66447545E-02	 0.15800379E-02
  2952.0000    	  2953.0000    	 0.39402585E-02	 0.14222316E-02
  2953.0000    	  2954.0000    	 0.78407941E-02	 0.14058538E-02
  2954.0000    	  2955.0000    	 0.29196945E-02	 0.15089785E-02
  2955.0000    	  2956.0000    	 0.49892210E-03	 0.15807310E-02
  2956.0000    	  2957.0000    	-0.16207498E-02	 0.15381127E-02
  2957.0000    	  2958.0000    	 0.33693885E-02	 0.10802825E-02
  2958.0000    	  2959.0000    	 0.13322206E-02	 0.11909054E-02
  2959.0000    	  2960.0000    	 0.19957612E-03	 0.14580782E-02
  2960.0000    	  2961.0000    	 0.14673334E-02	 0.92491004E-03
  2961.0000    	  2962.0000    	 0.47509076E-02	 0.14926896E-02
  2962.0000    	  2963.0000    	 0.62101899E-03	 0.20384260E-03
  2963.0000    	  2964.0000    	 0.61600386E-02	 0.13181439E-02
  2964.0000    	  2965.0000    	 0.39957490E-02	 0.13418154E-02
  2965.0000    	  2966.0000    	 0.56889585E-02	 0.16176933E-02
  2966.0000    	  2967.0000    	 0.45507443E-02	 0.14965892E-02
  2967.0000    	  2968.0000    	 0.16288142E-02	 0.90324743E-03
  2968.0000    	  2969.0000    	 0.30976690E-02	 0.10375203E-02
  2969.0000    	  2970.0000    	-0.13284353E-02	 0.72864227E-03
  2970.0000    	  2971.0000    	 0.19809413E-02	 0.87727861E-03
  2971.0000    	  2972.0000    	 0.29681063E-02	 0.84535998E-03
  2972.0000    	  2973.0000    	 0.38669492E-02	 0.12163972E-02
  2973.0000    	  2974.0000    	 0.38801895E-02	 0.12484549E-02
  2974.0000    	  2975.0000    	 0.43167267E-02	 0.15676670E-02
  2975.0000    	  2976.0000    	 0.27028444E-02	 0.18493307E-02
  2976.0000    	  2977.0000    	 0.68312580E-02	 0.14097215E-02
  2977.0000    	  2978.0000    	 0.40657061E-02	 0.10969888E-02
  2978.0000    	  2979.0000    	 0.28110691E-02	 0.15066961E-02
  2979.0000    	  2980.0000    	 0.13460596E-02	 0.12195551E-02
  2980.0000    	  2981.0000    	 0.18068686E-02	 0.86638526E-03
  2981.0000    	  2982.0000    	 0.79798683E-03	 0.68313521E-03
  2982.0000    	  2983.0000    	 0.14811823E-02	 0.59007557E-03
  2983.0000    	  2984.0000    	 0.39564979E-02	 0.15046609E-02
  2984.0000    	  2985.0000    	 0.44072203E-02	 0.15689427E-02
  2985.0000    	  2986.0000    	 0.36868823E-02	 0.94038007E-03
  2986.0000    	  2987.0000    	 0.46669982E-02	 0.14840562E-02
  2987.0000    	  2988.0000    	 0.55008259E-02	 0.16629011E-02
  2988.0000    	  2989.0000    	 0.30645314E-02	 0.14796198E-02
  2989.0000    	  2990.0000    	 0.24416207E-02	 0.13337113E-02
  2990.0000    	  2991.0000    	 0.18933469E-02	 0.12231676E-02
  2991.0000    	  2992.0000    	 0.83830581E-03	 0.13813529E-02
  2992.0000    	  2993.0000    	 0.25020918E-02	 0.15063973E-02
  2993.0000    	  2994.0000    	 0.92104060E-03	 0.47270636E-03
  2994.0000    	  2995.0000    	 0.39668718E-02	 0.13115127E-02
  2995.0000    	  2996.0000    	 0.21765961E-02	 0.59941265E-03
  2996.0000    	  2997.0000    	 0.17329493E-02	 0.38143247E-03
  2997.0000    	  2998.0000    	 0.31150965E-02	 0.13074792E-02
  2998.0000    	  2999.0000    	 0.13100374E-02	 0.14735872E-02
  2999.0000    	  3000.0000    	 0.50944194E-02	 0.14389293E-02
  3000.0000    	  3001.0000    	 0.18295534E-03	 0.11622311E-02
  3001.0000    	  3002.0000    	 0.12407280E-03	 0.10524084E-02
  3002.0000    	  3003.0000    	 0.20103625E-02	 0.94961608E-03
  3003.0000    	  3004.0000    	 0.56036257E-03	 0.34256663E-03
  3004.0000    	  3005.0000    	 0.26097203E-02	 0.12949515E-02
  3005.0000    	  3006.0000    	 0.69655276E-02	 0.15752999E-02
  3006.0000    	  3007.0000    	 0.17884667E-02	 0.15366767E-02
  3007.0000    	  3008.0000    	 0.40865873E-02	 0.14689193E-02
  3008.0000    	  3009.0000    	 0.67615392E-02	 0.18955531E-02
  3009.0000    	  3010.0000    	 0.33930116E-02	 0.62364915E-03
  3010.0000    	  3011.0000    	 0.39916014E-02	 0.12322618E-02
  3011.0000    	  3012.0000    	 0.42542991E-02	 0.13631948E-02
  3012.0000    	  3013.0000    	 0.22787762E-02	 0.10849761E-02
  3013.0000    	  3014.0000    	 0.13322592E-02	 0.99255508E-03
  3014.0000    	  3015.0000    	 0.16730241E-02	 0.10321422E-02
  3015.0000    	  3016.0000    	 0.19354675E-02	 0.11414969E-02
  3016.0000    	  3017.0000    	 0.38165391E-02	 0.12480388E-02
  3017.0000    	  3018.0000    	 0.27181801E-02	 0.98384482E-03
  3018.0000    	  3019.0000    	 0.67013421E-02	 0.17054113E-02
  3019.0000    	  3020.0000    	 0.33659245E-02	 0.12459332E-02
  3020.0000    	  3021.0000    	 0.39221849E-02	 0.14962003E-02
  3021.0000    	  3022.0000    	 0.39443443E-02	 0.12270278E-02
  3022.0000    	  3023.0000    	 0.18179805E-02	 0.13583869E-02
  3023.0000    	  3024.0000    	-0.28034603E-03	 0.83244331E-03
  3024.0000    	  3025.0000    	 0.15725764E-02	 0.11302639E-02
  3025.0000    	  3026.0000    	 0.57008666E-03	 0.49064612E-03
  3026.0000    	  3027.0000    	 0.25317959E-02	 0.13004660E-02
  3027.0000    	  3028.0000    	 0.21859448E-02	 0.60123978E-03
  3028.0000    	  3029.0000    	 0.22061652E-02	 0.98669484E-03
  3029.0000    	  3030.0000    	 0.27327823E-02	 0.10390261E-02
  3030.0000    	  3031.0000    	 0.15116281E-02	 0.14019850E-02
  3031.0000    	  3032.0000    	 0.24556590E-02	 0.13201239E-02
  3032.0000    	  3033.0000    	 0.63499122E-03	 0.12839811E-02
  3033.0000    	  3034.0000    	 0.39163603E-02	 0.12604154E-02
  3034.0000    	  3035.0000    	 0.11225864E-02	 0.98911563E-03
  3035.0000    	  3036.0000    	-0.15111195E-02	 0.87174980E-03
  3036.0000    	  3037.0000    	 0.18480491E-02	 0.64461702E-03
  3037.0000    	  3038.0000    	 0.21705584E-02	 0.14230319E-02
  3038.0000    	  3039.0000    	 0.27731135E-02	 0.11046132E-02
  3039.0000    	  3040.0000    	 0.37748183E-02	 0.12713293E-02
  3040.0000    	  3041.0000    	 0.21700689E-02	 0.15826991E-02
  3041.0000    	  3042.0000    	 0.37495665E-02	 0.13183188E-02
  3042.0000    	  3043.0000    	 0.30871699E-02	 0.12495785E-02
  3043.0000    	  3044.0000    	 0.17647634E-02	 0.12368674E-02
  3044.0000    	  3045.0000    	 0.27411321E-02	 0.11389483E-02
  3045.0000    	  3046.0000    	-0.18845284E-02	 0.11313190E-02
  3046.0000    	  3047.0000    	-0.76131590E-03	 0.90996770E-03
  3047.0000    	  3048.0000    	 0.35333534E-02	 0.79729028E-03
  3048.0000    	  3049.0000    	 0.17358526E-02	 0.55047528E-03
  3049.0000    	  3050.0000    	 0.25009700E-02	 0.86436924E-03
  3050.0000    	  3051.0000    	 0.28281410E-02	 0.69329743E-03
  3051.0000    	  3052.0000    	 0.34650036E-02	 0.12894893E-02
  3052.0000    	  3053.0000    	 0.39986225E-02	 0.90406091E-03
  3053.0000    	  3054.0000    	 0.16221183E-02	 0.11933785E-02
  3054.0000    	  3055.0000    	 0.36561586E-02	 0.11473797E-02
  3055.0000    	  3056.0000    	 0.40187123E-04	 0.12316738E-02
  3056.0000    	  3057.0000    	 0.48834486E-03	 0.46632272E-03
  3057.0000    	  3058.0000    	 0.12390580E-02	 0.92763538E-03
  3058.0000    	  3059.0000    	 0.79597449E-03	 0.47794055E-03
  3059.0000    	  3060.0000    	 0.21974213E-03	 0.47970406E-03
  3060.0000    	  3061.0000    	 0.36223368E-02	 0.13151309E-02
  3061.0000    	  3062.0000    	 0.34495642E-03	 0.82590313E-03
  3062.0000    	  3063.0000    	 0.21457481E-02	 0.93723187E-03
  3063.0000    	  3064.0000    	 0.35101148E-02	 0.13282958E-02
  3064.0000    	  3065.0000    	 0.55132132E-02	 0.14298555E-02
  3065.0000    	  3066.0000    	 0.56717511E-03	 0.12139096E-02
  3066.0000    	  3067.0000    	 0.23732976E-02	 0.12620381E-02
  3067.0000    	  3068.0000    	 0.41956383E-03	 0.96671584E-03
  3068.0000    	  3069.0000    	 0.48167257E-03	 0.90349653E-03
  3069.0000    	  3070.0000    	 0.19224344E-02	 0.45578003E-03
  3070.0000    	  3071.0000    	 0.20823644E-02	 0.72912153E-03
  3071.0000    	  3072.0000    	 0.66720045E-03	 0.38429716E-03
  3072.0000    	  3073.0000    	 0.10519135E-02	 0.37688365E-03
  3073.0000    	  3074.0000    	 0.31635492E-02	 0.12813681E-02
  3074.0000    	  3075.0000    	 0.44185947E-02	 0.92428780E-03
  3075.0000    	  3076.0000    	 0.44955205E-02	 0.13787898E-02
  3076.0000    	  3077.0000    	 0.39874708E-02	 0.11849980E-02
  3077.0000    	  3078.0000    	 0.34986495E-04	 0.88275649E-03
  3078.0000    	  3079.0000    	-0.53121375E-03	 0.77838909E-03
  3079.0000    	  3080.0000    	 0.25644029E-02	 0.69808121E-03
  3080.0000    	  3081.0000    	 0.25948070E-03	 0.22658659E-03
  3081.0000    	  3082.0000    	 0.17264731E-02	 0.92032929E-03
  3082.0000    	  3083.0000    	 0.18312151E-02	 0.96970060E-03
  3083.0000    	  3084.0000    	 0.22612867E-02	 0.74919209E-03
  3084.0000    	  3085.0000    	 0.26401477E-02	 0.12379184E-02
  3085.0000    	  3086.0000    	 0.28000859E-02	 0.71806265E-03
  3086.0000    	  3087.0000    	 0.29145106E-02	 0.14934282E-02
  3087.0000    	  3088.0000    	 0.33899601E-02	 0.13357150E-02
  3088.0000    	  3089.0000    	 0.35750317E-02	 0.10570343E-02
  3089.0000    	  3090.0000    	 0.28323105E-03	 0.11773501E-02
  3090.0000    	  3091.0000    	-0.14362835E-02	 0.86646456E-03
  3091.0000    	  3092.0000    	 0.54026793E-04	 0.33397988E-03
  3092.0000    	  3093.0000    	 0.52185888E-02	 0.10633807E-02
  3093.0000    	  3094.0000    	 0.33199633E-02	 0.63075585E-03
  3094.0000    	  3095.0000    	 0.39359203E-02	 0.13349415E-02
  3095.0000    	  3096.0000    	 0.57115036E-02	 0.16271538E-02
  3096.0000    	  3097.0000    	 0.31474289E-02	 0.12446019E-02
  3097.0000    	  3098.0000    	 0.13655220E-02	 0.12053178E-02
  3098.0000    	  3099.0000    	 0.78141972E-03	 0.12858031E-02
  3099.0000    	  3100.0000    	 0.27159269E-03	 0.11999645E-02
  3100.0000    	  3101.0000    	 0.34479829E-02	 0.12817925E-02
  3101.0000    	  3102.0000    	 0.12288302E-02	 0.49474535E-03
  3102.0000    	  3103.0000    	 0.21524559E-02	 0.86387888E-03
  3103.0000    	  3104.0000    	 0.93590230E-03	 0.83491016E-03
  3104.0000    	  3105.0000    	 0.18414405E-02	 0.10160463E-02
  3105.0000    	  3106.0000    	 0.15023405E-02	 0.27672892E-03
  3106.0000    	  3107.0000    	 0.94760453E-03	 0.77971088E-03
  3107.0000    	  3108.0000    	 0.22664886E-02	 0.11104082E-02
  3108.0000    	  3109.0000    	 0.62391631E-02	 0.10998573E-02
  3109.0000    	  3110.0000    	 0.16128181E-02	 0.11402698E-02
  3110.0000    	  3111.0000    	 0.24316525E-02	 0.94734046E-03
  3111.0000    	  3112.0000    	-0.58768052E-03	 0.11633975E-02
  3112.0000    	  3113.0000    	-0.46860983E-03	 0.78829506E-03
  3113.0000    	  3114.0000    	 0.29945798E-02	 0.95601988E-03
  3114.0000    	  3115.0000    	 0.29233594E-02	 0.81531662E-03
  3115.0000    	  3116.0000    	 0.25087905E-02	 0.96572143E-03
  3116.0000    	  3117.0000    	 0.12135381E-02	 0.64207053E-03
  3117.0000    	  3118.0000    	 0.48384441E-02	 0.65819219E-03
  3118.0000    	  3119.0000    	 0.13792239E-02	 0.13583728E-02
  3119.0000    	  3120.0000    	 0.25737205E-02	 0.99992847E-03
  3120.0000    	  3121.0000    	 0.38776900E-02	 0.11529323E-02
  3121.0000    	  3122.0000    	 0.41851898E-02	 0.12317467E-02
  3122.0000    	  3123.0000    	 0.99492687E-03	 0.11489377E-02
  3123.0000    	  3124.0000    	 0.18142052E-03	 0.65739362E-03
