3.91558e-06,3.78613e-06,3.65988e-06,3.50924e-06,3.36174e-06,3.23551e-06,3.11476e-06,2.98652e-06,2.86831e-06,2.73703e-06,2.63215e-06
3.64791e-06,3.49951e-06,3.38049e-06,3.25944e-06,3.1154e-06,3.0022e-06,2.87645e-06,2.76893e-06,2.64939e-06,2.53986e-06,2.43729e-06
3.37885e-06,3.24698e-06,3.15411e-06,3.04029e-06,2.90722e-06,2.79085e-06,2.6904e-06,2.57676e-06,2.46988e-06,2.36497e-06,2.25882e-06
3.14979e-06,3.02698e-06,2.93165e-06,2.82726e-06,2.70909e-06,2.603e-06,2.50062e-06,2.39742e-06,2.29565e-06,2.20141e-06,2.10068e-06
2.95518e-06,2.83964e-06,2.75166e-06,2.65489e-06,2.54578e-06,2.44428e-06,2.35115e-06,2.24695e-06,2.1533e-06,2.06521e-06,1.9672e-06
2.79693e-06,2.67626e-06,2.59222e-06,2.50337e-06,2.40202e-06,2.30964e-06,2.22286e-06,2.1198e-06,2.03185e-06,1.94818e-06,1.85195e-06
2.63282e-06,2.52849e-06,2.44993e-06,2.36434e-06,2.26984e-06,2.17861e-06,2.10028e-06,1.99456e-06,1.91456e-06,1.83532e-06,1.74258e-06
2.49767e-06,2.3969e-06,2.32242e-06,2.24065e-06,2.15285e-06,2.06631e-06,1.99225e-06,1.88843e-06,1.81261e-06,1.73675e-06,1.64689e-06
2.37527e-06,2.27781e-06,2.20746e-06,2.12877e-06,2.04727e-06,1.96478e-06,1.89288e-06,1.79295e-06,1.71966e-06,1.6467e-06,1.56028e-06
2.2642e-06,2.16957e-06,2.10318e-06,2.02766e-06,1.95238e-06,1.87401e-06,1.80189e-06,1.70684e-06,1.6351e-06,1.56468e-06,1.48277e-06
2.16068e-06,2.072e-06,2.00916e-06,1.93492e-06,1.86408e-06,1.78855e-06,1.71685e-06,1.62802e-06,1.55739e-06,1.48879e-06,1.41084e-06
2.06531e-06,1.98316e-06,1.92278e-06,1.85178e-06,1.7856e-06,1.7098e-06,1.63997e-06,1.55696e-06,1.48644e-06,1.42e-06,1.34673e-06
1.97784e-06,1.90049e-06,1.8428e-06,1.77231e-06,1.70901e-06,1.63954e-06,1.56736e-06,1.48948e-06,1.42086e-06,1.35568e-06,1.28698e-06
1.89605e-06,1.8251e-06,1.76949e-06,1.70026e-06,1.6404e-06,1.57315e-06,1.50188e-06,1.42871e-06,1.361e-06,1.29723e-06,1.23226e-06
1.82025e-06,1.75428e-06,1.70071e-06,1.6334e-06,1.5759e-06,1.51126e-06,1.44078e-06,1.3712e-06,1.30529e-06,1.24321e-06,1.18159e-06
1.75152e-06,1.68777e-06,1.63874e-06,1.57227e-06,1.5164e-06,1.45517e-06,1.38472e-06,1.3191e-06,1.2549e-06,1.1942e-06,1.13493e-06
1.6825e-06,1.62744e-06,1.58085e-06,1.51476e-06,1.45994e-06,1.40114e-06,1.33533e-06,1.27009e-06,1.20789e-06,1.14841e-06,1.09247e-06
1.6228e-06,1.56887e-06,1.52139e-06,1.46047e-06,1.40714e-06,1.3488e-06,1.28408e-06,1.2228e-06,1.16201e-06,1.10416e-06,1.04929e-06
1.56528e-06,1.51466e-06,1.46956e-06,1.41036e-06,1.35836e-06,1.30175e-06,1.2393e-06,1.18114e-06,1.12068e-06,1.06449e-06,1.01093e-06
1.51201e-06,1.463e-06,1.42006e-06,1.36386e-06,1.31259e-06,1.25772e-06,1.19718e-06,1.14103e-06,1.08233e-06,1.02693e-06,9.74735e-07
1.4604e-06,1.41435e-06,1.37296e-06,1.31781e-06,1.26822e-06,1.21467e-06,1.15649e-06,1.10304e-06,1.04502e-06,9.91688e-07,9.39929e-07
1.41238e-06,1.36777e-06,1.32893e-06,1.27548e-06,1.22683e-06,1.17408e-06,1.11881e-06,1.06694e-06,1.01097e-06,9.58034e-07,9.06912e-07
1.36771e-06,1.32241e-06,1.28677e-06,1.23453e-06,1.18721e-06,1.13551e-06,1.08162e-06,1.03188e-06,9.77558e-07,9.27447e-07,8.76452e-07
1.3248e-06,1.28243e-06,1.24632e-06,1.19788e-06,1.15136e-06,1.10181e-06,1.04902e-06,1.00008e-06,9.47517e-07,8.97779e-07,8.48214e-07
1.28427e-06,1.24483e-06,1.20658e-06,1.16162e-06,1.11872e-06,1.06555e-06,1.01592e-06,9.68654e-07,9.17216e-07,8.71625e-07,8.20114e-07
1.24351e-06,1.20615e-06,1.17046e-06,1.12498e-06,1.0815e-06,1.03458e-06,9.84092e-07,9.38855e-07,8.88963e-07,8.42029e-07,7.93412e-07
1.20849e-06,1.17339e-06,1.13862e-06,1.09311e-06,1.0514e-06,1.00568e-06,9.56053e-07,9.11416e-07,8.6421e-07,8.18231e-07,7.70251e-07
1.17324e-06,1.1395e-06,1.10485e-06,1.06235e-06,1.02185e-06,9.77081e-07,9.28553e-07,8.85985e-07,8.38861e-07,7.92833e-07,7.46278e-07
1.13997e-06,1.10796e-06,1.07343e-06,1.03349e-06,9.9323e-07,9.49591e-07,9.03145e-07,8.60765e-07,8.14625e-07,7.71367e-07,7.24711e-07
1.10955e-06,1.08035e-06,1.04419e-06,1.00625e-06,9.66436e-07,9.25661e-07,8.79626e-07,8.37914e-07,7.92557e-07,7.49648e-07,7.04785e-07
1.0799e-06,1.05018e-06,1.0167e-06,9.79688e-07,9.4121e-07,8.99818e-07,8.55902e-07,8.14867e-07,7.70914e-07,7.29273e-07,6.84513e-07
1.05184e-06,1.02263e-06,9.90087e-07,9.5421e-07,9.1639e-07,8.76545e-07,8.33558e-07,7.93104e-07,7.50292e-07,7.08748e-07,6.65451e-07
1.02563e-06,9.97155e-07,9.65249e-07,9.3051e-07,8.93489e-07,8.5454e-07,8.12836e-07,7.72902e-07,7.31006e-07,6.90083e-07,6.47745e-07
1.00082e-06,9.72951e-07,9.41652e-07,9.08025e-07,8.71746e-07,8.33632e-07,7.9315e-07,7.53729e-07,7.12672e-07,6.72335e-07,6.3094e-07
9.77779e-07,9.50485e-07,9.19854e-07,8.8681e-07,8.51774e-07,8.14193e-07,7.74536e-07,7.35988e-07,6.95764e-07,6.55214e-07,6.15042e-07
9.54686e-07,9.27994e-07,8.97957e-07,8.66236e-07,8.31779e-07,7.94803e-07,7.56545e-07,7.18154e-07,6.78593e-07,6.3923e-07,5.99573e-07
9.33124e-07,9.06781e-07,8.77456e-07,8.46558e-07,8.12425e-07,7.76594e-07,7.39263e-07,7.01424e-07,6.62448e-07,6.236e-07,5.84949e-07
9.12469e-07,8.86615e-07,8.57932e-07,8.27795e-07,7.94351e-07,7.59231e-07,7.22743e-07,6.8546e-07,6.47074e-07,6.08672e-07,5.70919e-07
8.92745e-07,8.67303e-07,8.39267e-07,8.0984e-07,7.77073e-07,7.42589e-07,7.0692e-07,6.70169e-07,6.32345e-07,5.94401e-07,5.57476e-07
8.73815e-07,8.48858e-07,8.21517e-07,7.9266e-07,7.60678e-07,7.26761e-07,6.91695e-07,6.55533e-07,6.18204e-07,5.80784e-07,5.44703e-07
8.54918e-07,8.30577e-07,8.03688e-07,7.7547e-07,7.44145e-07,7.10883e-07,6.76536e-07,6.40846e-07,6.04033e-07,5.67111e-07,5.31766e-07
8.36885e-07,8.13033e-07,7.86763e-07,7.5905e-07,7.28429e-07,6.95746e-07,6.61995e-07,6.26851e-07,5.90513e-07,5.54076e-07,5.19445e-07
8.19515e-07,7.96235e-07,7.70504e-07,7.43348e-07,7.1339e-07,6.81277e-07,6.48043e-07,6.13426e-07,5.77647e-07,5.41628e-07,5.07675e-07
8.01897e-07,7.79048e-07,7.53942e-07,7.27223e-07,6.97946e-07,6.66403e-07,6.33658e-07,5.99612e-07,5.64202e-07,5.28848e-07,4.95606e-07
7.85711e-07,7.63479e-07,7.3875e-07,7.12456e-07,6.8395e-07,6.5287e-07,6.20617e-07,5.87049e-07,5.52093e-07,5.17331e-07,4.84762e-07
7.67725e-07,7.45878e-07,7.2197e-07,6.96114e-07,6.68159e-07,6.37726e-07,6.05858e-07,5.72932e-07,5.38441e-07,5.04297e-07,4.72388e-07
7.51967e-07,7.3059e-07,7.07141e-07,6.8181e-07,6.54453e-07,6.24514e-07,5.93143e-07,5.60705e-07,5.2673e-07,4.93077e-07,4.61757e-07
7.33984e-07,7.13091e-07,6.90294e-07,6.65242e-07,6.38409e-07,6.09211e-07,5.78215e-07,5.4642e-07,5.12899e-07,4.80053e-07,4.49435e-07
7.16899e-07,6.96448e-07,6.74253e-07,6.49673e-07,6.23391e-07,5.94729e-07,5.64264e-07,5.32953e-07,5.00102e-07,4.67791e-07,4.37841e-07
6.99902e-07,6.79793e-07,6.58258e-07,6.34116e-07,6.0834e-07,5.80322e-07,5.50301e-07,5.19579e-07,4.87294e-07,4.55559e-07,4.26196e-07
6.82481e-07,6.62856e-07,6.41733e-07,6.18204e-07,5.9293e-07,5.65378e-07,5.35912e-07,5.05754e-07,4.74109e-07,4.43135e-07,4.14487e-07
6.65255e-07,6.45993e-07,6.25523e-07,6.02063e-07,5.7734e-07,5.50493e-07,5.21525e-07,4.91916e-07,4.60871e-07,4.30738e-07,4.02637e-07
6.47473e-07,6.28585e-07,6.08855e-07,5.86138e-07,5.62015e-07,5.35663e-07,5.06951e-07,4.78121e-07,4.4797e-07,4.18206e-07,3.90693e-07
6.29434e-07,6.11042e-07,5.91851e-07,5.69244e-07,5.45474e-07,5.19895e-07,4.91867e-07,4.63671e-07,4.339e-07,4.05147e-07,3.7847e-07
6.10827e-07,5.92874e-07,5.74169e-07,5.52275e-07,5.29163e-07,5.04108e-07,4.76607e-07,4.4907e-07,4.20105e-07,3.92154e-07,3.6619e-07
5.92662e-07,5.75046e-07,5.57024e-07,5.35585e-07,5.12988e-07,4.88548e-07,4.6154e-07,4.3486e-07,4.0646e-07,3.79219e-07,3.54003e-07
5.74128e-07,5.56868e-07,5.39356e-07,5.1824e-07,4.96342e-07,4.7248e-07,4.46118e-07,4.19922e-07,3.92466e-07,3.66003e-07,3.41571e-07
5.55135e-07,5.3834e-07,5.21548e-07,5.00823e-07,4.79317e-07,4.56135e-07,4.30382e-07,4.04992e-07,3.78304e-07,3.52626e-07,3.28853e-07
5.36242e-07,5.19822e-07,5.03416e-07,4.83309e-07,4.62361e-07,4.39823e-07,4.14706e-07,3.90058e-07,3.64131e-07,3.39267e-07,3.16248e-07
5.17925e-07,5.0182e-07,4.86418e-07,4.66295e-07,4.45937e-07,4.23988e-07,3.99244e-07,3.75503e-07,3.50068e-07,3.26022e-07,3.03745e-07
4.99391e-07,4.83731e-07,4.68087e-07,4.48711e-07,4.28684e-07,4.07682e-07,3.83773e-07,3.60564e-07,3.3608e-07,3.12869e-07,2.9135e-07
4.79643e-07,4.64291e-07,4.4957e-07,4.30726e-07,4.11462e-07,3.90772e-07,3.67668e-07,3.45302e-07,3.21754e-07,2.9926e-07,2.78532e-07
4.60691e-07,4.45747e-07,4.31478e-07,4.13157e-07,3.94516e-07,3.74556e-07,3.52053e-07,3.30466e-07,3.07717e-07,2.86014e-07,2.66052e-07
4.42176e-07,4.27583e-07,4.13843e-07,3.96002e-07,3.77746e-07,3.58521e-07,3.3671e-07,3.16145e-07,2.93997e-07,2.73045e-07,2.53895e-07
4.23639e-07,4.09416e-07,3.96114e-07,3.78681e-07,3.61214e-07,3.42535e-07,3.21398e-07,3.01344e-07,2.8018e-07,2.60037e-07,2.41583e-07
4.12499e-07,3.98825e-07,3.85449e-07,3.68611e-07,3.51485e-07,3.33309e-07,3.12825e-07,2.93347e-07,2.72839e-07,2.53164e-07,2.3538e-07
3.8802e-07,3.74804e-07,3.62958e-07,3.45653e-07,3.29884e-07,3.11792e-07,2.91933e-07,2.73463e-07,2.53625e-07,2.35096e-07,2.18084e-07
3.70491e-07,3.57324e-07,3.45099e-07,3.2922e-07,3.13442e-07,2.96608e-07,2.77533e-07,2.59696e-07,2.40839e-07,2.22944e-07,2.06641e-07
3.54447e-07,3.41529e-07,3.29785e-07,3.13746e-07,2.9859e-07,2.82324e-07,2.64208e-07,2.4678e-07,2.28801e-07,2.11374e-07,1.95716e-07
3.3731e-07,3.24812e-07,3.13353e-07,2.98295e-07,2.83661e-07,2.68151e-07,2.50282e-07,2.33816e-07,2.1643e-07,1.99943e-07,1.84975e-07
3.21567e-07,3.09436e-07,2.98442e-07,2.83699e-07,2.69676e-07,2.54556e-07,2.37391e-07,2.21629e-07,2.04931e-07,1.89118e-07,1.74776e-07
3.07757e-07,2.95805e-07,2.84687e-07,2.70401e-07,2.55949e-07,2.42056e-07,2.25694e-07,2.10485e-07,1.94121e-07,1.78887e-07,1.65099e-07
2.92188e-07,2.80091e-07,2.70303e-07,2.56472e-07,2.43213e-07,2.29469e-07,2.13306e-07,1.98829e-07,1.8357e-07,1.68922e-07,1.55747e-07
2.78241e-07,2.66987e-07,2.56887e-07,2.43272e-07,2.30578e-07,2.1721e-07,2.02112e-07,1.88163e-07,1.73476e-07,1.59515e-07,1.4689e-07
2.65322e-07,2.54349e-07,2.44478e-07,2.31263e-07,2.1901e-07,2.06152e-07,1.91664e-07,1.78267e-07,1.6419e-07,1.5079e-07,1.38667e-07
2.53693e-07,2.42416e-07,2.32518e-07,2.20755e-07,2.08697e-07,1.96228e-07,1.82172e-07,1.69263e-07,1.55752e-07,1.42799e-07,1.31135e-07
2.41839e-07,2.31415e-07,2.21938e-07,2.09498e-07,1.98062e-07,1.86157e-07,1.72827e-07,1.60443e-07,1.47506e-07,1.35137e-07,1.23916e-07
2.313e-07,2.21133e-07,2.11823e-07,1.99759e-07,1.887e-07,1.77236e-07,1.64455e-07,1.52532e-07,1.4012e-07,1.28221e-07,1.17403e-07
2.21567e-07,2.11648e-07,2.02488e-07,1.90793e-07,1.80086e-07,1.69041e-07,1.56783e-07,1.45293e-07,1.33377e-07,1.21921e-07,1.11468e-07
2.126e-07,2.02919e-07,1.93895e-07,1.82564e-07,1.72191e-07,1.61541e-07,1.4978e-07,1.38695e-07,1.27244e-07,1.16199e-07,1.06089e-07
2.04474e-07,1.95019e-07,1.86323e-07,1.75065e-07,1.65053e-07,1.5479e-07,1.43495e-07,1.32781e-07,1.21756e-07,1.11093e-07,1.013e-07
1.96825e-07,1.87673e-07,1.78897e-07,1.68167e-07,1.58502e-07,1.48615e-07,1.37875e-07,1.27434e-07,1.16812e-07,1.06481e-07,9.69745e-08
1.90111e-07,1.81092e-07,1.72421e-07,1.62122e-07,1.52628e-07,1.43022e-07,1.326e-07,1.22568e-07,1.12328e-07,1.02357e-07,9.31104e-08
1.84033e-07,1.75205e-07,1.66845e-07,1.5678e-07,1.47484e-07,1.38152e-07,1.28069e-07,1.18348e-07,1.08492e-07,9.87652e-08,8.97664e-08
1.78411e-07,1.69802e-07,1.61325e-07,1.51596e-07,1.42653e-07,1.33616e-07,1.23941e-07,1.14491e-07,1.04896e-07,9.55251e-08,8.67373e-08
1.73276e-07,1.64849e-07,1.56322e-07,1.4715e-07,1.38418e-07,1.29731e-07,1.20245e-07,1.11038e-07,1.01742e-07,9.26267e-08,8.40543e-08
1.68467e-07,1.60211e-07,1.51974e-07,1.4289e-07,1.34343e-07,1.25822e-07,1.16801e-07,1.07864e-07,9.88297e-08,8.9978e-08,8.16108e-08
1.64125e-07,1.56041e-07,1.47924e-07,1.39103e-07,1.30765e-07,1.22473e-07,1.13735e-07,1.05027e-07,9.62391e-08,8.76073e-08,7.94376e-08
1.60184e-07,1.52266e-07,1.44396e-07,1.35645e-07,1.27525e-07,1.19462e-07,1.10978e-07,1.02478e-07,9.39034e-08,8.54808e-08,7.74984e-08
1.56399e-07,1.48638e-07,1.40764e-07,1.32431e-07,1.24478e-07,1.16587e-07,1.0834e-07,1.00047e-07,9.16813e-08,8.34584e-08,7.5643e-08
1.5287e-07,1.45266e-07,1.37516e-07,1.29406e-07,1.21619e-07,1.13922e-07,1.05894e-07,9.77836e-08,8.96043e-08,8.15689e-08,7.39288e-08
1.49543e-07,1.42082e-07,1.34422e-07,1.26596e-07,1.18961e-07,1.11421e-07,1.03584e-07,9.56494e-08,8.76436e-08,7.97806e-08,7.23015e-08
1.46336e-07,1.3903e-07,1.31625e-07,1.23803e-07,1.16379e-07,1.09014e-07,1.01359e-07,9.35879e-08,8.57429e-08,7.80464e-08,7.07292e-08
1.43194e-07,1.36047e-07,1.28692e-07,1.2115e-07,1.13882e-07,1.06677e-07,9.92176e-08,9.15878e-08,8.38992e-08,7.63594e-08,6.91916e-08
1.40213e-07,1.33191e-07,1.25962e-07,1.18623e-07,1.11484e-07,1.04413e-07,9.70785e-08,8.96193e-08,8.20778e-08,7.47014e-08,6.76779e-08
1.37325e-07,1.3044e-07,1.23348e-07,1.16175e-07,1.09183e-07,1.02247e-07,9.50616e-08,8.77408e-08,8.03392e-08,7.31104e-08,6.62282e-08
1.34503e-07,1.27762e-07,1.20802e-07,1.13788e-07,1.06933e-07,1.00133e-07,9.30825e-08,8.58968e-08,7.86363e-08,7.15514e-08,6.48133e-08
1.31759e-07,1.25153e-07,1.18318e-07,1.11461e-07,1.04753e-07,9.80737e-08,9.1148e-08,8.41006e-08,7.69741e-08,7.00274e-08,6.34316e-08
1.29086e-07,1.22615e-07,1.15918e-07,1.09198e-07,1.02619e-07,9.60713e-08,8.92725e-08,8.23423e-08,7.53515e-08,6.85417e-08,6.20788e-08
1.26491e-07,1.20153e-07,1.13585e-07,1.07004e-07,1.00559e-07,9.41164e-08,8.74433e-08,8.06401e-08,7.37726e-08,6.7094e-08,6.07661e-08
1.23941e-07,1.17736e-07,1.11291e-07,1.04847e-07,9.85273e-08,9.21965e-08,8.56416e-08,7.89587e-08,7.22141e-08,6.56627e-08,5.94695e-08
1.21454e-07,1.15374e-07,1.09059e-07,1.02746e-07,9.65469e-08,9.03218e-08,8.38766e-08,7.7312e-08,7.06917e-08,6.42723e-08,5.82041e-08
1.19024e-07,1.13083e-07,1.06884e-07,1.00699e-07,9.46121e-08,8.85058e-08,8.21587e-08,7.57024e-08,6.92035e-08,6.2909e-08,5.69766e-08
1.16629e-07,1.10805e-07,1.04738e-07,9.86752e-08,9.27109e-08,8.66859e-08,8.04547e-08,7.41144e-08,6.77358e-08,6.15659e-08,5.57522e-08
1.14267e-07,1.08567e-07,1.02615e-07,9.66749e-08,9.08137e-08,8.49077e-08,7.87736e-08,7.25468e-08,6.62856e-08,6.02353e-08,5.45414e-08
1.11971e-07,1.06385e-07,1.00559e-07,9.4739e-08,8.89784e-08,8.31634e-08,7.71399e-08,7.10191e-08,6.48746e-08,5.89425e-08,5.3368e-08
1.09842e-07,1.04341e-07,9.86189e-08,9.28792e-08,8.72187e-08,8.15283e-08,7.56171e-08,6.96129e-08,6.35844e-08,5.77624e-08,5.22982e-08
1.07641e-07,1.02247e-07,9.66412e-08,9.10106e-08,8.54495e-08,7.98591e-08,7.4048e-08,6.81518e-08,6.22315e-08,5.65158e-08,5.11728e-08
1.05454e-07,1.00186e-07,9.46872e-08,8.91593e-08,8.37053e-08,7.82034e-08,7.2488e-08,6.66956e-08,6.08925e-08,5.52938e-08,5.00614e-08
1.03128e-07,9.80134e-08,9.26304e-08,8.72523e-08,8.19024e-08,7.64757e-08,7.08329e-08,6.51255e-08,5.94388e-08,5.39695e-08,4.88392e-08
1.00986e-07,9.59767e-08,9.07019e-08,8.54366e-08,8.0176e-08,7.48266e-08,6.92979e-08,6.37075e-08,5.8123e-08,5.27594e-08,4.77491e-08
9.89031e-08,9.40357e-08,8.88512e-08,8.368e-08,7.8549e-08,7.32723e-08,6.78147e-08,6.23225e-08,5.68401e-08,5.15842e-08,4.66866e-08
9.68226e-08,9.20204e-08,8.69671e-08,8.18968e-08,7.68336e-08,7.1666e-08,6.63195e-08,6.09352e-08,5.5563e-08,5.04148e-08,4.56164e-08
9.481e-08,9.01129e-08,8.51907e-08,8.02042e-08,7.52031e-08,7.01215e-08,6.48994e-08,5.95893e-08,5.43179e-08,4.92889e-08,4.45654e-08
9.27731e-08,8.81906e-08,8.33699e-08,7.848e-08,7.35722e-08,6.8583e-08,6.34532e-08,5.82342e-08,5.30759e-08,4.81349e-08,4.35435e-08
9.07692e-08,8.62954e-08,8.15138e-08,7.67497e-08,7.19525e-08,6.70368e-08,6.19853e-08,5.69026e-08,5.18474e-08,4.70093e-08,4.25157e-08
8.88159e-08,8.44744e-08,7.97787e-08,7.51013e-08,7.04339e-08,6.55802e-08,6.05985e-08,5.56049e-08,5.06482e-08,4.59106e-08,4.15239e-08
8.6867e-08,8.25827e-08,7.7999e-08,7.34058e-08,6.87999e-08,6.40791e-08,5.91919e-08,5.43131e-08,4.94557e-08,4.48172e-08,4.05173e-08
8.49276e-08,8.07307e-08,7.62459e-08,7.17477e-08,6.72225e-08,6.25846e-08,5.78053e-08,5.30266e-08,4.82733e-08,4.37333e-08,3.95297e-08
8.30602e-08,7.89512e-08,7.4554e-08,7.0145e-08,6.57022e-08,6.11554e-08,5.64654e-08,5.17875e-08,4.71253e-08,4.26821e-08,3.85669e-08
8.11725e-08,7.71721e-08,7.28601e-08,6.85424e-08,6.41897e-08,5.97157e-08,5.51292e-08,5.05419e-08,4.59846e-08,4.16492e-08,3.7608e-08
7.93992e-08,7.55469e-08,7.1247e-08,6.70728e-08,6.28536e-08,5.84139e-08,5.38145e-08,4.93468e-08,4.48711e-08,4.06085e-08,3.66904e-08
7.75267e-08,7.37136e-08,6.95189e-08,6.54386e-08,6.12589e-08,5.69552e-08,5.24749e-08,4.81179e-08,4.37405e-08,3.95595e-08,3.57377e-08
7.57156e-08,7.19621e-08,6.7912e-08,6.385e-08,5.97521e-08,5.5546e-08,5.12176e-08,4.69135e-08,4.26426e-08,3.85673e-08,3.48124e-08
7.39391e-08,7.02839e-08,6.63006e-08,6.23245e-08,5.83138e-08,5.41831e-08,4.99478e-08,4.57396e-08,4.15621e-08,3.75744e-08,3.39059e-08
7.21891e-08,6.85849e-08,6.47148e-08,6.08113e-08,5.6876e-08,5.28412e-08,4.87046e-08,4.45849e-08,4.05002e-08,3.65985e-08,3.30146e-08
7.0443e-08,6.69479e-08,6.3133e-08,5.93195e-08,5.54692e-08,5.15153e-08,4.74706e-08,4.34421e-08,3.94525e-08,3.56325e-08,3.21395e-08
6.87666e-08,6.53494e-08,6.1601e-08,5.7856e-08,5.40934e-08,5.02213e-08,4.62613e-08,4.23272e-08,3.84215e-08,3.4687e-08,3.12688e-08
6.70638e-08,6.3714e-08,6.00519e-08,5.63972e-08,5.27075e-08,4.89216e-08,4.50564e-08,4.1211e-08,3.73945e-08,3.37474e-08,3.04079e-08
6.54332e-08,6.21604e-08,5.85692e-08,5.49861e-08,5.13776e-08,4.76735e-08,4.3894e-08,4.01344e-08,3.64069e-08,3.28371e-08,2.95744e-08
6.38148e-08,6.06149e-08,5.70958e-08,5.35921e-08,5.00699e-08,4.6456e-08,4.2742e-08,3.90781e-08,3.54229e-08,3.19373e-08,2.87505e-08
6.22073e-08,5.90792e-08,5.56276e-08,5.21979e-08,4.87464e-08,4.5208e-08,4.16038e-08,3.80167e-08,3.4455e-08,3.10445e-08,2.79353e-08
6.06494e-08,5.75847e-08,5.4207e-08,5.0852e-08,4.74754e-08,4.40183e-08,4.04994e-08,3.69961e-08,3.35154e-08,3.01841e-08,2.7146e-08
5.94676e-08,5.63687e-08,5.30499e-08,4.96837e-08,4.63555e-08,4.30481e-08,3.96604e-08,3.62601e-08,3.28646e-08,2.95904e-08,2.66104e-08
5.75937e-08,5.46602e-08,5.14167e-08,4.8206e-08,4.49818e-08,4.16851e-08,3.83353e-08,3.49968e-08,3.16749e-08,2.84941e-08,2.55982e-08
5.61269e-08,5.32626e-08,5.00763e-08,4.69357e-08,4.37849e-08,4.05642e-08,3.72984e-08,3.40365e-08,3.07946e-08,2.76839e-08,2.48554e-08
5.46747e-08,5.18628e-08,4.87438e-08,4.56921e-08,4.25908e-08,3.94353e-08,3.62734e-08,3.30862e-08,2.992e-08,2.68833e-08,2.41223e-08
5.32505e-08,5.05084e-08,4.74514e-08,4.44399e-08,4.1437e-08,3.83736e-08,3.52686e-08,3.21638e-08,2.90697e-08,2.61058e-08,2.34096e-08
5.18675e-08,4.91533e-08,4.61915e-08,4.32391e-08,4.03059e-08,3.73215e-08,3.42997e-08,3.12612e-08,2.82405e-08,2.53417e-08,2.27151e-08
5.05133e-08,4.78889e-08,4.49538e-08,4.20743e-08,3.92167e-08,3.62965e-08,3.33403e-08,3.0386e-08,2.74326e-08,2.45982e-08,2.20351e-08
4.91865e-08,4.66258e-08,4.37374e-08,4.09132e-08,3.8129e-08,3.52797e-08,3.24065e-08,2.95218e-08,2.66429e-08,2.38746e-08,2.13708e-08
4.78944e-08,4.53756e-08,4.25525e-08,3.97907e-08,3.70652e-08,3.42994e-08,3.15025e-08,2.86896e-08,2.58705e-08,2.31734e-08,2.07282e-08
4.66237e-08,4.41486e-08,4.13897e-08,3.86891e-08,3.60293e-08,3.3336e-08,3.06136e-08,2.78704e-08,2.5123e-08,2.24837e-08,2.00983e-08
4.54089e-08,4.29916e-08,4.02748e-08,3.76332e-08,3.50355e-08,3.24122e-08,2.97612e-08,2.70856e-08,2.44013e-08,2.18241e-08,1.94927e-08
4.42237e-08,4.18447e-08,3.91895e-08,3.66031e-08,3.40691e-08,3.15132e-08,2.89336e-08,2.63217e-08,2.37025e-08,2.11832e-08,1.89061e-08
4.30806e-08,4.07454e-08,3.81409e-08,3.56042e-08,3.31349e-08,3.06442e-08,2.81341e-08,2.55847e-08,2.30188e-08,2.0569e-08,1.83398e-08
4.19622e-08,3.96747e-08,3.71191e-08,3.46346e-08,3.22225e-08,2.97997e-08,2.73549e-08,2.48717e-08,2.23674e-08,1.99636e-08,1.77907e-08
4.085e-08,3.86076e-08,3.61025e-08,3.36732e-08,3.13193e-08,2.89617e-08,2.65829e-08,2.41627e-08,2.17183e-08,1.937e-08,1.72488e-08
3.98052e-08,3.76039e-08,3.51484e-08,3.27723e-08,3.04795e-08,2.81767e-08,2.58551e-08,2.34952e-08,2.11033e-08,1.88085e-08,1.67391e-08
3.87758e-08,3.66129e-08,3.42022e-08,3.18693e-08,2.96287e-08,2.73957e-08,2.51431e-08,2.28367e-08,2.0506e-08,1.82616e-08,1.62408e-08
3.77959e-08,3.56716e-08,3.3305e-08,3.10196e-08,2.88312e-08,2.66561e-08,2.44656e-08,2.22169e-08,1.99367e-08,1.77441e-08,1.57682e-08
3.68557e-08,3.47694e-08,3.24411e-08,3.0204e-08,2.80637e-08,2.5946e-08,2.38134e-08,2.16241e-08,1.93891e-08,1.72475e-08,1.53149e-08
3.59426e-08,3.38929e-08,3.1611e-08,2.94117e-08,2.73231e-08,2.52625e-08,2.31847e-08,2.10493e-08,1.8864e-08,1.67682e-08,1.48778e-08
3.50639e-08,3.30505e-08,3.08076e-08,2.86488e-08,2.66117e-08,2.46027e-08,2.25801e-08,2.04961e-08,1.83567e-08,1.6309e-08,1.44615e-08
3.42093e-08,3.2228e-08,3.00263e-08,2.791e-08,2.59177e-08,2.3963e-08,2.19938e-08,1.99597e-08,1.78614e-08,1.58635e-08,1.40595e-08
3.33873e-08,3.14389e-08,2.92775e-08,2.71992e-08,2.52533e-08,2.33496e-08,2.14301e-08,1.94455e-08,1.73986e-08,1.54383e-08,1.3673e-08
3.26184e-08,3.07014e-08,2.85759e-08,2.65358e-08,2.46299e-08,2.27747e-08,2.09049e-08,1.89619e-08,1.69609e-08,1.50408e-08,1.33116e-08
3.18621e-08,2.99725e-08,2.7887e-08,2.58804e-08,2.40187e-08,2.22116e-08,2.0389e-08,1.84897e-08,1.65384e-08,1.46515e-08,1.29633e-08
3.11225e-08,2.92658e-08,2.72159e-08,2.52466e-08,2.34251e-08,2.16627e-08,1.98875e-08,1.8028e-08,1.61167e-08,1.42749e-08,1.26255e-08
3.04372e-08,2.86101e-08,2.65941e-08,2.46585e-08,2.28733e-08,2.11537e-08,1.94213e-08,1.76104e-08,1.57316e-08,1.393e-08,1.23136e-08
2.97811e-08,2.79787e-08,2.59941e-08,2.40911e-08,2.23448e-08,2.06662e-08,1.89768e-08,1.71972e-08,1.53697e-08,1.35967e-08,1.2016e-08
2.91327e-08,2.73612e-08,2.54108e-08,2.35385e-08,2.18273e-08,2.01907e-08,1.85411e-08,1.68082e-08,1.50057e-08,1.32769e-08,1.17275e-08
2.85111e-08,2.67647e-08,2.48484e-08,2.30079e-08,2.13293e-08,1.97317e-08,1.81215e-08,1.64276e-08,1.46614e-08,1.29678e-08,1.14513e-08
2.79329e-08,2.62141e-08,2.43252e-08,2.25148e-08,2.08692e-08,1.93088e-08,1.77327e-08,1.60747e-08,1.43485e-08,1.26828e-08,1.11956e-08
2.73625e-08,2.56675e-08,2.3812e-08,2.20303e-08,2.04148e-08,1.88899e-08,1.73505e-08,1.57275e-08,1.40307e-08,1.24026e-08,1.09458e-08
2.68123e-08,2.51439e-08,2.33182e-08,2.15644e-08,1.99796e-08,1.84884e-08,1.6984e-08,1.53954e-08,1.37303e-08,1.21348e-08,1.07084e-08
2.62998e-08,2.46612e-08,2.28627e-08,2.11374e-08,1.95766e-08,1.81184e-08,1.66469e-08,1.5091e-08,1.34549e-08,1.18899e-08,1.04904e-08
2.57991e-08,2.41738e-08,2.24055e-08,2.07042e-08,1.91761e-08,1.77473e-08,1.63064e-08,1.47808e-08,1.3178e-08,1.16423e-08,1.02715e-08
2.53175e-08,2.37154e-08,2.19749e-08,2.02993e-08,1.87974e-08,1.73982e-08,1.59869e-08,1.44914e-08,1.2918e-08,1.14112e-08,1.00669e-08
2.48563e-08,2.32801e-08,2.15645e-08,1.99155e-08,1.84385e-08,1.70686e-08,1.5684e-08,1.42126e-08,1.26714e-08,1.11898e-08,9.87288e-09
2.44101e-08,2.28581e-08,2.11703e-08,1.95433e-08,1.80918e-08,1.67466e-08,1.53906e-08,1.39502e-08,1.24332e-08,1.09801e-08,9.6878e-09
2.39707e-08,2.24459e-08,2.07856e-08,1.91841e-08,1.77526e-08,1.64346e-08,1.51041e-08,1.36921e-08,1.21999e-08,1.07748e-08,9.50674e-09
2.35491e-08,2.20435e-08,2.04077e-08,1.88292e-08,1.7423e-08,1.6129e-08,1.4823e-08,1.34378e-08,1.19717e-08,1.05729e-08,9.32776e-09
2.31402e-08,2.16542e-08,2.00438e-08,1.84893e-08,1.71045e-08,1.58346e-08,1.45535e-08,1.31915e-08,1.17533e-08,1.03797e-08,9.15767e-09
2.27444e-08,2.12802e-08,1.96946e-08,1.81631e-08,1.67987e-08,1.55528e-08,1.4293e-08,1.29572e-08,1.15424e-08,1.01931e-08,8.99239e-09
2.23649e-08,2.09233e-08,1.93599e-08,1.78501e-08,1.65061e-08,1.52813e-08,1.4045e-08,1.27306e-08,1.13395e-08,1.00147e-08,8.83549e-09
2.1984e-08,2.05678e-08,1.90303e-08,1.7542e-08,1.62166e-08,1.50143e-08,1.37985e-08,1.25072e-08,1.11364e-08,9.832e-09,8.6815e-09
2.16194e-08,2.0219e-08,1.87032e-08,1.72372e-08,1.59344e-08,1.47511e-08,1.35559e-08,1.2286e-08,1.09418e-08,9.66312e-09,8.5272e-09
2.12624e-08,1.98812e-08,1.83895e-08,1.69438e-08,1.56593e-08,1.44973e-08,1.33206e-08,1.20682e-08,1.0751e-08,9.4918e-09,8.37778e-09
2.09095e-08,1.95501e-08,1.80807e-08,1.66574e-08,1.5391e-08,1.42468e-08,1.30893e-08,1.18625e-08,1.0562e-08,9.32747e-09,8.23033e-09
2.05624e-08,1.92225e-08,1.7776e-08,1.63728e-08,1.51249e-08,1.39994e-08,1.28623e-08,1.16547e-08,1.03765e-08,9.16309e-09,8.08607e-09
2.02225e-08,1.89073e-08,1.74822e-08,1.60987e-08,1.48678e-08,1.37623e-08,1.2642e-08,1.14547e-08,1.01973e-08,9.00437e-09,7.94513e-09
1.98978e-08,1.85936e-08,1.71899e-08,1.58262e-08,1.4615e-08,1.35247e-08,1.24234e-08,1.12531e-08,1.00182e-08,8.84545e-09,7.80555e-09
1.9571e-08,1.8286e-08,1.6903e-08,1.5559e-08,1.43658e-08,1.32919e-08,1.2209e-08,1.10569e-08,9.8423e-09,8.68968e-09,7.66824e-09
1.92433e-08,1.79831e-08,1.66196e-08,1.52965e-08,1.41188e-08,1.3064e-08,1.19948e-08,1.08686e-08,9.66705e-09,8.53682e-09,7.5292e-09
1.89265e-08,1.7684e-08,1.634e-08,1.5036e-08,1.38766e-08,1.28382e-08,1.17871e-08,1.0677e-08,9.49582e-09,8.38463e-09,7.39591e-09
1.86092e-08,1.73862e-08,1.60634e-08,1.47776e-08,1.3634e-08,1.26125e-08,1.15795e-08,1.0487e-08,9.32531e-09,8.23374e-09,7.26198e-09
1.83012e-08,1.70963e-08,1.57928e-08,1.45252e-08,1.33994e-08,1.2394e-08,1.13769e-08,1.02977e-08,9.15883e-09,8.08433e-09,7.13184e-09
1.79988e-08,1.68108e-08,1.55272e-08,1.4277e-08,1.31679e-08,1.21784e-08,1.11786e-08,1.01157e-08,8.9959e-09,7.93932e-09,7.00283e-09
1.77026e-08,1.65315e-08,1.52659e-08,1.40331e-08,1.29406e-08,1.19675e-08,1.09838e-08,9.93411e-09,8.83585e-09,7.79539e-09,6.87654e-09
1.74057e-08,1.6253e-08,1.50044e-08,1.37894e-08,1.2713e-08,1.1756e-08,1.07882e-08,9.75902e-09,8.67541e-09,7.65484e-09,6.75041e-09
1.71177e-08,1.59813e-08,1.47506e-08,1.35528e-08,1.24916e-08,1.15514e-08,1.05992e-08,9.58623e-09,8.52061e-09,7.51691e-09,6.62749e-09
1.68291e-08,1.57096e-08,1.44966e-08,1.33152e-08,1.22708e-08,1.13457e-08,1.04089e-08,9.4122e-09,8.36402e-09,7.37761e-09,6.50394e-09
1.65495e-08,1.54455e-08,1.4249e-08,1.30838e-08,1.20553e-08,1.11454e-08,1.02249e-08,9.24332e-09,8.2128e-09,7.24296e-09,6.38432e-09
1.62715e-08,1.51841e-08,1.40038e-08,1.28548e-08,1.18418e-08,1.09478e-08,1.00419e-08,9.07643e-09,8.06226e-09,7.10897e-09,6.26451e-09
1.59996e-08,1.49272e-08,1.37632e-08,1.26301e-08,1.1632e-08,1.07538e-08,9.86288e-09,8.91311e-09,7.91496e-09,6.97841e-09,6.14837e-09
1.57299e-08,1.4673e-08,1.35247e-08,1.24069e-08,1.14247e-08,1.05614e-08,9.68536e-09,8.75072e-09,7.76906e-09,6.84795e-09,6.03197e-09
1.5464e-08,1.44215e-08,1.3289e-08,1.21866e-08,1.12193e-08,1.03715e-08,9.51071e-09,8.59032e-09,7.62563e-09,6.72e-09,5.91786e-09
1.52066e-08,1.41762e-08,1.30587e-08,1.19708e-08,1.10195e-08,1.0186e-08,9.33982e-09,8.43156e-09,7.48478e-09,6.59318e-09,5.80555e-09
1.49433e-08,1.39297e-08,1.28273e-08,1.17547e-08,1.08174e-08,9.99968e-09,9.16813e-09,8.27704e-09,7.3437e-09,6.46868e-09,5.69383e-09
1.46892e-08,1.36895e-08,1.26015e-08,1.15436e-08,1.06211e-08,9.81826e-09,9.00101e-09,8.12411e-09,7.20632e-09,6.34611e-09,5.58379e-09
1.44397e-08,1.34537e-08,1.23803e-08,1.13366e-08,1.04286e-08,9.64018e-09,8.83718e-09,7.97403e-09,7.07132e-09,6.22561e-09,5.47652e-09
1.4192e-08,1.32192e-08,1.21593e-08,1.11298e-08,1.02362e-08,9.46287e-09,8.67421e-09,7.82511e-09,6.93735e-09,6.10606e-09,5.36894e-09
1.39509e-08,1.29916e-08,1.19452e-08,1.09294e-08,1.00507e-08,9.29078e-09,8.5158e-09,7.67984e-09,6.80655e-09,5.98945e-09,5.26508e-09
1.37095e-08,1.27624e-08,1.17297e-08,1.07277e-08,9.86242e-09,9.11794e-09,8.35703e-09,7.53486e-09,6.67627e-09,5.87308e-09,5.16071e-09
1.34727e-08,1.25398e-08,1.15203e-08,1.05318e-08,9.67994e-09,8.95015e-09,8.20282e-09,7.39391e-09,6.54945e-09,5.75944e-09,5.05916e-09
1.32414e-08,1.23195e-08,1.13129e-08,1.03375e-08,9.49992e-09,8.78405e-09,8.04989e-09,7.2538e-09,6.42347e-09,5.64707e-09,4.9571e-09
1.30124e-08,1.21023e-08,1.11081e-08,1.01457e-08,9.3219e-09,8.61994e-09,7.89959e-09,7.11639e-09,6.29962e-09,5.53655e-09,4.85922e-09
1.27882e-08,1.18901e-08,1.09078e-08,9.95796e-09,9.14863e-09,8.4599e-09,7.75253e-09,6.98157e-09,6.17834e-09,5.42824e-09,4.76158e-09
1.25658e-08,1.16791e-08,1.07094e-08,9.77184e-09,8.97514e-09,8.30096e-09,7.60684e-09,6.8485e-09,6.05871e-09,5.32101e-09,4.6661e-09
1.2347e-08,1.14714e-08,1.05137e-08,9.58876e-09,8.80516e-09,8.14444e-09,7.46343e-09,6.7173e-09,5.94058e-09,5.21574e-09,4.57059e-09
1.21332e-08,1.12688e-08,1.0323e-08,9.40993e-09,8.63954e-09,7.99241e-09,7.32343e-09,6.58916e-09,5.82508e-09,5.11253e-09,4.479e-09
1.19209e-08,1.10672e-08,1.01322e-08,9.2309e-09,8.4737e-09,7.84004e-09,7.1844e-09,6.46209e-09,5.71099e-09,5.01051e-09,4.38644e-09
1.17142e-08,1.08718e-08,9.94719e-09,9.05713e-09,8.31408e-09,7.69247e-09,7.04909e-09,6.33816e-09,5.59979e-09,4.91066e-09,4.29754e-09
1.15106e-08,1.06772e-08,9.76439e-09,8.88577e-09,8.15427e-09,7.54658e-09,6.91553e-09,6.21605e-09,5.4901e-09,4.81267e-09,4.20865e-09
1.13086e-08,1.04863e-08,9.58432e-09,8.71719e-09,7.99798e-09,7.40298e-09,6.78403e-09,6.09601e-09,5.38148e-09,4.71583e-09,4.12254e-09
1.11093e-08,1.02949e-08,9.40268e-09,8.54632e-09,7.83816e-09,7.259e-09,6.65374e-09,5.97767e-09,5.27541e-09,4.62117e-09,4.03664e-09
1.09185e-08,1.01159e-08,9.23488e-09,8.38951e-09,7.6946e-09,7.12476e-09,6.52929e-09,5.86297e-09,5.17165e-09,4.52848e-09,3.95362e-09
1.07257e-08,9.93186e-09,9.05916e-09,8.22365e-09,7.54091e-09,6.9856e-09,6.40348e-09,5.74891e-09,5.06937e-09,4.43719e-09,3.86991e-09
1.05409e-08,9.7577e-09,8.89674e-09,8.07246e-09,7.40118e-09,6.85569e-09,6.2832e-09,5.63817e-09,4.96942e-09,4.34769e-09,3.79174e-09
1.03555e-08,9.57896e-09,8.72752e-09,7.91304e-09,7.2517e-09,6.72202e-09,6.16201e-09,5.52834e-09,4.87127e-09,4.25995e-09,3.71154e-09
1.0178e-08,9.4131e-09,8.57152e-09,7.76783e-09,7.11902e-09,6.59713e-09,6.04678e-09,5.42189e-09,4.77495e-09,4.1739e-09,3.63572e-09
1.00015e-08,9.24559e-09,8.41306e-09,7.61914e-09,6.9816e-09,6.47138e-09,5.93191e-09,5.3171e-09,4.68072e-09,4.09004e-09,3.55857e-09
9.82969e-09,9.08423e-09,8.25948e-09,7.47443e-09,6.85038e-09,6.34961e-09,5.82035e-09,5.21483e-09,4.58861e-09,4.00757e-09,3.4861e-09
9.65945e-09,8.92094e-09,8.10672e-09,7.33164e-09,6.71589e-09,6.22792e-09,5.70955e-09,5.11403e-09,4.49806e-09,3.92702e-09,3.4119e-09
9.49369e-09,8.76389e-09,7.95966e-09,7.19383e-09,6.5885e-09,6.11157e-09,5.60206e-09,5.01563e-09,4.40964e-09,3.84793e-09,3.34254e-09
9.33159e-09,8.60989e-09,7.81333e-09,7.05631e-09,6.46145e-09,5.99479e-09,5.49663e-09,4.91978e-09,4.32349e-09,3.77117e-09,3.27145e-09
9.17262e-09,8.45933e-09,7.67108e-09,6.9232e-09,6.33837e-09,5.88223e-09,5.39364e-09,4.8254e-09,4.23936e-09,3.69545e-09,3.20593e-09
9.01755e-09,8.31441e-09,7.53296e-09,6.79297e-09,6.22114e-09,5.77294e-09,5.29333e-09,4.73393e-09,4.15629e-09,3.62215e-09,3.13761e-09
8.86454e-09,8.16725e-09,7.39584e-09,6.66488e-09,6.09969e-09,5.66343e-09,5.1941e-09,4.64367e-09,4.07551e-09,3.55004e-09,3.07497e-09
8.71605e-09,8.02685e-09,7.26489e-09,6.54238e-09,5.98642e-09,5.56019e-09,5.09825e-09,4.55588e-09,3.99678e-09,3.48022e-09,3.00839e-09
8.57029e-09,7.88887e-09,7.13372e-09,6.41987e-09,5.87269e-09,5.45567e-09,5.00416e-09,4.4702e-09,3.91977e-09,3.41129e-09,2.95315e-09
8.4287e-09,7.75477e-09,7.00688e-09,6.30041e-09,5.7628e-09,5.35509e-09,4.91262e-09,4.3869e-09,3.84517e-09,3.34512e-09,2.89132e-09
8.29061e-09,7.6268e-09,6.88514e-09,6.18501e-09,5.66068e-09,5.25843e-09,4.82386e-09,4.30564e-09,3.77195e-09,3.27977e-09,2.8353e-09
8.15465e-09,7.4957e-09,6.76358e-09,6.07228e-09,5.55257e-09,5.16148e-09,4.73593e-09,4.22602e-09,3.70099e-09,3.21693e-09,2.77587e-09
8.02129e-09,7.36944e-09,6.64456e-09,5.9607e-09,5.44905e-09,5.06725e-09,4.65011e-09,4.14785e-09,3.63099e-09,3.1545e-09,2.72333e-09
7.89431e-09,7.25124e-09,6.53442e-09,5.85661e-09,5.35515e-09,4.97782e-09,4.56872e-09,4.07322e-09,3.56399e-09,3.09529e-09,2.67013e-09
7.76704e-09,7.12955e-09,6.41892e-09,5.74975e-09,5.25395e-09,4.88826e-09,4.48654e-09,3.99905e-09,3.49784e-09,3.03612e-09,2.61656e-09
7.64545e-09,7.01783e-09,6.31199e-09,5.64831e-09,5.16529e-09,4.80381e-09,4.40879e-09,3.92791e-09,3.43396e-09,2.98013e-09,2.56411e-09
7.52432e-09,6.90062e-09,6.20424e-09,5.54839e-09,5.06802e-09,4.71756e-09,4.33093e-09,3.85759e-09,3.37152e-09,2.92424e-09,2.51753e-09
7.40881e-09,6.792e-09,6.10223e-09,5.45268e-09,4.97964e-09,4.63641e-09,4.25725e-09,3.79038e-09,3.31139e-09,2.87153e-09,2.46693e-09
7.29686e-09,6.68836e-09,6.00627e-09,5.3635e-09,4.89832e-09,4.55855e-09,4.18588e-09,3.72437e-09,3.25356e-09,2.81901e-09,2.42406e-09
7.18421e-09,6.5807e-09,5.90457e-09,5.26848e-09,4.80887e-09,4.47943e-09,4.11336e-09,3.66006e-09,3.19532e-09,2.76879e-09,2.37094e-09
7.06987e-09,6.46964e-09,5.79474e-09,5.16181e-09,4.71077e-09,4.39432e-09,4.03988e-09,3.59587e-09,3.1392e-09,2.71861e-09,2.33143e-09
6.97228e-09,6.38217e-09,5.72135e-09,5.09734e-09,4.65076e-09,4.33464e-09,3.97836e-09,3.53718e-09,3.08591e-09,2.67206e-09,2.28493e-09
6.86121e-09,6.26981e-09,5.61076e-09,4.99093e-09,4.54661e-09,4.24697e-09,3.90662e-09,3.47573e-09,3.03292e-09,2.62469e-09,2.24766e-09
6.77221e-09,6.19591e-09,5.54595e-09,4.93286e-09,4.5012e-09,4.19151e-09,3.85156e-09,3.42153e-09,2.98317e-09,2.58092e-09,2.21188e-09
6.6741e-09,6.1024e-09,5.45797e-09,4.85205e-09,4.42347e-09,4.12429e-09,3.78868e-09,3.36561e-09,2.93368e-09,2.53711e-09,2.16913e-09
6.5821e-09,6.02071e-09,5.3789e-09,4.77648e-09,4.3608e-09,4.06185e-09,3.73065e-09,3.31245e-09,2.88604e-09,2.49524e-09,2.13195e-09
6.48989e-09,5.93086e-09,5.30148e-09,4.70595e-09,4.2885e-09,4.00044e-09,3.6724e-09,3.25981e-09,2.83956e-09,2.4545e-09,2.0956e-09
6.40032e-09,5.84697e-09,5.22045e-09,4.63007e-09,4.21844e-09,3.93445e-09,3.61541e-09,3.209e-09,2.79464e-09,2.41471e-09,2.05982e-09
6.31557e-09,5.77022e-09,5.1511e-09,4.56616e-09,4.16088e-09,3.87696e-09,3.56294e-09,3.1602e-09,2.7513e-09,2.37669e-09,2.03147e-09
6.23003e-09,5.68837e-09,5.07357e-09,4.4944e-09,4.09242e-09,3.81787e-09,3.50822e-09,3.11212e-09,2.70883e-09,2.3395e-09,1.99379e-09
6.15074e-09,5.61957e-09,5.0073e-09,4.43062e-09,4.04258e-09,3.76533e-09,3.45866e-09,3.06673e-09,2.66837e-09,2.30379e-09,1.96217e-09
6.06836e-09,5.53798e-09,4.9347e-09,4.36481e-09,3.97266e-09,3.70664e-09,3.40644e-09,3.02041e-09,2.62807e-09,2.26847e-09,1.93117e-09
5.99152e-09,5.46674e-09,4.86947e-09,4.30404e-09,3.91656e-09,3.65434e-09,3.35831e-09,2.97668e-09,2.58963e-09,2.23482e-09,1.90143e-09
5.91829e-09,5.40112e-09,4.80933e-09,4.24806e-09,3.86742e-09,3.60383e-09,3.31317e-09,2.93516e-09,2.55267e-09,2.20229e-09,1.87782e-09
5.84339e-09,5.32954e-09,4.7427e-09,4.18723e-09,3.80809e-09,3.55331e-09,3.26549e-09,2.89348e-09,2.51623e-09,2.17004e-09,1.84452e-09
5.7758e-09,5.27326e-09,4.69025e-09,4.14063e-09,3.77131e-09,3.51089e-09,3.22449e-09,2.85448e-09,2.4812e-09,2.13978e-09,1.81773e-09
5.7036e-09,5.2011e-09,4.62701e-09,4.0841e-09,3.70974e-09,3.45984e-09,3.17881e-09,2.81471e-09,2.44659e-09,2.10932e-09,1.79137e-09
5.63544e-09,5.1379e-09,4.56898e-09,4.03114e-09,3.66066e-09,3.41381e-09,3.13626e-09,2.77639e-09,2.41306e-09,2.07996e-09,1.76522e-09
5.57148e-09,5.08161e-09,4.51857e-09,3.98367e-09,3.61988e-09,3.37033e-09,3.09747e-09,2.74033e-09,2.38108e-09,2.05174e-09,1.74037e-09
5.50405e-09,5.01643e-09,4.45584e-09,3.92315e-09,3.56323e-09,3.32426e-09,3.0548e-09,2.70349e-09,2.34901e-09,2.02392e-09,1.71614e-09
5.44486e-09,4.96839e-09,4.41191e-09,3.88203e-09,3.53413e-09,3.2921e-09,3.01936e-09,2.66986e-09,2.31868e-09,1.99721e-09,1.6928e-09
5.37979e-09,4.90207e-09,4.35161e-09,3.82758e-09,3.47461e-09,3.24119e-09,2.9779e-09,2.63453e-09,2.28838e-09,1.9706e-09,1.66964e-09
5.31965e-09,4.8469e-09,4.30134e-09,3.78158e-09,3.432e-09,3.20106e-09,2.94114e-09,2.60131e-09,2.25897e-09,1.94513e-09,1.64718e-09
5.26078e-09,4.79267e-09,4.25165e-09,3.73657e-09,3.38987e-09,3.16191e-09,2.90485e-09,2.56858e-09,2.23052e-09,1.92011e-09,1.62533e-09
5.20337e-09,4.74003e-09,4.204e-09,3.69287e-09,3.3493e-09,3.12385e-09,2.86965e-09,2.53675e-09,2.20251e-09,1.89572e-09,1.60397e-09
5.14994e-09,4.69703e-09,4.16121e-09,3.65197e-09,3.32126e-09,3.0909e-09,2.8377e-09,2.50719e-09,2.17591e-09,1.87197e-09,1.5837e-09
5.09165e-09,4.63757e-09,4.11096e-09,3.60823e-09,3.27093e-09,3.04988e-09,2.80128e-09,2.47528e-09,2.14849e-09,1.84826e-09,1.5627e-09
5.02751e-09,4.56747e-09,4.04176e-09,3.5403e-09,3.1996e-09,2.99663e-09,2.76007e-09,2.44338e-09,2.12246e-09,1.82536e-09,1.54355e-09
4.98668e-09,4.54137e-09,4.02427e-09,3.52902e-09,3.19777e-09,2.98011e-09,2.73698e-09,2.41731e-09,2.09744e-09,1.80334e-09,1.5236e-09
4.93265e-09,4.49196e-09,3.97915e-09,3.48839e-09,3.15974e-09,2.94531e-09,2.70425e-09,2.38799e-09,2.07169e-09,1.78093e-09,1.5041e-09
4.88443e-09,4.45411e-09,3.94096e-09,3.45177e-09,3.13588e-09,2.91628e-09,2.67564e-09,2.36141e-09,2.04734e-09,1.75956e-09,1.4855e-09
4.83302e-09,4.40118e-09,3.89809e-09,3.41691e-09,3.09178e-09,2.88141e-09,2.64389e-09,2.33321e-09,2.02311e-09,1.73846e-09,1.4671e-09
4.78335e-09,4.35541e-09,3.85548e-09,3.37628e-09,3.05578e-09,2.84739e-09,2.6136e-09,2.3064e-09,1.99963e-09,1.71775e-09,1.44903e-09
4.73421e-09,4.31039e-09,3.81472e-09,3.33935e-09,3.0215e-09,2.81519e-09,2.5837e-09,2.2793e-09,1.97587e-09,1.69699e-09,1.43089e-09
4.68809e-09,4.26798e-09,3.77733e-09,3.30488e-09,2.98997e-09,2.78552e-09,2.5555e-09,2.25377e-09,1.95351e-09,1.67694e-09,1.41392e-09
4.64227e-09,4.23237e-09,3.7403e-09,3.27036e-09,2.96761e-09,2.75821e-09,2.52902e-09,2.22889e-09,1.93102e-09,1.65711e-09,1.39643e-09
4.59265e-09,4.18052e-09,3.69746e-09,3.23327e-09,2.9234e-09,2.72307e-09,2.49814e-09,2.20219e-09,1.90786e-09,1.63707e-09,1.37879e-09
4.54692e-09,4.13876e-09,3.65971e-09,3.19914e-09,2.89181e-09,2.69346e-09,2.47055e-09,2.17729e-09,1.88569e-09,1.6176e-09,1.36217e-09
4.50181e-09,4.09748e-09,3.62232e-09,3.16524e-09,2.86049e-09,2.66397e-09,2.44335e-09,2.15305e-09,1.86431e-09,1.59869e-09,1.34558e-09
4.45651e-09,4.0556e-09,3.58475e-09,3.13124e-09,2.82912e-09,2.63463e-09,2.4161e-09,2.12849e-09,1.84263e-09,1.57972e-09,1.32911e-09
4.41627e-09,4.025e-09,3.55264e-09,3.1007e-09,2.8109e-09,2.61092e-09,2.39258e-09,2.10618e-09,1.82215e-09,1.56163e-09,1.3132e-09
