5.51287e-06,5.04884e-06,4.68937e-06,4.44488e-06,4.24708e-06,4.08399e-06,3.96154e-06,3.91156e-06,3.88431e-06,3.84896e-06,3.91284e-06
5.06188e-06,4.64872e-06,4.33071e-06,4.09121e-06,3.9057e-06,3.75671e-06,3.63954e-06,3.58215e-06,3.54528e-06,3.53482e-06,3.56702e-06
4.67113e-06,4.29058e-06,3.99837e-06,3.79282e-06,3.59825e-06,3.478e-06,3.35632e-06,3.29784e-06,3.27018e-06,3.2407e-06,3.27189e-06
4.3078e-06,3.96239e-06,3.69834e-06,3.50258e-06,3.32325e-06,3.21212e-06,3.10044e-06,3.045e-06,2.99983e-06,2.99067e-06,3.00538e-06
4.01092e-06,3.69281e-06,3.44891e-06,3.26699e-06,3.09964e-06,2.9978e-06,2.8905e-06,2.83969e-06,2.78717e-06,2.78583e-06,2.79225e-06
3.75916e-06,3.46481e-06,3.2382e-06,3.06322e-06,2.91145e-06,2.8168e-06,2.71683e-06,2.66575e-06,2.60868e-06,2.60709e-06,2.6197e-06
3.51997e-06,3.24607e-06,3.03416e-06,2.87451e-06,2.73478e-06,2.64129e-06,2.54713e-06,2.50425e-06,2.44404e-06,2.45193e-06,2.44984e-06
3.31496e-06,3.05908e-06,2.861e-06,2.71023e-06,2.5819e-06,2.49154e-06,2.40485e-06,2.36426e-06,2.30485e-06,2.31446e-06,2.31068e-06
3.13164e-06,2.89136e-06,2.70591e-06,2.56324e-06,2.44385e-06,2.35681e-06,2.27742e-06,2.23775e-06,2.18153e-06,2.19217e-06,2.18783e-06
2.9665e-06,2.74134e-06,2.56797e-06,2.43234e-06,2.31976e-06,2.23619e-06,2.1631e-06,2.12218e-06,2.07229e-06,2.08224e-06,2.07762e-06
2.81559e-06,2.60355e-06,2.43943e-06,2.31184e-06,2.20479e-06,2.1243e-06,2.05791e-06,2.01807e-06,1.97188e-06,1.98312e-06,1.97943e-06
2.67932e-06,2.4803e-06,2.32666e-06,2.20478e-06,2.10243e-06,2.02565e-06,1.96424e-06,1.92267e-06,1.8829e-06,1.89158e-06,1.89429e-06
2.55349e-06,2.36588e-06,2.22055e-06,2.10406e-06,2.00607e-06,1.93232e-06,1.87476e-06,1.83335e-06,1.79896e-06,1.8059e-06,1.80779e-06
2.4383e-06,2.26322e-06,2.12495e-06,2.01303e-06,1.91999e-06,1.84863e-06,1.79388e-06,1.75248e-06,1.72233e-06,1.72739e-06,1.73033e-06
2.33169e-06,2.16706e-06,2.03562e-06,1.92919e-06,1.83999e-06,1.77187e-06,1.71909e-06,1.67778e-06,1.65177e-06,1.65338e-06,1.65945e-06
2.23433e-06,2.08019e-06,1.95312e-06,1.85367e-06,1.76762e-06,1.70109e-06,1.65026e-06,1.60924e-06,1.58588e-06,1.58644e-06,1.5948e-06
2.14701e-06,2.0001e-06,1.88122e-06,1.78316e-06,1.69977e-06,1.63813e-06,1.58799e-06,1.5476e-06,1.52824e-06,1.52524e-06,1.53597e-06
2.05844e-06,1.92328e-06,1.8058e-06,1.71567e-06,1.63671e-06,1.57606e-06,1.52577e-06,1.48798e-06,1.46816e-06,1.46308e-06,1.47725e-06
1.98207e-06,1.85405e-06,1.74139e-06,1.65532e-06,1.579e-06,1.52012e-06,1.4707e-06,1.43394e-06,1.41525e-06,1.4115e-06,1.4237e-06
1.91049e-06,1.78957e-06,1.67856e-06,1.59819e-06,1.52357e-06,1.46789e-06,1.41898e-06,1.38426e-06,1.36498e-06,1.36009e-06,1.37358e-06
1.84272e-06,1.72704e-06,1.62192e-06,1.54464e-06,1.47288e-06,1.41783e-06,1.36986e-06,1.33636e-06,1.31973e-06,1.31407e-06,1.32594e-06
1.7782e-06,1.67134e-06,1.56737e-06,1.4931e-06,1.42488e-06,1.37106e-06,1.32441e-06,1.29211e-06,1.2761e-06,1.26679e-06,1.27953e-06
1.71999e-06,1.61326e-06,1.51774e-06,1.44652e-06,1.37838e-06,1.32747e-06,1.28258e-06,1.24826e-06,1.23821e-06,1.22777e-06,1.23942e-06
1.66412e-06,1.56257e-06,1.47037e-06,1.40127e-06,1.33626e-06,1.28629e-06,1.2433e-06,1.21283e-06,1.20231e-06,1.18926e-06,1.20031e-06
1.61542e-06,1.51485e-06,1.42555e-06,1.36047e-06,1.29407e-06,1.24391e-06,1.20424e-06,1.17253e-06,1.16404e-06,1.15583e-06,1.16388e-06
1.56329e-06,1.46626e-06,1.38004e-06,1.31598e-06,1.25391e-06,1.20717e-06,1.16611e-06,1.13926e-06,1.12896e-06,1.11865e-06,1.12715e-06
1.51834e-06,1.42409e-06,1.34144e-06,1.27913e-06,1.22013e-06,1.17461e-06,1.13314e-06,1.10787e-06,1.09866e-06,1.08715e-06,1.09739e-06
1.47454e-06,1.38293e-06,1.30274e-06,1.23992e-06,1.18087e-06,1.13872e-06,1.10004e-06,1.0764e-06,1.06619e-06,1.05693e-06,1.06389e-06
1.43304e-06,1.344e-06,1.26683e-06,1.20506e-06,1.15146e-06,1.10632e-06,1.06903e-06,1.04599e-06,1.03861e-06,1.02875e-06,1.03598e-06
1.39497e-06,1.30839e-06,1.23239e-06,1.17199e-06,1.12029e-06,1.07701e-06,1.03861e-06,1.02119e-06,1.01118e-06,1.00236e-06,1.0081e-06
1.35654e-06,1.27249e-06,1.20016e-06,1.1374e-06,1.09009e-06,1.04739e-06,1.01187e-06,9.91391e-07,9.84229e-07,9.7636e-07,9.81103e-07
1.32071e-06,1.23878e-06,1.16834e-06,1.10411e-06,1.05936e-06,1.0199e-06,9.85144e-07,9.65889e-07,9.57544e-07,9.5183e-07,9.54027e-07
1.28659e-06,1.20719e-06,1.13873e-06,1.07357e-06,1.03214e-06,9.93974e-07,9.59698e-07,9.41871e-07,9.33349e-07,9.28699e-07,9.30016e-07
1.25372e-06,1.17704e-06,1.11047e-06,1.04432e-06,1.00634e-06,9.69449e-07,9.35641e-07,9.18896e-07,9.1037e-07,9.0655e-07,9.06979e-07
1.22387e-06,1.14878e-06,1.08376e-06,1.01652e-06,9.80771e-07,9.46318e-07,9.13053e-07,8.97236e-07,8.88611e-07,8.85234e-07,8.85497e-07
1.19278e-06,1.12079e-06,1.05755e-06,9.85109e-07,9.58146e-07,9.24149e-07,8.90578e-07,8.75784e-07,8.68374e-07,8.64533e-07,8.62819e-07
1.16455e-06,1.09483e-06,1.03204e-06,9.64291e-07,9.35589e-07,9.02036e-07,8.69392e-07,8.56086e-07,8.47716e-07,8.45076e-07,8.44226e-07
1.13585e-06,1.06922e-06,1.00768e-06,9.40141e-07,9.13992e-07,8.81429e-07,8.49259e-07,8.36889e-07,8.28602e-07,8.26031e-07,8.24846e-07
1.11039e-06,1.04428e-06,9.84459e-07,9.16984e-07,8.93345e-07,8.61653e-07,8.29852e-07,8.16968e-07,8.10361e-07,8.07099e-07,8.06482e-07
1.08285e-06,1.02152e-06,9.62094e-07,8.95189e-07,8.73701e-07,8.43219e-07,8.11874e-07,7.95614e-07,7.93848e-07,7.88725e-07,7.87946e-07
1.05654e-06,9.97198e-07,9.39399e-07,8.74423e-07,8.53925e-07,8.24017e-07,7.93278e-07,7.80755e-07,7.7533e-07,7.71617e-07,7.70891e-07
1.03153e-06,9.74527e-07,9.17628e-07,8.54194e-07,8.3489e-07,8.05783e-07,7.7547e-07,7.63398e-07,7.58529e-07,7.54186e-07,7.53124e-07
1.00763e-06,9.52684e-07,8.94098e-07,8.35767e-07,8.16631e-07,7.88078e-07,7.58951e-07,7.46554e-07,7.42263e-07,7.37172e-07,7.37782e-07
9.82811e-07,9.30291e-07,8.7516e-07,8.16681e-07,7.98062e-07,7.7029e-07,7.41623e-07,7.29616e-07,7.2577e-07,7.20319e-07,7.20743e-07
9.57867e-07,9.09153e-07,8.55617e-07,8.00432e-07,7.81165e-07,7.53634e-07,7.26287e-07,7.14688e-07,7.10779e-07,7.05687e-07,7.07077e-07
9.35294e-07,8.86116e-07,8.33423e-07,7.80784e-07,7.62078e-07,7.35377e-07,7.08809e-07,6.96534e-07,6.93593e-07,6.86825e-07,6.88432e-07
9.13845e-07,8.65972e-07,8.14076e-07,7.64772e-07,7.45275e-07,7.18397e-07,6.92919e-07,6.81707e-07,6.78845e-07,6.75579e-07,6.73809e-07
8.88508e-07,8.42578e-07,7.91679e-07,7.46694e-07,7.25478e-07,7.00151e-07,6.76113e-07,6.63463e-07,6.61421e-07,6.52846e-07,6.59709e-07
8.65445e-07,8.20769e-07,7.71705e-07,7.27843e-07,7.08532e-07,6.83211e-07,6.60175e-07,6.47232e-07,6.45222e-07,6.31845e-07,6.39102e-07
8.42715e-07,7.99005e-07,7.50657e-07,7.10078e-07,6.89809e-07,6.6537e-07,6.42448e-07,6.30948e-07,6.28975e-07,6.19813e-07,6.2311e-07
8.18935e-07,7.76585e-07,7.29848e-07,6.91803e-07,6.71723e-07,6.47375e-07,6.26917e-07,6.13721e-07,6.11977e-07,5.96514e-07,6.05778e-07
7.95549e-07,7.53788e-07,7.08088e-07,6.7209e-07,6.52706e-07,6.28535e-07,6.09557e-07,5.96063e-07,5.9555e-07,5.85036e-07,5.84371e-07
7.72549e-07,7.31785e-07,6.80027e-07,6.54792e-07,6.3265e-07,6.09651e-07,5.93639e-07,5.78211e-07,5.773e-07,5.65302e-07,5.73768e-07
7.48374e-07,7.08258e-07,6.64912e-07,6.35191e-07,6.13614e-07,5.90907e-07,5.74488e-07,5.61564e-07,5.60568e-07,5.48319e-07,5.54797e-07
7.24782e-07,6.85228e-07,6.43113e-07,6.15481e-07,5.93914e-07,5.7168e-07,5.56497e-07,5.43826e-07,5.42753e-07,5.31582e-07,5.37206e-07
7.01282e-07,6.62813e-07,6.21819e-07,5.95347e-07,5.74124e-07,5.51886e-07,5.38141e-07,5.24598e-07,5.25182e-07,5.15031e-07,5.19416e-07
6.78275e-07,6.38845e-07,5.99722e-07,5.75342e-07,5.54357e-07,5.33321e-07,5.19301e-07,5.08915e-07,5.08331e-07,4.96687e-07,5.01436e-07
6.53574e-07,6.15248e-07,5.77307e-07,5.54443e-07,5.33762e-07,5.12928e-07,5.0106e-07,4.8978e-07,4.88463e-07,4.77129e-07,4.83691e-07
6.29916e-07,5.91697e-07,5.55273e-07,5.33561e-07,5.13399e-07,4.93022e-07,4.82121e-07,4.71468e-07,4.70036e-07,4.5882e-07,4.65575e-07
6.06397e-07,5.68384e-07,5.33518e-07,5.12666e-07,4.93145e-07,4.73282e-07,4.6327e-07,4.53287e-07,4.51864e-07,4.38851e-07,4.48029e-07
5.83137e-07,5.44991e-07,5.11001e-07,4.94309e-07,4.71318e-07,4.52704e-07,4.44009e-07,4.34805e-07,4.33948e-07,4.225e-07,4.38557e-07
5.59496e-07,5.21839e-07,4.89682e-07,4.70537e-07,4.52287e-07,4.33291e-07,4.24927e-07,4.16494e-07,4.14652e-07,4.04204e-07,4.11528e-07
5.36431e-07,4.98818e-07,4.68142e-07,4.49557e-07,4.32029e-07,4.13507e-07,4.05848e-07,3.98252e-07,3.96196e-07,3.86386e-07,3.93646e-07
5.13753e-07,4.77179e-07,4.47572e-07,4.28617e-07,4.11998e-07,3.93332e-07,3.86675e-07,3.78131e-07,3.78372e-07,3.7054e-07,3.75666e-07
4.91346e-07,4.54e-07,4.26021e-07,4.08212e-07,3.92237e-07,3.74697e-07,3.68347e-07,3.62307e-07,3.60024e-07,3.51356e-07,3.5866e-07
4.79501e-07,4.41321e-07,4.15265e-07,3.97403e-07,3.81963e-07,3.59147e-07,3.57956e-07,3.53292e-07,3.50846e-07,3.42134e-07,3.4936e-07
4.48166e-07,4.11474e-07,3.85821e-07,3.68207e-07,3.53956e-07,3.37418e-07,3.32361e-07,3.27506e-07,3.25316e-07,3.18188e-07,3.25711e-07
4.27385e-07,3.90413e-07,3.66227e-07,3.49113e-07,3.35253e-07,3.1932e-07,3.14666e-07,3.10558e-07,3.08219e-07,3.01708e-07,3.08869e-07
4.07373e-07,3.70372e-07,3.47555e-07,3.30681e-07,3.17378e-07,3.01937e-07,2.97935e-07,2.94442e-07,2.92094e-07,2.86324e-07,2.93461e-07
3.87776e-07,3.51656e-07,3.29129e-07,3.12429e-07,2.99888e-07,2.85118e-07,2.81319e-07,2.78238e-07,2.76012e-07,2.71158e-07,2.78148e-07
3.69107e-07,3.33424e-07,3.11648e-07,2.95035e-07,2.8322e-07,2.69063e-07,2.65663e-07,2.62929e-07,2.60869e-07,2.56662e-07,2.63788e-07
3.51369e-07,3.16129e-07,2.95252e-07,2.79054e-07,2.67328e-07,2.53803e-07,2.50649e-07,2.48458e-07,2.46854e-07,2.40435e-07,2.50174e-07
3.33795e-07,2.99487e-07,2.78986e-07,2.63158e-07,2.51942e-07,2.38982e-07,2.36254e-07,2.34294e-07,2.32261e-07,2.29786e-07,2.3704e-07
3.179e-07,2.83817e-07,2.63945e-07,2.48041e-07,2.3747e-07,2.25133e-07,2.22519e-07,2.20666e-07,2.19242e-07,2.17155e-07,2.24276e-07
3.02735e-07,2.69111e-07,2.49806e-07,2.34219e-07,2.2397e-07,2.12263e-07,2.09778e-07,2.08086e-07,2.06911e-07,2.0557e-07,2.12596e-07
2.88809e-07,2.55671e-07,2.36806e-07,2.21662e-07,2.11523e-07,2.00456e-07,1.98063e-07,1.96705e-07,1.94883e-07,1.95108e-07,2.02218e-07
2.75323e-07,2.43135e-07,2.24342e-07,2.0934e-07,1.99741e-07,1.89284e-07,1.86895e-07,1.8538e-07,1.84725e-07,1.84742e-07,1.91712e-07
2.63138e-07,2.31462e-07,2.1301e-07,1.98348e-07,1.89031e-07,1.79192e-07,1.7678e-07,1.75264e-07,1.74917e-07,1.75529e-07,1.82475e-07
2.51652e-07,2.20732e-07,2.02678e-07,1.88344e-07,1.79287e-07,1.70034e-07,1.67551e-07,1.6605e-07,1.65898e-07,1.67069e-07,1.73875e-07
2.41351e-07,2.11275e-07,1.93231e-07,1.79255e-07,1.70447e-07,1.6176e-07,1.59185e-07,1.57652e-07,1.57764e-07,1.59384e-07,1.66121e-07
2.31828e-07,2.0275e-07,1.84679e-07,1.71136e-07,1.62538e-07,1.54413e-07,1.51704e-07,1.50199e-07,1.50588e-07,1.52378e-07,1.59133e-07
2.23405e-07,1.94798e-07,1.77169e-07,1.63883e-07,1.55457e-07,1.47766e-07,1.44977e-07,1.43428e-07,1.43837e-07,1.46187e-07,1.52761e-07
2.15223e-07,1.87724e-07,1.70274e-07,1.57291e-07,1.49175e-07,1.41956e-07,1.38995e-07,1.3731e-07,1.37952e-07,1.40495e-07,1.46794e-07
2.08283e-07,1.81158e-07,1.64385e-07,1.5167e-07,1.4365e-07,1.36894e-07,1.33811e-07,1.32051e-07,1.32753e-07,1.3567e-07,1.41883e-07
2.01858e-07,1.75622e-07,1.5879e-07,1.46473e-07,1.38754e-07,1.32346e-07,1.29091e-07,1.27321e-07,1.28242e-07,1.31015e-07,1.37175e-07
1.96013e-07,1.7056e-07,1.5396e-07,1.41904e-07,1.34425e-07,1.28362e-07,1.24977e-07,1.23147e-07,1.24018e-07,1.27199e-07,1.33013e-07
1.90496e-07,1.65207e-07,1.49605e-07,1.37727e-07,1.3055e-07,1.24577e-07,1.21268e-07,1.19391e-07,1.20324e-07,1.23247e-07,1.29086e-07
1.8521e-07,1.61226e-07,1.45518e-07,1.34021e-07,1.26907e-07,1.21319e-07,1.17951e-07,1.16038e-07,1.16988e-07,1.19972e-07,1.25542e-07
1.81016e-07,1.57361e-07,1.41863e-07,1.30587e-07,1.23937e-07,1.18309e-07,1.15018e-07,1.13145e-07,1.14172e-07,1.16948e-07,1.22512e-07
1.75714e-07,1.5336e-07,1.38462e-07,1.27612e-07,1.20782e-07,1.15557e-07,1.12212e-07,1.10288e-07,1.11209e-07,1.14203e-07,1.19401e-07
1.71942e-07,1.49741e-07,1.35276e-07,1.24578e-07,1.17995e-07,1.12898e-07,1.0969e-07,1.07771e-07,1.08644e-07,1.11581e-07,1.16761e-07
1.67625e-07,1.46109e-07,1.3227e-07,1.21871e-07,1.15362e-07,1.10406e-07,1.07271e-07,1.05339e-07,1.06252e-07,1.0916e-07,1.14181e-07
1.6378e-07,1.43045e-07,1.29224e-07,1.19174e-07,1.12842e-07,1.07984e-07,1.04952e-07,1.03019e-07,1.03996e-07,1.06739e-07,1.11724e-07
1.59953e-07,1.39607e-07,1.26422e-07,1.16562e-07,1.10355e-07,1.05583e-07,1.02664e-07,1.008e-07,1.01692e-07,1.04453e-07,1.09329e-07
1.56131e-07,1.36398e-07,1.23592e-07,1.14018e-07,1.07935e-07,1.03282e-07,1.00477e-07,9.86525e-08,9.94733e-08,1.02207e-07,1.07044e-07
1.52387e-07,1.33354e-07,1.2084e-07,1.11576e-07,1.05592e-07,1.01082e-07,9.83653e-08,9.64752e-08,9.73868e-08,1.00047e-07,1.04941e-07
1.49052e-07,1.30378e-07,1.1828e-07,1.09162e-07,1.03297e-07,9.89094e-08,9.62624e-08,9.45051e-08,9.53351e-08,9.7966e-08,1.02592e-07
1.4536e-07,1.2735e-07,1.15608e-07,1.06854e-07,1.01065e-07,9.67928e-08,9.42321e-08,9.24365e-08,9.33604e-08,9.5931e-08,1.00483e-07
1.42356e-07,1.24435e-07,1.13153e-07,1.04572e-07,9.88851e-08,9.47057e-08,9.22588e-08,9.04838e-08,9.14478e-08,9.39503e-08,9.82359e-08
1.38787e-07,1.21722e-07,1.10638e-07,1.02338e-07,9.67518e-08,9.27294e-08,9.03336e-08,8.8571e-08,8.95745e-08,9.19878e-08,9.64426e-08
1.36006e-07,1.19119e-07,1.08336e-07,1.00227e-07,9.46852e-08,9.07137e-08,8.85018e-08,8.65977e-08,8.77125e-08,9.01161e-08,9.44579e-08
1.3243e-07,1.16243e-07,1.05888e-07,9.8091e-08,9.26068e-08,8.88131e-08,8.65991e-08,8.49162e-08,8.58993e-08,8.82675e-08,9.25317e-08
1.29922e-07,1.13971e-07,1.0378e-07,9.59656e-08,9.06228e-08,8.69266e-08,8.48473e-08,8.30685e-08,8.41266e-08,8.64479e-08,9.08604e-08
1.26426e-07,1.11076e-07,1.01348e-07,9.39584e-08,8.86595e-08,8.5066e-08,8.30184e-08,8.13841e-08,8.23716e-08,8.4705e-08,8.87032e-08
1.24051e-07,1.08545e-07,9.92268e-08,9.19269e-08,8.67118e-08,8.31958e-08,8.12629e-08,7.96296e-08,8.06619e-08,8.2919e-08,8.68969e-08
1.21141e-07,1.06126e-07,9.70563e-08,8.99864e-08,8.48269e-08,8.14035e-08,7.95692e-08,7.81747e-08,7.89754e-08,8.12051e-08,8.50908e-08
1.18717e-07,1.0383e-07,9.51017e-08,8.81487e-08,8.30953e-08,7.97865e-08,7.79902e-08,7.64053e-08,7.74807e-08,7.96196e-08,8.34779e-08
1.16021e-07,1.01758e-07,9.3046e-08,8.62744e-08,8.12617e-08,7.80742e-08,7.6369e-08,7.4583e-08,7.59643e-08,7.79703e-08,8.18085e-08
1.13463e-07,9.95943e-08,9.11517e-08,8.44135e-08,7.94681e-08,7.64551e-08,7.47139e-08,7.31429e-08,7.42658e-08,7.63105e-08,8.00121e-08
1.10604e-07,9.66636e-08,8.88148e-08,8.23802e-08,7.75552e-08,7.45412e-08,7.29498e-08,7.13972e-08,7.25264e-08,7.4582e-08,7.81314e-08
1.08043e-07,9.44015e-08,8.68192e-08,8.05781e-08,7.57923e-08,7.28782e-08,7.13244e-08,6.98166e-08,7.09126e-08,7.29432e-08,7.64481e-08
1.0549e-07,9.2147e-08,8.48975e-08,7.88704e-08,7.40797e-08,7.12622e-08,6.97818e-08,6.82769e-08,6.93319e-08,7.13949e-08,7.47931e-08
1.03092e-07,9.00141e-08,8.29367e-08,7.70042e-08,7.23728e-08,6.96437e-08,6.81947e-08,6.673e-08,6.78319e-08,6.97849e-08,7.31467e-08
1.00708e-07,8.74841e-08,8.10417e-08,7.52224e-08,7.06949e-08,6.8056e-08,6.66392e-08,6.52062e-08,6.63029e-08,6.82669e-08,7.16346e-08
9.83495e-08,8.6339e-08,7.937e-08,7.35514e-08,6.90199e-08,6.65862e-08,6.51603e-08,6.36907e-08,6.48274e-08,6.67405e-08,6.99147e-08
9.6008e-08,8.36784e-08,7.73094e-08,7.1818e-08,6.74227e-08,6.49374e-08,6.36454e-08,6.22208e-08,6.33425e-08,6.51873e-08,6.83408e-08
9.36118e-08,8.15726e-08,7.55247e-08,7.02448e-08,6.58295e-08,6.34351e-08,6.21939e-08,6.07736e-08,6.18263e-08,6.37278e-08,6.67812e-08
9.13783e-08,7.96331e-08,7.36776e-08,6.84666e-08,6.42313e-08,6.19037e-08,6.07162e-08,5.93249e-08,6.04295e-08,6.21996e-08,6.5229e-08
8.91923e-08,7.76243e-08,7.18818e-08,6.68036e-08,6.26715e-08,6.0415e-08,5.92512e-08,5.7865e-08,5.89812e-08,6.07166e-08,6.36732e-08
8.69541e-08,7.56853e-08,7.0126e-08,6.51927e-08,6.11116e-08,5.89517e-08,5.78436e-08,5.64745e-08,5.76138e-08,5.9262e-08,6.22434e-08
8.49388e-08,7.39607e-08,6.86383e-08,6.35464e-08,5.96126e-08,5.76171e-08,5.63675e-08,5.49538e-08,5.60468e-08,5.78486e-08,6.06192e-08
8.25863e-08,7.18415e-08,6.67349e-08,6.2148e-08,5.81649e-08,5.61019e-08,5.50628e-08,5.36837e-08,5.47422e-08,5.64723e-08,5.92212e-08
8.05552e-08,7.0592e-08,6.50181e-08,6.04372e-08,5.66512e-08,5.46597e-08,5.36843e-08,5.18905e-08,5.35396e-08,5.50624e-08,5.77241e-08
7.84828e-08,6.81875e-08,6.33096e-08,5.88781e-08,5.52049e-08,5.32602e-08,5.22999e-08,5.0956e-08,5.20495e-08,5.36323e-08,5.62618e-08
7.65192e-08,6.64177e-08,6.16618e-08,5.73355e-08,5.37723e-08,5.18887e-08,5.0949e-08,4.96215e-08,5.07159e-08,5.22537e-08,5.48134e-08
7.44718e-08,6.4664e-08,6.00391e-08,5.5843e-08,5.23726e-08,5.05253e-08,4.96289e-08,4.8305e-08,4.93858e-08,5.08814e-08,5.34247e-08
7.25554e-08,6.36549e-08,5.86886e-08,5.43692e-08,5.09413e-08,4.93223e-08,4.83079e-08,4.69631e-08,4.80758e-08,4.95471e-08,5.19795e-08
7.05874e-08,6.12401e-08,5.68526e-08,5.28853e-08,4.96174e-08,4.7893e-08,4.70248e-08,4.57272e-08,4.681e-08,4.81808e-08,5.06645e-08
6.86487e-08,5.95533e-08,5.52881e-08,5.14305e-08,4.82655e-08,4.65887e-08,4.57371e-08,4.44688e-08,4.55347e-08,4.69204e-08,4.92937e-08
6.68356e-08,5.79476e-08,5.37786e-08,5.00395e-08,4.69747e-08,4.53107e-08,4.45266e-08,4.32501e-08,4.42931e-08,4.56643e-08,4.79864e-08
6.50473e-08,5.63438e-08,5.22831e-08,4.86329e-08,4.56735e-08,4.40671e-08,4.32839e-08,4.20409e-08,4.30691e-08,4.43916e-08,4.66763e-08
6.32801e-08,5.47785e-08,5.08123e-08,4.72733e-08,4.44008e-08,4.28307e-08,4.20737e-08,4.08469e-08,4.18355e-08,4.31254e-08,4.53724e-08
6.16122e-08,5.32444e-08,4.9383e-08,4.59255e-08,4.31623e-08,4.16349e-08,4.08734e-08,3.96794e-08,4.06672e-08,4.19122e-08,4.412e-08
6.03841e-08,5.22768e-08,4.83702e-08,4.49489e-08,4.23375e-08,4.08067e-08,4.01041e-08,3.89011e-08,3.99138e-08,4.10458e-08,4.32853e-08
5.83147e-08,5.026e-08,4.65806e-08,4.33253e-08,4.07297e-08,3.92905e-08,3.85626e-08,3.74036e-08,3.83469e-08,3.95275e-08,4.16298e-08
5.65529e-08,4.89087e-08,4.52307e-08,4.20694e-08,3.95739e-08,3.81465e-08,3.74574e-08,3.63052e-08,3.72289e-08,3.83948e-08,4.04294e-08
5.50304e-08,4.75016e-08,4.39008e-08,4.08435e-08,3.84388e-08,3.70274e-08,3.63468e-08,3.52073e-08,3.61301e-08,3.72661e-08,3.92604e-08
5.34302e-08,4.61786e-08,4.26288e-08,3.96512e-08,3.73244e-08,3.59355e-08,3.52984e-08,3.41815e-08,3.50512e-08,3.61653e-08,3.81267e-08
5.1969e-08,4.48508e-08,4.13832e-08,3.84673e-08,3.62359e-08,3.48923e-08,3.42369e-08,3.31702e-08,3.39883e-08,3.50749e-08,3.69908e-08
5.04384e-08,4.35707e-08,4.01668e-08,3.73435e-08,3.51755e-08,3.38494e-08,3.32181e-08,3.21702e-08,3.29699e-08,3.4029e-08,3.59248e-08
4.91075e-08,4.22957e-08,3.8969e-08,3.62156e-08,3.41322e-08,3.28419e-08,3.22237e-08,3.11972e-08,3.19774e-08,3.30182e-08,3.48393e-08
4.78387e-08,4.11186e-08,3.78167e-08,3.51616e-08,3.31328e-08,3.186e-08,3.12622e-08,3.02346e-08,3.09814e-08,3.2001e-08,3.38065e-08
4.64435e-08,3.99217e-08,3.66887e-08,3.40845e-08,3.21368e-08,3.08922e-08,3.02966e-08,2.9315e-08,3.00197e-08,3.10277e-08,3.2753e-08
4.50851e-08,3.88105e-08,3.5626e-08,3.30707e-08,3.11905e-08,2.99751e-08,2.93884e-08,2.84214e-08,2.91018e-08,3.00654e-08,3.17641e-08
4.37145e-08,3.7679e-08,3.4556e-08,3.20893e-08,3.02555e-08,2.90891e-08,2.84696e-08,2.75648e-08,2.82291e-08,2.91361e-08,3.07835e-08
4.24562e-08,3.66324e-08,3.35505e-08,3.11416e-08,2.9382e-08,2.82113e-08,2.76277e-08,2.67474e-08,2.73436e-08,2.82687e-08,2.98852e-08
4.11555e-08,3.56412e-08,3.25956e-08,3.022e-08,2.85105e-08,2.73713e-08,2.68066e-08,2.59446e-08,2.6542e-08,2.74237e-08,2.89679e-08
4.04235e-08,3.45886e-08,3.16162e-08,2.93206e-08,2.76544e-08,2.65494e-08,2.59749e-08,2.51415e-08,2.56864e-08,2.65203e-08,2.8073e-08
3.923e-08,3.36841e-08,3.07143e-08,2.84635e-08,2.68733e-08,2.57615e-08,2.51953e-08,2.4388e-08,2.48937e-08,2.57403e-08,2.72471e-08
3.8159e-08,3.27623e-08,2.9838e-08,2.76334e-08,2.60732e-08,2.50077e-08,2.44425e-08,2.36548e-08,2.41303e-08,2.49596e-08,2.64104e-08
3.71711e-08,3.18668e-08,2.89799e-08,2.68512e-08,2.53246e-08,2.42796e-08,2.37125e-08,2.29566e-08,2.33895e-08,2.41913e-08,2.56236e-08
3.61078e-08,3.10508e-08,2.8173e-08,2.60728e-08,2.4616e-08,2.35847e-08,2.30193e-08,2.22841e-08,2.26743e-08,2.34993e-08,2.48488e-08
3.51865e-08,3.02254e-08,2.74105e-08,2.53562e-08,2.39277e-08,2.29165e-08,2.23609e-08,2.16445e-08,2.20066e-08,2.28348e-08,2.4157e-08
3.42564e-08,2.94596e-08,2.66655e-08,2.46663e-08,2.32561e-08,2.22726e-08,2.17284e-08,2.10557e-08,2.13627e-08,2.21458e-08,2.34698e-08
3.34686e-08,2.87222e-08,2.59464e-08,2.39914e-08,2.26351e-08,2.16574e-08,2.11136e-08,2.045e-08,2.0729e-08,2.15395e-08,2.28098e-08
3.26159e-08,2.8e-08,2.52599e-08,2.33512e-08,2.20053e-08,2.10682e-08,2.05248e-08,1.98841e-08,2.01134e-08,2.08913e-08,2.21411e-08
3.20736e-08,2.7367e-08,2.46484e-08,2.27549e-08,2.14284e-08,2.05155e-08,1.99663e-08,1.93434e-08,1.95885e-08,2.03025e-08,2.15262e-08
3.1213e-08,2.66962e-08,2.40041e-08,2.21723e-08,2.08616e-08,1.99616e-08,1.944e-08,1.88369e-08,1.90268e-08,1.97359e-08,2.09466e-08
3.03181e-08,2.6116e-08,2.34199e-08,2.1595e-08,2.03154e-08,1.94419e-08,1.89156e-08,1.83366e-08,1.85234e-08,1.92485e-08,2.03474e-08
2.96647e-08,2.55478e-08,2.286e-08,2.10678e-08,1.98282e-08,1.89496e-08,1.84425e-08,1.78658e-08,1.80408e-08,1.87653e-08,1.97944e-08
2.90697e-08,2.499e-08,2.2325e-08,2.05726e-08,1.93397e-08,1.84889e-08,1.79803e-08,1.74366e-08,1.75667e-08,1.8257e-08,1.93433e-08
2.82793e-08,2.44337e-08,2.17819e-08,2.00924e-08,1.88596e-08,1.80651e-08,1.75355e-08,1.70276e-08,1.71281e-08,1.78273e-08,1.88698e-08
2.76982e-08,2.39046e-08,2.12971e-08,1.96232e-08,1.84314e-08,1.76198e-08,1.71083e-08,1.66175e-08,1.66769e-08,1.73893e-08,1.83939e-08
2.7218e-08,2.341e-08,2.08417e-08,1.92043e-08,1.80185e-08,1.72513e-08,1.67149e-08,1.62427e-08,1.6298e-08,1.6952e-08,1.79543e-08
2.63618e-08,2.29233e-08,2.03812e-08,1.87749e-08,1.76108e-08,1.68462e-08,1.63234e-08,1.5875e-08,1.59065e-08,1.66092e-08,1.75378e-08
2.59989e-08,2.2485e-08,1.99421e-08,1.8378e-08,1.72309e-08,1.64741e-08,1.59732e-08,1.55201e-08,1.55299e-08,1.62285e-08,1.71388e-08
2.56738e-08,2.20708e-08,1.95487e-08,1.80164e-08,1.68768e-08,1.61372e-08,1.56369e-08,1.51992e-08,1.52073e-08,1.58708e-08,1.67791e-08
2.48388e-08,2.16222e-08,1.91283e-08,1.76388e-08,1.65232e-08,1.57964e-08,1.53012e-08,1.48736e-08,1.48429e-08,1.55586e-08,1.64046e-08
2.43543e-08,2.12169e-08,1.87531e-08,1.72933e-08,1.61916e-08,1.54781e-08,1.4988e-08,1.45719e-08,1.4529e-08,1.52431e-08,1.60629e-08
2.40265e-08,2.08424e-08,1.84029e-08,1.6968e-08,1.58707e-08,1.51848e-08,1.46953e-08,1.43002e-08,1.42606e-08,1.49579e-08,1.57546e-08
2.37284e-08,2.04439e-08,1.80362e-08,1.66587e-08,1.55667e-08,1.48755e-08,1.44236e-08,1.40119e-08,1.39416e-08,1.46554e-08,1.54409e-08
2.32811e-08,2.00908e-08,1.77276e-08,1.63418e-08,1.52806e-08,1.46007e-08,1.41319e-08,1.37505e-08,1.36927e-08,1.43724e-08,1.51417e-08
2.27152e-08,1.97367e-08,1.73722e-08,1.60384e-08,1.4991e-08,1.43107e-08,1.38719e-08,1.34817e-08,1.342e-08,1.41203e-08,1.48368e-08
2.22913e-08,1.93485e-08,1.70429e-08,1.57489e-08,1.47108e-08,1.4049e-08,1.36045e-08,1.32353e-08,1.31633e-08,1.38466e-08,1.45601e-08
2.18828e-08,1.89975e-08,1.67458e-08,1.54703e-08,1.44439e-08,1.38008e-08,1.33526e-08,1.29942e-08,1.29225e-08,1.36035e-08,1.42909e-08
2.14758e-08,1.8654e-08,1.64446e-08,1.5212e-08,1.41881e-08,1.35651e-08,1.31231e-08,1.27581e-08,1.26872e-08,1.33638e-08,1.4044e-08
2.12468e-08,1.83598e-08,1.61509e-08,1.4931e-08,1.39401e-08,1.33094e-08,1.28814e-08,1.25358e-08,1.24632e-08,1.31397e-08,1.37966e-08
2.07311e-08,1.80156e-08,1.58513e-08,1.46767e-08,1.36823e-08,1.30807e-08,1.2653e-08,1.23143e-08,1.22404e-08,1.29112e-08,1.35477e-08
2.03582e-08,1.76976e-08,1.55814e-08,1.44141e-08,1.34423e-08,1.28457e-08,1.24304e-08,1.20931e-08,1.20217e-08,1.26912e-08,1.32868e-08
1.99943e-08,1.73616e-08,1.53047e-08,1.41684e-08,1.32093e-08,1.26248e-08,1.22052e-08,1.18792e-08,1.18063e-08,1.24568e-08,1.30596e-08
1.9653e-08,1.70596e-08,1.50201e-08,1.39175e-08,1.29709e-08,1.2383e-08,1.19872e-08,1.16624e-08,1.15863e-08,1.22521e-08,1.28271e-08
1.9417e-08,1.67573e-08,1.47613e-08,1.36736e-08,1.27442e-08,1.21689e-08,1.17811e-08,1.14658e-08,1.13925e-08,1.20422e-08,1.26051e-08
1.87459e-08,1.64462e-08,1.44732e-08,1.34343e-08,1.25125e-08,1.19538e-08,1.15612e-08,1.12593e-08,1.11741e-08,1.1847e-08,1.23654e-08
1.84998e-08,1.61485e-08,1.42013e-08,1.31967e-08,1.22904e-08,1.17335e-08,1.13609e-08,1.10602e-08,1.09709e-08,1.16358e-08,1.21477e-08
1.82787e-08,1.58386e-08,1.39526e-08,1.29623e-08,1.20762e-08,1.15295e-08,1.11566e-08,1.08652e-08,1.07745e-08,1.14233e-08,1.19397e-08
1.79643e-08,1.55524e-08,1.36856e-08,1.27368e-08,1.18551e-08,1.13221e-08,1.09633e-08,1.06783e-08,1.05749e-08,1.12341e-08,1.17337e-08
1.76429e-08,1.52666e-08,1.3432e-08,1.25057e-08,1.16392e-08,1.11116e-08,1.07579e-08,1.04782e-08,1.03868e-08,1.10265e-08,1.1503e-08
1.73052e-08,1.49983e-08,1.32039e-08,1.22812e-08,1.14269e-08,1.09195e-08,1.05664e-08,1.0291e-08,1.02204e-08,1.08238e-08,1.12839e-08
1.69835e-08,1.47209e-08,1.2962e-08,1.20588e-08,1.12161e-08,1.07065e-08,1.03765e-08,1.01019e-08,1.00398e-08,1.06394e-08,1.10651e-08
1.66671e-08,1.44568e-08,1.27189e-08,1.18396e-08,1.1007e-08,1.05148e-08,1.01894e-08,9.92173e-09,9.86158e-09,1.0459e-08,1.08566e-08
1.63757e-08,1.41795e-08,1.24738e-08,1.16261e-08,1.08093e-08,1.0321e-08,1.00031e-08,9.7445e-09,9.67032e-09,1.02625e-08,1.06687e-08
1.6088e-08,1.39128e-08,1.22402e-08,1.14172e-08,1.06098e-08,1.01376e-08,9.81633e-09,9.56979e-09,9.49704e-09,1.00696e-08,1.04649e-08
1.57709e-08,1.36501e-08,1.20037e-08,1.12034e-08,1.04114e-08,9.94228e-09,9.63747e-09,9.39523e-09,9.32218e-09,9.89468e-09,1.02661e-08
1.548e-08,1.33907e-08,1.17711e-08,1.09939e-08,1.02173e-08,9.75478e-09,9.45913e-09,9.22589e-09,9.15026e-09,9.71282e-09,1.00682e-08
1.51809e-08,1.31542e-08,1.15636e-08,1.07895e-08,1.00236e-08,9.57531e-09,9.28442e-09,9.05566e-09,8.98229e-09,9.53392e-09,9.87422e-09
1.49068e-08,1.28928e-08,1.13381e-08,1.0591e-08,9.84403e-09,9.40529e-09,9.11419e-09,8.89152e-09,8.8207e-09,9.34966e-09,9.68556e-09
1.46309e-08,1.26358e-08,1.11087e-08,1.03866e-08,9.65483e-09,9.21757e-09,8.94615e-09,8.72658e-09,8.65562e-09,9.18622e-09,9.49106e-09
1.43502e-08,1.2399e-08,1.08975e-08,1.01944e-08,9.47162e-09,9.04701e-09,8.77326e-09,8.56274e-09,8.49038e-09,9.00785e-09,9.30232e-09
1.40026e-08,1.21637e-08,1.06839e-08,9.9993e-09,9.29e-09,8.87768e-09,8.6093e-09,8.40494e-09,8.3276e-09,8.84765e-09,9.11508e-09
1.3813e-08,1.19233e-08,1.04755e-08,9.80961e-09,9.11276e-09,8.70363e-09,8.44649e-09,8.24714e-09,8.17529e-09,8.66838e-09,8.93787e-09
1.35367e-08,1.16866e-08,1.02642e-08,9.62221e-09,8.93792e-09,8.53711e-09,8.28719e-09,8.09277e-09,8.01957e-09,8.50113e-09,8.75817e-09
1.32827e-08,1.14657e-08,1.00642e-08,9.43566e-09,8.76663e-09,8.37193e-09,8.12995e-09,7.94036e-09,7.8672e-09,8.33943e-09,8.58551e-09
1.30213e-08,1.12294e-08,9.86534e-09,9.25552e-09,8.59711e-09,8.21142e-09,7.9734e-09,7.79065e-09,7.7186e-09,8.17453e-09,8.40135e-09
1.27579e-08,1.10096e-08,9.67455e-09,9.08053e-09,8.4329e-09,8.05763e-09,7.82222e-09,7.64362e-09,7.57311e-09,8.0091e-09,8.22892e-09
1.25276e-08,1.07886e-08,9.47565e-09,8.89378e-09,8.26508e-09,7.89586e-09,7.66779e-09,7.496e-09,7.42407e-09,7.85253e-09,8.05414e-09
1.23157e-08,1.05787e-08,9.29519e-09,8.72189e-09,8.10251e-09,7.74229e-09,7.51887e-09,7.35397e-09,7.28216e-09,7.69776e-09,7.88654e-09
1.20396e-08,1.03579e-08,9.10958e-09,8.55948e-09,7.94315e-09,7.58841e-09,7.3732e-09,7.21049e-09,7.13905e-09,7.54206e-09,7.71538e-09
1.1798e-08,1.01603e-08,8.91822e-09,8.38301e-09,7.78759e-09,7.44097e-09,7.22709e-09,7.0707e-09,6.99827e-09,7.38945e-09,7.55207e-09
1.15683e-08,9.94953e-09,8.74045e-09,8.21338e-09,7.63465e-09,7.29542e-09,7.08844e-09,6.93634e-09,6.86357e-09,7.23924e-09,7.39505e-09
1.133e-08,9.75067e-09,8.55999e-09,8.05253e-09,7.47981e-09,7.14925e-09,6.94786e-09,6.79837e-09,6.72641e-09,7.08797e-09,7.2281e-09
1.11095e-08,9.55134e-09,8.38266e-09,7.89179e-09,7.33499e-09,7.00682e-09,6.8098e-09,6.66447e-09,6.59277e-09,6.94299e-09,7.06956e-09
1.08944e-08,9.36554e-09,8.21569e-09,7.7314e-09,7.19416e-09,6.86953e-09,6.67506e-09,6.53528e-09,6.46349e-09,6.79737e-09,6.91479e-09
1.06686e-08,9.16643e-09,8.04528e-09,7.57553e-09,7.04463e-09,6.72994e-09,6.54215e-09,6.40523e-09,6.33243e-09,6.65597e-09,6.76059e-09
1.04543e-08,8.97867e-09,7.88149e-09,7.42524e-09,6.90475e-09,6.59641e-09,6.41395e-09,6.27976e-09,6.20726e-09,6.51846e-09,6.60994e-09
1.02367e-08,8.79542e-09,7.7112e-09,7.26527e-09,6.76596e-09,6.46453e-09,6.28452e-09,6.15388e-09,6.07907e-09,6.37954e-09,6.4666e-09
1.00356e-08,8.61678e-09,7.5581e-09,7.1232e-09,6.6298e-09,6.33279e-09,6.1587e-09,6.03104e-09,5.96184e-09,6.24391e-09,6.31658e-09
9.83859e-09,8.44056e-09,7.40406e-09,6.97949e-09,6.49695e-09,6.2067e-09,6.03455e-09,5.91145e-09,5.83675e-09,6.11058e-09,6.17023e-09
9.63214e-09,8.25907e-09,7.25712e-09,6.83527e-09,6.36077e-09,6.0813e-09,5.91315e-09,5.79243e-09,5.7198e-09,5.97862e-09,6.02489e-09
9.44228e-09,8.09804e-09,7.0951e-09,6.69912e-09,6.2384e-09,5.96014e-09,5.79137e-09,5.67626e-09,5.60259e-09,5.85053e-09,5.88516e-09
9.25171e-09,7.93921e-09,6.95296e-09,6.56284e-09,6.11221e-09,5.83741e-09,5.67805e-09,5.55978e-09,5.48766e-09,5.72351e-09,5.75291e-09
9.0704e-09,7.76907e-09,6.81998e-09,6.42051e-09,5.99042e-09,5.72259e-09,5.56129e-09,5.45189e-09,5.37287e-09,5.60123e-09,5.61756e-09
8.88706e-09,7.60761e-09,6.67486e-09,6.29428e-09,5.86938e-09,5.60688e-09,5.45036e-09,5.34039e-09,5.26516e-09,5.47786e-09,5.48732e-09
8.70281e-09,7.4515e-09,6.5317e-09,6.16382e-09,5.75236e-09,5.49243e-09,5.34033e-09,5.23154e-09,5.15661e-09,5.35899e-09,5.35801e-09
8.52908e-09,7.30965e-09,6.39969e-09,6.04239e-09,5.63672e-09,5.38278e-09,5.23556e-09,5.12595e-09,5.05203e-09,5.24311e-09,5.23212e-09
8.3571e-09,7.1526e-09,6.26536e-09,5.9202e-09,5.52453e-09,5.2748e-09,5.12761e-09,5.02182e-09,4.9478e-09,5.12883e-09,5.10578e-09
8.18843e-09,7.00575e-09,6.13672e-09,5.79461e-09,5.41395e-09,5.16861e-09,5.02396e-09,4.92124e-09,4.8441e-09,5.01706e-09,4.98411e-09
8.0269e-09,6.8632e-09,6.00058e-09,5.67398e-09,5.30852e-09,5.0672e-09,4.9222e-09,4.82239e-09,4.74784e-09,4.90531e-09,4.86532e-09
7.86037e-09,6.725e-09,5.8872e-09,5.56499e-09,5.20065e-09,4.96417e-09,4.82493e-09,4.72493e-09,4.64998e-09,4.80001e-09,4.75062e-09
7.70621e-09,6.58877e-09,5.76407e-09,5.45496e-09,5.09667e-09,4.86603e-09,4.73046e-09,4.62912e-09,4.55397e-09,4.69459e-09,4.63577e-09
7.55624e-09,6.45671e-09,5.65077e-09,5.33807e-09,4.99684e-09,4.77106e-09,4.62848e-09,4.53649e-09,4.45993e-09,4.59314e-09,4.52022e-09
7.40801e-09,6.32634e-09,5.53542e-09,5.22795e-09,4.90117e-09,4.67618e-09,4.54246e-09,4.44617e-09,4.36696e-09,4.49358e-09,4.41742e-09
7.26706e-09,6.19721e-09,5.42452e-09,5.12242e-09,4.80424e-09,4.57928e-09,4.45145e-09,4.35724e-09,4.28042e-09,4.39683e-09,4.30947e-09
7.11212e-09,6.07371e-09,5.31225e-09,5.02056e-09,4.70378e-09,4.49087e-09,4.36293e-09,4.27077e-09,4.19308e-09,4.29894e-09,4.20707e-09
6.98198e-09,5.95461e-09,5.21933e-09,4.91663e-09,4.62146e-09,4.401e-09,4.27577e-09,4.18757e-09,4.10952e-09,4.20871e-09,4.10758e-09
6.85485e-09,5.837e-09,5.10232e-09,4.82801e-09,4.54241e-09,4.32023e-09,4.19292e-09,4.10483e-09,4.02261e-09,4.11789e-09,4.00132e-09
6.71594e-09,5.72497e-09,5.00853e-09,4.72781e-09,4.44598e-09,4.23521e-09,4.11257e-09,4.02224e-09,3.94394e-09,4.03006e-09,3.91107e-09
6.5886e-09,5.6159e-09,4.90597e-09,4.63766e-09,4.36435e-09,4.15492e-09,4.03353e-09,3.94227e-09,3.86802e-09,3.94265e-09,3.82006e-09
6.45718e-09,5.51191e-09,4.8038e-09,4.54571e-09,4.2817e-09,4.07589e-09,3.95763e-09,3.86675e-09,3.78921e-09,3.86419e-09,3.72578e-09
6.34178e-09,5.3842e-09,4.7227e-09,4.45946e-09,4.20192e-09,3.99954e-09,3.88114e-09,3.79313e-09,3.71773e-09,3.77769e-09,3.63689e-09
6.22397e-09,5.29941e-09,4.63557e-09,4.36801e-09,4.12453e-09,3.9253e-09,3.80791e-09,3.71961e-09,3.6387e-09,3.7016e-09,3.55859e-09
6.11537e-09,5.21008e-09,4.53567e-09,4.29419e-09,4.05082e-09,3.85131e-09,3.73811e-09,3.64924e-09,3.56347e-09,3.62459e-09,3.46588e-09
5.99894e-09,5.11726e-09,4.46329e-09,4.22177e-09,3.97677e-09,3.7876e-09,3.66934e-09,3.57668e-09,3.51258e-09,3.55578e-09,3.39064e-09
5.89439e-09,5.02049e-09,4.36907e-09,4.13463e-09,3.90959e-09,3.71895e-09,3.59709e-09,3.51435e-09,3.43542e-09,3.48276e-09,3.31511e-09
5.78889e-09,4.92761e-09,4.29888e-09,4.05993e-09,3.83738e-09,3.65412e-09,3.53467e-09,3.44533e-09,3.37016e-09,3.40744e-09,3.24017e-09
5.68751e-09,4.84317e-09,4.22174e-09,3.9901e-09,3.77043e-09,3.59056e-09,3.47173e-09,3.38319e-09,3.30355e-09,3.34347e-09,3.16863e-09
5.58951e-09,4.7625e-09,4.15008e-09,3.91491e-09,3.7045e-09,3.52739e-09,3.41035e-09,3.31991e-09,3.24359e-09,3.27756e-09,3.09049e-09
5.4933e-09,4.6751e-09,4.08019e-09,3.84167e-09,3.64154e-09,3.46516e-09,3.35103e-09,3.26047e-09,3.19027e-09,3.21593e-09,3.02534e-09
5.38694e-09,4.59457e-09,3.99646e-09,3.7799e-09,3.5801e-09,3.40711e-09,3.29229e-09,3.20357e-09,3.12976e-09,3.15357e-09,2.96568e-09
5.29192e-09,4.51518e-09,3.93413e-09,3.71491e-09,3.52075e-09,3.35074e-09,3.23595e-09,3.14738e-09,3.07724e-09,3.09134e-09,2.90668e-09
5.21512e-09,4.44505e-09,3.86663e-09,3.65194e-09,3.4637e-09,3.29597e-09,3.1818e-09,3.09294e-09,3.01657e-09,3.03796e-09,2.84001e-09
5.13422e-09,4.3723e-09,3.77875e-09,3.58975e-09,3.40972e-09,3.24065e-09,3.12785e-09,3.03951e-09,2.96996e-09,2.98235e-09,2.77787e-09
5.04925e-09,4.30259e-09,3.74715e-09,3.52436e-09,3.35192e-09,3.18442e-09,3.07383e-09,2.99189e-09,2.92546e-09,2.93503e-09,2.72044e-09
4.95079e-09,4.23189e-09,3.67386e-09,3.47361e-09,3.29885e-09,3.13927e-09,3.02636e-09,2.93948e-09,2.86356e-09,2.87722e-09,2.67105e-09
4.86447e-09,4.15722e-09,3.61432e-09,3.41753e-09,3.25038e-09,3.08763e-09,2.97903e-09,2.88876e-09,2.81914e-09,2.81733e-09,2.62891e-09
4.8086e-09,4.09595e-09,3.56123e-09,3.36512e-09,3.19708e-09,3.0402e-09,2.93133e-09,2.84175e-09,2.7734e-09,2.7775e-09,2.56694e-09
4.72863e-09,4.02629e-09,3.50744e-09,3.31075e-09,3.15048e-09,2.9948e-09,2.88472e-09,2.79693e-09,2.72982e-09,2.73142e-09,2.52073e-09
4.6573e-09,3.96841e-09,3.45059e-09,3.25983e-09,3.10165e-09,2.94868e-09,2.84258e-09,2.75177e-09,2.69764e-09,2.68779e-09,2.46346e-09
4.59343e-09,3.91201e-09,3.40357e-09,3.21092e-09,3.0547e-09,2.90392e-09,2.79778e-09,2.71322e-09,2.64283e-09,2.64103e-09,2.42661e-09
4.51973e-09,3.84477e-09,3.35872e-09,3.17439e-09,3.01243e-09,2.86086e-09,2.75704e-09,2.66568e-09,2.60416e-09,2.59848e-09,2.38711e-09
4.4521e-09,3.80023e-09,3.29537e-09,3.11678e-09,2.9697e-09,2.82332e-09,2.71418e-09,2.63253e-09,2.56364e-09,2.55853e-09,2.33521e-09
4.38303e-09,3.74177e-09,3.25529e-09,3.06841e-09,2.92669e-09,2.77994e-09,2.67605e-09,2.59059e-09,2.52302e-09,2.51916e-09,2.29986e-09
4.31748e-09,3.69056e-09,3.20861e-09,3.02506e-09,2.88432e-09,2.73906e-09,2.63872e-09,2.55198e-09,2.49657e-09,2.48376e-09,2.25978e-09
4.25975e-09,3.63276e-09,3.16116e-09,2.97996e-09,2.84395e-09,2.69929e-09,2.59987e-09,2.51551e-09,2.44899e-09,2.44068e-09,2.22167e-09
4.18305e-09,3.58082e-09,3.11702e-09,2.93433e-09,2.80511e-09,2.66444e-09,2.56356e-09,2.48042e-09,2.41315e-09,2.40165e-09,2.19158e-09
4.13278e-09,3.53564e-09,3.07828e-09,2.89791e-09,2.76415e-09,2.62743e-09,2.52834e-09,2.4472e-09,2.37993e-09,2.36896e-09,2.14996e-09
4.08009e-09,3.49306e-09,3.03212e-09,2.85843e-09,2.73028e-09,2.59151e-09,2.49235e-09,2.41187e-09,2.34297e-09,2.33516e-09,2.11429e-09
4.01706e-09,3.44292e-09,2.99614e-09,2.82623e-09,2.69104e-09,2.55797e-09,2.46378e-09,2.37716e-09,2.31369e-09,2.30235e-09,2.08045e-09
3.98002e-09,3.39209e-09,2.94922e-09,2.78371e-09,2.65798e-09,2.5209e-09,2.42485e-09,2.34659e-09,2.28134e-09,2.26768e-09,2.04856e-09
3.91681e-09,3.34116e-09,2.90944e-09,2.74565e-09,2.62382e-09,2.48795e-09,2.39424e-09,2.3164e-09,2.25065e-09,2.23112e-09,2.02643e-09
3.86212e-09,3.30489e-09,2.87226e-09,2.70749e-09,2.58966e-09,2.45471e-09,2.36081e-09,2.28377e-09,2.2168e-09,2.20439e-09,1.98606e-09
3.823e-09,3.25883e-09,2.83208e-09,2.67472e-09,2.55732e-09,2.42328e-09,2.32932e-09,2.24945e-09,2.17433e-09,2.17291e-09,1.94447e-09
3.77642e-09,3.21571e-09,2.79842e-09,2.63863e-09,2.52472e-09,2.39249e-09,2.30151e-09,2.22524e-09,2.15953e-09,2.14423e-09,1.92343e-09
3.7111e-09,3.176e-09,2.76174e-09,2.60136e-09,2.49073e-09,2.36076e-09,2.26929e-09,2.19505e-09,2.13118e-09,2.11491e-09,1.90081e-09
3.65567e-09,3.1363e-09,2.7285e-09,2.56422e-09,2.46142e-09,2.33013e-09,2.2417e-09,2.16893e-09,2.10502e-09,2.08223e-09,1.88024e-09
3.61745e-09,3.09433e-09,2.69493e-09,2.53696e-09,2.42848e-09,2.30121e-09,2.21441e-09,2.13932e-09,2.07781e-09,2.05923e-09,1.84579e-09
3.5692e-09,3.04968e-09,2.65587e-09,2.50319e-09,2.3992e-09,2.27158e-09,2.18529e-09,2.11295e-09,2.04647e-09,2.03077e-09,1.81647e-09
3.53079e-09,3.01292e-09,2.62184e-09,2.47197e-09,2.36786e-09,2.24259e-09,2.15493e-09,2.08531e-09,2.0218e-09,2.00303e-09,1.79314e-09
3.47423e-09,2.98045e-09,2.60295e-09,2.43006e-09,2.34214e-09,2.21495e-09,2.12903e-09,2.06138e-09,1.99595e-09,1.9763e-09,1.78141e-09
3.41524e-09,2.93642e-09,2.55907e-09,2.4064e-09,2.30887e-09,2.18411e-09,2.10417e-09,2.03478e-09,1.97637e-09,1.94656e-09,1.75066e-09
3.369e-09,2.90559e-09,2.52999e-09,2.37715e-09,2.28009e-09,2.15914e-09,2.07685e-09,2.00703e-09,1.94345e-09,1.92483e-09,1.71722e-09
3.33841e-09,2.86799e-09,2.49656e-09,2.34832e-09,2.25068e-09,2.13277e-09,2.05259e-09,1.98321e-09,1.91895e-09,1.89843e-09,1.69497e-09
3.30029e-09,2.83811e-09,2.46963e-09,2.32007e-09,2.2251e-09,2.10577e-09,2.02378e-09,1.95915e-09,1.89295e-09,1.87391e-09,1.66878e-09
3.24551e-09,2.79848e-09,2.43361e-09,2.29023e-09,2.19583e-09,2.0778e-09,1.99863e-09,1.93337e-09,1.86804e-09,1.84736e-09,1.64752e-09
3.20971e-09,2.75687e-09,2.40341e-09,2.25359e-09,2.16999e-09,2.05265e-09,1.97723e-09,1.91219e-09,1.84613e-09,1.81941e-09,1.63142e-09
