0.000318462,0.000311944,0.000311785,0.000296075,0.000293673,0.000277626,0.000279076,0.000265403,0.000261098,0.000251176,0.000230051
0.000301084,0.000295565,0.000292455,0.000282996,0.000279096,0.000262343,0.000263941,0.00025037,0.000245789,0.000234612,0.000215823
0.000284511,0.000280508,0.000278718,0.0002666,0.000262141,0.00024932,0.000246877,0.000233162,0.000229856,0.000220033,0.000199634
0.000269647,0.000265816,0.00026336,0.000254633,0.00024874,0.000236041,0.000234378,0.000220039,0.000217088,0.000205833,0.000188322
0.000256731,0.000253209,0.000250825,0.000243002,0.000236144,0.000224474,0.000222066,0.000208762,0.000205251,0.000193981,0.000177847
0.000244423,0.000242003,0.000239152,0.000232823,0.000224591,0.00021375,0.000211377,0.000199305,0.000194579,0.000183961,0.000168977
0.000234084,0.000231565,0.000228871,0.000222465,0.00021394,0.00020429,0.000200665,0.000190014,0.000184296,0.000173532,0.000159806
0.000224524,0.000222017,0.000219398,0.000212654,0.000204389,0.00019552,0.000191518,0.000181919,0.000175295,0.000164815,0.000152083
0.000215286,0.000213277,0.000210169,0.000204717,0.000195183,0.00018725,0.000182649,0.00017452,0.000166404,0.000156713,0.000144849
0.000206827,0.000205207,0.000201737,0.000197664,0.000187138,0.000179549,0.000175045,0.000167544,0.000158483,0.000149616,0.00013859
0.000199233,0.000197737,0.0001939,0.000189055,0.000179586,0.000172481,0.000167398,0.000161066,0.000151249,0.000142819,0.000132426
0.0001919,0.000190466,0.000186863,0.000181901,0.000172426,0.000166265,0.000160254,0.000153997,0.000145005,0.000137092,0.000127151
0.000186035,0.000183879,0.000179826,0.000174963,0.000165162,0.000160078,0.000153921,0.000148579,0.000138495,0.000130544,0.00012143
0.000179515,0.000177813,0.000172922,0.000168461,0.000159327,0.000153721,0.000147208,0.000143745,0.000132626,0.000125636,0.000116785
0.000173742,0.000171186,0.000166914,0.000162635,0.000153406,0.000148717,0.000141832,0.000137998,0.000127423,0.000120306,0.000111744
0.000168574,0.000165586,0.000161421,0.000156777,0.000148605,0.000143382,0.000136616,0.000133047,0.000122689,0.000115745,0.000107492
0.000163119,0.000160177,0.000155516,0.000151531,0.000142541,0.000139124,0.000131736,0.00012887,0.00011813,0.000111585,0.000103104
0.000157512,0.000155601,0.000150761,0.000146218,0.000138202,0.000134139,0.000126943,0.000123673,0.000113668,0.000106836,9.95047e-05
0.000153411,0.000150131,0.000145709,0.000141133,0.000132893,0.000130128,0.000122848,0.000119591,0.000109527,0.000102776,9.54639e-05
0.000148955,0.000145522,0.000141025,0.00013661,0.000128811,0.000125422,0.000118421,0.000115352,0.000105641,9.94439e-05,9.20219e-05
0.000144291,0.000140874,0.000136847,0.000131917,0.000124333,0.000121931,0.00011491,0.000111241,0.00010196,9.52752e-05,8.83663e-05
0.000139748,0.000136684,0.000133034,0.000127608,0.000120908,0.00011771,0.000110932,0.000107089,9.80804e-05,9.2006e-05,8.51828e-05
0.000135587,0.000132005,0.000128617,0.000123429,0.000116613,0.000114186,0.000107406,0.000103542,9.48693e-05,8.8725e-05,8.17414e-05
0.000131363,0.000128683,0.000125373,0.000119892,0.000113516,0.000110641,0.000104441,9.98571e-05,9.16611e-05,8.56003e-05,7.89087e-05
0.000127842,0.000124507,0.000121792,0.000116192,0.000109499,0.000107268,0.000101208,9.63457e-05,8.88075e-05,8.23961e-05,7.60053e-05
0.000123768,0.00012082,0.000118092,0.000112328,0.000106394,0.000103872,9.8035e-05,9.31476e-05,8.57566e-05,7.93937e-05,7.34806e-05
0.00012027,0.000117256,0.000114763,0.000108684,0.000102698,0.000100761,9.49708e-05,8.97758e-05,8.31717e-05,7.65722e-05,7.08227e-05
0.000116569,0.000113688,0.000111386,0.000105605,9.99453e-05,9.77265e-05,9.19669e-05,8.68852e-05,8.03771e-05,7.421e-05,6.84243e-05
0.000113029,0.000110408,0.000108219,0.000102372,9.65365e-05,9.46164e-05,8.93344e-05,8.35927e-05,7.77648e-05,7.14055e-05,6.59238e-05
0.00010981,0.000107608,0.000105236,9.95321e-05,9.39959e-05,9.19033e-05,8.6664e-05,8.11949e-05,7.53939e-05,6.91095e-05,6.37831e-05
0.000106893,0.000104695,0.000101795,9.64898e-05,9.06278e-05,8.89065e-05,8.41497e-05,7.86179e-05,7.29612e-05,6.66357e-05,6.13463e-05
0.000103374,0.000101162,9.90563e-05,9.34828e-05,8.78889e-05,8.62777e-05,8.13072e-05,7.56682e-05,7.05521e-05,6.41764e-05,5.91901e-05
0.000100382,9.83016e-05,9.60366e-05,9.08097e-05,8.51917e-05,8.34969e-05,7.87553e-05,7.3238e-05,6.81813e-05,6.20399e-05,5.69504e-05
9.7385e-05,9.53793e-05,9.32895e-05,8.81902e-05,8.26094e-05,8.08974e-05,7.62573e-05,7.1044e-05,6.59183e-05,5.98468e-05,5.49779e-05
9.44969e-05,9.28638e-05,9.0011e-05,8.56739e-05,8.00576e-05,7.84013e-05,7.38573e-05,6.86503e-05,6.38485e-05,5.7996e-05,5.29355e-05
9.17849e-05,9.01033e-05,8.76039e-05,8.31435e-05,7.74248e-05,7.59687e-05,7.17103e-05,6.63559e-05,6.17949e-05,5.55578e-05,5.10719e-05
8.88331e-05,8.74236e-05,8.49626e-05,8.04979e-05,7.53162e-05,7.34752e-05,6.91256e-05,6.40131e-05,5.94526e-05,5.38113e-05,4.90268e-05
8.61558e-05,8.4846e-05,8.23117e-05,7.81613e-05,7.29009e-05,7.10998e-05,6.69668e-05,6.17914e-05,5.75942e-05,5.20267e-05,4.72473e-05
8.35146e-05,8.22907e-05,7.93084e-05,7.60658e-05,7.07641e-05,6.88332e-05,6.45831e-05,5.9876e-05,5.55477e-05,5.01573e-05,4.55873e-05
8.09534e-05,7.94219e-05,7.71063e-05,7.35339e-05,6.82642e-05,6.67051e-05,6.23968e-05,5.76654e-05,5.36222e-05,4.81403e-05,4.38234e-05
7.85509e-05,7.72388e-05,7.45528e-05,7.13966e-05,6.60989e-05,6.43353e-05,6.03467e-05,5.58684e-05,5.16761e-05,4.64193e-05,4.20798e-05
7.59902e-05,7.4732e-05,7.21479e-05,6.92446e-05,6.41928e-05,6.21546e-05,5.82204e-05,5.38753e-05,4.98122e-05,4.47329e-05,4.04421e-05
7.41211e-05,7.26668e-05,6.99957e-05,6.73191e-05,6.21512e-05,6.03822e-05,5.66199e-05,5.22168e-05,4.84044e-05,4.31847e-05,3.90213e-05
7.13754e-05,6.99725e-05,6.75262e-05,6.47912e-05,6.00583e-05,5.81209e-05,5.42898e-05,5.02531e-05,4.64052e-05,4.14264e-05,3.74052e-05
7.01232e-05,6.80754e-05,6.57376e-05,6.28688e-05,5.8344e-05,5.65379e-05,5.24893e-05,4.90425e-05,4.49296e-05,4.00857e-05,3.60922e-05
6.69073e-05,6.57249e-05,6.31432e-05,6.06061e-05,5.62203e-05,5.41546e-05,5.04792e-05,4.6938e-05,4.3073e-05,3.83241e-05,3.45104e-05
6.51441e-05,6.42212e-05,6.12337e-05,5.91622e-05,5.46653e-05,5.27375e-05,4.9072e-05,4.53594e-05,4.16209e-05,3.703e-05,3.34396e-05
6.28222e-05,6.15081e-05,5.89245e-05,5.6866e-05,5.26216e-05,5.05441e-05,4.68618e-05,4.36507e-05,3.98933e-05,3.55383e-05,3.18117e-05
6.07897e-05,5.95132e-05,5.71668e-05,5.48111e-05,5.08144e-05,4.86684e-05,4.52856e-05,4.21794e-05,3.84682e-05,3.4097e-05,3.06042e-05
5.86055e-05,5.76671e-05,5.51893e-05,5.30363e-05,4.91442e-05,4.7007e-05,4.38496e-05,4.07068e-05,3.70661e-05,3.28229e-05,2.94201e-05
5.68449e-05,5.58121e-05,5.33938e-05,5.13013e-05,4.7455e-05,4.53526e-05,4.20923e-05,3.91951e-05,3.56307e-05,3.1547e-05,2.82727e-05
5.47082e-05,5.3863e-05,5.1583e-05,4.95893e-05,4.60147e-05,4.38431e-05,4.05562e-05,3.77376e-05,3.41309e-05,3.03448e-05,2.72399e-05
5.3072e-05,5.18931e-05,4.98416e-05,4.77826e-05,4.44961e-05,4.23889e-05,3.91167e-05,3.63591e-05,3.29958e-05,2.91157e-05,2.61534e-05
5.14998e-05,5.05564e-05,4.82188e-05,4.64222e-05,4.3006e-05,4.08956e-05,3.76276e-05,3.50322e-05,3.17193e-05,2.80472e-05,2.49862e-05
4.98352e-05,4.88471e-05,4.6646e-05,4.46846e-05,4.14697e-05,3.94618e-05,3.64243e-05,3.38458e-05,3.04915e-05,2.70226e-05,2.4014e-05
4.84346e-05,4.71554e-05,4.52253e-05,4.31235e-05,4.00967e-05,3.81051e-05,3.50756e-05,3.27199e-05,2.92599e-05,2.60033e-05,2.30609e-05
4.67637e-05,4.57384e-05,4.36625e-05,4.16903e-05,3.87914e-05,3.68161e-05,3.38504e-05,3.13421e-05,2.82481e-05,2.5059e-05,2.21443e-05
4.52422e-05,4.43375e-05,4.21946e-05,4.03724e-05,3.75511e-05,3.55412e-05,3.26616e-05,3.0248e-05,2.72224e-05,2.40701e-05,2.13121e-05
4.37913e-05,4.28784e-05,4.08637e-05,3.89723e-05,3.62744e-05,3.436e-05,3.15424e-05,2.92306e-05,2.62066e-05,2.32357e-05,2.04727e-05
4.24661e-05,4.15888e-05,3.95542e-05,3.77308e-05,3.51835e-05,3.32409e-05,3.04821e-05,2.82226e-05,2.52781e-05,2.24259e-05,1.96844e-05
4.11203e-05,4.03048e-05,3.82498e-05,3.64165e-05,3.39249e-05,3.2208e-05,2.95235e-05,2.73392e-05,2.44008e-05,2.16888e-05,1.89716e-05
3.99333e-05,3.90432e-05,3.71783e-05,3.53093e-05,3.29836e-05,3.1045e-05,2.83929e-05,2.62818e-05,2.34805e-05,2.08357e-05,1.82831e-05
3.86927e-05,3.78304e-05,3.60054e-05,3.41521e-05,3.18846e-05,3.00737e-05,2.75236e-05,2.54417e-05,2.26577e-05,2.01274e-05,1.75409e-05
3.75997e-05,3.66647e-05,3.50018e-05,3.30728e-05,3.09145e-05,2.91149e-05,2.65835e-05,2.46985e-05,2.1857e-05,1.94242e-05,1.69015e-05
3.651e-05,3.5748e-05,3.38612e-05,3.21286e-05,2.99943e-05,2.81895e-05,2.57955e-05,2.38119e-05,2.1145e-05,1.87927e-05,1.62871e-05
3.56373e-05,3.48577e-05,3.29725e-05,3.12719e-05,2.91813e-05,2.75015e-05,2.51577e-05,2.31434e-05,2.05307e-05,1.82898e-05,1.58074e-05
3.44769e-05,3.3593e-05,3.20314e-05,3.01551e-05,2.83245e-05,2.649e-05,2.41383e-05,2.22799e-05,1.9719e-05,1.75776e-05,1.5169e-05
3.34336e-05,3.2645e-05,3.09918e-05,2.92845e-05,2.73977e-05,2.57534e-05,2.34589e-05,2.16728e-05,1.91424e-05,1.7014e-05,1.46208e-05
3.25299e-05,3.17285e-05,3.00952e-05,2.8426e-05,2.66036e-05,2.50233e-05,2.2789e-05,2.09701e-05,1.85087e-05,1.64759e-05,1.41383e-05
3.16826e-05,3.09255e-05,2.93512e-05,2.76604e-05,2.58921e-05,2.42549e-05,2.21003e-05,2.04077e-05,1.79504e-05,1.59768e-05,1.36541e-05
3.087e-05,3.00733e-05,2.85661e-05,2.68563e-05,2.51664e-05,2.35314e-05,2.15218e-05,1.97842e-05,1.73635e-05,1.54987e-05,1.32069e-05
3.00542e-05,2.93218e-05,2.77847e-05,2.61582e-05,2.44554e-05,2.28343e-05,2.08951e-05,1.91869e-05,1.68767e-05,1.50337e-05,1.27635e-05
2.92955e-05,2.84214e-05,2.70628e-05,2.54477e-05,2.38403e-05,2.22291e-05,2.02655e-05,1.85936e-05,1.6344e-05,1.45517e-05,1.23392e-05
2.8475e-05,2.76417e-05,2.63899e-05,2.4686e-05,2.32127e-05,2.16053e-05,1.97647e-05,1.81026e-05,1.58702e-05,1.41554e-05,1.20427e-05
2.78987e-05,2.69727e-05,2.57336e-05,2.41111e-05,2.26431e-05,2.10267e-05,1.92149e-05,1.75482e-05,1.54131e-05,1.37008e-05,1.16117e-05
2.71908e-05,2.63088e-05,2.49985e-05,2.34591e-05,2.20327e-05,2.04912e-05,1.87266e-05,1.70528e-05,1.49772e-05,1.33085e-05,1.12486e-05
2.64709e-05,2.56557e-05,2.43789e-05,2.28953e-05,2.1464e-05,1.99431e-05,1.81743e-05,1.65985e-05,1.45648e-05,1.29507e-05,1.08992e-05
2.58251e-05,2.50277e-05,2.37785e-05,2.22871e-05,2.09109e-05,1.93842e-05,1.77092e-05,1.61624e-05,1.41644e-05,1.25521e-05,1.05899e-05
2.52471e-05,2.44158e-05,2.32293e-05,2.17102e-05,2.04042e-05,1.89047e-05,1.72606e-05,1.57256e-05,1.37488e-05,1.22491e-05,1.02927e-05
2.46021e-05,2.38054e-05,2.26449e-05,2.1192e-05,1.98937e-05,1.83969e-05,1.68183e-05,1.52848e-05,1.33712e-05,1.1849e-05,9.98651e-06
2.40003e-05,2.31904e-05,2.2103e-05,2.06476e-05,1.93798e-05,1.79072e-05,1.63758e-05,1.48759e-05,1.30185e-05,1.15194e-05,9.70462e-06
2.34477e-05,2.2668e-05,2.15375e-05,2.0148e-05,1.89077e-05,1.74586e-05,1.59742e-05,1.44646e-05,1.26635e-05,1.12047e-05,9.40843e-06
2.28176e-05,2.20871e-05,2.1036e-05,1.96702e-05,1.84736e-05,1.70196e-05,1.55478e-05,1.40997e-05,1.23095e-05,1.09418e-05,9.1359e-06
2.23912e-05,2.15605e-05,2.05062e-05,1.92188e-05,1.80528e-05,1.66247e-05,1.51916e-05,1.3683e-05,1.1996e-05,1.05811e-05,8.87144e-06
2.181e-05,2.10135e-05,2.0005e-05,1.87367e-05,1.75734e-05,1.61978e-05,1.47789e-05,1.33574e-05,1.16631e-05,1.0298e-05,8.6597e-06
2.12808e-05,2.05468e-05,1.9603e-05,1.82929e-05,1.71415e-05,1.576e-05,1.43804e-05,1.30334e-05,1.13759e-05,1.00352e-05,8.3491e-06
2.08342e-05,2.00794e-05,1.9031e-05,1.78652e-05,1.66705e-05,1.53919e-05,1.40372e-05,1.2622e-05,1.10507e-05,9.72708e-06,8.16008e-06
2.02844e-05,1.95503e-05,1.86408e-05,1.73676e-05,1.62975e-05,1.50131e-05,1.36985e-05,1.23345e-05,1.07805e-05,9.46152e-06,7.92916e-06
1.98065e-05,1.90986e-05,1.81213e-05,1.7015e-05,1.58785e-05,1.46268e-05,1.3348e-05,1.19939e-05,1.05064e-05,9.19884e-06,7.68948e-06
1.93613e-05,1.86063e-05,1.77804e-05,1.65372e-05,1.54966e-05,1.43353e-05,1.30259e-05,1.17176e-05,1.02654e-05,8.95473e-06,7.49474e-06
1.88969e-05,1.81715e-05,1.72873e-05,1.61763e-05,1.51047e-05,1.39461e-05,1.27055e-05,1.13939e-05,9.93746e-06,8.70848e-06,7.29415e-06
1.84314e-05,1.77424e-05,1.69044e-05,1.57655e-05,1.47556e-05,1.35678e-05,1.23616e-05,1.1092e-05,9.69143e-06,8.45147e-06,7.07652e-06
1.80197e-05,1.72796e-05,1.65085e-05,1.54038e-05,1.4433e-05,1.32499e-05,1.20539e-05,1.07813e-05,9.44252e-06,8.20617e-06,6.8692e-06
1.75645e-05,1.68903e-05,1.60801e-05,1.50165e-05,1.4024e-05,1.29092e-05,1.17442e-05,1.05137e-05,9.19139e-06,7.99737e-06,6.69155e-06
1.71242e-05,1.64972e-05,1.56987e-05,1.46549e-05,1.36977e-05,1.25819e-05,1.14615e-05,1.02425e-05,8.94747e-06,7.76267e-06,6.4916e-06
1.67331e-05,1.60851e-05,1.53138e-05,1.432e-05,1.33747e-05,1.2278e-05,1.11787e-05,9.96365e-06,8.73695e-06,7.53148e-06,6.3192e-06
1.63402e-05,1.57131e-05,1.49314e-05,1.39638e-05,1.30436e-05,1.20282e-05,1.08932e-05,9.71541e-06,8.52654e-06,7.3523e-06,6.161e-06
1.59233e-05,1.53196e-05,1.46035e-05,1.36091e-05,1.26888e-05,1.16866e-05,1.06049e-05,9.47573e-06,8.28263e-06,7.12451e-06,5.97446e-06
1.55255e-05,1.49053e-05,1.42411e-05,1.32597e-05,1.24046e-05,1.14156e-05,1.03416e-05,9.21415e-06,8.0688e-06,6.94892e-06,5.81314e-06
1.51709e-05,1.45897e-05,1.39074e-05,1.29816e-05,1.20678e-05,1.11164e-05,1.00545e-05,9.00018e-06,7.87743e-06,6.73585e-06,5.6326e-06
1.48155e-05,1.42133e-05,1.35511e-05,1.2662e-05,1.18082e-05,1.08407e-05,9.81972e-06,8.74284e-06,7.65218e-06,6.53785e-06,5.50105e-06
1.44696e-05,1.38807e-05,1.32321e-05,1.23467e-05,1.14901e-05,1.05886e-05,9.56461e-06,8.51427e-06,7.45932e-06,6.38319e-06,5.32947e-06
1.4112e-05,1.35651e-05,1.2868e-05,1.20525e-05,1.12512e-05,1.03446e-05,9.34725e-06,8.29506e-06,7.26472e-06,6.2031e-06,5.2181e-06
1.3735e-05,1.3227e-05,1.26339e-05,1.1753e-05,1.09027e-05,1.00672e-05,9.0792e-06,8.09961e-06,7.08544e-06,6.02143e-06,5.04133e-06
1.34203e-05,1.28981e-05,1.22871e-05,1.14568e-05,1.06684e-05,9.82098e-06,8.85532e-06,7.8743e-06,6.90441e-06,5.86874e-06,4.90425e-06
1.30765e-05,1.2604e-05,1.19815e-05,1.11705e-05,1.03882e-05,9.58394e-06,8.63317e-06,7.69236e-06,6.71936e-06,5.70323e-06,4.75512e-06
1.28429e-05,1.22979e-05,1.17363e-05,1.09384e-05,1.01744e-05,9.37913e-06,8.44092e-06,7.51218e-06,6.56533e-06,5.56418e-06,4.65887e-06
1.25353e-05,1.2006e-05,1.14329e-05,1.06831e-05,9.93776e-06,9.161e-06,8.20115e-06,7.29331e-06,6.39627e-06,5.42776e-06,4.51968e-06
1.22524e-05,1.17258e-05,1.11592e-05,1.04258e-05,9.6812e-06,8.97423e-06,8.02802e-06,7.12579e-06,6.24314e-06,5.27773e-06,4.43306e-06
1.18772e-05,1.14178e-05,1.08736e-05,1.01152e-05,9.41544e-06,8.69655e-06,7.81247e-06,6.93576e-06,6.07472e-06,5.11401e-06,4.27829e-06
1.16219e-05,1.11437e-05,1.05933e-05,9.90798e-06,9.17742e-06,8.48028e-06,7.60954e-06,6.76298e-06,5.91458e-06,4.97756e-06,4.14501e-06
1.13342e-05,1.08955e-05,1.03445e-05,9.65601e-06,8.9578e-06,8.26293e-06,7.41794e-06,6.5877e-06,5.74833e-06,4.827e-06,4.02944e-06
1.1085e-05,1.06263e-05,1.01205e-05,9.4381e-06,8.76019e-06,8.05671e-06,7.21764e-06,6.43591e-06,5.63013e-06,4.69973e-06,3.89865e-06
1.08274e-05,1.03798e-05,9.86032e-06,9.19563e-06,8.54039e-06,7.89835e-06,7.03045e-06,6.25496e-06,5.51737e-06,4.58355e-06,3.80804e-06
1.05612e-05,1.01164e-05,9.61511e-06,8.99176e-06,8.34836e-06,7.68875e-06,6.86286e-06,6.10876e-06,5.35306e-06,4.45448e-06,3.71669e-06
1.02931e-05,9.89566e-06,9.37306e-06,8.75708e-06,8.10163e-06,7.48923e-06,6.69443e-06,5.95279e-06,5.19968e-06,4.33091e-06,3.61082e-06
1.00629e-05,9.66858e-06,9.17099e-06,8.55793e-06,7.92565e-06,7.3258e-06,6.53286e-06,5.81315e-06,5.07974e-06,4.218e-06,3.49387e-06
9.80019e-06,9.44301e-06,8.98758e-06,8.34589e-06,7.71919e-06,7.13649e-06,6.3769e-06,5.69708e-06,4.9351e-06,4.11298e-06,3.42885e-06
9.60975e-06,9.21286e-06,8.74147e-06,8.1494e-06,7.54341e-06,6.98146e-06,6.21556e-06,5.52017e-06,4.82465e-06,4.0141e-06,3.31341e-06
9.37851e-06,9.006e-06,8.50879e-06,7.96995e-06,7.38007e-06,6.78681e-06,6.07239e-06,5.38722e-06,4.70906e-06,3.89548e-06,3.21614e-06
9.20713e-06,8.83134e-06,8.33839e-06,7.79522e-06,7.20961e-06,6.66923e-06,5.92157e-06,5.25653e-06,4.60294e-06,3.79963e-06,3.14859e-06
8.90815e-06,8.60518e-06,8.15639e-06,7.58336e-06,6.9963e-06,6.49588e-06,5.77729e-06,5.1332e-06,4.48718e-06,3.68698e-06,3.05059e-06
8.75374e-06,8.40416e-06,7.9495e-06,7.43489e-06,6.86031e-06,6.29297e-06,5.62595e-06,5.00872e-06,4.36586e-06,3.59492e-06,2.96314e-06
8.54622e-06,8.20525e-06,7.77867e-06,7.27141e-06,6.69534e-06,6.1766e-06,5.52179e-06,4.90834e-06,4.2608e-06,3.51208e-06,2.89052e-06
8.35118e-06,8.02926e-06,7.57168e-06,7.10609e-06,6.53208e-06,6.02255e-06,5.37681e-06,4.77529e-06,4.1561e-06,3.418e-06,2.79956e-06
8.15834e-06,7.85864e-06,7.41738e-06,6.91935e-06,6.39567e-06,5.89661e-06,5.24261e-06,4.66647e-06,4.07398e-06,3.32756e-06,2.73057e-06
7.98509e-06,7.6753e-06,7.2284e-06,6.77748e-06,6.24363e-06,5.76871e-06,5.12121e-06,4.55451e-06,3.95948e-06,3.24805e-06,2.66486e-06
7.80839e-06,7.51488e-06,7.06824e-06,6.6247e-06,6.0957e-06,5.60875e-06,4.99148e-06,4.4542e-06,3.86678e-06,3.17434e-06,2.59153e-06
7.6508e-06,7.33574e-06,6.9046e-06,6.47298e-06,5.95352e-06,5.49005e-06,4.88409e-06,4.3439e-06,3.77637e-06,3.09061e-06,2.51906e-06
7.45352e-06,7.18705e-06,6.76403e-06,6.33007e-06,5.81971e-06,5.35213e-06,4.75073e-06,4.23744e-06,3.6883e-06,2.98954e-06,2.44795e-06
7.27683e-06,7.02422e-06,6.61021e-06,6.18795e-06,5.68553e-06,5.24227e-06,4.64326e-06,4.13861e-06,3.61065e-06,2.93203e-06,2.38454e-06
7.14072e-06,6.85792e-06,6.45578e-06,6.05613e-06,5.54238e-06,5.10583e-06,4.55619e-06,4.04623e-06,3.49179e-06,2.85139e-06,2.32312e-06
7.00983e-06,6.70575e-06,6.31266e-06,5.91347e-06,5.42299e-06,5.00009e-06,4.45404e-06,3.94204e-06,3.41293e-06,2.78568e-06,2.25447e-06
6.85156e-06,6.57764e-06,6.18566e-06,5.80117e-06,5.32488e-06,4.8902e-06,4.35429e-06,3.86785e-06,3.35782e-06,2.7197e-06,2.20641e-06
6.70421e-06,6.42308e-06,6.04885e-06,5.66449e-06,5.19393e-06,4.76546e-06,4.25242e-06,3.77125e-06,3.26242e-06,2.65589e-06,2.1315e-06
6.56017e-06,6.30545e-06,5.91506e-06,5.55589e-06,5.08799e-06,4.65132e-06,4.16042e-06,3.68285e-06,3.19108e-06,2.5841e-06,2.07536e-06
6.4093e-06,6.17146e-06,5.77444e-06,5.43789e-06,4.96225e-06,4.56228e-06,4.06095e-06,3.59783e-06,3.11391e-06,2.52096e-06,2.02848e-06
6.26779e-06,6.03741e-06,5.67018e-06,5.31396e-06,4.8484e-06,4.45603e-06,3.96982e-06,3.52331e-06,3.0424e-06,2.45831e-06,1.98113e-06
6.12215e-06,5.90554e-06,5.54215e-06,5.22263e-06,4.76355e-06,4.35887e-06,3.87895e-06,3.44935e-06,2.97927e-06,2.39338e-06,1.91923e-06
6.02416e-06,5.77977e-06,5.42451e-06,5.09675e-06,4.64269e-06,4.26255e-06,3.80041e-06,3.36911e-06,2.91057e-06,2.3305e-06,1.86966e-06
5.9165e-06,5.66965e-06,5.31642e-06,4.98091e-06,4.55442e-06,4.1776e-06,3.71318e-06,3.28709e-06,2.83863e-06,2.28362e-06,1.81873e-06
5.78201e-06,5.53184e-06,5.18944e-06,4.88811e-06,4.46049e-06,4.07084e-06,3.64469e-06,3.22178e-06,2.78783e-06,2.23573e-06,1.78017e-06
5.66382e-06,5.41672e-06,5.09932e-06,4.77826e-06,4.38018e-06,3.99183e-06,3.56107e-06,3.14093e-06,2.72776e-06,2.18742e-06,1.71699e-06
5.5475e-06,5.31587e-06,4.98624e-06,4.69254e-06,4.27352e-06,3.90351e-06,3.49086e-06,3.07999e-06,2.65991e-06,2.12459e-06,1.68536e-06
5.44004e-06,5.20705e-06,4.87963e-06,4.59453e-06,4.17884e-06,3.83744e-06,3.41551e-06,3.0084e-06,2.59695e-06,2.09544e-06,1.65292e-06
5.30229e-06,5.09021e-06,4.78731e-06,4.51469e-06,4.10199e-06,3.74668e-06,3.34599e-06,2.95712e-06,2.54188e-06,2.03685e-06,1.60394e-06
5.20414e-06,5.01224e-06,4.69648e-06,4.43048e-06,4.02151e-06,3.66182e-06,3.27458e-06,2.90229e-06,2.48813e-06,1.97253e-06,1.56585e-06
5.11867e-06,4.90023e-06,4.59748e-06,4.31867e-06,3.92345e-06,3.58784e-06,3.20791e-06,2.8209e-06,2.42178e-06,1.94164e-06,1.52183e-06
5.01003e-06,4.80852e-06,4.50205e-06,4.23247e-06,3.84509e-06,3.5126e-06,3.13802e-06,2.76088e-06,2.37212e-06,1.88651e-06,1.48198e-06
4.91801e-06,4.7187e-06,4.41806e-06,4.16224e-06,3.77969e-06,3.43647e-06,3.07183e-06,2.70269e-06,2.31306e-06,1.84532e-06,1.44719e-06
4.81651e-06,4.61567e-06,4.331e-06,4.07275e-06,3.69774e-06,3.36933e-06,3.00466e-06,2.64811e-06,2.27233e-06,1.81747e-06,1.41119e-06
4.72096e-06,4.53632e-06,4.23989e-06,3.99656e-06,3.62761e-06,3.29287e-06,2.94972e-06,2.58747e-06,2.22301e-06,1.78191e-06,1.36806e-06
4.63319e-06,4.44874e-06,4.17638e-06,3.91859e-06,3.56194e-06,3.22851e-06,2.89827e-06,2.53917e-06,2.17121e-06,1.73451e-06,1.33487e-06
4.52591e-06,4.34834e-06,4.07786e-06,3.84984e-06,3.49011e-06,3.15937e-06,2.83478e-06,2.48299e-06,2.13198e-06,1.6914e-06,1.30022e-06
4.43675e-06,4.2645e-06,3.99523e-06,3.77505e-06,3.41935e-06,3.09625e-06,2.77234e-06,2.43042e-06,2.08662e-06,1.65876e-06,1.27166e-06
4.35794e-06,4.18313e-06,3.91911e-06,3.69025e-06,3.34756e-06,3.03391e-06,2.71779e-06,2.376e-06,2.03583e-06,1.61866e-06,1.23574e-06
4.26645e-06,4.10464e-06,3.84655e-06,3.62379e-06,3.27368e-06,2.97383e-06,2.66771e-06,2.3352e-06,1.98931e-06,1.57674e-06,1.22078e-06
4.19547e-06,4.03039e-06,3.76579e-06,3.55701e-06,3.22075e-06,2.91279e-06,2.60453e-06,2.2776e-06,1.94988e-06,1.54624e-06,1.18196e-06
4.1137e-06,3.95276e-06,3.69376e-06,3.49352e-06,3.15775e-06,2.85809e-06,2.55594e-06,2.23823e-06,1.90594e-06,1.51206e-06,1.16298e-06
4.0296e-06,3.86762e-06,3.62104e-06,3.42561e-06,3.09672e-06,2.79633e-06,2.50869e-06,2.19228e-06,1.87239e-06,1.47889e-06,1.13176e-06
3.95381e-06,3.81037e-06,3.56028e-06,3.35817e-06,3.03419e-06,2.74558e-06,2.46029e-06,2.14552e-06,1.82519e-06,1.4501e-06,1.10881e-06
3.87228e-06,3.72575e-06,3.48725e-06,3.30629e-06,2.97933e-06,2.68037e-06,2.40852e-06,2.10362e-06,1.79042e-06,1.41249e-06,1.07734e-06
3.80391e-06,3.65507e-06,3.42294e-06,3.23383e-06,2.92169e-06,2.63399e-06,2.36001e-06,2.05502e-06,1.75226e-06,1.38487e-06,1.05218e-06
3.73082e-06,3.58459e-06,3.35447e-06,3.16893e-06,2.85742e-06,2.58008e-06,2.31682e-06,2.01596e-06,1.70985e-06,1.35298e-06,1.02644e-06
3.66326e-06,3.51206e-06,3.29411e-06,3.11447e-06,2.80759e-06,2.53171e-06,2.26834e-06,1.98e-06,1.67859e-06,1.3287e-06,1.00031e-06
3.59198e-06,3.45052e-06,3.23196e-06,3.05623e-06,2.75415e-06,2.47936e-06,2.22596e-06,1.93505e-06,1.64429e-06,1.29646e-06,9.78109e-07
3.52398e-06,3.3815e-06,3.17476e-06,2.99689e-06,2.69966e-06,2.43049e-06,2.18257e-06,1.89529e-06,1.60787e-06,1.26972e-06,9.59469e-07
3.45851e-06,3.32057e-06,3.11312e-06,2.94317e-06,2.65195e-06,2.38415e-06,2.13727e-06,1.85296e-06,1.5742e-06,1.24417e-06,9.33119e-07
3.39842e-06,3.25406e-06,3.0574e-06,2.89027e-06,2.60072e-06,2.33245e-06,2.09131e-06,1.81816e-06,1.53897e-06,1.21578e-06,9.10672e-07
3.32397e-06,3.20334e-06,2.99725e-06,2.84297e-06,2.55033e-06,2.29012e-06,2.054e-06,1.7831e-06,1.50362e-06,1.18633e-06,8.96561e-07
3.26646e-06,3.13051e-06,2.94201e-06,2.78047e-06,2.50295e-06,2.24118e-06,2.01422e-06,1.74795e-06,1.4785e-06,1.16419e-06,8.67386e-07
3.20381e-06,3.07338e-06,2.88472e-06,2.72522e-06,2.44694e-06,2.20128e-06,1.9787e-06,1.70767e-06,1.44422e-06,1.13834e-06,8.49522e-07
3.14041e-06,3.01318e-06,2.83126e-06,2.68098e-06,2.41049e-06,2.15688e-06,1.94194e-06,1.68009e-06,1.41798e-06,1.11452e-06,8.28657e-07
3.07772e-06,2.9668e-06,2.77662e-06,2.6272e-06,2.35835e-06,2.11704e-06,1.89788e-06,1.64263e-06,1.3838e-06,1.08918e-06,8.12804e-07
3.02357e-06,2.90502e-06,2.72963e-06,2.58147e-06,2.31759e-06,2.07552e-06,1.86274e-06,1.6112e-06,1.35364e-06,1.06647e-06,7.93184e-07
2.97168e-06,2.84962e-06,2.68104e-06,2.53648e-06,2.27615e-06,2.03653e-06,1.826e-06,1.57881e-06,1.32868e-06,1.04487e-06,7.75484e-07
2.91385e-06,2.79727e-06,2.63281e-06,2.48937e-06,2.23314e-06,1.99859e-06,1.79658e-06,1.54654e-06,1.29637e-06,1.02047e-06,7.58392e-07
2.85493e-06,2.74526e-06,2.58369e-06,2.44385e-06,2.1914e-06,1.95851e-06,1.75862e-06,1.51563e-06,1.27193e-06,9.99348e-07,7.41462e-07
2.8066e-06,2.70615e-06,2.53997e-06,2.39896e-06,2.14916e-06,1.92551e-06,1.72354e-06,1.48455e-06,1.24007e-06,9.7682e-07,7.27089e-07
2.75142e-06,2.64272e-06,2.48935e-06,2.35382e-06,2.10456e-06,1.88151e-06,1.68936e-06,1.4564e-06,1.21707e-06,9.55122e-07,7.09645e-07
2.70027e-06,2.59897e-06,2.44453e-06,2.30906e-06,2.07045e-06,1.85253e-06,1.65804e-06,1.42833e-06,1.19231e-06,9.36511e-07,6.92641e-07
2.65211e-06,2.55517e-06,2.40158e-06,2.26933e-06,2.02706e-06,1.8131e-06,1.62949e-06,1.40238e-06,1.16651e-06,9.15589e-07,6.76506e-07
2.60611e-06,2.50454e-06,2.35796e-06,2.22619e-06,1.99371e-06,1.7802e-06,1.59738e-06,1.36884e-06,1.14168e-06,8.99562e-07,6.59888e-07
2.55621e-06,2.45796e-06,2.31861e-06,2.1885e-06,1.95833e-06,1.7446e-06,1.56074e-06,1.34371e-06,1.12057e-06,8.80839e-07,6.46971e-07
2.50961e-06,2.41488e-06,2.27983e-06,2.14614e-06,1.92436e-06,1.71454e-06,1.53905e-06,1.31788e-06,1.09461e-06,8.59465e-07,6.29093e-07
2.45933e-06,2.37178e-06,2.23728e-06,2.10785e-06,1.88969e-06,1.68271e-06,1.50898e-06,1.28989e-06,1.07165e-06,8.42844e-07,6.1819e-07
2.41492e-06,2.32469e-06,2.19449e-06,2.07121e-06,1.85225e-06,1.65041e-06,1.47833e-06,1.26517e-06,1.04714e-06,8.24744e-07,6.05005e-07
2.37357e-06,2.28962e-06,2.15819e-06,2.03048e-06,1.8193e-06,1.62325e-06,1.45275e-06,1.24415e-06,1.02789e-06,8.06978e-07,5.92372e-07
2.33295e-06,2.25003e-06,2.12031e-06,1.99964e-06,1.78757e-06,1.59077e-06,1.42874e-06,1.21717e-06,1.00806e-06,7.89507e-07,5.79941e-07
2.29317e-06,2.21151e-06,2.07847e-06,1.9592e-06,1.75246e-06,1.56057e-06,1.39928e-06,1.19466e-06,9.84931e-07,7.7244e-07,5.6937e-07
2.24942e-06,2.16638e-06,2.04613e-06,1.92737e-06,1.72567e-06,1.53091e-06,1.37168e-06,1.17293e-06,9.64023e-07,7.58023e-07,5.5421e-07
2.20543e-06,2.12277e-06,2.00797e-06,1.894e-06,1.69396e-06,1.50646e-06,1.34539e-06,1.15025e-06,9.45888e-07,7.42044e-07,5.39762e-07
2.17022e-06,2.09225e-06,1.97473e-06,1.86072e-06,1.66445e-06,1.47588e-06,1.3213e-06,1.13015e-06,9.27953e-07,7.25012e-07,5.3013e-07
2.13219e-06,2.05618e-06,1.94396e-06,1.82742e-06,1.63194e-06,1.4515e-06,1.29749e-06,1.1046e-06,9.06773e-07,7.09782e-07,5.18517e-07
2.09453e-06,2.02438e-06,1.91468e-06,1.7998e-06,1.60465e-06,1.42592e-06,1.27824e-06,1.08255e-06,8.89057e-07,6.94655e-07,5.06882e-07
2.05945e-06,1.98555e-06,1.87766e-06,1.764e-06,1.57829e-06,1.39895e-06,1.25018e-06,1.06419e-06,8.70097e-07,6.79843e-07,4.95637e-07
2.02291e-06,1.95633e-06,1.85218e-06,1.7367e-06,1.55348e-06,1.3783e-06,1.23199e-06,1.04503e-06,8.52784e-07,6.676e-07,4.89174e-07
1.99316e-06,1.93104e-06,1.81357e-06,1.70445e-06,1.52551e-06,1.35316e-06,1.20802e-06,1.0231e-06,8.38652e-07,6.51705e-07,4.75239e-07
1.95672e-06,1.88941e-06,1.78674e-06,1.67279e-06,1.4989e-06,1.32363e-06,1.18702e-06,1.00565e-06,8.22638e-07,6.38986e-07,4.67721e-07
1.9288e-06,1.86247e-06,1.75704e-06,1.64735e-06,1.47429e-06,1.30478e-06,1.16567e-06,9.87061e-07,8.03357e-07,6.26203e-07,4.55658e-07
1.89622e-06,1.82997e-06,1.72871e-06,1.61895e-06,1.45075e-06,1.28218e-06,1.14918e-06,9.70575e-07,7.87026e-07,6.13534e-07,4.48802e-07
1.85669e-06,1.80306e-06,1.70135e-06,1.59312e-06,1.43066e-06,1.26415e-06,1.12968e-06,9.56106e-07,7.71447e-07,6.01983e-07,4.35863e-07
1.82904e-06,1.76705e-06,1.67188e-06,1.56942e-06,1.40361e-06,1.24377e-06,1.10897e-06,9.39049e-07,7.57537e-07,5.89083e-07,4.2964e-07
1.80475e-06,1.74026e-06,1.64838e-06,1.54126e-06,1.37908e-06,1.21937e-06,1.08226e-06,9.21086e-07,7.45377e-07,5.76519e-07,4.20819e-07
1.77157e-06,1.71315e-06,1.62091e-06,1.51915e-06,1.35882e-06,1.19928e-06,1.06615e-06,9.01901e-07,7.27859e-07,5.67047e-07,4.12309e-07
1.7442e-06,1.69115e-06,1.60062e-06,1.49757e-06,1.3373e-06,1.17968e-06,1.04808e-06,8.84343e-07,7.15242e-07,5.55801e-07,4.04444e-07
1.71803e-06,1.66384e-06,1.58217e-06,1.46967e-06,1.31363e-06,1.15976e-06,1.0307e-06,8.72246e-07,7.0127e-07,5.46099e-07,3.94145e-07
1.69512e-06,1.63452e-06,1.54867e-06,1.45161e-06,1.2907e-06,1.14322e-06,1.01424e-06,8.52484e-07,6.85078e-07,5.34603e-07,3.88023e-07
1.65807e-06,1.60918e-06,1.52985e-06,1.42226e-06,1.27144e-06,1.12442e-06,9.99456e-07,8.38306e-07,6.70521e-07,5.24559e-07,3.79928e-07
1.64109e-06,1.58395e-06,1.50397e-06,1.4036e-06,1.25374e-06,1.10324e-06,9.81051e-07,8.28826e-07,6.61213e-07,5.11073e-07,3.71753e-07
1.61427e-06,1.56188e-06,1.47667e-06,1.38117e-06,1.2345e-06,1.0869e-06,9.65275e-07,8.09066e-07,6.48835e-07,5.05016e-07,3.66464e-07
1.5879e-06,1.53749e-06,1.45787e-06,1.35546e-06,1.21806e-06,1.06792e-06,9.51816e-07,7.98358e-07,6.35558e-07,4.95652e-07,3.549e-07
1.56096e-06,1.51547e-06,1.43661e-06,1.34299e-06,1.19924e-06,1.04997e-06,9.37577e-07,7.83951e-07,6.24024e-07,4.83929e-07,3.49753e-07
1.53783e-06,1.49222e-06,1.41638e-06,1.31619e-06,1.18058e-06,1.04163e-06,9.20277e-07,7.7057e-07,6.09585e-07,4.75301e-07,3.45409e-07
1.5168e-06,1.46962e-06,1.3909e-06,1.30274e-06,1.16673e-06,1.01948e-06,9.07163e-07,7.57289e-07,5.99049e-07,4.65077e-07,3.37042e-07
1.49837e-06,1.45015e-06,1.37933e-06,1.27888e-06,1.14576e-06,1.00306e-06,8.92322e-07,7.48383e-07,5.93392e-07,4.59836e-07,3.28707e-07
1.46782e-06,1.4207e-06,1.35545e-06,1.25683e-06,1.13054e-06,9.85836e-07,8.77726e-07,7.33185e-07,5.80512e-07,4.4759e-07,3.21139e-07
1.45306e-06,1.4053e-06,1.33977e-06,1.24123e-06,1.11795e-06,9.73714e-07,8.62617e-07,7.184e-07,5.71817e-07,4.41246e-07,3.16765e-07
1.42913e-06,1.38338e-06,1.31477e-06,1.22654e-06,1.09403e-06,9.59795e-07,8.48996e-07,7.07438e-07,5.60141e-07,4.3234e-07,3.12784e-07
1.416e-06,1.3702e-06,1.29824e-06,1.20423e-06,1.07832e-06,9.45294e-07,8.37855e-07,6.98974e-07,5.54547e-07,4.26031e-07,3.05072e-07
1.37899e-06,1.34211e-06,1.27597e-06,1.18753e-06,1.06691e-06,9.2843e-07,8.27316e-07,6.84073e-07,5.34982e-07,4.15344e-07,2.96768e-07
1.37258e-06,1.32868e-06,1.26504e-06,1.17431e-06,1.0517e-06,9.18766e-07,8.15506e-07,6.76983e-07,5.30659e-07,4.08234e-07,2.9475e-07
1.34503e-06,1.30977e-06,1.24252e-06,1.15725e-06,1.03686e-06,9.05106e-07,8.02541e-07,6.63183e-07,5.23651e-07,4.02397e-07,2.88527e-07
1.33367e-06,1.29168e-06,1.23192e-06,1.14361e-06,1.02347e-06,8.91017e-07,7.91112e-07,6.51993e-07,5.12922e-07,3.94314e-07,2.83456e-07
1.31599e-06,1.27814e-06,1.21314e-06,1.12197e-06,1.01132e-06,8.81295e-07,7.78317e-07,6.45006e-07,5.05235e-07,3.89053e-07,2.79144e-07
1.29327e-06,1.26104e-06,1.19928e-06,1.10551e-06,9.93222e-07,8.69075e-07,7.67022e-07,6.36829e-07,4.96729e-07,3.79884e-07,2.72655e-07
1.27876e-06,1.24559e-06,1.17958e-06,1.09262e-06,9.83583e-07,8.54227e-07,7.62621e-07,6.25069e-07,4.88405e-07,3.73333e-07,2.67421e-07
1.26557e-06,1.22913e-06,1.16066e-06,1.07969e-06,9.75776e-07,8.39577e-07,7.45559e-07,6.1332e-07,4.78781e-07,3.68073e-07,2.6419e-07
1.24904e-06,1.21289e-06,1.15025e-06,1.06691e-06,9.59031e-07,8.34146e-07,7.35392e-07,6.06267e-07,4.73454e-07,3.60712e-07,2.57711e-07
1.22902e-06,1.19137e-06,1.13496e-06,1.05379e-06,9.42886e-07,8.21301e-07,7.26738e-07,5.93837e-07,4.63719e-07,3.5506e-07,2.52674e-07
1.20722e-06,1.17805e-06,1.12033e-06,1.03491e-06,9.31256e-07,8.11345e-07,7.1698e-07,5.8876e-07,4.55632e-07,3.49576e-07,2.4954e-07
1.19703e-06,1.16255e-06,1.10749e-06,1.02264e-06,9.19896e-07,7.98469e-07,7.04541e-07,5.79543e-07,4.51952e-07,3.42905e-07,2.45692e-07
1.17937e-06,1.15008e-06,1.09175e-06,1.01383e-06,9.09117e-07,7.85659e-07,6.95869e-07,5.68776e-07,4.42433e-07,3.37229e-07,2.42323e-07
1.16712e-06,1.13383e-06,1.07178e-06,9.93976e-07,8.99076e-07,7.77261e-07,6.86318e-07,5.63048e-07,4.38509e-07,3.32685e-07,2.37068e-07
1.15563e-06,1.11779e-06,1.05967e-06,9.82364e-07,8.84683e-07,7.68052e-07,6.75267e-07,5.52671e-07,4.31229e-07,3.26723e-07,2.31179e-07
1.13703e-06,1.10205e-06,1.04822e-06,9.72999e-07,8.72318e-07,7.58183e-07,6.65221e-07,5.45908e-07,4.23054e-07,3.209e-07,2.28353e-07
1.1265e-06,1.09416e-06,1.03872e-06,9.57072e-07,8.63598e-07,7.45729e-07,6.5751e-07,5.37435e-07,4.16369e-07,3.16667e-07,2.25391e-07
1.11173e-06,1.08058e-06,1.02953e-06,9.41508e-07,8.56386e-07,7.369e-07,6.48303e-07,5.31279e-07,4.10591e-07,3.08754e-07,2.19301e-07
1.09428e-06,1.06402e-06,1.01451e-06,9.35744e-07,8.41843e-07,7.27615e-07,6.391e-07,5.21756e-07,4.03767e-07,3.05235e-07,2.18533e-07
1.0775e-06,1.04879e-06,1.00432e-06,9.21844e-07,8.31819e-07,7.19786e-07,6.30794e-07,5.1386e-07,4.00335e-07,3.01927e-07,2.13037e-07
1.0666e-06,1.04339e-06,9.8656e-07,9.14036e-07,8.23678e-07,7.10995e-07,6.23478e-07,5.08697e-07,3.92097e-07,2.97119e-07,2.0972e-07
1.06385e-06,1.0321e-06,9.77799e-07,9.03342e-07,8.16081e-07,6.96985e-07,6.15819e-07,5.01596e-07,3.82334e-07,2.90006e-07,2.07508e-07
1.03852e-06,1.01316e-06,9.62842e-07,8.91038e-07,8.02753e-07,6.96091e-07,6.0823e-07,4.9472e-07,3.82512e-07,2.87466e-07,2.02955e-07
1.02879e-06,1.00057e-06,9.54078e-07,8.73999e-07,7.91533e-07,6.85644e-07,5.96862e-07,4.8695e-07,3.73768e-07,2.81117e-07,1.98906e-07
1.01352e-06,9.92197e-07,9.43062e-07,8.6748e-07,7.80509e-07,6.77287e-07,5.89871e-07,4.8225e-07,3.69172e-07,2.77732e-07,1.959e-07
1.00337e-06,9.70775e-07,9.3032e-07,8.57826e-07,7.72065e-07,6.63531e-07,5.81917e-07,4.7434e-07,3.62886e-07,2.71589e-07,1.91193e-07
9.97046e-07,9.68524e-07,9.22448e-07,8.51184e-07,7.62888e-07,6.54263e-07,5.78541e-07,4.67297e-07,3.5909e-07,2.68385e-07,1.90871e-07
9.80794e-07,9.5818e-07,9.1016e-07,8.38025e-07,7.5341e-07,6.4756e-07,5.69948e-07,4.61574e-07,3.55335e-07,2.64938e-07,1.85581e-07
9.70069e-07,9.49925e-07,8.99786e-07,8.26386e-07,7.47107e-07,6.40252e-07,5.60581e-07,4.56464e-07,3.48913e-07,2.60516e-07,1.85005e-07
9.56452e-07,9.31472e-07,8.85505e-07,8.16716e-07,7.36332e-07,6.35023e-07,5.51585e-07,4.49297e-07,3.43677e-07,2.54978e-07,1.80981e-07
9.46372e-07,9.18843e-07,8.79824e-07,8.12322e-07,7.24379e-07,6.24766e-07,5.47625e-07,4.42244e-07,3.4023e-07,2.53682e-07,1.77661e-07
9.3876e-07,9.13553e-07,8.64294e-07,7.96557e-07,7.18308e-07,6.17199e-07,5.41642e-07,4.38175e-07,3.34709e-07,2.48739e-07,1.75957e-07
9.24259e-07,8.97883e-07,8.57631e-07,7.85649e-07,7.13268e-07,6.09974e-07,5.31613e-07,4.31254e-07,3.31343e-07,2.4593e-07,1.69934e-07
9.19665e-07,8.86756e-07,8.47895e-07,7.76986e-07,7.01743e-07,6.02848e-07,5.26911e-07,4.25194e-07,3.26902e-07,2.42696e-07,1.70978e-07
9.03514e-07,8.76955e-07,8.35823e-07,7.66965e-07,6.94825e-07,5.95507e-07,5.20606e-07,4.20877e-07,3.21677e-07,2.38661e-07,1.66899e-07
8.91952e-07,8.73423e-07,8.33555e-07,7.63338e-07,6.8739e-07,5.87492e-07,5.14053e-07,4.13875e-07,3.14737e-07,2.34041e-07,1.65137e-07
8.82102e-07,8.65851e-07,8.19698e-07,7.49222e-07,6.80478e-07,5.81583e-07,5.11045e-07,4.09088e-07,3.11518e-07,2.30377e-07,1.62274e-07
8.71591e-07,8.5322e-07,8.10254e-07,7.43207e-07,6.6848e-07,5.73809e-07,4.98403e-07,4.05791e-07,3.07088e-07,2.28908e-07,1.58688e-07
8.63479e-07,8.39386e-07,7.98934e-07,7.38768e-07,6.61885e-07,5.68506e-07,4.91496e-07,3.98557e-07,3.03034e-07,2.23882e-07,1.59549e-07
8.52017e-07,8.28448e-07,7.90311e-07,7.3055e-07,6.5503e-07,5.58137e-07,4.84945e-07,3.92774e-07,2.97764e-07,2.21726e-07,1.54392e-07
8.44746e-07,8.23253e-07,7.8319e-07,7.18929e-07,6.44221e-07,5.522e-07,4.79079e-07,3.87243e-07,2.92633e-07,2.17298e-07,1.53232e-07
8.31612e-07,8.16589e-07,7.72491e-07,7.09632e-07,6.35392e-07,5.48066e-07,4.71484e-07,3.82543e-07,2.9004e-07,2.13511e-07,1.50452e-07
8.20997e-07,7.99339e-07,7.64821e-07,7.04366e-07,6.30047e-07,5.4105e-07,4.67838e-07,3.76896e-07,2.87568e-07,2.11679e-07,1.47395e-07
8.11887e-07,7.90346e-07,7.52737e-07,6.84168e-07,6.25278e-07,5.34466e-07,4.63338e-07,3.72705e-07,2.83239e-07,2.08969e-07,1.44133e-07
8.05243e-07,7.80402e-07,7.45151e-07,6.8081e-07,6.13035e-07,5.28997e-07,4.56026e-07,3.67154e-07,2.78477e-07,2.05515e-07,1.4211e-07
7.93831e-07,7.72966e-07,7.35831e-07,6.74803e-07,6.07578e-07,5.19783e-07,4.49575e-07,3.62904e-07,2.75501e-07,2.02199e-07,1.39862e-07
7.83563e-07,7.61926e-07,7.26752e-07,6.70587e-07,6.00559e-07,5.15245e-07,4.44916e-07,3.56318e-07,2.71283e-07,2.0006e-07,1.38489e-07
7.70094e-07,7.53256e-07,7.17754e-07,6.61054e-07,5.92903e-07,5.08713e-07,4.40355e-07,3.55302e-07,2.67356e-07,1.95919e-07,1.36702e-07
7.6863e-07,7.49857e-07,7.11949e-07,6.51962e-07,5.85585e-07,5.00794e-07,4.34925e-07,3.47905e-07,2.65084e-07,1.93506e-07,1.33784e-07
7.55109e-07,7.36074e-07,7.02852e-07,6.43997e-07,5.80112e-07,4.9619e-07,4.2888e-07,3.43753e-07,2.60958e-07,1.91829e-07,1.31692e-07
7.43135e-07,7.26439e-07,6.9576e-07,6.34003e-07,5.70134e-07,4.9077e-07,4.24951e-07,3.40337e-07,2.56755e-07,1.88248e-07,1.29978e-07
7.39768e-07,7.22127e-07,6.87016e-07,6.30149e-07,5.69906e-07,4.84244e-07,4.20449e-07,3.3539e-07,2.52942e-07,1.85665e-07,1.29248e-07
7.2684e-07,7.12239e-07,6.78291e-07,6.21471e-07,5.58282e-07,4.79139e-07,4.12358e-07,3.30089e-07,2.49774e-07,1.82894e-07,1.26154e-07
7.21415e-07,7.04141e-07,6.70296e-07,6.13057e-07,5.52441e-07,4.72327e-07,4.06892e-07,3.2553e-07,2.46608e-07,1.80551e-07,1.24197e-07
7.14648e-07,6.96456e-07,6.63812e-07,6.06259e-07,5.46897e-07,4.65633e-07,4.02186e-07,3.23093e-07,2.43633e-07,1.76793e-07,1.23379e-07
6.99296e-07,6.85455e-07,6.54984e-07,6.01931e-07,5.37098e-07,4.61445e-07,3.98039e-07,3.16693e-07,2.40955e-07,1.75769e-07,1.20083e-07
6.9161e-07,6.78426e-07,6.47225e-07,5.93052e-07,5.32155e-07,4.56582e-07,3.90675e-07,3.13417e-07,2.36224e-07,1.72192e-07,1.19695e-07
6.90389e-07,6.68556e-07,6.39668e-07,5.88711e-07,5.2658e-07,4.47751e-07,3.88248e-07,3.08582e-07,2.32673e-07,1.71313e-07,1.17199e-07
6.77206e-07,6.62073e-07,6.33553e-07,5.78199e-07,5.20316e-07,4.43697e-07,3.83842e-07,3.06217e-07,2.316e-07,1.67562e-07,1.14076e-07
6.70458e-07,6.53677e-07,6.24865e-07,5.71705e-07,5.12774e-07,4.39498e-07,3.75279e-07,3.00354e-07,2.25146e-07,1.646e-07,1.13495e-07
6.59809e-07,6.45073e-07,6.14463e-07,5.68987e-07,5.06296e-07,4.34053e-07,3.71343e-07,2.96299e-07,2.23297e-07,1.62189e-07,1.12275e-07
6.5534e-07,6.37836e-07,6.08435e-07,5.56924e-07,4.99963e-07,4.28698e-07,3.65393e-07,2.94059e-07,2.21567e-07,1.60995e-07,1.0863e-07
6.45188e-07,6.32487e-07,6.03209e-07,5.49114e-07,4.93882e-07,4.20027e-07,3.64424e-07,2.88763e-07,2.18493e-07,1.58323e-07,1.08647e-07
6.38825e-07,6.23149e-07,5.99592e-07,5.40849e-07,4.8703e-07,4.17889e-07,3.57983e-07,2.85481e-07,2.14996e-07,1.5533e-07,1.07528e-07
