0.000325145,0.00031847,0.000318395,0.000302307,0.000299911,0.000283538,0.000285092,0.000271173,0.000266806,0.000256725,0.000235177
0.00030731,0.000301671,0.000298554,0.000288904,0.000284971,0.000267874,0.000269596,0.000255734,0.000251141,0.000239739,0.000220611
0.000290314,0.000286229,0.000284462,0.000272086,0.000267594,0.000254509,0.000252107,0.000238127,0.000234825,0.00022483,0.000204048
0.000275051,0.000271141,0.000268702,0.000259816,0.000253858,0.000240889,0.000239286,0.00022467,0.000221747,0.00021029,0.000192465
0.000261789,0.00025819,0.000255827,0.000247877,0.00024093,0.000229022,0.000226663,0.000213104,0.000209623,0.000198153,0.000181737
0.000249128,0.000246674,0.000243826,0.00023743,0.000229071,0.000218017,0.0002157,0.000203398,0.000198695,0.000187889,0.000172652
0.000238519,0.000235946,0.000233268,0.00022679,0.000218137,0.000208301,0.000204707,0.000193875,0.00018815,0.000177206,0.000163258
0.000228697,0.000226119,0.00022352,0.000216696,0.000208317,0.000199295,0.000195319,0.000185565,0.000178928,0.000168268,0.000155345
0.000219179,0.00021713,0.000214031,0.000208546,0.000198864,0.00019079,0.00018621,0.000177974,0.000169804,0.000159967,0.000147932
0.000210469,0.000208822,0.000205351,0.000201291,0.000190587,0.000182874,0.000178397,0.000170809,0.000161677,0.000152691,0.000141517
0.000202639,0.000201126,0.000197276,0.000192434,0.000182822,0.000175589,0.00017054,0.000164152,0.000154247,0.000145712,0.000135191
0.000195069,0.000193618,0.000190018,0.000185056,0.000175447,0.000169187,0.000163194,0.000156892,0.000147834,0.000139837,0.000129792
0.000189015,0.000186819,0.000182756,0.000177901,0.000167957,0.000162816,0.000156676,0.000151316,0.000141152,0.000133117,0.000123918
0.00018228,0.000180549,0.000175615,0.000171189,0.000161939,0.000156257,0.000149757,0.000146328,0.00013512,0.000128079,0.000119132
0.000176279,0.000173678,0.0001694,0.000165146,0.000155806,0.00015109,0.000144218,0.000140409,0.00012977,0.000122587,0.000113981
0.000170926,0.000167879,0.000163709,0.000159092,0.000150854,0.000145572,0.000138841,0.000135308,0.000124884,0.0001179,0.000109594
0.000165272,0.000162283,0.000157608,0.000153682,0.000144568,0.000141164,0.000133794,0.000131004,0.000120179,0.00011362,0.000105095
0.000159434,0.000157485,0.000152643,0.000148121,0.000140071,0.00013598,0.000128839,0.000125625,0.000115578,0.000108718,0.000101384
0.000155264,0.000151887,0.000147476,0.000142928,0.000134617,0.000131864,0.000124641,0.000121432,0.000111323,0.000104558,9.72469e-05
0.000150577,0.000147062,0.000142578,0.000138206,0.000130388,0.000126987,0.000120034,0.000117029,0.000107316,0.000101121,9.36913e-05
0.000145717,0.000142215,0.000138228,0.000133318,0.000125704,0.000123338,0.000116391,0.000112781,0.000103491,9.68013e-05,8.99368e-05
0.000140831,0.000137735,0.000134122,0.000128732,0.000122046,0.00011888,0.000112209,0.000108425,9.94436e-05,9.33899e-05,8.65971e-05
0.000136505,0.000132847,0.000129521,0.000124355,0.000117532,0.000115184,0.000108521,0.000104738,9.6099e-05,8.99812e-05,8.30358e-05
0.000132,0.000129312,0.000126051,0.00012063,0.000114264,0.00011147,0.000105432,0.0001009,9.27536e-05,8.67323e-05,8.00904e-05
0.000128307,0.000124882,0.000122297,0.000116717,0.00011004,0.000107914,0.000102021,9.72072e-05,8.97675e-05,8.33898e-05,7.70756e-05
0.000123997,0.000120957,0.000118362,0.000112612,0.000106772,0.000104337,9.86475e-05,9.38081e-05,8.65738e-05,8.0233e-05,7.44417e-05
0.000120263,0.000117181,0.000114819,0.000108762,0.000102844,0.000101021,9.54549e-05,9.02787e-05,8.38425e-05,7.72968e-05,7.16685e-05
0.00011628,0.00011333,0.000111192,0.000105466,9.99059e-05,9.77812e-05,9.22328e-05,8.72002e-05,8.09058e-05,7.47972e-05,6.91426e-05
0.000112497,0.000109814,0.000107792,0.000101986,9.62246e-05,9.44734e-05,8.9474e-05,8.37574e-05,7.81476e-05,7.1854e-05,6.6516e-05
0.000108985,0.000106742,0.000104592,9.89257e-05,9.35345e-05,9.15492e-05,8.65591e-05,8.1183e-05,7.5628e-05,6.94111e-05,6.42692e-05
0.000105822,0.000103595,0.000100863,9.56351e-05,8.98789e-05,8.83297e-05,8.39002e-05,7.84158e-05,7.30323e-05,6.67989e-05,6.17017e-05
0.000101998,9.97458e-05,9.78388e-05,9.23694e-05,8.69138e-05,8.54386e-05,8.08236e-05,7.52333e-05,7.04293e-05,6.41621e-05,5.94187e-05
9.86447e-05,9.65951e-05,9.45259e-05,8.94413e-05,8.39416e-05,8.24349e-05,7.80954e-05,7.26239e-05,6.79321e-05,6.18896e-05,5.70419e-05
9.53937e-05,9.33393e-05,9.1478e-05,8.6495e-05,8.10742e-05,7.95743e-05,7.53654e-05,7.02279e-05,6.54748e-05,5.95119e-05,5.48999e-05
9.21867e-05,9.05287e-05,8.78574e-05,8.37381e-05,7.82873e-05,7.67995e-05,7.27409e-05,6.75476e-05,6.32197e-05,5.75213e-05,5.27275e-05
8.91113e-05,8.74253e-05,8.51612e-05,8.08901e-05,7.5356e-05,7.4118e-05,7.03429e-05,6.50646e-05,6.09772e-05,5.48704e-05,5.07207e-05
8.58032e-05,8.44076e-05,8.22089e-05,7.79392e-05,7.29731e-05,7.13351e-05,6.75231e-05,6.249e-05,5.84375e-05,5.29666e-05,4.85114e-05
8.27392e-05,8.14628e-05,7.91942e-05,7.52663e-05,7.02581e-05,6.86598e-05,6.50844e-05,5.99984e-05,5.63693e-05,5.09877e-05,4.65686e-05
7.97347e-05,7.85435e-05,7.58006e-05,7.28885e-05,6.781e-05,6.60962e-05,6.24507e-05,5.78574e-05,5.41215e-05,4.89399e-05,4.47523e-05
7.67768e-05,7.52527e-05,7.32674e-05,6.99842e-05,6.49609e-05,6.36606e-05,5.99882e-05,5.53755e-05,5.19719e-05,4.67044e-05,4.28204e-05
7.39977e-05,7.27103e-05,7.03173e-05,6.75239e-05,6.24715e-05,6.09643e-05,5.7672e-05,5.33254e-05,4.98069e-05,4.47835e-05,4.08982e-05
7.09759e-05,6.9747e-05,6.75004e-05,6.4946e-05,6.01974e-05,5.84254e-05,5.52653e-05,5.10562e-05,4.77147e-05,4.28638e-05,3.91013e-05
6.91237e-05,6.7632e-05,6.52996e-05,6.29839e-05,5.82385e-05,5.66074e-05,5.36638e-05,4.92989e-05,4.62513e-05,4.13186e-05,3.76293e-05
6.56635e-05,6.43585e-05,6.2107e-05,5.99495e-05,5.54063e-05,5.36934e-05,5.07206e-05,4.68922e-05,4.38485e-05,3.91563e-05,3.56145e-05
6.42853e-05,6.22887e-05,6.02701e-05,5.7984e-05,5.37127e-05,5.21007e-05,4.88308e-05,4.56593e-05,4.23429e-05,3.77943e-05,3.43006e-05
6.02379e-05,5.90337e-05,5.68649e-05,5.49909e-05,5.08029e-05,4.90686e-05,4.62888e-05,4.2969e-05,3.99659e-05,3.55538e-05,3.24117e-05
5.8529e-05,5.7538e-05,5.49771e-05,5.33149e-05,4.92724e-05,4.76407e-05,4.49581e-05,4.14616e-05,3.85909e-05,3.42821e-05,3.12937e-05
5.52808e-05,5.3981e-05,5.18128e-05,5.03406e-05,4.65163e-05,4.47615e-05,4.20765e-05,3.91391e-05,3.63646e-05,3.23329e-05,2.93672e-05
5.27243e-05,5.16152e-05,4.9677e-05,4.80141e-05,4.43891e-05,4.25525e-05,4.02247e-05,3.74139e-05,3.47389e-05,3.06957e-05,2.79836e-05
5.03412e-05,4.9484e-05,4.73918e-05,4.58401e-05,4.24133e-05,4.05985e-05,3.84422e-05,3.55818e-05,3.30022e-05,2.91603e-05,2.66391e-05
4.80208e-05,4.69971e-05,4.51307e-05,4.36955e-05,4.03935e-05,3.85776e-05,3.64374e-05,3.38581e-05,3.14121e-05,2.77073e-05,2.52588e-05
4.56589e-05,4.47541e-05,4.28993e-05,4.16917e-05,3.85646e-05,3.67034e-05,3.45647e-05,3.20372e-05,2.96204e-05,2.62496e-05,2.3962e-05
4.36133e-05,4.25418e-05,4.08904e-05,3.97249e-05,3.67101e-05,3.4903e-05,3.28737e-05,3.03797e-05,2.82442e-05,2.48197e-05,2.27194e-05
4.15313e-05,4.0622e-05,3.8879e-05,3.77418e-05,3.48796e-05,3.31825e-05,3.11819e-05,2.8862e-05,2.6768e-05,2.35781e-05,2.15036e-05
3.95406e-05,3.86252e-05,3.69467e-05,3.58656e-05,3.31594e-05,3.14671e-05,2.95941e-05,2.73605e-05,2.53695e-05,2.23365e-05,2.03404e-05
3.7773e-05,3.66576e-05,3.53506e-05,3.40602e-05,3.15562e-05,2.98563e-05,2.79473e-05,2.61508e-05,2.39906e-05,2.11413e-05,1.9283e-05
3.59169e-05,3.49193e-05,3.33862e-05,3.22689e-05,2.99481e-05,2.83253e-05,2.65691e-05,2.45184e-05,2.27839e-05,2.00398e-05,1.8149e-05
3.39978e-05,3.31945e-05,3.17379e-05,3.06819e-05,2.84211e-05,2.69062e-05,2.5218e-05,2.32453e-05,2.15455e-05,1.89242e-05,1.72467e-05
3.23446e-05,3.15677e-05,3.01386e-05,2.91253e-05,2.69987e-05,2.54989e-05,2.38885e-05,2.19998e-05,2.03955e-05,1.79139e-05,1.62933e-05
3.07553e-05,3.00228e-05,2.86807e-05,2.76732e-05,2.56297e-05,2.4203e-05,2.26466e-05,2.08171e-05,1.93111e-05,1.69387e-05,1.54041e-05
2.93645e-05,2.85439e-05,2.71599e-05,2.62542e-05,2.43684e-05,2.29986e-05,2.14445e-05,1.97507e-05,1.82988e-05,1.61007e-05,1.45608e-05
2.79016e-05,2.71643e-05,2.59512e-05,2.49411e-05,2.31578e-05,2.18227e-05,2.03877e-05,1.87083e-05,1.73242e-05,1.52037e-05,1.37929e-05
2.6569e-05,2.5881e-05,2.46777e-05,2.3713e-05,2.20361e-05,2.072e-05,1.93424e-05,1.77236e-05,1.64281e-05,1.44081e-05,1.30357e-05
2.54205e-05,2.46236e-05,2.36505e-05,2.25593e-05,2.09989e-05,1.97095e-05,1.8307e-05,1.69703e-05,1.55643e-05,1.3642e-05,1.23521e-05
2.42022e-05,2.35564e-05,2.24472e-05,2.15207e-05,2.00103e-05,1.87856e-05,1.74862e-05,1.59969e-05,1.48276e-05,1.29845e-05,1.17101e-05
2.36554e-05,2.30245e-05,2.1815e-05,2.09292e-05,1.94193e-05,1.83282e-05,1.7034e-05,1.54981e-05,1.43788e-05,1.25934e-05,1.13637e-05
2.22065e-05,2.15465e-05,2.0578e-05,1.96205e-05,1.82408e-05,1.71199e-05,1.59065e-05,1.45347e-05,1.34231e-05,1.17545e-05,1.05364e-05
2.13026e-05,2.06887e-05,1.97043e-05,1.87946e-05,1.7491e-05,1.63942e-05,1.51959e-05,1.38517e-05,1.28236e-05,1.12132e-05,1.00264e-05
2.05416e-05,1.98991e-05,1.89521e-05,1.80493e-05,1.67891e-05,1.57313e-05,1.45706e-05,1.32629e-05,1.22819e-05,1.07191e-05,9.55914e-06
1.9734e-05,1.91274e-05,1.82029e-05,1.73776e-05,1.61411e-05,1.51043e-05,1.3984e-05,1.27259e-05,1.17454e-05,1.02671e-05,9.12562e-06
1.90567e-05,1.84375e-05,1.75786e-05,1.67333e-05,1.55443e-05,1.45296e-05,1.34563e-05,1.22333e-05,1.12729e-05,9.84864e-06,8.72828e-06
1.84623e-05,1.78741e-05,1.6992e-05,1.61558e-05,1.50332e-05,1.40429e-05,1.29738e-05,1.17752e-05,1.08677e-05,9.46051e-06,8.38643e-06
1.79024e-05,1.72807e-05,1.64903e-05,1.5635e-05,1.45205e-05,1.35731e-05,1.25286e-05,1.13813e-05,1.04537e-05,9.10343e-06,8.04281e-06
1.73667e-05,1.67935e-05,1.59895e-05,1.51682e-05,1.40963e-05,1.3158e-05,1.21281e-05,1.10053e-05,1.00901e-05,8.79982e-06,7.7547e-06
1.69189e-05,1.63072e-05,1.55522e-05,1.47366e-05,1.36839e-05,1.27715e-05,1.17481e-05,1.06739e-05,9.77908e-06,8.50568e-06,7.47465e-06
1.6481e-05,1.58713e-05,1.51789e-05,1.43266e-05,1.33105e-05,1.244e-05,1.1433e-05,1.03645e-05,9.4913e-06,8.23814e-06,7.21656e-06
1.60827e-05,1.54771e-05,1.47547e-05,1.39778e-05,1.29625e-05,1.21123e-05,1.11237e-05,1.00855e-05,9.21155e-06,7.99017e-06,6.98992e-06
1.57331e-05,1.51122e-05,1.44232e-05,1.36429e-05,1.26635e-05,1.18239e-05,1.08409e-05,9.82356e-06,8.97141e-06,7.76347e-06,6.77553e-06
1.54012e-05,1.47595e-05,1.41213e-05,1.33612e-05,1.23656e-05,1.15451e-05,1.05756e-05,9.56997e-06,8.7397e-06,7.54989e-06,6.57703e-06
1.50751e-05,1.4459e-05,1.38047e-05,1.30604e-05,1.20977e-05,1.13031e-05,1.03359e-05,9.3708e-06,8.51589e-06,7.35875e-06,6.3913e-06
1.4758e-05,1.41633e-05,1.3529e-05,1.28026e-05,1.18394e-05,1.10834e-05,1.01166e-05,9.17088e-06,8.3176e-06,7.17408e-06,6.23374e-06
1.45086e-05,1.39008e-05,1.32613e-05,1.25412e-05,1.16165e-05,1.08454e-05,9.90204e-06,8.96964e-06,8.1312e-06,6.99831e-06,6.06397e-06
1.42351e-05,1.36081e-05,1.30284e-05,1.23107e-05,1.13979e-05,1.06337e-05,9.69386e-06,8.79214e-06,7.96817e-06,6.84799e-06,5.90485e-06
1.40109e-05,1.33819e-05,1.27761e-05,1.20752e-05,1.11822e-05,1.04455e-05,9.52489e-06,8.6215e-06,7.80183e-06,6.68512e-06,5.75745e-06
1.37402e-05,1.31357e-05,1.25655e-05,1.1853e-05,1.09654e-05,1.02549e-05,9.32916e-06,8.44499e-06,7.63423e-06,6.53923e-06,5.63078e-06
1.35267e-05,1.29156e-05,1.23555e-05,1.16895e-05,1.07773e-05,1.00779e-05,9.15753e-06,8.28954e-06,7.47016e-06,6.38193e-06,5.50302e-06
1.32831e-05,1.27089e-05,1.21206e-05,1.14565e-05,1.05844e-05,9.88589e-06,8.97492e-06,8.11827e-06,7.32217e-06,6.24261e-06,5.37601e-06
1.30759e-05,1.24936e-05,1.19289e-05,1.1268e-05,1.04038e-05,9.72625e-06,8.84077e-06,7.9825e-06,7.18351e-06,6.1099e-06,5.24744e-06
1.28624e-05,1.2284e-05,1.17514e-05,1.10672e-05,1.02211e-05,9.55125e-06,8.668e-06,7.84488e-06,7.04181e-06,5.98078e-06,5.14357e-06
1.26463e-05,1.20753e-05,1.15287e-05,1.09095e-05,1.0055e-05,9.4041e-06,8.53395e-06,7.70711e-06,6.91713e-06,5.87445e-06,5.01771e-06
1.24821e-05,1.19081e-05,1.13466e-05,1.07172e-05,9.88062e-06,9.23447e-06,8.37597e-06,7.55802e-06,6.78099e-06,5.73781e-06,4.9216e-06
1.22696e-05,1.16955e-05,1.11739e-05,1.05451e-05,9.72814e-06,9.08283e-06,8.22899e-06,7.43787e-06,6.65108e-06,5.63098e-06,4.80688e-06
1.20921e-05,1.15312e-05,1.09863e-05,1.03787e-05,9.57722e-06,8.94586e-06,8.09053e-06,7.30896e-06,6.54378e-06,5.50442e-06,4.69768e-06
1.18939e-05,1.13401e-05,1.0815e-05,1.02053e-05,9.40975e-06,8.79251e-06,7.95854e-06,7.18473e-06,6.4174e-06,5.39638e-06,4.60411e-06
1.17239e-05,1.11582e-05,1.06522e-05,1.00697e-05,9.2494e-06,8.64025e-06,7.82972e-06,7.05092e-06,6.29004e-06,5.28384e-06,4.51545e-06
1.15348e-05,1.09726e-05,1.04918e-05,9.91096e-06,9.11136e-06,8.49998e-06,7.69853e-06,6.95899e-06,6.1835e-06,5.20064e-06,4.41621e-06
1.13735e-05,1.08292e-05,1.03308e-05,9.74986e-06,8.9779e-06,8.39796e-06,7.58649e-06,6.81387e-06,6.08808e-06,5.11685e-06,4.33885e-06
1.11833e-05,1.06657e-05,1.01699e-05,9.60017e-06,8.81878e-06,8.25018e-06,7.4538e-06,6.72268e-06,5.97175e-06,4.98458e-06,4.24028e-06
1.10346e-05,1.05141e-05,1.00323e-05,9.45656e-06,8.72022e-06,8.11225e-06,7.32247e-06,6.59168e-06,5.86316e-06,4.91198e-06,4.14904e-06
1.08877e-05,1.03543e-05,9.88469e-06,9.31578e-06,8.58e-06,7.99882e-06,7.20258e-06,6.49659e-06,5.77115e-06,4.80375e-06,4.05562e-06
1.07254e-05,1.02112e-05,9.74038e-06,9.16976e-06,8.44826e-06,7.87355e-06,7.07969e-06,6.39311e-06,5.67271e-06,4.72454e-06,3.98746e-06
1.05636e-05,1.00431e-05,9.58339e-06,9.04625e-06,8.29608e-06,7.75558e-06,6.98606e-06,6.2871e-06,5.56165e-06,4.64004e-06,3.90797e-06
1.04238e-05,9.94971e-06,9.45331e-06,8.89177e-06,8.20311e-06,7.64449e-06,6.86371e-06,6.17915e-06,5.4907e-06,4.5592e-06,3.8391e-06
1.02512e-05,9.79346e-06,9.29689e-06,8.78846e-06,8.0373e-06,7.52493e-06,6.75743e-06,6.0876e-06,5.38441e-06,4.46454e-06,3.77166e-06
1.01099e-05,9.65548e-06,9.18402e-06,8.64056e-06,7.95434e-06,7.38791e-06,6.64401e-06,5.97773e-06,5.29703e-06,4.3919e-06,3.6819e-06
9.95443e-06,9.51901e-06,9.05659e-06,8.51046e-06,7.82387e-06,7.29448e-06,6.54821e-06,5.90101e-06,5.20348e-06,4.29583e-06,3.59983e-06
9.82746e-06,9.33207e-06,8.89215e-06,8.37358e-06,7.69102e-06,7.13919e-06,6.41758e-06,5.80063e-06,5.10335e-06,4.21518e-06,3.52963e-06
9.65047e-06,9.20037e-06,8.7551e-06,8.24366e-06,7.57587e-06,7.07116e-06,6.29555e-06,5.6915e-06,5.02619e-06,4.15493e-06,3.45237e-06
9.5644e-06,9.06929e-06,8.62126e-06,8.12411e-06,7.44263e-06,6.96646e-06,6.23288e-06,5.59332e-06,4.94375e-06,4.08863e-06,3.4201e-06
9.41955e-06,9.00096e-06,8.55014e-06,8.03185e-06,7.37863e-06,6.86329e-06,6.16012e-06,5.53588e-06,4.8666e-06,4.00827e-06,3.36173e-06
9.30794e-06,8.86316e-06,8.4014e-06,7.93878e-06,7.26663e-06,6.76333e-06,6.06887e-06,5.45094e-06,4.79151e-06,3.94927e-06,3.27972e-06
9.17995e-06,8.76319e-06,8.29294e-06,7.80697e-06,7.17072e-06,6.64434e-06,5.97184e-06,5.34706e-06,4.69762e-06,3.86487e-06,3.22672e-06
9.05715e-06,8.62492e-06,8.20378e-06,7.71052e-06,7.08929e-06,6.53982e-06,5.86257e-06,5.28946e-06,4.64865e-06,3.79374e-06,3.12898e-06
8.88848e-06,8.49963e-06,8.06677e-06,7.5704e-06,6.96112e-06,6.46107e-06,5.76492e-06,5.20052e-06,4.57786e-06,3.73825e-06,3.09592e-06
8.78492e-06,8.35169e-06,7.94053e-06,7.46842e-06,6.87184e-06,6.34765e-06,5.68536e-06,5.10054e-06,4.49775e-06,3.67083e-06,3.03929e-06
8.64187e-06,8.26986e-06,7.80581e-06,7.35115e-06,6.73432e-06,6.25264e-06,5.59725e-06,5.02221e-06,4.40096e-06,3.59508e-06,2.9874e-06
8.54693e-06,8.15991e-06,7.72235e-06,7.25552e-06,6.66248e-06,6.17615e-06,5.51294e-06,4.94176e-06,4.34611e-06,3.54042e-06,2.91758e-06
8.37441e-06,8.04178e-06,7.64967e-06,7.13549e-06,6.54027e-06,6.06756e-06,5.43451e-06,4.90438e-06,4.2461e-06,3.4802e-06,2.89079e-06
8.29811e-06,7.91309e-06,7.49616e-06,7.03065e-06,6.45418e-06,5.99396e-06,5.34295e-06,4.77931e-06,4.19042e-06,3.43032e-06,2.80844e-06
8.15505e-06,7.80647e-06,7.36366e-06,6.93454e-06,6.36803e-06,5.86344e-06,5.27195e-06,4.71775e-06,4.12219e-06,3.34986e-06,2.75123e-06
8.06903e-06,7.71312e-06,7.27657e-06,6.83621e-06,6.2679e-06,5.79663e-06,5.18235e-06,4.62329e-06,4.04476e-06,3.30663e-06,2.70771e-06
7.88824e-06,7.592e-06,7.18962e-06,6.71109e-06,6.14249e-06,5.71791e-06,5.09632e-06,4.54911e-06,4.00064e-06,3.23e-06,2.65866e-06
7.80295e-06,7.46967e-06,7.06045e-06,6.63301e-06,6.07649e-06,5.59049e-06,5.00775e-06,4.48076e-06,3.92347e-06,3.17094e-06,2.59216e-06
7.68792e-06,7.35239e-06,6.96798e-06,6.54799e-06,5.98173e-06,5.52145e-06,4.95689e-06,4.42916e-06,3.84925e-06,3.12616e-06,2.55216e-06
7.56914e-06,7.25354e-06,6.82947e-06,6.44884e-06,5.88081e-06,5.42306e-06,4.86056e-06,4.33674e-06,3.78176e-06,3.0652e-06,2.48691e-06
7.4484e-06,7.15533e-06,6.74715e-06,6.32034e-06,5.80651e-06,5.35336e-06,4.77333e-06,4.26936e-06,3.73758e-06,3.00555e-06,2.44574e-06
7.33999e-06,7.02935e-06,6.62254e-06,6.22884e-06,5.69812e-06,5.26689e-06,4.69868e-06,4.19025e-06,3.65279e-06,2.95973e-06,2.39985e-06
7.23155e-06,6.94112e-06,6.52123e-06,6.14104e-06,5.61412e-06,5.16136e-06,4.60867e-06,4.13165e-06,3.59232e-06,2.91217e-06,2.35621e-06
7.13518e-06,6.81894e-06,6.41392e-06,6.04007e-06,5.52096e-06,5.08898e-06,4.5421e-06,4.05397e-06,3.53111e-06,2.85388e-06,2.30536e-06
6.99046e-06,6.7266e-06,6.32847e-06,5.94473e-06,5.43369e-06,4.99136e-06,4.44327e-06,3.97843e-06,3.47029e-06,2.77391e-06,2.2543e-06
6.86374e-06,6.61431e-06,6.22371e-06,5.8469e-06,5.34229e-06,4.92223e-06,4.37074e-06,3.90853e-06,3.41877e-06,2.74148e-06,2.2105e-06
6.77866e-06,6.49414e-06,6.11425e-06,5.7569e-06,5.23774e-06,4.82027e-06,4.31789e-06,3.84377e-06,3.3195e-06,2.68115e-06,2.16752e-06
6.69497e-06,6.38616e-06,6.01372e-06,5.65171e-06,5.15631e-06,4.74969e-06,4.24569e-06,3.76366e-06,3.26288e-06,2.63569e-06,2.11486e-06
6.54879e-06,6.27502e-06,5.89816e-06,5.5549e-06,5.07076e-06,4.64476e-06,4.15104e-06,3.70106e-06,3.21846e-06,2.5735e-06,2.06611e-06
6.46802e-06,6.18293e-06,5.82679e-06,5.47136e-06,4.99478e-06,4.57462e-06,4.09661e-06,3.63862e-06,3.15159e-06,2.5415e-06,2.02149e-06
6.35931e-06,6.10203e-06,5.72625e-06,5.39404e-06,4.91905e-06,4.48694e-06,4.02837e-06,3.56984e-06,3.09763e-06,2.48464e-06,1.97882e-06
6.23993e-06,6.00033e-06,5.61521e-06,5.3036e-06,4.81925e-06,4.42413e-06,3.94984e-06,3.50309e-06,3.03578e-06,2.43572e-06,1.94521e-06
6.12795e-06,5.89562e-06,5.54061e-06,5.20418e-06,4.72976e-06,4.34014e-06,3.87835e-06,3.44605e-06,2.97842e-06,2.38597e-06,1.90968e-06
6.00837e-06,5.79021e-06,5.43759e-06,5.13715e-06,4.66904e-06,4.26387e-06,3.80511e-06,3.38769e-06,2.92869e-06,2.33267e-06,1.85732e-06
5.93708e-06,5.68918e-06,5.34321e-06,5.03103e-06,4.56744e-06,4.18656e-06,3.74345e-06,3.32123e-06,2.87185e-06,2.28033e-06,1.81738e-06
5.85302e-06,5.60209e-06,5.2566e-06,4.93357e-06,4.49869e-06,4.11968e-06,3.67072e-06,3.25142e-06,2.80998e-06,2.24416e-06,1.77498e-06
5.73812e-06,5.48335e-06,5.14763e-06,4.85842e-06,4.42182e-06,4.02761e-06,3.61634e-06,3.19812e-06,2.7697e-06,2.20564e-06,1.74491e-06
5.63811e-06,5.38661e-06,5.07556e-06,4.76338e-06,4.3575e-06,3.96343e-06,3.54449e-06,3.12695e-06,2.71831e-06,2.16583e-06,1.68783e-06
5.53809e-06,5.30284e-06,4.97738e-06,4.69196e-06,4.26361e-06,3.8878e-06,3.48539e-06,3.07578e-06,2.65775e-06,2.10962e-06,1.6635e-06
5.44551e-06,5.20871e-06,4.88415e-06,4.60606e-06,4.18086e-06,3.83416e-06,3.41958e-06,3.01222e-06,2.60142e-06,2.08822e-06,1.63759e-06
5.31956e-06,5.10426e-06,4.80423e-06,4.5373e-06,4.11533e-06,3.7531e-06,3.35871e-06,2.96895e-06,2.5524e-06,2.03487e-06,1.59329e-06
5.23328e-06,5.03912e-06,4.72444e-06,4.46282e-06,4.04454e-06,3.67703e-06,3.29478e-06,2.92102e-06,2.50416e-06,1.97488e-06,1.55998e-06
5.1588e-06,4.93687e-06,4.6344e-06,4.35831e-06,3.95413e-06,3.61133e-06,3.23485e-06,2.84451e-06,2.44187e-06,1.94933e-06,1.51983e-06
5.05874e-06,4.85431e-06,4.547e-06,4.27924e-06,3.88312e-06,3.54308e-06,3.17058e-06,2.78947e-06,2.3965e-06,1.89768e-06,1.48347e-06
4.97467e-06,4.77238e-06,4.47026e-06,4.21576e-06,3.82453e-06,3.47293e-06,3.10924e-06,2.73558e-06,2.34052e-06,1.86003e-06,1.45196e-06
4.87961e-06,4.67565e-06,4.38919e-06,4.13125e-06,3.74773e-06,3.4113e-06,3.04619e-06,2.68474e-06,2.30322e-06,1.83573e-06,1.41868e-06
4.78953e-06,4.60235e-06,4.30295e-06,4.05962e-06,3.68232e-06,3.33906e-06,2.99509e-06,2.62707e-06,2.25646e-06,1.80292e-06,1.3775e-06
4.70667e-06,4.51959e-06,4.24438e-06,3.98533e-06,3.62072e-06,3.2787e-06,2.94695e-06,2.58154e-06,2.20653e-06,1.75734e-06,1.3463e-06
4.60264e-06,4.4225e-06,4.14881e-06,3.91972e-06,3.55191e-06,3.21252e-06,2.88577e-06,2.52735e-06,2.1692e-06,1.71585e-06,1.31328e-06
4.51675e-06,4.34188e-06,4.06889e-06,3.84729e-06,3.4836e-06,3.15212e-06,2.82512e-06,2.47646e-06,2.12526e-06,1.68479e-06,1.28625e-06
4.44069e-06,4.26312e-06,3.99502e-06,3.76395e-06,3.41365e-06,3.09195e-06,2.7722e-06,2.42324e-06,2.0752e-06,1.64578e-06,1.25128e-06
4.35095e-06,4.18671e-06,3.92424e-06,3.69901e-06,3.34115e-06,3.03362e-06,2.72345e-06,2.38368e-06,2.02931e-06,1.60446e-06,1.23779e-06
4.28175e-06,4.11383e-06,3.84453e-06,3.63334e-06,3.28949e-06,2.97375e-06,2.66074e-06,2.32645e-06,1.99048e-06,1.57473e-06,1.19934e-06
4.20088e-06,4.03715e-06,3.77329e-06,3.57053e-06,3.22722e-06,2.92002e-06,2.61279e-06,2.2877e-06,1.9467e-06,1.54095e-06,1.18119e-06
4.11708e-06,3.9523e-06,3.70095e-06,3.50287e-06,3.16661e-06,2.8587e-06,2.56596e-06,2.24195e-06,1.91352e-06,1.50801e-06,1.15022e-06
4.0416e-06,3.89569e-06,3.64058e-06,3.43531e-06,3.1041e-06,2.80836e-06,2.51764e-06,2.1951e-06,1.86588e-06,1.47939e-06,1.12757e-06
3.95971e-06,3.81057e-06,3.56735e-06,3.38351e-06,3.04922e-06,2.74281e-06,2.46559e-06,2.15306e-06,1.83111e-06,1.4416e-06,1.09599e-06
3.89115e-06,3.73961e-06,3.5027e-06,3.31031e-06,2.99125e-06,2.69646e-06,2.41674e-06,2.10397e-06,1.7926e-06,1.41391e-06,1.07079e-06
3.81751e-06,3.6685e-06,3.43355e-06,3.24467e-06,2.92625e-06,2.64215e-06,2.37318e-06,2.06457e-06,1.74957e-06,1.3817e-06,1.04495e-06
3.74923e-06,3.59509e-06,3.37252e-06,3.18962e-06,2.87588e-06,2.59332e-06,2.324e-06,2.02812e-06,1.71796e-06,1.35723e-06,1.01858e-06
3.67697e-06,3.5328e-06,3.30959e-06,3.13051e-06,2.82168e-06,2.54027e-06,2.28102e-06,1.98241e-06,1.68308e-06,1.32445e-06,9.96144e-07
3.60791e-06,3.46265e-06,3.2515e-06,3.07015e-06,2.7663e-06,2.49067e-06,2.23689e-06,1.94197e-06,1.64599e-06,1.29728e-06,9.77361e-07
3.54134e-06,3.40072e-06,3.1888e-06,3.01548e-06,2.71772e-06,2.44353e-06,2.19068e-06,1.89875e-06,1.61163e-06,1.27124e-06,9.50443e-07
3.48022e-06,3.33294e-06,3.13205e-06,2.96156e-06,2.66547e-06,2.39077e-06,2.14376e-06,1.8632e-06,1.57562e-06,1.24228e-06,9.27628e-07
3.40415e-06,3.28117e-06,3.07067e-06,2.91327e-06,2.61403e-06,2.3476e-06,2.10565e-06,1.82734e-06,1.53941e-06,1.2122e-06,9.13301e-07
3.34549e-06,3.20683e-06,3.01423e-06,2.84937e-06,2.56558e-06,2.29759e-06,2.06499e-06,1.79138e-06,1.51377e-06,1.18957e-06,8.83535e-07
3.28153e-06,3.14847e-06,2.95562e-06,2.79286e-06,2.50825e-06,2.25682e-06,2.02864e-06,1.75015e-06,1.47864e-06,1.16311e-06,8.65335e-07
3.21659e-06,3.08686e-06,2.90099e-06,2.74763e-06,2.471e-06,2.21138e-06,1.99099e-06,1.72184e-06,1.45177e-06,1.13867e-06,8.44024e-07
3.15252e-06,3.03946e-06,2.8451e-06,2.69255e-06,2.4176e-06,2.17056e-06,1.9458e-06,1.68345e-06,1.41663e-06,1.11276e-06,8.27775e-07
3.09714e-06,2.97622e-06,2.79701e-06,2.64575e-06,2.37585e-06,2.12801e-06,1.90975e-06,1.6512e-06,1.38573e-06,1.08948e-06,8.07702e-07
3.04404e-06,2.9195e-06,2.74728e-06,2.59969e-06,2.33337e-06,2.08807e-06,1.87206e-06,1.61795e-06,1.36009e-06,1.06732e-06,7.89619e-07
2.98484e-06,2.86592e-06,2.69786e-06,2.55145e-06,2.28932e-06,2.04916e-06,1.8419e-06,1.58489e-06,1.32697e-06,1.04231e-06,7.72117e-07
2.92448e-06,2.81265e-06,2.64758e-06,2.50482e-06,2.24652e-06,2.00805e-06,1.80295e-06,1.55312e-06,1.30186e-06,1.02062e-06,7.54786e-07
2.87512e-06,2.77267e-06,2.60278e-06,2.45885e-06,2.20322e-06,1.97419e-06,1.76694e-06,1.52121e-06,1.26914e-06,9.97485e-07,7.40066e-07
2.81855e-06,2.70767e-06,2.55096e-06,2.41253e-06,2.15749e-06,1.9291e-06,1.73184e-06,1.49232e-06,1.2455e-06,9.7529e-07,7.22177e-07
2.76617e-06,2.66287e-06,2.50502e-06,2.36671e-06,2.12252e-06,1.89936e-06,1.69972e-06,1.46352e-06,1.22013e-06,9.56186e-07,7.04798e-07
2.71684e-06,2.61801e-06,2.46102e-06,2.32603e-06,2.07806e-06,1.85891e-06,1.67044e-06,1.43687e-06,1.19364e-06,9.34764e-07,6.88306e-07
2.66975e-06,2.56617e-06,2.41636e-06,2.2818e-06,2.04385e-06,1.82514e-06,1.63744e-06,1.40245e-06,1.16817e-06,9.18296e-07,6.71273e-07
2.61868e-06,2.51846e-06,2.37606e-06,2.24318e-06,2.00757e-06,1.78866e-06,1.59985e-06,1.37661e-06,1.14646e-06,8.99068e-07,6.58053e-07
2.57094e-06,2.47436e-06,2.33634e-06,2.19978e-06,1.97275e-06,1.7578e-06,1.57759e-06,1.35012e-06,1.11981e-06,8.77204e-07,6.39795e-07
2.51946e-06,2.43019e-06,2.29275e-06,2.16054e-06,1.93719e-06,1.72514e-06,1.54671e-06,1.32137e-06,1.09627e-06,8.60151e-07,6.28561e-07
2.47396e-06,2.38199e-06,2.24887e-06,2.12301e-06,1.89879e-06,1.69202e-06,1.51525e-06,1.29599e-06,1.07111e-06,8.41587e-07,6.1508e-07
2.43167e-06,2.34607e-06,2.2117e-06,2.08125e-06,1.86504e-06,1.66417e-06,1.489e-06,1.27438e-06,1.05133e-06,8.23329e-07,6.02209e-07
2.39006e-06,2.30555e-06,2.1729e-06,2.04969e-06,1.83249e-06,1.63082e-06,1.46436e-06,1.24669e-06,1.03097e-06,8.05456e-07,5.89481e-07
2.34931e-06,2.26607e-06,2.13004e-06,2.00825e-06,1.79647e-06,1.59983e-06,1.43409e-06,1.22356e-06,1.00721e-06,7.87952e-07,5.78675e-07
2.30451e-06,2.21985e-06,2.09689e-06,1.97562e-06,1.76903e-06,1.5694e-06,1.40579e-06,1.20126e-06,9.85789e-07,7.73134e-07,5.63164e-07
2.25949e-06,2.17517e-06,2.05779e-06,1.94142e-06,1.73651e-06,1.54435e-06,1.3788e-06,1.17799e-06,9.67166e-07,7.56781e-07,5.48454e-07
2.22339e-06,2.14393e-06,2.02375e-06,1.90734e-06,1.70622e-06,1.51293e-06,1.35408e-06,1.15729e-06,9.48712e-07,7.39327e-07,5.38557e-07
2.18446e-06,2.10699e-06,1.99224e-06,1.8732e-06,1.67292e-06,1.48793e-06,1.32964e-06,1.13113e-06,9.26987e-07,7.23722e-07,5.26693e-07
2.14594e-06,2.07444e-06,1.96219e-06,1.8449e-06,1.64489e-06,1.46169e-06,1.30991e-06,1.10841e-06,9.08784e-07,7.08217e-07,5.1477e-07
2.11e-06,2.03465e-06,1.92431e-06,1.8082e-06,1.61789e-06,1.43403e-06,1.28109e-06,1.08958e-06,8.89334e-07,6.93026e-07,5.03324e-07
2.07261e-06,2.00474e-06,1.89821e-06,1.78023e-06,1.59248e-06,1.41292e-06,1.26236e-06,1.06991e-06,8.71592e-07,6.80423e-07,4.96628e-07
2.04212e-06,1.97885e-06,1.85867e-06,1.7472e-06,1.56379e-06,1.38707e-06,1.23778e-06,1.04738e-06,8.57029e-07,6.64185e-07,4.82457e-07
2.00479e-06,1.93618e-06,1.83116e-06,1.71472e-06,1.53651e-06,1.35669e-06,1.21622e-06,1.02948e-06,8.40575e-07,6.5115e-07,4.74736e-07
1.97623e-06,1.90861e-06,1.80073e-06,1.68865e-06,1.51125e-06,1.33739e-06,1.19429e-06,1.01038e-06,8.20812e-07,6.38049e-07,4.62424e-07
1.94285e-06,1.87531e-06,1.77169e-06,1.65955e-06,1.48714e-06,1.31421e-06,1.17737e-06,9.93448e-07,8.04063e-07,6.25035e-07,4.55393e-07
1.90241e-06,1.84774e-06,1.74367e-06,1.63307e-06,1.46652e-06,1.2957e-06,1.15737e-06,9.78564e-07,7.88071e-07,6.1323e-07,4.42229e-07
1.87402e-06,1.81082e-06,1.71346e-06,1.60878e-06,1.43876e-06,1.27479e-06,1.13609e-06,9.61089e-07,7.73768e-07,5.99976e-07,4.35827e-07
1.84915e-06,1.78342e-06,1.68935e-06,1.57992e-06,1.41361e-06,1.24969e-06,1.10867e-06,9.42605e-07,7.61247e-07,5.87124e-07,4.26818e-07
1.81522e-06,1.75564e-06,1.66125e-06,1.55728e-06,1.39284e-06,1.22917e-06,1.0921e-06,9.22912e-07,7.43316e-07,5.77373e-07,4.18121e-07
1.78719e-06,1.73311e-06,1.64043e-06,1.53517e-06,1.37075e-06,1.20901e-06,1.07359e-06,9.04877e-07,7.30349e-07,5.65842e-07,4.10084e-07
1.76035e-06,1.70514e-06,1.6215e-06,1.50657e-06,1.34652e-06,1.18855e-06,1.05579e-06,8.92404e-07,7.16007e-07,5.55873e-07,3.9962e-07
1.73692e-06,1.67509e-06,1.58721e-06,1.48805e-06,1.32296e-06,1.17157e-06,1.03882e-06,8.72162e-07,6.99404e-07,5.44139e-07,3.9332e-07
1.69899e-06,1.64915e-06,1.56793e-06,1.45794e-06,1.30322e-06,1.15223e-06,1.02368e-06,8.57593e-07,6.84496e-07,5.3384e-07,3.85054e-07
1.68158e-06,1.62326e-06,1.54146e-06,1.43886e-06,1.28504e-06,1.13056e-06,1.0048e-06,8.47814e-07,6.749e-07,5.20053e-07,3.76728e-07
1.65409e-06,1.60066e-06,1.51339e-06,1.41586e-06,1.26531e-06,1.11378e-06,9.8857e-07,8.27558e-07,6.62195e-07,5.13786e-07,3.71277e-07
1.62706e-06,1.57569e-06,1.49419e-06,1.3895e-06,1.24848e-06,1.09437e-06,9.74755e-07,8.16531e-07,6.48584e-07,5.04222e-07,3.59545e-07
1.59947e-06,1.55313e-06,1.47241e-06,1.37671e-06,1.22916e-06,1.07589e-06,9.60144e-07,8.01733e-07,6.36709e-07,4.92227e-07,3.54264e-07
1.57582e-06,1.52937e-06,1.45165e-06,1.34925e-06,1.21e-06,1.06737e-06,9.42336e-07,7.88036e-07,6.21931e-07,4.83389e-07,3.49806e-07
1.55427e-06,1.50615e-06,1.42557e-06,1.33545e-06,1.19578e-06,1.04461e-06,9.28902e-07,7.74348e-07,6.11131e-07,4.72927e-07,3.41253e-07
1.53538e-06,1.48625e-06,1.41365e-06,1.31098e-06,1.17433e-06,1.02774e-06,9.13672e-07,7.65216e-07,6.05261e-07,4.67483e-07,3.32817e-07
1.50407e-06,1.45604e-06,1.38922e-06,1.28837e-06,1.15871e-06,1.01001e-06,8.98695e-07,7.49614e-07,5.92047e-07,4.55007e-07,3.25115e-07
1.48894e-06,1.44029e-06,1.37311e-06,1.27239e-06,1.14577e-06,9.97615e-07,8.83188e-07,7.34405e-07,5.83147e-07,4.48467e-07,3.20594e-07
1.46448e-06,1.41785e-06,1.34756e-06,1.25733e-06,1.1212e-06,9.83316e-07,8.6919e-07,7.23205e-07,5.71187e-07,4.39402e-07,3.1652e-07
1.45102e-06,1.40431e-06,1.33064e-06,1.23448e-06,1.10517e-06,9.68503e-07,8.57738e-07,7.14475e-07,5.65399e-07,4.3287e-07,3.08675e-07
1.41307e-06,1.3755e-06,1.30777e-06,1.21733e-06,1.09349e-06,9.51138e-07,8.46926e-07,6.9919e-07,5.45387e-07,4.21981e-07,3.0024e-07
1.40659e-06,1.36177e-06,1.29656e-06,1.20378e-06,1.07783e-06,9.41139e-07,8.34805e-07,6.91882e-07,5.40924e-07,4.14713e-07,2.9814e-07
1.37832e-06,1.34237e-06,1.27347e-06,1.1863e-06,1.06262e-06,9.27185e-07,8.21484e-07,6.77732e-07,5.33708e-07,4.08694e-07,2.91817e-07
1.3667e-06,1.32391e-06,1.26264e-06,1.17231e-06,1.04886e-06,9.12721e-07,8.09756e-07,6.6626e-07,5.22693e-07,4.00458e-07,2.86646e-07
1.3486e-06,1.31001e-06,1.24339e-06,1.15013e-06,1.03642e-06,9.02749e-07,7.96592e-07,6.59046e-07,5.14827e-07,3.95041e-07,2.82241e-07
1.32531e-06,1.29248e-06,1.22918e-06,1.13325e-06,1.01788e-06,8.90187e-07,7.85025e-07,6.50614e-07,5.06101e-07,3.85693e-07,2.75652e-07
1.31043e-06,1.27664e-06,1.20899e-06,1.12004e-06,1.00797e-06,8.75046e-07,7.80493e-07,6.3858e-07,4.9755e-07,3.78993e-07,2.70309e-07
1.29694e-06,1.25979e-06,1.18959e-06,1.10677e-06,9.99964e-07,8.59923e-07,7.62966e-07,6.26539e-07,4.87665e-07,3.73571e-07,2.6698e-07
1.28004e-06,1.24319e-06,1.17892e-06,1.09366e-06,9.82791e-07,8.54356e-07,7.52536e-07,6.19277e-07,4.82231e-07,3.66045e-07,2.60428e-07
1.25953e-06,1.22108e-06,1.16323e-06,1.08023e-06,9.66242e-07,8.41169e-07,7.43636e-07,6.06541e-07,4.72258e-07,3.60279e-07,2.55305e-07
1.23715e-06,1.20745e-06,1.14824e-06,1.06084e-06,9.54302e-07,8.30955e-07,7.33635e-07,6.01307e-07,4.63972e-07,3.54676e-07,2.5211e-07
1.22674e-06,1.19154e-06,1.13514e-06,1.04826e-06,9.42647e-07,8.17719e-07,7.20884e-07,5.91851e-07,4.60192e-07,3.47857e-07,2.48164e-07
1.20863e-06,1.1788e-06,1.11894e-06,1.03925e-06,9.3157e-07,8.04573e-07,7.11961e-07,5.8079e-07,4.50434e-07,3.42034e-07,2.44717e-07
1.19612e-06,1.16215e-06,1.0985e-06,1.01886e-06,9.21301e-07,7.96021e-07,7.02166e-07,5.74916e-07,4.46379e-07,3.37364e-07,2.39397e-07
1.1843e-06,1.14569e-06,1.08607e-06,1.00699e-06,9.06566e-07,7.86458e-07,6.90805e-07,5.64287e-07,4.38904e-07,3.31244e-07,2.33441e-07
1.16527e-06,1.12955e-06,1.07435e-06,9.97388e-07,8.93878e-07,7.76376e-07,6.80517e-07,5.57332e-07,4.30551e-07,3.25316e-07,2.30529e-07
1.1545e-06,1.12144e-06,1.06464e-06,9.81048e-07,8.84884e-07,7.63609e-07,6.72589e-07,5.48635e-07,4.23724e-07,3.20994e-07,2.27524e-07
1.13934e-06,1.10757e-06,1.05512e-06,9.65094e-07,8.77483e-07,7.54552e-07,6.63153e-07,5.42311e-07,4.17775e-07,3.12951e-07,2.21363e-07
1.12146e-06,1.09061e-06,1.03977e-06,9.59176e-07,8.62593e-07,7.45021e-07,6.53709e-07,5.32566e-07,4.10814e-07,3.09332e-07,2.2054e-07
1.10428e-06,1.07497e-06,1.02934e-06,9.44903e-07,8.52309e-07,7.36891e-07,6.45187e-07,5.24426e-07,4.07252e-07,3.05907e-07,2.14979e-07
1.09313e-06,1.06943e-06,1.01112e-06,9.36946e-07,8.44e-07,7.27945e-07,6.37651e-07,5.19126e-07,3.98831e-07,3.0103e-07,2.11588e-07
1.09029e-06,1.0579e-06,1.00218e-06,9.25972e-07,8.36182e-07,7.13623e-07,6.29853e-07,5.11827e-07,3.8884e-07,2.93801e-07,2.09309e-07
1.06435e-06,1.03845e-06,9.86765e-07,9.13369e-07,8.22517e-07,7.12636e-07,6.22032e-07,5.04795e-07,3.89e-07,2.91171e-07,2.04723e-07
1.05439e-06,1.02557e-06,9.7785e-07,8.95876e-07,8.10969e-07,7.01929e-07,6.10389e-07,4.96858e-07,3.80102e-07,2.84718e-07,2.00628e-07
1.03876e-06,1.01698e-06,9.66594e-07,8.89168e-07,7.9966e-07,6.93353e-07,6.03173e-07,4.91996e-07,3.75365e-07,2.8125e-07,1.97573e-07
1.02834e-06,9.9502e-07,9.535e-07,8.79285e-07,7.91021e-07,6.7926e-07,5.95026e-07,4.83905e-07,3.68914e-07,2.74992e-07,1.928e-07
1.02186e-06,9.92711e-07,9.45398e-07,8.72443e-07,7.81583e-07,6.69734e-07,5.91566e-07,4.76676e-07,3.6502e-07,2.71707e-07,1.92449e-07
1.00517e-06,9.8212e-07,9.32802e-07,8.58982e-07,7.71894e-07,6.62835e-07,5.8275e-07,4.70821e-07,3.6113e-07,2.68172e-07,1.87101e-07
9.94207e-07,9.73728e-07,9.22222e-07,8.47047e-07,7.65373e-07,6.55411e-07,5.73108e-07,4.65549e-07,3.5462e-07,2.6369e-07,1.86499e-07
9.80262e-07,9.5471e-07,9.07553e-07,8.37116e-07,7.54405e-07,6.49969e-07,5.63928e-07,4.58237e-07,3.49265e-07,2.58057e-07,1.82416e-07
9.69933e-07,9.41783e-07,9.01718e-07,8.32615e-07,7.42072e-07,6.39451e-07,5.59846e-07,4.51013e-07,3.45719e-07,2.56693e-07,1.79062e-07
9.62107e-07,9.3637e-07,8.858e-07,8.16439e-07,7.35877e-07,6.31685e-07,5.53723e-07,4.46813e-07,3.40061e-07,2.51678e-07,1.77312e-07
9.47284e-07,9.20305e-07,8.78985e-07,8.05253e-07,7.30745e-07,6.24214e-07,5.43419e-07,4.39722e-07,3.36591e-07,2.48786e-07,1.71243e-07
9.42585e-07,9.08921e-07,8.6897e-07,7.9638e-07,7.18869e-07,6.16998e-07,5.38559e-07,4.33541e-07,3.3207e-07,2.45475e-07,1.72274e-07
9.26031e-07,8.98853e-07,8.56627e-07,7.86072e-07,7.11804e-07,6.09421e-07,5.32147e-07,4.29084e-07,3.26711e-07,2.4137e-07,1.68132e-07
9.14136e-07,8.95264e-07,8.54336e-07,7.82389e-07,7.04128e-07,6.01199e-07,5.25393e-07,4.21878e-07,3.19681e-07,2.36715e-07,1.66358e-07
9.04068e-07,8.87479e-07,8.40094e-07,7.67878e-07,6.97024e-07,5.95229e-07,5.22319e-07,4.1699e-07,3.16357e-07,2.32975e-07,1.63449e-07
8.93307e-07,8.74535e-07,8.30396e-07,7.61732e-07,6.84749e-07,5.87188e-07,5.09367e-07,4.13611e-07,3.11841e-07,2.31446e-07,1.5984e-07
8.84992e-07,8.60375e-07,8.1882e-07,7.57172e-07,6.77951e-07,5.81738e-07,5.02269e-07,4.06195e-07,3.07703e-07,2.26336e-07,1.60688e-07
8.7325e-07,8.49125e-07,8.09952e-07,7.4879e-07,6.70982e-07,5.71112e-07,4.95548e-07,4.00307e-07,3.02315e-07,2.24136e-07,1.5548e-07
8.65775e-07,8.43816e-07,8.02686e-07,7.36859e-07,6.5985e-07,5.65015e-07,4.89527e-07,3.9463e-07,2.97098e-07,2.19646e-07,1.54295e-07
8.52318e-07,8.36976e-07,7.91677e-07,7.27341e-07,6.50827e-07,5.60781e-07,4.81724e-07,3.89801e-07,2.9442e-07,2.15794e-07,1.51492e-07
8.41449e-07,8.19296e-07,7.83817e-07,7.21908e-07,6.45349e-07,5.53561e-07,4.78012e-07,3.8401e-07,2.91876e-07,2.13917e-07,1.48401e-07
8.32153e-07,8.10076e-07,7.71451e-07,7.01157e-07,6.40407e-07,5.46891e-07,4.73389e-07,3.79752e-07,2.87463e-07,2.11165e-07,1.45128e-07
8.25321e-07,7.99876e-07,7.63657e-07,6.97725e-07,6.27926e-07,5.41228e-07,4.65903e-07,3.74049e-07,2.82581e-07,2.07643e-07,1.43074e-07
8.13643e-07,7.92248e-07,7.54125e-07,6.91599e-07,6.22331e-07,5.31761e-07,4.59283e-07,3.69684e-07,2.79557e-07,2.04278e-07,1.40796e-07
8.03088e-07,7.80944e-07,7.44775e-07,6.87252e-07,6.15094e-07,5.27107e-07,4.54497e-07,3.62957e-07,2.75226e-07,2.02075e-07,1.39395e-07
7.89256e-07,7.7203e-07,7.35561e-07,6.77482e-07,6.07242e-07,5.20389e-07,4.49843e-07,3.61928e-07,2.71274e-07,1.97885e-07,1.37583e-07
7.87769e-07,7.68604e-07,7.29592e-07,6.68168e-07,5.99774e-07,5.12257e-07,4.44289e-07,3.54354e-07,2.68898e-07,1.95432e-07,1.34657e-07
7.73933e-07,7.54456e-07,7.20295e-07,6.59975e-07,5.94124e-07,5.07566e-07,4.38059e-07,3.50104e-07,2.64694e-07,1.93714e-07,1.32531e-07
7.61629e-07,7.44552e-07,7.1305e-07,6.49729e-07,5.83892e-07,5.01945e-07,4.34044e-07,3.46582e-07,2.60433e-07,1.9009e-07,1.30817e-07
7.58216e-07,7.40156e-07,7.04036e-07,6.45773e-07,5.8364e-07,4.95312e-07,4.29425e-07,3.41517e-07,2.56548e-07,1.87476e-07,1.30055e-07
7.44936e-07,7.3e-07,6.95107e-07,6.3687e-07,5.71728e-07,4.90065e-07,4.21144e-07,3.36112e-07,2.53296e-07,1.84648e-07,1.26939e-07
7.39405e-07,7.21726e-07,6.86909e-07,6.28251e-07,5.65764e-07,4.83104e-07,4.15512e-07,3.31461e-07,2.50061e-07,1.82253e-07,1.24968e-07
7.3247e-07,7.13865e-07,6.80256e-07,6.21276e-07,5.60055e-07,4.76225e-07,4.10711e-07,3.28953e-07,2.47027e-07,1.78466e-07,1.24131e-07
7.16698e-07,7.02543e-07,6.71205e-07,6.16861e-07,5.5008e-07,4.71895e-07,4.06465e-07,3.22424e-07,2.44298e-07,1.77413e-07,1.20809e-07
7.08831e-07,6.95332e-07,6.63246e-07,6.07741e-07,5.44933e-07,4.66928e-07,3.98928e-07,3.19062e-07,2.39496e-07,1.73778e-07,1.20414e-07
7.0757e-07,6.85243e-07,6.55507e-07,6.03308e-07,5.39205e-07,4.57895e-07,3.96408e-07,3.1413e-07,2.3585e-07,1.72893e-07,1.179e-07
6.94108e-07,6.78607e-07,6.49267e-07,5.92465e-07,5.32818e-07,4.53778e-07,3.919e-07,3.11712e-07,2.34753e-07,1.69078e-07,1.14762e-07
6.87135e-07,6.69962e-07,6.40341e-07,5.85843e-07,5.25064e-07,4.49424e-07,3.83149e-07,3.05691e-07,2.28187e-07,1.66077e-07,1.14163e-07
6.76256e-07,6.61138e-07,6.29649e-07,5.83048e-07,5.18413e-07,4.43851e-07,3.79104e-07,3.01546e-07,2.26296e-07,1.63634e-07,1.1293e-07
6.71648e-07,6.53712e-07,6.23482e-07,5.70691e-07,5.11926e-07,4.38348e-07,3.73021e-07,2.99245e-07,2.24517e-07,1.62402e-07,1.09268e-07
6.61254e-07,6.48263e-07,6.1812e-07,5.62672e-07,5.05698e-07,4.29457e-07,3.72e-07,2.93843e-07,2.2139e-07,1.59702e-07,1.09272e-07
6.54727e-07,6.3868e-07,6.14429e-07,5.54175e-07,4.98653e-07,4.27271e-07,3.65422e-07,2.90483e-07,2.17832e-07,1.5668e-07,1.08169e-07
