1.82804e-08,1.79378e-08,1.8774e-08,2.00063e-08,2.19404e-08,2.43069e-08,2.69153e-08,2.97992e-08,3.4085e-08,3.83169e-08,4.37367e-08
1.76074e-08,1.73338e-08,1.79921e-08,1.92593e-08,2.10818e-08,2.32198e-08,2.60072e-08,2.85222e-08,3.25125e-08,3.6485e-08,4.14449e-08
1.70623e-08,1.67504e-08,1.73692e-08,1.86376e-08,2.03466e-08,2.23561e-08,2.48303e-08,2.75225e-08,3.10434e-08,3.45668e-08,3.8867e-08
1.66086e-08,1.63236e-08,1.68195e-08,1.80372e-08,1.97335e-08,2.15437e-08,2.39033e-08,2.64975e-08,2.97058e-08,3.30703e-08,3.69298e-08
1.62105e-08,1.59316e-08,1.63852e-08,1.7556e-08,1.9174e-08,2.08761e-08,2.30851e-08,2.56232e-08,2.85313e-08,3.1647e-08,3.51675e-08
1.58607e-08,1.55858e-08,1.59974e-08,1.70701e-08,1.86261e-08,2.02424e-08,2.23191e-08,2.47905e-08,2.74552e-08,3.03929e-08,3.36039e-08
1.55473e-08,1.52739e-08,1.56782e-08,1.67232e-08,1.81806e-08,1.97485e-08,2.16862e-08,2.40426e-08,2.6442e-08,2.91388e-08,3.21787e-08
1.52626e-08,1.49869e-08,1.53704e-08,1.63474e-08,1.7721e-08,1.92549e-08,2.10866e-08,2.3313e-08,2.55064e-08,2.80359e-08,3.0901e-08
1.50019e-08,1.47226e-08,1.50888e-08,1.59928e-08,1.72839e-08,1.87903e-08,2.05314e-08,2.26091e-08,2.4633e-08,2.70149e-08,2.97302e-08
1.47775e-08,1.44802e-08,1.47909e-08,1.56513e-08,1.68706e-08,1.83629e-08,2.00384e-08,2.19301e-08,2.38294e-08,2.61167e-08,2.86626e-08
1.45357e-08,1.42363e-08,1.45553e-08,1.53375e-08,1.64868e-08,1.79229e-08,1.95299e-08,2.13039e-08,2.30812e-08,2.52153e-08,2.76564e-08
1.4331e-08,1.40178e-08,1.43124e-08,1.50226e-08,1.61509e-08,1.74991e-08,1.90715e-08,2.06793e-08,2.2389e-08,2.44218e-08,2.67363e-08
1.41494e-08,1.37874e-08,1.4066e-08,1.4749e-08,1.5789e-08,1.71339e-08,1.86124e-08,2.01367e-08,2.17352e-08,2.36461e-08,2.58477e-08
1.39399e-08,1.35923e-08,1.38408e-08,1.44739e-08,1.54813e-08,1.67448e-08,1.81864e-08,1.96134e-08,2.1143e-08,2.29404e-08,2.50101e-08
1.37917e-08,1.34113e-08,1.36236e-08,1.42292e-08,1.52009e-08,1.64049e-08,1.77784e-08,1.9121e-08,2.05828e-08,2.22884e-08,2.42404e-08
1.36025e-08,1.3255e-08,1.34145e-08,1.39994e-08,1.49491e-08,1.60686e-08,1.7422e-08,1.86469e-08,2.00896e-08,2.17307e-08,2.35537e-08
1.34529e-08,1.30379e-08,1.32392e-08,1.37643e-08,1.46714e-08,1.57502e-08,1.70086e-08,1.8216e-08,1.95511e-08,2.11006e-08,2.2847e-08
1.33091e-08,1.29209e-08,1.30568e-08,1.35606e-08,1.44339e-08,1.54523e-08,1.66559e-08,1.78047e-08,1.90917e-08,2.0565e-08,2.22112e-08
1.32433e-08,1.2806e-08,1.29051e-08,1.34332e-08,1.42376e-08,1.51952e-08,1.63474e-08,1.74563e-08,1.86888e-08,2.00796e-08,2.16178e-08
1.30724e-08,1.26804e-08,1.27394e-08,1.32406e-08,1.4011e-08,1.49285e-08,1.6046e-08,1.70828e-08,1.8283e-08,1.96009e-08,2.1082e-08
1.29906e-08,1.25381e-08,1.25998e-08,1.30955e-08,1.38187e-08,1.46838e-08,1.57279e-08,1.6745e-08,1.78663e-08,1.91355e-08,2.05342e-08
1.2766e-08,1.23953e-08,1.24602e-08,1.28764e-08,1.35969e-08,1.44052e-08,1.54355e-08,1.63874e-08,1.74469e-08,1.86643e-08,2.00438e-08
1.27257e-08,1.22632e-08,1.23095e-08,1.27742e-08,1.34422e-08,1.41992e-08,1.51768e-08,1.61011e-08,1.7088e-08,1.82415e-08,1.95731e-08
1.25819e-08,1.21757e-08,1.22435e-08,1.2589e-08,1.32652e-08,1.39911e-08,1.48835e-08,1.57874e-08,1.67171e-08,1.78917e-08,1.91608e-08
1.2533e-08,1.20947e-08,1.20999e-08,1.25207e-08,1.31209e-08,1.38267e-08,1.46914e-08,1.55494e-08,1.64466e-08,1.75122e-08,1.87333e-08
1.24377e-08,1.20189e-08,1.2046e-08,1.24146e-08,1.29707e-08,1.36406e-08,1.44583e-08,1.52806e-08,1.61267e-08,1.71893e-08,1.83713e-08
1.23777e-08,1.19405e-08,1.19607e-08,1.23042e-08,1.28378e-08,1.34844e-08,1.42504e-08,1.50445e-08,1.58513e-08,1.68774e-08,1.80413e-08
1.22765e-08,1.18952e-08,1.18915e-08,1.22339e-08,1.27117e-08,1.33244e-08,1.40712e-08,1.48291e-08,1.56137e-08,1.65879e-08,1.77072e-08
1.22805e-08,1.18281e-08,1.18298e-08,1.21373e-08,1.26055e-08,1.31839e-08,1.38668e-08,1.46159e-08,1.53506e-08,1.63166e-08,1.7397e-08
1.22031e-08,1.17766e-08,1.17898e-08,1.20505e-08,1.249e-08,1.30388e-08,1.36765e-08,1.44192e-08,1.51015e-08,1.60789e-08,1.71103e-08
1.21983e-08,1.17464e-08,1.17312e-08,1.19848e-08,1.24052e-08,1.29258e-08,1.35383e-08,1.42431e-08,1.4916e-08,1.58255e-08,1.68458e-08
1.21483e-08,1.17217e-08,1.16942e-08,1.19248e-08,1.23147e-08,1.28048e-08,1.33922e-08,1.40727e-08,1.47144e-08,1.56047e-08,1.65917e-08
1.21228e-08,1.16927e-08,1.16605e-08,1.18651e-08,1.22278e-08,1.26942e-08,1.32513e-08,1.39097e-08,1.45305e-08,1.53925e-08,1.63569e-08
1.20992e-08,1.1666e-08,1.1626e-08,1.18073e-08,1.21464e-08,1.259e-08,1.31183e-08,1.37526e-08,1.43558e-08,1.51928e-08,1.61344e-08
1.20605e-08,1.16451e-08,1.15907e-08,1.17538e-08,1.20636e-08,1.24895e-08,1.29994e-08,1.36076e-08,1.42096e-08,1.49992e-08,1.59195e-08
1.20506e-08,1.16223e-08,1.15516e-08,1.16936e-08,1.19837e-08,1.23773e-08,1.28646e-08,1.34465e-08,1.40451e-08,1.48211e-08,1.5727e-08
1.20151e-08,1.15869e-08,1.15203e-08,1.16337e-08,1.19068e-08,1.22909e-08,1.27457e-08,1.33084e-08,1.38794e-08,1.46335e-08,1.55082e-08
1.19839e-08,1.15546e-08,1.14743e-08,1.15733e-08,1.18242e-08,1.21892e-08,1.26267e-08,1.31655e-08,1.37249e-08,1.44543e-08,1.53109e-08
1.19411e-08,1.15126e-08,1.14216e-08,1.15017e-08,1.17334e-08,1.20865e-08,1.25057e-08,1.30233e-08,1.35892e-08,1.42817e-08,1.51074e-08
1.18906e-08,1.14559e-08,1.13451e-08,1.14276e-08,1.16473e-08,1.19732e-08,1.23786e-08,1.28743e-08,1.34236e-08,1.41072e-08,1.49216e-08
1.18328e-08,1.14102e-08,1.12985e-08,1.13482e-08,1.15403e-08,1.18573e-08,1.22422e-08,1.27183e-08,1.32574e-08,1.39174e-08,1.47101e-08
1.17621e-08,1.13371e-08,1.12122e-08,1.12509e-08,1.14284e-08,1.17319e-08,1.21009e-08,1.25535e-08,1.30939e-08,1.37283e-08,1.44972e-08
1.17042e-08,1.12794e-08,1.11458e-08,1.11725e-08,1.13312e-08,1.16205e-08,1.19706e-08,1.24104e-08,1.29425e-08,1.35622e-08,1.43137e-08
1.15722e-08,1.11571e-08,1.10103e-08,1.10288e-08,1.1174e-08,1.14468e-08,1.17903e-08,1.22019e-08,1.27329e-08,1.33209e-08,1.40516e-08
1.14959e-08,1.10838e-08,1.09284e-08,1.09467e-08,1.10701e-08,1.13206e-08,1.16698e-08,1.2049e-08,1.25729e-08,1.31508e-08,1.38771e-08
1.13274e-08,1.09169e-08,1.07476e-08,1.07491e-08,1.08665e-08,1.11109e-08,1.14317e-08,1.18093e-08,1.23274e-08,1.28709e-08,1.35617e-08
1.12381e-08,1.08289e-08,1.06534e-08,1.0645e-08,1.07511e-08,1.09804e-08,1.12897e-08,1.16436e-08,1.21751e-08,1.26896e-08,1.33565e-08
1.10123e-08,1.06121e-08,1.04259e-08,1.04248e-08,1.05055e-08,1.07187e-08,1.10211e-08,1.13661e-08,1.18553e-08,1.23718e-08,1.30309e-08
1.08294e-08,1.04355e-08,1.02335e-08,1.02067e-08,1.03036e-08,1.05094e-08,1.0795e-08,1.11276e-08,1.16193e-08,1.2097e-08,1.274e-08
1.06311e-08,1.02422e-08,1.00368e-08,1.00015e-08,1.00887e-08,1.02809e-08,1.05521e-08,1.08651e-08,1.13644e-08,1.18101e-08,1.24184e-08
1.04231e-08,1.00405e-08,9.82146e-09,9.78097e-09,9.86005e-09,1.00403e-08,1.03029e-08,1.06079e-08,1.10758e-08,1.15139e-08,1.21191e-08
1.02092e-08,9.81485e-09,9.60134e-09,9.55659e-09,9.61533e-09,9.78553e-09,1.00314e-08,1.03319e-08,1.07793e-08,1.12042e-08,1.17664e-08
9.97282e-09,9.57661e-09,9.35714e-09,9.31917e-09,9.36322e-09,9.52535e-09,9.75e-09,1.00387e-08,1.04752e-08,1.08966e-08,1.14322e-08
9.71471e-09,9.34279e-09,9.11595e-09,9.06493e-09,9.10424e-09,9.24537e-09,9.47131e-09,9.74159e-09,1.01547e-08,1.05444e-08,1.10797e-08
9.45284e-09,9.08367e-09,8.85706e-09,8.80123e-09,8.8315e-09,8.95888e-09,9.17461e-09,9.43139e-09,9.83345e-09,1.0199e-08,1.07121e-08
9.18471e-09,8.82756e-09,8.59322e-09,8.52895e-09,8.55669e-09,8.67117e-09,8.87388e-09,9.12173e-09,9.50757e-09,9.86468e-09,1.034e-08
8.90627e-09,8.55067e-09,8.31749e-09,8.25244e-09,8.26825e-09,8.36656e-09,8.57603e-09,8.79607e-09,9.16578e-09,9.48776e-09,9.97221e-09
8.62747e-09,8.27286e-09,8.03998e-09,7.96917e-09,7.97858e-09,8.07009e-09,8.24801e-09,8.46893e-09,8.81916e-09,9.13047e-09,9.5858e-09
8.34045e-09,7.99079e-09,7.75805e-09,7.68299e-09,7.68535e-09,7.76515e-09,7.93278e-09,8.13913e-09,8.47165e-09,8.76472e-09,9.20133e-09
8.05456e-09,7.71363e-09,7.47775e-09,7.39714e-09,7.394e-09,7.46382e-09,7.62128e-09,7.81388e-09,8.12513e-09,8.40327e-09,8.82458e-09
7.7627e-09,7.43019e-09,7.19557e-09,7.13069e-09,7.10335e-09,7.15247e-09,7.30685e-09,7.48336e-09,7.77231e-09,8.04664e-09,8.45296e-09
7.48193e-09,7.14732e-09,6.91364e-09,6.82517e-09,6.80863e-09,6.85389e-09,6.9829e-09,7.15271e-09,7.43129e-09,7.67327e-09,8.05485e-09
7.19931e-09,6.86804e-09,6.63635e-09,6.54289e-09,6.51974e-09,6.55495e-09,6.67351e-09,6.82816e-09,7.08815e-09,7.31451e-09,7.67727e-09
6.92224e-09,6.60283e-09,6.36641e-09,6.26505e-09,6.24035e-09,6.26387e-09,6.36815e-09,6.51549e-09,6.75664e-09,6.97781e-09,7.30305e-09
6.65371e-09,6.33047e-09,6.10048e-09,5.99789e-09,5.96216e-09,5.97627e-09,6.07065e-09,6.19882e-09,6.42358e-09,6.6191e-09,6.94707e-09
6.54106e-09,6.22996e-09,5.9913e-09,5.88657e-09,5.85224e-09,5.85585e-09,5.94822e-09,6.05569e-09,6.28014e-09,6.47117e-09,6.81098e-09
6.14148e-09,5.82212e-09,5.60017e-09,5.48883e-09,5.43915e-09,5.4331e-09,5.50502e-09,5.60986e-09,5.80471e-09,5.96557e-09,6.26022e-09
5.90202e-09,5.58679e-09,5.3616e-09,5.24558e-09,5.19017e-09,5.17491e-09,5.23598e-09,5.32412e-09,5.49741e-09,5.65299e-09,5.93147e-09
5.676e-09,5.36348e-09,5.1386e-09,5.01676e-09,4.95648e-09,4.93308e-09,4.98263e-09,5.05935e-09,5.21762e-09,5.36217e-09,5.62396e-09
5.45781e-09,5.14967e-09,4.92591e-09,4.79957e-09,4.73127e-09,4.69952e-09,4.73293e-09,4.80009e-09,4.94359e-09,5.07356e-09,5.32162e-09
5.25569e-09,4.9579e-09,4.72712e-09,4.59581e-09,4.52278e-09,4.48047e-09,4.50464e-09,4.5575e-09,4.68864e-09,4.80753e-09,5.03982e-09
5.06702e-09,4.76958e-09,4.54199e-09,4.40799e-09,4.3299e-09,4.27994e-09,4.29292e-09,4.34252e-09,4.44778e-09,4.56069e-09,4.79002e-09
4.89558e-09,4.5938e-09,4.37091e-09,4.23192e-09,4.14469e-09,4.0877e-09,4.08891e-09,4.12341e-09,4.2244e-09,4.32684e-09,4.53635e-09
4.73176e-09,4.43493e-09,4.21183e-09,4.06871e-09,3.97772e-09,3.91269e-09,3.90361e-09,3.92897e-09,4.01804e-09,4.10829e-09,4.30697e-09
4.58507e-09,4.29057e-09,4.06762e-09,3.92102e-09,3.82336e-09,3.75186e-09,3.73444e-09,3.7504e-09,3.82826e-09,3.91076e-09,4.09998e-09
4.45474e-09,4.15925e-09,3.93856e-09,3.78805e-09,3.68494e-09,3.60856e-09,3.58564e-09,3.59066e-09,3.65673e-09,3.73527e-09,3.91677e-09
4.33082e-09,4.03994e-09,3.81859e-09,3.66494e-09,3.55709e-09,3.47549e-09,3.44041e-09,3.44116e-09,3.4995e-09,3.56841e-09,3.73861e-09
4.22118e-09,3.9327e-09,3.71175e-09,3.55523e-09,3.44275e-09,3.35554e-09,3.31404e-09,3.30776e-09,3.35896e-09,3.42166e-09,3.58581e-09
4.12316e-09,3.83602e-09,3.61625e-09,3.45701e-09,3.34049e-09,3.24943e-09,3.20133e-09,3.18946e-09,3.23327e-09,3.29139e-09,3.44826e-09
4.03325e-09,3.74859e-09,3.52944e-09,3.3683e-09,3.24798e-09,3.15344e-09,3.09957e-09,3.08286e-09,3.11971e-09,3.17412e-09,3.32598e-09
3.95295e-09,3.6721e-09,3.4523e-09,3.28903e-09,3.16649e-09,3.0687e-09,3.00667e-09,2.9889e-09,3.0204e-09,3.07115e-09,3.2184e-09
3.87907e-09,3.5989e-09,3.38178e-09,3.21673e-09,3.09101e-09,2.99155e-09,2.92895e-09,2.90373e-09,2.9306e-09,2.97882e-09,3.1234e-09
3.81195e-09,3.53409e-09,3.31772e-09,3.15236e-09,3.02397e-09,2.92249e-09,2.85516e-09,2.82872e-09,2.85162e-09,2.89521e-09,3.03658e-09
3.75061e-09,3.47403e-09,3.25975e-09,3.09276e-09,2.96251e-09,2.85973e-09,2.79269e-09,2.76098e-09,2.77997e-09,2.82609e-09,2.96092e-09
3.69223e-09,3.41854e-09,3.2048e-09,3.03769e-09,2.9058e-09,2.80249e-09,2.72801e-09,2.69807e-09,2.71589e-09,2.75921e-09,2.89305e-09
3.63607e-09,3.36538e-09,3.15371e-09,2.98623e-09,2.8527e-09,2.74879e-09,2.67406e-09,2.6399e-09,2.65754e-09,2.69549e-09,2.83117e-09
3.58358e-09,3.31577e-09,3.10523e-09,2.93654e-09,2.80322e-09,2.69839e-09,2.62416e-09,2.58755e-09,2.60186e-09,2.64301e-09,2.77123e-09
3.53253e-09,3.26732e-09,3.05756e-09,2.88959e-09,2.75515e-09,2.64998e-09,2.57319e-09,2.53819e-09,2.55108e-09,2.5902e-09,2.71997e-09
3.48411e-09,3.22223e-09,3.01222e-09,2.84488e-09,2.7104e-09,2.60501e-09,2.52565e-09,2.49164e-09,2.50369e-09,2.5415e-09,2.67188e-09
3.43535e-09,3.17546e-09,2.96881e-09,2.80114e-09,2.66545e-09,2.56029e-09,2.48181e-09,2.4473e-09,2.45766e-09,2.49547e-09,2.62254e-09
3.38734e-09,3.12958e-09,2.92433e-09,2.75754e-09,2.62232e-09,2.51757e-09,2.43883e-09,2.40375e-09,2.41265e-09,2.4507e-09,2.57613e-09
3.33863e-09,3.08441e-09,2.88065e-09,2.71406e-09,2.57882e-09,2.47437e-09,2.39761e-09,2.3598e-09,2.36895e-09,2.40671e-09,2.5315e-09
3.29147e-09,3.04052e-09,2.83788e-09,2.67178e-09,2.53657e-09,2.43275e-09,2.35379e-09,2.31764e-09,2.32543e-09,2.36381e-09,2.48763e-09
3.24328e-09,2.99487e-09,2.79447e-09,2.62928e-09,2.49432e-09,2.39116e-09,2.31385e-09,2.27655e-09,2.28446e-09,2.32165e-09,2.44405e-09
3.19535e-09,2.95011e-09,2.75141e-09,2.58681e-09,2.45272e-09,2.35023e-09,2.27346e-09,2.23433e-09,2.24288e-09,2.27979e-09,2.40174e-09
3.14816e-09,2.90572e-09,2.70869e-09,2.54586e-09,2.41118e-09,2.30953e-09,2.23405e-09,2.19594e-09,2.20323e-09,2.24091e-09,2.36012e-09
3.10024e-09,2.86062e-09,2.6656e-09,2.50355e-09,2.36958e-09,2.26888e-09,2.1938e-09,2.15659e-09,2.16238e-09,2.19895e-09,2.31948e-09
3.0518e-09,2.81552e-09,2.62252e-09,2.46154e-09,2.32869e-09,2.22862e-09,2.15387e-09,2.11734e-09,2.12273e-09,2.15911e-09,2.27701e-09
3.00362e-09,2.77036e-09,2.57951e-09,2.41964e-09,2.28818e-09,2.18865e-09,2.11423e-09,2.07841e-09,2.08257e-09,2.11922e-09,2.2364e-09
2.95565e-09,2.72561e-09,2.53624e-09,2.37859e-09,2.24765e-09,2.14936e-09,2.07604e-09,2.04018e-09,2.04534e-09,2.08038e-09,2.19714e-09
2.90729e-09,2.67994e-09,2.49334e-09,2.33672e-09,2.20685e-09,2.10917e-09,2.03815e-09,2.00107e-09,2.00467e-09,2.04188e-09,2.15595e-09
2.8579e-09,2.63463e-09,2.45059e-09,2.29613e-09,2.16629e-09,2.07019e-09,2.00028e-09,1.96366e-09,1.9671e-09,2.00412e-09,2.11463e-09
2.81033e-09,2.58898e-09,2.40771e-09,2.25441e-09,2.12638e-09,2.03152e-09,1.96274e-09,1.9261e-09,1.92808e-09,1.96605e-09,2.07773e-09
2.76034e-09,2.54338e-09,2.36417e-09,2.21255e-09,2.08637e-09,1.99222e-09,1.9255e-09,1.88902e-09,1.89135e-09,1.92645e-09,2.03617e-09
2.7106e-09,2.49679e-09,2.32044e-09,2.17081e-09,2.04591e-09,1.95296e-09,1.88656e-09,1.85126e-09,1.85226e-09,1.88884e-09,1.99632e-09
2.6613e-09,2.45113e-09,2.2773e-09,2.12966e-09,2.00639e-09,1.91465e-09,1.84966e-09,1.8142e-09,1.81508e-09,1.85146e-09,1.95793e-09
2.62274e-09,2.41484e-09,2.24286e-09,2.09644e-09,1.97376e-09,1.88227e-09,1.81791e-09,1.78243e-09,1.78246e-09,1.81961e-09,1.92381e-09
2.57392e-09,2.36939e-09,2.20025e-09,2.05675e-09,1.93467e-09,1.84398e-09,1.78107e-09,1.74592e-09,1.74612e-09,1.78377e-09,1.88438e-09
2.52493e-09,2.32383e-09,2.15722e-09,2.01549e-09,1.89593e-09,1.80697e-09,1.74547e-09,1.71058e-09,1.70934e-09,1.74549e-09,1.84747e-09
2.46239e-09,2.26621e-09,2.10378e-09,1.9645e-09,1.84843e-09,1.76175e-09,1.70156e-09,1.66881e-09,1.66712e-09,1.70201e-09,1.80143e-09
2.41197e-09,2.21936e-09,2.06004e-09,1.9236e-09,1.80872e-09,1.72362e-09,1.66584e-09,1.6325e-09,1.6308e-09,1.66554e-09,1.76168e-09
2.36205e-09,2.17296e-09,2.01709e-09,1.88331e-09,1.7716e-09,1.68783e-09,1.63047e-09,1.5977e-09,1.5952e-09,1.63069e-09,1.72407e-09
2.31209e-09,2.12678e-09,1.97364e-09,1.84213e-09,1.73109e-09,1.64923e-09,1.59412e-09,1.56148e-09,1.55879e-09,1.59294e-09,1.68451e-09
2.26221e-09,2.08125e-09,1.93102e-09,1.80276e-09,1.69135e-09,1.61167e-09,1.56015e-09,1.52635e-09,1.52393e-09,1.55836e-09,1.64541e-09
2.21284e-09,2.03494e-09,1.88747e-09,1.76171e-09,1.65468e-09,1.57531e-09,1.52352e-09,1.49144e-09,1.48824e-09,1.52079e-09,1.60945e-09
2.16256e-09,1.98856e-09,1.84468e-09,1.72086e-09,1.6163e-09,1.53833e-09,1.48774e-09,1.45621e-09,1.45247e-09,1.48491e-09,1.56999e-09
2.11323e-09,1.94273e-09,1.80245e-09,1.6816e-09,1.58023e-09,1.50409e-09,1.45366e-09,1.4225e-09,1.41831e-09,1.45138e-09,1.53363e-09
2.06397e-09,1.8975e-09,1.7599e-09,1.64149e-09,1.54113e-09,1.46591e-09,1.41819e-09,1.38748e-09,1.38304e-09,1.41425e-09,1.49507e-09
2.0148e-09,1.85189e-09,1.71763e-09,1.60182e-09,1.5035e-09,1.43022e-09,1.38332e-09,1.35329e-09,1.34874e-09,1.37912e-09,1.45766e-09
1.96625e-09,1.80752e-09,1.67647e-09,1.56443e-09,1.46709e-09,1.39537e-09,1.35023e-09,1.31957e-09,1.31531e-09,1.34662e-09,1.4197e-09
1.91872e-09,1.76346e-09,1.63505e-09,1.52488e-09,1.42898e-09,1.35994e-09,1.31729e-09,1.28736e-09,1.28168e-09,1.30869e-09,1.38576e-09
1.87099e-09,1.71905e-09,1.59468e-09,1.48716e-09,1.39691e-09,1.32879e-09,1.28427e-09,1.25579e-09,1.24982e-09,1.27938e-09,1.35001e-09
1.82359e-09,1.67505e-09,1.55331e-09,1.44833e-09,1.35862e-09,1.29112e-09,1.24865e-09,1.22192e-09,1.21628e-09,1.24257e-09,1.31293e-09
1.7762e-09,1.63186e-09,1.51335e-09,1.41117e-09,1.32395e-09,1.25848e-09,1.21752e-09,1.18956e-09,1.18371e-09,1.21029e-09,1.27695e-09
1.72995e-09,1.5894e-09,1.47382e-09,1.37424e-09,1.2892e-09,1.22526e-09,1.18532e-09,1.15841e-09,1.15228e-09,1.17752e-09,1.24221e-09
1.68465e-09,1.5479e-09,1.43499e-09,1.33797e-09,1.25536e-09,1.19273e-09,1.1539e-09,1.12635e-09,1.1203e-09,1.14517e-09,1.20759e-09
1.63999e-09,1.50648e-09,1.39648e-09,1.30265e-09,1.22153e-09,1.16071e-09,1.12289e-09,1.09632e-09,1.08944e-09,1.1125e-09,1.17475e-09
1.59549e-09,1.4656e-09,1.35899e-09,1.26712e-09,1.18876e-09,1.12932e-09,1.09278e-09,1.06603e-09,1.05887e-09,1.08235e-09,1.1404e-09
1.5518e-09,1.42544e-09,1.32155e-09,1.23237e-09,1.15576e-09,1.09811e-09,1.06223e-09,1.03624e-09,1.02918e-09,1.05139e-09,1.10719e-09
1.5095e-09,1.38698e-09,1.28562e-09,1.19858e-09,1.12442e-09,1.0681e-09,1.03263e-09,1.00727e-09,9.99757e-10,1.02142e-09,1.07517e-09
1.46745e-09,1.34815e-09,1.24989e-09,1.16549e-09,1.09306e-09,1.03849e-09,1.00443e-09,9.79199e-10,9.71501e-10,9.91881e-10,1.04354e-09
1.42666e-09,1.31032e-09,1.21478e-09,1.13276e-09,1.06268e-09,1.0093e-09,9.75921e-10,9.5091e-10,9.43304e-10,9.62744e-10,1.0125e-09
1.38672e-09,1.27381e-09,1.18081e-09,1.10124e-09,1.03303e-09,9.81181e-10,9.48447e-10,9.23988e-10,9.16211e-10,9.34559e-10,9.82283e-10
1.36512e-09,1.25396e-09,1.16175e-09,1.08301e-09,1.01576e-09,9.63254e-10,9.30124e-10,9.04846e-10,8.96778e-10,9.16101e-10,9.62662e-10
1.3095e-09,1.20256e-09,1.11493e-09,1.03982e-09,9.7531e-10,9.26389e-10,8.9523e-10,8.71242e-10,8.63042e-10,8.79839e-10,9.23558e-10
1.27277e-09,1.16901e-09,1.08364e-09,1.01051e-09,9.48134e-10,9.00267e-10,8.69264e-10,8.46342e-10,8.37959e-10,8.53567e-10,8.95545e-10
1.2366e-09,1.13551e-09,1.05275e-09,9.8178e-10,9.21481e-10,8.74607e-10,8.44557e-10,8.21552e-10,8.13304e-10,8.27875e-10,8.67862e-10
1.20196e-09,1.10379e-09,1.02307e-09,9.54005e-10,8.953e-10,8.49747e-10,8.20251e-10,7.9728e-10,7.88718e-10,8.02833e-10,8.41032e-10
1.16798e-09,1.07292e-09,9.94333e-10,9.27128e-10,8.69814e-10,8.25887e-10,7.97013e-10,7.74398e-10,7.65094e-10,7.78717e-10,8.15217e-10
1.13541e-09,1.04274e-09,9.66168e-10,9.01021e-10,8.45446e-10,8.02787e-10,7.74542e-10,7.51922e-10,7.42875e-10,7.55117e-10,7.90084e-10
1.10373e-09,1.01401e-09,9.39278e-10,8.75651e-10,8.21691e-10,7.7977e-10,7.51863e-10,7.30213e-10,7.20918e-10,7.32103e-10,7.6597e-10
1.07328e-09,9.85901e-10,9.13058e-10,8.51306e-10,7.98926e-10,7.57977e-10,7.30649e-10,7.09075e-10,6.99381e-10,7.10063e-10,7.42411e-10
1.04405e-09,9.58908e-10,8.87924e-10,8.27771e-10,7.76773e-10,7.36863e-10,7.09983e-10,6.88795e-10,6.78906e-10,6.88824e-10,7.19243e-10
1.01558e-09,9.32781e-10,8.63809e-10,8.05158e-10,7.55431e-10,7.16651e-10,6.90176e-10,6.69047e-10,6.59122e-10,6.68166e-10,6.97723e-10
9.88639e-10,9.0788e-10,8.4056e-10,7.83571e-10,7.34999e-10,6.97244e-10,6.71148e-10,6.50357e-10,6.40309e-10,6.48764e-10,6.764e-10
9.6264e-10,8.84089e-10,8.18634e-10,7.62793e-10,7.15535e-10,6.78583e-10,6.53156e-10,6.32366e-10,6.21918e-10,6.29642e-10,6.56502e-10
9.38035e-10,8.61006e-10,7.97397e-10,7.42942e-10,6.96809e-10,6.60732e-10,6.35222e-10,6.14753e-10,6.0442e-10,6.11693e-10,6.37746e-10
9.136e-10,8.39001e-10,7.76447e-10,7.23201e-10,6.78452e-10,6.42988e-10,6.18046e-10,5.98103e-10,5.87956e-10,5.93568e-10,6.18452e-10
8.9092e-10,8.18211e-10,7.57021e-10,7.04939e-10,6.61104e-10,6.26736e-10,6.02196e-10,5.82134e-10,5.71442e-10,5.76845e-10,6.0134e-10
8.6919e-10,7.98172e-10,7.38271e-10,6.87254e-10,6.4428e-10,6.10507e-10,5.86227e-10,5.66386e-10,5.55744e-10,5.60782e-10,5.84425e-10
8.48397e-10,7.79124e-10,7.20425e-10,6.70609e-10,6.28703e-10,5.95401e-10,5.71218e-10,5.51998e-10,5.41165e-10,5.45449e-10,5.67531e-10
8.28879e-10,7.61088e-10,7.03623e-10,6.54635e-10,6.13778e-10,5.8108e-10,5.5709e-10,5.38235e-10,5.26932e-10,5.312e-10,5.52843e-10
8.10308e-10,7.43913e-10,6.87554e-10,6.39494e-10,5.99495e-10,5.67304e-10,5.43472e-10,5.24529e-10,5.13636e-10,5.1737e-10,5.38269e-10
7.92283e-10,7.27453e-10,6.72199e-10,6.24924e-10,5.85715e-10,5.5409e-10,5.31014e-10,5.12008e-10,5.0093e-10,5.03965e-10,5.24419e-10
7.75126e-10,7.11703e-10,6.57378e-10,6.11083e-10,5.72478e-10,5.41404e-10,5.18544e-10,4.99815e-10,4.87996e-10,4.91208e-10,5.11452e-10
7.58925e-10,6.97123e-10,6.43415e-10,5.97758e-10,5.59932e-10,5.293e-10,5.06638e-10,4.88256e-10,4.7678e-10,4.78881e-10,4.98585e-10
7.43596e-10,6.82144e-10,6.30199e-10,5.85377e-10,5.48107e-10,5.18047e-10,4.95763e-10,4.77376e-10,4.65912e-10,4.67732e-10,4.86956e-10
7.28834e-10,6.6962e-10,6.17611e-10,5.73296e-10,5.36629e-10,5.07128e-10,4.846e-10,4.66863e-10,4.55263e-10,4.56688e-10,4.7553e-10
7.1476e-10,6.56038e-10,6.05317e-10,5.61765e-10,5.25367e-10,4.96435e-10,4.74397e-10,4.56731e-10,4.45149e-10,4.46515e-10,4.65043e-10
7.01487e-10,6.43837e-10,5.93904e-10,5.50971e-10,5.15324e-10,4.86544e-10,4.64655e-10,4.47256e-10,4.35529e-10,4.36829e-10,4.55327e-10
6.88916e-10,6.32292e-10,5.83058e-10,5.40581e-10,5.05323e-10,4.77108e-10,4.5535e-10,4.38221e-10,4.26707e-10,4.27449e-10,4.45439e-10
6.76583e-10,6.20838e-10,5.72312e-10,5.30598e-10,4.95954e-10,4.67922e-10,4.46935e-10,4.2936e-10,4.17525e-10,4.18936e-10,4.3656e-10
6.64572e-10,6.099e-10,5.62105e-10,5.20904e-10,4.86707e-10,4.5903e-10,4.38339e-10,4.20916e-10,4.09345e-10,4.1008e-10,4.27535e-10
6.53603e-10,5.99752e-10,5.52551e-10,5.1177e-10,4.78028e-10,4.50828e-10,4.29979e-10,4.13045e-10,4.01333e-10,4.02001e-10,4.19584e-10
6.42649e-10,5.89551e-10,5.43049e-10,5.03003e-10,4.69572e-10,4.42666e-10,4.22052e-10,4.05271e-10,3.93661e-10,3.94402e-10,4.11494e-10
6.31968e-10,5.79844e-10,5.33994e-10,4.94298e-10,4.61389e-10,4.3479e-10,4.14386e-10,3.97829e-10,3.86271e-10,3.87005e-10,4.03922e-10
6.21857e-10,5.704e-10,5.25366e-10,4.86187e-10,4.5376e-10,4.27485e-10,4.07259e-10,3.91062e-10,3.79467e-10,3.8012e-10,3.96561e-10
6.12202e-10,5.61483e-10,5.169e-10,4.78138e-10,4.46038e-10,4.20107e-10,4.00071e-10,3.83801e-10,3.72506e-10,3.73333e-10,3.90017e-10
6.02408e-10,5.52702e-10,5.08677e-10,4.70388e-10,4.38687e-10,4.13075e-10,3.93254e-10,3.77181e-10,3.65926e-10,3.66783e-10,3.83268e-10
5.93113e-10,5.44138e-10,5.0068e-10,4.62974e-10,4.31498e-10,4.06264e-10,3.87017e-10,3.70927e-10,3.59442e-10,3.60361e-10,3.76991e-10
5.83948e-10,5.36023e-10,4.92898e-10,4.55574e-10,4.2468e-10,3.99604e-10,3.80339e-10,3.64829e-10,3.53432e-10,3.54329e-10,3.70268e-10
5.74873e-10,5.27548e-10,4.85216e-10,4.48363e-10,4.17858e-10,3.93104e-10,3.7438e-10,3.58924e-10,3.47524e-10,3.48095e-10,3.63864e-10
5.66082e-10,5.19386e-10,4.77662e-10,4.41265e-10,4.11062e-10,3.86671e-10,3.67877e-10,3.52772e-10,3.41439e-10,3.42464e-10,3.5835e-10
5.57333e-10,5.11319e-10,4.70197e-10,4.34294e-10,4.04505e-10,3.80433e-10,3.61678e-10,3.46756e-10,3.3573e-10,3.36671e-10,3.52043e-10
5.48763e-10,5.03476e-10,4.62892e-10,4.27478e-10,3.9803e-10,3.74329e-10,3.55852e-10,3.41061e-10,3.30047e-10,3.30996e-10,3.46401e-10
5.40314e-10,4.95876e-10,4.55835e-10,4.2078e-10,3.91725e-10,3.68447e-10,3.49994e-10,3.35561e-10,3.24612e-10,3.25521e-10,3.40463e-10
5.31963e-10,4.88035e-10,4.48589e-10,4.14175e-10,3.85527e-10,3.62446e-10,3.4444e-10,3.30143e-10,3.19226e-10,3.20535e-10,3.35177e-10
5.23655e-10,4.80497e-10,4.41645e-10,4.07611e-10,3.7933e-10,3.56578e-10,3.38992e-10,3.24583e-10,3.13723e-10,3.15012e-10,3.29722e-10
5.15513e-10,4.72975e-10,4.34739e-10,4.01125e-10,3.73112e-10,3.50868e-10,3.33289e-10,3.19146e-10,3.08598e-10,3.09806e-10,3.2445e-10
5.07359e-10,4.65651e-10,4.27837e-10,3.94746e-10,3.67238e-10,3.4517e-10,3.27755e-10,3.1409e-10,3.03418e-10,3.044e-10,3.18836e-10
4.99171e-10,4.58194e-10,4.21004e-10,3.88326e-10,3.61248e-10,3.39499e-10,3.22408e-10,3.0884e-10,2.98327e-10,2.99494e-10,3.1334e-10
4.91248e-10,4.50948e-10,4.14308e-10,3.82114e-10,3.55407e-10,3.34023e-10,3.17032e-10,3.03681e-10,2.93365e-10,2.94604e-10,3.08246e-10
4.83423e-10,4.43676e-10,4.07638e-10,3.7597e-10,3.49568e-10,3.28549e-10,3.11684e-10,2.98618e-10,2.88369e-10,2.8977e-10,3.03076e-10
4.75477e-10,4.36498e-10,4.01018e-10,3.69796e-10,3.43882e-10,3.23113e-10,3.06475e-10,2.93636e-10,2.83517e-10,2.84847e-10,2.97875e-10
4.67671e-10,4.29409e-10,3.94393e-10,3.6373e-10,3.38262e-10,3.17781e-10,3.0139e-10,2.88648e-10,2.78559e-10,2.79797e-10,2.9258e-10
4.59974e-10,4.22482e-10,3.88015e-10,3.57755e-10,3.32641e-10,3.12462e-10,2.96366e-10,2.83883e-10,2.73708e-10,2.75116e-10,2.87524e-10
4.52153e-10,4.15284e-10,3.81547e-10,3.51727e-10,3.27017e-10,3.07214e-10,2.9134e-10,2.79079e-10,2.69065e-10,2.70444e-10,2.82363e-10
4.44504e-10,4.08364e-10,3.75198e-10,3.45752e-10,3.2145e-10,3.02031e-10,2.86172e-10,2.74364e-10,2.64355e-10,2.6531e-10,2.77505e-10
4.37094e-10,4.01459e-10,3.68829e-10,3.40057e-10,3.15967e-10,2.96956e-10,2.81361e-10,2.6966e-10,2.59795e-10,2.6094e-10,2.72336e-10
4.29652e-10,3.94697e-10,3.62541e-10,3.34283e-10,3.10596e-10,2.91896e-10,2.76443e-10,2.65051e-10,2.55265e-10,2.56296e-10,2.67659e-10
4.22397e-10,3.87989e-10,3.56415e-10,3.28523e-10,3.05291e-10,2.86849e-10,2.71719e-10,2.60392e-10,2.50702e-10,2.51786e-10,2.62694e-10
4.15039e-10,3.81348e-10,3.50327e-10,3.22937e-10,3.00096e-10,2.81972e-10,2.67012e-10,2.55885e-10,2.4626e-10,2.47347e-10,2.57834e-10
4.07762e-10,3.74701e-10,3.44153e-10,3.17335e-10,2.94823e-10,2.77058e-10,2.62315e-10,2.51406e-10,2.41863e-10,2.42891e-10,2.5319e-10
4.00777e-10,3.6837e-10,3.38305e-10,3.11874e-10,2.8984e-10,2.72263e-10,2.57693e-10,2.46982e-10,2.37528e-10,2.38555e-10,2.48509e-10
3.93747e-10,3.61803e-10,3.32419e-10,3.06417e-10,2.84747e-10,2.67507e-10,2.53016e-10,2.42615e-10,2.33232e-10,2.34211e-10,2.43986e-10
3.86711e-10,3.55454e-10,3.26613e-10,3.01078e-10,2.79777e-10,2.62831e-10,2.48707e-10,2.38359e-10,2.29027e-10,2.29816e-10,2.39263e-10
3.79993e-10,3.4914e-10,3.20957e-10,2.9579e-10,2.74788e-10,2.58228e-10,2.44255e-10,2.34091e-10,2.24875e-10,2.25652e-10,2.34824e-10
3.73038e-10,3.4298e-10,3.15153e-10,2.90559e-10,2.69959e-10,2.53648e-10,2.3989e-10,2.29909e-10,2.20775e-10,2.21494e-10,2.30207e-10
3.66377e-10,3.37078e-10,3.0958e-10,2.85417e-10,2.65113e-10,2.49196e-10,2.35599e-10,2.25762e-10,2.16745e-10,2.17477e-10,2.26007e-10
3.59718e-10,3.30738e-10,3.03993e-10,2.80298e-10,2.60432e-10,2.44719e-10,2.31306e-10,2.21702e-10,2.12687e-10,2.13317e-10,2.21382e-10
3.5324e-10,3.24873e-10,2.98533e-10,2.7529e-10,2.5572e-10,2.40352e-10,2.27218e-10,2.17683e-10,2.0876e-10,2.09249e-10,2.17301e-10
3.4695e-10,3.19117e-10,2.93204e-10,2.70357e-10,2.51192e-10,2.36033e-10,2.23059e-10,2.1378e-10,2.04912e-10,2.05387e-10,2.12683e-10
3.40463e-10,3.13251e-10,2.87874e-10,2.65488e-10,2.46675e-10,2.31803e-10,2.18784e-10,2.09845e-10,2.01046e-10,2.01382e-10,2.08531e-10
3.34052e-10,3.07544e-10,2.82836e-10,2.60557e-10,2.4224e-10,2.27611e-10,2.14923e-10,2.06024e-10,1.97318e-10,1.97537e-10,2.0445e-10
3.28085e-10,3.01926e-10,2.775e-10,2.55966e-10,2.37836e-10,2.23469e-10,2.10965e-10,2.02168e-10,1.93593e-10,1.93738e-10,2.00429e-10
3.21784e-10,2.96388e-10,2.72426e-10,2.51293e-10,2.33512e-10,2.19448e-10,2.07065e-10,1.98492e-10,1.89955e-10,1.90097e-10,1.96332e-10
3.16274e-10,2.90612e-10,2.67513e-10,2.46727e-10,2.2919e-10,2.1541e-10,2.03461e-10,1.94832e-10,1.86388e-10,1.86358e-10,1.92443e-10
3.10267e-10,2.85579e-10,2.6255e-10,2.42238e-10,2.2508e-10,2.11537e-10,1.99526e-10,1.91212e-10,1.82772e-10,1.82809e-10,1.88331e-10
3.04646e-10,2.80377e-10,2.57748e-10,2.37806e-10,2.20872e-10,2.07675e-10,1.95934e-10,1.87677e-10,1.79246e-10,1.79205e-10,1.8466e-10
2.98831e-10,2.7504e-10,2.52747e-10,2.33445e-10,2.16824e-10,2.03901e-10,1.91604e-10,1.84179e-10,1.75881e-10,1.75376e-10,1.80963e-10
2.93236e-10,2.69873e-10,2.48572e-10,2.28972e-10,2.1284e-10,2.0015e-10,1.88461e-10,1.80762e-10,1.72542e-10,1.72013e-10,1.77176e-10
2.87735e-10,2.64832e-10,2.43782e-10,2.24976e-10,2.09153e-10,1.9646e-10,1.85436e-10,1.77515e-10,1.69307e-10,1.68837e-10,1.73492e-10
2.82478e-10,2.59982e-10,2.3921e-10,2.20838e-10,2.05061e-10,1.92911e-10,1.81687e-10,1.74096e-10,1.65994e-10,1.65421e-10,1.69994e-10
2.7688e-10,2.55326e-10,2.34813e-10,2.16767e-10,2.01439e-10,1.89332e-10,1.78629e-10,1.70863e-10,1.62838e-10,1.62186e-10,1.66468e-10
2.71941e-10,2.5055e-10,2.30503e-10,2.12815e-10,1.97601e-10,1.85814e-10,1.75116e-10,1.67688e-10,1.59714e-10,1.58899e-10,1.63169e-10
2.67086e-10,2.45806e-10,2.26172e-10,2.08933e-10,1.94121e-10,1.82491e-10,1.71718e-10,1.64482e-10,1.56636e-10,1.5576e-10,1.59578e-10
2.62273e-10,2.41238e-10,2.22106e-10,2.05199e-10,1.90485e-10,1.79135e-10,1.68507e-10,1.6138e-10,1.53565e-10,1.52573e-10,1.56269e-10
2.57201e-10,2.36752e-10,2.18594e-10,2.0112e-10,1.87037e-10,1.75918e-10,1.65289e-10,1.5845e-10,1.50669e-10,1.49531e-10,1.53366e-10
2.52993e-10,2.33109e-10,2.14047e-10,1.97771e-10,1.83566e-10,1.72798e-10,1.62211e-10,1.55423e-10,1.47705e-10,1.46684e-10,1.49664e-10
2.47797e-10,2.27762e-10,2.09979e-10,1.94023e-10,1.8014e-10,1.69573e-10,1.59272e-10,1.52516e-10,1.44953e-10,1.43848e-10,1.46706e-10
2.4303e-10,2.23847e-10,2.06339e-10,1.90941e-10,1.77124e-10,1.66443e-10,1.56328e-10,1.49779e-10,1.42081e-10,1.40922e-10,1.43678e-10
2.38853e-10,2.19444e-10,2.02438e-10,1.87027e-10,1.73785e-10,1.63359e-10,1.53472e-10,1.46875e-10,1.39332e-10,1.38059e-10,1.40662e-10
2.34452e-10,2.15633e-10,1.98768e-10,1.83684e-10,1.70422e-10,1.6047e-10,1.50569e-10,1.44181e-10,1.36771e-10,1.35267e-10,1.3804e-10
2.29962e-10,2.11799e-10,1.94713e-10,1.80652e-10,1.67562e-10,1.57522e-10,1.47884e-10,1.41551e-10,1.34105e-10,1.33018e-10,1.34765e-10
2.25993e-10,2.07482e-10,1.92054e-10,1.7686e-10,1.64308e-10,1.54645e-10,1.45069e-10,1.38881e-10,1.31605e-10,1.29764e-10,1.32212e-10
2.21814e-10,2.03897e-10,1.88197e-10,1.73907e-10,1.61555e-10,1.51915e-10,1.4252e-10,1.36432e-10,1.29157e-10,1.27427e-10,1.29419e-10
2.17769e-10,2.00253e-10,1.84834e-10,1.7121e-10,1.58323e-10,1.49111e-10,1.39494e-10,1.33849e-10,1.26694e-10,1.25121e-10,1.26571e-10
2.14096e-10,1.96331e-10,1.81523e-10,1.67972e-10,1.55872e-10,1.46625e-10,1.37595e-10,1.31424e-10,1.2429e-10,1.22389e-10,1.24449e-10
2.10084e-10,1.93424e-10,1.78281e-10,1.64916e-10,1.52854e-10,1.43937e-10,1.34947e-10,1.28991e-10,1.21946e-10,1.20231e-10,1.21658e-10
2.06258e-10,1.89968e-10,1.7511e-10,1.61879e-10,1.50386e-10,1.41401e-10,1.32263e-10,1.2668e-10,1.19592e-10,1.1774e-10,1.19256e-10
2.03162e-10,1.86333e-10,1.72079e-10,1.59206e-10,1.47497e-10,1.38959e-10,1.30062e-10,1.24479e-10,1.17514e-10,1.1543e-10,1.17014e-10
1.99329e-10,1.8289e-10,1.69118e-10,1.56486e-10,1.4519e-10,1.36502e-10,1.27717e-10,1.22054e-10,1.15277e-10,1.13295e-10,1.14513e-10
1.95789e-10,1.79793e-10,1.66178e-10,1.53767e-10,1.42291e-10,1.34262e-10,1.24894e-10,1.19907e-10,1.13118e-10,1.11103e-10,1.12437e-10
1.92176e-10,1.76699e-10,1.63386e-10,1.51042e-10,1.40521e-10,1.31565e-10,1.23264e-10,1.17813e-10,1.11139e-10,1.09088e-10,1.10019e-10
1.8914e-10,1.73457e-10,1.60341e-10,1.4862e-10,1.37539e-10,1.29593e-10,1.20951e-10,1.15748e-10,1.09019e-10,1.06824e-10,1.08003e-10
1.85662e-10,1.70529e-10,1.57752e-10,1.46023e-10,1.35396e-10,1.27274e-10,1.18805e-10,1.13755e-10,1.07002e-10,1.04872e-10,1.05812e-10
1.82676e-10,1.67207e-10,1.54918e-10,1.43642e-10,1.32953e-10,1.25227e-10,1.16603e-10,1.11703e-10,1.05396e-10,1.02872e-10,1.03688e-10
1.79264e-10,1.64736e-10,1.52477e-10,1.41175e-10,1.30902e-10,1.23108e-10,1.14875e-10,1.09686e-10,1.03368e-10,1.00991e-10,1.01761e-10
1.76247e-10,1.62084e-10,1.50492e-10,1.39006e-10,1.28461e-10,1.20999e-10,1.12995e-10,1.07937e-10,1.01374e-10,9.94165e-11,1.00123e-10
1.73563e-10,1.59109e-10,1.47482e-10,1.36539e-10,1.2661e-10,1.18853e-10,1.10802e-10,1.05987e-10,9.95719e-11,9.73432e-11,9.80184e-11
1.70785e-10,1.56568e-10,1.44645e-10,1.34503e-10,1.24256e-10,1.16923e-10,1.08993e-10,1.04221e-10,9.79414e-11,9.55005e-11,9.63945e-11
1.6789e-10,1.53206e-10,1.42981e-10,1.32107e-10,1.22791e-10,1.15074e-10,1.07477e-10,1.0248e-10,9.62919e-11,9.38664e-11,9.46783e-11
1.65368e-10,1.51817e-10,1.4043e-10,1.30109e-10,1.20468e-10,1.13412e-10,1.04919e-10,1.0071e-10,9.45506e-11,9.20958e-11,9.25765e-11
1.63014e-10,1.4918e-10,1.38419e-10,1.28244e-10,1.18749e-10,1.11529e-10,1.03894e-10,9.89378e-11,9.28425e-11,9.05825e-11,9.10544e-11
1.6007e-10,1.46345e-10,1.36076e-10,1.26094e-10,1.163e-10,1.09708e-10,1.02129e-10,9.74525e-11,9.14635e-11,8.89907e-11,8.96347e-11
1.57922e-10,1.4378e-10,1.34207e-10,1.24154e-10,1.1506e-10,1.0796e-10,1.0029e-10,9.56747e-11,8.96063e-11,8.72362e-11,8.78095e-11
1.54695e-10,1.41559e-10,1.31669e-10,1.22126e-10,1.13334e-10,1.06274e-10,9.84753e-11,9.42143e-11,8.82816e-11,8.60184e-11,8.66889e-11
1.52801e-10,1.39345e-10,1.29591e-10,1.20292e-10,1.11241e-10,1.0448e-10,9.72079e-11,9.276e-11,8.69529e-11,8.45147e-11,8.49621e-11
1.49832e-10,1.36988e-10,1.27776e-10,1.18457e-10,1.09479e-10,1.02888e-10,9.59713e-11,9.13385e-11,8.55169e-11,8.32487e-11,8.3532e-11
1.47977e-10,1.35035e-10,1.25882e-10,1.16593e-10,1.07731e-10,1.01434e-10,9.42298e-11,9.00404e-11,8.41884e-11,8.15738e-11,8.20654e-11
1.45343e-10,1.32525e-10,1.23883e-10,1.14723e-10,1.06138e-10,9.95819e-11,9.202e-11,8.82423e-11,8.26838e-11,8.02973e-11,8.03065e-11
1.43446e-10,1.30974e-10,1.22138e-10,1.13156e-10,1.05285e-10,9.82115e-11,9.09417e-11,8.68722e-11,8.13775e-11,7.90758e-11,7.92667e-11
1.41105e-10,1.2847e-10,1.20104e-10,1.11377e-10,1.02814e-10,9.67549e-11,8.95116e-11,8.55189e-11,7.99349e-11,7.76967e-11,7.81515e-11
1.38422e-10,1.2589e-10,1.18309e-10,1.09758e-10,1.01087e-10,9.53748e-11,8.85484e-11,8.42693e-11,7.87202e-11,7.67296e-11,7.70054e-11
1.37038e-10,1.24627e-10,1.16612e-10,1.08011e-10,9.98871e-11,9.34899e-11,8.67239e-11,8.29533e-11,7.7523e-11,7.53097e-11,7.56788e-11
1.341e-10,1.22867e-10,1.14928e-10,1.06641e-10,9.83237e-11,9.20669e-11,8.52253e-11,8.16887e-11,7.64522e-11,7.40751e-11,7.42561e-11
1.32503e-10,1.21009e-10,1.13342e-10,1.05085e-10,9.73028e-11,9.0872e-11,8.41065e-11,8.02339e-11,7.52469e-11,7.29501e-11,7.30442e-11
1.30718e-10,1.19518e-10,1.11598e-10,1.0361e-10,9.54485e-11,8.93917e-11,8.31087e-11,7.89257e-11,7.40754e-11,7.17562e-11,7.19743e-11
1.28178e-10,1.16826e-10,1.09936e-10,1.02064e-10,9.40808e-11,8.80613e-11,8.16728e-11,7.79744e-11,7.29086e-11,7.09175e-11,7.13518e-11
1.26535e-10,1.15938e-10,1.08471e-10,1.005e-10,9.24465e-11,8.68525e-11,8.01761e-11,7.67379e-11,7.16815e-11,6.97712e-11,6.99587e-11
1.24513e-10,1.14111e-10,1.06669e-10,9.91519e-11,9.12942e-11,8.56823e-11,7.90434e-11,7.55832e-11,7.05329e-11,6.85946e-11,6.88101e-11
1.22851e-10,1.11958e-10,1.05284e-10,9.77945e-11,9.00448e-11,8.42846e-11,7.75655e-11,7.43802e-11,6.95891e-11,6.75364e-11,6.77611e-11
1.20291e-10,1.10072e-10,1.03974e-10,9.59238e-11,8.85637e-11,8.2822e-11,7.68266e-11,7.33536e-11,6.8394e-11,6.65272e-11,6.66851e-11
1.18678e-10,1.08394e-10,1.02487e-10,9.47938e-11,8.72772e-11,8.17766e-11,7.66141e-11,7.24859e-11,6.77096e-11,6.56721e-11,6.56979e-11
1.17232e-10,1.06531e-10,1.00934e-10,9.32756e-11,8.57855e-11,8.04526e-11,7.46496e-11,7.12821e-11,6.64089e-11,6.43902e-11,6.47952e-11
1.15118e-10,1.05261e-10,9.92657e-11,9.1952e-11,8.46921e-11,7.92435e-11,7.35516e-11,7.01507e-11,6.54257e-11,6.35222e-11,6.37517e-11
1.13616e-10,1.03767e-10,9.78251e-11,9.08136e-11,8.3527e-11,7.83206e-11,7.24851e-11,6.91128e-11,6.44185e-11,6.25814e-11,6.2555e-11
1.12002e-10,1.02206e-10,9.6321e-11,8.94774e-11,8.21637e-11,7.70705e-11,7.12796e-11,6.80408e-11,6.34952e-11,6.15658e-11,6.18773e-11
1.10747e-10,1.00308e-10,9.48504e-11,8.80016e-11,8.12739e-11,7.59537e-11,7.08635e-11,6.70577e-11,6.26748e-11,6.10649e-11,6.10868e-11
1.08464e-10,9.86497e-11,9.37405e-11,8.69695e-11,7.98503e-11,7.4963e-11,6.92136e-11,6.60794e-11,6.15432e-11,5.98257e-11,6.00968e-11
1.08375e-10,9.79027e-11,9.23113e-11,8.60579e-11,7.88123e-11,7.42215e-11,6.81224e-11,6.49015e-11,6.04841e-11,5.88613e-11,5.96646e-11
1.05995e-10,9.57079e-11,9.12128e-11,8.45055e-11,7.74771e-11,7.29795e-11,6.7198e-11,6.41e-11,5.9618e-11,5.80032e-11,5.83882e-11
1.03576e-10,9.42846e-11,8.96913e-11,8.31267e-11,7.63726e-11,7.16861e-11,6.61906e-11,6.31576e-11,5.88841e-11,5.7221e-11,5.74721e-11
1.02236e-10,9.27632e-11,8.83875e-11,8.20678e-11,7.51651e-11,7.05414e-11,6.5748e-11,6.2304e-11,5.79805e-11,5.66378e-11,5.67963e-11
1.00677e-10,9.18624e-11,8.74131e-11,8.08868e-11,7.38812e-11,6.98491e-11,6.4758e-11,6.143e-11,5.71201e-11,5.55522e-11,5.57563e-11
9.88763e-11,9.05484e-11,8.57285e-11,7.94274e-11,7.31732e-11,6.83774e-11,6.35263e-11,6.04333e-11,5.63628e-11,5.48363e-11,5.50484e-11
9.75229e-11,8.93007e-11,8.45934e-11,7.85677e-11,7.17574e-11,6.7527e-11,6.24912e-11,5.94259e-11,5.54294e-11,5.3904e-11,5.40672e-11
9.52811e-11,8.67738e-11,8.36435e-11,7.72897e-11,7.06075e-11,6.64789e-11,6.13352e-11,5.88658e-11,5.47481e-11,5.32413e-11,5.33702e-11
9.44283e-11,8.56761e-11,8.23969e-11,7.62734e-11,6.95759e-11,6.52404e-11,6.10458e-11,5.78969e-11,5.40812e-11,5.26431e-11,5.27328e-11
9.27874e-11,8.44033e-11,8.09085e-11,7.49775e-11,6.87299e-11,6.47496e-11,5.97575e-11,5.71241e-11,5.29445e-11,5.17019e-11,5.19198e-11
9.17623e-11,8.31588e-11,7.98439e-11,7.41521e-11,6.74086e-11,6.37656e-11,5.87359e-11,5.63036e-11,5.22335e-11,5.07915e-11,5.12565e-11
9.0609e-11,8.16782e-11,7.84295e-11,7.28081e-11,6.67554e-11,6.28857e-11,5.7978e-11,5.53469e-11,5.13928e-11,5.02003e-11,5.04516e-11
8.89979e-11,8.09099e-11,7.75968e-11,7.19142e-11,6.59702e-11,6.16166e-11,5.70791e-11,5.44996e-11,5.068e-11,4.95409e-11,4.9567e-11
8.76644e-11,7.93206e-11,7.59037e-11,7.05923e-11,6.46858e-11,6.1521e-11,5.71029e-11,5.37755e-11,4.99497e-11,4.91377e-11,4.92214e-11
