0.041365,0.041348,0.0408663,0.04022,0.0390655,0.0374903,0.0360458,0.0343881,0.0318814,0.0301367,0.0277406
0.0388508,0.0384902,0.0380382,0.0376032,0.0365918,0.0350176,0.0341496,0.0322389,0.0302018,0.0279456,0.0256235
0.0361229,0.0357412,0.0360988,0.0345882,0.0340829,0.0325495,0.031571,0.029934,0.0277791,0.0258371,0.0234331
0.033593,0.0333505,0.0331653,0.0323349,0.031735,0.0304692,0.0292731,0.0277675,0.0258343,0.0239496,0.0218766
0.0314169,0.0311887,0.0310184,0.0302766,0.0297013,0.0285458,0.0273826,0.0259857,0.0241764,0.0223407,0.0203644
0.0295166,0.0290865,0.0293097,0.0285996,0.0280206,0.0268494,0.0259005,0.0244902,0.0228186,0.0209987,0.0189366
0.027588,0.0274883,0.0273224,0.0266949,0.0261534,0.0251535,0.0241367,0.0228643,0.0212229,0.019522,0.0177667
0.0260318,0.0258995,0.025742,0.0251575,0.024598,0.0237043,0.0227714,0.0215102,0.0198864,0.0182718,0.0166506
0.0243955,0.0243788,0.0242393,0.0236868,0.0231778,0.0222979,0.0214321,0.0202034,0.0187644,0.0171626,0.0156049
0.0229878,0.0230843,0.0227776,0.0223724,0.0218978,0.0210169,0.0202369,0.0191651,0.0177021,0.0161228,0.0146791
0.0218009,0.0217605,0.0216159,0.0209679,0.0206564,0.0198243,0.0190192,0.0179749,0.0166667,0.0150997,0.0137811
0.020391,0.0206007,0.0205637,0.0201376,0.0196769,0.0188584,0.0181225,0.0170546,0.0157866,0.0143648,0.0129485
0.0194226,0.0194832,0.019394,0.0190234,0.0184616,0.0178054,0.0171288,0.0160616,0.0149566,0.0134772,0.012248
0.0183343,0.0185812,0.0183477,0.0180063,0.0175292,0.0168628,0.0161995,0.0151654,0.0140625,0.0126623,0.0115866
0.0173911,0.017595,0.0174964,0.0170647,0.0166383,0.0159963,0.0153732,0.0144397,0.013361,0.0120256,0.0108898
0.0165561,0.0166328,0.0165719,0.0161075,0.0158678,0.0152118,0.0145395,0.0136172,0.0127057,0.0113287,0.0103904
0.0157117,0.0160038,0.0159147,0.0152855,0.0151753,0.0145587,0.0139029,0.0130855,0.0120231,0.0107779,0.00977378
0.0148876,0.0151914,0.0150313,0.0147076,0.0143403,0.0137513,0.0131585,0.0122456,0.0114373,0.0102501,0.00933557
0.0142261,0.0144352,0.0142736,0.0138288,0.0136649,0.0131546,0.0125247,0.0117585,0.0109044,0.00973505,0.0087167
0.0134614,0.0136896,0.0136534,0.0135286,0.012987,0.0124792,0.0119464,0.0111389,0.0105001,0.00922115,0.00834359
0.0129452,0.0131563,0.0129701,0.0125476,0.0124453,0.0119279,0.0113761,0.0106682,0.00988801,0.00879148,0.00786176
0.0122803,0.0125851,0.0124466,0.0120766,0.0117831,0.01132,0.0108472,0.01014,0.00936924,0.00829005,0.0075846
0.0119099,0.0119892,0.0119509,0.0113345,0.0112674,0.0109241,0.0103828,0.00984824,0.00889295,0.0079526,0.00711765
0.0111825,0.011467,0.0114825,0.0109659,0.0108172,0.0103839,0.009914,0.00926758,0.00850378,0.00754651,0.00689094
0.0107858,0.0109253,0.0108521,0.0103509,0.0104618,0.00999858,0.00947563,0.00889444,0.0081063,0.00724342,0.00648661
0.010299,0.0104167,0.0104232,0.00999861,0.00985533,0.0094915,0.00906209,0.00844771,0.00777476,0.00687863,0.00617966
0.00986808,0.0100373,0.0100117,0.00944947,0.00949048,0.00912691,0.00863229,0.00811489,0.00742472,0.00660907,0.00589987
0.00947763,0.00955524,0.00959193,0.0093157,0.00905878,0.00874601,0.00828186,0.00776096,0.00719656,0.00628109,0.00562892
0.00906964,0.00918205,0.0091381,0.00865324,0.00875166,0.00835227,0.00789192,0.00743607,0.00679553,0.00601606,0.00539005
0.00863622,0.00875439,0.00889574,0.0084077,0.00832343,0.00802133,0.00761121,0.007077,0.0064885,0.00579755,0.00520057
0.00828249,0.00837892,0.00841782,0.0079535,0.00797789,0.00763687,0.00728711,0.00678383,0.00624724,0.00551986,0.00488622
0.00795186,0.00799857,0.00811897,0.00772462,0.00766427,0.00731796,0.00699244,0.00652068,0.0060252,0.00530149,0.00468533
0.00763332,0.00769387,0.00780463,0.00740938,0.00736914,0.00703027,0.00668624,0.00625453,0.00574607,0.00505704,0.00449703
0.00729,0.00739436,0.00749433,0.00708292,0.00706843,0.00677111,0.00644064,0.00598692,0.00551962,0.00482521,0.00429911
0.0070854,0.00707267,0.00722578,0.00691186,0.00676528,0.00646358,0.00616398,0.00574245,0.00529553,0.0046896,0.00412093
0.00679369,0.00679158,0.00692533,0.00654627,0.00660446,0.00619591,0.00596594,0.00549579,0.0050445,0.00445697,0.00395089
0.00653974,0.00651995,0.0066673,0.00627803,0.00624657,0.00599457,0.00571082,0.00527778,0.00488641,0.00427821,0.00378894
0.0062694,0.00627125,0.00637837,0.00607294,0.00604253,0.00575232,0.00548113,0.00509809,0.00464735,0.00412238,0.00361329
0.00609918,0.00608981,0.00619311,0.00588004,0.00586363,0.00551204,0.00530404,0.00492479,0.00447866,0.00396557,0.00346771
0.00583652,0.00578888,0.00590427,0.0057218,0.00565741,0.00540319,0.00509482,0.00480527,0.00432956,0.00380167,0.00332762
0.00558084,0.00554298,0.00569894,0.00541213,0.00543474,0.00518946,0.00488483,0.00453665,0.00414534,0.00366211,0.00320071
0.00540541,0.00539806,0.00547713,0.00523127,0.00524211,0.0049444,0.00473116,0.00439589,0.00401024,0.00349918,0.00306791
0.00519788,0.00511621,0.0052971,0.00504646,0.00503938,0.00475712,0.00452485,0.00421248,0.00386319,0.00337561,0.00291616
0.00503634,0.00499436,0.00509065,0.00486251,0.00487526,0.00458711,0.00437021,0.00405049,0.00367872,0.0032528,0.00283678
0.00476537,0.00481254,0.00486874,0.00464295,0.00470774,0.00445845,0.00421133,0.00388521,0.0035939,0.0031352,0.00269424
0.00465554,0.00461586,0.00476711,0.00448561,0.00449337,0.00429349,0.00404405,0.00378154,0.00347799,0.00300766,0.00261546
0.00452952,0.00446419,0.00456605,0.00434851,0.00433269,0.00408062,0.00387544,0.00366925,0.0033297,0.00286038,0.00251797
0.00436328,0.00431623,0.00437216,0.00419456,0.0041918,0.00398241,0.00376806,0.0035031,0.00320784,0.00280622,0.00243276
0.00414534,0.00418384,0.00428441,0.00406025,0.00403727,0.00388142,0.00363656,0.00341288,0.0031064,0.00271564,0.00234216
0.00407098,0.00401396,0.00411564,0.00390709,0.00390705,0.00369282,0.00350945,0.00330188,0.00298544,0.00261507,0.00225272
0.00387898,0.0039002,0.00400488,0.00378883,0.00375894,0.00363682,0.00339957,0.00318173,0.00291452,0.00251626,0.00218124
0.00377748,0.003764,0.00386599,0.00364635,0.00362095,0.00345902,0.00329699,0.00307482,0.0027737,0.0024111,0.00207176
0.00367687,0.00360504,0.00374984,0.00354284,0.00352696,0.00335464,0.0031699,0.00295904,0.00268512,0.00233246,0.00200203
0.0035413,0.00352346,0.00357144,0.0034179,0.0034154,0.003277,0.00305294,0.00286511,0.00260648,0.0022518,0.00195291
0.00338301,0.00337611,0.00344669,0.00331054,0.00329361,0.00315049,0.00296952,0.00275711,0.00251654,0.00218882,0.00186971
0.00326561,0.00326006,0.00334621,0.00319721,0.0031906,0.00307443,0.0028625,0.00266304,0.00246037,0.00212395,0.00180846
0.00315995,0.00317637,0.00321382,0.00308699,0.00307497,0.00296808,0.0027823,0.00258852,0.00236426,0.00204109,0.00175356
0.00306789,0.0030656,0.00312567,0.0029878,0.00299308,0.00286996,0.00267473,0.00251114,0.00227645,0.00196167,0.001695
0.00295467,0.00296131,0.00302185,0.00289492,0.00287975,0.00276486,0.00259989,0.00241898,0.00219611,0.00191275,0.00162835
0.00285885,0.00286482,0.00291133,0.00281005,0.00279949,0.00267892,0.00251947,0.00234808,0.00212668,0.00185745,0.00157664
0.00278291,0.00277086,0.00283749,0.00272159,0.00271092,0.00257037,0.00244751,0.0022417,0.00203727,0.00180785,0.00151393
0.00267745,0.00269709,0.00273191,0.00262633,0.00262363,0.00251688,0.00236015,0.00221039,0.00199029,0.00172933,0.00148137
0.00258615,0.00260214,0.00264803,0.00255021,0.00253248,0.00244053,0.0022874,0.0021282,0.00192857,0.00168057,0.00141875
0.00249228,0.00251282,0.00255929,0.00246544,0.00245275,0.00237572,0.00221314,0.00205837,0.00187124,0.00163589,0.00137099
0.0024218,0.00244535,0.0024836,0.0023983,0.00235365,0.00229059,0.00216231,0.00199906,0.00180213,0.00156766,0.00132579
0.00234596,0.00236991,0.00241311,0.00233289,0.00230065,0.00222893,0.00208321,0.0019346,0.00175559,0.00151078,0.00128671
0.00225169,0.00229124,0.00233007,0.00224967,0.00222572,0.00215564,0.0020155,0.00189216,0.00169421,0.00147693,0.00124714
0.00219975,0.00222031,0.00226166,0.00219382,0.00216334,0.00208475,0.00196119,0.00181478,0.0016398,0.00143572,0.00119437
0.0021418,0.00216219,0.00221659,0.0021306,0.00211194,0.00201992,0.00190006,0.00175309,0.00159432,0.00138166,0.00115593
0.00205855,0.00208174,0.0021142,0.00206515,0.00202068,0.0019699,0.00184725,0.00170312,0.00154735,0.00134485,0.00111895
0.00199679,0.00202156,0.00205692,0.00200803,0.00197226,0.00191012,0.00179949,0.00165416,0.00150332,0.00129548,0.00109367
0.00193638,0.00196561,0.00198061,0.00194339,0.00192161,0.00184764,0.0017431,0.00161038,0.00145427,0.00127183,0.00105039
0.00189554,0.0019075,0.0019279,0.00188081,0.0018647,0.00180494,0.00167926,0.00156964,0.00140748,0.00121252,0.00102073
0.00180258,0.00183983,0.00186786,0.00182372,0.00180681,0.00174261,0.00163762,0.00152301,0.00136217,0.00118105,0.00100127
0.00175925,0.0017904,0.00181311,0.00176989,0.00174005,0.0016937,0.00159824,0.00147263,0.00132253,0.00114579,0.000953161
0.00170311,0.00172837,0.00175372,0.0017208,0.00169428,0.00164136,0.0015453,0.0014281,0.00128111,0.00111393,0.000926233
0.00165424,0.00168051,0.00170629,0.00166629,0.00165626,0.00159379,0.00150167,0.00139109,0.00124413,0.00107645,0.000897877
0.00159581,0.00162797,0.00166181,0.00162412,0.00159701,0.00155106,0.00145896,0.00134653,0.00120651,0.00103583,0.000867009
0.00155214,0.00159025,0.00160524,0.00156921,0.00155622,0.00149831,0.00141773,0.00131468,0.00117835,0.00100991,0.000844452
0.00149625,0.00153077,0.00156307,0.00153259,0.00150848,0.00146083,0.00136769,0.00126866,0.00113486,0.000978051,0.000813504
0.00146211,0.00149397,0.00151438,0.00147947,0.00146491,0.00142239,0.00133042,0.00123972,0.0011075,0.000947851,0.000795451
0.00140899,0.0014411,0.0014719,0.00143682,0.00142367,0.00138424,0.00129279,0.00119715,0.00107516,0.000915873,0.000763519
0.00136795,0.00139991,0.0014325,0.00139972,0.0013755,0.00134488,0.00125845,0.00116514,0.0010359,0.000888295,0.000737465
0.00132158,0.00135718,0.00138017,0.00135973,0.00135155,0.00130616,0.00121772,0.00113231,0.00100025,0.000865674,0.00071629
0.00128684,0.00132139,0.00134839,0.00131399,0.00129523,0.00126655,0.00118267,0.00110262,0.000980422,0.000840913,0.000693773
0.00123646,0.00127514,0.00131512,0.00129096,0.00126121,0.00123684,0.00115579,0.00106518,0.000949487,0.000812715,0.000663354
0.00121754,0.00123364,0.00126078,0.00123713,0.00123228,0.00119262,0.00112199,0.00103322,0.000923037,0.000793746,0.00065804
0.00116547,0.00120229,0.00123164,0.00120939,0.00119513,0.00116077,0.0010832,0.00100744,0.000893,0.000762614,0.000633119
0.00114006,0.0011597,0.00119694,0.00117588,0.00115321,0.00112885,0.00106043,0.000978886,0.000867492,0.000732688,0.000617059
0.00109728,0.00113896,0.00115693,0.00114072,0.00113066,0.00109469,0.00102549,0.000953671,0.000847338,0.000711787,0.000599018
0.00105917,0.00109592,0.00112816,0.0011124,0.00109068,0.00106514,0.000993741,0.000925708,0.000823997,0.000695668,0.000575572
0.00103143,0.00107004,0.00109519,0.00107713,0.00106734,0.00103757,0.000969203,0.000900404,0.00079303,0.000676366,0.000556771
0.00100187,0.00103752,0.00105815,0.00104663,0.00103213,0.00100744,0.000938023,0.000875208,0.0007766,0.000655702,0.000541423
0.000975687,0.00100588,0.00103578,0.00101298,0.00100578,0.000986002,0.000912626,0.000846931,0.000750896,0.000635807,0.000524858
0.000947118,0.000980453,0.00100771,0.000988685,0.000980976,0.000953935,0.000890907,0.000819484,0.000730119,0.000617402,0.000511607
0.00092112,0.000960219,0.000976271,0.000967688,0.000957996,0.000928029,0.000868311,0.000802772,0.000708115,0.000598936,0.000500249
0.000886408,0.000924394,0.000951927,0.00093004,0.000930672,0.000910201,0.000841474,0.000782284,0.000688545,0.000581588,0.00047669
0.000866148,0.000903477,0.000923145,0.000908129,0.000906124,0.000879867,0.000818165,0.000758779,0.000666157,0.000566164,0.000464564
0.000835593,0.000875122,0.000894338,0.000887923,0.000875424,0.00085727,0.000792148,0.000739277,0.000647858,0.000548601,0.000452807
0.000818831,0.000846938,0.000877595,0.000867089,0.000855601,0.000830279,0.000778626,0.000714118,0.000633445,0.000529454,0.000436265
0.000790038,0.000828198,0.000847479,0.000843102,0.000824977,0.000805133,0.000750349,0.000697344,0.000615606,0.000520738,0.000427537
0.000769687,0.000807552,0.000829499,0.00081283,0.000808896,0.000789113,0.000736326,0.000681005,0.000597572,0.000504332,0.000416266
0.000735708,0.000779482,0.000795309,0.000791405,0.000779897,0.000773107,0.000712998,0.000662238,0.000579716,0.00048983,0.000402167
0.000724831,0.000761485,0.000784585,0.000770395,0.000771309,0.00074738,0.000699413,0.000641251,0.000567246,0.000475866,0.000388238
0.000704066,0.000741742,0.000758256,0.000749717,0.000743757,0.000729016,0.000678544,0.000626555,0.000548499,0.000462368,0.000380916
0.000685009,0.000720157,0.000737374,0.000730449,0.000725854,0.000710902,0.00065689,0.000607842,0.000532643,0.000447948,0.000369889
0.000666951,0.00070042,0.000721293,0.000710191,0.000701817,0.000691652,0.000643259,0.000588497,0.000520105,0.000436836,0.000356931
0.000646893,0.000682172,0.000697352,0.000695093,0.000682514,0.000670063,0.000628726,0.000575167,0.000507154,0.000426165,0.00035276
0.000625969,0.000659039,0.000685831,0.000679366,0.000668536,0.000655706,0.000608933,0.000561853,0.000493322,0.000414618,0.000334359
0.000610814,0.000646344,0.000658071,0.00065726,0.000651126,0.000640691,0.000590053,0.000549225,0.000480342,0.000401427,0.00033046
0.000592261,0.000628866,0.000650369,0.000634842,0.000630978,0.000621058,0.000581796,0.000530692,0.000467701,0.000390978,0.000321401
0.000575892,0.000608357,0.000624952,0.000625949,0.000618603,0.000611918,0.000561026,0.000520059,0.000455651,0.000378309,0.000308853
0.000563725,0.000595287,0.000609747,0.000605974,0.000603194,0.000589351,0.000553706,0.000503948,0.000441809,0.000368477,0.000305521
0.000550665,0.000579266,0.000586837,0.000586774,0.000586373,0.00057846,0.000531673,0.000490341,0.000430976,0.000360716,0.000299028
0.00053051,0.000562821,0.000583329,0.000574575,0.000573149,0.000561874,0.000520008,0.000479666,0.000422501,0.00035165,0.00028265
0.00052202,0.000548149,0.000565262,0.000564049,0.000555441,0.000543118,0.000506368,0.000462819,0.000410234,0.00034051,0.000278247
0.000498607,0.000527564,0.000550606,0.00055154,0.000537848,0.000526408,0.000496272,0.000453779,0.000397542,0.000331595,0.000270726
0.00049413,0.000525293,0.000534929,0.000527741,0.000526788,0.000526082,0.000478579,0.000445886,0.000386719,0.000323365,0.00026222
0.000472378,0.000505314,0.000522295,0.000520334,0.000513439,0.000506536,0.000468613,0.000431224,0.000375983,0.000315687,0.000254979
0.000462467,0.000492903,0.000508012,0.000506631,0.000501378,0.000496753,0.000455834,0.000421319,0.000365158,0.000304654,0.00025263
0.00045093,0.000482678,0.000492829,0.000491118,0.000491028,0.000483465,0.000443116,0.000413715,0.00036048,0.000299645,0.000242523
0.000437778,0.000467313,0.00048363,0.000489867,0.00047496,0.000468128,0.000429674,0.000400158,0.00034759,0.000289934,0.0002345
0.000428306,0.000460432,0.000469027,0.000471938,0.000464084,0.000456344,0.000422265,0.00038914,0.000340657,0.000285968,0.000229605
0.00041389,0.000446895,0.000460759,0.000456142,0.000451569,0.000447147,0.000412706,0.000379857,0.000330863,0.000273737,0.000222517
0.000406714,0.000435585,0.000446194,0.000446247,0.000444274,0.000435001,0.000406651,0.000368198,0.000321271,0.000269782,0.00021691
0.000394879,0.000424067,0.000428807,0.000433073,0.00043172,0.000426714,0.000390844,0.000361554,0.000314811,0.000261343,0.000211835
0.000382434,0.000414713,0.000425986,0.000424804,0.000422561,0.000413506,0.000386943,0.00035347,0.000307709,0.000255304,0.000205876
0.000377083,0.000402263,0.000411213,0.00041069,0.000408944,0.000407632,0.00037669,0.000343335,0.000298593,0.00024776,0.000203101
0.000365121,0.000393251,0.000402512,0.000401077,0.000400276,0.000393093,0.000369482,0.000333858,0.000292373,0.00024189,0.000196764
0.000359426,0.000385194,0.000389535,0.000393596,0.000392267,0.000386376,0.000355074,0.000325833,0.00028389,0.000236295,0.000191854
0.000348036,0.000373321,0.000384562,0.000386092,0.000378028,0.000371751,0.000347763,0.000316771,0.000276436,0.000229555,0.000187466
0.00034022,0.000363641,0.000375026,0.00037549,0.000370745,0.000366249,0.000339303,0.00031146,0.000269269,0.000223584,0.000180552
0.000330129,0.000355806,0.000366209,0.000364917,0.000363583,0.000356884,0.000334501,0.000304191,0.000263761,0.000217877,0.000176887
0.000324053,0.000345143,0.000353047,0.000355144,0.00035259,0.000351457,0.000321096,0.000293333,0.000256627,0.000212567,0.000171978
0.000312069,0.000338678,0.000346374,0.000350664,0.000344854,0.000340361,0.00031651,0.000289414,0.000251476,0.000208474,0.000167882
0.000307684,0.000331142,0.000334678,0.000340229,0.000337645,0.00033357,0.00030785,0.00028006,0.000245273,0.000203042,0.000163619
0.000298593,0.000321777,0.000327437,0.000335662,0.000328309,0.000325313,0.000299838,0.000270407,0.000240452,0.000196882,0.000159437
0.000291211,0.000315122,0.000320801,0.000325031,0.000321289,0.000319365,0.000291804,0.000265742,0.000233145,0.000192477,0.000156109
0.00028441,0.000306329,0.000314813,0.00031679,0.000314551,0.000308567,0.000286891,0.000260235,0.00022689,0.000188233,0.000151783
0.000274471,0.000295396,0.000306134,0.000311161,0.000304671,0.000298931,0.000281737,0.00025427,0.000219481,0.000182093,0.00014866
0.00027166,0.000291478,0.000297202,0.000301675,0.000298856,0.000294567,0.000273795,0.000248267,0.000215269,0.000178969,0.000144988
0.000260994,0.000282398,0.000292494,0.000293187,0.00029094,0.000289488,0.000265096,0.000243165,0.000210669,0.000174471,0.000140912
0.000256861,0.000276429,0.000282104,0.000287993,0.000284018,0.000281559,0.000262153,0.000235272,0.000206764,0.000169086,0.000138172
0.000250222,0.000270431,0.000276905,0.000281342,0.00027882,0.000274925,0.000254564,0.000229863,0.000201271,0.000165506,0.00013369
0.000243889,0.000265067,0.000270089,0.000274785,0.00027409,0.000266745,0.000250243,0.000226051,0.000198171,0.000162748,0.000130016
0.000237501,0.0002578,0.000269127,0.000267432,0.00026531,0.000261678,0.00024242,0.000218397,0.000192043,0.00015728,0.00012627
0.000233108,0.000251685,0.000256478,0.000262809,0.000260372,0.000256039,0.000235847,0.000212426,0.000185061,0.000154603,0.000123637
0.000225424,0.000245703,0.000249534,0.000255575,0.00025411,0.000249344,0.000233656,0.000208628,0.00018181,0.000149958,0.000121907
0.000220875,0.000237036,0.000245525,0.000251151,0.000246085,0.000241419,0.000226409,0.000202979,0.000177247,0.00014592,0.00011914
0.000215947,0.000233598,0.000239705,0.000244466,0.000242883,0.000238213,0.000220725,0.000199282,0.000173812,0.00014268,0.000115153
0.000209501,0.000228043,0.000234625,0.000238207,0.000236081,0.000231276,0.000217033,0.00019501,0.00017003,0.000139839,0.000112772
0.000202996,0.000222432,0.000227872,0.000234786,0.000230746,0.000226326,0.000211742,0.000189536,0.000165776,0.00013673,0.000109557
0.000199966,0.000218199,0.000220807,0.000228896,0.000225139,0.000222449,0.000204458,0.00018528,0.000161677,0.000132991,0.000107055
0.000192706,0.000210927,0.000217771,0.000222754,0.000219686,0.000214822,0.00020098,0.000180685,0.000156109,0.000130567,0.000104719
0.000189308,0.000205872,0.000214047,0.000217039,0.000213471,0.000210162,0.000196373,0.000176424,0.000153265,0.000127366,0.000101581
0.000185736,0.000202136,0.000206851,0.000211759,0.00020952,0.000205213,0.000192686,0.000173073,0.000149574,0.000123714,9.98508e-05
0.000182033,0.00019842,0.000201767,0.000209354,0.000205426,0.000201903,0.000188364,0.000169589,0.000146163,0.000120792,9.9135e-05
0.000177091,0.00019317,0.00019721,0.000203584,0.000201112,0.000197388,0.000185227,0.000165796,0.000143744,0.000118066,9.51257e-05
0.000171325,0.000188067,0.000192468,0.000198154,0.000196187,0.00019244,0.000180667,0.000160843,0.000139642,0.000115353,9.31568e-05
0.000165808,0.000183425,0.000186766,0.000194401,0.000191162,0.000188167,0.00017634,0.000155336,0.000136724,0.00011269,9.13762e-05
0.000163169,0.000180549,0.000182754,0.000189622,0.000186355,0.000182307,0.000172506,0.000153353,0.00013334,0.00011038,9.02253e-05
0.000159694,0.000174398,0.000178893,0.000184289,0.000183253,0.000180466,0.000168886,0.000149625,0.00012976,0.000107526,8.60294e-05
0.000155499,0.00017086,0.000175595,0.000181114,0.000178813,0.000174973,0.000164735,0.000146117,0.000126866,0.000104525,8.4049e-05
0.000152131,0.000167997,0.000170304,0.000176508,0.000175313,0.000170982,0.000161813,0.000144039,0.000123822,0.000102251,8.29386e-05
0.000148281,0.000163648,0.000166459,0.00017157,0.00017122,0.000167702,0.000157707,0.000139809,0.000121483,9.98223e-05,7.93628e-05
0.000144504,0.000159192,0.000163381,0.000168701,0.000167023,0.000163613,0.000153652,0.000136459,0.000118438,9.75314e-05,7.81055e-05
0.000138915,0.000155279,0.000160295,0.000165653,0.00016338,0.000160273,0.000150903,0.000132469,0.000115999,9.52383e-05,7.60942e-05
0.000136766,0.000151829,0.000154881,0.00016188,0.0001584,0.000156363,0.00014625,0.000130265,0.000113468,9.32081e-05,7.43353e-05
0.000134316,0.000147418,0.000152302,0.000158048,0.000155703,0.000153427,0.000143175,0.000127385,0.000110592,9.11698e-05,7.28869e-05
0.000132158,0.000144611,0.000148698,0.000153698,0.000152851,0.000150413,0.00013992,0.000124578,0.000108257,8.8813e-05,7.04411e-05
0.000127448,0.000142407,0.000144129,0.000149508,0.000148048,0.000146568,0.000137598,0.000121826,0.000105314,8.68495e-05,7.04331e-05
0.000123917,0.000137713,0.000141079,0.000146922,0.000145203,0.000142832,0.000135901,0.000117969,0.000102416,8.40317e-05,6.7771e-05
0.000120738,0.000135208,0.000138218,0.000143435,0.00014172,0.000140444,0.000130884,0.000115134,0.000100325,8.28838e-05,6.60443e-05
0.000118915,0.000132512,0.00013514,0.000140723,0.000138808,0.000136664,0.000128976,0.000113274,9.82219e-05,8.07361e-05,6.44271e-05
0.000116118,0.000129053,0.000132069,0.000136953,0.000136095,0.000134204,0.000125648,0.000110937,9.57404e-05,7.87212e-05,6.24641e-05
0.000112636,0.00012527,0.000129761,0.000134487,0.000132832,0.000130389,0.000122318,0.000108135,9.36718e-05,7.6833e-05,6.05786e-05
0.000109216,0.000122724,0.000126839,0.000131349,0.000129302,0.0001281,0.00012123,0.000105838,9.14028e-05,7.44765e-05,5.97463e-05
0.000107895,0.000120331,0.000123367,0.000127976,0.000127194,0.000125119,0.000117207,0.000103502,8.94908e-05,7.33103e-05,5.80716e-05
0.000106052,0.000117891,0.000120853,0.000126073,0.000125026,0.000122943,0.000114549,0.000101169,8.73263e-05,7.13692e-05,5.64612e-05
0.000103209,0.00011404,0.000117843,0.000122155,0.000121952,0.000119515,0.000112746,9.89699e-05,8.49995e-05,6.96418e-05,5.52787e-05
9.99504e-05,0.000111941,0.000115444,0.000120024,0.000118831,0.000116509,0.000109851,9.65414e-05,8.32846e-05,6.82913e-05,5.40386e-05
9.81271e-05,0.000110558,0.000112775,0.000117605,0.000117359,0.000115534,0.000107432,9.43228e-05,8.13781e-05,6.65622e-05,5.27868e-05
9.53639e-05,0.000107375,0.000109701,0.000114996,0.000113684,0.00011192,0.000105102,9.23284e-05,7.99616e-05,6.53374e-05,5.12139e-05
9.29455e-05,0.000104617,0.000107829,0.000112492,0.000111066,0.000109475,0.000102717,9.02268e-05,7.77047e-05,6.35708e-05,5.0408e-05
9.14494e-05,0.000102288,0.000105596,0.000109206,0.000109091,0.00010746,0.000100369,8.88426e-05,7.58319e-05,6.19402e-05,4.87038e-05
8.94396e-05,0.000100095,0.000102857,0.000107224,0.000106328,0.000104701,9.77181e-05,8.64839e-05,7.43397e-05,6.10076e-05,4.74328e-05
8.7013e-05,9.81451e-05,0.000100774,0.000104327,0.000104428,0.000102641,9.65092e-05,8.46323e-05,7.25513e-05,5.94658e-05,4.6308e-05
8.51606e-05,9.52201e-05,9.84345e-05,0.000102553,0.000102458,0.000100504,9.44318e-05,8.22869e-05,7.08861e-05,5.80412e-05,4.55059e-05
8.28606e-05,9.38382e-05,9.64816e-05,0.000100689,9.95696e-05,9.82657e-05,9.23563e-05,8.05053e-05,6.9243e-05,5.65266e-05,4.46191e-05
8.07087e-05,9.23482e-05,9.40867e-05,9.82337e-05,9.75262e-05,9.6335e-05,9.08645e-05,7.89937e-05,6.77331e-05,5.56804e-05,4.37693e-05
7.9045e-05,8.93634e-05,9.26005e-05,9.59697e-05,9.55572e-05,9.38242e-05,8.80787e-05,7.70892e-05,6.63695e-05,5.4047e-05,4.25318e-05
7.70495e-05,8.71485e-05,8.99567e-05,9.40546e-05,9.36708e-05,9.18783e-05,8.60216e-05,7.54464e-05,6.50084e-05,5.28173e-05,4.1099e-05
7.52033e-05,8.60078e-05,8.81698e-05,9.12067e-05,9.15032e-05,9.03985e-05,8.4323e-05,7.38353e-05,6.3151e-05,5.17394e-05,4.03628e-05
7.39915e-05,8.3657e-05,8.60638e-05,8.9797e-05,8.92149e-05,8.83936e-05,8.32382e-05,7.19817e-05,6.2094e-05,5.08334e-05,3.96712e-05
7.22137e-05,8.20084e-05,8.41407e-05,8.7653e-05,8.79087e-05,8.64293e-05,8.1171e-05,7.06162e-05,5.9846e-05,4.9601e-05,3.83871e-05
7.07301e-05,7.99e-05,8.25086e-05,8.64375e-05,8.56066e-05,8.44094e-05,7.92591e-05,6.91948e-05,5.9116e-05,4.81273e-05,3.74509e-05
6.88067e-05,7.82094e-05,8.04064e-05,8.37852e-05,8.40589e-05,8.30695e-05,7.71959e-05,6.74076e-05,5.82128e-05,4.73384e-05,3.65735e-05
6.75263e-05,7.65662e-05,7.90607e-05,8.27402e-05,8.24256e-05,8.12584e-05,7.60351e-05,6.63127e-05,5.68564e-05,4.60741e-05,3.57803e-05
6.58669e-05,7.42884e-05,7.74062e-05,8.03013e-05,8.08902e-05,7.92536e-05,7.35377e-05,6.47175e-05,5.52916e-05,4.511e-05,3.48871e-05
6.43786e-05,7.33118e-05,7.53268e-05,7.90345e-05,7.91161e-05,7.77358e-05,7.24797e-05,6.32863e-05,5.41232e-05,4.39891e-05,3.3969e-05
6.28132e-05,7.16021e-05,7.40085e-05,7.71615e-05,7.69338e-05,7.61266e-05,7.11369e-05,6.20205e-05,5.30495e-05,4.31804e-05,3.32187e-05
6.13515e-05,7.01024e-05,7.24826e-05,7.6104e-05,7.51652e-05,7.47271e-05,6.92172e-05,6.06952e-05,5.20957e-05,4.20314e-05,3.28028e-05
5.98955e-05,6.84674e-05,7.11471e-05,7.36846e-05,7.41199e-05,7.29232e-05,6.82452e-05,5.93195e-05,5.06176e-05,4.11861e-05,3.19873e-05
5.88645e-05,6.68091e-05,6.95982e-05,7.22227e-05,7.25271e-05,7.15133e-05,6.6956e-05,5.80188e-05,4.92188e-05,4.03204e-05,3.11511e-05
5.7376e-05,6.58398e-05,6.81958e-05,7.07742e-05,7.10967e-05,6.9818e-05,6.57874e-05,5.69892e-05,4.86555e-05,3.95235e-05,3.03828e-05
5.63001e-05,6.42206e-05,6.65048e-05,6.8951e-05,6.94012e-05,6.86256e-05,6.43323e-05,5.56369e-05,4.75504e-05,3.82839e-05,2.96506e-05
5.48715e-05,6.34085e-05,6.55895e-05,6.74907e-05,6.73621e-05,6.72912e-05,6.30186e-05,5.4553e-05,4.61232e-05,3.74728e-05,2.90695e-05
5.41095e-05,6.14434e-05,6.39438e-05,6.65284e-05,6.68828e-05,6.60081e-05,6.16901e-05,5.31694e-05,4.53728e-05,3.72267e-05,2.82356e-05
5.27605e-05,6.0264e-05,6.25458e-05,6.50751e-05,6.54389e-05,6.45694e-05,5.9611e-05,5.19697e-05,4.43628e-05,3.61253e-05,2.77349e-05
5.15663e-05,5.90784e-05,6.12548e-05,6.34769e-05,6.40698e-05,6.31737e-05,5.86649e-05,5.07072e-05,4.35938e-05,3.58177e-05,2.69387e-05
5.06773e-05,5.76826e-05,6.03928e-05,6.21577e-05,6.28064e-05,6.17004e-05,5.77725e-05,4.97841e-05,4.25698e-05,3.48281e-05,2.63735e-05
4.94024e-05,5.64468e-05,5.8362e-05,6.1103e-05,6.11624e-05,6.06485e-05,5.63485e-05,4.85872e-05,4.20197e-05,3.34462e-05,2.60339e-05
4.83159e-05,5.52966e-05,5.77884e-05,5.9529e-05,6.01941e-05,5.93603e-05,5.52175e-05,4.77182e-05,4.09907e-05,3.2923e-05,2.51193e-05
4.74254e-05,5.4311e-05,5.64701e-05,5.82475e-05,5.88488e-05,5.83878e-05,5.37792e-05,4.67846e-05,4.00906e-05,3.2338e-05,2.46063e-05
4.62617e-05,5.33279e-05,5.5108e-05,5.6913e-05,5.76135e-05,5.73235e-05,5.27258e-05,4.56655e-05,3.92507e-05,3.16711e-05,2.41712e-05
4.51161e-05,5.16841e-05,5.39459e-05,5.59181e-05,5.63382e-05,5.59154e-05,5.21229e-05,4.53818e-05,3.82273e-05,3.09504e-05,2.34562e-05
4.44254e-05,5.08062e-05,5.30101e-05,5.47661e-05,5.53791e-05,5.44104e-05,5.09263e-05,4.42611e-05,3.76435e-05,3.03899e-05,2.28277e-05
4.34004e-05,5.00991e-05,5.1686e-05,5.32963e-05,5.43325e-05,5.39638e-05,4.98645e-05,4.30721e-05,3.66201e-05,3.00915e-05,2.25221e-05
4.29497e-05,4.89067e-05,5.09551e-05,5.22887e-05,5.2968e-05,5.30745e-05,4.8569e-05,4.22292e-05,3.60009e-05,2.92591e-05,2.17873e-05
4.13316e-05,4.77811e-05,4.93394e-05,5.15423e-05,5.16828e-05,5.18037e-05,4.81934e-05,4.12966e-05,3.4976e-05,2.85796e-05,2.11857e-05
4.05905e-05,4.67859e-05,4.87793e-05,5.02755e-05,5.08119e-05,5.04195e-05,4.69833e-05,4.04651e-05,3.45822e-05,2.77869e-05,2.09464e-05
4.00364e-05,4.56451e-05,4.77199e-05,4.97325e-05,4.98338e-05,4.9201e-05,4.56911e-05,3.97093e-05,3.37605e-05,2.70996e-05,2.04177e-05
3.86357e-05,4.47582e-05,4.68938e-05,4.81869e-05,4.89331e-05,4.82925e-05,4.47988e-05,3.90397e-05,3.3014e-05,2.66581e-05,1.99893e-05
3.81953e-05,4.40778e-05,4.58381e-05,4.77056e-05,4.83385e-05,4.75196e-05,4.3677e-05,3.78768e-05,3.23313e-05,2.60387e-05,1.96129e-05
3.72761e-05,4.29212e-05,4.47866e-05,4.64814e-05,4.7177e-05,4.63974e-05,4.31203e-05,3.72332e-05,3.17929e-05,2.56623e-05,1.91445e-05
3.63242e-05,4.22334e-05,4.36919e-05,4.57292e-05,4.5908e-05,4.58348e-05,4.22263e-05,3.65465e-05,3.11934e-05,2.50167e-05,1.86833e-05
3.60845e-05,4.13005e-05,4.30757e-05,4.48327e-05,4.48515e-05,4.45817e-05,4.1357e-05,3.55914e-05,3.05601e-05,2.43937e-05,1.83445e-05
3.51098e-05,4.04997e-05,4.25607e-05,4.36238e-05,4.43383e-05,4.38938e-05,4.08017e-05,3.51507e-05,2.9953e-05,2.39161e-05,1.7821e-05
3.43134e-05,3.98715e-05,4.13415e-05,4.27191e-05,4.30527e-05,4.30006e-05,3.97354e-05,3.44761e-05,2.90509e-05,2.35351e-05,1.74719e-05
3.38174e-05,3.89983e-05,4.04253e-05,4.1965e-05,4.22813e-05,4.19813e-05,3.90351e-05,3.34114e-05,2.87887e-05,2.31144e-05,1.72449e-05
3.30294e-05,3.81804e-05,3.99228e-05,4.10518e-05,4.16741e-05,4.12498e-05,3.77785e-05,3.29764e-05,2.81025e-05,2.27762e-05,1.67233e-05
3.2674e-05,3.73824e-05,3.9196e-05,4.04188e-05,4.08997e-05,4.04988e-05,3.72657e-05,3.23237e-05,2.73192e-05,2.20491e-05,1.64162e-05
3.15967e-05,3.65882e-05,3.83811e-05,3.95355e-05,4.02916e-05,3.96954e-05,3.66338e-05,3.16469e-05,2.68893e-05,2.16088e-05,1.59903e-05
3.10185e-05,3.62981e-05,3.75323e-05,3.88473e-05,3.8898e-05,3.88904e-05,3.57521e-05,3.09587e-05,2.64689e-05,2.12023e-05,1.57914e-05
3.05331e-05,3.49953e-05,3.72555e-05,3.76422e-05,3.8475e-05,3.79608e-05,3.50352e-05,3.06235e-05,2.56934e-05,2.06774e-05,1.51303e-05
2.97141e-05,3.45873e-05,3.60726e-05,3.7347e-05,3.78527e-05,3.74249e-05,3.4431e-05,2.97283e-05,2.52471e-05,2.02938e-05,1.51211e-05
2.93087e-05,3.38008e-05,3.52096e-05,3.62345e-05,3.70003e-05,3.65496e-05,3.41467e-05,2.92647e-05,2.47376e-05,2.0042e-05,1.45484e-05
2.87952e-05,3.30265e-05,3.49063e-05,3.59577e-05,3.62226e-05,3.55894e-05,3.32079e-05,2.87405e-05,2.44027e-05,1.93495e-05,1.42041e-05
2.8015e-05,3.25196e-05,3.40008e-05,3.5092e-05,3.56553e-05,3.52505e-05,3.25123e-05,2.79367e-05,2.3762e-05,1.91727e-05,1.40861e-05
2.73368e-05,3.15136e-05,3.34561e-05,3.47009e-05,3.51766e-05,3.4422e-05,3.14228e-05,2.75596e-05,2.34283e-05,1.86478e-05,1.3735e-05
2.69756e-05,3.09593e-05,3.27033e-05,3.39834e-05,3.36949e-05,3.37847e-05,3.11581e-05,2.69038e-05,2.30365e-05,1.83214e-05,1.35132e-05
2.67649e-05,3.03546e-05,3.21656e-05,3.30084e-05,3.392e-05,3.34804e-05,3.06601e-05,2.62423e-05,2.26893e-05,1.7818e-05,1.31994e-05
2.6042e-05,2.98496e-05,3.16503e-05,3.24544e-05,3.27719e-05,3.23772e-05,3.01177e-05,2.58744e-05,2.20668e-05,1.74993e-05,1.29651e-05
2.50779e-05,2.96413e-05,3.08792e-05,3.20737e-05,3.20686e-05,3.20061e-05,2.93918e-05,2.53769e-05,2.181e-05,1.73304e-05,1.26331e-05
2.48749e-05,2.86425e-05,3.02976e-05,3.09367e-05,3.15629e-05,3.14882e-05,2.87155e-05,2.50529e-05,2.10721e-05,1.69559e-05,1.21826e-05
2.44812e-05,2.8086e-05,2.95973e-05,3.06566e-05,3.09357e-05,3.07558e-05,2.81721e-05,2.44792e-05,2.08579e-05,1.6458e-05,1.18374e-05
2.40495e-05,2.71163e-05,2.90142e-05,3.00796e-05,3.04877e-05,3.00143e-05,2.76226e-05,2.37714e-05,2.03491e-05,1.60749e-05,1.17234e-05
2.34197e-05,2.69472e-05,2.83146e-05,2.94178e-05,2.97645e-05,2.93326e-05,2.70565e-05,2.35225e-05,2.00255e-05,1.58106e-05,1.14603e-05
2.29488e-05,2.6753e-05,2.78552e-05,2.9169e-05,2.91919e-05,2.93302e-05,2.67745e-05,2.29158e-05,1.95055e-05,1.55601e-05,1.12032e-05
2.25867e-05,2.60739e-05,2.7265e-05,2.81529e-05,2.85364e-05,2.84353e-05,2.60369e-05,2.24739e-05,1.90638e-05,1.52203e-05,1.10788e-05
2.24323e-05,2.57864e-05,2.70123e-05,2.756e-05,2.84285e-05,2.79407e-05,2.56562e-05,2.19496e-05,1.86615e-05,1.48829e-05,1.0748e-05
2.20612e-05,2.47949e-05,2.64655e-05,2.71872e-05,2.77045e-05,2.72432e-05,2.49834e-05,2.15193e-05,1.8452e-05,1.4565e-05,1.05809e-05
2.10174e-05,2.44597e-05,2.61184e-05,2.66249e-05,2.72474e-05,2.66262e-05,2.46907e-05,2.12264e-05,1.81809e-05,1.43768e-05,1.01468e-05
2.08778e-05,2.39536e-05,2.51662e-05,2.6141e-05,2.65987e-05,2.64102e-05,2.40771e-05,2.09487e-05,1.77464e-05,1.42747e-05,9.98106e-06
2.04745e-05,2.32821e-05,2.50475e-05,2.56133e-05,2.61405e-05,2.59232e-05,2.30543e-05,2.02945e-05,1.74979e-05,1.36944e-05,9.88219e-06
2.02054e-05,2.28372e-05,2.45704e-05,2.55914e-05,2.57354e-05,2.53575e-05,2.29883e-05,2.00731e-05,1.69864e-05,1.34206e-05,9.70009e-06
2.01161e-05,2.24556e-05,2.41115e-05,2.4839e-05,2.4906e-05,2.46244e-05,2.24906e-05,1.9358e-05,1.68392e-05,1.30962e-05,9.47606e-06
1.95032e-05,2.19878e-05,2.34872e-05,2.42182e-05,2.4472e-05,2.42337e-05,2.22977e-05,1.92856e-05,1.63744e-05,1.29196e-05,9.21558e-06
1.89762e-05,2.17001e-05,2.31854e-05,2.37569e-05,2.42932e-05,2.40767e-05,2.17824e-05,1.89008e-05,1.60024e-05,1.27325e-05,9.00711e-06
1.86285e-05,2.10522e-05,2.27235e-05,2.31955e-05,2.37095e-05,2.34247e-05,2.13606e-05,1.87105e-05,1.59378e-05,1.2452e-05,8.7926e-06
1.84311e-05,2.08343e-05,2.2492e-05,2.28792e-05,2.31367e-05,2.31019e-05,2.14175e-05,1.82497e-05,1.55084e-05,1.23059e-05,8.54426e-06
1.81895e-05,2.02145e-05,2.19119e-05,2.23164e-05,2.27706e-05,2.27775e-05,2.06204e-05,1.78881e-05,1.52309e-05,1.19994e-05,8.4415e-06
1.74885e-05,1.99154e-05,2.15238e-05,2.22045e-05,2.26093e-05,2.2138e-05,2.00755e-05,1.75292e-05,1.47966e-05,1.17691e-05,8.24298e-06
1.71833e-05,2.00074e-05,2.10115e-05,2.16711e-05,2.20055e-05,2.18937e-05,1.97667e-05,1.71799e-05,1.46732e-05,1.161e-05,8.1512e-06
1.68571e-05,1.88613e-05,2.08228e-05,2.13619e-05,2.15403e-05,2.12926e-05,1.91514e-05,1.66101e-05,1.43837e-05,1.12268e-05,7.94075e-06
1.6452e-05,1.90585e-05,2.02302e-05,2.09574e-05,2.10965e-05,2.08056e-05,1.9249e-05,1.64887e-05,1.39532e-05,1.10252e-05,7.74303e-06
1.63201e-05,1.85791e-05,1.9926e-05,2.05292e-05,2.07413e-05,2.05265e-05,1.85503e-05,1.62066e-05,1.36966e-05,1.08263e-05,7.65679e-06
1.58033e-05,1.82951e-05,1.93876e-05,2.00939e-05,2.04093e-05,2.02613e-05,1.82535e-05,1.59536e-05,1.33876e-05,1.05122e-05,7.51379e-06
1.57844e-05,1.7755e-05,1.92633e-05,1.97192e-05,2.00199e-05,1.97731e-05,1.78762e-05,1.57268e-05,1.32227e-05,1.03459e-05,7.25297e-06
1.53804e-05,1.74855e-05,1.88029e-05,1.95331e-05,1.97749e-05,1.94566e-05,1.75603e-05,1.52177e-05,1.29825e-05,1.01729e-05,7.13907e-06
1.4879e-05,1.68329e-05,1.82702e-05,1.92747e-05,1.93984e-05,1.89666e-05,1.72391e-05,1.50954e-05,1.2801e-05,9.96427e-06,6.78903e-06
1.45447e-05,1.66738e-05,1.80004e-05,1.8913e-05,1.89819e-05,1.87591e-05,1.6906e-05,1.45876e-05,1.24893e-05,9.72183e-06,6.74055e-06
1.43171e-05,1.6618e-05,1.7788e-05,1.84019e-05,1.85542e-05,1.8297e-05,1.66772e-05,1.43684e-05,1.2235e-05,9.64606e-06,6.65616e-06
1.40661e-05,1.63053e-05,1.73965e-05,1.78933e-05,1.8156e-05,1.80288e-05,1.6405e-05,1.41564e-05,1.19579e-05,9.60575e-06,6.51031e-06
1.39261e-05,1.57291e-05,1.72552e-05,1.76464e-05,1.75933e-05,1.76677e-05,1.61403e-05,1.37659e-05,1.18627e-05,9.23958e-06,6.43498e-06
1.34356e-05,1.5517e-05,1.66364e-05,1.72848e-05,1.74007e-05,1.72626e-05,1.58445e-05,1.3696e-05,1.15394e-05,8.99043e-06,6.34741e-06
1.33198e-05,1.5322e-05,1.64879e-05,1.69842e-05,1.71406e-05,1.70616e-05,1.54969e-05,1.34027e-05,1.14011e-05,8.84035e-06,6.19478e-06
1.27868e-05,1.49615e-05,1.6361e-05,1.66474e-05,1.70184e-05,1.67819e-05,1.54063e-05,1.32718e-05,1.10977e-05,8.67888e-06,5.89858e-06
1.29835e-05,1.47011e-05,1.58103e-05,1.64947e-05,1.65588e-05,1.65389e-05,1.48301e-05,1.29109e-05,1.09147e-05,8.52744e-06,5.90412e-06
1.2671e-05,1.44622e-05,1.56683e-05,1.61754e-05,1.64186e-05,1.61783e-05,1.44634e-05,1.2654e-05,1.06533e-05,8.34704e-06,5.63346e-06
1.23472e-05,1.40361e-05,1.5238e-05,1.56793e-05,1.60185e-05,1.59647e-05,1.41639e-05,1.24453e-05,1.05625e-05,8.16123e-06,5.53876e-06
1.1979e-05,1.39891e-05,1.47533e-05,1.55181e-05,1.59952e-05,1.55286e-05,1.40805e-05,1.21784e-05,1.025e-05,8.06401e-06,5.41936e-06
1.19448e-05,1.37186e-05,1.4621e-05,1.53551e-05,1.54335e-05,1.52919e-05,1.37464e-05,1.18451e-05,1.01217e-05,7.86969e-06,5.35064e-06
1.17681e-05,1.34158e-05,1.44845e-05,1.49385e-05,1.50233e-05,1.49775e-05,1.3338e-05,1.16875e-05,9.82362e-06,7.68674e-06,5.05745e-06
