5.543e-06,5.07636e-06,4.71506e-06,4.47123e-06,4.27408e-06,4.11542e-06,3.99729e-06,3.95316e-06,3.93335e-06,3.90625e-06,3.98202e-06
5.0887e-06,4.67397e-06,4.35332e-06,4.11512e-06,3.93057e-06,3.78556e-06,3.67246e-06,3.62073e-06,3.59125e-06,3.589e-06,3.63236e-06
4.69502e-06,4.31244e-06,4.01899e-06,3.8144e-06,3.6213e-06,3.50482e-06,3.38724e-06,3.33425e-06,3.31295e-06,3.29188e-06,3.33303e-06
4.32888e-06,3.98346e-06,3.71688e-06,3.52219e-06,3.34441e-06,3.23683e-06,3.12892e-06,3.07901e-06,3.04e-06,3.03895e-06,3.0633e-06
4.02988e-06,3.71225e-06,3.46584e-06,3.28494e-06,3.11928e-06,3.02076e-06,2.91717e-06,2.87174e-06,2.825e-06,2.83162e-06,2.84706e-06
3.77628e-06,3.48259e-06,3.25381e-06,3.07975e-06,2.9298e-06,2.83836e-06,2.74203e-06,2.69604e-06,2.64423e-06,2.65049e-06,2.67178e-06
3.5356e-06,3.26221e-06,3.04849e-06,2.88976e-06,2.75182e-06,2.66139e-06,2.57076e-06,2.53289e-06,2.47795e-06,2.49325e-06,2.49913e-06
3.32923e-06,3.0736e-06,2.87423e-06,2.72437e-06,2.59786e-06,2.51047e-06,2.4272e-06,2.39144e-06,2.33711e-06,2.35379e-06,2.35757e-06
3.14471e-06,2.90439e-06,2.71816e-06,2.57633e-06,2.45885e-06,2.37471e-06,2.29863e-06,2.26356e-06,2.21231e-06,2.22965e-06,2.23253e-06
2.97849e-06,2.75299e-06,2.57929e-06,2.44459e-06,2.3339e-06,2.25309e-06,2.18324e-06,2.14669e-06,2.1017e-06,2.11801e-06,2.12036e-06
2.82654e-06,2.61409e-06,2.44997e-06,2.32323e-06,2.21817e-06,2.14041e-06,2.07704e-06,2.04143e-06,2.00003e-06,2.01729e-06,2.02039e-06
2.68937e-06,2.48992e-06,2.33648e-06,2.21553e-06,2.11511e-06,2.04099e-06,1.9825e-06,1.94496e-06,1.90991e-06,1.92428e-06,1.9337e-06
2.56272e-06,2.37479e-06,2.22972e-06,2.11419e-06,2.01812e-06,1.94693e-06,1.89217e-06,1.8546e-06,1.8248e-06,1.83717e-06,1.84554e-06
2.44674e-06,2.27154e-06,2.13351e-06,2.02258e-06,1.93141e-06,1.86258e-06,1.81051e-06,1.77281e-06,1.74708e-06,1.75736e-06,1.76663e-06
2.33947e-06,2.17486e-06,2.0437e-06,1.93823e-06,1.85083e-06,1.78521e-06,1.73499e-06,1.69725e-06,1.6755e-06,1.68215e-06,1.69426e-06
2.24151e-06,2.08751e-06,1.96072e-06,1.86222e-06,1.77792e-06,1.71389e-06,1.66551e-06,1.62792e-06,1.60861e-06,1.61407e-06,1.62825e-06
2.15412e-06,2.00703e-06,1.88835e-06,1.79139e-06,1.7095e-06,1.65025e-06,1.60256e-06,1.56551e-06,1.55009e-06,1.55184e-06,1.56812e-06
2.06455e-06,1.92992e-06,1.81261e-06,1.72346e-06,1.64612e-06,1.58777e-06,1.5398e-06,1.50515e-06,1.48912e-06,1.48859e-06,1.50812e-06
1.98775e-06,1.86013e-06,1.74787e-06,1.66268e-06,1.58772e-06,1.53136e-06,1.48421e-06,1.45044e-06,1.43542e-06,1.43631e-06,1.45332e-06
1.91575e-06,1.7953e-06,1.68476e-06,1.60517e-06,1.53182e-06,1.47866e-06,1.4319e-06,1.40011e-06,1.38439e-06,1.38377e-06,1.40205e-06
1.84768e-06,1.7324e-06,1.6278e-06,1.55128e-06,1.48066e-06,1.42816e-06,1.3825e-06,1.35163e-06,1.3384e-06,1.33726e-06,1.35327e-06
1.78294e-06,1.67634e-06,1.57296e-06,1.49955e-06,1.43218e-06,1.38095e-06,1.33659e-06,1.3068e-06,1.294e-06,1.28877e-06,1.30605e-06
1.72466e-06,1.61738e-06,1.52307e-06,1.45267e-06,1.38464e-06,1.33697e-06,1.2945e-06,1.26245e-06,1.25547e-06,1.25008e-06,1.26471e-06
1.66839e-06,1.56692e-06,1.47557e-06,1.40724e-06,1.34276e-06,1.29544e-06,1.25476e-06,1.22648e-06,1.219e-06,1.20946e-06,1.22479e-06
1.61961e-06,1.51775e-06,1.43056e-06,1.36621e-06,1.29953e-06,1.25267e-06,1.21559e-06,1.18576e-06,1.18013e-06,1.17604e-06,1.1874e-06
1.56711e-06,1.47e-06,1.38498e-06,1.32147e-06,1.25992e-06,1.21567e-06,1.17688e-06,1.15195e-06,1.14453e-06,1.13808e-06,1.14989e-06
1.52198e-06,1.42798e-06,1.34617e-06,1.28456e-06,1.22596e-06,1.18287e-06,1.14394e-06,1.1202e-06,1.11374e-06,1.10592e-06,1.11945e-06
1.47797e-06,1.38621e-06,1.30749e-06,1.24505e-06,1.18657e-06,1.14668e-06,1.10987e-06,1.08823e-06,1.0808e-06,1.07491e-06,1.08518e-06
1.43629e-06,1.34709e-06,1.27137e-06,1.21005e-06,1.15703e-06,1.11406e-06,1.07927e-06,1.05754e-06,1.05283e-06,1.04607e-06,1.05659e-06
1.39788e-06,1.31199e-06,1.23693e-06,1.17688e-06,1.12661e-06,1.08454e-06,1.04826e-06,1.03232e-06,1.02503e-06,1.01906e-06,1.02813e-06
1.35945e-06,1.27529e-06,1.20454e-06,1.14211e-06,1.09556e-06,1.05471e-06,1.02156e-06,1.00225e-06,9.9768e-07,9.92394e-07,1.00047e-06
1.32341e-06,1.24148e-06,1.17275e-06,1.10869e-06,1.06484e-06,1.027e-06,9.94223e-07,9.76381e-07,9.70609e-07,9.67254e-07,9.72795e-07
1.28918e-06,1.20982e-06,1.14306e-06,1.07804e-06,1.03762e-06,1.00089e-06,9.68516e-07,9.5206e-07,9.46096e-07,9.43581e-07,9.4823e-07
1.2562e-06,1.17962e-06,1.11473e-06,1.04868e-06,1.01182e-06,9.76194e-07,9.44204e-07,9.28806e-07,9.228e-07,9.20935e-07,9.24665e-07
1.22625e-06,1.15132e-06,1.08794e-06,1.02077e-06,9.86258e-07,9.52913e-07,9.21167e-07,9.06868e-07,9.00725e-07,8.99164e-07,9.02687e-07
1.19514e-06,1.12343e-06,1.06163e-06,9.89114e-07,9.63599e-07,9.30547e-07,8.9867e-07,8.85196e-07,8.80203e-07,8.78062e-07,8.79512e-07
1.16683e-06,1.09732e-06,1.03605e-06,9.6829e-07,9.40988e-07,9.08338e-07,8.77292e-07,8.65257e-07,8.59265e-07,8.58221e-07,8.60454e-07
1.13808e-06,1.07161e-06,1.01161e-06,9.44078e-07,9.19337e-07,8.87588e-07,8.56914e-07,8.45838e-07,8.3987e-07,8.38833e-07,8.40626e-07
1.1125e-06,1.0466e-06,9.88215e-07,9.20799e-07,8.98642e-07,8.67703e-07,8.37319e-07,8.25733e-07,8.21362e-07,8.19597e-07,8.21822e-07
1.08495e-06,1.02363e-06,9.65769e-07,8.99088e-07,8.78916e-07,8.49128e-07,8.19065e-07,8.0426e-07,8.04462e-07,8.00937e-07,8.02873e-07
1.05873e-06,9.99375e-07,9.42953e-07,8.78072e-07,8.59017e-07,8.29792e-07,8.00377e-07,7.8913e-07,7.85794e-07,7.8353e-07,7.85414e-07
1.03369e-06,9.76644e-07,9.21092e-07,8.57671e-07,8.39873e-07,8.11438e-07,7.8241e-07,7.71594e-07,7.68734e-07,7.65819e-07,7.67244e-07
1.0098e-06,9.5474e-07,8.97409e-07,8.39015e-07,8.215e-07,7.93616e-07,7.65733e-07,7.54616e-07,7.52217e-07,7.48533e-07,7.51541e-07
9.84943e-07,9.32258e-07,8.78379e-07,8.19948e-07,8.0281e-07,7.75705e-07,7.4826e-07,7.37469e-07,7.35463e-07,7.31398e-07,7.34127e-07
9.60101e-07,9.11091e-07,8.58771e-07,8.03625e-07,7.85864e-07,7.58924e-07,7.32791e-07,7.22366e-07,7.20218e-07,7.16489e-07,7.2016e-07
9.37411e-07,8.87957e-07,8.36483e-07,7.83786e-07,7.66588e-07,7.40584e-07,7.15159e-07,7.04057e-07,7.02791e-07,6.97344e-07,7.01103e-07
9.15835e-07,8.67783e-07,8.17059e-07,7.67581e-07,7.49678e-07,7.23484e-07,6.99154e-07,6.89075e-07,6.87805e-07,6.85897e-07,6.86147e-07
8.90594e-07,8.44308e-07,7.94649e-07,7.49451e-07,7.29838e-07,7.05126e-07,6.82187e-07,6.70656e-07,6.7012e-07,6.62795e-07,6.71737e-07
8.67656e-07,8.22438e-07,7.74386e-07,7.30512e-07,7.12639e-07,6.88069e-07,6.6608e-07,6.5426e-07,6.53682e-07,6.41445e-07,6.50725e-07
8.4471e-07,8.00636e-07,7.53255e-07,7.12501e-07,6.93794e-07,6.7009e-07,6.48218e-07,6.37802e-07,6.37186e-07,6.29205e-07,6.3439e-07
8.21116e-07,7.78155e-07,7.32341e-07,6.94254e-07,6.75602e-07,6.51983e-07,6.32516e-07,6.20408e-07,6.19942e-07,6.05524e-07,6.16708e-07
7.97545e-07,7.55332e-07,7.10793e-07,6.74263e-07,6.56554e-07,6.32998e-07,6.15008e-07,6.02579e-07,6.03275e-07,5.93841e-07,5.9486e-07
7.74298e-07,7.33289e-07,6.82469e-07,6.56493e-07,6.36407e-07,6.14e-07,5.98912e-07,5.84703e-07,5.848e-07,5.73839e-07,5.84011e-07
7.50224e-07,7.09704e-07,6.67311e-07,6.37331e-07,6.17266e-07,5.951e-07,5.79615e-07,5.67706e-07,5.67784e-07,5.56534e-07,5.64682e-07
7.26567e-07,6.86643e-07,6.45431e-07,6.17538e-07,5.97463e-07,5.75733e-07,5.61454e-07,5.49778e-07,5.49719e-07,5.39522e-07,5.46741e-07
7.02891e-07,6.64022e-07,6.23905e-07,5.97335e-07,5.77725e-07,5.55803e-07,5.42929e-07,5.30518e-07,5.31893e-07,5.2265e-07,5.28604e-07
6.80099e-07,6.4028e-07,6.01885e-07,5.7737e-07,5.57705e-07,5.37072e-07,5.23929e-07,5.14399e-07,5.14771e-07,5.04032e-07,5.10279e-07
6.55147e-07,6.16529e-07,5.79361e-07,5.56284e-07,5.36992e-07,5.16547e-07,5.0549e-07,4.95137e-07,4.94669e-07,4.84196e-07,4.92174e-07
6.31406e-07,5.92941e-07,5.57233e-07,5.3535e-07,5.16516e-07,4.96491e-07,4.86369e-07,4.76619e-07,4.75985e-07,4.65595e-07,4.73707e-07
6.07811e-07,5.69595e-07,5.35381e-07,5.14388e-07,4.96148e-07,4.76599e-07,4.67337e-07,4.58235e-07,4.57562e-07,4.45312e-07,4.55825e-07
5.84478e-07,5.46164e-07,5.1297e-07,4.95965e-07,4.74381e-07,4.55881e-07,4.47911e-07,4.39539e-07,4.39387e-07,4.28706e-07,4.46135e-07
5.60736e-07,5.22943e-07,4.91345e-07,4.72151e-07,4.55049e-07,4.36308e-07,4.2862e-07,4.21016e-07,4.19829e-07,4.10111e-07,4.18615e-07
5.37591e-07,4.99878e-07,4.69703e-07,4.51121e-07,4.34666e-07,4.16373e-07,4.09357e-07,4.02558e-07,4.0112e-07,3.92007e-07,4.00389e-07
5.14677e-07,4.77961e-07,4.48825e-07,4.30142e-07,4.14724e-07,3.96054e-07,3.89999e-07,3.82445e-07,3.83041e-07,3.75834e-07,3.8207e-07
4.92337e-07,4.54955e-07,4.27377e-07,4.09676e-07,3.94616e-07,3.77264e-07,3.71493e-07,3.66187e-07,3.64448e-07,3.56416e-07,3.6473e-07
4.80622e-07,4.42353e-07,4.16551e-07,3.98935e-07,3.8429e-07,3.61611e-07,3.61018e-07,3.57039e-07,3.55122e-07,3.4704e-07,3.55217e-07
4.4898e-07,4.1233e-07,3.8697e-07,3.69624e-07,3.56069e-07,3.39693e-07,3.35142e-07,3.30976e-07,3.29259e-07,3.22715e-07,3.31161e-07
4.28101e-07,3.91186e-07,3.67277e-07,3.50417e-07,3.37234e-07,3.2145e-07,3.17267e-07,3.13813e-07,3.11925e-07,3.05964e-07,3.13976e-07
4.08026e-07,3.71079e-07,3.48503e-07,3.31925e-07,3.19226e-07,3.03934e-07,3.00365e-07,2.97495e-07,2.95577e-07,2.9033e-07,2.98273e-07
3.88366e-07,3.52327e-07,3.29985e-07,3.13616e-07,3.016e-07,2.86968e-07,2.83581e-07,2.81094e-07,2.79267e-07,2.74915e-07,2.82658e-07
3.69614e-07,3.34077e-07,3.12413e-07,2.96155e-07,2.84798e-07,2.70777e-07,2.67762e-07,2.65595e-07,2.63907e-07,2.60185e-07,2.68007e-07
3.51823e-07,3.16681e-07,2.95929e-07,2.80102e-07,2.6878e-07,2.55382e-07,2.52594e-07,2.50944e-07,2.49697e-07,2.43698e-07,2.5413e-07
3.34142e-07,2.99983e-07,2.79581e-07,2.64089e-07,2.53269e-07,2.40455e-07,2.38055e-07,2.36595e-07,2.34904e-07,2.32856e-07,2.40734e-07
3.18179e-07,2.84237e-07,2.6446e-07,2.48947e-07,2.38671e-07,2.26473e-07,2.24179e-07,2.22796e-07,2.21692e-07,2.20015e-07,2.27712e-07
3.02951e-07,2.69478e-07,2.50247e-07,2.35047e-07,2.25055e-07,2.13489e-07,2.11308e-07,2.10056e-07,2.09183e-07,2.08232e-07,2.15796e-07
2.88926e-07,2.56004e-07,2.37184e-07,2.22364e-07,2.12498e-07,2.01582e-07,1.99474e-07,1.98522e-07,1.96982e-07,1.97583e-07,2.05206e-07
2.75406e-07,2.43376e-07,2.2465e-07,2.10013e-07,2.00606e-07,1.90299e-07,1.88187e-07,1.87052e-07,1.86675e-07,1.87041e-07,1.94478e-07
2.63181e-07,2.31642e-07,2.13259e-07,1.98946e-07,1.89796e-07,1.8011e-07,1.77967e-07,1.76812e-07,1.76722e-07,1.77667e-07,1.85046e-07
2.51651e-07,2.20843e-07,2.0287e-07,1.88869e-07,1.79962e-07,1.70867e-07,1.6864e-07,1.67465e-07,1.67571e-07,1.69055e-07,1.76266e-07
2.41319e-07,2.11349e-07,1.93376e-07,1.7971e-07,1.71037e-07,1.62512e-07,1.60183e-07,1.58952e-07,1.59314e-07,1.61228e-07,1.68347e-07
2.31777e-07,2.02743e-07,1.8479e-07,1.71528e-07,1.63057e-07,1.55092e-07,1.52622e-07,1.51398e-07,1.52024e-07,1.54097e-07,1.61207e-07
2.23316e-07,1.94766e-07,1.77252e-07,1.64214e-07,1.55906e-07,1.48385e-07,1.45821e-07,1.44536e-07,1.45176e-07,1.47793e-07,1.54696e-07
2.15094e-07,1.87673e-07,1.70304e-07,1.57574e-07,1.49562e-07,1.42517e-07,1.39774e-07,1.38335e-07,1.39196e-07,1.41992e-07,1.48604e-07
2.08106e-07,1.81098e-07,1.6439e-07,1.51902e-07,1.43991e-07,1.37406e-07,1.34532e-07,1.33007e-07,1.33924e-07,1.3708e-07,1.43583e-07
2.01719e-07,1.75437e-07,1.5877e-07,1.46669e-07,1.3906e-07,1.32815e-07,1.29764e-07,1.28213e-07,1.29338e-07,1.32336e-07,1.38774e-07
1.95853e-07,1.70419e-07,1.53913e-07,1.42071e-07,1.3469e-07,1.28795e-07,1.2561e-07,1.23981e-07,1.25052e-07,1.28449e-07,1.34523e-07
1.90311e-07,1.65069e-07,1.49543e-07,1.37869e-07,1.30797e-07,1.24983e-07,1.21853e-07,1.20176e-07,1.213e-07,1.24453e-07,1.30514e-07
1.85025e-07,1.6107e-07,1.45456e-07,1.34135e-07,1.27122e-07,1.21697e-07,1.18503e-07,1.16783e-07,1.17913e-07,1.21092e-07,1.26895e-07
1.80831e-07,1.57189e-07,1.41786e-07,1.30705e-07,1.24125e-07,1.1867e-07,1.15539e-07,1.1385e-07,1.1505e-07,1.18015e-07,1.23827e-07
1.7552e-07,1.53198e-07,1.38386e-07,1.27687e-07,1.20959e-07,1.15889e-07,1.12704e-07,1.10959e-07,1.1205e-07,1.15219e-07,1.20632e-07
1.71732e-07,1.49585e-07,1.35202e-07,1.2465e-07,1.18155e-07,1.13212e-07,1.10155e-07,1.08409e-07,1.09447e-07,1.12553e-07,1.17934e-07
1.67417e-07,1.45974e-07,1.32184e-07,1.21923e-07,1.15509e-07,1.10706e-07,1.07713e-07,1.05954e-07,1.0702e-07,1.10086e-07,1.15303e-07
1.63623e-07,1.42883e-07,1.29144e-07,1.19206e-07,1.12975e-07,1.08257e-07,1.05368e-07,1.03599e-07,1.0473e-07,1.07631e-07,1.12797e-07
1.59769e-07,1.39468e-07,1.26329e-07,1.16592e-07,1.1048e-07,1.05871e-07,1.03064e-07,1.01358e-07,1.02392e-07,1.05302e-07,1.10356e-07
1.55974e-07,1.36306e-07,1.23532e-07,1.14074e-07,1.08078e-07,1.03567e-07,1.00882e-07,9.92159e-08,1.00171e-07,1.03054e-07,1.0805e-07
1.52241e-07,1.33259e-07,1.20785e-07,1.11618e-07,1.05727e-07,1.01353e-07,9.87518e-08,9.70159e-08,9.80561e-08,1.00851e-07,1.05905e-07
1.48888e-07,1.30287e-07,1.18211e-07,1.092e-07,1.0342e-07,9.91659e-08,9.66305e-08,9.50232e-08,9.59773e-08,9.87375e-08,1.0352e-07
1.45208e-07,1.27269e-07,1.15548e-07,1.06875e-07,1.01178e-07,9.70385e-08,9.45825e-08,9.29323e-08,9.39757e-08,9.66703e-08,1.01372e-07
1.42202e-07,1.24362e-07,1.13089e-07,1.0459e-07,9.8996e-08,9.49394e-08,9.25913e-08,9.0959e-08,9.20343e-08,9.46599e-08,9.90907e-08
1.38626e-07,1.21653e-07,1.10574e-07,1.0236e-07,9.68467e-08,9.29652e-08,9.06506e-08,8.90263e-08,9.01386e-08,9.26675e-08,9.72603e-08
1.35865e-07,1.19066e-07,1.08269e-07,1.00222e-07,9.47706e-08,9.09258e-08,8.87996e-08,8.70326e-08,8.82515e-08,9.07671e-08,9.52422e-08
1.32295e-07,1.16194e-07,1.05839e-07,9.80793e-08,9.26894e-08,8.90142e-08,8.68829e-08,8.53325e-08,8.64162e-08,8.8892e-08,9.32829e-08
1.29765e-07,1.13925e-07,1.03713e-07,9.59624e-08,9.06926e-08,8.7115e-08,8.51143e-08,8.34677e-08,8.46201e-08,8.70455e-08,9.15801e-08
1.26274e-07,1.11042e-07,1.01292e-07,9.39343e-08,8.87226e-08,8.52476e-08,8.32713e-08,8.17633e-08,8.28457e-08,8.52768e-08,8.93937e-08
1.23903e-07,1.08518e-07,9.91609e-08,9.19042e-08,8.67667e-08,8.33679e-08,8.15027e-08,7.99926e-08,8.11134e-08,8.34674e-08,8.75581e-08
1.20989e-07,1.06104e-07,9.69895e-08,8.99633e-08,8.48741e-08,8.15669e-08,7.97947e-08,7.852e-08,7.94073e-08,8.17301e-08,8.57231e-08
1.18576e-07,1.03813e-07,9.50459e-08,8.81177e-08,8.31354e-08,7.99401e-08,7.82028e-08,7.67351e-08,7.78912e-08,8.01198e-08,8.40812e-08
1.15899e-07,1.01747e-07,9.30065e-08,8.62316e-08,8.13024e-08,7.82198e-08,7.65687e-08,7.48958e-08,7.63538e-08,7.84477e-08,8.23852e-08
1.13314e-07,9.95823e-08,9.1087e-08,8.43716e-08,7.94959e-08,7.65871e-08,7.49022e-08,7.34431e-08,7.46396e-08,7.67674e-08,8.05633e-08
1.1046e-07,9.6655e-08,8.87491e-08,8.23424e-08,7.75919e-08,7.46717e-08,7.31269e-08,7.16832e-08,7.28836e-08,7.50211e-08,7.86601e-08
1.07906e-07,9.44033e-08,8.67531e-08,8.05246e-08,7.58071e-08,7.30008e-08,7.14907e-08,7.00892e-08,7.12541e-08,7.33619e-08,7.6952e-08
1.05357e-07,9.21635e-08,8.48152e-08,7.88062e-08,7.40886e-08,7.13775e-08,6.99374e-08,6.85358e-08,6.96582e-08,7.17957e-08,7.52742e-08
1.02959e-07,9.00201e-08,8.28705e-08,7.69428e-08,7.23762e-08,6.97517e-08,6.83405e-08,6.6976e-08,6.81418e-08,7.01667e-08,7.36046e-08
1.00588e-07,8.74839e-08,8.09934e-08,7.516e-08,7.07024e-08,6.8158e-08,6.67768e-08,6.54432e-08,6.66e-08,6.86315e-08,7.20711e-08
9.82116e-08,8.63408e-08,7.9288e-08,7.34811e-08,6.90139e-08,6.66735e-08,6.52868e-08,6.39119e-08,6.51079e-08,6.70863e-08,7.03311e-08
9.58785e-08,8.36868e-08,7.72407e-08,7.17452e-08,6.74091e-08,6.50251e-08,6.37627e-08,6.24306e-08,6.36087e-08,6.55171e-08,6.8735e-08
9.34878e-08,8.15969e-08,7.54344e-08,7.01597e-08,6.58108e-08,6.35161e-08,6.23027e-08,6.09716e-08,6.20802e-08,6.40427e-08,6.7156e-08
9.12545e-08,7.96404e-08,7.3606e-08,6.83872e-08,6.42083e-08,6.19787e-08,6.08165e-08,5.95115e-08,6.06692e-08,6.24981e-08,6.5585e-08
8.907e-08,7.76316e-08,7.18104e-08,6.67216e-08,6.26431e-08,6.04836e-08,5.93435e-08,5.80422e-08,5.92082e-08,6.09993e-08,6.401e-08
8.68603e-08,7.56897e-08,7.00772e-08,6.51085e-08,6.10899e-08,5.90148e-08,5.79287e-08,5.66426e-08,5.78287e-08,5.95305e-08,6.25623e-08
8.48015e-08,7.39397e-08,6.85473e-08,6.34587e-08,5.95761e-08,5.7666e-08,5.64468e-08,5.51177e-08,5.62557e-08,5.81021e-08,6.0922e-08
8.24733e-08,7.1858e-08,6.66337e-08,6.2046e-08,5.81217e-08,5.61524e-08,5.51334e-08,5.38331e-08,5.49366e-08,5.67156e-08,5.95066e-08
8.0453e-08,7.05827e-08,6.49423e-08,6.03298e-08,5.66048e-08,5.47049e-08,5.37465e-08,5.20258e-08,5.3718e-08,5.52885e-08,5.79936e-08
7.83817e-08,6.81763e-08,6.32309e-08,5.87816e-08,5.51536e-08,5.32996e-08,5.23564e-08,5.10865e-08,5.22207e-08,5.38462e-08,5.65144e-08
7.64167e-08,6.63993e-08,6.15814e-08,5.72372e-08,5.37167e-08,5.19226e-08,5.09996e-08,4.97436e-08,5.08767e-08,5.24552e-08,5.50505e-08
7.43735e-08,6.46402e-08,5.99551e-08,5.57423e-08,5.23129e-08,5.05539e-08,4.96734e-08,4.8419e-08,4.95375e-08,5.10711e-08,5.36467e-08
7.24442e-08,6.36239e-08,5.85869e-08,5.42636e-08,5.08793e-08,4.93362e-08,4.83469e-08,4.70704e-08,4.82176e-08,4.97243e-08,5.21874e-08
7.04922e-08,6.12029e-08,5.67689e-08,5.2779e-08,4.95493e-08,4.791e-08,4.70581e-08,4.58262e-08,4.69427e-08,4.83474e-08,5.08574e-08
6.85571e-08,5.95099e-08,5.52076e-08,5.13221e-08,4.81941e-08,4.66005e-08,4.57652e-08,4.45615e-08,4.56579e-08,4.70749e-08,4.94729e-08
6.67437e-08,5.79003e-08,5.36894e-08,4.99282e-08,4.68988e-08,4.53179e-08,4.45483e-08,4.3334e-08,4.44074e-08,4.58081e-08,4.81521e-08
6.49552e-08,5.62892e-08,5.21905e-08,4.85198e-08,4.55943e-08,4.40691e-08,4.33015e-08,4.21178e-08,4.31751e-08,4.45253e-08,4.68293e-08
6.31892e-08,5.47151e-08,5.07165e-08,4.7157e-08,4.43182e-08,4.28274e-08,4.20859e-08,4.0917e-08,4.19335e-08,4.3249e-08,4.55133e-08
6.15227e-08,5.31724e-08,4.92844e-08,4.58099e-08,4.30763e-08,4.16265e-08,4.08818e-08,3.97431e-08,4.07569e-08,4.20251e-08,4.42479e-08
6.03045e-08,5.21923e-08,4.82963e-08,4.48368e-08,4.2247e-08,4.07931e-08,4.01062e-08,3.89574e-08,3.99936e-08,4.11458e-08,4.33996e-08
5.82355e-08,5.01783e-08,4.64763e-08,4.32018e-08,4.06382e-08,3.92725e-08,3.85624e-08,3.74547e-08,3.84215e-08,3.96222e-08,4.17349e-08
5.64661e-08,4.88122e-08,4.51226e-08,4.19439e-08,3.94789e-08,3.81244e-08,3.74521e-08,3.63505e-08,3.72964e-08,3.84799e-08,4.05232e-08
5.49522e-08,4.73986e-08,4.37892e-08,4.07152e-08,3.83402e-08,3.70009e-08,3.63372e-08,3.5248e-08,3.61907e-08,3.73416e-08,3.93435e-08
5.33378e-08,4.60677e-08,4.25138e-08,3.95216e-08,3.72235e-08,3.59045e-08,3.52845e-08,3.42151e-08,3.51044e-08,3.62325e-08,3.81982e-08
5.18764e-08,4.47337e-08,4.12661e-08,3.83344e-08,3.61321e-08,3.48566e-08,3.42197e-08,3.31978e-08,3.40355e-08,3.51333e-08,3.70524e-08
5.03404e-08,4.34445e-08,4.00468e-08,3.72078e-08,3.50691e-08,3.38093e-08,3.3197e-08,3.21924e-08,3.30096e-08,3.40792e-08,3.59753e-08
4.90013e-08,4.21676e-08,3.88514e-08,3.60784e-08,3.40237e-08,3.27975e-08,3.21986e-08,3.1214e-08,3.20104e-08,3.30605e-08,3.48794e-08
4.77349e-08,4.09821e-08,3.76901e-08,3.50211e-08,3.3022e-08,3.18115e-08,3.12334e-08,3.02465e-08,3.10092e-08,3.20351e-08,3.38374e-08
4.63386e-08,3.97776e-08,3.65599e-08,3.39429e-08,3.20244e-08,3.08404e-08,3.02646e-08,2.93212e-08,3.0041e-08,3.10531e-08,3.27735e-08
4.49829e-08,3.86576e-08,3.54909e-08,3.2927e-08,3.10762e-08,2.99193e-08,2.93526e-08,2.84231e-08,2.9117e-08,3.00836e-08,3.17772e-08
4.36105e-08,3.75259e-08,3.44239e-08,3.19434e-08,3.01401e-08,2.90287e-08,2.84316e-08,2.75617e-08,2.82378e-08,2.91478e-08,3.07883e-08
4.23554e-08,3.64697e-08,3.34105e-08,3.09937e-08,2.92643e-08,2.81479e-08,2.75858e-08,2.67394e-08,2.73464e-08,2.82728e-08,2.98802e-08
4.10524e-08,3.54766e-08,3.2448e-08,3.00701e-08,2.83906e-08,2.73047e-08,2.67609e-08,2.59316e-08,2.65391e-08,2.74205e-08,2.8955e-08
4.03051e-08,3.44303e-08,3.14696e-08,2.91689e-08,2.75343e-08,2.64784e-08,2.59264e-08,2.51242e-08,2.56777e-08,2.6511e-08,2.80522e-08
3.91016e-08,3.35046e-08,3.05655e-08,2.83101e-08,2.67505e-08,2.56875e-08,2.51441e-08,2.43659e-08,2.48802e-08,2.5724e-08,2.72177e-08
3.80314e-08,3.25816e-08,2.96861e-08,2.74785e-08,2.59494e-08,2.49307e-08,2.4388e-08,2.36282e-08,2.41123e-08,2.49364e-08,2.63737e-08
3.7037e-08,3.16872e-08,2.88267e-08,2.66942e-08,2.51998e-08,2.41994e-08,2.36553e-08,2.29261e-08,2.33666e-08,2.4162e-08,2.55791e-08
3.59739e-08,3.08642e-08,2.80164e-08,2.59149e-08,2.44899e-08,2.35018e-08,2.29591e-08,2.22496e-08,2.26464e-08,2.3463e-08,2.47978e-08
3.50536e-08,3.00384e-08,2.7246e-08,2.51972e-08,2.38002e-08,2.28308e-08,2.22974e-08,2.16062e-08,2.1974e-08,2.27924e-08,2.40993e-08
3.41243e-08,2.92698e-08,2.65041e-08,2.45058e-08,2.31277e-08,2.21843e-08,2.16621e-08,2.10125e-08,2.13258e-08,2.20981e-08,2.34101e-08
3.33241e-08,2.854e-08,2.5783e-08,2.38299e-08,2.25051e-08,2.15662e-08,2.10446e-08,2.04036e-08,2.06872e-08,2.14857e-08,2.27381e-08
3.24637e-08,2.78071e-08,2.5097e-08,2.3189e-08,2.18751e-08,2.09736e-08,2.04534e-08,1.98339e-08,2.00677e-08,2.08325e-08,2.20622e-08
3.19226e-08,2.71691e-08,2.44736e-08,2.25908e-08,2.12977e-08,2.04193e-08,1.98929e-08,1.92896e-08,1.95381e-08,2.02388e-08,2.14427e-08
3.10362e-08,2.65002e-08,2.38391e-08,2.20082e-08,2.07306e-08,1.98644e-08,1.93641e-08,1.87803e-08,1.89724e-08,1.96673e-08,2.08569e-08
3.01435e-08,2.59177e-08,2.32496e-08,2.14311e-08,2.01838e-08,1.93436e-08,1.88374e-08,1.82761e-08,1.84642e-08,1.91741e-08,2.02534e-08
2.94924e-08,2.53446e-08,2.26876e-08,2.09034e-08,1.96955e-08,1.8849e-08,1.8362e-08,1.78033e-08,1.79786e-08,1.8686e-08,1.96947e-08
2.8879e-08,2.47877e-08,2.21482e-08,2.04101e-08,1.92068e-08,1.83867e-08,1.78976e-08,1.73702e-08,1.75008e-08,1.81743e-08,1.92388e-08
2.81128e-08,2.42326e-08,2.16132e-08,1.99277e-08,1.87326e-08,1.79597e-08,1.7451e-08,1.69581e-08,1.70591e-08,1.77394e-08,1.87609e-08
2.75209e-08,2.37042e-08,2.11239e-08,1.94584e-08,1.82979e-08,1.75137e-08,1.70217e-08,1.65453e-08,1.66042e-08,1.72978e-08,1.82801e-08
2.70323e-08,2.32112e-08,2.06654e-08,1.90395e-08,1.78845e-08,1.71423e-08,1.66271e-08,1.61681e-08,1.62221e-08,1.68578e-08,1.78365e-08
2.61831e-08,2.2727e-08,2.02051e-08,1.86101e-08,1.74765e-08,1.67375e-08,1.62339e-08,1.57974e-08,1.58282e-08,1.65105e-08,1.74171e-08
2.58144e-08,2.22875e-08,1.97664e-08,1.82138e-08,1.70967e-08,1.63643e-08,1.58819e-08,1.54404e-08,1.54486e-08,1.61269e-08,1.70155e-08
2.54822e-08,2.18754e-08,1.93707e-08,1.78525e-08,1.67428e-08,1.60264e-08,1.55441e-08,1.5118e-08,1.51232e-08,1.57663e-08,1.66523e-08
2.46542e-08,2.14263e-08,1.89538e-08,1.74752e-08,1.6389e-08,1.56848e-08,1.52071e-08,1.47901e-08,1.47569e-08,1.54505e-08,1.62745e-08
2.41685e-08,2.10219e-08,1.85786e-08,1.71298e-08,1.60575e-08,1.53658e-08,1.48929e-08,1.44866e-08,1.44409e-08,1.51327e-08,1.59297e-08
2.38443e-08,2.06481e-08,1.82291e-08,1.68054e-08,1.57369e-08,1.50715e-08,1.45992e-08,1.42127e-08,1.41709e-08,1.48447e-08,1.562e-08
2.35344e-08,2.02556e-08,1.78645e-08,1.64965e-08,1.54332e-08,1.47625e-08,1.43257e-08,1.39235e-08,1.38502e-08,1.45412e-08,1.5302e-08
2.30928e-08,1.98983e-08,1.7553e-08,1.61819e-08,1.51477e-08,1.44861e-08,1.40343e-08,1.36604e-08,1.35981e-08,1.42563e-08,1.50018e-08
2.2536e-08,1.95432e-08,1.72008e-08,1.5878e-08,1.48582e-08,1.41968e-08,1.3773e-08,1.33905e-08,1.33249e-08,1.40023e-08,1.4695e-08
2.20988e-08,1.91624e-08,1.6872e-08,1.55901e-08,1.45783e-08,1.39353e-08,1.35048e-08,1.3143e-08,1.30665e-08,1.37269e-08,1.44176e-08
2.16962e-08,1.88123e-08,1.65752e-08,1.53113e-08,1.43121e-08,1.36865e-08,1.3253e-08,1.29006e-08,1.28247e-08,1.34827e-08,1.41536e-08
2.12887e-08,1.84735e-08,1.62747e-08,1.50543e-08,1.40568e-08,1.34506e-08,1.30224e-08,1.26637e-08,1.25886e-08,1.3242e-08,1.38989e-08
2.10582e-08,1.81745e-08,1.59827e-08,1.47747e-08,1.38097e-08,1.31951e-08,1.27805e-08,1.24405e-08,1.2362e-08,1.30166e-08,1.36503e-08
2.0553e-08,1.7832e-08,1.56872e-08,1.45205e-08,1.35522e-08,1.2966e-08,1.25517e-08,1.22185e-08,1.21392e-08,1.27864e-08,1.34016e-08
2.01769e-08,1.75237e-08,1.54187e-08,1.42596e-08,1.33124e-08,1.27327e-08,1.23288e-08,1.19959e-08,1.19195e-08,1.25657e-08,1.31404e-08
1.9817e-08,1.7183e-08,1.51395e-08,1.40136e-08,1.30802e-08,1.25097e-08,1.2103e-08,1.17811e-08,1.17035e-08,1.23304e-08,1.2912e-08
1.94727e-08,1.68821e-08,1.48573e-08,1.37646e-08,1.28426e-08,1.22694e-08,1.18854e-08,1.15708e-08,1.14828e-08,1.21251e-08,1.26788e-08
1.92393e-08,1.65883e-08,1.45987e-08,1.35227e-08,1.26166e-08,1.20554e-08,1.16798e-08,1.13681e-08,1.12901e-08,1.1915e-08,1.24568e-08
1.85688e-08,1.6273e-08,1.43134e-08,1.32828e-08,1.23859e-08,1.18406e-08,1.14592e-08,1.11605e-08,1.10699e-08,1.17193e-08,1.22172e-08
1.83189e-08,1.5977e-08,1.40441e-08,1.30481e-08,1.21648e-08,1.16211e-08,1.1259e-08,1.0961e-08,1.08657e-08,1.1508e-08,1.19993e-08
1.81142e-08,1.56735e-08,1.38006e-08,1.28189e-08,1.19559e-08,1.14218e-08,1.10594e-08,1.07704e-08,1.06744e-08,1.12992e-08,1.17969e-08
1.78022e-08,1.53894e-08,1.35366e-08,1.25945e-08,1.17357e-08,1.12148e-08,1.08662e-08,1.05836e-08,1.04745e-08,1.11106e-08,1.15909e-08
1.74747e-08,1.51045e-08,1.3283e-08,1.23645e-08,1.15208e-08,1.10049e-08,1.06609e-08,1.03834e-08,1.02861e-08,1.09035e-08,1.13606e-08
1.71371e-08,1.4837e-08,1.3055e-08,1.2141e-08,1.13094e-08,1.08122e-08,1.04697e-08,1.01961e-08,1.01195e-08,1.07016e-08,1.1142e-08
1.68119e-08,1.45611e-08,1.28152e-08,1.19198e-08,1.10996e-08,1.06012e-08,1.02799e-08,1.0007e-08,9.93889e-09,1.05166e-08,1.09236e-08
1.64949e-08,1.4298e-08,1.25737e-08,1.1702e-08,1.08916e-08,1.04099e-08,1.00932e-08,9.8269e-09,9.76076e-09,1.03366e-08,1.07159e-08
1.62106e-08,1.40223e-08,1.23298e-08,1.14896e-08,1.06945e-08,1.02166e-08,9.9072e-09,9.65004e-09,9.56978e-09,1.01404e-08,1.05287e-08
1.59261e-08,1.37576e-08,1.2098e-08,1.12817e-08,1.04961e-08,1.00335e-08,9.72079e-09,9.47517e-09,9.39654e-09,9.94804e-09,1.03253e-08
1.56086e-08,1.34957e-08,1.18625e-08,1.10692e-08,1.02984e-08,9.839e-09,9.54233e-09,9.30075e-09,9.22187e-09,9.77324e-09,1.01271e-08
1.53164e-08,1.32388e-08,1.16314e-08,1.0861e-08,1.01055e-08,9.65228e-09,9.36443e-09,9.13159e-09,9.0502e-09,9.5918e-09,9.93012e-09
1.50217e-08,1.3002e-08,1.14246e-08,1.06578e-08,9.91294e-09,9.47341e-09,9.19001e-09,8.96161e-09,8.88231e-09,9.41317e-09,9.73672e-09
1.47485e-08,1.27425e-08,1.11996e-08,1.04602e-08,9.73399e-09,9.30318e-09,9.02026e-09,8.79771e-09,8.72108e-09,9.22958e-09,9.54881e-09
1.44729e-08,1.24861e-08,1.09728e-08,1.02577e-08,9.54587e-09,9.11707e-09,8.85256e-09,8.63316e-09,8.55629e-09,9.06658e-09,9.35511e-09
1.41952e-08,1.22514e-08,1.07628e-08,1.00663e-08,9.36355e-09,8.94704e-09,8.6801e-09,8.46972e-09,8.39154e-09,8.88895e-09,9.16723e-09
1.38469e-08,1.20173e-08,1.05509e-08,9.87271e-09,9.18286e-09,8.77843e-09,8.51678e-09,8.31217e-09,8.22915e-09,8.72917e-09,8.98148e-09
1.3658e-08,1.17789e-08,1.03434e-08,9.68396e-09,9.00661e-09,8.60517e-09,8.35443e-09,8.15474e-09,8.07701e-09,8.55065e-09,8.80452e-09
1.33838e-08,1.15435e-08,1.01335e-08,9.49775e-09,8.83282e-09,8.43938e-09,8.19562e-09,8.00086e-09,7.92184e-09,8.38418e-09,8.62591e-09
1.31306e-08,1.13231e-08,9.93459e-09,9.31258e-09,8.66229e-09,8.27506e-09,8.03892e-09,7.84887e-09,7.76989e-09,8.22314e-09,8.45367e-09
1.28698e-08,1.10892e-08,9.73715e-09,9.13341e-09,8.49379e-09,8.11504e-09,7.883e-09,7.69959e-09,7.62175e-09,8.05889e-09,8.27107e-09
1.26074e-08,1.08712e-08,9.54715e-09,8.95942e-09,8.33043e-09,7.96162e-09,7.7323e-09,7.553e-09,7.47673e-09,7.8942e-09,8.09961e-09
1.23796e-08,1.06509e-08,9.34973e-09,8.77429e-09,8.16368e-09,7.80113e-09,7.57854e-09,7.40584e-09,7.3282e-09,7.73848e-09,7.92612e-09
1.21675e-08,1.0442e-08,9.17032e-09,8.60369e-09,8.00217e-09,7.64815e-09,7.43023e-09,7.2644e-09,7.18687e-09,7.5846e-09,7.75962e-09
1.18926e-08,1.0223e-08,8.98587e-09,8.4417e-09,7.84363e-09,7.49525e-09,7.28511e-09,7.12149e-09,7.04434e-09,7.42949e-09,7.58965e-09
1.16526e-08,1.00264e-08,8.79611e-09,8.26692e-09,7.6889e-09,7.3484e-09,7.13976e-09,6.98222e-09,6.90414e-09,7.27783e-09,7.4272e-09
1.14255e-08,9.81731e-09,8.61929e-09,8.09871e-09,7.53676e-09,7.20351e-09,7.00159e-09,6.84857e-09,6.76987e-09,7.12831e-09,7.2711e-09
1.11876e-08,9.61927e-09,8.44034e-09,7.9388e-09,7.38307e-09,7.05818e-09,6.86162e-09,6.71114e-09,6.63331e-09,6.97809e-09,7.10559e-09
1.09669e-08,9.42167e-09,8.26413e-09,7.77914e-09,7.2388e-09,6.91661e-09,6.72414e-09,6.57779e-09,6.50034e-09,6.83384e-09,6.94827e-09
1.07529e-08,9.23641e-09,8.09777e-09,7.62002e-09,7.09862e-09,6.77983e-09,6.59005e-09,6.44919e-09,6.37162e-09,6.689e-09,6.7946e-09
1.05284e-08,9.03909e-09,7.92892e-09,7.46523e-09,6.95025e-09,6.6412e-09,6.45781e-09,6.31978e-09,6.24127e-09,6.54871e-09,6.64169e-09
1.03152e-08,8.85301e-09,7.76604e-09,7.31591e-09,6.81091e-09,6.5082e-09,6.33014e-09,6.19486e-09,6.11676e-09,6.41169e-09,6.49198e-09
1.00983e-08,8.67059e-09,7.59716e-09,7.15744e-09,6.67313e-09,6.37717e-09,6.20139e-09,6.06963e-09,5.98921e-09,6.27401e-09,6.34978e-09
9.90022e-09,8.49299e-09,7.4449e-09,7.01631e-09,6.53783e-09,6.24625e-09,6.07616e-09,5.94747e-09,5.87246e-09,6.13874e-09,6.20114e-09
9.70361e-09,8.31794e-09,7.29183e-09,6.87362e-09,6.40569e-09,6.12083e-09,5.95273e-09,5.82845e-09,5.74832e-09,6.00666e-09,6.05599e-09
9.49787e-09,8.13798e-09,7.14567e-09,6.73049e-09,6.27065e-09,5.99615e-09,5.83188e-09,5.71018e-09,5.63186e-09,5.87556e-09,5.91203e-09
9.31152e-09,7.97746e-09,6.9854e-09,6.59531e-09,6.14869e-09,5.87552e-09,5.71094e-09,5.59454e-09,5.51531e-09,5.74823e-09,5.7735e-09
9.11906e-09,7.81958e-09,6.84405e-09,6.45984e-09,6.02319e-09,5.75383e-09,5.59789e-09,5.47886e-09,5.40121e-09,5.62227e-09,5.64207e-09
8.93926e-09,7.6512e-09,6.7115e-09,6.3192e-09,5.9021e-09,5.63943e-09,5.48192e-09,5.37144e-09,5.28718e-09,5.50061e-09,5.50815e-09
8.75649e-09,7.49063e-09,6.56755e-09,6.19367e-09,5.78175e-09,5.52432e-09,5.37161e-09,5.2607e-09,5.17974e-09,5.3783e-09,5.37913e-09
8.5738e-09,7.33578e-09,6.42556e-09,6.06418e-09,5.66539e-09,5.4108e-09,5.26213e-09,5.15246e-09,5.07201e-09,5.26025e-09,5.25074e-09
8.40101e-09,7.19434e-09,6.29431e-09,5.94345e-09,5.55035e-09,5.30157e-09,5.15771e-09,5.04749e-09,4.968e-09,5.14516e-09,5.12609e-09
8.23013e-09,7.03867e-09,6.16121e-09,5.8223e-09,5.43886e-09,5.19423e-09,5.05052e-09,4.94395e-09,4.86439e-09,5.03164e-09,5.00114e-09
8.06296e-09,6.89308e-09,6.03334e-09,5.69792e-09,5.32892e-09,5.08879e-09,4.94747e-09,4.84393e-09,4.76149e-09,4.92054e-09,4.88065e-09
7.90174e-09,6.75098e-09,5.89857e-09,5.57841e-09,5.22385e-09,4.98783e-09,4.84636e-09,4.74575e-09,4.66571e-09,4.8098e-09,4.76301e-09
7.73688e-09,6.6145e-09,5.78549e-09,5.47001e-09,5.11683e-09,4.88562e-09,4.74936e-09,4.64878e-09,4.56847e-09,4.70512e-09,4.64902e-09
7.58355e-09,6.47928e-09,5.66362e-09,5.3604e-09,5.01363e-09,4.78775e-09,4.65545e-09,4.55361e-09,4.4731e-09,4.60058e-09,4.53521e-09
7.43489e-09,6.3479e-09,5.55097e-09,5.24509e-09,4.9143e-09,4.69353e-09,4.55442e-09,4.46151e-09,4.37974e-09,4.49965e-09,4.42117e-09
7.28767e-09,6.21831e-09,5.4364e-09,5.13606e-09,4.81897e-09,4.59915e-09,4.46858e-09,4.37172e-09,4.28737e-09,4.40077e-09,4.31914e-09
7.14704e-09,6.09031e-09,5.32654e-09,5.03138e-09,4.72276e-09,4.50303e-09,4.37816e-09,4.28341e-09,4.20143e-09,4.30464e-09,4.21232e-09
6.99368e-09,5.96803e-09,5.21534e-09,4.93036e-09,4.62307e-09,4.41497e-09,4.29021e-09,4.19749e-09,4.11463e-09,4.20765e-09,4.111e-09
6.86458e-09,5.85006e-09,5.12261e-09,4.82753e-09,4.5408e-09,4.32593e-09,4.20367e-09,4.11475e-09,4.03157e-09,4.11816e-09,4.01231e-09
6.7382e-09,5.73281e-09,5.00627e-09,4.73909e-09,4.4621e-09,4.2456e-09,4.12115e-09,4.03246e-09,3.94507e-09,4.02793e-09,3.90762e-09
6.60031e-09,5.62163e-09,4.91348e-09,4.64018e-09,4.36646e-09,4.16094e-09,4.04122e-09,3.95035e-09,3.86698e-09,3.94084e-09,3.81773e-09
6.47349e-09,5.51336e-09,4.81189e-09,4.55062e-09,4.28514e-09,4.08125e-09,3.96271e-09,3.87108e-09,3.79172e-09,3.85432e-09,3.72784e-09
6.34664e-09,5.41006e-09,4.71091e-09,4.45971e-09,4.20305e-09,4.00268e-09,3.88714e-09,3.79601e-09,3.71355e-09,3.77622e-09,3.63485e-09
6.22879e-09,5.28432e-09,4.63026e-09,4.37403e-09,4.12377e-09,3.92696e-09,3.81115e-09,3.72297e-09,3.64205e-09,3.69086e-09,3.54687e-09
6.11198e-09,5.19948e-09,4.54352e-09,4.2836e-09,4.04691e-09,3.85333e-09,3.73835e-09,3.64983e-09,3.56401e-09,3.61506e-09,3.4691e-09
6.00383e-09,5.11025e-09,4.445e-09,4.2104e-09,3.9735e-09,3.77955e-09,3.66889e-09,3.57986e-09,3.48944e-09,3.53859e-09,3.37773e-09
5.88845e-09,5.01876e-09,4.37258e-09,4.13817e-09,3.89981e-09,3.7162e-09,3.60056e-09,3.50781e-09,3.43844e-09,3.47008e-09,3.30353e-09
5.78428e-09,4.92189e-09,4.27983e-09,4.05194e-09,3.83284e-09,3.64804e-09,3.52903e-09,3.4458e-09,3.36341e-09,3.39769e-09,3.22975e-09
5.68112e-09,4.8304e-09,4.20991e-09,3.97808e-09,3.76125e-09,3.58338e-09,3.46676e-09,3.37744e-09,3.29712e-09,3.32357e-09,3.15427e-09
5.57984e-09,4.74643e-09,4.1335e-09,3.90837e-09,3.69484e-09,3.52023e-09,3.40414e-09,3.31553e-09,3.23129e-09,3.25984e-09,3.08387e-09
5.48336e-09,4.66604e-09,4.06234e-09,3.83491e-09,3.62934e-09,3.45756e-09,3.34319e-09,3.25271e-09,3.17154e-09,3.1946e-09,3.00624e-09
5.38711e-09,4.57987e-09,3.99272e-09,3.76195e-09,3.5668e-09,3.39616e-09,3.28423e-09,3.19332e-09,3.1187e-09,3.13329e-09,2.94211e-09
5.2823e-09,4.49967e-09,3.91083e-09,3.70042e-09,3.50577e-09,3.33815e-09,3.2259e-09,3.13721e-09,3.05845e-09,3.07146e-09,2.8831e-09
5.18785e-09,4.42136e-09,3.84839e-09,3.63616e-09,3.4468e-09,3.2821e-09,3.1699e-09,3.08137e-09,3.00629e-09,3.00998e-09,2.82444e-09
5.11181e-09,4.35175e-09,3.78185e-09,3.57371e-09,3.39006e-09,3.22763e-09,3.11611e-09,3.02731e-09,2.94624e-09,2.95669e-09,2.75881e-09
5.03281e-09,4.27911e-09,3.69511e-09,3.51221e-09,3.33636e-09,3.1728e-09,3.0624e-09,2.97421e-09,2.90002e-09,2.90177e-09,2.69755e-09
4.94732e-09,4.21017e-09,3.66312e-09,3.44778e-09,3.27905e-09,3.11731e-09,3.00895e-09,2.92661e-09,2.85562e-09,2.85488e-09,2.64073e-09
4.85096e-09,4.14034e-09,3.59084e-09,3.39718e-09,3.22716e-09,3.07207e-09,2.96174e-09,2.87476e-09,2.7945e-09,2.79761e-09,2.59226e-09
4.76508e-09,4.06636e-09,3.53191e-09,3.3417e-09,3.17799e-09,3.02085e-09,2.91469e-09,2.82475e-09,2.75038e-09,2.73874e-09,2.55083e-09
4.70872e-09,4.00577e-09,3.47937e-09,3.28962e-09,3.12562e-09,2.97391e-09,2.86725e-09,2.77952e-09,2.70502e-09,2.69892e-09,2.48972e-09
4.63058e-09,3.93739e-09,3.42623e-09,3.23595e-09,3.07918e-09,2.92876e-09,2.82096e-09,2.73337e-09,2.66185e-09,2.6538e-09,2.44372e-09
4.5596e-09,3.88008e-09,3.36962e-09,3.18552e-09,3.03082e-09,2.88302e-09,2.7791e-09,2.68864e-09,2.62973e-09,2.61055e-09,2.38762e-09
4.49648e-09,3.82403e-09,3.32323e-09,3.13704e-09,2.98437e-09,2.83863e-09,2.73462e-09,2.64992e-09,2.57552e-09,2.56439e-09,2.35114e-09
4.42505e-09,3.75874e-09,3.27873e-09,3.10076e-09,2.94234e-09,2.79643e-09,2.69444e-09,2.60364e-09,2.53706e-09,2.52215e-09,2.31227e-09
4.35846e-09,3.71279e-09,3.21656e-09,3.04415e-09,2.90004e-09,2.75854e-09,2.65192e-09,2.56993e-09,2.4972e-09,2.48237e-09,2.26162e-09
4.28887e-09,3.65546e-09,3.17659e-09,2.99632e-09,2.85739e-09,2.7156e-09,2.61399e-09,2.52866e-09,2.45691e-09,2.44371e-09,2.22655e-09
4.22371e-09,3.60466e-09,3.1303e-09,2.95338e-09,2.81544e-09,2.67523e-09,2.57693e-09,2.49044e-09,2.43041e-09,2.40867e-09,2.1871e-09
4.16654e-09,3.54806e-09,3.08362e-09,2.90905e-09,2.77552e-09,2.63767e-09,2.53849e-09,2.45432e-09,2.38367e-09,2.36688e-09,2.14977e-09
4.09527e-09,3.49691e-09,3.04008e-09,2.86418e-09,2.73743e-09,2.60124e-09,2.50251e-09,2.41974e-09,2.34802e-09,2.32836e-09,2.12012e-09
4.04205e-09,3.45206e-09,3.00169e-09,2.82763e-09,2.69672e-09,2.56473e-09,2.46759e-09,2.38648e-09,2.31535e-09,2.29586e-09,2.07936e-09
3.98947e-09,3.40975e-09,2.95635e-09,2.78875e-09,2.6629e-09,2.52908e-09,2.43209e-09,2.35151e-09,2.27884e-09,2.26239e-09,2.04441e-09
3.92692e-09,3.3598e-09,2.92014e-09,2.75657e-09,2.62598e-09,2.49547e-09,2.40352e-09,2.31707e-09,2.24993e-09,2.23016e-09,2.01112e-09
3.88971e-09,3.30998e-09,2.87428e-09,2.71479e-09,2.59137e-09,2.45945e-09,2.36525e-09,2.2867e-09,2.21772e-09,2.19626e-09,1.97983e-09
3.82903e-09,3.25989e-09,2.83498e-09,2.67718e-09,2.55778e-09,2.42673e-09,2.3347e-09,2.25712e-09,2.18768e-09,2.16106e-09,1.95838e-09
3.77429e-09,3.22382e-09,2.79831e-09,2.63962e-09,2.52389e-09,2.39377e-09,2.30271e-09,2.22461e-09,2.15614e-09,2.13409e-09,1.91938e-09
3.73617e-09,3.17787e-09,2.75889e-09,2.60716e-09,2.49238e-09,2.3632e-09,2.27069e-09,2.19098e-09,2.11289e-09,2.10333e-09,1.87864e-09
3.68903e-09,3.13659e-09,2.72547e-09,2.57153e-09,2.45959e-09,2.33235e-09,2.24302e-09,2.16678e-09,2.09775e-09,2.07501e-09,1.85788e-09
3.62508e-09,3.09676e-09,2.68918e-09,2.53485e-09,2.42618e-09,2.30098e-09,2.2114e-09,2.13701e-09,2.06988e-09,2.04631e-09,1.83529e-09
3.57107e-09,3.05719e-09,2.65657e-09,2.49827e-09,2.39705e-09,2.27081e-09,2.18415e-09,2.11152e-09,2.04392e-09,2.01434e-09,1.81535e-09
3.53264e-09,3.01609e-09,2.62347e-09,2.47143e-09,2.36471e-09,2.2421e-09,2.15699e-09,2.08196e-09,2.0173e-09,1.99212e-09,1.78301e-09
3.48482e-09,2.97228e-09,2.58716e-09,2.43785e-09,2.33581e-09,2.2129e-09,2.12842e-09,2.05607e-09,1.98662e-09,1.96371e-09,1.75397e-09
3.44697e-09,2.93684e-09,2.55138e-09,2.40713e-09,2.30486e-09,2.18427e-09,2.09858e-09,2.02878e-09,1.96211e-09,1.93698e-09,1.73053e-09
3.39227e-09,2.90374e-09,2.5317e-09,2.36633e-09,2.27937e-09,2.15694e-09,2.07298e-09,2.00513e-09,1.93685e-09,1.91084e-09,1.71885e-09
3.33458e-09,2.86121e-09,2.49043e-09,2.3425e-09,2.24678e-09,2.12754e-09,2.04829e-09,1.97915e-09,1.9175e-09,1.88156e-09,1.68926e-09
3.2882e-09,2.83001e-09,2.46038e-09,2.3136e-09,2.2187e-09,2.10212e-09,2.02127e-09,1.95159e-09,1.88508e-09,1.86053e-09,1.65654e-09
3.25795e-09,2.79319e-09,2.42769e-09,2.28511e-09,2.18966e-09,2.07581e-09,1.9971e-09,1.92818e-09,1.86101e-09,1.83479e-09,1.63488e-09
3.22042e-09,2.76295e-09,2.40095e-09,2.25744e-09,2.16407e-09,2.04917e-09,1.96933e-09,1.9042e-09,1.8358e-09,1.81047e-09,1.60958e-09
3.16679e-09,2.72462e-09,2.36609e-09,2.22804e-09,2.13554e-09,2.02175e-09,1.94418e-09,1.8788e-09,1.81125e-09,1.78503e-09,1.58861e-09
3.13466e-09,2.68306e-09,2.33606e-09,2.19203e-09,2.10979e-09,1.99694e-09,1.92313e-09,1.85813e-09,1.7897e-09,1.75807e-09,1.5738e-09
