0.0594274,0.0585896,0.0576357,0.0570854,0.0545467,0.0519682,0.0491489,0.0464857,0.0425834,0.0398934,0.0360475
0.0559354,0.0551974,0.0543278,0.0531534,0.0510305,0.0484086,0.0453535,0.0433289,0.0396876,0.036897,0.0331948
0.0522598,0.0517755,0.0508581,0.0500009,0.0474259,0.0455244,0.0426169,0.0400339,0.0369136,0.0339433,0.0309707
0.0491585,0.0484391,0.0478307,0.0465689,0.0446063,0.0422737,0.039795,0.0373208,0.0341929,0.0313978,0.0284194
0.0463662,0.0456613,0.0450006,0.0438303,0.0419053,0.0396797,0.0372382,0.0348512,0.0319081,0.0292105,0.0263988
0.0438335,0.0432039,0.0425201,0.0413625,0.0394655,0.0373329,0.0349924,0.0326668,0.0299183,0.0272592,0.0246121
0.0414454,0.0407087,0.0401171,0.0390089,0.0371947,0.0351397,0.032917,0.0305951,0.0279458,0.025459,0.0229367
0.0392086,0.0386244,0.0379265,0.0369014,0.0351341,0.0332261,0.0310703,0.0288141,0.0262225,0.023935,0.0214515
0.0372368,0.0364903,0.0359887,0.034917,0.0332341,0.0313353,0.0292912,0.0270625,0.024632,0.0223691,0.0200637
0.0353944,0.0346133,0.0341151,0.0330543,0.0315339,0.029543,0.0278188,0.025461,0.0231918,0.0210429,0.0188672
0.0335604,0.0330363,0.0324035,0.0314141,0.029768,0.028128,0.026453,0.0242612,0.0219833,0.0198251,0.0176675
0.032219,0.0313719,0.0309725,0.0299268,0.0282255,0.0267971,0.0248474,0.0226462,0.0206365,0.0187037,0.0168048
0.0305394,0.0298024,0.02936,0.0284732,0.0269141,0.0253889,0.0234468,0.0215258,0.0194796,0.0176233,0.0155891
0.0290647,0.0284301,0.0279813,0.0270417,0.0254943,0.0242296,0.0224269,0.0204256,0.018615,0.0166427,0.0148119
0.0277948,0.0270854,0.0266072,0.0257331,0.0243397,0.0229858,0.0212343,0.0193404,0.0174585,0.0157211,0.0138861
0.026443,0.0259449,0.0254173,0.024515,0.0232135,0.021943,0.0203164,0.0184301,0.0166229,0.0149832,0.0131294
0.0254306,0.0246474,0.0243689,0.0235263,0.0221624,0.0208836,0.019423,0.0175254,0.0157981,0.0140698,0.0125094
0.0242451,0.023592,0.0233825,0.0224012,0.0211593,0.0199101,0.0185094,0.016553,0.0149901,0.0134362,0.011808
0.0231409,0.0225032,0.0221482,0.0213643,0.0201993,0.0190911,0.0175107,0.0158237,0.014183,0.0127261,0.0111256
0.0222557,0.0216687,0.0212422,0.0204595,0.0193534,0.0182704,0.0166675,0.0150111,0.0135299,0.0121438,0.0105091
0.021262,0.0206414,0.0203141,0.0195711,0.0184676,0.0174347,0.0159651,0.0143816,0.0128591,0.0114897,0.0100066
0.0204675,0.0198771,0.0195543,0.0187748,0.0176188,0.0166551,0.0152932,0.013668,0.0124257,0.0109232,0.00953051
0.0195799,0.0190158,0.0186284,0.0180098,0.0169529,0.0160138,0.0144991,0.0131943,0.0117694,0.0103841,0.00903
0.0188979,0.0182913,0.0180764,0.0172878,0.0162372,0.0152146,0.0140302,0.0124803,0.0112585,0.00991577,0.00861206
0.0180743,0.0175418,0.017203,0.016588,0.0155652,0.0146758,0.0133134,0.0119816,0.0107428,0.00947425,0.00816009
0.0173873,0.0169127,0.0165845,0.0158871,0.0149088,0.0139688,0.0127794,0.011414,0.0102431,0.0090306,0.00777114
0.0166915,0.0162095,0.0159141,0.015282,0.0142404,0.0134914,0.0123251,0.0109959,0.009786,0.00864415,0.00746946
0.0160953,0.0156885,0.0153692,0.0147246,0.0137456,0.0128549,0.0117718,0.0105001,0.00939365,0.00823972,0.00701409
0.0154276,0.0150016,0.0147301,0.0141713,0.013177,0.0123752,0.011339,0.0100806,0.0089472,0.0078773,0.00678251
0.0148489,0.0144504,0.0142883,0.0135844,0.0127071,0.0118511,0.0110234,0.00961479,0.00860869,0.00757965,0.00645442
0.0143848,0.0139445,0.0135533,0.0129967,0.0122329,0.0114877,0.0104016,0.00930319,0.0082159,0.00720763,0.00620814
0.0138087,0.0134371,0.0131243,0.0125491,0.0117674,0.0109983,0.0100138,0.00893421,0.00787657,0.00686787,0.0058261
0.0133276,0.0129275,0.0126614,0.0120987,0.0112952,0.0105804,0.00963837,0.00853931,0.00755898,0.00659682,0.00558413
0.0128392,0.0124925,0.0121856,0.0116526,0.0108798,0.0101848,0.00928193,0.00820385,0.00725497,0.00631318,0.00535069
0.0124306,0.0120147,0.0117553,0.0112407,0.0105064,0.00979603,0.00891113,0.00788275,0.00697572,0.00608209,0.00512513
0.0119529,0.0116115,0.0113246,0.0108296,0.0101048,0.00942557,0.00856892,0.00751288,0.00666212,0.00577915,0.00492781
0.0115082,0.0111837,0.0110402,0.0104868,0.00980706,0.0090667,0.00833191,0.00733937,0.00644204,0.0055864,0.00468683
0.0111499,0.0107992,0.0106879,0.0101521,0.00938774,0.00873245,0.00801717,0.00703166,0.00621693,0.0053577,0.00451816
0.0107795,0.0104484,0.0101969,0.0097345,0.00910943,0.00846559,0.00767632,0.00673466,0.00599246,0.00513971,0.00434749
0.0103951,0.0101037,0.00981437,0.00943502,0.00874987,0.00818535,0.00742792,0.0065452,0.0057621,0.0049214,0.00415457
0.0100328,0.00972642,0.00953368,0.00909112,0.00842523,0.00785882,0.00717456,0.00627184,0.00550942,0.00475703,0.00399425
0.00972323,0.00943213,0.00918131,0.00877551,0.00814906,0.00758392,0.00689231,0.0060468,0.00531101,0.00456315,0.00383216
0.00937848,0.00915563,0.00894614,0.00851159,0.00783407,0.0073076,0.00665477,0.00584016,0.0051163,0.004392,0.00365563
0.00904398,0.00880982,0.00863778,0.00821358,0.00757896,0.00704501,0.00643695,0.00560028,0.00494206,0.00422267,0.00353852
0.00880276,0.00857359,0.00839198,0.00797338,0.00725599,0.00681358,0.00620017,0.00545962,0.00475944,0.00409035,0.00334999
0.00843035,0.00825586,0.00803568,0.00767603,0.00712839,0.00658462,0.00596903,0.00525006,0.00457736,0.00391321,0.00325561
0.00816071,0.00802704,0.00777,0.0073932,0.00683151,0.00634515,0.00576153,0.00502544,0.00443383,0.00374826,0.00315133
0.00793028,0.00770192,0.00757633,0.00724496,0.00665717,0.006175,0.0055676,0.00490735,0.00424895,0.00360669,0.00299791
0.00767443,0.00749426,0.00728072,0.00695437,0.00643141,0.00596363,0.00537484,0.00473504,0.00409878,0.00349554,0.00287657
0.00741307,0.00729805,0.00705244,0.00671633,0.00622422,0.00574113,0.00518576,0.00456214,0.00396592,0.00338526,0.00281073
0.00718928,0.00702452,0.00681024,0.00651832,0.00604048,0.00557144,0.00503076,0.00440442,0.00383436,0.0032395,0.00267813
0.00698409,0.0068365,0.0065887,0.00628908,0.00583664,0.00539217,0.00483327,0.0042545,0.00368368,0.00314204,0.00259503
0.00672628,0.00659869,0.00644473,0.00613368,0.00567951,0.00521659,0.00469557,0.00410992,0.00357419,0.00301335,0.00250028
0.00653883,0.00638355,0.00620822,0.00593894,0.00547012,0.00505366,0.00454339,0.00398253,0.00344279,0.00291127,0.00240945
0.00633392,0.00618577,0.00602856,0.00574151,0.00528203,0.00487666,0.00439908,0.0038596,0.00331391,0.00280695,0.00232704
0.0061651,0.00600197,0.00585593,0.00555824,0.00511355,0.0047354,0.00427634,0.00374313,0.00321355,0.00273097,0.00222823
0.00595241,0.00581923,0.00566806,0.00539,0.00494916,0.00456804,0.00410778,0.00361189,0.00310383,0.0026382,0.0021579
0.00574176,0.00565648,0.00547813,0.0052359,0.00482064,0.0044404,0.00399412,0.00348235,0.0030032,0.00252903,0.00208956
0.00558016,0.00547049,0.00532811,0.00506873,0.00466034,0.00429454,0.00385576,0.00337521,0.00290154,0.00244396,0.00201307
0.00542653,0.00528421,0.0051512,0.0049249,0.00453476,0.00416656,0.00372496,0.00327004,0.00280805,0.00236659,0.00194343
0.00526436,0.00516413,0.00503752,0.0048049,0.00440368,0.00404156,0.00361543,0.00317646,0.00272014,0.00229621,0.00187237
0.0050739,0.00503506,0.00485027,0.00464985,0.00425528,0.00390602,0.00350869,0.00305366,0.0026279,0.00220316,0.00180912
0.00494323,0.00485277,0.00472189,0.00448659,0.00411923,0.00378934,0.00339575,0.00296469,0.00254057,0.00213578,0.00174995
0.00481626,0.00472284,0.004587,0.00436921,0.00398481,0.00367818,0.00328838,0.00287446,0.0024616,0.0020776,0.00168387
0.00464626,0.00457713,0.00445602,0.00422141,0.00388699,0.00357834,0.00318985,0.00278417,0.00239104,0.00200024,0.00163749
0.00452875,0.00445779,0.00431195,0.00410335,0.00375519,0.00344662,0.00309118,0.00269399,0.00230975,0.00193521,0.00158065
0.00437961,0.00431595,0.00419796,0.00399729,0.00364885,0.00336614,0.00298999,0.00261534,0.00223523,0.00187101,0.00151973
0.00428771,0.00418342,0.00407377,0.00386746,0.00354874,0.00325797,0.00289811,0.00253382,0.00217107,0.00182112,0.00147572
0.00416284,0.00406539,0.00395829,0.00375552,0.00346849,0.00317447,0.00283227,0.00246062,0.00210602,0.00177584,0.00143278
0.00404803,0.00396379,0.00384882,0.00365824,0.0033402,0.00305751,0.00274145,0.00239253,0.00202633,0.00169988,0.0013871
0.00392738,0.00385297,0.00373923,0.00355015,0.00324076,0.00297691,0.00266555,0.0023104,0.00196636,0.00164531,0.00134398
0.00382419,0.00375433,0.00364449,0.00345678,0.00316058,0.00290698,0.0025658,0.00225613,0.00191347,0.00160576,0.00129175
0.00368939,0.00364234,0.00352634,0.0033371,0.00306129,0.00281964,0.00250076,0.00215769,0.00185312,0.00154479,0.00125776
0.00360242,0.00354241,0.00345124,0.0032568,0.00297771,0.00273449,0.00242512,0.00210648,0.00180022,0.00149213,0.00120918
0.00348385,0.00344135,0.0033428,0.00316793,0.00289077,0.00266539,0.00236174,0.00203981,0.0017411,0.00145112,0.00117515
0.00341935,0.0033337,0.00324851,0.00307556,0.00281315,0.00258033,0.0022863,0.00198767,0.00170122,0.00140224,0.0011353
0.0033103,0.00326374,0.00315638,0.00298789,0.00273116,0.00250659,0.00222752,0.00192277,0.00164303,0.00136363,0.00109554
0.00322793,0.00316753,0.00307146,0.00290743,0.00265295,0.00243562,0.0021653,0.00186936,0.00159333,0.00132291,0.00106614
0.00313348,0.00307743,0.00298491,0.00284294,0.00258991,0.00237562,0.00210556,0.00181607,0.0015389,0.00128174,0.00103556
0.00305317,0.00299642,0.00290681,0.00275427,0.00251552,0.00230646,0.00204426,0.00176616,0.00150378,0.00124502,0.000996764
0.0029708,0.00292054,0.00282569,0.00268141,0.00244306,0.00224078,0.00197869,0.00171573,0.00146423,0.00120413,0.000969084
0.00289579,0.00283374,0.002766,0.00260586,0.0023858,0.00218543,0.00193163,0.00167115,0.00142225,0.00117293,0.000939767
0.0028232,0.00276868,0.0026899,0.00252915,0.00231113,0.00211052,0.00188184,0.00162171,0.00138084,0.00113359,0.000906194
0.00273577,0.00269446,0.00260207,0.00246947,0.00226333,0.00206806,0.00182676,0.0015721,0.00133284,0.00111011,0.000878359
0.00265935,0.00263177,0.00255245,0.00240172,0.00219255,0.00200541,0.00176541,0.00153116,0.00129279,0.001072,0.00085145
0.00261265,0.00253712,0.00247264,0.00234359,0.0021333,0.00194954,0.00173243,0.00149203,0.00126478,0.00103555,0.000832107
0.00252026,0.00248693,0.00241253,0.00226703,0.00207217,0.00190403,0.00166921,0.00144344,0.00121972,0.00100647,0.000805825
0.0024643,0.00241672,0.00234324,0.00221152,0.00202408,0.001849,0.00163103,0.00140634,0.00119292,0.000978162,0.000775779
0.00239632,0.00235737,0.00229976,0.00214687,0.00196667,0.00179858,0.00158716,0.00136611,0.00116599,0.000943924,0.00075943
0.00233505,0.0022851,0.00222291,0.00210546,0.00193151,0.00176346,0.00154217,0.0013283,0.00113031,0.000927974,0.000733629
0.00227625,0.00223272,0.00218021,0.00203401,0.00186286,0.00170891,0.00149092,0.00129613,0.0010931,0.000892803,0.000717192
0.00222533,0.00217738,0.00211277,0.00199392,0.00182114,0.00166491,0.00145958,0.00125893,0.00106687,0.000872031,0.000689304
0.00215133,0.00212859,0.00205826,0.0019435,0.00178054,0.00162346,0.0014287,0.00122145,0.00103535,0.000839922,0.000669745
0.00211473,0.00206955,0.00201019,0.00188693,0.00172281,0.00157992,0.00137724,0.0011973,0.00100565,0.000821525,0.000651898
0.00205743,0.00200917,0.00195762,0.00183011,0.00168503,0.00153183,0.00133828,0.00116037,0.000976505,0.000801962,0.000630005
0.00200399,0.00195742,0.00191577,0.00179252,0.00164728,0.00149541,0.00132123,0.00112686,0.000957168,0.000781468,0.000611495
0.00195032,0.00192512,0.00187501,0.00174562,0.00160403,0.00145859,0.00126766,0.00110245,0.000924657,0.000761059,0.000592423
0.00191685,0.00186245,0.00181324,0.0017037,0.00155886,0.00141686,0.00123911,0.00107531,0.000903153,0.000735631,0.000576611
0.0018549,0.00181821,0.00176123,0.00165896,0.00152156,0.00138148,0.00121546,0.00104263,0.000877902,0.000715478,0.000559893
0.00182209,0.00177628,0.00171852,0.00161199,0.00148396,0.00134643,0.00117852,0.00101312,0.000860951,0.000696812,0.000543624
0.00176308,0.00173356,0.00167475,0.00157419,0.00145155,0.00131521,0.0011557,0.000982211,0.000832026,0.000673038,0.000527001
0.00172636,0.00168686,0.00164405,0.0015382,0.00141262,0.00127862,0.00111667,0.000963926,0.000812601,0.000660089,0.000513322
0.00167991,0.001656,0.00160723,0.00150652,0.00138002,0.00124507,0.0010872,0.000932835,0.000784718,0.000639077,0.000500375
0.00164531,0.00160383,0.00156157,0.00145773,0.00133998,0.00121438,0.00105743,0.000914356,0.000767832,0.000620621,0.000484356
0.00160062,0.00157554,0.00152555,0.00142961,0.00131006,0.00118941,0.0010415,0.000889836,0.000750309,0.000603511,0.000470817
0.00157105,0.00153222,0.00149292,0.00138512,0.00127617,0.00116091,0.00100868,0.000873845,0.000728838,0.0005886,0.000459115
0.0015152,0.00149567,0.00144983,0.00135643,0.00125061,0.00112802,0.000984996,0.000840127,0.000710811,0.000570031,0.000445367
0.00148343,0.00145493,0.00139896,0.00133129,0.00121986,0.00109619,0.00096371,0.000824903,0.00069185,0.000560606,0.000433757
0.00144978,0.00142864,0.00137594,0.00128372,0.00119648,0.00106751,0.000927892,0.000801984,0.000674324,0.000545028,0.000419865
0.00142678,0.00138622,0.0013448,0.00125663,0.00115691,0.00104143,0.000913652,0.000786882,0.000657564,0.000529087,0.000411157
0.00138204,0.0013595,0.00131752,0.00122842,0.00113518,0.00102202,0.000889509,0.000762803,0.000640206,0.000511862,0.000399256
0.00135196,0.00133348,0.0012875,0.00120494,0.00109967,0.000997991,0.000869573,0.000744294,0.000624521,0.000497913,0.000390179
0.00132473,0.00129278,0.00125752,0.00116463,0.00108048,0.00097596,0.000850969,0.000724327,0.000607404,0.000488165,0.00037826
0.00129817,0.00126256,0.00122781,0.00114323,0.00104565,0.00095174,0.000830682,0.000707076,0.000589641,0.000480705,0.000367981
0.00125532,0.00124278,0.00120357,0.00111154,0.00103066,0.000924939,0.000807024,0.000683427,0.000571912,0.000464117,0.000356121
0.001227,0.00120681,0.00116496,0.0010899,0.00100496,0.000900093,0.00078639,0.000668991,0.000562271,0.00045056,0.000348601
0.00120365,0.00118247,0.00113987,0.00106254,0.00098527,0.000882878,0.000772128,0.000651703,0.0005486,0.000437605,0.000340112
0.00118332,0.00115537,0.00111339,0.00104474,0.000953272,0.000861883,0.000748989,0.000642861,0.000537159,0.000429386,0.000331682
0.00114561,0.001123,0.00108478,0.00101318,0.000943409,0.000840824,0.000729568,0.000624146,0.000520748,0.000417856,0.000322995
0.00112038,0.00109556,0.00106523,0.000990199,0.000917605,0.000826975,0.000717821,0.000611356,0.000508491,0.000411344,0.000313689
0.00109604,0.00108204,0.0010483,0.000964334,0.000901417,0.000806922,0.000688428,0.000595947,0.000498366,0.000401132,0.000306162
0.00108407,0.00104984,0.00101347,0.000941644,0.000873171,0.000788571,0.00068315,0.0005826,0.000487547,0.000386935,0.000298913
0.00104352,0.00102493,0.000988256,0.000926845,0.000859384,0.000769576,0.000664408,0.000565452,0.000473111,0.000376577,0.000290377
0.00101777,0.00100149,0.000971,0.000901766,0.000840772,0.000748176,0.000645065,0.000551083,0.000458597,0.000369379,0.000282435
0.00100143,0.000973309,0.000945551,0.000881189,0.000820176,0.000730766,0.00063217,0.000540297,0.000451013,0.000359519,0.000276248
0.000991719,0.000955278,0.000924903,0.000861903,0.000794169,0.000715586,0.000622118,0.000529104,0.000436771,0.000351757,0.000267452
0.000959579,0.000941251,0.000905139,0.000842119,0.000781417,0.00069643,0.000603291,0.000516027,0.000429219,0.000343299,0.000260405
0.000944785,0.000915253,0.000884825,0.000826872,0.000760732,0.000685918,0.000593423,0.000504606,0.000421513,0.000333364,0.000255556
0.00091413,0.000897417,0.000862861,0.000806047,0.000745923,0.000666929,0.000578312,0.000490636,0.000408161,0.000324594,0.00024765
0.000902193,0.000880407,0.000844115,0.000791266,0.000722386,0.00065696,0.000564372,0.000481149,0.000401033,0.000316178,0.000243618
0.000875942,0.000861635,0.000826789,0.000774252,0.000710399,0.000641035,0.000555931,0.000464066,0.000391326,0.000310457,0.000236073
0.000859373,0.000837349,0.000805446,0.000750582,0.000696577,0.000620908,0.000533471,0.00045792,0.000380556,0.000301767,0.000232584
0.000842494,0.000814608,0.000791174,0.000734768,0.000685122,0.000604609,0.000525888,0.000449582,0.000372017,0.000296334,0.000224976
0.000824821,0.000800616,0.000768931,0.000719011,0.000665705,0.000597018,0.000512681,0.00044034,0.000362192,0.000288332,0.000219439
0.000799941,0.000781717,0.000755702,0.000701146,0.000658206,0.000581748,0.000502049,0.00042558,0.00035224,0.000281648,0.000214738
0.000788684,0.000765416,0.000735904,0.000684983,0.000636843,0.000570787,0.000491671,0.000418193,0.000346378,0.000275736,0.000209352
0.000765605,0.000752228,0.000719781,0.000671163,0.000625174,0.000555794,0.000478628,0.000407311,0.000336206,0.000269247,0.000204726
0.00075348,0.000740304,0.000707247,0.000659746,0.000610838,0.00054748,0.000469883,0.000399048,0.000331538,0.000262034,0.000200835
0.000735216,0.000723109,0.000693485,0.000647462,0.00059717,0.000535041,0.000456912,0.000388976,0.000321922,0.000254599,0.000193881
0.000725322,0.000700413,0.000674765,0.000625024,0.000584396,0.000521864,0.000449106,0.000382787,0.000315749,0.000250494,0.000191347
0.00070629,0.000683258,0.000664906,0.000618211,0.000567786,0.000511189,0.000437665,0.000371043,0.000309621,0.000244751,0.000186162
0.000694792,0.000671979,0.00064677,0.000600123,0.000561187,0.000497522,0.000429541,0.000367135,0.000298437,0.000240057,0.000181768
0.000677202,0.000654441,0.000635362,0.000587228,0.000547026,0.000486993,0.000423722,0.000355565,0.000293251,0.000234546,0.000176857
0.000661475,0.000646381,0.000619219,0.000575384,0.00053565,0.00047684,0.000411891,0.000349312,0.000286552,0.000228798,0.000172318
0.000642588,0.000634363,0.000605619,0.000565898,0.000525898,0.000464321,0.000399713,0.000341491,0.000279564,0.000222562,0.000167398
0.000630553,0.000620964,0.000594512,0.000559717,0.000511127,0.000457256,0.00039332,0.000331485,0.000272187,0.000217214,0.000164368
0.000616081,0.000605412,0.000580959,0.000541605,0.000503731,0.000451601,0.000382932,0.000325003,0.000268544,0.000212537,0.000160703
0.00060977,0.000588421,0.000569339,0.000531272,0.000491217,0.000434338,0.000373644,0.000318346,0.000260085,0.000207762,0.000157245
0.000596205,0.000578214,0.000556178,0.000518109,0.000481082,0.000428817,0.000365656,0.000311377,0.000256229,0.000203727,0.000153401
0.000581779,0.000568593,0.000546611,0.000508309,0.000471011,0.000419756,0.000357928,0.000304118,0.000250864,0.000198372,0.0001498
0.000570759,0.000553553,0.000532999,0.000497163,0.000461932,0.000408241,0.00035411,0.000298171,0.00024501,0.000194453,0.000145881
0.000555165,0.000545064,0.000523734,0.000487036,0.000455024,0.00040319,0.000345355,0.000292497,0.000238944,0.00019111,0.000141976
0.000544381,0.000531658,0.000512571,0.000475016,0.000443972,0.000394209,0.000336395,0.00028455,0.000235368,0.000187064,0.000138417
0.000531656,0.000521517,0.000502475,0.000468568,0.000433366,0.000386962,0.000330221,0.000276733,0.000228623,0.000181542,0.000136088
0.000520821,0.000510199,0.000493255,0.000457534,0.000427164,0.000378331,0.000322182,0.000272107,0.000223647,0.000178223,0.000132408
0.000513679,0.000496968,0.000483675,0.000448949,0.000414959,0.000369796,0.000315088,0.000266196,0.000219302,0.000173593,0.000129282
0.000503866,0.000487864,0.000473666,0.000435334,0.000409074,0.000359403,0.000307853,0.000259516,0.000215168,0.000169716,0.000127768
0.000497327,0.000478159,0.000461566,0.000431567,0.00039643,0.000351944,0.000303581,0.000254677,0.000210248,0.000166043,0.000123775
0.000484732,0.00047018,0.000452237,0.000421085,0.000388703,0.000345849,0.000294696,0.000249751,0.000205633,0.000161221,0.000121513
0.000471533,0.000461993,0.000442086,0.0004128,0.000382501,0.000339374,0.000289234,0.0002444,0.000200298,0.000158623,0.000119022
0.000465183,0.000451215,0.000435443,0.000404427,0.000370875,0.0003318,0.000283731,0.000237412,0.000198069,0.000154904,0.000116011
0.000451846,0.000441116,0.000426441,0.000395244,0.00036734,0.000325599,0.000277254,0.000232497,0.00019128,0.00015037,0.000112824
0.000444389,0.000432108,0.000415783,0.000388736,0.000359876,0.000317552,0.000271525,0.000228633,0.000187859,0.00014805,0.000110555
0.00043661,0.000421264,0.000408722,0.000380813,0.000351261,0.00031217,0.000264649,0.000223943,0.000183346,0.00014469,0.000108116
0.000427155,0.000413132,0.000397768,0.000373035,0.000344232,0.000304163,0.0002601,0.000220349,0.000180457,0.000141322,0.000105299
0.00041822,0.000406588,0.000391373,0.000364865,0.000338416,0.000298594,0.000254977,0.000213948,0.000176011,0.000138152,0.000103226
0.000407046,0.000399941,0.000383156,0.000357684,0.000333355,0.000291266,0.000250026,0.000209518,0.000171107,0.000135051,0.000101413
0.00039992,0.000390566,0.000375964,0.000348752,0.000324576,0.000287492,0.000244792,0.000205152,0.000168448,0.00013241,9.82135e-05
0.00039286,0.000381365,0.000368361,0.000340986,0.000319008,0.000281836,0.000239544,0.00020085,0.000165223,0.000129734,9.64149e-05
0.000386084,0.000370836,0.000360965,0.000335391,0.000311357,0.000275426,0.000233439,0.000197491,0.000161749,0.000126085,9.38214e-05
0.000379228,0.000365244,0.000356217,0.000327979,0.000303817,0.000269879,0.000230258,0.000192454,0.000157596,0.000124172,9.21897e-05
0.000371672,0.00036002,0.000348677,0.000323962,0.000299367,0.000263771,0.000224717,0.000187876,0.000154948,0.000121412,9.02274e-05
0.000362314,0.000351756,0.000339771,0.000315275,0.000294449,0.000259304,0.000220746,0.000185148,0.000151291,0.000118582,8.78716e-05
0.000356213,0.00034605,0.000333834,0.000310883,0.000285963,0.000253998,0.000215445,0.000180031,0.000148798,0.000115731,8.60231e-05
0.000348963,0.000337547,0.000327153,0.000303579,0.000281791,0.000248406,0.000211276,0.000177474,0.000145324,0.000113294,8.38281e-05
0.000339233,0.000333018,0.000320012,0.000298096,0.000276359,0.000244569,0.000207023,0.000171903,0.000141185,0.000110919,8.18443e-05
0.000335238,0.000324989,0.000316265,0.000291055,0.000270714,0.00023861,0.000202358,0.000170468,0.000139052,0.000108977,8.06517e-05
0.000326231,0.000318958,0.00030999,0.000286131,0.000265674,0.000234973,0.000198737,0.000165575,0.000135509,0.000106214,7.82347e-05
0.000322422,0.000313415,0.000303384,0.000281508,0.00026018,0.00022967,0.000193766,0.000162242,0.000132964,0.000104057,7.6604e-05
0.000315324,0.000304259,0.000297102,0.000274798,0.000255215,0.000225353,0.000190242,0.000159963,0.0001305,0.000101495,7.4758e-05
0.000308972,0.000301274,0.000290867,0.000269303,0.000249653,0.000220553,0.000186934,0.000156198,0.00012762,9.93026e-05,7.3139e-05
0.000304972,0.000295052,0.000285062,0.000265151,0.000245306,0.000215601,0.000183237,0.000152702,0.000125246,9.68481e-05,7.15387e-05
0.000297105,0.000288183,0.00027938,0.000259383,0.000240162,0.000212935,0.000179493,0.000150407,0.000122792,9.53537e-05,7.00452e-05
0.000290048,0.000284044,0.000274097,0.000253081,0.000235787,0.00020895,0.000176124,0.000146611,0.000120276,9.32741e-05,6.84879e-05
0.000285618,0.000277041,0.000268844,0.000249315,0.000232154,0.000204278,0.000172569,0.000143967,0.000116968,9.13042e-05,6.65419e-05
0.000280267,0.000269799,0.000264362,0.00024449,0.000227244,0.000199833,0.000169575,0.000140327,0.00011403,8.91132e-05,6.51805e-05
0.000275003,0.000267251,0.000258924,0.000239596,0.0002219,0.000196188,0.000166153,0.000137533,0.000112122,8.72607e-05,6.36559e-05
0.000269378,0.000262611,0.000254203,0.000236025,0.00021755,0.000191558,0.000161665,0.00013503,0.000110227,8.5505e-05,6.26747e-05
0.000265153,0.000257116,0.000246941,0.000229552,0.000214034,0.000187999,0.000159716,0.00013316,0.00010794,8.34304e-05,6.13638e-05
0.000260019,0.000254749,0.000243224,0.00022651,0.000208333,0.000185007,0.000155335,0.000129379,0.000106196,8.12498e-05,5.97032e-05
0.000253913,0.000246932,0.000239712,0.000221614,0.000206212,0.000181135,0.000153311,0.000126683,0.000103341,7.99051e-05,5.86061e-05
0.000249727,0.000242691,0.000233981,0.00021709,0.000202449,0.00017757,0.000149971,0.000125066,0.000100641,7.86241e-05,5.71873e-05
0.000245184,0.000236949,0.000229761,0.000212596,0.000197881,0.000173987,0.000147984,0.000121929,9.89425e-05,7.66256e-05,5.58845e-05
0.000240836,0.00023357,0.000225858,0.000210157,0.000193791,0.000170998,0.000144343,0.00011935,9.76791e-05,7.49757e-05,5.5202e-05
0.000236336,0.000229435,0.000222209,0.000205855,0.000191474,0.000167361,0.000141088,0.00011636,9.49221e-05,7.30596e-05,5.38259e-05
0.000231901,0.000224682,0.000218412,0.000201564,0.000187391,0.000165393,0.000138269,0.000114861,9.34855e-05,7.20477e-05,5.24387e-05
0.000226759,0.000219865,0.000214592,0.000197233,0.000183222,0.000161288,0.000135443,0.000111851,9.12319e-05,7.0367e-05,5.15919e-05
0.000223312,0.000216031,0.000209217,0.000193294,0.000180407,0.000157999,0.00013323,0.000110166,8.97436e-05,6.9117e-05,5.05207e-05
0.000217713,0.000212123,0.00020473,0.000189979,0.000176476,0.000155508,0.000131869,0.000108216,8.81005e-05,6.75472e-05,4.92878e-05
0.000214224,0.000208831,0.000201602,0.000186582,0.000173071,0.000152337,0.000127829,0.000105985,8.59425e-05,6.62937e-05,4.82988e-05
0.000211078,0.000204987,0.000198634,0.000183173,0.000169655,0.000149235,0.000125839,0.000103719,8.39105e-05,6.45401e-05,4.71915e-05
0.000206795,0.000201206,0.000193491,0.000179225,0.000167183,0.000145712,0.000124124,0.000101854,8.20157e-05,6.34834e-05,4.59589e-05
0.000202589,0.000196208,0.000190764,0.000175207,0.000162595,0.000143833,0.000120912,9.98548e-05,8.0714e-05,6.20232e-05,4.49931e-05
0.000200525,0.000192986,0.000187611,0.000172497,0.000160689,0.000140621,0.000118723,9.77218e-05,7.88846e-05,6.09171e-05,4.41137e-05
0.000193985,0.000189396,0.000183578,0.000170871,0.000157681,0.000138858,0.000115908,9.49338e-05,7.78082e-05,5.92436e-05,4.34045e-05
0.0001936,0.00018592,0.000180226,0.000166466,0.000155389,0.000135925,0.000115091,9.3707e-05,7.62137e-05,5.82298e-05,4.23859e-05
0.000188296,0.000184074,0.000177791,0.000163839,0.000151225,0.000134863,0.000111378,9.23783e-05,7.38105e-05,5.69777e-05,4.12324e-05
0.00018448,0.000179379,0.000173543,0.000160749,0.000149009,0.000131307,0.000109615,9.00103e-05,7.31986e-05,5.61146e-05,4.08184e-05
0.000180634,0.000175653,0.000169511,0.000158881,0.000146455,0.000128282,0.000107939,8.8211e-05,7.12066e-05,5.49073e-05,3.97984e-05
0.000177027,0.000172785,0.000166632,0.000155264,0.000143337,0.00012602,0.000105527,8.57559e-05,7.09854e-05,5.36554e-05,3.89673e-05
0.00017485,0.000170683,0.000164511,0.000151949,0.000141283,0.000124105,0.000103115,8.4579e-05,6.83465e-05,5.25964e-05,3.79464e-05
0.000169686,0.00016707,0.000160486,0.000150052,0.00013873,0.000122147,0.000101276,8.4031e-05,6.74096e-05,5.2054e-05,3.74445e-05
0.000167372,0.000163066,0.000159095,0.000146099,0.000135831,0.000118864,0.000100944,8.12843e-05,6.55751e-05,5.06666e-05,3.68118e-05
0.000166082,0.000160822,0.000155263,0.000143475,0.000132941,0.00011741,9.75787e-05,8.02557e-05,6.47982e-05,4.97906e-05,3.58396e-05
0.000162189,0.000157562,0.000151657,0.000140813,0.000131065,0.000115128,9.62895e-05,7.87585e-05,6.33212e-05,4.86934e-05,3.53562e-05
0.000158631,0.000154878,0.000150758,0.000138535,0.000127737,0.000113218,9.50696e-05,7.69764e-05,6.19183e-05,4.80665e-05,3.4462e-05
0.000156411,0.00015129,0.000148525,0.000136463,0.000126421,0.000112072,9.32665e-05,7.60368e-05,6.09719e-05,4.65573e-05,3.37694e-05
0.000151245,0.000148784,0.000145337,0.000133488,0.000124363,0.000108132,9.13193e-05,7.38041e-05,5.94906e-05,4.59977e-05,3.34494e-05
0.000151423,0.000145746,0.000142901,0.000131717,0.000121563,0.000107186,9.00815e-05,7.2509e-05,5.81311e-05,4.46244e-05,3.24296e-05
0.000146701,0.000143955,0.000139177,0.000128544,0.000119055,0.000105687,8.809e-05,7.11966e-05,5.76486e-05,4.39227e-05,3.18718e-05
0.00014386,0.000141497,0.000137935,0.000126964,0.000116704,0.000103418,8.58916e-05,6.97959e-05,5.64531e-05,4.34445e-05,3.14531e-05
0.000142563,0.000138883,0.000135019,0.000123767,0.000115837,0.000101622,8.42105e-05,6.90602e-05,5.52493e-05,4.23459e-05,3.07566e-05
0.00013935,0.00013599,0.000132604,0.000121633,0.000113079,9.89985e-05,8.39415e-05,6.72946e-05,5.37021e-05,4.16775e-05,3.00028e-05
0.000138566,0.000133796,0.000129542,0.000118996,0.000111396,9.68094e-05,8.16958e-05,6.62677e-05,5.39014e-05,4.0825e-05,2.95975e-05
0.000134463,0.000131223,0.000127488,0.000118092,0.000109216,9.57066e-05,7.97706e-05,6.45523e-05,5.19204e-05,4.00296e-05,2.90315e-05
0.000131549,0.000129074,0.000127309,0.000116248,0.00010727,9.47648e-05,7.85377e-05,6.37466e-05,5.12636e-05,3.95077e-05,2.84755e-05
0.000130382,0.000126716,0.000123848,0.000113287,0.000104971,9.29043e-05,7.66801e-05,6.24355e-05,4.97341e-05,3.83957e-05,2.77463e-05
0.000126938,0.000123641,0.000121565,0.000110692,0.000103076,9.08678e-05,7.58161e-05,6.08485e-05,4.92267e-05,3.76102e-05,2.74518e-05
0.000125161,0.000122212,0.000118529,0.000109202,0.000101404,8.90677e-05,7.46081e-05,6.00749e-05,4.79584e-05,3.73082e-05,2.70199e-05
0.00012278,0.000120834,0.000116766,0.000107227,0.00010023,8.78483e-05,7.23234e-05,5.93645e-05,4.7697e-05,3.62409e-05,2.6517e-05
0.000120564,0.000118534,0.000116022,0.000105584,9.78998e-05,8.67607e-05,7.14415e-05,5.80441e-05,4.66563e-05,3.51962e-05,2.56988e-05
0.000116666,0.000116059,0.00011152,0.000102663,9.63002e-05,8.47764e-05,7.0774e-05,5.65814e-05,4.60344e-05,3.52302e-05,2.52855e-05
0.000118062,0.000114535,0.000110641,0.000101266,9.49407e-05,8.15615e-05,6.97989e-05,5.4903e-05,4.41163e-05,3.40175e-05,2.50711e-05
0.000114141,0.000112811,0.000108303,0.000100656,9.22065e-05,8.17383e-05,6.77401e-05,5.46174e-05,4.37722e-05,3.39622e-05,2.42895e-05
0.000112792,0.000109704,0.000107634,9.90978e-05,9.07817e-05,8.11727e-05,6.65097e-05,5.37244e-05,4.25692e-05,3.29346e-05,2.35927e-05
0.000110177,0.000108033,0.000105655,9.68486e-05,8.97707e-05,7.8834e-05,6.53153e-05,5.28818e-05,4.23551e-05,3.25179e-05,2.35448e-05
0.000106314,0.000105109,0.000103768,9.45062e-05,8.85025e-05,7.79413e-05,6.43441e-05,5.10946e-05,4.13429e-05,3.17766e-05,2.31334e-05
0.00010688,0.000105028,0.000102227,9.25752e-05,8.72862e-05,7.64058e-05,6.36918e-05,5.08795e-05,4.07665e-05,3.12622e-05,2.25409e-05
0.000103797,0.00010211,9.95536e-05,9.16801e-05,8.52379e-05,7.43912e-05,6.22017e-05,4.9593e-05,3.99337e-05,3.09517e-05,2.24317e-05
0.000102753,0.000100956,9.91954e-05,9.06347e-05,8.33167e-05,7.39921e-05,6.09659e-05,4.90459e-05,3.9199e-05,3.01619e-05,2.18754e-05
0.000101085,9.93081e-05,9.59266e-05,8.9091e-05,8.14599e-05,7.24973e-05,5.97938e-05,4.77197e-05,3.83591e-05,2.95791e-05,2.15972e-05
9.70989e-05,9.62727e-05,9.64643e-05,8.64913e-05,8.03305e-05,7.11983e-05,5.83489e-05,4.76226e-05,3.86668e-05,2.90932e-05,2.13761e-05
9.77415e-05,9.58666e-05,9.42362e-05,8.53095e-05,8.01073e-05,6.98941e-05,5.75708e-05,4.65928e-05,3.68812e-05,2.818e-05,2.05892e-05
9.53133e-05,9.48092e-05,9.12347e-05,8.45656e-05,7.9113e-05,6.83556e-05,5.65166e-05,4.5529e-05,3.64772e-05,2.80294e-05,2.04032e-05
9.3892e-05,9.21026e-05,9.08693e-05,8.31537e-05,7.61525e-05,6.8335e-05,5.56794e-05,4.47068e-05,3.51524e-05,2.74423e-05,2.00337e-05
9.26753e-05,9.03427e-05,8.96847e-05,8.15016e-05,7.51034e-05,6.74963e-05,5.45175e-05,4.36519e-05,3.53099e-05,2.68772e-05,1.96531e-05
9.02441e-05,8.87461e-05,8.78771e-05,7.92403e-05,7.37823e-05,6.52175e-05,5.35808e-05,4.26903e-05,3.44493e-05,2.66337e-05,1.93802e-05
8.93548e-05,8.7066e-05,8.54871e-05,7.84442e-05,7.23515e-05,6.41355e-05,5.34449e-05,4.21358e-05,3.37603e-05,2.59935e-05,1.89893e-05
8.73498e-05,8.58669e-05,8.39562e-05,7.68072e-05,7.11778e-05,6.226e-05,5.15401e-05,4.08194e-05,3.32652e-05,2.56313e-05,1.8697e-05
8.61739e-05,8.4117e-05,8.34796e-05,7.56782e-05,7.0508e-05,6.14235e-05,5.13407e-05,4.08604e-05,3.24475e-05,2.55813e-05,1.85479e-05
8.54535e-05,8.30975e-05,8.20903e-05,7.34697e-05,6.92494e-05,6.06125e-05,5.03112e-05,3.9433e-05,3.20001e-05,2.48503e-05,1.79298e-05
8.19221e-05,8.10111e-05,8.16057e-05,7.30791e-05,6.83846e-05,6.04972e-05,4.90939e-05,4.00404e-05,3.16364e-05,2.42958e-05,1.77279e-05
8.15261e-05,7.92381e-05,7.85513e-05,7.21371e-05,6.69572e-05,5.85399e-05,4.87031e-05,3.85828e-05,3.08429e-05,2.38749e-05,1.77141e-05
8.0804e-05,7.82048e-05,7.76849e-05,7.00728e-05,6.49116e-05,5.84892e-05,4.7117e-05,3.78405e-05,3.0289e-05,2.31666e-05,1.70743e-05
7.90704e-05,7.80826e-05,7.58025e-05,7.01605e-05,6.39718e-05,5.72281e-05,4.74125e-05,3.72241e-05,2.95493e-05,2.3139e-05,1.69061e-05
7.74182e-05,7.65344e-05,7.50266e-05,6.73165e-05,6.36133e-05,5.57995e-05,4.54254e-05,3.67012e-05,2.94126e-05,2.2865e-05,1.66733e-05
7.50755e-05,7.49089e-05,7.38548e-05,6.68589e-05,6.35677e-05,5.5209e-05,4.45841e-05,3.65344e-05,2.87786e-05,2.26568e-05,1.65047e-05
7.48145e-05,7.39684e-05,7.25252e-05,6.57403e-05,6.15722e-05,5.43671e-05,4.46559e-05,3.52785e-05,2.77622e-05,2.22056e-05,1.61492e-05
7.41151e-05,7.21209e-05,6.99858e-05,6.49696e-05,6.06628e-05,5.2952e-05,4.41105e-05,3.43943e-05,2.74532e-05,2.19412e-05,1.5856e-05
7.3388e-05,7.11801e-05,7.09989e-05,6.47772e-05,5.94941e-05,5.21138e-05,4.36411e-05,3.38475e-05,2.70739e-05,2.10222e-05,1.56059e-05
7.06611e-05,6.95086e-05,6.82137e-05,6.18313e-05,5.83164e-05,5.20469e-05,4.17529e-05,3.32579e-05,2.68365e-05,2.08082e-05,1.52062e-05
6.98274e-05,6.84012e-05,6.74734e-05,6.25527e-05,5.734e-05,5.14186e-05,4.15992e-05,3.29623e-05,2.62519e-05,2.03391e-05,1.49638e-05
6.92441e-05,6.8024e-05,6.74181e-05,6.02438e-05,5.61872e-05,5.04694e-05,4.00067e-05,3.28177e-05,2.59713e-05,1.98875e-05,1.46957e-05
6.83483e-05,6.74225e-05,6.6621e-05,5.99222e-05,5.59235e-05,4.89875e-05,3.93036e-05,3.21906e-05,2.50685e-05,1.98043e-05,1.4443e-05
6.6607e-05,6.59258e-05,6.53156e-05,5.87903e-05,5.45646e-05,4.91915e-05,3.8696e-05,3.13138e-05,2.5041e-05,1.96924e-05,1.43277e-05
6.41983e-05,6.36416e-05,6.331e-05,5.79452e-05,5.35601e-05,4.75068e-05,3.85553e-05,3.05863e-05,2.46333e-05,1.91743e-05,1.42222e-05
6.36526e-05,6.33738e-05,6.26506e-05,5.70468e-05,5.26791e-05,4.64677e-05,3.79164e-05,3.02735e-05,2.41523e-05,1.88254e-05,1.39812e-05
6.22426e-05,6.25035e-05,6.2128e-05,5.52466e-05,5.23337e-05,4.58046e-05,3.77075e-05,2.97643e-05,2.38112e-05,1.85846e-05,1.35918e-05
6.25094e-05,6.19009e-05,6.11093e-05,5.46727e-05,5.08228e-05,4.49666e-05,3.71353e-05,2.87539e-05,2.33363e-05,1.81843e-05,1.34019e-05
6.17283e-05,6.00802e-05,6.0249e-05,5.37814e-05,5.02793e-05,4.42957e-05,3.568e-05,2.89036e-05,2.29299e-05,1.78508e-05,1.32518e-05
5.96522e-05,5.88346e-05,5.89116e-05,5.37433e-05,4.96074e-05,4.40796e-05,3.57541e-05,2.79809e-05,2.26896e-05,1.75631e-05,1.31611e-05
5.97699e-05,5.83523e-05,5.86384e-05,5.31612e-05,4.90739e-05,4.29195e-05,3.46783e-05,2.75011e-05,2.16973e-05,1.73941e-05,1.29058e-05
5.77216e-05,5.71457e-05,5.67629e-05,5.13443e-05,4.80035e-05,4.16338e-05,3.44139e-05,2.71941e-05,2.16253e-05,1.70297e-05,1.26461e-05
5.69733e-05,5.67528e-05,5.56045e-05,5.04275e-05,4.67153e-05,4.13833e-05,3.34876e-05,2.63834e-05,2.13122e-05,1.6943e-05,1.24954e-05
5.46219e-05,5.55707e-05,5.43708e-05,5.02524e-05,4.6042e-05,4.10352e-05,3.26632e-05,2.63331e-05,2.08721e-05,1.63764e-05,1.23103e-05
5.50776e-05,5.4725e-05,5.38429e-05,4.92117e-05,4.54178e-05,4.01351e-05,3.29789e-05,2.58774e-05,2.06398e-05,1.59571e-05,1.21572e-05
5.3921e-05,5.41323e-05,5.31569e-05,4.94083e-05,4.48158e-05,3.93903e-05,3.20291e-05,2.56514e-05,2.02187e-05,1.5787e-05,1.19086e-05
5.37454e-05,5.26898e-05,5.29784e-05,4.62656e-05,4.39327e-05,3.87703e-05,3.12666e-05,2.46151e-05,1.99519e-05,1.56725e-05,1.16309e-05
5.33343e-05,5.24609e-05,5.20572e-05,4.67021e-05,4.25932e-05,3.82691e-05,3.04598e-05,2.47774e-05,1.98128e-05,1.56784e-05,1.14987e-05
5.09217e-05,5.01598e-05,5.09329e-05,4.50219e-05,4.25057e-05,3.76723e-05,3.05593e-05,2.4272e-05,1.95944e-05,1.51718e-05,1.1286e-05
5.07945e-05,4.99406e-05,5.1109e-05,4.50854e-05,4.1699e-05,3.72762e-05,3.02253e-05,2.37537e-05,1.90463e-05,1.47678e-05,1.11668e-05
5.02165e-05,4.867e-05,4.95835e-05,4.42331e-05,4.17282e-05,3.60686e-05,3.01413e-05,2.35082e-05,1.87371e-05,1.47503e-05,1.11172e-05
4.85838e-05,4.86542e-05,4.80559e-05,4.35431e-05,4.03161e-05,3.59053e-05,2.93716e-05,2.26504e-05,1.83054e-05,1.43755e-05,1.08383e-05
4.83719e-05,4.75371e-05,4.6193e-05,4.33769e-05,4.0517e-05,3.5538e-05,2.8942e-05,2.23939e-05,1.8386e-05,1.41277e-05,1.06124e-05
