0.0596223,0.0587808,0.0578173,0.0572596,0.0547052,0.0521087,0.0492699,0.0465894,0.0426675,0.0399645,0.0361044
0.0561248,0.0553826,0.0545035,0.053319,0.0511815,0.0485433,0.0454682,0.043428,0.0397683,0.0369646,0.0332478
0.0524396,0.0519516,0.0510251,0.0501611,0.0475698,0.0456525,0.0427277,0.0401293,0.0369914,0.0340069,0.0310218
0.0493322,0.0486079,0.0479918,0.0467215,0.0447444,0.0423963,0.0399007,0.0374111,0.034266,0.0314584,0.0284671
0.0465333,0.0458238,0.0451553,0.043977,0.0420379,0.0397973,0.0373393,0.0349378,0.0319781,0.0292685,0.0264442
0.0439948,0.043361,0.0426692,0.0415037,0.0395928,0.0374456,0.0350896,0.0327502,0.0299858,0.0273146,0.0246549
0.0416007,0.0408593,0.0402606,0.0391449,0.0373172,0.0352483,0.0330103,0.0306747,0.0280099,0.025512,0.0229778
0.0393582,0.0387698,0.0380648,0.0370328,0.0352521,0.0333307,0.0311603,0.0288903,0.0262839,0.0239856,0.0214905
0.0373816,0.0366304,0.0361225,0.0350435,0.0333481,0.0314361,0.0293777,0.027136,0.0246911,0.0224176,0.020101
0.0355343,0.0347489,0.0342446,0.0331762,0.0316437,0.0296397,0.0279023,0.0255315,0.0232485,0.0210893,0.0189028
0.0336958,0.0331675,0.0325285,0.0315316,0.0298738,0.0282219,0.0265341,0.0243298,0.0220385,0.0198698,0.0177017
0.0323509,0.0314991,0.0310939,0.0300413,0.0283283,0.0268884,0.0249251,0.022712,0.0206894,0.0187468,0.0168378
0.0306667,0.0299251,0.0294777,0.0285839,0.027013,0.025477,0.0235217,0.0215889,0.0195304,0.0176645,0.0156205
0.0291876,0.0285489,0.0280949,0.027148,0.02559,0.0243144,0.0224993,0.0204866,0.0186645,0.0166822,0.0148419
0.0279144,0.0272008,0.0267172,0.0258366,0.0244326,0.0230683,0.0213042,0.0193992,0.0175056,0.0157592,0.0139149
0.0265585,0.0260569,0.0255243,0.0246146,0.0233032,0.0220227,0.0203847,0.0184874,0.0166685,0.01502,0.0131573
0.0255435,0.0247553,0.0244728,0.0236242,0.0222493,0.020961,0.0194886,0.0175802,0.015842,0.0141049,0.0125364
0.0243544,0.0236969,0.0234841,0.0224952,0.021244,0.0199846,0.0185733,0.0166058,0.0150325,0.0134701,0.0118337
0.0232461,0.0226052,0.0222459,0.0214559,0.0202812,0.0191641,0.0175718,0.0158749,0.0142238,0.0127589,0.0111504
0.0223584,0.0217684,0.0213371,0.0205482,0.0194332,0.018341,0.0167267,0.0150607,0.0135694,0.0121756,0.0105328
0.0213615,0.0207378,0.0204064,0.0196575,0.0185448,0.0175035,0.0160225,0.0144295,0.0128973,0.0115202,0.0100297
0.0205648,0.0199708,0.0196441,0.0188584,0.0176938,0.016721,0.0153491,0.013714,0.0124631,0.0109526,0.00955255
0.0196739,0.0191074,0.0187153,0.0180917,0.0170256,0.0160792,0.0145529,0.0132394,0.0118053,0.010412,0.0090514
0.0189904,0.0183799,0.0181617,0.0173672,0.0163082,0.015277,0.0140829,0.0125233,0.0112929,0.00994322,0.0086326
0.0181634,0.0176283,0.0172855,0.0166651,0.0156339,0.014737,0.0133642,0.0120237,0.0107765,0.00950073,0.00817975
0.0174745,0.0169973,0.0166651,0.015962,0.0149758,0.014028,0.0128289,0.0114545,0.0102756,0.0090562,0.00779039
0.0167762,0.0162914,0.0159923,0.015355,0.0143054,0.0135492,0.0123734,0.0110355,0.00981765,0.00866887,0.00748814
0.0161781,0.0157689,0.0154457,0.0147957,0.0138091,0.0129106,0.0118187,0.0105383,0.00942428,0.0082637,0.00703188
0.0155078,0.0150795,0.0148044,0.0142406,0.0132385,0.0124297,0.0113846,0.0101179,0.0089767,0.00790045,0.00679991
0.0149273,0.0145263,0.0143612,0.0136518,0.0127671,0.011904,0.0110681,0.00965062,0.00863722,0.0076021,0.00647106
0.0144613,0.0140185,0.0136232,0.013062,0.0122914,0.0115396,0.0104443,0.00933801,0.00824354,0.00722937,0.00622458
0.0138831,0.0135092,0.0131926,0.0126128,0.0118244,0.0110485,0.0100553,0.00896817,0.00790346,0.0068888,0.00584151
0.0134002,0.0129977,0.0127281,0.0121608,0.0113505,0.0106293,0.00967881,0.00857221,0.007585,0.00661712,0.00559907
0.0129099,0.012561,0.0122504,0.011713,0.0109337,0.0102324,0.00932125,0.00823582,0.00728029,0.00633289,0.00536522
0.0124997,0.0120814,0.0118186,0.0112998,0.0105588,0.00984233,0.00894941,0.00791348,0.00700018,0.00610118,0.00513921
0.0120202,0.0116768,0.0113862,0.0108869,0.0101558,0.00947048,0.00860603,0.00754267,0.00668565,0.00579744,0.00494147
0.0115736,0.0112472,0.0111009,0.0105429,0.00985729,0.00911067,0.00836828,0.00736859,0.00646506,0.00560435,0.00469987
0.011214,0.010861,0.0107473,0.0102069,0.00943623,0.0087751,0.00805264,0.00705997,0.00623933,0.00537504,0.00453082
0.0108419,0.0105089,0.0102542,0.00978778,0.00915692,0.00850725,0.00771065,0.006762,0.00601422,0.00515639,0.00435981
0.0104559,0.0101624,0.00987012,0.00948697,0.0087959,0.00822595,0.00746137,0.00657209,0.00578335,0.0049375,0.00416624
0.0100921,0.00978358,0.00958837,0.0091417,0.00846999,0.00789823,0.00720725,0.00629787,0.00552983,0.00477275,0.00400569
0.00978132,0.00948807,0.00923448,0.00882485,0.00819291,0.00762226,0.00692397,0.00607216,0.00533082,0.00457844,0.00384325
0.00943505,0.00921034,0.0089984,0.00855971,0.00787629,0.00734492,0.00668549,0.00586476,0.00513563,0.0044067,0.00366637
0.00909897,0.00886296,0.00868869,0.00826046,0.00762035,0.00708128,0.0064671,0.00562411,0.00496093,0.00423705,0.00354895
0.00885685,0.00862552,0.00844182,0.00801907,0.00729612,0.00684881,0.00622939,0.00548305,0.0047779,0.00410433,0.00336003
0.00848249,0.00830663,0.00808389,0.00772068,0.00716809,0.00661925,0.00599729,0.00527274,0.00459507,0.00392667,0.00326545
0.00821167,0.00807665,0.00781698,0.00743663,0.00686992,0.00637874,0.00578906,0.00504729,0.00445115,0.00376135,0.00316102
0.00798026,0.00775011,0.00762255,0.00728762,0.00669483,0.00620784,0.00559443,0.00492867,0.0042657,0.00361932,0.00300717
0.00772301,0.00754156,0.00732562,0.00699575,0.00646807,0.00599562,0.00540088,0.00475608,0.00411497,0.00350784,0.00288548
0.00746035,0.00734443,0.00709618,0.00675676,0.00626012,0.00577213,0.00521112,0.00458247,0.00398179,0.00339733,0.00281955
0.00723556,0.00706954,0.00685297,0.00655781,0.00607543,0.00560187,0.00505549,0.00442429,0.0038496,0.00325102,0.00268657
0.00702947,0.00688065,0.00663034,0.00632748,0.005871,0.00542176,0.00485732,0.00427385,0.00369854,0.00315334,0.00260324
0.00677032,0.00664154,0.0064856,0.00617119,0.00571286,0.00524544,0.00471903,0.0041286,0.00358877,0.00302425,0.00250821
0.00658197,0.00642542,0.00624806,0.00597563,0.0055026,0.00508172,0.00456628,0.00400071,0.0034569,0.00292187,0.00241717
0.00637604,0.00622662,0.00606749,0.00577735,0.00531367,0.00490393,0.0044214,0.00387741,0.00332751,0.00281726,0.00233458
0.00620635,0.00604178,0.00589402,0.00559319,0.00514446,0.00476207,0.00429822,0.00376064,0.00322674,0.00274099,0.00223541
0.00599258,0.00585815,0.00570524,0.00542415,0.00497923,0.00459397,0.00412892,0.00362885,0.00311675,0.00264803,0.00216499
0.00578076,0.00569467,0.00551431,0.00526925,0.00485016,0.00446571,0.00401477,0.00349873,0.00301578,0.00253844,0.00209642
0.00561834,0.00550763,0.00536353,0.00510124,0.00468905,0.00431921,0.00387588,0.00339123,0.00291376,0.00245314,0.00201975
0.00546394,0.00532027,0.00518566,0.00495672,0.00456281,0.00419062,0.00374444,0.00328561,0.00281994,0.00237553,0.00194987
0.00530087,0.00519965,0.00507133,0.00483606,0.00443119,0.00406502,0.00363455,0.00319159,0.00273172,0.00230483,0.00187868
0.00510931,0.00506996,0.00488318,0.00468028,0.0042821,0.00392887,0.00352734,0.00306841,0.00263916,0.00221156,0.00181523
0.00497796,0.00488657,0.00475412,0.00451612,0.00414528,0.00381162,0.00341391,0.00297909,0.00255149,0.00214396,0.00175589
0.0048503,0.00475589,0.00461848,0.00439816,0.00401024,0.00369989,0.0033061,0.00288856,0.00247221,0.00208556,0.00168957
0.00467932,0.00460939,0.00448677,0.00424952,0.00391186,0.00359955,0.00320712,0.00279782,0.00240142,0.00200793,0.00164307
0.0045612,0.00448935,0.00434199,0.00413088,0.00377936,0.00346729,0.00310801,0.00270729,0.00231976,0.0019427,0.00158611
0.00441119,0.00434674,0.00422729,0.00402423,0.00367247,0.00338639,0.00300635,0.00262834,0.00224505,0.00187832,0.00152496
0.00431884,0.00421338,0.00410241,0.00389368,0.00357183,0.00327764,0.00291406,0.00254649,0.00218062,0.00182827,0.00148084
0.00419321,0.00409466,0.00398627,0.00378112,0.00349117,0.00319374,0.0028479,0.00247299,0.00211533,0.00178282,0.00143775
0.00407775,0.00399256,0.00387617,0.0036833,0.00336216,0.00307615,0.00275674,0.00240459,0.00203529,0.00170661,0.00139197
0.0039564,0.0038811,0.003766,0.00357466,0.00326222,0.00299521,0.00268049,0.00232212,0.00197504,0.00165184,0.0013487
0.00385255,0.0037819,0.00367069,0.0034808,0.00318164,0.00292486,0.00258022,0.0022676,0.00192202,0.00161215,0.00129632
0.00371696,0.00366917,0.00355185,0.00336033,0.00308176,0.00283712,0.00251491,0.00216872,0.0018614,0.00155103,0.0012622
0.00362949,0.00356867,0.00347633,0.0032796,0.0029977,0.0027515,0.00243892,0.00211736,0.0018083,0.00149813,0.00121351
0.00351013,0.00346699,0.00336725,0.00319025,0.00291026,0.00268207,0.00237526,0.00205034,0.00174898,0.00145699,0.00117935
0.00344532,0.0033586,0.00327237,0.0030974,0.00283224,0.00259654,0.00229942,0.00199802,0.00170894,0.00140798,0.00113936
0.00333558,0.00328829,0.00317964,0.00300911,0.0027498,0.00252241,0.00224041,0.0019328,0.00165048,0.00136921,0.00109951
0.00325267,0.00319149,0.00309424,0.00292821,0.00267116,0.00245106,0.00217787,0.00187913,0.0016006,0.00132832,0.00107002
0.00315765,0.00310081,0.00300717,0.00286338,0.0026077,0.00239076,0.0021178,0.00182563,0.00154593,0.00128699,0.00103934
0.00307683,0.00301928,0.00292857,0.00277416,0.00253291,0.00232125,0.00205623,0.00177549,0.00151069,0.00125016,0.0010004
0.00299394,0.00294293,0.00284695,0.00270082,0.00246004,0.00225517,0.00199029,0.0017248,0.00147095,0.00120911,0.000972635
0.00291846,0.00285554,0.00278691,0.00262484,0.00240244,0.00219957,0.00194302,0.00168005,0.00142882,0.00117779,0.000943219
0.0028454,0.00279011,0.0027103,0.00254764,0.00232737,0.00212418,0.00189302,0.00163036,0.00138722,0.00113835,0.00090955
0.00275736,0.0027154,0.00262187,0.00248762,0.0022792,0.00208151,0.00183766,0.00158051,0.00133906,0.00111478,0.000881606
0.00268043,0.0026523,0.002572,0.00241942,0.00220803,0.00201849,0.00177599,0.00153938,0.00129882,0.00107652,0.000854619
0.00263347,0.00255702,0.00249165,0.00236097,0.00214841,0.00196233,0.0017428,0.00150005,0.00127069,0.00103991,0.000835222
0.00254049,0.0025065,0.00243114,0.00228389,0.00208689,0.00191656,0.0016793,0.00145127,0.00122544,0.00101073,0.000808847
0.00248411,0.00243584,0.00236141,0.00222804,0.0020385,0.00186124,0.00164089,0.00141399,0.00119853,0.000982329,0.000778705
0.00241568,0.00237609,0.00231766,0.00216297,0.00198085,0.00181049,0.00159679,0.00137354,0.00117149,0.000947945,0.000762294
0.00235398,0.00230329,0.00224029,0.0021213,0.00194534,0.00177521,0.00155154,0.00133556,0.00113563,0.000931943,0.000736435
0.00229478,0.0022506,0.00219737,0.00204937,0.00187632,0.00172035,0.00150001,0.00130321,0.00109828,0.000896619,0.000719935
0.00224355,0.00219488,0.00212941,0.00200907,0.00183432,0.00167607,0.00146852,0.00126583,0.00107194,0.000875786,0.000691937
0.00216899,0.00214579,0.00207456,0.00195828,0.00179349,0.00163439,0.0014375,0.00122818,0.00104029,0.000843557,0.000672315
0.00213219,0.00208633,0.00202616,0.00190135,0.00173536,0.00159061,0.00138572,0.00120391,0.00101046,0.000825088,0.000654416
0.00207448,0.00202551,0.0019732,0.00184416,0.00169732,0.00154223,0.00134654,0.00116679,0.000981218,0.000805446,0.000632433
0.00202066,0.00197339,0.00193109,0.00180633,0.00165937,0.0015056,0.00132944,0.00113308,0.000961794,0.000784881,0.000613861
0.0019666,0.0019409,0.00189007,0.00175909,0.00161582,0.00146853,0.00127555,0.00110857,0.000929119,0.000764387,0.000594718
0.00193293,0.00187775,0.00182784,0.00171691,0.00157037,0.00142657,0.00124685,0.00108129,0.00090753,0.000738865,0.000578869
0.00187049,0.00183322,0.00177544,0.00167188,0.00153283,0.00139096,0.00122307,0.00104844,0.00088215,0.00071864,0.000562096
0.00183746,0.001791,0.00173245,0.00162458,0.001495,0.00135572,0.00118591,0.00101876,0.000865145,0.000699895,0.000545777
0.00177802,0.00174799,0.00168838,0.00158652,0.00146238,0.00132429,0.00116298,0.000987734,0.000836088,0.000676025,0.000529079
0.00174106,0.00170093,0.00165748,0.00155028,0.00142315,0.00128747,0.00112373,0.000969331,0.000816581,0.00066302,0.000515366
0.00169422,0.00166986,0.00162037,0.0015184,0.00139038,0.00125369,0.00109409,0.000938092,0.000788565,0.000641925,0.000502349
0.00165943,0.00161731,0.00157442,0.00146925,0.00135002,0.00122286,0.0010641,0.000919521,0.000771608,0.000623389,0.000486289
0.00161439,0.00158883,0.00153812,0.00144096,0.00131993,0.00119771,0.00104813,0.000894863,0.000754001,0.000606206,0.0004727
0.0015846,0.00154519,0.00150527,0.00139613,0.0012858,0.00116904,0.00101511,0.000878776,0.00073244,0.000591254,0.000460962
0.0015283,0.00150837,0.00146186,0.00136727,0.00126009,0.00113593,0.000991319,0.000844885,0.000714346,0.000572597,0.000447164
0.00149629,0.00146729,0.00141057,0.00134196,0.00122913,0.00110389,0.000969886,0.000829585,0.000695283,0.00056315,0.000435527
0.0014624,0.00144086,0.00138742,0.001294,0.00120558,0.00107504,0.00093385,0.000806554,0.000677683,0.000547482,0.000421569
0.00143924,0.00139809,0.00135604,0.00126674,0.00116573,0.00104879,0.000919543,0.000791358,0.000660849,0.000531486,0.000412844
0.00139415,0.00137118,0.00132858,0.00123835,0.00114385,0.00102927,0.000895236,0.000767174,0.000643407,0.000514188,0.000400889
0.00136384,0.00134499,0.00129835,0.00121469,0.0011081,0.00100508,0.00087516,0.000748527,0.000627636,0.000500159,0.000391777
0.00133642,0.00130395,0.00126813,0.00117408,0.00108878,0.000982902,0.00085647,0.000728474,0.000610471,0.000490413,0.000379818
0.00130964,0.0012735,0.00123822,0.00115252,0.00105369,0.000958499,0.000836099,0.000711133,0.000592629,0.000482911,0.000369504
0.00126644,0.0012536,0.00121382,0.0011206,0.00103864,0.000931538,0.000812269,0.000687346,0.000574801,0.000466247,0.000357596
0.0012379,0.00121734,0.00117488,0.00109882,0.00101272,0.000906547,0.000791512,0.000672829,0.000565105,0.000452627,0.000350052
0.00121439,0.00119282,0.0011496,0.00107126,0.000992928,0.000889215,0.000777144,0.000655453,0.000551366,0.000439626,0.000341536
0.00119391,0.0011655,0.00112291,0.00105334,0.000960681,0.000868043,0.000753882,0.000646567,0.00053989,0.000431377,0.000333065
0.00115586,0.00113287,0.00109407,0.00102153,0.000950769,0.000846869,0.000734342,0.000627764,0.000523385,0.000419805,0.000324344
0.00113046,0.0011052,0.00107439,0.000998398,0.000924753,0.000832928,0.000722547,0.000614887,0.000511089,0.000413267,0.000315007
0.00110593,0.0010916,0.00105733,0.000972299,0.000908468,0.000812739,0.000692955,0.000599397,0.000500904,0.000403006,0.000307436
0.00109387,0.00105917,0.00102222,0.000949459,0.000880017,0.000794266,0.000687617,0.000585976,0.000490037,0.000388742,0.000300185
0.00105298,0.00103404,0.0009968,0.000934561,0.000866141,0.000775144,0.000668764,0.000568733,0.000475526,0.000378348,0.000291608
0.00102701,0.0010104,0.000979421,0.000909301,0.00084739,0.000753592,0.000649336,0.000554295,0.000460949,0.000371121,0.000283641
0.00101055,0.00098197,0.000953754,0.000888567,0.000826634,0.000736085,0.00063632,0.000543435,0.000453326,0.000361221,0.000277423
0.00100078,0.000963818,0.000932952,0.000869123,0.000800453,0.000720776,0.000626222,0.000532184,0.000439026,0.000353427,0.000268605
0.00096836,0.000949692,0.000913034,0.000849202,0.00078759,0.000701505,0.000607266,0.000519036,0.00043143,0.000344914,0.000261519
0.000953469,0.000923473,0.000892559,0.000833838,0.000766741,0.000690925,0.000597338,0.000507559,0.000423688,0.000334946,0.000256649
0.000922525,0.000905512,0.000870426,0.000812847,0.000751835,0.000671803,0.000582132,0.000493513,0.000410282,0.00032613,0.000248713
0.000910506,0.000888367,0.000851522,0.000797943,0.000728125,0.000661771,0.000568115,0.000483976,0.000403117,0.000317678,0.000244675
0.000884036,0.00086945,0.00083406,0.000780811,0.000716066,0.000645739,0.000559611,0.000466791,0.000393362,0.000311934,0.000237096
0.000867319,0.000844944,0.000812533,0.000756945,0.00070212,0.000625466,0.000537008,0.000460614,0.000382528,0.00030321,0.000233592
0.000850305,0.000822,0.000798164,0.000741008,0.000690576,0.000609039,0.00052939,0.00045223,0.000373945,0.000297754,0.000225961
0.000832486,0.0008079,0.00077573,0.000725137,0.000671032,0.000601405,0.000516099,0.000442921,0.000364085,0.000289716,0.000220404
0.000807377,0.000788848,0.00076239,0.000707126,0.000663478,0.000586018,0.000505392,0.000428075,0.000354077,0.000283011,0.000215675
0.00079604,0.000772407,0.000742429,0.000690844,0.000641938,0.000574985,0.000494933,0.000420649,0.00034819,0.000277058,0.000210266
0.000772745,0.000759116,0.000726189,0.000676895,0.000630189,0.000559876,0.000481805,0.0004097,0.000337955,0.000270542,0.000205626
0.000760517,0.000747112,0.000713561,0.000665388,0.000615756,0.000551514,0.000473017,0.000401405,0.00033327,0.000263298,0.000201715
0.000742106,0.000729762,0.000699669,0.000653011,0.000601966,0.000538991,0.000459958,0.000391268,0.000323608,0.000255842,0.000194739
0.000732143,0.000706861,0.000680792,0.000630403,0.000589097,0.000525721,0.000452111,0.000385056,0.000317409,0.000251713,0.000192202
0.000712934,0.000689556,0.000670863,0.000623529,0.000572363,0.000514981,0.000440593,0.000373238,0.000311258,0.000245939,0.000186994
0.000701344,0.00067818,0.000652578,0.000605294,0.000565721,0.000501202,0.000432436,0.000369299,0.000300019,0.000241228,0.000182586
0.000683595,0.000660498,0.000641073,0.00059231,0.000551452,0.000490602,0.000426576,0.000357675,0.000294807,0.000235685,0.000177658
0.000667729,0.000652377,0.000624794,0.000580363,0.000539975,0.000480369,0.000414648,0.000351381,0.000288068,0.000229911,0.000173095
0.000648662,0.000640267,0.000611069,0.000570799,0.000530142,0.00046776,0.000402379,0.000343506,0.000281044,0.000223648,0.000168153
0.000636532,0.000626749,0.000599879,0.00056457,0.000515272,0.000460657,0.000395963,0.000333448,0.000273642,0.000218276,0.000165117
0.000621931,0.000611057,0.000586204,0.000546312,0.000507816,0.000454954,0.0003855,0.000326933,0.000269971,0.000213581,0.000161434
0.000615562,0.000593908,0.000574483,0.000535891,0.000495204,0.000437563,0.000376146,0.000320245,0.000261469,0.000208786,0.000157957
0.000601885,0.000583624,0.00056121,0.000522614,0.000484989,0.000432016,0.000368109,0.000313236,0.000257592,0.000204732,0.000154103
0.000587322,0.000573922,0.000551571,0.000512725,0.000474839,0.000422877,0.000360329,0.000305928,0.000252203,0.000199358,0.000150485
0.00057621,0.000558734,0.000537835,0.000501507,0.000465685,0.000411276,0.000356494,0.000299944,0.000246317,0.000195421,0.000146552
0.000560473,0.000550177,0.000528498,0.000491283,0.00045872,0.000406188,0.000347673,0.000294233,0.00024022,0.000192058,0.000142627
0.000549581,0.000536657,0.000517243,0.000479168,0.000447585,0.000397135,0.000338657,0.00028625,0.00023663,0.000187995,0.000139052
0.000536759,0.000526425,0.000507059,0.000472666,0.000436901,0.000389844,0.000332448,0.000278387,0.000229849,0.00018245,0.000136719
0.000525824,0.000514994,0.000497761,0.000461539,0.000430648,0.00038115,0.00032436,0.000273734,0.000224849,0.000179115,0.000133026
0.000518622,0.000501649,0.000488095,0.000452883,0.000418347,0.000372559,0.000317209,0.000267798,0.000220479,0.000174462,0.000129887
0.000508711,0.000492473,0.000477996,0.000439152,0.000412416,0.000362075,0.000309933,0.000261064,0.000216315,0.000170573,0.000128359
0.000502122,0.000482676,0.000465792,0.000435352,0.000399666,0.000354569,0.000305628,0.000256206,0.000211377,0.000166874,0.000124357
0.000489409,0.000474635,0.000456382,0.000424776,0.000391881,0.00034843,0.000296683,0.000251252,0.000206742,0.000162032,0.000122082
0.000476087,0.000466376,0.00044614,0.000416434,0.00038563,0.000341912,0.00029119,0.000245864,0.000201377,0.000159417,0.00011958
0.000469679,0.000455504,0.000439438,0.000407976,0.000373909,0.000334283,0.000285644,0.000238842,0.00019914,0.000155683,0.000116551
0.000456221,0.000445301,0.000430367,0.000398722,0.000370351,0.000328028,0.000279128,0.000233896,0.00019231,0.00015113,0.000113361
0.000448692,0.000436213,0.000419611,0.000392161,0.000362829,0.000319925,0.000273362,0.000230009,0.000188878,0.000148798,0.000111081
0.000440844,0.000425269,0.000412484,0.000384169,0.000354137,0.000314499,0.000266436,0.000225295,0.000184341,0.000145424,0.000108631
0.000431301,0.000417067,0.000401432,0.000376325,0.000347053,0.000306429,0.00026186,0.000221682,0.00018144,0.00014204,0.000105804
0.000422282,0.000410469,0.000394984,0.000368083,0.000341196,0.000300821,0.000256702,0.000215241,0.000176964,0.000138856,0.000103721
0.000410995,0.00040376,0.000386696,0.000360841,0.000336093,0.000293436,0.000251721,0.000210791,0.000172031,0.00013574,0.000101899
0.000403812,0.000394297,0.000379443,0.000351825,0.000327242,0.000289637,0.000246446,0.000206392,0.000169365,0.000133082,9.86868e-05
0.000396688,0.00038501,0.000371769,0.000343991,0.000321629,0.000283931,0.000241167,0.000202064,0.00016612,0.000130399,9.68819e-05
0.000389851,0.000374371,0.000364306,0.00033835,0.000313912,0.00027748,0.000235018,0.000198684,0.000162628,0.000126734,9.42779e-05
0.000382933,0.000368736,0.000359516,0.000330884,0.000306314,0.000271895,0.000231824,0.000193623,0.00015846,0.000124811,9.26356e-05
0.000375302,0.000363471,0.000351907,0.000326822,0.000301823,0.000265738,0.000226237,0.000189024,0.000155793,0.000122037,9.06694e-05
0.000365853,0.00035513,0.000342923,0.000318063,0.000296868,0.000261243,0.000222245,0.000186272,0.000152116,0.000119188,8.83011e-05
0.000359697,0.000349368,0.000336929,0.000313633,0.000288316,0.000255892,0.000216906,0.00018113,0.000149614,0.000116328,8.6445e-05
0.000352376,0.000340787,0.000330195,0.000306263,0.000284107,0.000250258,0.000212707,0.000178555,0.000146121,0.000113881,8.42422e-05
0.000342554,0.000336213,0.000322987,0.00030073,0.000278632,0.000246392,0.000208428,0.000172953,0.000141963,0.000111491,8.22513e-05
0.000338526,0.000328115,0.000319208,0.000293629,0.000272942,0.00024039,0.000203734,0.000171515,0.000139815,0.000109543,8.10508e-05
0.00032943,0.000322025,0.000312875,0.000288665,0.000267861,0.000236725,0.000200083,0.000166584,0.000136254,0.000106764,7.86254e-05
0.000325577,0.000316435,0.000306212,0.000283995,0.00026232,0.000231387,0.000195076,0.000163235,0.000133696,0.000104599,7.69837e-05
0.000318419,0.000307182,0.000299864,0.000277225,0.000257307,0.000227031,0.000191532,0.000160944,0.000131217,0.000102028,7.5135e-05
0.000312012,0.000304177,0.000293576,0.000271686,0.000251703,0.000222193,0.000188201,0.000157156,0.000128323,9.98221e-05,7.35088e-05
0.000307963,0.000297898,0.000287721,0.000267498,0.000247324,0.000217207,0.000184484,0.000153637,0.000125939,9.7357e-05,7.19014e-05
0.000300022,0.000290962,0.000281984,0.000261678,0.000242137,0.000214519,0.000180711,0.000151327,0.000123471,9.5854e-05,7.04005e-05
0.000292906,0.000286783,0.000276653,0.000255315,0.00023773,0.000210501,0.000177319,0.000147509,0.000120939,9.37654e-05,6.88352e-05
0.000288429,0.000279713,0.000271354,0.000251518,0.000234059,0.000205796,0.000173738,0.000144851,0.000117618,9.17885e-05,6.6883e-05
0.000283026,0.000272395,0.000266826,0.000246652,0.000229115,0.000201323,0.000170728,0.000141193,0.000114661,8.95868e-05,6.55141e-05
0.000277716,0.000269827,0.000261338,0.000241713,0.000223726,0.000197648,0.00016729,0.000138382,0.000112748,8.77242e-05,6.39849e-05
0.000272029,0.00026515,0.000256571,0.000238118,0.000219338,0.000192985,0.000162763,0.000135864,0.000110837,8.5958e-05,6.29997e-05
0.000267765,0.000259597,0.000249249,0.000231578,0.000215795,0.000189395,0.000160801,0.000133981,0.00010854,8.38768e-05,6.16815e-05
0.000262583,0.000257216,0.000245496,0.000228504,0.000210037,0.000186383,0.000156389,0.000130181,0.00010679,8.16832e-05,6.00118e-05
0.000256419,0.000249318,0.00024195,0.00022357,0.000207907,0.000182485,0.000154352,0.000127468,0.000103919,8.03323e-05,5.89117e-05
0.000252191,0.000245036,0.000236165,0.000219017,0.000204109,0.000178884,0.000150992,0.000125839,0.000101202,7.90456e-05,5.74882e-05
0.000247601,0.000239242,0.000231907,0.000214477,0.000199503,0.000175284,0.000148992,0.000122686,9.94995e-05,7.70366e-05,5.61788e-05
0.000243213,0.000235828,0.000227968,0.000212013,0.00019538,0.000172265,0.000145324,0.000120095,9.82259e-05,7.53796e-05,5.54915e-05
0.00023867,0.000231655,0.000224278,0.000207668,0.000193051,0.000168604,0.000142047,0.000117081,9.54575e-05,7.34591e-05,5.41099e-05
0.000234193,0.000226859,0.00022045,0.000203341,0.000188929,0.000166625,0.000139208,0.000115575,9.40111e-05,7.2438e-05,5.27183e-05
0.000229002,0.000221986,0.000216594,0.000198967,0.000184718,0.000162488,0.000136367,0.000112548,9.17445e-05,7.07473e-05,5.18677e-05
0.00022552,0.000218119,0.000211178,0.000194996,0.000181883,0.000159174,0.000134137,0.000110849,9.02505e-05,6.9495e-05,5.0793e-05
0.000219856,0.000214174,0.000206641,0.000191646,0.000177921,0.000156662,0.000132772,0.00010889,8.85955e-05,6.79172e-05,4.95523e-05
0.000216343,0.00021085,0.000203481,0.000188223,0.000174488,0.000153468,0.000128698,0.000106648,8.64285e-05,6.6655e-05,4.85597e-05
0.000213164,0.000206966,0.000200489,0.000184785,0.000171047,0.000150345,0.000126697,0.000104367,8.43878e-05,6.4895e-05,4.74475e-05
0.000208835,0.00020315,0.000195292,0.000180803,0.000168551,0.000146796,0.000124974,0.000102492,8.24805e-05,6.38289e-05,4.62089e-05
0.000204587,0.000198107,0.00019255,0.000176746,0.000163923,0.000144896,0.000121736,0.000100482,8.11744e-05,6.23686e-05,4.52397e-05
0.000202515,0.000194852,0.000189357,0.00017401,0.000162004,0.000141664,0.000119529,9.83361e-05,7.93357e-05,6.12529e-05,4.43544e-05
0.000195904,0.00019122,0.000185288,0.000172368,0.000158968,0.000139888,0.0001167,9.55304e-05,7.82497e-05,5.95725e-05,4.36455e-05
0.000195519,0.000187717,0.000181908,0.000167929,0.000156659,0.000136932,0.000115874,9.42997e-05,7.66507e-05,5.85511e-05,4.26185e-05
0.000190158,0.000185857,0.000179447,0.000165271,0.00015247,0.000135861,0.000112137,9.29602e-05,7.42329e-05,5.72945e-05,4.14636e-05
0.000186301,0.000181114,0.000175161,0.000162153,0.000150224,0.000132273,0.000110363,9.05753e-05,7.36194e-05,5.64268e-05,4.10463e-05
0.000182414,0.000177341,0.000171088,0.000160271,0.000147649,0.000129229,0.000108676,8.87685e-05,7.16137e-05,5.52129e-05,4.00187e-05
0.000178767,0.00017445,0.00016818,0.000156612,0.000144506,0.000126951,0.000106256,8.63033e-05,7.13938e-05,5.39535e-05,3.91859e-05
0.000176575,0.000172337,0.000166047,0.000153275,0.000142439,0.000125017,0.000103822,8.51148e-05,6.87433e-05,5.28911e-05,3.81602e-05
0.000171362,0.000168683,0.000161981,0.000151359,0.000139857,0.000123045,0.000101966,8.45618e-05,6.77963e-05,5.23484e-05,3.7657e-05
0.000169023,0.000164646,0.000160577,0.000147367,0.000136934,0.000119736,0.000101637,8.18006e-05,6.59531e-05,5.09535e-05,3.70237e-05
0.000167724,0.000162366,0.000156709,0.000144722,0.000134016,0.000118274,9.82524e-05,8.07691e-05,6.51732e-05,5.00726e-05,3.60459e-05
0.000163798,0.000159087,0.000153068,0.000142029,0.000132128,0.000115978,9.69516e-05,7.92611e-05,6.36885e-05,4.89703e-05,3.55602e-05
0.000160192,0.000156379,0.000152161,0.000139736,0.000128779,0.000114052,9.57226e-05,7.74679e-05,6.22797e-05,4.83416e-05,3.46617e-05
0.000157952,0.000152752,0.000149903,0.000137649,0.000127448,0.000112897,9.39071e-05,7.65232e-05,6.13275e-05,4.68262e-05,3.39656e-05
0.000152724,0.000150224,0.000146684,0.000134639,0.000125378,0.00010893,9.19468e-05,7.42759e-05,5.98404e-05,4.62628e-05,3.36442e-05
0.000152909,0.000147151,0.000144229,0.000132859,0.000122552,0.000107976,9.07023e-05,7.29737e-05,5.84721e-05,4.4882e-05,3.26191e-05
0.000148146,0.000145338,0.00014047,0.000129647,0.000120021,0.000106467,8.86943e-05,7.16532e-05,5.79874e-05,4.41784e-05,3.20609e-05
0.000145272,0.000142866,0.000139212,0.000128057,0.000117645,0.000104181,8.64811e-05,7.02438e-05,5.67856e-05,4.36973e-05,3.16403e-05
0.000143965,0.000140216,0.000136272,0.00012483,0.000116779,0.000102372,8.47917e-05,6.95058e-05,5.55749e-05,4.25906e-05,3.09355e-05
0.00014072,0.000137298,0.000133836,0.00012268,0.000113994,9.97283e-05,8.45195e-05,6.7726e-05,5.40211e-05,4.19215e-05,3.01812e-05
0.000139935,0.000135079,0.000130736,0.000120013,0.000112301,9.7524e-05,8.22549e-05,6.66954e-05,5.42199e-05,4.10643e-05,2.97734e-05
0.000135782,0.000132491,0.000128665,0.000119104,0.000110098,9.64082e-05,8.03218e-05,6.4969e-05,5.223e-05,4.02647e-05,2.92054e-05
0.000132837,0.000130311,0.000128486,0.000117242,0.000108129,9.54632e-05,7.90794e-05,6.41604e-05,5.15711e-05,3.97384e-05,2.86466e-05
0.000131658,0.000127929,0.000124993,0.000114254,0.000105819,9.35876e-05,7.72125e-05,6.28377e-05,5.00285e-05,3.86253e-05,2.79116e-05
0.000128184,0.000124834,0.00012269,0.000111637,0.000103906,9.15359e-05,7.63408e-05,6.1246e-05,4.95219e-05,3.78353e-05,2.76217e-05
0.000126389,0.000123382,0.000119621,0.000110135,0.000102221,8.97244e-05,7.5123e-05,6.04674e-05,4.82455e-05,3.75297e-05,2.71849e-05
0.000123985,0.000121985,0.000117838,0.000108145,0.000101035,8.84943e-05,7.28232e-05,5.97527e-05,4.79824e-05,3.64574e-05,2.66773e-05
0.000121745,0.000119674,0.000117092,0.000106484,9.86896e-05,8.74053e-05,7.19324e-05,5.84225e-05,4.69375e-05,3.54089e-05,2.58565e-05
0.000117801,0.000117174,0.000112546,0.000103539,9.70781e-05,8.53966e-05,7.12672e-05,5.69513e-05,4.63123e-05,3.54423e-05,2.54403e-05
0.000119222,0.000115631,0.000111654,0.000102124,9.57096e-05,8.21607e-05,7.02818e-05,5.5262e-05,4.43848e-05,3.42225e-05,2.52276e-05
0.000115261,0.000113887,0.00010929,0.000101511,9.29477e-05,8.23413e-05,6.82127e-05,5.49746e-05,4.40364e-05,3.4166e-05,2.44402e-05
0.000113883,0.000110759,0.000108635,9.99309e-05,9.15154e-05,8.17709e-05,6.69763e-05,5.40773e-05,4.28293e-05,3.31372e-05,2.37401e-05
0.000111252,0.000109059,0.000106619,9.76669e-05,9.0495e-05,7.94145e-05,6.57702e-05,5.32294e-05,4.26122e-05,3.27151e-05,2.369e-05
0.000107342,0.000106106,0.000104716,9.53009e-05,8.92108e-05,7.85123e-05,6.47929e-05,5.14322e-05,4.15962e-05,3.19722e-05,2.32789e-05
0.000107925,0.000106031,0.000103162,9.33581e-05,8.79838e-05,7.69695e-05,6.41356e-05,5.12182e-05,4.10185e-05,3.14549e-05,2.26826e-05
0.000104811,0.000103077,0.000100464,9.24498e-05,8.59256e-05,7.49392e-05,6.26354e-05,4.99227e-05,4.01787e-05,3.11438e-05,2.2572e-05
0.000103746,0.000101917,0.000100091,9.14036e-05,8.39795e-05,7.45358e-05,6.13879e-05,4.93716e-05,3.94405e-05,3.03472e-05,2.20133e-05
0.000102064,0.000100253,9.68045e-05,8.98352e-05,8.21074e-05,7.30315e-05,6.02126e-05,4.80346e-05,3.85929e-05,2.97634e-05,2.17346e-05
9.80387e-05,9.71934e-05,9.73404e-05,8.72088e-05,8.09718e-05,7.1721e-05,5.87567e-05,4.79424e-05,3.89023e-05,2.92755e-05,2.15149e-05
9.86853e-05,9.67712e-05,9.50923e-05,8.60291e-05,8.07454e-05,7.04074e-05,5.79735e-05,4.69035e-05,3.71104e-05,2.83587e-05,2.07203e-05
9.62368e-05,9.57056e-05,9.20617e-05,8.52724e-05,7.97459e-05,6.88593e-05,5.69157e-05,4.58348e-05,3.67016e-05,2.82052e-05,2.0534e-05
9.47945e-05,9.29765e-05,9.16934e-05,8.38482e-05,7.67584e-05,6.88356e-05,5.60717e-05,4.50043e-05,3.53739e-05,2.76143e-05,2.01658e-05
9.35699e-05,9.11966e-05,9.04983e-05,8.21847e-05,7.57019e-05,6.79926e-05,5.49006e-05,4.3944e-05,3.55342e-05,2.70475e-05,1.97799e-05
9.11136e-05,8.95827e-05,8.86721e-05,7.98997e-05,7.43702e-05,6.56958e-05,5.39567e-05,4.29791e-05,3.4666e-05,2.68013e-05,1.95083e-05
9.02169e-05,8.78933e-05,8.62632e-05,7.90943e-05,7.29267e-05,6.46044e-05,5.38236e-05,4.24207e-05,3.39735e-05,2.61609e-05,1.91152e-05
8.81935e-05,8.66792e-05,8.47139e-05,7.74416e-05,7.17438e-05,6.2721e-05,5.18985e-05,4.10955e-05,3.34734e-05,2.57944e-05,1.88196e-05
8.70064e-05,8.49076e-05,8.42294e-05,7.62979e-05,7.10677e-05,6.18779e-05,5.17054e-05,4.11362e-05,3.26561e-05,2.57423e-05,1.86719e-05
8.62721e-05,8.38856e-05,8.2834e-05,7.40773e-05,6.98036e-05,6.10584e-05,5.06677e-05,3.97001e-05,3.22072e-05,2.50096e-05,1.80486e-05
8.27057e-05,8.17743e-05,8.23454e-05,7.36771e-05,6.89286e-05,6.09412e-05,4.94399e-05,4.03142e-05,3.18363e-05,2.44538e-05,1.78462e-05
8.23055e-05,7.99814e-05,7.92561e-05,7.27307e-05,6.74871e-05,5.89709e-05,4.90472e-05,3.88466e-05,3.10413e-05,2.40311e-05,1.78331e-05
8.15739e-05,7.89332e-05,7.83856e-05,7.06471e-05,6.54255e-05,5.89222e-05,4.74519e-05,3.80987e-05,3.04807e-05,2.33186e-05,1.71902e-05
7.98324e-05,7.88202e-05,7.64818e-05,7.07357e-05,6.44747e-05,5.76483e-05,4.77502e-05,3.74771e-05,2.9739e-05,2.32889e-05,1.70213e-05
7.81601e-05,7.72531e-05,7.57045e-05,6.78667e-05,6.4116e-05,5.62106e-05,4.57464e-05,3.69496e-05,2.96013e-05,2.30169e-05,1.67855e-05
7.57911e-05,7.56116e-05,7.45109e-05,6.74015e-05,6.40667e-05,5.56156e-05,4.49019e-05,3.67831e-05,2.89631e-05,2.2806e-05,1.66159e-05
7.55286e-05,7.46639e-05,7.31725e-05,6.62754e-05,6.20617e-05,5.47671e-05,4.49759e-05,3.55191e-05,2.79416e-05,2.23517e-05,1.6261e-05
7.48278e-05,7.27953e-05,7.06086e-05,6.54972e-05,6.11425e-05,5.33447e-05,4.44258e-05,3.46291e-05,2.76325e-05,2.20872e-05,1.59651e-05
7.40938e-05,7.1848e-05,7.16324e-05,6.53075e-05,5.99663e-05,5.25005e-05,4.39502e-05,3.40771e-05,2.72514e-05,2.11628e-05,1.57148e-05
7.13325e-05,7.0154e-05,6.88262e-05,6.2337e-05,5.87782e-05,5.24342e-05,4.2053e-05,3.3486e-05,2.70101e-05,2.09469e-05,1.53118e-05
7.04799e-05,6.90436e-05,6.80755e-05,6.30563e-05,5.77904e-05,5.1797e-05,4.1897e-05,3.31896e-05,2.64227e-05,2.04784e-05,1.50684e-05
6.99041e-05,6.86564e-05,6.801e-05,6.07326e-05,5.66304e-05,5.08415e-05,4.02881e-05,3.30443e-05,2.61393e-05,2.00212e-05,1.47983e-05
6.89952e-05,6.80504e-05,6.7206e-05,6.04038e-05,5.63695e-05,4.93528e-05,3.95853e-05,3.24121e-05,2.52332e-05,1.99362e-05,1.45442e-05
6.72405e-05,6.65374e-05,6.58986e-05,5.92633e-05,5.49925e-05,4.95543e-05,3.89726e-05,3.15314e-05,2.5206e-05,1.98242e-05,1.44282e-05
6.47999e-05,6.42345e-05,6.38627e-05,5.84074e-05,5.39783e-05,4.78609e-05,3.88316e-05,3.08001e-05,2.47965e-05,1.93033e-05,1.43209e-05
6.42483e-05,6.396e-05,6.32016e-05,5.75022e-05,5.30936e-05,4.68116e-05,3.81891e-05,3.04834e-05,2.43121e-05,1.89551e-05,1.40802e-05
6.28323e-05,6.30812e-05,6.268e-05,5.56843e-05,5.27482e-05,4.61427e-05,3.798e-05,2.99714e-05,2.39689e-05,1.87125e-05,1.36885e-05
6.31021e-05,6.24731e-05,6.16491e-05,5.51062e-05,5.12262e-05,4.52989e-05,3.74051e-05,2.89539e-05,2.34904e-05,1.83094e-05,1.34981e-05
6.23057e-05,6.06311e-05,6.078e-05,5.42104e-05,5.06778e-05,4.4619e-05,3.59385e-05,2.91047e-05,2.30828e-05,1.79752e-05,1.33455e-05
6.02061e-05,5.93755e-05,5.94273e-05,5.41736e-05,4.99925e-05,4.44031e-05,3.6014e-05,2.81777e-05,2.28419e-05,1.76843e-05,1.32525e-05
6.0331e-05,5.88858e-05,5.91519e-05,5.35876e-05,4.94579e-05,4.3235e-05,3.49272e-05,2.76942e-05,2.18451e-05,1.75123e-05,1.29982e-05
5.8265e-05,5.76699e-05,5.72593e-05,5.17485e-05,4.83834e-05,4.19406e-05,3.46629e-05,2.73848e-05,2.17695e-05,1.71491e-05,1.27372e-05
5.75039e-05,5.72721e-05,5.60918e-05,5.08248e-05,4.70862e-05,4.16891e-05,3.37326e-05,2.65679e-05,2.14569e-05,1.70614e-05,1.25867e-05
5.51263e-05,5.60773e-05,5.48406e-05,5.06491e-05,4.64054e-05,4.13394e-05,3.29015e-05,2.65204e-05,2.10137e-05,1.64917e-05,1.23998e-05
5.55918e-05,5.52252e-05,5.43071e-05,4.95997e-05,4.57736e-05,4.04321e-05,3.32202e-05,2.60587e-05,2.07777e-05,1.60722e-05,1.22454e-05
5.44228e-05,5.46265e-05,5.36135e-05,4.97998e-05,4.517e-05,3.96823e-05,3.22629e-05,2.58316e-05,2.03565e-05,1.58987e-05,1.19955e-05
5.42437e-05,5.31685e-05,5.34475e-05,4.66335e-05,4.42792e-05,3.9058e-05,3.14945e-05,2.47894e-05,2.00885e-05,1.57833e-05,1.1716e-05
5.38305e-05,5.29374e-05,5.25057e-05,4.70675e-05,4.29307e-05,3.8549e-05,3.06844e-05,2.4952e-05,1.99475e-05,1.57897e-05,1.15827e-05
5.13928e-05,5.06243e-05,5.13709e-05,4.5377e-05,4.28374e-05,3.79547e-05,3.07815e-05,2.44451e-05,1.97253e-05,1.52805e-05,1.13685e-05
5.12642e-05,5.03929e-05,5.1548e-05,4.54397e-05,4.20241e-05,3.75561e-05,3.04432e-05,2.39244e-05,1.91759e-05,1.48713e-05,1.12491e-05
5.06844e-05,4.91121e-05,5.00097e-05,4.45754e-05,4.20527e-05,3.63395e-05,3.03623e-05,2.36779e-05,1.88633e-05,1.48552e-05,1.11991e-05
4.90276e-05,4.90959e-05,4.84644e-05,4.38847e-05,4.06296e-05,3.61692e-05,2.95877e-05,2.28121e-05,1.84301e-05,1.44786e-05,1.09198e-05
4.8818e-05,4.79709e-05,4.65876e-05,4.37132e-05,4.08318e-05,3.5803e-05,2.91554e-05,2.25555e-05,1.85132e-05,1.42299e-05,1.06909e-05
