# xi1
# underflow	 -2.8843698    	 0.55547134E-02
# overflow	-0.15316782    	 0.11477981E-03
# sum	 -14.232012    	 0.56460416E-02
# xmin	xmax	cross	numerror
  1034.0000    	  1035.0000    	-0.37663310E-01	 0.67324921E-04
  1035.0000    	  1036.0000    	-0.35977138E-01	 0.64177713E-04
  1036.0000    	  1037.0000    	-0.32334275E-01	 0.60831969E-04
  1037.0000    	  1038.0000    	-0.27118260E-01	 0.52340467E-04
  1038.0000    	  1039.0000    	-0.20918550E-01	 0.41953807E-04
  1039.0000    	  1040.0000    	-0.13868772E-01	 0.32229835E-04
  1040.0000    	  1041.0000    	-0.68250644E-02	 0.26468687E-04
  1041.0000    	  1042.0000    	-0.58045878E-03	 0.30523034E-04
  1042.0000    	  1043.0000    	 0.45278128E-02	 0.32187446E-04
  1043.0000    	  1044.0000    	 0.74885668E-02	 0.35230344E-04
  1044.0000    	  1045.0000    	 0.83864983E-02	 0.35602891E-04
  1045.0000    	  1046.0000    	-0.37503342E-01	 0.67159038E-04
  1046.0000    	  1047.0000    	-0.35612423E-01	 0.61701755E-04
  1047.0000    	  1048.0000    	-0.32236570E-01	 0.59023561E-04
  1048.0000    	  1049.0000    	-0.27130695E-01	 0.49911140E-04
  1049.0000    	  1050.0000    	-0.20814458E-01	 0.39729488E-04
  1050.0000    	  1051.0000    	-0.13845839E-01	 0.30900988E-04
  1051.0000    	  1052.0000    	-0.69840196E-02	 0.25290398E-04
  1052.0000    	  1053.0000    	-0.73896713E-03	 0.27048568E-04
  1053.0000    	  1054.0000    	 0.42080723E-02	 0.29206925E-04
  1054.0000    	  1055.0000    	 0.72104882E-02	 0.35183145E-04
  1055.0000    	  1056.0000    	 0.80376754E-02	 0.34331604E-04
  1056.0000    	  1057.0000    	-0.37326569E-01	 0.66632097E-04
  1057.0000    	  1058.0000    	-0.35454284E-01	 0.63279807E-04
  1058.0000    	  1059.0000    	-0.32078778E-01	 0.56241527E-04
  1059.0000    	  1060.0000    	-0.26991186E-01	 0.48538575E-04
  1060.0000    	  1061.0000    	-0.20825768E-01	 0.39399400E-04
  1061.0000    	  1062.0000    	-0.13906796E-01	 0.30420691E-04
  1062.0000    	  1063.0000    	-0.70453472E-02	 0.26406725E-04
  1063.0000    	  1064.0000    	-0.89313384E-03	 0.26223638E-04
  1064.0000    	  1065.0000    	 0.40023728E-02	 0.29635359E-04
  1065.0000    	  1066.0000    	 0.68803273E-02	 0.31735145E-04
  1066.0000    	  1067.0000    	 0.77674662E-02	 0.32410315E-04
  1067.0000    	  1068.0000    	-0.37094999E-01	 0.65254507E-04
  1068.0000    	  1069.0000    	-0.35343217E-01	 0.59916001E-04
  1069.0000    	  1070.0000    	-0.31909588E-01	 0.54578228E-04
  1070.0000    	  1071.0000    	-0.26886091E-01	 0.47671371E-04
  1071.0000    	  1072.0000    	-0.20780056E-01	 0.38325731E-04
  1072.0000    	  1073.0000    	-0.13873087E-01	 0.30103707E-04
  1073.0000    	  1074.0000    	-0.72173513E-02	 0.24555720E-04
  1074.0000    	  1075.0000    	-0.10321797E-02	 0.25195961E-04
  1075.0000    	  1076.0000    	 0.38072310E-02	 0.27573045E-04
  1076.0000    	  1077.0000    	 0.66677325E-02	 0.30073351E-04
  1077.0000    	  1078.0000    	 0.73886019E-02	 0.32140765E-04
  1078.0000    	  1079.0000    	-0.36776464E-01	 0.63444878E-04
  1079.0000    	  1080.0000    	-0.35100949E-01	 0.59338720E-04
  1080.0000    	  1081.0000    	-0.31717962E-01	 0.54968289E-04
  1081.0000    	  1082.0000    	-0.26713817E-01	 0.46355673E-04
  1082.0000    	  1083.0000    	-0.20685451E-01	 0.37473728E-04
  1083.0000    	  1084.0000    	-0.13935433E-01	 0.30459618E-04
  1084.0000    	  1085.0000    	-0.72586109E-02	 0.24341722E-04
  1085.0000    	  1086.0000    	-0.11599231E-02	 0.24223456E-04
  1086.0000    	  1087.0000    	 0.35257306E-02	 0.25749611E-04
  1087.0000    	  1088.0000    	 0.63680203E-02	 0.29145345E-04
  1088.0000    	  1089.0000    	 0.71071635E-02	 0.31485675E-04
  1089.0000    	  1090.0000    	-0.36548964E-01	 0.62888471E-04
  1090.0000    	  1091.0000    	-0.34847064E-01	 0.58280947E-04
  1091.0000    	  1092.0000    	-0.31587711E-01	 0.53290732E-04
  1092.0000    	  1093.0000    	-0.26650104E-01	 0.45722138E-04
  1093.0000    	  1094.0000    	-0.20636227E-01	 0.39035677E-04
  1094.0000    	  1095.0000    	-0.13854310E-01	 0.29277971E-04
  1095.0000    	  1096.0000    	-0.73403102E-02	 0.23885934E-04
  1096.0000    	  1097.0000    	-0.13384858E-02	 0.23475842E-04
  1097.0000    	  1098.0000    	 0.33421009E-02	 0.25335901E-04
  1098.0000    	  1099.0000    	 0.61095482E-02	 0.28367085E-04
  1099.0000    	  1100.0000    	 0.68566515E-02	 0.30668730E-04
  1100.0000    	  1101.0000    	-0.36385895E-01	 0.62231530E-04
  1101.0000    	  1102.0000    	-0.34625878E-01	 0.58778739E-04
  1102.0000    	  1103.0000    	-0.31344368E-01	 0.53302303E-04
  1103.0000    	  1104.0000    	-0.26399569E-01	 0.44124123E-04
  1104.0000    	  1105.0000    	-0.20570749E-01	 0.37191419E-04
  1105.0000    	  1106.0000    	-0.13899732E-01	 0.28934376E-04
  1106.0000    	  1107.0000    	-0.74469783E-02	 0.23860365E-04
  1107.0000    	  1108.0000    	-0.14505143E-02	 0.22810403E-04
  1108.0000    	  1109.0000    	 0.31119532E-02	 0.24607596E-04
  1109.0000    	  1110.0000    	 0.58863571E-02	 0.27519019E-04
  1110.0000    	  1111.0000    	 0.65566371E-02	 0.29637465E-04
  1111.0000    	  1112.0000    	-0.36129877E-01	 0.61632183E-04
  1112.0000    	  1113.0000    	-0.34515486E-01	 0.57533322E-04
  1113.0000    	  1114.0000    	-0.31154703E-01	 0.51043897E-04
  1114.0000    	  1115.0000    	-0.26393141E-01	 0.44005783E-04
  1115.0000    	  1116.0000    	-0.20476899E-01	 0.36496185E-04
  1116.0000    	  1117.0000    	-0.13863910E-01	 0.28504898E-04
  1117.0000    	  1118.0000    	-0.74701940E-02	 0.23432519E-04
  1118.0000    	  1119.0000    	-0.15633444E-02	 0.23373603E-04
  1119.0000    	  1120.0000    	 0.29508272E-02	 0.23688349E-04
  1120.0000    	  1121.0000    	 0.56464668E-02	 0.27247176E-04
  1121.0000    	  1122.0000    	 0.62875047E-02	 0.29324352E-04
  1122.0000    	  1123.0000    	-0.35914722E-01	 0.61361509E-04
  1123.0000    	  1124.0000    	-0.34284846E-01	 0.56937859E-04
  1124.0000    	  1125.0000    	-0.30956002E-01	 0.50712152E-04
  1125.0000    	  1126.0000    	-0.26178216E-01	 0.43227643E-04
  1126.0000    	  1127.0000    	-0.20419577E-01	 0.35810903E-04
  1127.0000    	  1128.0000    	-0.13852249E-01	 0.28417170E-04
  1128.0000    	  1129.0000    	-0.75705366E-02	 0.23397149E-04
  1129.0000    	  1130.0000    	-0.17089165E-02	 0.21727059E-04
  1130.0000    	  1131.0000    	 0.27246446E-02	 0.23097882E-04
  1131.0000    	  1132.0000    	 0.54180165E-02	 0.25989767E-04
  1132.0000    	  1133.0000    	 0.60201198E-02	 0.28574258E-04
  1133.0000    	  1134.0000    	-0.35633014E-01	 0.60681208E-04
  1134.0000    	  1135.0000    	-0.34007688E-01	 0.56023604E-04
  1135.0000    	  1136.0000    	-0.30814747E-01	 0.53139220E-04
  1136.0000    	  1137.0000    	-0.26044412E-01	 0.43235021E-04
  1137.0000    	  1138.0000    	-0.20334621E-01	 0.35619793E-04
  1138.0000    	  1139.0000    	-0.13855809E-01	 0.28376658E-04
  1139.0000    	  1140.0000    	-0.76113993E-02	 0.23159748E-04
  1140.0000    	  1141.0000    	-0.18006116E-02	 0.21421334E-04
  1141.0000    	  1142.0000    	 0.25548308E-02	 0.23496296E-04
  1142.0000    	  1143.0000    	 0.52008508E-02	 0.25509785E-04
  1143.0000    	  1144.0000    	 0.57953534E-02	 0.28370948E-04
  1144.0000    	  1145.0000    	-0.35357674E-01	 0.60253478E-04
  1145.0000    	  1146.0000    	-0.33786566E-01	 0.55646257E-04
  1146.0000    	  1147.0000    	-0.30522176E-01	 0.49752375E-04
  1147.0000    	  1148.0000    	-0.25917415E-01	 0.42559951E-04
  1148.0000    	  1149.0000    	-0.20212472E-01	 0.35081496E-04
  1149.0000    	  1150.0000    	-0.13777461E-01	 0.27987888E-04
  1150.0000    	  1151.0000    	-0.76470644E-02	 0.23032402E-04
  1151.0000    	  1152.0000    	-0.19099943E-02	 0.21016844E-04
  1152.0000    	  1153.0000    	 0.24125038E-02	 0.22178895E-04
  1153.0000    	  1154.0000    	 0.49941130E-02	 0.24973471E-04
  1154.0000    	  1155.0000    	 0.55246009E-02	 0.27936990E-04
  1155.0000    	  1156.0000    	-0.35138704E-01	 0.59833446E-04
  1156.0000    	  1157.0000    	-0.33576065E-01	 0.55207091E-04
  1157.0000    	  1158.0000    	-0.30304500E-01	 0.49223176E-04
  1158.0000    	  1159.0000    	-0.25748832E-01	 0.41977881E-04
  1159.0000    	  1160.0000    	-0.20095587E-01	 0.35074751E-04
  1160.0000    	  1161.0000    	-0.13779347E-01	 0.27842897E-04
  1161.0000    	  1162.0000    	-0.76964489E-02	 0.23127305E-04
  1162.0000    	  1163.0000    	-0.19920868E-02	 0.20826711E-04
  1163.0000    	  1164.0000    	 0.22179060E-02	 0.22147981E-04
  1164.0000    	  1165.0000    	 0.48298775E-02	 0.24525976E-04
  1165.0000    	  1166.0000    	 0.53287576E-02	 0.27340573E-04
  1166.0000    	  1167.0000    	-0.34919913E-01	 0.59912394E-04
  1167.0000    	  1168.0000    	-0.33307522E-01	 0.55252044E-04
  1168.0000    	  1169.0000    	-0.30147374E-01	 0.49289922E-04
  1169.0000    	  1170.0000    	-0.25640686E-01	 0.42135954E-04
  1170.0000    	  1171.0000    	-0.20029385E-01	 0.35149654E-04
  1171.0000    	  1172.0000    	-0.13797859E-01	 0.27704051E-04
  1172.0000    	  1173.0000    	-0.77394453E-02	 0.22823566E-04
  1173.0000    	  1174.0000    	-0.20795849E-02	 0.20309649E-04
  1174.0000    	  1175.0000    	 0.20480777E-02	 0.21482067E-04
  1175.0000    	  1176.0000    	 0.45684718E-02	 0.24369086E-04
  1176.0000    	  1177.0000    	 0.50887521E-02	 0.26703567E-04
  1177.0000    	  1178.0000    	-0.34578369E-01	 0.58789292E-04
  1178.0000    	  1179.0000    	-0.33133747E-01	 0.54560145E-04
  1179.0000    	  1180.0000    	-0.29868935E-01	 0.48308287E-04
  1180.0000    	  1181.0000    	-0.25445160E-01	 0.41492504E-04
  1181.0000    	  1182.0000    	-0.19953490E-01	 0.34701403E-04
  1182.0000    	  1183.0000    	-0.13709416E-01	 0.27500287E-04
  1183.0000    	  1184.0000    	-0.77482151E-02	 0.22709068E-04
  1184.0000    	  1185.0000    	-0.21608631E-02	 0.20161641E-04
  1185.0000    	  1186.0000    	 0.19089116E-02	 0.21267813E-04
  1186.0000    	  1187.0000    	 0.44507613E-02	 0.23802718E-04
  1187.0000    	  1188.0000    	 0.48496531E-02	 0.26413896E-04
  1188.0000    	  1189.0000    	-0.34268092E-01	 0.58418215E-04
  1189.0000    	  1190.0000    	-0.32801981E-01	 0.54011572E-04
  1190.0000    	  1191.0000    	-0.29730802E-01	 0.48072921E-04
  1191.0000    	  1192.0000    	-0.25241930E-01	 0.41010194E-04
  1192.0000    	  1193.0000    	-0.19788488E-01	 0.34252326E-04
  1193.0000    	  1194.0000    	-0.13649634E-01	 0.27612990E-04
  1194.0000    	  1195.0000    	-0.77591827E-02	 0.22513732E-04
  1195.0000    	  1196.0000    	-0.22501127E-02	 0.19905381E-04
  1196.0000    	  1197.0000    	 0.17995670E-02	 0.20946199E-04
  1197.0000    	  1198.0000    	 0.42310394E-02	 0.23292676E-04
  1198.0000    	  1199.0000    	 0.46886168E-02	 0.25927626E-04
  1199.0000    	  1200.0000    	-0.34187001E-01	 0.58196409E-04
  1200.0000    	  1201.0000    	-0.32560297E-01	 0.53645455E-04
  1201.0000    	  1202.0000    	-0.29498890E-01	 0.48390206E-04
  1202.0000    	  1203.0000    	-0.25086698E-01	 0.40763038E-04
  1203.0000    	  1204.0000    	-0.19662835E-01	 0.34110801E-04
  1204.0000    	  1205.0000    	-0.13603276E-01	 0.27071121E-04
  1205.0000    	  1206.0000    	-0.77891276E-02	 0.22879311E-04
  1206.0000    	  1207.0000    	-0.23514480E-02	 0.19862005E-04
  1207.0000    	  1208.0000    	 0.16202624E-02	 0.20565272E-04
  1208.0000    	  1209.0000    	 0.40839795E-02	 0.22878262E-04
  1209.0000    	  1210.0000    	 0.44568396E-02	 0.25951097E-04
  1210.0000    	  1211.0000    	-0.33832883E-01	 0.57738462E-04
  1211.0000    	  1212.0000    	-0.32283458E-01	 0.53273958E-04
  1212.0000    	  1213.0000    	-0.29316923E-01	 0.47414611E-04
  1213.0000    	  1214.0000    	-0.24895502E-01	 0.40868003E-04
  1214.0000    	  1215.0000    	-0.19561348E-01	 0.33837774E-04
  1215.0000    	  1216.0000    	-0.13562560E-01	 0.27295165E-04
  1216.0000    	  1217.0000    	-0.77823735E-02	 0.22306550E-04
  1217.0000    	  1218.0000    	-0.24093813E-02	 0.19698751E-04
  1218.0000    	  1219.0000    	 0.15037404E-02	 0.20357012E-04
  1219.0000    	  1220.0000    	 0.38741941E-02	 0.22716201E-04
  1220.0000    	  1221.0000    	 0.42989675E-02	 0.25121270E-04
  1221.0000    	  1222.0000    	-0.33549283E-01	 0.57312482E-04
  1222.0000    	  1223.0000    	-0.32077144E-01	 0.53034907E-04
  1223.0000    	  1224.0000    	-0.29117640E-01	 0.47747034E-04
  1224.0000    	  1225.0000    	-0.24704388E-01	 0.40201150E-04
  1225.0000    	  1226.0000    	-0.19406915E-01	 0.33633944E-04
  1226.0000    	  1227.0000    	-0.13496410E-01	 0.26847202E-04
  1227.0000    	  1228.0000    	-0.77677363E-02	 0.22207499E-04
  1228.0000    	  1229.0000    	-0.24588128E-02	 0.19639491E-04
  1229.0000    	  1230.0000    	 0.14025767E-02	 0.20113886E-04
  1230.0000    	  1231.0000    	 0.37155054E-02	 0.22317995E-04
  1231.0000    	  1232.0000    	 0.41076830E-02	 0.24926793E-04
  1232.0000    	  1233.0000    	-0.33322456E-01	 0.56951060E-04
  1233.0000    	  1234.0000    	-0.31846339E-01	 0.52665156E-04
  1234.0000    	  1235.0000    	-0.28866829E-01	 0.46721048E-04
  1235.0000    	  1236.0000    	-0.24540823E-01	 0.40661150E-04
  1236.0000    	  1237.0000    	-0.19332628E-01	 0.33537869E-04
  1237.0000    	  1238.0000    	-0.13453840E-01	 0.26812631E-04
  1238.0000    	  1239.0000    	-0.77700329E-02	 0.22137827E-04
  1239.0000    	  1240.0000    	-0.25039287E-02	 0.19722039E-04
  1240.0000    	  1241.0000    	 0.12713465E-02	 0.19950787E-04
  1241.0000    	  1242.0000    	 0.35560757E-02	 0.22016688E-04
  1242.0000    	  1243.0000    	 0.39167028E-02	 0.24559802E-04
  1243.0000    	  1244.0000    	-0.33035677E-01	 0.56616916E-04
  1244.0000    	  1245.0000    	-0.31616965E-01	 0.52381400E-04
  1245.0000    	  1246.0000    	-0.28662068E-01	 0.46428224E-04
  1246.0000    	  1247.0000    	-0.24377148E-01	 0.39837598E-04
  1247.0000    	  1248.0000    	-0.19150276E-01	 0.33331337E-04
  1248.0000    	  1249.0000    	-0.13389140E-01	 0.26598915E-04
  1249.0000    	  1250.0000    	-0.77591113E-02	 0.22081039E-04
  1250.0000    	  1251.0000    	-0.26238558E-02	 0.19060031E-04
  1251.0000    	  1252.0000    	 0.11603059E-02	 0.19507963E-04
  1252.0000    	  1253.0000    	 0.34065274E-02	 0.21856995E-04
  1253.0000    	  1254.0000    	 0.37563927E-02	 0.24368127E-04
  1254.0000    	  1255.0000    	-0.32834720E-01	 0.56307525E-04
  1255.0000    	  1256.0000    	-0.31280152E-01	 0.51879675E-04
  1256.0000    	  1257.0000    	-0.28359885E-01	 0.46171606E-04
  1257.0000    	  1258.0000    	-0.24189769E-01	 0.39876117E-04
  1258.0000    	  1259.0000    	-0.18976313E-01	 0.33042584E-04
  1259.0000    	  1260.0000    	-0.13300224E-01	 0.26614429E-04
  1260.0000    	  1261.0000    	-0.77552286E-02	 0.21875242E-04
  1261.0000    	  1262.0000    	-0.26513328E-02	 0.18899660E-04
  1262.0000    	  1263.0000    	 0.10305508E-02	 0.19512763E-04
  1263.0000    	  1264.0000    	 0.32593120E-02	 0.21529556E-04
  1264.0000    	  1265.0000    	 0.35921207E-02	 0.23748213E-04
  1265.0000    	  1266.0000    	-0.32540005E-01	 0.56002853E-04
  1266.0000    	  1267.0000    	-0.31064569E-01	 0.51693538E-04
  1267.0000    	  1268.0000    	-0.28134903E-01	 0.45867976E-04
  1268.0000    	  1269.0000    	-0.24043158E-01	 0.39428402E-04
  1269.0000    	  1270.0000    	-0.18857401E-01	 0.32881735E-04
  1270.0000    	  1271.0000    	-0.13276795E-01	 0.26432525E-04
  1271.0000    	  1272.0000    	-0.77177979E-02	 0.21833813E-04
  1272.0000    	  1273.0000    	-0.27048043E-02	 0.18707954E-04
  1273.0000    	  1274.0000    	 0.97322618E-03	 0.19362817E-04
  1274.0000    	  1275.0000    	 0.31336610E-02	 0.21374484E-04
  1275.0000    	  1276.0000    	 0.34057929E-02	 0.23485454E-04
  1276.0000    	  1277.0000    	-0.32203497E-01	 0.55578319E-04
  1277.0000    	  1278.0000    	-0.30852696E-01	 0.51364752E-04
  1278.0000    	  1279.0000    	-0.27871809E-01	 0.45461046E-04
  1279.0000    	  1280.0000    	-0.23850695E-01	 0.39171885E-04
  1280.0000    	  1281.0000    	-0.18755562E-01	 0.32786283E-04
  1281.0000    	  1282.0000    	-0.13244164E-01	 0.26504903E-04
  1282.0000    	  1283.0000    	-0.77237949E-02	 0.21792344E-04
  1283.0000    	  1284.0000    	-0.27490724E-02	 0.18578516E-04
  1284.0000    	  1285.0000    	 0.83319376E-03	 0.19023056E-04
  1285.0000    	  1286.0000    	 0.29797037E-02	 0.21229767E-04
  1286.0000    	  1287.0000    	 0.32830116E-02	 0.23362122E-04
  1287.0000    	  1288.0000    	-0.31982951E-01	 0.55238073E-04
  1288.0000    	  1289.0000    	-0.30612752E-01	 0.51131115E-04
  1289.0000    	  1290.0000    	-0.27682685E-01	 0.45269609E-04
  1290.0000    	  1291.0000    	-0.23661601E-01	 0.39031700E-04
  1291.0000    	  1292.0000    	-0.18578313E-01	 0.32535502E-04
  1292.0000    	  1293.0000    	-0.13101283E-01	 0.26266407E-04
  1293.0000    	  1294.0000    	-0.76642968E-02	 0.21640459E-04
  1294.0000    	  1295.0000    	-0.27758979E-02	 0.18339094E-04
  1295.0000    	  1296.0000    	 0.77979464E-03	 0.19814814E-04
  1296.0000    	  1297.0000    	 0.28525057E-02	 0.20906901E-04
  1297.0000    	  1298.0000    	 0.31437182E-02	 0.23328025E-04
  1298.0000    	  1299.0000    	-0.31726350E-01	 0.54978109E-04
  1299.0000    	  1300.0000    	-0.30268244E-01	 0.50747469E-04
  1300.0000    	  1301.0000    	-0.27406695E-01	 0.44880532E-04
  1301.0000    	  1302.0000    	-0.23452874E-01	 0.38815306E-04
  1302.0000    	  1303.0000    	-0.18467608E-01	 0.32420077E-04
  1303.0000    	  1304.0000    	-0.13047664E-01	 0.26213790E-04
  1304.0000    	  1305.0000    	-0.76845616E-02	 0.21685947E-04
  1305.0000    	  1306.0000    	-0.28472219E-02	 0.18449791E-04
  1306.0000    	  1307.0000    	 0.68632816E-03	 0.18881859E-04
  1307.0000    	  1308.0000    	 0.26859409E-02	 0.20728667E-04
  1308.0000    	  1309.0000    	 0.29827734E-02	 0.23180331E-04
  1309.0000    	  1310.0000    	-0.31408610E-01	 0.54563916E-04
  1310.0000    	  1311.0000    	-0.30027034E-01	 0.50412309E-04
  1311.0000    	  1312.0000    	-0.27192067E-01	 0.44690286E-04
  1312.0000    	  1313.0000    	-0.23266918E-01	 0.38591086E-04
  1313.0000    	  1314.0000    	-0.18255986E-01	 0.32180553E-04
  1314.0000    	  1315.0000    	-0.12952437E-01	 0.26092581E-04
  1315.0000    	  1316.0000    	-0.76173518E-02	 0.21375685E-04
  1316.0000    	  1317.0000    	-0.28863209E-02	 0.18361746E-04
  1317.0000    	  1318.0000    	 0.62664028E-03	 0.18476274E-04
  1318.0000    	  1319.0000    	 0.25778757E-02	 0.20412435E-04
  1319.0000    	  1320.0000    	 0.28555301E-02	 0.22521120E-04
  1320.0000    	  1321.0000    	-0.31184480E-01	 0.54314291E-04
  1321.0000    	  1322.0000    	-0.29800857E-01	 0.50169369E-04
  1322.0000    	  1323.0000    	-0.26944172E-01	 0.44369425E-04
  1323.0000    	  1324.0000    	-0.23126670E-01	 0.38431605E-04
  1324.0000    	  1325.0000    	-0.18126483E-01	 0.32017558E-04
  1325.0000    	  1326.0000    	-0.12875858E-01	 0.25985656E-04
  1326.0000    	  1327.0000    	-0.75741065E-02	 0.21245692E-04
  1327.0000    	  1328.0000    	-0.28932858E-02	 0.18254516E-04
  1328.0000    	  1329.0000    	 0.53285220E-03	 0.18495886E-04
  1329.0000    	  1330.0000    	 0.24525979E-02	 0.20948588E-04
  1330.0000    	  1331.0000    	 0.27446426E-02	 0.22316316E-04
  1331.0000    	  1332.0000    	-0.30832578E-01	 0.53953152E-04
  1332.0000    	  1333.0000    	-0.29532619E-01	 0.49866347E-04
  1333.0000    	  1334.0000    	-0.26737067E-01	 0.44152463E-04
  1334.0000    	  1335.0000    	-0.22833018E-01	 0.38135039E-04
  1335.0000    	  1336.0000    	-0.17994380E-01	 0.32054914E-04
  1336.0000    	  1337.0000    	-0.12796274E-01	 0.25948854E-04
  1337.0000    	  1338.0000    	-0.75333205E-02	 0.21164325E-04
  1338.0000    	  1339.0000    	-0.28925261E-02	 0.17992173E-04
  1339.0000    	  1340.0000    	 0.47223931E-03	 0.18209745E-04
  1340.0000    	  1341.0000    	 0.23481415E-02	 0.19962323E-04
  1341.0000    	  1342.0000    	 0.26306696E-02	 0.21647261E-04
  1342.0000    	  1343.0000    	-0.30615433E-01	 0.53595790E-04
  1343.0000    	  1344.0000    	-0.29229816E-01	 0.49535798E-04
  1344.0000    	  1345.0000    	-0.26539189E-01	 0.43962897E-04
  1345.0000    	  1346.0000    	-0.22664228E-01	 0.38053762E-04
  1346.0000    	  1347.0000    	-0.17849147E-01	 0.31843416E-04
  1347.0000    	  1348.0000    	-0.12695459E-01	 0.25868866E-04
  1348.0000    	  1349.0000    	-0.74912023E-02	 0.21051903E-04
  1349.0000    	  1350.0000    	-0.29342168E-02	 0.17859741E-04
  1350.0000    	  1351.0000    	 0.38550485E-03	 0.18179517E-04
  1351.0000    	  1352.0000    	 0.22050278E-02	 0.19872507E-04
  1352.0000    	  1353.0000    	 0.24770289E-02	 0.22248684E-04
  1353.0000    	  1354.0000    	-0.30310146E-01	 0.55386524E-04
  1354.0000    	  1355.0000    	-0.29008552E-01	 0.49257030E-04
  1355.0000    	  1356.0000    	-0.26252596E-01	 0.43688166E-04
  1356.0000    	  1357.0000    	-0.22505676E-01	 0.37868333E-04
  1357.0000    	  1358.0000    	-0.17678001E-01	 0.31594542E-04
  1358.0000    	  1359.0000    	-0.12612655E-01	 0.25789680E-04
  1359.0000    	  1360.0000    	-0.74574016E-02	 0.21083106E-04
  1360.0000    	  1361.0000    	-0.29911737E-02	 0.17962408E-04
  1361.0000    	  1362.0000    	 0.32083835E-03	 0.18064912E-04
  1362.0000    	  1363.0000    	 0.21116541E-02	 0.19895765E-04
  1363.0000    	  1364.0000    	 0.23455052E-02	 0.21326730E-04
  1364.0000    	  1365.0000    	-0.30129555E-01	 0.53101192E-04
  1365.0000    	  1366.0000    	-0.28745193E-01	 0.48977794E-04
  1366.0000    	  1367.0000    	-0.26025278E-01	 0.43400654E-04
  1367.0000    	  1368.0000    	-0.22240810E-01	 0.37609219E-04
  1368.0000    	  1369.0000    	-0.17598084E-01	 0.31475333E-04
  1369.0000    	  1370.0000    	-0.12499072E-01	 0.25699968E-04
  1370.0000    	  1371.0000    	-0.74398102E-02	 0.21058287E-04
  1371.0000    	  1372.0000    	-0.29900261E-02	 0.17729416E-04
  1372.0000    	  1373.0000    	 0.27612152E-03	 0.18139129E-04
  1373.0000    	  1374.0000    	 0.19997623E-02	 0.19571623E-04
  1374.0000    	  1375.0000    	 0.22597838E-02	 0.21321844E-04
  1375.0000    	  1376.0000    	-0.29796689E-01	 0.52690680E-04
  1376.0000    	  1377.0000    	-0.28388386E-01	 0.48583905E-04
  1377.0000    	  1378.0000    	-0.25805987E-01	 0.43206730E-04
  1378.0000    	  1379.0000    	-0.22113452E-01	 0.37544288E-04
  1379.0000    	  1380.0000    	-0.17375039E-01	 0.31198373E-04
  1380.0000    	  1381.0000    	-0.12429187E-01	 0.25754449E-04
  1381.0000    	  1382.0000    	-0.73552696E-02	 0.20876806E-04
  1382.0000    	  1383.0000    	-0.29990373E-02	 0.17617099E-04
  1383.0000    	  1384.0000    	 0.21138734E-03	 0.17766302E-04
  1384.0000    	  1385.0000    	 0.18858571E-02	 0.19610694E-04
  1385.0000    	  1386.0000    	 0.21372466E-02	 0.20953266E-04
  1386.0000    	  1387.0000    	-0.29575555E-01	 0.55085371E-04
  1387.0000    	  1388.0000    	-0.28209513E-01	 0.48411947E-04
  1388.0000    	  1389.0000    	-0.25615777E-01	 0.43000762E-04
  1389.0000    	  1390.0000    	-0.21914506E-01	 0.37383046E-04
  1390.0000    	  1391.0000    	-0.17209274E-01	 0.31071346E-04
  1391.0000    	  1392.0000    	-0.12304353E-01	 0.25463601E-04
  1392.0000    	  1393.0000    	-0.73277132E-02	 0.20636203E-04
  1393.0000    	  1394.0000    	-0.30115563E-02	 0.17810358E-04
  1394.0000    	  1395.0000    	 0.16416654E-03	 0.17661003E-04
  1395.0000    	  1396.0000    	 0.18193501E-02	 0.19347979E-04
  1396.0000    	  1397.0000    	 0.20061310E-02	 0.21057660E-04
  1397.0000    	  1398.0000    	-0.29289603E-01	 0.52172327E-04
  1398.0000    	  1399.0000    	-0.27880900E-01	 0.47992011E-04
  1399.0000    	  1400.0000    	-0.25317664E-01	 0.42665928E-04
  1400.0000    	  1401.0000    	-0.21628476E-01	 0.37114448E-04
  1401.0000    	  1402.0000    	-0.17080771E-01	 0.30980967E-04
  1402.0000    	  1403.0000    	-0.12230015E-01	 0.25923579E-04
  1403.0000    	  1404.0000    	-0.72592696E-02	 0.20517027E-04
  1404.0000    	  1405.0000    	-0.30393037E-02	 0.17508587E-04
  1405.0000    	  1406.0000    	 0.94392355E-04	 0.18028562E-04
  1406.0000    	  1407.0000    	 0.16923636E-02	 0.19357620E-04
  1407.0000    	  1408.0000    	 0.19500862E-02	 0.20422587E-04
  1408.0000    	  1409.0000    	-0.28978349E-01	 0.51823117E-04
  1409.0000    	  1410.0000    	-0.27675440E-01	 0.47854668E-04
  1410.0000    	  1411.0000    	-0.25084111E-01	 0.42480891E-04
  1411.0000    	  1412.0000    	-0.21439264E-01	 0.36898117E-04
  1412.0000    	  1413.0000    	-0.16913395E-01	 0.30844082E-04
  1413.0000    	  1414.0000    	-0.12114173E-01	 0.25651518E-04
  1414.0000    	  1415.0000    	-0.72138141E-02	 0.20416940E-04
  1415.0000    	  1416.0000    	-0.30126490E-02	 0.17499127E-04
  1416.0000    	  1417.0000    	 0.47187696E-04	 0.17629138E-04
  1417.0000    	  1418.0000    	 0.16094438E-02	 0.19193667E-04
  1418.0000    	  1419.0000    	 0.18144378E-02	 0.20476694E-04
  1419.0000    	  1420.0000    	-0.28687815E-01	 0.51474691E-04
  1420.0000    	  1421.0000    	-0.27443139E-01	 0.47577313E-04
  1421.0000    	  1422.0000    	-0.24876959E-01	 0.42310416E-04
  1422.0000    	  1423.0000    	-0.21263964E-01	 0.36776812E-04
  1423.0000    	  1424.0000    	-0.16798720E-01	 0.30723969E-04
  1424.0000    	  1425.0000    	-0.12042066E-01	 0.25386815E-04
  1425.0000    	  1426.0000    	-0.71554498E-02	 0.20385593E-04
  1426.0000    	  1427.0000    	-0.30544619E-02	 0.17513965E-04
  1427.0000    	  1428.0000    	 0.34360616E-04	 0.17155827E-04
  1428.0000    	  1429.0000    	 0.15124767E-02	 0.19307531E-04
  1429.0000    	  1430.0000    	 0.17257461E-02	 0.20766250E-04
  1430.0000    	  1431.0000    	-0.28522990E-01	 0.51362147E-04
  1431.0000    	  1432.0000    	-0.27061033E-01	 0.47103472E-04
  1432.0000    	  1433.0000    	-0.24610840E-01	 0.42055245E-04
  1433.0000    	  1434.0000    	-0.21074840E-01	 0.36761343E-04
  1434.0000    	  1435.0000    	-0.16575270E-01	 0.30498348E-04
  1435.0000    	  1436.0000    	-0.11895200E-01	 0.25188516E-04
  1436.0000    	  1437.0000    	-0.70922747E-02	 0.20372300E-04
  1437.0000    	  1438.0000    	-0.30535465E-02	 0.17391415E-04
  1438.0000    	  1439.0000    	-0.20163979E-04	 0.17992719E-04
  1439.0000    	  1440.0000    	 0.14206076E-02	 0.19130243E-04
  1440.0000    	  1441.0000    	 0.16428584E-02	 0.19799490E-04
  1441.0000    	  1442.0000    	-0.28169408E-01	 0.50936846E-04
  1442.0000    	  1443.0000    	-0.26929918E-01	 0.47024471E-04
  1443.0000    	  1444.0000    	-0.24394341E-01	 0.41821668E-04
  1444.0000    	  1445.0000    	-0.20851002E-01	 0.36368577E-04
  1445.0000    	  1446.0000    	-0.16438022E-01	 0.30373661E-04
  1446.0000    	  1447.0000    	-0.11815725E-01	 0.25224234E-04
  1447.0000    	  1448.0000    	-0.70321321E-02	 0.20275816E-04
  1448.0000    	  1449.0000    	-0.30533147E-02	 0.17236009E-04
  1449.0000    	  1450.0000    	-0.66141347E-04	 0.17197398E-04
  1450.0000    	  1451.0000    	 0.13576768E-02	 0.18886720E-04
  1451.0000    	  1452.0000    	 0.15045143E-02	 0.19838284E-04
  1452.0000    	  1453.0000    	-0.27886991E-01	 0.50554235E-04
  1453.0000    	  1454.0000    	-0.26649373E-01	 0.46724162E-04
  1454.0000    	  1455.0000    	-0.24128831E-01	 0.41623499E-04
  1455.0000    	  1456.0000    	-0.20672080E-01	 0.36292347E-04
  1456.0000    	  1457.0000    	-0.16308758E-01	 0.30360105E-04
  1457.0000    	  1458.0000    	-0.11672471E-01	 0.25024324E-04
  1458.0000    	  1459.0000    	-0.69744412E-02	 0.20029866E-04
  1459.0000    	  1460.0000    	-0.30513298E-02	 0.17165508E-04
  1460.0000    	  1461.0000    	-0.12508542E-03	 0.16987593E-04
  1461.0000    	  1462.0000    	 0.12998217E-02	 0.18733477E-04
  1462.0000    	  1463.0000    	 0.14545803E-02	 0.19473063E-04
  1463.0000    	  1464.0000    	-0.27668820E-01	 0.50361618E-04
  1464.0000    	  1465.0000    	-0.26353548E-01	 0.46403960E-04
  1465.0000    	  1466.0000    	-0.23893576E-01	 0.41295385E-04
  1466.0000    	  1467.0000    	-0.20455679E-01	 0.36110178E-04
  1467.0000    	  1468.0000    	-0.16104572E-01	 0.30098960E-04
  1468.0000    	  1469.0000    	-0.11586802E-01	 0.25017842E-04
  1469.0000    	  1470.0000    	-0.69333239E-02	 0.19950187E-04
  1470.0000    	  1471.0000    	-0.30099015E-02	 0.17370233E-04
  1471.0000    	  1472.0000    	-0.15406733E-03	 0.17450554E-04
  1472.0000    	  1473.0000    	 0.11543416E-02	 0.18658342E-04
  1473.0000    	  1474.0000    	 0.13763306E-02	 0.19388998E-04
  1474.0000    	  1475.0000    	-0.27362080E-01	 0.50009344E-04
  1475.0000    	  1476.0000    	-0.26139605E-01	 0.46149986E-04
  1476.0000    	  1477.0000    	-0.23668236E-01	 0.41129118E-04
  1477.0000    	  1478.0000    	-0.20213518E-01	 0.35948441E-04
  1478.0000    	  1479.0000    	-0.15956049E-01	 0.29981485E-04
  1479.0000    	  1480.0000    	-0.11485928E-01	 0.24908479E-04
  1480.0000    	  1481.0000    	-0.68625727E-02	 0.19884063E-04
  1481.0000    	  1482.0000    	-0.30289668E-02	 0.17127241E-04
  1482.0000    	  1483.0000    	-0.17738734E-03	 0.16689425E-04
  1483.0000    	  1484.0000    	 0.11274540E-02	 0.18524628E-04
  1484.0000    	  1485.0000    	 0.12572123E-02	 0.19454875E-04
  1485.0000    	  1486.0000    	-0.27066175E-01	 0.49919338E-04
  1486.0000    	  1487.0000    	-0.25849352E-01	 0.45974132E-04
  1487.0000    	  1488.0000    	-0.23424692E-01	 0.40926733E-04
  1488.0000    	  1489.0000    	-0.19983833E-01	 0.35640754E-04
  1489.0000    	  1490.0000    	-0.15776922E-01	 0.29802009E-04
  1490.0000    	  1491.0000    	-0.11402809E-01	 0.24914920E-04
  1491.0000    	  1492.0000    	-0.67971869E-02	 0.19922134E-04
  1492.0000    	  1493.0000    	-0.30199416E-02	 0.17171989E-04
  1493.0000    	  1494.0000    	-0.23719121E-03	 0.16779106E-04
  1494.0000    	  1495.0000    	 0.10478548E-02	 0.18559423E-04
  1495.0000    	  1496.0000    	 0.11845921E-02	 0.19185146E-04
  1496.0000    	  1497.0000    	-0.26891471E-01	 0.49513395E-04
  1497.0000    	  1498.0000    	-0.25546861E-01	 0.45545264E-04
  1498.0000    	  1499.0000    	-0.23120839E-01	 0.40646422E-04
  1499.0000    	  1500.0000    	-0.19861392E-01	 0.35681351E-04
  1500.0000    	  1501.0000    	-0.15656916E-01	 0.29859851E-04
  1501.0000    	  1502.0000    	-0.11227523E-01	 0.24791106E-04
  1502.0000    	  1503.0000    	-0.67563802E-02	 0.19936650E-04
  1503.0000    	  1504.0000    	-0.30176219E-02	 0.16957740E-04
  1504.0000    	  1505.0000    	-0.27396273E-03	 0.16952856E-04
  1505.0000    	  1506.0000    	 0.10049526E-02	 0.18326001E-04
  1506.0000    	  1507.0000    	 0.11050467E-02	 0.19038589E-04
  1507.0000    	  1508.0000    	-0.26561386E-01	 0.49129972E-04
  1508.0000    	  1509.0000    	-0.25404431E-01	 0.45424768E-04
  1509.0000    	  1510.0000    	-0.23028237E-01	 0.40585103E-04
  1510.0000    	  1511.0000    	-0.19579643E-01	 0.35304917E-04
  1511.0000    	  1512.0000    	-0.15464495E-01	 0.29587473E-04
  1512.0000    	  1513.0000    	-0.11096519E-01	 0.24540959E-04
  1513.0000    	  1514.0000    	-0.66635240E-02	 0.19531694E-04
  1514.0000    	  1515.0000    	-0.29737193E-02	 0.16876627E-04
  1515.0000    	  1516.0000    	-0.27139309E-03	 0.16487810E-04
  1516.0000    	  1517.0000    	 0.93004739E-03	 0.18274546E-04
  1517.0000    	  1518.0000    	 0.10462739E-02	 0.18850192E-04
  1518.0000    	  1519.0000    	-0.26332390E-01	 0.48931160E-04
  1519.0000    	  1520.0000    	-0.25024464E-01	 0.44989419E-04
  1520.0000    	  1521.0000    	-0.22695044E-01	 0.40275434E-04
  1521.0000    	  1522.0000    	-0.19410822E-01	 0.35189090E-04
  1522.0000    	  1523.0000    	-0.15320161E-01	 0.29423177E-04
  1523.0000    	  1524.0000    	-0.11052025E-01	 0.24624241E-04
  1524.0000    	  1525.0000    	-0.66348706E-02	 0.19600696E-04
  1525.0000    	  1526.0000    	-0.29716850E-02	 0.16818090E-04
  1526.0000    	  1527.0000    	-0.30853049E-03	 0.16406196E-04
  1527.0000    	  1528.0000    	 0.85640351E-03	 0.18305827E-04
  1528.0000    	  1529.0000    	 0.92411610E-03	 0.19361116E-04
  1529.0000    	  1530.0000    	-0.26014807E-01	 0.48542269E-04
  1530.0000    	  1531.0000    	-0.24811364E-01	 0.44824910E-04
  1531.0000    	  1532.0000    	-0.22480902E-01	 0.40107329E-04
  1532.0000    	  1533.0000    	-0.19196916E-01	 0.35029526E-04
  1533.0000    	  1534.0000    	-0.15203424E-01	 0.29410617E-04
  1534.0000    	  1535.0000    	-0.10906357E-01	 0.26216010E-04
  1535.0000    	  1536.0000    	-0.65538004E-02	 0.19496446E-04
  1536.0000    	  1537.0000    	-0.29541448E-02	 0.16727853E-04
  1537.0000    	  1538.0000    	-0.35181652E-03	 0.16442718E-04
  1538.0000    	  1539.0000    	 0.80777560E-03	 0.18063446E-04
  1539.0000    	  1540.0000    	 0.90617044E-03	 0.19443068E-04
  1540.0000    	  1541.0000    	-0.25835254E-01	 0.48351153E-04
  1541.0000    	  1542.0000    	-0.24594483E-01	 0.44589128E-04
  1542.0000    	  1543.0000    	-0.22245263E-01	 0.39924175E-04
  1543.0000    	  1544.0000    	-0.18995426E-01	 0.34827955E-04
  1544.0000    	  1545.0000    	-0.14990361E-01	 0.29203202E-04
  1545.0000    	  1546.0000    	-0.10777011E-01	 0.24307227E-04
  1546.0000    	  1547.0000    	-0.65058024E-02	 0.19455499E-04
  1547.0000    	  1548.0000    	-0.29613038E-02	 0.16896696E-04
  1548.0000    	  1549.0000    	-0.36397029E-03	 0.16355873E-04
  1549.0000    	  1550.0000    	 0.72450037E-03	 0.18121854E-04
  1550.0000    	  1551.0000    	 0.81427709E-03	 0.18987742E-04
  1551.0000    	  1552.0000    	-0.25541806E-01	 0.48710884E-04
  1552.0000    	  1553.0000    	-0.24332470E-01	 0.44318182E-04
  1553.0000    	  1554.0000    	-0.22035736E-01	 0.39678656E-04
  1554.0000    	  1555.0000    	-0.18785195E-01	 0.34616442E-04
  1555.0000    	  1556.0000    	-0.14848526E-01	 0.29028791E-04
  1556.0000    	  1557.0000    	-0.10644523E-01	 0.24189853E-04
  1557.0000    	  1558.0000    	-0.64181567E-02	 0.19319584E-04
  1558.0000    	  1559.0000    	-0.29267327E-02	 0.16796330E-04
  1559.0000    	  1560.0000    	-0.35559124E-03	 0.16317019E-04
  1560.0000    	  1561.0000    	 0.71351535E-03	 0.17786810E-04
  1561.0000    	  1562.0000    	 0.75947744E-03	 0.18555338E-04
  1562.0000    	  1563.0000    	-0.25232417E-01	 0.47739791E-04
  1563.0000    	  1564.0000    	-0.24040520E-01	 0.44003980E-04
  1564.0000    	  1565.0000    	-0.21814994E-01	 0.39532705E-04
  1565.0000    	  1566.0000    	-0.18545291E-01	 0.34425304E-04
  1566.0000    	  1567.0000    	-0.14713924E-01	 0.29020354E-04
  1567.0000    	  1568.0000    	-0.10533599E-01	 0.24090030E-04
  1568.0000    	  1569.0000    	-0.63632379E-02	 0.19208167E-04
  1569.0000    	  1570.0000    	-0.28864145E-02	 0.16634881E-04
  1570.0000    	  1571.0000    	-0.42462630E-03	 0.16463330E-04
  1571.0000    	  1572.0000    	 0.65115321E-03	 0.18308474E-04
  1572.0000    	  1573.0000    	 0.66785661E-03	 0.18771813E-04
  1573.0000    	  1574.0000    	-0.25043045E-01	 0.47540565E-04
  1574.0000    	  1575.0000    	-0.23823526E-01	 0.43835232E-04
  1575.0000    	  1576.0000    	-0.21585315E-01	 0.39361208E-04
  1576.0000    	  1577.0000    	-0.18394759E-01	 0.34262775E-04
  1577.0000    	  1578.0000    	-0.14548139E-01	 0.28811472E-04
  1578.0000    	  1579.0000    	-0.10390990E-01	 0.23895440E-04
  1579.0000    	  1580.0000    	-0.63005685E-02	 0.19231955E-04
  1580.0000    	  1581.0000    	-0.28841241E-02	 0.16542543E-04
  1581.0000    	  1582.0000    	-0.43040730E-03	 0.16129304E-04
  1582.0000    	  1583.0000    	 0.61717801E-03	 0.18206106E-04
  1583.0000    	  1584.0000    	 0.66105859E-03	 0.18189824E-04
  1584.0000    	  1585.0000    	-0.24707869E-01	 0.47140883E-04
  1585.0000    	  1586.0000    	-0.23554998E-01	 0.43526364E-04
  1586.0000    	  1587.0000    	-0.21377036E-01	 0.39283210E-04
  1587.0000    	  1588.0000    	-0.18145029E-01	 0.34084749E-04
  1588.0000    	  1589.0000    	-0.14381179E-01	 0.28760640E-04
  1589.0000    	  1590.0000    	-0.10278326E-01	 0.23850276E-04
  1590.0000    	  1591.0000    	-0.62239606E-02	 0.19055637E-04
  1591.0000    	  1592.0000    	-0.28743294E-02	 0.16569463E-04
  1592.0000    	  1593.0000    	-0.49719496E-03	 0.16322824E-04
  1593.0000    	  1594.0000    	 0.56620551E-03	 0.17438826E-04
  1594.0000    	  1595.0000    	 0.54915447E-03	 0.18636172E-04
  1595.0000    	  1596.0000    	-0.24503862E-01	 0.46952733E-04
  1596.0000    	  1597.0000    	-0.23311497E-01	 0.43273865E-04
  1597.0000    	  1598.0000    	-0.21112355E-01	 0.38926530E-04
  1598.0000    	  1599.0000    	-0.17982559E-01	 0.33938148E-04
  1599.0000    	  1600.0000    	-0.14210260E-01	 0.29304993E-04
  1600.0000    	  1601.0000    	-0.10181739E-01	 0.23736242E-04
  1601.0000    	  1602.0000    	-0.61444515E-02	 0.18962465E-04
  1602.0000    	  1603.0000    	-0.28303339E-02	 0.16509764E-04
  1603.0000    	  1604.0000    	-0.46831803E-03	 0.16378245E-04
  1604.0000    	  1605.0000    	 0.53167260E-03	 0.17549320E-04
  1605.0000    	  1606.0000    	 0.46949378E-03	 0.18544118E-04
  1606.0000    	  1607.0000    	-0.24256351E-01	 0.46681135E-04
  1607.0000    	  1608.0000    	-0.23089343E-01	 0.43093428E-04
  1608.0000    	  1609.0000    	-0.20939059E-01	 0.38789672E-04
  1609.0000    	  1610.0000    	-0.17793217E-01	 0.33787475E-04
  1610.0000    	  1611.0000    	-0.14064653E-01	 0.28489315E-04
  1611.0000    	  1612.0000    	-0.10052314E-01	 0.23670240E-04
  1612.0000    	  1613.0000    	-0.60869496E-02	 0.18962544E-04
  1613.0000    	  1614.0000    	-0.27976453E-02	 0.16335899E-04
  1614.0000    	  1615.0000    	-0.50265162E-03	 0.16401486E-04
  1615.0000    	  1616.0000    	 0.44549811E-03	 0.17551585E-04
  1616.0000    	  1617.0000    	 0.45099915E-03	 0.17862528E-04
  1617.0000    	  1618.0000    	-0.24030194E-01	 0.46434406E-04
  1618.0000    	  1619.0000    	-0.22844426E-01	 0.42789963E-04
  1619.0000    	  1620.0000    	-0.20664333E-01	 0.38586924E-04
  1620.0000    	  1621.0000    	-0.17545890E-01	 0.33512987E-04
  1621.0000    	  1622.0000    	-0.13940260E-01	 0.28400499E-04
  1622.0000    	  1623.0000    	-0.99266705E-02	 0.23540002E-04
  1623.0000    	  1624.0000    	-0.60382269E-02	 0.18911080E-04
  1624.0000    	  1625.0000    	-0.27970341E-02	 0.16458748E-04
  1625.0000    	  1626.0000    	-0.52528162E-03	 0.16070587E-04
  1626.0000    	  1627.0000    	 0.43765924E-03	 0.17228770E-04
  1627.0000    	  1628.0000    	 0.37900054E-03	 0.17977584E-04
  1628.0000    	  1629.0000    	-0.23775793E-01	 0.46157705E-04
  1629.0000    	  1630.0000    	-0.22608928E-01	 0.42677588E-04
  1630.0000    	  1631.0000    	-0.20450181E-01	 0.38424134E-04
  1631.0000    	  1632.0000    	-0.17362256E-01	 0.33414467E-04
  1632.0000    	  1633.0000    	-0.13746307E-01	 0.28224008E-04
  1633.0000    	  1634.0000    	-0.98408072E-02	 0.23410824E-04
  1634.0000    	  1635.0000    	-0.59450519E-02	 0.18723044E-04
  1635.0000    	  1636.0000    	-0.27549361E-02	 0.16237639E-04
  1636.0000    	  1637.0000    	-0.55259722E-03	 0.15947450E-04
  1637.0000    	  1638.0000    	 0.42712271E-03	 0.16760227E-04
  1638.0000    	  1639.0000    	 0.31168639E-03	 0.17934502E-04
  1639.0000    	  1640.0000    	-0.23436553E-01	 0.45781822E-04
  1640.0000    	  1641.0000    	-0.22324169E-01	 0.42353912E-04
  1641.0000    	  1642.0000    	-0.20243302E-01	 0.38302000E-04
  1642.0000    	  1643.0000    	-0.17192002E-01	 0.33280284E-04
  1643.0000    	  1644.0000    	-0.13627687E-01	 0.28184001E-04
  1644.0000    	  1645.0000    	-0.96364208E-02	 0.23176971E-04
  1645.0000    	  1646.0000    	-0.59035789E-02	 0.18702951E-04
  1646.0000    	  1647.0000    	-0.27371216E-02	 0.16350590E-04
  1647.0000    	  1648.0000    	-0.57161584E-03	 0.16087274E-04
  1648.0000    	  1649.0000    	 0.33428057E-03	 0.17416227E-04
  1649.0000    	  1650.0000    	 0.27712026E-03	 0.18078014E-04
  1650.0000    	  1651.0000    	-0.23317334E-01	 0.45913554E-04
  1651.0000    	  1652.0000    	-0.22107572E-01	 0.42136381E-04
  1652.0000    	  1653.0000    	-0.19969807E-01	 0.37951533E-04
  1653.0000    	  1654.0000    	-0.16982810E-01	 0.33069926E-04
  1654.0000    	  1655.0000    	-0.13455742E-01	 0.27983942E-04
  1655.0000    	  1656.0000    	-0.95819509E-02	 0.23142603E-04
  1656.0000    	  1657.0000    	-0.58142240E-02	 0.18600589E-04
  1657.0000    	  1658.0000    	-0.26830484E-02	 0.16153846E-04
  1658.0000    	  1659.0000    	-0.58302078E-03	 0.15881221E-04
  1659.0000    	  1660.0000    	 0.28515739E-03	 0.17210636E-04
  1660.0000    	  1661.0000    	 0.19976786E-03	 0.17827097E-04
  1661.0000    	  1662.0000    	-0.23010536E-01	 0.45343662E-04
  1662.0000    	  1663.0000    	-0.21874065E-01	 0.41902552E-04
  1663.0000    	  1664.0000    	-0.19847472E-01	 0.37923268E-04
  1664.0000    	  1665.0000    	-0.16844543E-01	 0.32882556E-04
  1665.0000    	  1666.0000    	-0.13307345E-01	 0.27897824E-04
  1666.0000    	  1667.0000    	-0.94655224E-02	 0.23027004E-04
  1667.0000    	  1668.0000    	-0.57732609E-02	 0.18696211E-04
  1668.0000    	  1669.0000    	-0.26733806E-02	 0.16229318E-04
  1669.0000    	  1670.0000    	-0.59627765E-03	 0.15753875E-04
  1670.0000    	  1671.0000    	 0.30005136E-03	 0.16655754E-04
  1671.0000    	  1672.0000    	 0.17820884E-03	 0.17487160E-04
  1672.0000    	  1673.0000    	-0.22769363E-01	 0.45121296E-04
  1673.0000    	  1674.0000    	-0.21527446E-01	 0.41616919E-04
  1674.0000    	  1675.0000    	-0.19605068E-01	 0.37661090E-04
  1675.0000    	  1676.0000    	-0.16525734E-01	 0.32582154E-04
  1676.0000    	  1677.0000    	-0.13129452E-01	 0.27768078E-04
  1677.0000    	  1678.0000    	-0.93381688E-02	 0.22939112E-04
  1678.0000    	  1679.0000    	-0.57043150E-02	 0.18633539E-04
  1679.0000    	  1680.0000    	-0.26605344E-02	 0.16248825E-04
  1680.0000    	  1681.0000    	-0.61342823E-03	 0.15847799E-04
  1681.0000    	  1682.0000    	 0.25245223E-03	 0.16795476E-04
  1682.0000    	  1683.0000    	 0.12467980E-03	 0.17566374E-04
  1683.0000    	  1684.0000    	-0.22446698E-01	 0.44734470E-04
  1684.0000    	  1685.0000    	-0.21423904E-01	 0.41476862E-04
  1685.0000    	  1686.0000    	-0.19345017E-01	 0.37448058E-04
  1686.0000    	  1687.0000    	-0.16450541E-01	 0.32633868E-04
  1687.0000    	  1688.0000    	-0.12990118E-01	 0.27662875E-04
  1688.0000    	  1689.0000    	-0.92170267E-02	 0.23221913E-04
  1689.0000    	  1690.0000    	-0.56274820E-02	 0.18426348E-04
  1690.0000    	  1691.0000    	-0.25989368E-02	 0.15951992E-04
  1691.0000    	  1692.0000    	-0.65266756E-03	 0.15881488E-04
  1692.0000    	  1693.0000    	 0.19530991E-03	 0.16610160E-04
  1693.0000    	  1694.0000    	 0.65822896E-04	 0.17813016E-04
  1694.0000    	  1695.0000    	-0.22275404E-01	 0.44545287E-04
  1695.0000    	  1696.0000    	-0.21140098E-01	 0.41170264E-04
  1696.0000    	  1697.0000    	-0.19092748E-01	 0.37216508E-04
  1697.0000    	  1698.0000    	-0.16246380E-01	 0.32419780E-04
  1698.0000    	  1699.0000    	-0.12892938E-01	 0.27634711E-04
  1699.0000    	  1700.0000    	-0.90624028E-02	 0.22633501E-04
  1700.0000    	  1701.0000    	-0.55612741E-02	 0.18392919E-04
  1701.0000    	  1702.0000    	-0.25962324E-02	 0.16001575E-04
  1702.0000    	  1703.0000    	-0.63300253E-03	 0.15681959E-04
  1703.0000    	  1704.0000    	 0.17325916E-03	 0.17260801E-04
  1704.0000    	  1705.0000    	 0.49376548E-04	 0.17517095E-04
  1705.0000    	  1706.0000    	-0.21983794E-01	 0.44282619E-04
  1706.0000    	  1707.0000    	-0.20934808E-01	 0.41047612E-04
  1707.0000    	  1708.0000    	-0.18937808E-01	 0.37169886E-04
  1708.0000    	  1709.0000    	-0.16000459E-01	 0.32126584E-04
  1709.0000    	  1710.0000    	-0.12683658E-01	 0.27384079E-04
  1710.0000    	  1711.0000    	-0.89937861E-02	 0.22610197E-04
  1711.0000    	  1712.0000    	-0.54612410E-02	 0.18389401E-04
  1712.0000    	  1713.0000    	-0.25392709E-02	 0.15994513E-04
  1713.0000    	  1714.0000    	-0.67336576E-03	 0.16147773E-04
  1714.0000    	  1715.0000    	 0.14635271E-03	 0.16485094E-04
  1715.0000    	  1716.0000    	-0.31002469E-04	 0.17636236E-04
  1716.0000    	  1717.0000    	-0.21768657E-01	 0.43995610E-04
  1717.0000    	  1718.0000    	-0.20653954E-01	 0.40737009E-04
  1718.0000    	  1719.0000    	-0.18696075E-01	 0.36970060E-04
  1719.0000    	  1720.0000    	-0.15821514E-01	 0.31969119E-04
  1720.0000    	  1721.0000    	-0.12513671E-01	 0.27266984E-04
  1721.0000    	  1722.0000    	-0.88935419E-02	 0.22455867E-04
  1722.0000    	  1723.0000    	-0.54190137E-02	 0.18243100E-04
  1723.0000    	  1724.0000    	-0.25250069E-02	 0.15972488E-04
  1724.0000    	  1725.0000    	-0.66420914E-03	 0.15704729E-04
  1725.0000    	  1726.0000    	 0.11835798E-03	 0.16346433E-04
  1726.0000    	  1727.0000    	-0.42442434E-04	 0.17747222E-04
  1727.0000    	  1728.0000    	-0.21490632E-01	 0.43786320E-04
  1728.0000    	  1729.0000    	-0.20428872E-01	 0.40598237E-04
  1729.0000    	  1730.0000    	-0.18489846E-01	 0.36742139E-04
  1730.0000    	  1731.0000    	-0.15659482E-01	 0.31842730E-04
  1731.0000    	  1732.0000    	-0.12424524E-01	 0.27279618E-04
  1732.0000    	  1733.0000    	-0.87212892E-02	 0.22720026E-04
  1733.0000    	  1734.0000    	-0.53433711E-02	 0.18145253E-04
  1734.0000    	  1735.0000    	-0.24936440E-02	 0.16030266E-04
  1735.0000    	  1736.0000    	-0.68202385E-03	 0.15714415E-04
  1736.0000    	  1737.0000    	 0.10074327E-03	 0.16034227E-04
  1737.0000    	  1738.0000    	-0.68171098E-04	 0.17466704E-04
  1738.0000    	  1739.0000    	-0.21273836E-01	 0.43566345E-04
  1739.0000    	  1740.0000    	-0.20275363E-01	 0.40407612E-04
  1740.0000    	  1741.0000    	-0.18297707E-01	 0.36547268E-04
  1741.0000    	  1742.0000    	-0.15492339E-01	 0.31660714E-04
  1742.0000    	  1743.0000    	-0.12239622E-01	 0.27056170E-04
  1743.0000    	  1744.0000    	-0.86273291E-02	 0.22141029E-04
  1744.0000    	  1745.0000    	-0.52698705E-02	 0.18088786E-04
  1745.0000    	  1746.0000    	-0.24753777E-02	 0.15823200E-04
  1746.0000    	  1747.0000    	-0.69439801E-03	 0.15847573E-04
  1747.0000    	  1748.0000    	 0.49922906E-04	 0.16286352E-04
  1748.0000    	  1749.0000    	-0.99092906E-04	 0.17018333E-04
  1749.0000    	  1750.0000    	-0.21019632E-01	 0.43251641E-04
  1750.0000    	  1751.0000    	-0.19985847E-01	 0.40160087E-04
  1751.0000    	  1752.0000    	-0.18049843E-01	 0.36281706E-04
  1752.0000    	  1753.0000    	-0.15284656E-01	 0.31467607E-04
  1753.0000    	  1754.0000    	-0.12115289E-01	 0.27434615E-04
  1754.0000    	  1755.0000    	-0.85176052E-02	 0.22016748E-04
  1755.0000    	  1756.0000    	-0.52007049E-02	 0.18071727E-04
  1756.0000    	  1757.0000    	-0.24165394E-02	 0.15704626E-04
  1757.0000    	  1758.0000    	-0.71730191E-03	 0.15825637E-04
  1758.0000    	  1759.0000    	 0.12522583E-04	 0.16145726E-04
  1759.0000    	  1760.0000    	-0.16061499E-03	 0.17067707E-04
  1760.0000    	  1761.0000    	-0.20765961E-01	 0.42979867E-04
  1761.0000    	  1762.0000    	-0.19830436E-01	 0.40032997E-04
  1762.0000    	  1763.0000    	-0.17850224E-01	 0.36191125E-04
  1763.0000    	  1764.0000    	-0.15115029E-01	 0.31366169E-04
  1764.0000    	  1765.0000    	-0.11938091E-01	 0.26780277E-04
  1765.0000    	  1766.0000    	-0.84043169E-02	 0.21942930E-04
  1766.0000    	  1767.0000    	-0.51490098E-02	 0.18123302E-04
  1767.0000    	  1768.0000    	-0.23844878E-02	 0.15695223E-04
  1768.0000    	  1769.0000    	-0.70965347E-03	 0.15616075E-04
  1769.0000    	  1770.0000    	 0.11160087E-04	 0.15979030E-04
  1770.0000    	  1771.0000    	-0.20538201E-03	 0.16973786E-04
  1771.0000    	  1772.0000    	-0.20597172E-01	 0.42838247E-04
  1772.0000    	  1773.0000    	-0.19494084E-01	 0.39646657E-04
  1773.0000    	  1774.0000    	-0.17625543E-01	 0.35943677E-04
  1774.0000    	  1775.0000    	-0.14916207E-01	 0.31089828E-04
  1775.0000    	  1776.0000    	-0.11819052E-01	 0.26709818E-04
  1776.0000    	  1777.0000    	-0.83185352E-02	 0.21897033E-04
  1777.0000    	  1778.0000    	-0.50837667E-02	 0.18024812E-04
  1778.0000    	  1779.0000    	-0.23745428E-02	 0.15723092E-04
  1779.0000    	  1780.0000    	-0.69754806E-03	 0.15695474E-04
  1780.0000    	  1781.0000    	-0.34037871E-05	 0.15787596E-04
  1781.0000    	  1782.0000    	-0.12480828E-03	 0.12608022E-04
  1782.0000    	  1783.0000    	-0.20322100E-01	 0.42548982E-04
  1783.0000    	  1784.0000    	-0.19350011E-01	 0.39563637E-04
  1784.0000    	  1785.0000    	-0.17485569E-01	 0.35999370E-04
  1785.0000    	  1786.0000    	-0.14789702E-01	 0.31063613E-04
  1786.0000    	  1787.0000    	-0.11686750E-01	 0.26702535E-04
  1787.0000    	  1788.0000    	-0.82049995E-02	 0.21836757E-04
  1788.0000    	  1789.0000    	-0.49689250E-02	 0.17787605E-04
  1789.0000    	  1790.0000    	-0.22990665E-02	 0.16618054E-04
  1790.0000    	  1791.0000    	-0.73248145E-03	 0.15667900E-04
  1791.0000    	  1792.0000    	-0.54754603E-04	 0.15810126E-04
  1792.0000    	  1793.0000    	-0.24360434E-03	 0.16941475E-04
  1793.0000    	  1794.0000    	-0.20073339E-01	 0.42283982E-04
  1794.0000    	  1795.0000    	-0.19130151E-01	 0.39387598E-04
  1795.0000    	  1796.0000    	-0.17220077E-01	 0.35549277E-04
  1796.0000    	  1797.0000    	-0.14556846E-01	 0.30791632E-04
  1797.0000    	  1798.0000    	-0.11460986E-01	 0.26390909E-04
  1798.0000    	  1799.0000    	-0.80950347E-02	 0.21562983E-04
  1799.0000    	  1800.0000    	-0.49184924E-02	 0.17739678E-04
  1800.0000    	  1801.0000    	-0.23030576E-02	 0.15479144E-04
  1801.0000    	  1802.0000    	-0.72468159E-03	 0.15519471E-04
  1802.0000    	  1803.0000    	-0.83788866E-04	 0.15854204E-04
  1803.0000    	  1804.0000    	-0.25096267E-03	 0.16561493E-04
  1804.0000    	  1805.0000    	-0.19898370E-01	 0.42159800E-04
  1805.0000    	  1806.0000    	-0.18920222E-01	 0.39232446E-04
  1806.0000    	  1807.0000    	-0.17048702E-01	 0.35421735E-04
  1807.0000    	  1808.0000    	-0.14419239E-01	 0.30960787E-04
  1808.0000    	  1809.0000    	-0.11393420E-01	 0.26442773E-04
  1809.0000    	  1810.0000    	-0.79663149E-02	 0.21487788E-04
  1810.0000    	  1811.0000    	-0.48667993E-02	 0.17728294E-04
  1811.0000    	  1812.0000    	-0.22615228E-02	 0.15463905E-04
  1812.0000    	  1813.0000    	-0.74832364E-03	 0.15725868E-04
  1813.0000    	  1814.0000    	-0.11632384E-03	 0.15808595E-04
  1814.0000    	  1815.0000    	-0.30583491E-03	 0.16750858E-04
  1815.0000    	  1816.0000    	-0.19637807E-01	 0.41991754E-04
  1816.0000    	  1817.0000    	-0.18698292E-01	 0.38970350E-04
  1817.0000    	  1818.0000    	-0.16853072E-01	 0.35157462E-04
  1818.0000    	  1819.0000    	-0.14235394E-01	 0.30579529E-04
  1819.0000    	  1820.0000    	-0.11206961E-01	 0.26143989E-04
  1820.0000    	  1821.0000    	-0.78803437E-02	 0.21437149E-04
  1821.0000    	  1822.0000    	-0.47966106E-02	 0.17682536E-04
  1822.0000    	  1823.0000    	-0.22498320E-02	 0.15563325E-04
  1823.0000    	  1824.0000    	-0.76117011E-03	 0.15629746E-04
  1824.0000    	  1825.0000    	-0.12014837E-03	 0.15598001E-04
  1825.0000    	  1826.0000    	-0.31599607E-03	 0.16574353E-04
  1826.0000    	  1827.0000    	-0.19428861E-01	 0.41707407E-04
  1827.0000    	  1828.0000    	-0.18497451E-01	 0.38800689E-04
  1828.0000    	  1829.0000    	-0.16602320E-01	 0.34942480E-04
  1829.0000    	  1830.0000    	-0.14074858E-01	 0.30331669E-04
  1830.0000    	  1831.0000    	-0.11074649E-01	 0.26068542E-04
  1831.0000    	  1832.0000    	-0.77757660E-02	 0.21241405E-04
  1832.0000    	  1833.0000    	-0.47254073E-02	 0.17625420E-04
  1833.0000    	  1834.0000    	-0.22130820E-02	 0.15409055E-04
  1834.0000    	  1835.0000    	-0.73908760E-03	 0.15551273E-04
  1835.0000    	  1836.0000    	-0.12241329E-03	 0.15294016E-04
  1836.0000    	  1837.0000    	-0.37072703E-03	 0.16859869E-04
  1837.0000    	  1838.0000    	-0.19211225E-01	 0.41494233E-04
  1838.0000    	  1839.0000    	-0.18286661E-01	 0.38642143E-04
  1839.0000    	  1840.0000    	-0.16432324E-01	 0.34846539E-04
  1840.0000    	  1841.0000    	-0.13853064E-01	 0.30216459E-04
  1841.0000    	  1842.0000    	-0.10938761E-01	 0.25951841E-04
  1842.0000    	  1843.0000    	-0.76583719E-02	 0.21145285E-04
  1843.0000    	  1844.0000    	-0.46456613E-02	 0.17470600E-04
  1844.0000    	  1845.0000    	-0.21907516E-02	 0.15362307E-04
  1845.0000    	  1846.0000    	-0.75237174E-03	 0.15509522E-04
  1846.0000    	  1847.0000    	-0.13576024E-03	 0.15389017E-04
  1847.0000    	  1848.0000    	-0.40240157E-03	 0.16961989E-04
  1848.0000    	  1849.0000    	-0.19015822E-01	 0.41280986E-04
  1849.0000    	  1850.0000    	-0.18082583E-01	 0.38413834E-04
  1850.0000    	  1851.0000    	-0.16226936E-01	 0.34614470E-04
  1851.0000    	  1852.0000    	-0.13711470E-01	 0.29986879E-04
  1852.0000    	  1853.0000    	-0.10770121E-01	 0.25719569E-04
  1853.0000    	  1854.0000    	-0.75605479E-02	 0.21130126E-04
  1854.0000    	  1855.0000    	-0.45820078E-02	 0.17471701E-04
  1855.0000    	  1856.0000    	-0.21533489E-02	 0.15365856E-04
  1856.0000    	  1857.0000    	-0.77992393E-03	 0.15689802E-04
  1857.0000    	  1858.0000    	-0.19030459E-03	 0.15445168E-04
  1858.0000    	  1859.0000    	-0.37864242E-03	 0.16010182E-04
  1859.0000    	  1860.0000    	-0.18751519E-01	 0.41051598E-04
  1860.0000    	  1861.0000    	-0.17857612E-01	 0.38230414E-04
  1861.0000    	  1862.0000    	-0.16049676E-01	 0.34448021E-04
  1862.0000    	  1863.0000    	-0.13562881E-01	 0.29926218E-04
  1863.0000    	  1864.0000    	-0.10631826E-01	 0.25685157E-04
  1864.0000    	  1865.0000    	-0.74563580E-02	 0.20985764E-04
  1865.0000    	  1866.0000    	-0.45028390E-02	 0.17393679E-04
  1866.0000    	  1867.0000    	-0.21038192E-02	 0.15302088E-04
  1867.0000    	  1868.0000    	-0.76295926E-03	 0.15452358E-04
  1868.0000    	  1869.0000    	-0.21531161E-03	 0.15311311E-04
  1869.0000    	  1870.0000    	-0.37945726E-03	 0.16393653E-04
  1870.0000    	  1871.0000    	-0.18590627E-01	 0.40912999E-04
  1871.0000    	  1872.0000    	-0.17634055E-01	 0.37999742E-04
  1872.0000    	  1873.0000    	-0.15850631E-01	 0.34202300E-04
  1873.0000    	  1874.0000    	-0.13377586E-01	 0.29726969E-04
  1874.0000    	  1875.0000    	-0.10510924E-01	 0.25611887E-04
  1875.0000    	  1876.0000    	-0.73047467E-02	 0.20738154E-04
  1876.0000    	  1877.0000    	-0.44551430E-02	 0.17493319E-04
  1877.0000    	  1878.0000    	-0.21118068E-02	 0.15273683E-04
  1878.0000    	  1879.0000    	-0.74661382E-03	 0.15632671E-04
  1879.0000    	  1880.0000    	-0.23584815E-03	 0.15508175E-04
  1880.0000    	  1881.0000    	-0.44015289E-03	 0.16346114E-04
  1881.0000    	  1882.0000    	-0.18351449E-01	 0.40641186E-04
  1882.0000    	  1883.0000    	-0.17448400E-01	 0.37937006E-04
  1883.0000    	  1884.0000    	-0.15699048E-01	 0.34504189E-04
  1884.0000    	  1885.0000    	-0.13228985E-01	 0.29597873E-04
  1885.0000    	  1886.0000    	-0.10348519E-01	 0.25321656E-04
  1886.0000    	  1887.0000    	-0.72670864E-02	 0.20863955E-04
  1887.0000    	  1888.0000    	-0.43795149E-02	 0.17196410E-04
  1888.0000    	  1889.0000    	-0.20532781E-02	 0.15121629E-04
  1889.0000    	  1890.0000    	-0.75236119E-03	 0.15546290E-04
  1890.0000    	  1891.0000    	-0.24885982E-03	 0.15338773E-04
  1891.0000    	  1892.0000    	-0.47584732E-03	 0.16588158E-04
  1892.0000    	  1893.0000    	-0.18112810E-01	 0.40456136E-04
  1893.0000    	  1894.0000    	-0.17220812E-01	 0.37625571E-04
  1894.0000    	  1895.0000    	-0.15450519E-01	 0.33843205E-04
  1895.0000    	  1896.0000    	-0.13026381E-01	 0.29355312E-04
  1896.0000    	  1897.0000    	-0.10275925E-01	 0.25499624E-04
  1897.0000    	  1898.0000    	-0.71231215E-02	 0.20577480E-04
  1898.0000    	  1899.0000    	-0.43193231E-02	 0.17272977E-04
  1899.0000    	  1900.0000    	-0.20202363E-02	 0.15085261E-04
  1900.0000    	  1901.0000    	-0.74196112E-03	 0.15262294E-04
  1901.0000    	  1902.0000    	-0.27765931E-03	 0.15279010E-04
  1902.0000    	  1903.0000    	-0.49257240E-03	 0.16157331E-04
  1903.0000    	  1904.0000    	-0.17916734E-01	 0.40241472E-04
  1904.0000    	  1905.0000    	-0.17075622E-01	 0.37541574E-04
  1905.0000    	  1906.0000    	-0.15272801E-01	 0.33615315E-04
  1906.0000    	  1907.0000    	-0.12875132E-01	 0.29264800E-04
  1907.0000    	  1908.0000    	-0.10083055E-01	 0.25091737E-04
  1908.0000    	  1909.0000    	-0.70450800E-02	 0.20830138E-04
  1909.0000    	  1910.0000    	-0.42726297E-02	 0.17223076E-04
  1910.0000    	  1911.0000    	-0.20092546E-02	 0.15095033E-04
  1911.0000    	  1912.0000    	-0.74550097E-03	 0.15213946E-04
  1912.0000    	  1913.0000    	-0.30071667E-03	 0.15479764E-04
  1913.0000    	  1914.0000    	-0.51286577E-03	 0.16231012E-04
  1914.0000    	  1915.0000    	-0.17697193E-01	 0.40027168E-04
  1915.0000    	  1916.0000    	-0.16797123E-01	 0.37179862E-04
  1916.0000    	  1917.0000    	-0.15122634E-01	 0.33483280E-04
  1917.0000    	  1918.0000    	-0.12743959E-01	 0.29182506E-04
  1918.0000    	  1919.0000    	-0.99380037E-02	 0.24913755E-04
  1919.0000    	  1920.0000    	-0.69541900E-02	 0.20483432E-04
  1920.0000    	  1921.0000    	-0.41915972E-02	 0.17107222E-04
  1921.0000    	  1922.0000    	-0.19631907E-02	 0.15748119E-04
  1922.0000    	  1923.0000    	-0.77342907E-03	 0.15372461E-04
  1923.0000    	  1924.0000    	-0.32014261E-03	 0.15176120E-04
  1924.0000    	  1925.0000    	-0.54480688E-03	 0.16463345E-04
  1925.0000    	  1926.0000    	-0.17523342E-01	 0.39958630E-04
  1926.0000    	  1927.0000    	-0.16604590E-01	 0.37047053E-04
  1927.0000    	  1928.0000    	-0.14916817E-01	 0.33289154E-04
  1928.0000    	  1929.0000    	-0.12560456E-01	 0.28936428E-04
  1929.0000    	  1930.0000    	-0.97979621E-02	 0.24791304E-04
  1930.0000    	  1931.0000    	-0.68027883E-02	 0.20229394E-04
  1931.0000    	  1932.0000    	-0.41221880E-02	 0.16917758E-04
  1932.0000    	  1933.0000    	-0.19626009E-02	 0.15580343E-04
  1933.0000    	  1934.0000    	-0.75117891E-03	 0.15280323E-04
  1934.0000    	  1935.0000    	-0.30797751E-03	 0.15140800E-04
  1935.0000    	  1936.0000    	-0.53140050E-03	 0.16158692E-04
  1936.0000    	  1937.0000    	-0.17319068E-01	 0.39734591E-04
  1937.0000    	  1938.0000    	-0.16458055E-01	 0.36970271E-04
  1938.0000    	  1939.0000    	-0.14765714E-01	 0.33158044E-04
  1939.0000    	  1940.0000    	-0.12426234E-01	 0.28809763E-04
  1940.0000    	  1941.0000    	-0.96740432E-02	 0.24709968E-04
  1941.0000    	  1942.0000    	-0.67643083E-02	 0.20286684E-04
  1942.0000    	  1943.0000    	-0.40744638E-02	 0.17036152E-04
  1943.0000    	  1944.0000    	-0.19528050E-02	 0.15132903E-04
  1944.0000    	  1945.0000    	-0.76258873E-03	 0.15191464E-04
  1945.0000    	  1946.0000    	-0.33111234E-03	 0.15049535E-04
  1946.0000    	  1947.0000    	-0.54391578E-03	 0.16268990E-04
  1947.0000    	  1948.0000    	-0.17026596E-01	 0.39364640E-04
  1948.0000    	  1949.0000    	-0.16254735E-01	 0.36781612E-04
  1949.0000    	  1950.0000    	-0.14544893E-01	 0.32950636E-04
  1950.0000    	  1951.0000    	-0.12252839E-01	 0.28694926E-04
  1951.0000    	  1952.0000    	-0.95726272E-02	 0.24647264E-04
  1952.0000    	  1953.0000    	-0.66500994E-02	 0.20156265E-04
  1953.0000    	  1954.0000    	-0.40104718E-02	 0.16958066E-04
  1954.0000    	  1955.0000    	-0.18824227E-02	 0.14917495E-04
  1955.0000    	  1956.0000    	-0.74849441E-03	 0.15523585E-04
  1956.0000    	  1957.0000    	-0.34969261E-03	 0.14860009E-04
  1957.0000    	  1958.0000    	-0.61396107E-03	 0.16327022E-04
  1958.0000    	  1959.0000    	-0.16912641E-01	 0.39411875E-04
  1959.0000    	  1960.0000    	-0.16027984E-01	 0.36512961E-04
  1960.0000    	  1961.0000    	-0.14355634E-01	 0.32694078E-04
  1961.0000    	  1962.0000    	-0.12114373E-01	 0.28519058E-04
  1962.0000    	  1963.0000    	-0.94272307E-02	 0.24435437E-04
  1963.0000    	  1964.0000    	-0.65376195E-02	 0.20016551E-04
  1964.0000    	  1965.0000    	-0.39113472E-02	 0.16676625E-04
  1965.0000    	  1966.0000    	-0.18737093E-02	 0.14923746E-04
  1966.0000    	  1967.0000    	-0.75743488E-03	 0.15031108E-04
  1967.0000    	  1968.0000    	-0.37457557E-03	 0.15733825E-04
  1968.0000    	  1969.0000    	-0.60750521E-03	 0.16603594E-04
  1969.0000    	  1970.0000    	-0.16676795E-01	 0.39098624E-04
  1970.0000    	  1971.0000    	-0.15832939E-01	 0.37062315E-04
  1971.0000    	  1972.0000    	-0.14226867E-01	 0.32549142E-04
  1972.0000    	  1973.0000    	-0.11964677E-01	 0.28397241E-04
  1973.0000    	  1974.0000    	-0.93008743E-02	 0.24350367E-04
  1974.0000    	  1975.0000    	-0.64538459E-02	 0.19992432E-04
  1975.0000    	  1976.0000    	-0.38708216E-02	 0.16794327E-04
  1976.0000    	  1977.0000    	-0.18603990E-02	 0.14922922E-04
  1977.0000    	  1978.0000    	-0.72430177E-03	 0.14810004E-04
  1978.0000    	  1979.0000    	-0.36762282E-03	 0.14766564E-04
  1979.0000    	  1980.0000    	-0.70221144E-04	 0.55459636E-05
  1980.0000    	  1981.0000    	-0.16496586E-01	 0.38952962E-04
  1981.0000    	  1982.0000    	-0.15670830E-01	 0.36357449E-04
  1982.0000    	  1983.0000    	-0.13974944E-01	 0.32264926E-04
  1983.0000    	  1984.0000    	-0.11824886E-01	 0.28283061E-04
  1984.0000    	  1985.0000    	-0.91833000E-02	 0.24225012E-04
  1985.0000    	  1986.0000    	-0.63761587E-02	 0.19901473E-04
  1986.0000    	  1987.0000    	-0.38331838E-02	 0.16795400E-04
  1987.0000    	  1988.0000    	-0.18395679E-02	 0.15007502E-04
  1988.0000    	  1989.0000    	-0.76221551E-03	 0.15031871E-04
  1989.0000    	  1990.0000    	-0.39803808E-03	 0.14886637E-04
  1990.0000    	  1991.0000    	-0.59647562E-03	 0.15607901E-04
  1991.0000    	  1992.0000    	-0.16248618E-01	 0.38785046E-04
  1992.0000    	  1993.0000    	-0.15489147E-01	 0.36020610E-04
  1993.0000    	  1994.0000    	-0.13823826E-01	 0.32122296E-04
  1994.0000    	  1995.0000    	-0.11671737E-01	 0.28121423E-04
  1995.0000    	  1996.0000    	-0.90210816E-02	 0.23938774E-04
  1996.0000    	  1997.0000    	-0.62617707E-02	 0.19771766E-04
  1997.0000    	  1998.0000    	-0.37322989E-02	 0.16542324E-04
  1998.0000    	  1999.0000    	-0.17996993E-02	 0.14824014E-04
  1999.0000    	  2000.0000    	-0.73336928E-03	 0.15226248E-04
  2000.0000    	  2001.0000    	-0.42895423E-03	 0.16114383E-04
  2001.0000    	  2002.0000    	-0.19128743E-03	 0.88950121E-05
  2002.0000    	  2003.0000    	-0.16136091E-01	 0.38638822E-04
  2003.0000    	  2004.0000    	-0.15287096E-01	 0.35826961E-04
  2004.0000    	  2005.0000    	-0.13677544E-01	 0.32025689E-04
  2005.0000    	  2006.0000    	-0.11530877E-01	 0.28047778E-04
  2006.0000    	  2007.0000    	-0.89102120E-02	 0.23922837E-04
  2007.0000    	  2008.0000    	-0.61764100E-02	 0.20797653E-04
  2008.0000    	  2009.0000    	-0.36825051E-02	 0.16502485E-04
  2009.0000    	  2010.0000    	-0.17872311E-02	 0.14891514E-04
  2010.0000    	  2011.0000    	-0.75192685E-03	 0.14994937E-04
  2011.0000    	  2012.0000    	-0.41461778E-03	 0.14734180E-04
  2012.0000    	  2013.0000    	-0.64258058E-03	 0.16031378E-04
  2013.0000    	  2014.0000    	-0.15862657E-01	 0.38316250E-04
  2014.0000    	  2015.0000    	-0.15064512E-01	 0.35612301E-04
  2015.0000    	  2016.0000    	-0.13539195E-01	 0.31909666E-04
  2016.0000    	  2017.0000    	-0.11365169E-01	 0.27901030E-04
  2017.0000    	  2018.0000    	-0.87807696E-02	 0.23714141E-04
  2018.0000    	  2019.0000    	-0.60997389E-02	 0.19657680E-04
  2019.0000    	  2020.0000    	-0.36078765E-02	 0.16427885E-04
  2020.0000    	  2021.0000    	-0.17459286E-02	 0.14794372E-04
  2021.0000    	  2022.0000    	-0.74416839E-03	 0.14802223E-04
  2022.0000    	  2023.0000    	-0.43040732E-03	 0.14621329E-04
  2023.0000    	  2024.0000    	-0.64530410E-03	 0.15670833E-04
