# xi0
# underflow	  1.0057661    	 0.17580225E-02
# overflow	-0.14781932    	 0.77621978E-04
# sum	 -13.430138    	 0.19459527E-02
# xmin	xmax	cross	numerror
  1034.0000    	  1035.0000    	-0.35998131E-01	 0.70365042E-04
  1035.0000    	  1036.0000    	-0.35192800E-01	 0.59629048E-04
  1036.0000    	  1037.0000    	-0.33690518E-01	 0.61095122E-04
  1037.0000    	  1038.0000    	-0.31311382E-01	 0.49199161E-04
  1038.0000    	  1039.0000    	-0.28736958E-01	 0.43949568E-04
  1039.0000    	  1040.0000    	-0.25934224E-01	 0.37772958E-04
  1040.0000    	  1041.0000    	-0.23101365E-01	 0.34290896E-04
  1041.0000    	  1042.0000    	-0.20359313E-01	 0.31983832E-04
  1042.0000    	  1043.0000    	-0.17719704E-01	 0.30159635E-04
  1043.0000    	  1044.0000    	-0.15331890E-01	 0.28838538E-04
  1044.0000    	  1045.0000    	-0.12935611E-01	 0.27597984E-04
  1045.0000    	  1046.0000    	-0.35597265E-01	 0.64621193E-04
  1046.0000    	  1047.0000    	-0.34829915E-01	 0.56273486E-04
  1047.0000    	  1048.0000    	-0.33201869E-01	 0.51828595E-04
  1048.0000    	  1049.0000    	-0.30956450E-01	 0.46301495E-04
  1049.0000    	  1050.0000    	-0.28316543E-01	 0.40392636E-04
  1050.0000    	  1051.0000    	-0.25560385E-01	 0.36982260E-04
  1051.0000    	  1052.0000    	-0.22777345E-01	 0.33858240E-04
  1052.0000    	  1053.0000    	-0.20030197E-01	 0.31630800E-04
  1053.0000    	  1054.0000    	-0.17478540E-01	 0.29920452E-04
  1054.0000    	  1055.0000    	-0.15011780E-01	 0.28510125E-04
  1055.0000    	  1056.0000    	-0.12734373E-01	 0.27377778E-04
  1056.0000    	  1057.0000    	-0.35276674E-01	 0.64188566E-04
  1057.0000    	  1058.0000    	-0.34443923E-01	 0.54975087E-04
  1058.0000    	  1059.0000    	-0.32740667E-01	 0.49648260E-04
  1059.0000    	  1060.0000    	-0.30606158E-01	 0.45657645E-04
  1060.0000    	  1061.0000    	-0.27965183E-01	 0.40872030E-04
  1061.0000    	  1062.0000    	-0.25285025E-01	 0.36327864E-04
  1062.0000    	  1063.0000    	-0.22473030E-01	 0.33517893E-04
  1063.0000    	  1064.0000    	-0.19729920E-01	 0.31350960E-04
  1064.0000    	  1065.0000    	-0.17197352E-01	 0.29668930E-04
  1065.0000    	  1066.0000    	-0.14793196E-01	 0.28310066E-04
  1066.0000    	  1067.0000    	-0.12499274E-01	 0.27113672E-04
  1067.0000    	  1068.0000    	-0.34829184E-01	 0.55778999E-04
  1068.0000    	  1069.0000    	-0.34010898E-01	 0.53197135E-04
  1069.0000    	  1070.0000    	-0.32386912E-01	 0.46857921E-04
  1070.0000    	  1071.0000    	-0.30201194E-01	 0.42740588E-04
  1071.0000    	  1072.0000    	-0.27664506E-01	 0.38870103E-04
  1072.0000    	  1073.0000    	-0.24874643E-01	 0.37729545E-04
  1073.0000    	  1074.0000    	-0.22113803E-01	 0.33062915E-04
  1074.0000    	  1075.0000    	-0.19476070E-01	 0.31078099E-04
  1075.0000    	  1076.0000    	-0.16913617E-01	 0.29380402E-04
  1076.0000    	  1077.0000    	-0.14527417E-01	 0.28011204E-04
  1077.0000    	  1078.0000    	-0.12260355E-01	 0.26840943E-04
  1078.0000    	  1079.0000    	-0.34487944E-01	 0.53070600E-04
  1079.0000    	  1080.0000    	-0.33711861E-01	 0.52771542E-04
  1080.0000    	  1081.0000    	-0.31975198E-01	 0.47009780E-04
  1081.0000    	  1082.0000    	-0.29883537E-01	 0.41991419E-04
  1082.0000    	  1083.0000    	-0.27352233E-01	 0.38352858E-04
  1083.0000    	  1084.0000    	-0.24545594E-01	 0.35798192E-04
  1084.0000    	  1085.0000    	-0.21818341E-01	 0.32792259E-04
  1085.0000    	  1086.0000    	-0.19207440E-01	 0.30759052E-04
  1086.0000    	  1087.0000    	-0.16680639E-01	 0.29135210E-04
  1087.0000    	  1088.0000    	-0.14285160E-01	 0.27755087E-04
  1088.0000    	  1089.0000    	-0.12014336E-01	 0.26603876E-04
  1089.0000    	  1090.0000    	-0.34026716E-01	 0.54893403E-04
  1090.0000    	  1091.0000    	-0.33176590E-01	 0.46910820E-04
  1091.0000    	  1092.0000    	-0.31636745E-01	 0.45653313E-04
  1092.0000    	  1093.0000    	-0.29460992E-01	 0.44686530E-04
  1093.0000    	  1094.0000    	-0.26941965E-01	 0.38428221E-04
  1094.0000    	  1095.0000    	-0.24238428E-01	 0.34902062E-04
  1095.0000    	  1096.0000    	-0.21540064E-01	 0.33057752E-04
  1096.0000    	  1097.0000    	-0.18857703E-01	 0.30435378E-04
  1097.0000    	  1098.0000    	-0.16386035E-01	 0.28876844E-04
  1098.0000    	  1099.0000    	-0.14078349E-01	 0.27588240E-04
  1099.0000    	  1100.0000    	-0.11839169E-01	 0.26400472E-04
  1100.0000    	  1101.0000    	-0.33602669E-01	 0.52388330E-04
  1101.0000    	  1102.0000    	-0.32810046E-01	 0.45425949E-04
  1102.0000    	  1103.0000    	-0.31262030E-01	 0.43002056E-04
  1103.0000    	  1104.0000    	-0.29157343E-01	 0.43340217E-04
  1104.0000    	  1105.0000    	-0.26579963E-01	 0.37006922E-04
  1105.0000    	  1106.0000    	-0.23923965E-01	 0.34335767E-04
  1106.0000    	  1107.0000    	-0.21224945E-01	 0.32092341E-04
  1107.0000    	  1108.0000    	-0.18551920E-01	 0.30108793E-04
  1108.0000    	  1109.0000    	-0.16138210E-01	 0.28615222E-04
  1109.0000    	  1110.0000    	-0.13846884E-01	 0.27343181E-04
  1110.0000    	  1111.0000    	-0.11620953E-01	 0.26138527E-04
  1111.0000    	  1112.0000    	-0.33291706E-01	 0.50738473E-04
  1112.0000    	  1113.0000    	-0.32407800E-01	 0.45149812E-04
  1113.0000    	  1114.0000    	-0.30856698E-01	 0.41849366E-04
  1114.0000    	  1115.0000    	-0.28758112E-01	 0.39181022E-04
  1115.0000    	  1116.0000    	-0.26276115E-01	 0.36690360E-04
  1116.0000    	  1117.0000    	-0.23594750E-01	 0.34044524E-04
  1117.0000    	  1118.0000    	-0.20904216E-01	 0.31733562E-04
  1118.0000    	  1119.0000    	-0.18334412E-01	 0.29896497E-04
  1119.0000    	  1120.0000    	-0.15906175E-01	 0.28385211E-04
  1120.0000    	  1121.0000    	-0.13585687E-01	 0.27088615E-04
  1121.0000    	  1122.0000    	-0.11392665E-01	 0.25907295E-04
  1122.0000    	  1123.0000    	-0.32815090E-01	 0.46028631E-04
  1123.0000    	  1124.0000    	-0.32001179E-01	 0.44359800E-04
  1124.0000    	  1125.0000    	-0.30488481E-01	 0.41277438E-04
  1125.0000    	  1126.0000    	-0.28379504E-01	 0.39525883E-04
  1126.0000    	  1127.0000    	-0.25893678E-01	 0.36024416E-04
  1127.0000    	  1128.0000    	-0.23250930E-01	 0.33549409E-04
  1128.0000    	  1129.0000    	-0.20628276E-01	 0.31435185E-04
  1129.0000    	  1130.0000    	-0.18085129E-01	 0.29665249E-04
  1130.0000    	  1131.0000    	-0.15647698E-01	 0.28123723E-04
  1131.0000    	  1132.0000    	-0.13338090E-01	 0.26805369E-04
  1132.0000    	  1133.0000    	-0.11180538E-01	 0.25662121E-04
  1133.0000    	  1134.0000    	-0.32426512E-01	 0.47479069E-04
  1134.0000    	  1135.0000    	-0.31612846E-01	 0.44041106E-04
  1135.0000    	  1136.0000    	-0.30107639E-01	 0.40503747E-04
  1136.0000    	  1137.0000    	-0.28013665E-01	 0.40204526E-04
  1137.0000    	  1138.0000    	-0.25568804E-01	 0.35490078E-04
  1138.0000    	  1139.0000    	-0.22942593E-01	 0.33265553E-04
  1139.0000    	  1140.0000    	-0.20334167E-01	 0.31129481E-04
  1140.0000    	  1141.0000    	-0.17798751E-01	 0.29357571E-04
  1141.0000    	  1142.0000    	-0.15360296E-01	 0.27845562E-04
  1142.0000    	  1143.0000    	-0.13104302E-01	 0.26579874E-04
  1143.0000    	  1144.0000    	-0.10984911E-01	 0.25455195E-04
  1144.0000    	  1145.0000    	-0.32059465E-01	 0.44108452E-04
  1145.0000    	  1146.0000    	-0.31264268E-01	 0.41915301E-04
  1146.0000    	  1147.0000    	-0.29759911E-01	 0.40084043E-04
  1147.0000    	  1148.0000    	-0.27695492E-01	 0.37392784E-04
  1148.0000    	  1149.0000    	-0.25220073E-01	 0.34996045E-04
  1149.0000    	  1150.0000    	-0.22623738E-01	 0.32810245E-04
  1150.0000    	  1151.0000    	-0.20031572E-01	 0.30822881E-04
  1151.0000    	  1152.0000    	-0.17501240E-01	 0.29071389E-04
  1152.0000    	  1153.0000    	-0.15114452E-01	 0.27621698E-04
  1153.0000    	  1154.0000    	-0.12922268E-01	 0.26421976E-04
  1154.0000    	  1155.0000    	-0.10786113E-01	 0.25207172E-04
  1155.0000    	  1156.0000    	-0.31687236E-01	 0.42972883E-04
  1156.0000    	  1157.0000    	-0.30841586E-01	 0.41099416E-04
  1157.0000    	  1158.0000    	-0.29385716E-01	 0.39408746E-04
  1158.0000    	  1159.0000    	-0.27284869E-01	 0.36768595E-04
  1159.0000    	  1160.0000    	-0.24912636E-01	 0.34602655E-04
  1160.0000    	  1161.0000    	-0.22346145E-01	 0.32504985E-04
  1161.0000    	  1162.0000    	-0.19769599E-01	 0.30538556E-04
  1162.0000    	  1163.0000    	-0.17194939E-01	 0.28777553E-04
  1163.0000    	  1164.0000    	-0.14939956E-01	 0.27432327E-04
  1164.0000    	  1165.0000    	-0.12679136E-01	 0.26143092E-04
  1165.0000    	  1166.0000    	-0.10584772E-01	 0.24983587E-04
  1166.0000    	  1167.0000    	-0.31293669E-01	 0.44255383E-04
  1167.0000    	  1168.0000    	-0.30496217E-01	 0.41874062E-04
  1168.0000    	  1169.0000    	-0.28994374E-01	 0.38632303E-04
  1169.0000    	  1170.0000    	-0.26961208E-01	 0.36454604E-04
  1170.0000    	  1171.0000    	-0.24564060E-01	 0.34222250E-04
  1171.0000    	  1172.0000    	-0.21983113E-01	 0.32121428E-04
  1172.0000    	  1173.0000    	-0.19427009E-01	 0.30220609E-04
  1173.0000    	  1174.0000    	-0.17007077E-01	 0.28570089E-04
  1174.0000    	  1175.0000    	-0.14656664E-01	 0.27164255E-04
  1175.0000    	  1176.0000    	-0.12447313E-01	 0.25898364E-04
  1176.0000    	  1177.0000    	-0.10421916E-01	 0.24787315E-04
  1177.0000    	  1178.0000    	-0.30909028E-01	 0.41316070E-04
  1178.0000    	  1179.0000    	-0.30075738E-01	 0.39408361E-04
  1179.0000    	  1180.0000    	-0.28620632E-01	 0.37821919E-04
  1180.0000    	  1181.0000    	-0.26582263E-01	 0.35889828E-04
  1181.0000    	  1182.0000    	-0.24227943E-01	 0.33828070E-04
  1182.0000    	  1183.0000    	-0.21730608E-01	 0.31831610E-04
  1183.0000    	  1184.0000    	-0.19173521E-01	 0.29945367E-04
  1184.0000    	  1185.0000    	-0.16741574E-01	 0.28328260E-04
  1185.0000    	  1186.0000    	-0.14377775E-01	 0.26885384E-04
  1186.0000    	  1187.0000    	-0.12249414E-01	 0.25720404E-04
  1187.0000    	  1188.0000    	-0.10173377E-01	 0.24477009E-04
  1188.0000    	  1189.0000    	-0.30524457E-01	 0.40402490E-04
  1189.0000    	  1190.0000    	-0.29688490E-01	 0.38841106E-04
  1190.0000    	  1191.0000    	-0.28233001E-01	 0.37252919E-04
  1191.0000    	  1192.0000    	-0.26282660E-01	 0.36363864E-04
  1192.0000    	  1193.0000    	-0.23928448E-01	 0.33474333E-04
  1193.0000    	  1194.0000    	-0.21370941E-01	 0.31535427E-04
  1194.0000    	  1195.0000    	-0.18872562E-01	 0.29663757E-04
  1195.0000    	  1196.0000    	-0.16543149E-01	 0.28143958E-04
  1196.0000    	  1197.0000    	-0.14207702E-01	 0.26719885E-04
  1197.0000    	  1198.0000    	-0.12031953E-01	 0.25496306E-04
  1198.0000    	  1199.0000    	-0.10057729E-01	 0.24365272E-04
  1199.0000    	  1200.0000    	-0.30140736E-01	 0.39935234E-04
  1200.0000    	  1201.0000    	-0.29370976E-01	 0.38419560E-04
  1201.0000    	  1202.0000    	-0.27891651E-01	 0.36866244E-04
  1202.0000    	  1203.0000    	-0.25917643E-01	 0.34986160E-04
  1203.0000    	  1204.0000    	-0.23601229E-01	 0.33091446E-04
  1204.0000    	  1205.0000    	-0.21140501E-01	 0.31219183E-04
  1205.0000    	  1206.0000    	-0.18612224E-01	 0.29388695E-04
  1206.0000    	  1207.0000    	-0.16213994E-01	 0.27827026E-04
  1207.0000    	  1208.0000    	-0.13984423E-01	 0.26524319E-04
  1208.0000    	  1209.0000    	-0.11822655E-01	 0.25262599E-04
  1209.0000    	  1210.0000    	-0.98275616E-02	 0.24106994E-04
  1210.0000    	  1211.0000    	-0.29733116E-01	 0.39877387E-04
  1211.0000    	  1212.0000    	-0.28975855E-01	 0.37795210E-04
  1212.0000    	  1213.0000    	-0.27565837E-01	 0.37237797E-04
  1213.0000    	  1214.0000    	-0.25574184E-01	 0.34581615E-04
  1214.0000    	  1215.0000    	-0.23220905E-01	 0.32684785E-04
  1215.0000    	  1216.0000    	-0.20853933E-01	 0.30960499E-04
  1216.0000    	  1217.0000    	-0.18363706E-01	 0.29196489E-04
  1217.0000    	  1218.0000    	-0.15974711E-01	 0.27592919E-04
  1218.0000    	  1219.0000    	-0.13722303E-01	 0.26240362E-04
  1219.0000    	  1220.0000    	-0.11641349E-01	 0.25115689E-04
  1220.0000    	  1221.0000    	-0.96593884E-02	 0.23880470E-04
  1221.0000    	  1222.0000    	-0.29386809E-01	 0.38591404E-04
  1222.0000    	  1223.0000    	-0.28631023E-01	 0.37325685E-04
  1223.0000    	  1224.0000    	-0.27174041E-01	 0.35822166E-04
  1224.0000    	  1225.0000    	-0.25248157E-01	 0.34188720E-04
  1225.0000    	  1226.0000    	-0.22965318E-01	 0.32418567E-04
  1226.0000    	  1227.0000    	-0.20491399E-01	 0.30559564E-04
  1227.0000    	  1228.0000    	-0.18080669E-01	 0.28853741E-04
  1228.0000    	  1229.0000    	-0.15720467E-01	 0.27364266E-04
  1229.0000    	  1230.0000    	-0.13551502E-01	 0.26154753E-04
  1230.0000    	  1231.0000    	-0.11432183E-01	 0.24876503E-04
  1231.0000    	  1232.0000    	-0.94957590E-02	 0.23708938E-04
  1232.0000    	  1233.0000    	-0.28983552E-01	 0.38174298E-04
  1233.0000    	  1234.0000    	-0.28244323E-01	 0.36781189E-04
  1234.0000    	  1235.0000    	-0.26850618E-01	 0.35393840E-04
  1235.0000    	  1236.0000    	-0.24903834E-01	 0.33879168E-04
  1236.0000    	  1237.0000    	-0.22628569E-01	 0.32071067E-04
  1237.0000    	  1238.0000    	-0.20232259E-01	 0.30290148E-04
  1238.0000    	  1239.0000    	-0.17796352E-01	 0.28578381E-04
  1239.0000    	  1240.0000    	-0.15527558E-01	 0.27149946E-04
  1240.0000    	  1241.0000    	-0.13286349E-01	 0.25827107E-04
  1241.0000    	  1242.0000    	-0.11256151E-01	 0.24692585E-04
  1242.0000    	  1243.0000    	-0.92902488E-02	 0.23434876E-04
  1243.0000    	  1244.0000    	-0.28648340E-01	 0.38094724E-04
  1244.0000    	  1245.0000    	-0.27881350E-01	 0.36578110E-04
  1245.0000    	  1246.0000    	-0.26445675E-01	 0.34985951E-04
  1246.0000    	  1247.0000    	-0.24555643E-01	 0.33463967E-04
  1247.0000    	  1248.0000    	-0.22315793E-01	 0.31728346E-04
  1248.0000    	  1249.0000    	-0.19958745E-01	 0.30010695E-04
  1249.0000    	  1250.0000    	-0.17545658E-01	 0.28341676E-04
  1250.0000    	  1251.0000    	-0.15227249E-01	 0.26859372E-04
  1251.0000    	  1252.0000    	-0.13092228E-01	 0.25654919E-04
  1252.0000    	  1253.0000    	-0.11032372E-01	 0.24437410E-04
  1253.0000    	  1254.0000    	-0.91352507E-02	 0.23267065E-04
  1254.0000    	  1255.0000    	-0.28222977E-01	 0.37146944E-04
  1255.0000    	  1256.0000    	-0.27493016E-01	 0.35935582E-04
  1256.0000    	  1257.0000    	-0.26109528E-01	 0.34596956E-04
  1257.0000    	  1258.0000    	-0.24231253E-01	 0.33091950E-04
  1258.0000    	  1259.0000    	-0.22046229E-01	 0.31447028E-04
  1259.0000    	  1260.0000    	-0.19668196E-01	 0.29721944E-04
  1260.0000    	  1261.0000    	-0.17285140E-01	 0.28088297E-04
  1261.0000    	  1262.0000    	-0.15027069E-01	 0.26667537E-04
  1262.0000    	  1263.0000    	-0.12889694E-01	 0.25420108E-04
  1263.0000    	  1264.0000    	-0.10870534E-01	 0.24288369E-04
  1264.0000    	  1265.0000    	-0.89905982E-02	 0.23112746E-04
  1265.0000    	  1266.0000    	-0.27893196E-01	 0.36656972E-04
  1266.0000    	  1267.0000    	-0.27168019E-01	 0.35540387E-04
  1267.0000    	  1268.0000    	-0.25798703E-01	 0.34242677E-04
  1268.0000    	  1269.0000    	-0.23935605E-01	 0.32793760E-04
  1269.0000    	  1270.0000    	-0.21730462E-01	 0.31132613E-04
  1270.0000    	  1271.0000    	-0.19377522E-01	 0.29437631E-04
  1271.0000    	  1272.0000    	-0.17053336E-01	 0.27842957E-04
  1272.0000    	  1273.0000    	-0.14793064E-01	 0.26444024E-04
  1273.0000    	  1274.0000    	-0.12661715E-01	 0.25237361E-04
  1274.0000    	  1275.0000    	-0.10671680E-01	 0.24081818E-04
  1275.0000    	  1276.0000    	-0.88166541E-02	 0.22838721E-04
  1276.0000    	  1277.0000    	-0.27543546E-01	 0.36473699E-04
  1277.0000    	  1278.0000    	-0.26797517E-01	 0.35088013E-04
  1278.0000    	  1279.0000    	-0.25433034E-01	 0.33872862E-04
  1279.0000    	  1280.0000    	-0.23560885E-01	 0.32384146E-04
  1280.0000    	  1281.0000    	-0.21394803E-01	 0.30789276E-04
  1281.0000    	  1282.0000    	-0.19108199E-01	 0.29168125E-04
  1282.0000    	  1283.0000    	-0.16810289E-01	 0.27633439E-04
  1283.0000    	  1284.0000    	-0.14530833E-01	 0.26184102E-04
  1284.0000    	  1285.0000    	-0.12452300E-01	 0.25013403E-04
  1285.0000    	  1286.0000    	-0.10493039E-01	 0.23884864E-04
  1286.0000    	  1287.0000    	-0.86517433E-02	 0.22649438E-04
  1287.0000    	  1288.0000    	-0.27187587E-01	 0.35847836E-04
  1288.0000    	  1289.0000    	-0.26451417E-01	 0.34730724E-04
  1289.0000    	  1290.0000    	-0.25107085E-01	 0.33489793E-04
  1290.0000    	  1291.0000    	-0.23248161E-01	 0.32074348E-04
  1291.0000    	  1292.0000    	-0.21169982E-01	 0.30578074E-04
  1292.0000    	  1293.0000    	-0.18824998E-01	 0.28886720E-04
  1293.0000    	  1294.0000    	-0.16510280E-01	 0.27330956E-04
  1294.0000    	  1295.0000    	-0.14344271E-01	 0.26028436E-04
  1295.0000    	  1296.0000    	-0.12249077E-01	 0.24814419E-04
  1296.0000    	  1297.0000    	-0.10335505E-01	 0.23720399E-04
  1297.0000    	  1298.0000    	-0.84858810E-02	 0.22437059E-04
  1298.0000    	  1299.0000    	-0.26816223E-01	 0.35401452E-04
  1299.0000    	  1300.0000    	-0.26141910E-01	 0.34358574E-04
  1300.0000    	  1301.0000    	-0.24771645E-01	 0.33139785E-04
  1301.0000    	  1302.0000    	-0.23002694E-01	 0.31805597E-04
  1302.0000    	  1303.0000    	-0.20814640E-01	 0.30205824E-04
  1303.0000    	  1304.0000    	-0.18558715E-01	 0.28626531E-04
  1304.0000    	  1305.0000    	-0.16305322E-01	 0.27137784E-04
  1305.0000    	  1306.0000    	-0.14103374E-01	 0.25782872E-04
  1306.0000    	  1307.0000    	-0.12018873E-01	 0.24558438E-04
  1307.0000    	  1308.0000    	-0.10131433E-01	 0.23477674E-04
  1308.0000    	  1309.0000    	-0.83580351E-02	 0.22289469E-04
  1309.0000    	  1310.0000    	-0.26470365E-01	 0.35032981E-04
  1310.0000    	  1311.0000    	-0.25769469E-01	 0.33956289E-04
  1311.0000    	  1312.0000    	-0.24433427E-01	 0.32777689E-04
  1312.0000    	  1313.0000    	-0.22625620E-01	 0.31427894E-04
  1313.0000    	  1314.0000    	-0.20549854E-01	 0.29957536E-04
  1314.0000    	  1315.0000    	-0.18262895E-01	 0.28338921E-04
  1315.0000    	  1316.0000    	-0.16060599E-01	 0.26883299E-04
  1316.0000    	  1317.0000    	-0.13891175E-01	 0.25578340E-04
  1317.0000    	  1318.0000    	-0.11862949E-01	 0.24447581E-04
  1318.0000    	  1319.0000    	-0.99687855E-02	 0.23308213E-04
  1319.0000    	  1320.0000    	-0.81724020E-02	 0.22034623E-04
  1320.0000    	  1321.0000    	-0.26120713E-01	 0.34643503E-04
  1321.0000    	  1322.0000    	-0.25421056E-01	 0.33602650E-04
  1322.0000    	  1323.0000    	-0.24088107E-01	 0.32444232E-04
  1323.0000    	  1324.0000    	-0.22308720E-01	 0.31113666E-04
  1324.0000    	  1325.0000    	-0.20261542E-01	 0.29652116E-04
  1325.0000    	  1326.0000    	-0.18040143E-01	 0.28135030E-04
  1326.0000    	  1327.0000    	-0.15806455E-01	 0.26654051E-04
  1327.0000    	  1328.0000    	-0.13677986E-01	 0.25358099E-04
  1328.0000    	  1329.0000    	-0.11657676E-01	 0.24208974E-04
  1329.0000    	  1330.0000    	-0.97880291E-02	 0.23133086E-04
  1330.0000    	  1331.0000    	-0.80403313E-02	 0.21897484E-04
  1331.0000    	  1332.0000    	-0.25795068E-01	 0.34295073E-04
  1332.0000    	  1333.0000    	-0.25053779E-01	 0.33231434E-04
  1333.0000    	  1334.0000    	-0.23815718E-01	 0.32168983E-04
  1334.0000    	  1335.0000    	-0.22062081E-01	 0.30866078E-04
  1335.0000    	  1336.0000    	-0.19924195E-01	 0.29342771E-04
  1336.0000    	  1337.0000    	-0.17782422E-01	 0.27874322E-04
  1337.0000    	  1338.0000    	-0.15548921E-01	 0.26411361E-04
  1338.0000    	  1339.0000    	-0.13449423E-01	 0.25136618E-04
  1339.0000    	  1340.0000    	-0.11468351E-01	 0.24021451E-04
  1340.0000    	  1341.0000    	-0.96228781E-02	 0.22942639E-04
  1341.0000    	  1342.0000    	-0.79259037E-02	 0.21759644E-04
  1342.0000    	  1343.0000    	-0.25397720E-01	 0.33887708E-04
  1343.0000    	  1344.0000    	-0.24773507E-01	 0.32930760E-04
  1344.0000    	  1345.0000    	-0.23466644E-01	 0.31824057E-04
  1345.0000    	  1346.0000    	-0.21716792E-01	 0.30530488E-04
  1346.0000    	  1347.0000    	-0.19714607E-01	 0.29121723E-04
  1347.0000    	  1348.0000    	-0.17512990E-01	 0.27615737E-04
  1348.0000    	  1349.0000    	-0.15382452E-01	 0.26245214E-04
  1349.0000    	  1350.0000    	-0.13248280E-01	 0.24984082E-04
  1350.0000    	  1351.0000    	-0.11294387E-01	 0.23861310E-04
  1351.0000    	  1352.0000    	-0.94764418E-02	 0.22775935E-04
  1352.0000    	  1353.0000    	-0.77394985E-02	 0.21466014E-04
  1353.0000    	  1354.0000    	-0.25102637E-01	 0.33585583E-04
  1354.0000    	  1355.0000    	-0.24438178E-01	 0.32611182E-04
  1355.0000    	  1356.0000    	-0.23145063E-01	 0.31477212E-04
  1356.0000    	  1357.0000    	-0.21431780E-01	 0.30241912E-04
  1357.0000    	  1358.0000    	-0.19442224E-01	 0.28859216E-04
  1358.0000    	  1359.0000    	-0.17226138E-01	 0.27334015E-04
  1359.0000    	  1360.0000    	-0.15105834E-01	 0.25973516E-04
  1360.0000    	  1361.0000    	-0.13047027E-01	 0.24755347E-04
  1361.0000    	  1362.0000    	-0.11107447E-01	 0.23674653E-04
  1362.0000    	  1363.0000    	-0.92920807E-02	 0.22549233E-04
  1363.0000    	  1364.0000    	-0.76206875E-02	 0.21322754E-04
  1364.0000    	  1365.0000    	-0.24781802E-01	 0.33237436E-04
  1365.0000    	  1366.0000    	-0.24080765E-01	 0.32223024E-04
  1366.0000    	  1367.0000    	-0.22856432E-01	 0.31200382E-04
  1367.0000    	  1368.0000    	-0.21101888E-01	 0.29937390E-04
  1368.0000    	  1369.0000    	-0.19100744E-01	 0.28534013E-04
  1369.0000    	  1370.0000    	-0.16997130E-01	 0.27103137E-04
  1370.0000    	  1371.0000    	-0.14856726E-01	 0.25733286E-04
  1371.0000    	  1372.0000    	-0.12835547E-01	 0.24554207E-04
  1372.0000    	  1373.0000    	-0.10892578E-01	 0.23432207E-04
  1373.0000    	  1374.0000    	-0.91410157E-02	 0.22393261E-04
  1374.0000    	  1375.0000    	-0.74695429E-02	 0.21111807E-04
  1375.0000    	  1376.0000    	-0.24439691E-01	 0.32902660E-04
  1376.0000    	  1377.0000    	-0.23793599E-01	 0.31947247E-04
  1377.0000    	  1378.0000    	-0.22512696E-01	 0.30854370E-04
  1378.0000    	  1379.0000    	-0.20833926E-01	 0.29647475E-04
  1379.0000    	  1380.0000    	-0.18856041E-01	 0.28282216E-04
  1380.0000    	  1381.0000    	-0.16775117E-01	 0.26886316E-04
  1381.0000    	  1382.0000    	-0.14664137E-01	 0.25541572E-04
  1382.0000    	  1383.0000    	-0.12638604E-01	 0.24386753E-04
  1383.0000    	  1384.0000    	-0.10747507E-01	 0.23302968E-04
  1384.0000    	  1385.0000    	-0.89661067E-02	 0.22175093E-04
  1385.0000    	  1386.0000    	-0.73285686E-02	 0.20892130E-04
  1386.0000    	  1387.0000    	-0.24091101E-01	 0.32555080E-04
  1387.0000    	  1388.0000    	-0.23442543E-01	 0.31616692E-04
  1388.0000    	  1389.0000    	-0.22201999E-01	 0.30576970E-04
  1389.0000    	  1390.0000    	-0.20554726E-01	 0.29399695E-04
  1390.0000    	  1391.0000    	-0.18590769E-01	 0.28033243E-04
  1391.0000    	  1392.0000    	-0.16526136E-01	 0.26657469E-04
  1392.0000    	  1393.0000    	-0.14445114E-01	 0.25341293E-04
  1393.0000    	  1394.0000    	-0.12433639E-01	 0.24171224E-04
  1394.0000    	  1395.0000    	-0.10594378E-01	 0.23148511E-04
  1395.0000    	  1396.0000    	-0.88437704E-02	 0.22046981E-04
  1396.0000    	  1397.0000    	-0.72003178E-02	 0.20697999E-04
  1397.0000    	  1398.0000    	-0.23795631E-01	 0.32245002E-04
  1398.0000    	  1399.0000    	-0.23147795E-01	 0.31310089E-04
  1399.0000    	  1400.0000    	-0.21939962E-01	 0.30306013E-04
  1400.0000    	  1401.0000    	-0.20268184E-01	 0.29098810E-04
  1401.0000    	  1402.0000    	-0.18313647E-01	 0.27763109E-04
  1402.0000    	  1403.0000    	-0.16269424E-01	 0.26400046E-04
  1403.0000    	  1404.0000    	-0.14208040E-01	 0.25116410E-04
  1404.0000    	  1405.0000    	-0.12243071E-01	 0.23988445E-04
  1405.0000    	  1406.0000    	-0.10407987E-01	 0.22963436E-04
  1406.0000    	  1407.0000    	-0.86605357E-02	 0.21832658E-04
  1407.0000    	  1408.0000    	-0.70633842E-02	 0.20528712E-04
  1408.0000    	  1409.0000    	-0.23466890E-01	 0.31944428E-04
  1409.0000    	  1410.0000    	-0.22812897E-01	 0.30970939E-04
  1410.0000    	  1411.0000    	-0.21617473E-01	 0.29981841E-04
  1411.0000    	  1412.0000    	-0.19973235E-01	 0.28836381E-04
  1412.0000    	  1413.0000    	-0.18059578E-01	 0.27497709E-04
  1413.0000    	  1414.0000    	-0.16025003E-01	 0.26167827E-04
  1414.0000    	  1415.0000    	-0.14009151E-01	 0.24931775E-04
  1415.0000    	  1416.0000    	-0.12046082E-01	 0.23823440E-04
  1416.0000    	  1417.0000    	-0.10224638E-01	 0.22791389E-04
  1417.0000    	  1418.0000    	-0.85146876E-02	 0.21642767E-04
  1418.0000    	  1419.0000    	-0.69261402E-02	 0.20307618E-04
  1419.0000    	  1420.0000    	-0.23149639E-01	 0.31602162E-04
  1420.0000    	  1421.0000    	-0.22515397E-01	 0.30706096E-04
  1421.0000    	  1422.0000    	-0.21314175E-01	 0.29705680E-04
  1422.0000    	  1423.0000    	-0.19669754E-01	 0.28533275E-04
  1423.0000    	  1424.0000    	-0.17801832E-01	 0.27284883E-04
  1424.0000    	  1425.0000    	-0.15823543E-01	 0.25977290E-04
  1425.0000    	  1426.0000    	-0.13777910E-01	 0.24692733E-04
  1426.0000    	  1427.0000    	-0.11865334E-01	 0.23627047E-04
  1427.0000    	  1428.0000    	-0.10047145E-01	 0.22571477E-04
  1428.0000    	  1429.0000    	-0.83809701E-02	 0.21466481E-04
  1429.0000    	  1430.0000    	-0.68246295E-02	 0.20196172E-04
  1430.0000    	  1431.0000    	-0.22829282E-01	 0.31311062E-04
  1431.0000    	  1432.0000    	-0.22215166E-01	 0.30398942E-04
  1432.0000    	  1433.0000    	-0.21035981E-01	 0.29430118E-04
  1433.0000    	  1434.0000    	-0.19423524E-01	 0.28280676E-04
  1434.0000    	  1435.0000    	-0.17535858E-01	 0.26998229E-04
  1435.0000    	  1436.0000    	-0.15571489E-01	 0.25730943E-04
  1436.0000    	  1437.0000    	-0.13565270E-01	 0.24480723E-04
  1437.0000    	  1438.0000    	-0.11683811E-01	 0.23452567E-04
  1438.0000    	  1439.0000    	-0.99052817E-02	 0.22441257E-04
  1439.0000    	  1440.0000    	-0.82657364E-02	 0.21362600E-04
  1440.0000    	  1441.0000    	-0.66869204E-02	 0.19963149E-04
  1441.0000    	  1442.0000    	-0.22523536E-01	 0.31005627E-04
  1442.0000    	  1443.0000    	-0.21903489E-01	 0.30137694E-04
  1443.0000    	  1444.0000    	-0.20693471E-01	 0.29092074E-04
  1444.0000    	  1445.0000    	-0.19148992E-01	 0.28039671E-04
  1445.0000    	  1446.0000    	-0.17309434E-01	 0.26784743E-04
  1446.0000    	  1447.0000    	-0.15358145E-01	 0.25524183E-04
  1447.0000    	  1448.0000    	-0.13386447E-01	 0.24348559E-04
  1448.0000    	  1449.0000    	-0.11478173E-01	 0.23236619E-04
  1449.0000    	  1450.0000    	-0.97322712E-02	 0.22225629E-04
  1450.0000    	  1451.0000    	-0.80791439E-02	 0.21101108E-04
  1451.0000    	  1452.0000    	-0.65641056E-02	 0.19810735E-04
  1452.0000    	  1453.0000    	-0.22203677E-01	 0.30686176E-04
  1453.0000    	  1454.0000    	-0.21597300E-01	 0.29812665E-04
  1454.0000    	  1455.0000    	-0.20442604E-01	 0.28858892E-04
  1455.0000    	  1456.0000    	-0.18870630E-01	 0.27753448E-04
  1456.0000    	  1457.0000    	-0.17039398E-01	 0.26514736E-04
  1457.0000    	  1458.0000    	-0.15102139E-01	 0.25263034E-04
  1458.0000    	  1459.0000    	-0.13187898E-01	 0.24143130E-04
  1459.0000    	  1460.0000    	-0.11306279E-01	 0.23062492E-04
  1460.0000    	  1461.0000    	-0.95587035E-02	 0.22085290E-04
  1461.0000    	  1462.0000    	-0.79550906E-02	 0.20980546E-04
  1462.0000    	  1463.0000    	-0.64508968E-02	 0.19614366E-04
  1463.0000    	  1464.0000    	-0.21895691E-01	 0.30396685E-04
  1464.0000    	  1465.0000    	-0.21291483E-01	 0.29515350E-04
  1465.0000    	  1466.0000    	-0.20181126E-01	 0.28610348E-04
  1466.0000    	  1467.0000    	-0.18599594E-01	 0.27502396E-04
  1467.0000    	  1468.0000    	-0.16805110E-01	 0.26313237E-04
  1468.0000    	  1469.0000    	-0.14883127E-01	 0.25060688E-04
  1469.0000    	  1470.0000    	-0.12992040E-01	 0.23994743E-04
  1470.0000    	  1471.0000    	-0.11125243E-01	 0.22887210E-04
  1471.0000    	  1472.0000    	-0.94438674E-02	 0.21947743E-04
  1472.0000    	  1473.0000    	-0.77982856E-02	 0.20762719E-04
  1473.0000    	  1474.0000    	-0.63328902E-02	 0.19436985E-04
  1474.0000    	  1475.0000    	-0.21606951E-01	 0.30104924E-04
  1475.0000    	  1476.0000    	-0.21016502E-01	 0.29256339E-04
  1476.0000    	  1477.0000    	-0.19847169E-01	 0.28284810E-04
  1477.0000    	  1478.0000    	-0.18340673E-01	 0.27259058E-04
  1478.0000    	  1479.0000    	-0.16551597E-01	 0.26044190E-04
  1479.0000    	  1480.0000    	-0.14654585E-01	 0.24834564E-04
  1480.0000    	  1481.0000    	-0.12745575E-01	 0.23696132E-04
  1481.0000    	  1482.0000    	-0.10954858E-01	 0.22731568E-04
  1482.0000    	  1483.0000    	-0.92848901E-02	 0.21778373E-04
  1483.0000    	  1484.0000    	-0.76828149E-02	 0.20656035E-04
  1484.0000    	  1485.0000    	-0.62359904E-02	 0.19337208E-04
  1485.0000    	  1486.0000    	-0.21297375E-01	 0.29818586E-04
  1486.0000    	  1487.0000    	-0.20698168E-01	 0.28951773E-04
  1487.0000    	  1488.0000    	-0.19615928E-01	 0.28072174E-04
  1488.0000    	  1489.0000    	-0.18127515E-01	 0.27030423E-04
  1489.0000    	  1490.0000    	-0.16323120E-01	 0.25828735E-04
  1490.0000    	  1491.0000    	-0.14446062E-01	 0.24646365E-04
  1491.0000    	  1492.0000    	-0.12631235E-01	 0.23626375E-04
  1492.0000    	  1493.0000    	-0.10788705E-01	 0.22549507E-04
  1493.0000    	  1494.0000    	-0.90736294E-02	 0.21517081E-04
  1494.0000    	  1495.0000    	-0.75708050E-02	 0.20472160E-04
  1495.0000    	  1496.0000    	-0.61044313E-02	 0.19083937E-04
  1496.0000    	  1497.0000    	-0.21016378E-01	 0.29523505E-04
  1497.0000    	  1498.0000    	-0.20430195E-01	 0.28684550E-04
  1498.0000    	  1499.0000    	-0.19315068E-01	 0.27767797E-04
  1499.0000    	  1500.0000    	-0.17807511E-01	 0.26731921E-04
  1500.0000    	  1501.0000    	-0.16094100E-01	 0.25604084E-04
  1501.0000    	  1502.0000    	-0.14223403E-01	 0.24428031E-04
  1502.0000    	  1503.0000    	-0.12388803E-01	 0.23382424E-04
  1503.0000    	  1504.0000    	-0.10609638E-01	 0.22378255E-04
  1504.0000    	  1505.0000    	-0.89703492E-02	 0.21434601E-04
  1505.0000    	  1506.0000    	-0.74352514E-02	 0.20325111E-04
  1506.0000    	  1507.0000    	-0.60018793E-02	 0.18927159E-04
  1507.0000    	  1508.0000    	-0.20738589E-01	 0.29264987E-04
  1508.0000    	  1509.0000    	-0.20100540E-01	 0.28378504E-04
  1509.0000    	  1510.0000    	-0.19041357E-01	 0.27514834E-04
  1510.0000    	  1511.0000    	-0.17584138E-01	 0.26518697E-04
  1511.0000    	  1512.0000    	-0.15819493E-01	 0.25357255E-04
  1512.0000    	  1513.0000    	-0.14017936E-01	 0.24238115E-04
  1513.0000    	  1514.0000    	-0.12202008E-01	 0.23199358E-04
  1514.0000    	  1515.0000    	-0.10451083E-01	 0.22198361E-04
  1515.0000    	  1516.0000    	-0.87947000E-02	 0.21200332E-04
  1516.0000    	  1517.0000    	-0.73127150E-02	 0.20153071E-04
  1517.0000    	  1518.0000    	-0.58730831E-02	 0.18713391E-04
  1518.0000    	  1519.0000    	-0.20441090E-01	 0.28975215E-04
  1519.0000    	  1520.0000    	-0.19874435E-01	 0.28149040E-04
  1520.0000    	  1521.0000    	-0.18806195E-01	 0.27290284E-04
  1521.0000    	  1522.0000    	-0.17277909E-01	 0.26216967E-04
  1522.0000    	  1523.0000    	-0.15640559E-01	 0.25162997E-04
  1523.0000    	  1524.0000    	-0.13807349E-01	 0.24031599E-04
  1524.0000    	  1525.0000    	-0.12030348E-01	 0.23026176E-04
  1525.0000    	  1526.0000    	-0.10278675E-01	 0.22066089E-04
  1526.0000    	  1527.0000    	-0.86781074E-02	 0.21091195E-04
  1527.0000    	  1528.0000    	-0.71567543E-02	 0.19913625E-04
  1528.0000    	  1529.0000    	-0.57954522E-02	 0.18615832E-04
  1529.0000    	  1530.0000    	-0.20142806E-01	 0.28690810E-04
  1530.0000    	  1531.0000    	-0.19583060E-01	 0.27878499E-04
  1531.0000    	  1532.0000    	-0.18539427E-01	 0.27019050E-04
  1532.0000    	  1533.0000    	-0.17080138E-01	 0.26027454E-04
  1533.0000    	  1534.0000    	-0.15406073E-01	 0.24938579E-04
  1534.0000    	  1535.0000    	-0.13599285E-01	 0.23815700E-04
  1535.0000    	  1536.0000    	-0.11823936E-01	 0.22841803E-04
  1536.0000    	  1537.0000    	-0.10155451E-01	 0.21941425E-04
  1537.0000    	  1538.0000    	-0.85301315E-02	 0.20947209E-04
  1538.0000    	  1539.0000    	-0.70502849E-02	 0.19796708E-04
  1539.0000    	  1540.0000    	-0.56863501E-02	 0.18418428E-04
  1540.0000    	  1541.0000    	-0.19864132E-01	 0.28421314E-04
  1541.0000    	  1542.0000    	-0.19325464E-01	 0.27633106E-04
  1542.0000    	  1543.0000    	-0.18280504E-01	 0.26788841E-04
  1543.0000    	  1544.0000    	-0.16854756E-01	 0.25807158E-04
  1544.0000    	  1545.0000    	-0.15181061E-01	 0.24740693E-04
  1545.0000    	  1546.0000    	-0.13391703E-01	 0.23645359E-04
  1546.0000    	  1547.0000    	-0.11620775E-01	 0.22624505E-04
  1547.0000    	  1548.0000    	-0.99478603E-02	 0.21700043E-04
  1548.0000    	  1549.0000    	-0.83783474E-02	 0.20747965E-04
  1549.0000    	  1550.0000    	-0.69430845E-02	 0.19659507E-04
  1550.0000    	  1551.0000    	-0.55665154E-02	 0.18247652E-04
  1551.0000    	  1552.0000    	-0.19619822E-01	 0.28171871E-04
  1552.0000    	  1553.0000    	-0.19035824E-01	 0.27354841E-04
  1553.0000    	  1554.0000    	-0.17988962E-01	 0.26504949E-04
  1554.0000    	  1555.0000    	-0.16581243E-01	 0.25548109E-04
  1555.0000    	  1556.0000    	-0.14929611E-01	 0.24489802E-04
  1556.0000    	  1557.0000    	-0.13217711E-01	 0.23462012E-04
  1557.0000    	  1558.0000    	-0.11460380E-01	 0.22488624E-04
  1558.0000    	  1559.0000    	-0.98207792E-02	 0.21612499E-04
  1559.0000    	  1560.0000    	-0.82547539E-02	 0.20610779E-04
  1560.0000    	  1561.0000    	-0.67970743E-02	 0.19406853E-04
  1561.0000    	  1562.0000    	-0.54865370E-02	 0.18066927E-04
  1562.0000    	  1563.0000    	-0.19335322E-01	 0.27897460E-04
  1563.0000    	  1564.0000    	-0.18771884E-01	 0.27094515E-04
  1564.0000    	  1565.0000    	-0.17746434E-01	 0.26272641E-04
  1565.0000    	  1566.0000    	-0.16360918E-01	 0.25331675E-04
  1566.0000    	  1567.0000    	-0.14734394E-01	 0.24298746E-04
  1567.0000    	  1568.0000    	-0.12966781E-01	 0.23233237E-04
  1568.0000    	  1569.0000    	-0.11296054E-01	 0.22314267E-04
  1569.0000    	  1570.0000    	-0.96384568E-02	 0.21420909E-04
  1570.0000    	  1571.0000    	-0.81109456E-02	 0.20445606E-04
  1571.0000    	  1572.0000    	-0.66881270E-02	 0.19282793E-04
  1572.0000    	  1573.0000    	-0.53655533E-02	 0.17853733E-04
  1573.0000    	  1574.0000    	-0.19047227E-01	 0.27625527E-04
  1574.0000    	  1575.0000    	-0.18516720E-01	 0.26853930E-04
  1575.0000    	  1576.0000    	-0.17486221E-01	 0.26011076E-04
  1576.0000    	  1577.0000    	-0.16110014E-01	 0.25088955E-04
  1577.0000    	  1578.0000    	-0.14509948E-01	 0.24073459E-04
  1578.0000    	  1579.0000    	-0.12813837E-01	 0.23065678E-04
  1579.0000    	  1580.0000    	-0.11121649E-01	 0.22155410E-04
  1580.0000    	  1581.0000    	-0.95138065E-02	 0.21279962E-04
  1581.0000    	  1582.0000    	-0.79696229E-02	 0.20243395E-04
  1582.0000    	  1583.0000    	-0.65775880E-02	 0.19154087E-04
  1583.0000    	  1584.0000    	-0.52852437E-02	 0.17774632E-04
  1584.0000    	  1585.0000    	-0.18802868E-01	 0.27378124E-04
  1585.0000    	  1586.0000    	-0.18267264E-01	 0.26616620E-04
  1586.0000    	  1587.0000    	-0.17264498E-01	 0.25804819E-04
  1587.0000    	  1588.0000    	-0.15888525E-01	 0.24868696E-04
  1588.0000    	  1589.0000    	-0.14291010E-01	 0.23868204E-04
  1589.0000    	  1590.0000    	-0.12607630E-01	 0.22890036E-04
  1590.0000    	  1591.0000    	-0.10931784E-01	 0.21964209E-04
  1591.0000    	  1592.0000    	-0.93224320E-02	 0.21048422E-04
  1592.0000    	  1593.0000    	-0.78423780E-02	 0.20132163E-04
  1593.0000    	  1594.0000    	-0.64539196E-02	 0.18934201E-04
  1594.0000    	  1595.0000    	-0.51949551E-02	 0.17627731E-04
  1595.0000    	  1596.0000    	-0.18533201E-01	 0.27132372E-04
  1596.0000    	  1597.0000    	-0.17979832E-01	 0.26329865E-04
  1597.0000    	  1598.0000    	-0.17005426E-01	 0.25543998E-04
  1598.0000    	  1599.0000    	-0.15636294E-01	 0.24617248E-04
  1599.0000    	  1600.0000    	-0.14074697E-01	 0.23654521E-04
  1600.0000    	  1601.0000    	-0.12453932E-01	 0.22740142E-04
  1601.0000    	  1602.0000    	-0.10777053E-01	 0.21830405E-04
  1602.0000    	  1603.0000    	-0.91911295E-02	 0.20951216E-04
  1603.0000    	  1604.0000    	-0.77348557E-02	 0.19992449E-04
  1604.0000    	  1605.0000    	-0.63509497E-02	 0.18797570E-04
  1605.0000    	  1606.0000    	-0.51020951E-02	 0.17449859E-04
  1606.0000    	  1607.0000    	-0.18270287E-01	 0.26870246E-04
  1607.0000    	  1608.0000    	-0.17742721E-01	 0.26100958E-04
  1608.0000    	  1609.0000    	-0.16736188E-01	 0.25293771E-04
  1609.0000    	  1610.0000    	-0.15437852E-01	 0.24430627E-04
  1610.0000    	  1611.0000    	-0.13871613E-01	 0.23468011E-04
  1611.0000    	  1612.0000    	-0.12225128E-01	 0.22579053E-04
  1612.0000    	  1613.0000    	-0.10623001E-01	 0.21671607E-04
  1613.0000    	  1614.0000    	-0.90490457E-02	 0.20792904E-04
  1614.0000    	  1615.0000    	-0.75859405E-02	 0.19826273E-04
  1615.0000    	  1616.0000    	-0.62527449E-02	 0.18665534E-04
  1616.0000    	  1617.0000    	-0.49921845E-02	 0.17245149E-04
  1617.0000    	  1618.0000    	-0.17970455E-01	 0.26582256E-04
  1618.0000    	  1619.0000    	-0.17480643E-01	 0.25862713E-04
  1619.0000    	  1620.0000    	-0.16537317E-01	 0.25103392E-04
  1620.0000    	  1621.0000    	-0.15239427E-01	 0.24244634E-04
  1621.0000    	  1622.0000    	-0.13647641E-01	 0.23245660E-04
  1622.0000    	  1623.0000    	-0.12070648E-01	 0.22395581E-04
  1623.0000    	  1624.0000    	-0.10424403E-01	 0.21464781E-04
  1624.0000    	  1625.0000    	-0.88934627E-02	 0.20613205E-04
  1625.0000    	  1626.0000    	-0.74737260E-02	 0.19676670E-04
  1626.0000    	  1627.0000    	-0.61484455E-02	 0.18531107E-04
  1627.0000    	  1628.0000    	-0.49047630E-02	 0.17084488E-04
  1628.0000    	  1629.0000    	-0.17800066E-01	 0.26594806E-04
  1629.0000    	  1630.0000    	-0.17256107E-01	 0.25624217E-04
  1630.0000    	  1631.0000    	-0.16281937E-01	 0.24844302E-04
  1631.0000    	  1632.0000    	-0.14975644E-01	 0.23994545E-04
  1632.0000    	  1633.0000    	-0.13470056E-01	 0.23072870E-04
  1633.0000    	  1634.0000    	-0.11873204E-01	 0.22185860E-04
  1634.0000    	  1635.0000    	-0.10294928E-01	 0.21347029E-04
  1635.0000    	  1636.0000    	-0.87630321E-02	 0.20484943E-04
  1636.0000    	  1637.0000    	-0.73456323E-02	 0.19505568E-04
  1637.0000    	  1638.0000    	-0.60489172E-02	 0.18338401E-04
  1638.0000    	  1639.0000    	-0.48221375E-02	 0.16921360E-04
  1639.0000    	  1640.0000    	-0.17494501E-01	 0.26098577E-04
  1640.0000    	  1641.0000    	-0.17003827E-01	 0.25391277E-04
  1641.0000    	  1642.0000    	-0.16016345E-01	 0.24588902E-04
  1642.0000    	  1643.0000    	-0.14758944E-01	 0.23776196E-04
  1643.0000    	  1644.0000    	-0.13266068E-01	 0.22881484E-04
  1644.0000    	  1645.0000    	-0.11688108E-01	 0.22002479E-04
  1645.0000    	  1646.0000    	-0.10128219E-01	 0.21176648E-04
  1646.0000    	  1647.0000    	-0.86327196E-02	 0.20325987E-04
  1647.0000    	  1648.0000    	-0.72232684E-02	 0.19368652E-04
  1648.0000    	  1649.0000    	-0.59082078E-02	 0.18128981E-04
  1649.0000    	  1650.0000    	-0.47368816E-02	 0.16753981E-04
  1650.0000    	  1651.0000    	-0.17233940E-01	 0.25844327E-04
  1651.0000    	  1652.0000    	-0.16755902E-01	 0.25144852E-04
  1652.0000    	  1653.0000    	-0.15830095E-01	 0.24416950E-04
  1653.0000    	  1654.0000    	-0.14543626E-01	 0.23559592E-04
  1654.0000    	  1655.0000    	-0.13066018E-01	 0.22703615E-04
  1655.0000    	  1656.0000    	-0.11519606E-01	 0.21849773E-04
  1656.0000    	  1657.0000    	-0.99738630E-02	 0.21018960E-04
  1657.0000    	  1658.0000    	-0.84910837E-02	 0.20169072E-04
  1658.0000    	  1659.0000    	-0.70972011E-02	 0.19201017E-04
  1659.0000    	  1660.0000    	-0.58068097E-02	 0.18138313E-04
  1660.0000    	  1661.0000    	-0.46521441E-02	 0.16672483E-04
  1661.0000    	  1662.0000    	-0.17000008E-01	 0.25627681E-04
  1662.0000    	  1663.0000    	-0.16521893E-01	 0.24922315E-04
  1663.0000    	  1664.0000    	-0.15588543E-01	 0.24166195E-04
  1664.0000    	  1665.0000    	-0.14325190E-01	 0.23353362E-04
  1665.0000    	  1666.0000    	-0.12872772E-01	 0.22491948E-04
  1666.0000    	  1667.0000    	-0.11326557E-01	 0.21660727E-04
  1667.0000    	  1668.0000    	-0.98126618E-02	 0.20866728E-04
  1668.0000    	  1669.0000    	-0.83414621E-02	 0.20018606E-04
  1669.0000    	  1670.0000    	-0.69836227E-02	 0.19020867E-04
  1670.0000    	  1671.0000    	-0.57299829E-02	 0.17867252E-04
  1671.0000    	  1672.0000    	-0.45613110E-02	 0.16479284E-04
  1672.0000    	  1673.0000    	-0.16768336E-01	 0.25392235E-04
  1673.0000    	  1674.0000    	-0.16277769E-01	 0.24680889E-04
  1674.0000    	  1675.0000    	-0.15358458E-01	 0.23952372E-04
  1675.0000    	  1676.0000    	-0.14139082E-01	 0.23174791E-04
  1676.0000    	  1677.0000    	-0.12694093E-01	 0.22347830E-04
  1677.0000    	  1678.0000    	-0.11191155E-01	 0.21519777E-04
  1678.0000    	  1679.0000    	-0.96635788E-02	 0.20731867E-04
  1679.0000    	  1680.0000    	-0.82353112E-02	 0.19914038E-04
  1680.0000    	  1681.0000    	-0.68523396E-02	 0.18874271E-04
  1681.0000    	  1682.0000    	-0.56413382E-02	 0.17752043E-04
  1682.0000    	  1683.0000    	-0.44866961E-02	 0.16325841E-04
  1683.0000    	  1684.0000    	-0.16515606E-01	 0.25142882E-04
  1684.0000    	  1685.0000    	-0.16042834E-01	 0.24445415E-04
  1685.0000    	  1686.0000    	-0.15132614E-01	 0.23735864E-04
  1686.0000    	  1687.0000    	-0.13961679E-01	 0.22998614E-04
  1687.0000    	  1688.0000    	-0.12518551E-01	 0.22170439E-04
  1688.0000    	  1689.0000    	-0.11011870E-01	 0.21569969E-04
  1689.0000    	  1690.0000    	-0.94955489E-02	 0.20532502E-04
  1690.0000    	  1691.0000    	-0.80916622E-02	 0.19727413E-04
  1691.0000    	  1692.0000    	-0.67598896E-02	 0.18737552E-04
  1692.0000    	  1693.0000    	-0.55411035E-02	 0.17602158E-04
  1693.0000    	  1694.0000    	-0.44055146E-02	 0.16147607E-04
  1694.0000    	  1695.0000    	-0.16299142E-01	 0.24988226E-04
  1695.0000    	  1696.0000    	-0.15833127E-01	 0.24248282E-04
  1696.0000    	  1697.0000    	-0.14915435E-01	 0.23522511E-04
  1697.0000    	  1698.0000    	-0.13704755E-01	 0.22752137E-04
  1698.0000    	  1699.0000    	-0.12307241E-01	 0.21969735E-04
  1699.0000    	  1700.0000    	-0.10829319E-01	 0.21184999E-04
  1700.0000    	  1701.0000    	-0.93607645E-02	 0.20429002E-04
  1701.0000    	  1702.0000    	-0.79595431E-02	 0.19590115E-04
  1702.0000    	  1703.0000    	-0.66387417E-02	 0.18623228E-04
  1703.0000    	  1704.0000    	-0.54205190E-02	 0.17334867E-04
  1704.0000    	  1705.0000    	-0.43336526E-02	 0.16026868E-04
  1705.0000    	  1706.0000    	-0.16099363E-01	 0.24733268E-04
  1706.0000    	  1707.0000    	-0.15568709E-01	 0.23992415E-04
  1707.0000    	  1708.0000    	-0.14696510E-01	 0.23283958E-04
  1708.0000    	  1709.0000    	-0.13506719E-01	 0.22556942E-04
  1709.0000    	  1710.0000    	-0.12139549E-01	 0.21807051E-04
  1710.0000    	  1711.0000    	-0.10678769E-01	 0.21040477E-04
  1711.0000    	  1712.0000    	-0.92422644E-02	 0.20283409E-04
  1712.0000    	  1713.0000    	-0.78279736E-02	 0.19433394E-04
  1713.0000    	  1714.0000    	-0.65508217E-02	 0.18467926E-04
  1714.0000    	  1715.0000    	-0.53460571E-02	 0.17260377E-04
  1715.0000    	  1716.0000    	-0.42506449E-02	 0.15854283E-04
  1716.0000    	  1717.0000    	-0.15800737E-01	 0.24428581E-04
  1717.0000    	  1718.0000    	-0.15389045E-01	 0.23807153E-04
  1718.0000    	  1719.0000    	-0.14491207E-01	 0.23094567E-04
  1719.0000    	  1720.0000    	-0.13309817E-01	 0.22359807E-04
  1720.0000    	  1721.0000    	-0.11949422E-01	 0.21603211E-04
  1721.0000    	  1722.0000    	-0.10478410E-01	 0.20844368E-04
  1722.0000    	  1723.0000    	-0.90662529E-02	 0.20103894E-04
  1723.0000    	  1724.0000    	-0.77220326E-02	 0.19325693E-04
  1724.0000    	  1725.0000    	-0.64309117E-02	 0.18290391E-04
  1725.0000    	  1726.0000    	-0.52424056E-02	 0.17095563E-04
  1726.0000    	  1727.0000    	-0.41778427E-02	 0.15752067E-04
  1727.0000    	  1728.0000    	-0.15598064E-01	 0.24226323E-04
  1728.0000    	  1729.0000    	-0.15144470E-01	 0.23555858E-04
  1729.0000    	  1730.0000    	-0.14302360E-01	 0.22908909E-04
  1730.0000    	  1731.0000    	-0.13118145E-01	 0.22178110E-04
  1731.0000    	  1732.0000    	-0.11797198E-01	 0.21486915E-04
  1732.0000    	  1733.0000    	-0.10372120E-01	 0.20745694E-04
  1733.0000    	  1734.0000    	-0.89345217E-02	 0.19977255E-04
  1734.0000    	  1735.0000    	-0.76037557E-02	 0.19176962E-04
  1735.0000    	  1736.0000    	-0.63387255E-02	 0.18211060E-04
  1736.0000    	  1737.0000    	-0.51817995E-02	 0.16984922E-04
  1737.0000    	  1738.0000    	-0.40832285E-02	 0.15504239E-04
  1738.0000    	  1739.0000    	-0.15370546E-01	 0.24018047E-04
  1739.0000    	  1740.0000    	-0.14917861E-01	 0.23343413E-04
  1740.0000    	  1741.0000    	-0.14057123E-01	 0.22674641E-04
  1741.0000    	  1742.0000    	-0.12950040E-01	 0.22030899E-04
  1742.0000    	  1743.0000    	-0.11599124E-01	 0.21299022E-04
  1743.0000    	  1744.0000    	-0.10199003E-01	 0.20589430E-04
  1744.0000    	  1745.0000    	-0.88153760E-02	 0.19862238E-04
  1745.0000    	  1746.0000    	-0.74657330E-02	 0.19014158E-04
  1746.0000    	  1747.0000    	-0.62078375E-02	 0.17980729E-04
  1747.0000    	  1748.0000    	-0.50730971E-02	 0.16822331E-04
  1748.0000    	  1749.0000    	-0.40375146E-02	 0.15442077E-04
  1749.0000    	  1750.0000    	-0.15161783E-01	 0.23790134E-04
  1750.0000    	  1751.0000    	-0.14726395E-01	 0.23157686E-04
  1751.0000    	  1752.0000    	-0.13877716E-01	 0.22493518E-04
  1752.0000    	  1753.0000    	-0.12709549E-01	 0.21788308E-04
  1753.0000    	  1754.0000    	-0.11432094E-01	 0.21135075E-04
  1754.0000    	  1755.0000    	-0.10028590E-01	 0.20393735E-04
  1755.0000    	  1756.0000    	-0.86488274E-02	 0.19661389E-04
  1756.0000    	  1757.0000    	-0.73496155E-02	 0.18865519E-04
  1757.0000    	  1758.0000    	-0.61119043E-02	 0.17844424E-04
  1758.0000    	  1759.0000    	-0.49915016E-02	 0.16648788E-04
  1759.0000    	  1760.0000    	-0.39713251E-02	 0.15302797E-04
  1760.0000    	  1761.0000    	-0.14970900E-01	 0.23592986E-04
  1761.0000    	  1762.0000    	-0.14502996E-01	 0.22910329E-04
  1762.0000    	  1763.0000    	-0.13664731E-01	 0.22299181E-04
  1763.0000    	  1764.0000    	-0.12546782E-01	 0.21637603E-04
  1764.0000    	  1765.0000    	-0.11255670E-01	 0.20968260E-04
  1765.0000    	  1766.0000    	-0.98800493E-02	 0.20265534E-04
  1766.0000    	  1767.0000    	-0.85335837E-02	 0.19547468E-04
  1767.0000    	  1768.0000    	-0.72238842E-02	 0.18694541E-04
  1768.0000    	  1769.0000    	-0.60303418E-02	 0.17722292E-04
  1769.0000    	  1770.0000    	-0.48967903E-02	 0.16486215E-04
  1770.0000    	  1771.0000    	-0.38877657E-02	 0.15152278E-04
  1771.0000    	  1772.0000    	-0.14719584E-01	 0.23336894E-04
  1772.0000    	  1773.0000    	-0.14275170E-01	 0.22714093E-04
  1773.0000    	  1774.0000    	-0.13489179E-01	 0.22110531E-04
  1774.0000    	  1775.0000    	-0.12392636E-01	 0.21486358E-04
  1775.0000    	  1776.0000    	-0.11106265E-01	 0.20833272E-04
  1776.0000    	  1777.0000    	-0.97200748E-02	 0.20106718E-04
  1777.0000    	  1778.0000    	-0.83868883E-02	 0.19375895E-04
  1778.0000    	  1779.0000    	-0.71197110E-02	 0.18603497E-04
  1779.0000    	  1780.0000    	-0.59158140E-02	 0.17567563E-04
  1780.0000    	  1781.0000    	-0.48213534E-02	 0.16375185E-04
  1781.0000    	  1782.0000    	-0.36333619E-02	 0.14628582E-04
  1782.0000    	  1783.0000    	-0.14525928E-01	 0.23159310E-04
  1783.0000    	  1784.0000    	-0.14073153E-01	 0.22504742E-04
  1784.0000    	  1785.0000    	-0.13273011E-01	 0.21919782E-04
  1785.0000    	  1786.0000    	-0.12175244E-01	 0.21290258E-04
  1786.0000    	  1787.0000    	-0.10923526E-01	 0.20649972E-04
  1787.0000    	  1788.0000    	-0.95991068E-02	 0.19993270E-04
  1788.0000    	  1789.0000    	-0.82811683E-02	 0.19282220E-04
  1789.0000    	  1790.0000    	-0.70139234E-02	 0.18457830E-04
  1790.0000    	  1791.0000    	-0.58279613E-02	 0.17440852E-04
  1791.0000    	  1792.0000    	-0.47307393E-02	 0.16190378E-04
  1792.0000    	  1793.0000    	-0.37359260E-02	 0.14810243E-04
  1793.0000    	  1794.0000    	-0.14315483E-01	 0.22921564E-04
  1794.0000    	  1795.0000    	-0.13894451E-01	 0.22305150E-04
  1795.0000    	  1796.0000    	-0.13114752E-01	 0.21748537E-04
  1796.0000    	  1797.0000    	-0.12010240E-01	 0.21128951E-04
  1797.0000    	  1798.0000    	-0.10739597E-01	 0.20468353E-04
  1798.0000    	  1799.0000    	-0.94405655E-02	 0.19838533E-04
  1799.0000    	  1800.0000    	-0.81236978E-02	 0.19096291E-04
  1800.0000    	  1801.0000    	-0.68749573E-02	 0.18282011E-04
  1801.0000    	  1802.0000    	-0.57239754E-02	 0.17293477E-04
  1802.0000    	  1803.0000    	-0.46612166E-02	 0.16088542E-04
  1803.0000    	  1804.0000    	-0.37093524E-02	 0.14767362E-04
  1804.0000    	  1805.0000    	-0.14108699E-01	 0.22728124E-04
  1805.0000    	  1806.0000    	-0.13688718E-01	 0.22119958E-04
  1806.0000    	  1807.0000    	-0.12894158E-01	 0.21538887E-04
  1807.0000    	  1808.0000    	-0.11822730E-01	 0.20961577E-04
  1808.0000    	  1809.0000    	-0.10616328E-01	 0.20379195E-04
  1809.0000    	  1810.0000    	-0.92779381E-02	 0.19672763E-04
  1810.0000    	  1811.0000    	-0.80008523E-02	 0.18954314E-04
  1811.0000    	  1812.0000    	-0.67837999E-02	 0.18152590E-04
  1812.0000    	  1813.0000    	-0.56539018E-02	 0.17166216E-04
  1813.0000    	  1814.0000    	-0.45942795E-02	 0.16006408E-04
  1814.0000    	  1815.0000    	-0.36207571E-02	 0.14569371E-04
  1815.0000    	  1816.0000    	-0.13896068E-01	 0.22502494E-04
  1816.0000    	  1817.0000    	-0.13483220E-01	 0.21909612E-04
  1817.0000    	  1818.0000    	-0.12709787E-01	 0.21355758E-04
  1818.0000    	  1819.0000    	-0.11647903E-01	 0.20774055E-04
  1819.0000    	  1820.0000    	-0.10434471E-01	 0.20185339E-04
  1820.0000    	  1821.0000    	-0.91640756E-02	 0.19556403E-04
  1821.0000    	  1822.0000    	-0.78922542E-02	 0.18846096E-04
  1822.0000    	  1823.0000    	-0.66666775E-02	 0.17985629E-04
  1823.0000    	  1824.0000    	-0.55217367E-02	 0.16959106E-04
  1824.0000    	  1825.0000    	-0.45020488E-02	 0.15792456E-04
  1825.0000    	  1826.0000    	-0.35422119E-02	 0.14382943E-04
  1826.0000    	  1827.0000    	-0.13703735E-01	 0.22299898E-04
  1827.0000    	  1828.0000    	-0.13296405E-01	 0.21724695E-04
  1828.0000    	  1829.0000    	-0.12540785E-01	 0.21204881E-04
  1829.0000    	  1830.0000    	-0.11490679E-01	 0.20643293E-04
  1830.0000    	  1831.0000    	-0.10281867E-01	 0.20048333E-04
  1831.0000    	  1832.0000    	-0.90239235E-02	 0.19414565E-04
  1832.0000    	  1833.0000    	-0.77619410E-02	 0.18713051E-04
  1833.0000    	  1834.0000    	-0.65718956E-02	 0.17873427E-04
  1834.0000    	  1835.0000    	-0.54393335E-02	 0.16865122E-04
  1835.0000    	  1836.0000    	-0.44329137E-02	 0.15680067E-04
  1836.0000    	  1837.0000    	-0.34928839E-02	 0.14304854E-04
  1837.0000    	  1838.0000    	-0.13488001E-01	 0.22079141E-04
  1838.0000    	  1839.0000    	-0.13091142E-01	 0.21517447E-04
  1839.0000    	  1840.0000    	-0.12371545E-01	 0.21041096E-04
  1840.0000    	  1841.0000    	-0.11318548E-01	 0.20478577E-04
  1841.0000    	  1842.0000    	-0.10123027E-01	 0.19884476E-04
  1842.0000    	  1843.0000    	-0.88598899E-02	 0.19237079E-04
  1843.0000    	  1844.0000    	-0.76454934E-02	 0.18676365E-04
  1844.0000    	  1845.0000    	-0.64668044E-02	 0.17780750E-04
  1845.0000    	  1846.0000    	-0.53757115E-02	 0.16753984E-04
  1846.0000    	  1847.0000    	-0.43745469E-02	 0.15577593E-04
  1847.0000    	  1848.0000    	-0.34394018E-02	 0.14172827E-04
  1848.0000    	  1849.0000    	-0.13309845E-01	 0.21905896E-04
  1849.0000    	  1850.0000    	-0.12907088E-01	 0.21333433E-04
  1850.0000    	  1851.0000    	-0.12157271E-01	 0.20816307E-04
  1851.0000    	  1852.0000    	-0.11151322E-01	 0.20321185E-04
  1852.0000    	  1853.0000    	-0.99886959E-02	 0.19774718E-04
  1853.0000    	  1854.0000    	-0.87425926E-02	 0.19131579E-04
  1854.0000    	  1855.0000    	-0.75374526E-02	 0.18435421E-04
  1855.0000    	  1856.0000    	-0.63538002E-02	 0.17565963E-04
  1856.0000    	  1857.0000    	-0.52723688E-02	 0.16564246E-04
  1857.0000    	  1858.0000    	-0.42717767E-02	 0.15372901E-04
  1858.0000    	  1859.0000    	-0.33563991E-02	 0.14011511E-04
  1859.0000    	  1860.0000    	-0.13106058E-01	 0.21701594E-04
  1860.0000    	  1861.0000    	-0.12703899E-01	 0.21138567E-04
  1861.0000    	  1862.0000    	-0.11974711E-01	 0.20658768E-04
  1862.0000    	  1863.0000    	-0.10979663E-01	 0.20150784E-04
  1863.0000    	  1864.0000    	-0.98465110E-02	 0.19653281E-04
  1864.0000    	  1865.0000    	-0.86070821E-02	 0.18973446E-04
  1865.0000    	  1866.0000    	-0.74042973E-02	 0.18281495E-04
  1866.0000    	  1867.0000    	-0.62695273E-02	 0.17489118E-04
  1867.0000    	  1868.0000    	-0.51946557E-02	 0.16456667E-04
  1868.0000    	  1869.0000    	-0.42025460E-02	 0.15246092E-04
  1869.0000    	  1870.0000    	-0.33209410E-02	 0.13914512E-04
  1870.0000    	  1871.0000    	-0.12929192E-01	 0.21516895E-04
  1871.0000    	  1872.0000    	-0.12545805E-01	 0.20969947E-04
  1872.0000    	  1873.0000    	-0.11797617E-01	 0.20477672E-04
  1873.0000    	  1874.0000    	-0.10841318E-01	 0.20039511E-04
  1874.0000    	  1875.0000    	-0.96865677E-02	 0.19487880E-04
  1875.0000    	  1876.0000    	-0.84809639E-02	 0.18867061E-04
  1876.0000    	  1877.0000    	-0.73249288E-02	 0.18227497E-04
  1877.0000    	  1878.0000    	-0.61742565E-02	 0.17349517E-04
  1878.0000    	  1879.0000    	-0.51103481E-02	 0.16318751E-04
  1879.0000    	  1880.0000    	-0.41435819E-02	 0.15131925E-04
  1880.0000    	  1881.0000    	-0.32555067E-02	 0.13785977E-04
  1881.0000    	  1882.0000    	-0.12723638E-01	 0.21297789E-04
  1882.0000    	  1883.0000    	-0.12348668E-01	 0.20778849E-04
  1883.0000    	  1884.0000    	-0.11645394E-01	 0.20336414E-04
  1884.0000    	  1885.0000    	-0.10654106E-01	 0.19860074E-04
  1885.0000    	  1886.0000    	-0.95027134E-02	 0.19287614E-04
  1886.0000    	  1887.0000    	-0.83565463E-02	 0.18727484E-04
  1887.0000    	  1888.0000    	-0.71660759E-02	 0.17989083E-04
  1888.0000    	  1889.0000    	-0.60323966E-02	 0.17119398E-04
  1889.0000    	  1890.0000    	-0.50130841E-02	 0.16156403E-04
  1890.0000    	  1891.0000    	-0.40631049E-02	 0.14994250E-04
  1891.0000    	  1892.0000    	-0.32090459E-02	 0.13665826E-04
  1892.0000    	  1893.0000    	-0.12566842E-01	 0.21132108E-04
  1893.0000    	  1894.0000    	-0.12183097E-01	 0.20613810E-04
  1894.0000    	  1895.0000    	-0.11483219E-01	 0.20198569E-04
  1895.0000    	  1896.0000    	-0.10531549E-01	 0.19739879E-04
  1896.0000    	  1897.0000    	-0.94033803E-02	 0.19213009E-04
  1897.0000    	  1898.0000    	-0.82372863E-02	 0.18597894E-04
  1898.0000    	  1899.0000    	-0.70843144E-02	 0.17913892E-04
  1899.0000    	  1900.0000    	-0.59745201E-02	 0.17075640E-04
  1900.0000    	  1901.0000    	-0.49740944E-02	 0.16114757E-04
  1901.0000    	  1902.0000    	-0.39939439E-02	 0.14841967E-04
  1902.0000    	  1903.0000    	-0.31312809E-02	 0.13510749E-04
  1903.0000    	  1904.0000    	-0.12353634E-01	 0.20925536E-04
  1904.0000    	  1905.0000    	-0.12001302E-01	 0.20445232E-04
  1905.0000    	  1906.0000    	-0.11284752E-01	 0.20002994E-04
  1906.0000    	  1907.0000    	-0.10363089E-01	 0.19579645E-04
  1907.0000    	  1908.0000    	-0.92516519E-02	 0.19069610E-04
  1908.0000    	  1909.0000    	-0.81037949E-02	 0.18471011E-04
  1909.0000    	  1910.0000    	-0.69457293E-02	 0.17732813E-04
  1910.0000    	  1911.0000    	-0.58731349E-02	 0.16896783E-04
  1911.0000    	  1912.0000    	-0.48532312E-02	 0.15906779E-04
  1912.0000    	  1913.0000    	-0.39442231E-02	 0.14757186E-04
  1913.0000    	  1914.0000    	-0.30933099E-02	 0.13402577E-04
  1914.0000    	  1915.0000    	-0.12192175E-01	 0.20748354E-04
  1915.0000    	  1916.0000    	-0.11809007E-01	 0.20259261E-04
  1916.0000    	  1917.0000    	-0.11124616E-01	 0.19847026E-04
  1917.0000    	  1918.0000    	-0.10196532E-01	 0.19438589E-04
  1918.0000    	  1919.0000    	-0.91357280E-02	 0.18952371E-04
  1919.0000    	  1920.0000    	-0.79676666E-02	 0.18312984E-04
  1920.0000    	  1921.0000    	-0.68593260E-02	 0.17623736E-04
  1921.0000    	  1922.0000    	-0.57776069E-02	 0.16769170E-04
  1922.0000    	  1923.0000    	-0.47824926E-02	 0.15747941E-04
  1923.0000    	  1924.0000    	-0.38722343E-02	 0.14658768E-04
  1924.0000    	  1925.0000    	-0.30212980E-02	 0.13219640E-04
  1925.0000    	  1926.0000    	-0.12006207E-01	 0.20570588E-04
  1926.0000    	  1927.0000    	-0.11630498E-01	 0.20078966E-04
  1927.0000    	  1928.0000    	-0.10970112E-01	 0.19696594E-04
  1928.0000    	  1929.0000    	-0.10039838E-01	 0.19287857E-04
  1929.0000    	  1930.0000    	-0.89835929E-02	 0.18926879E-04
  1930.0000    	  1931.0000    	-0.78601756E-02	 0.18187864E-04
  1931.0000    	  1932.0000    	-0.67237495E-02	 0.17444516E-04
  1932.0000    	  1933.0000    	-0.56866844E-02	 0.16652704E-04
  1933.0000    	  1934.0000    	-0.47024942E-02	 0.15636898E-04
  1934.0000    	  1935.0000    	-0.38038882E-02	 0.14486765E-04
  1935.0000    	  1936.0000    	-0.29919920E-02	 0.13176862E-04
  1936.0000    	  1937.0000    	-0.11836145E-01	 0.20413616E-04
  1937.0000    	  1938.0000    	-0.11504122E-01	 0.19977506E-04
  1938.0000    	  1939.0000    	-0.10780290E-01	 0.19531054E-04
  1939.0000    	  1940.0000    	-0.99085774E-02	 0.19178323E-04
  1940.0000    	  1941.0000    	-0.88330672E-02	 0.18635498E-04
  1941.0000    	  1942.0000    	-0.77359336E-02	 0.18062032E-04
  1942.0000    	  1943.0000    	-0.66325553E-02	 0.17366254E-04
  1943.0000    	  1944.0000    	-0.55952926E-02	 0.16499205E-04
  1944.0000    	  1945.0000    	-0.46261558E-02	 0.15491326E-04
  1945.0000    	  1946.0000    	-0.37685066E-02	 0.14418312E-04
  1946.0000    	  1947.0000    	-0.29255545E-02	 0.13019199E-04
  1947.0000    	  1948.0000    	-0.11699601E-01	 0.20269605E-04
  1948.0000    	  1949.0000    	-0.11305245E-01	 0.19782489E-04
  1949.0000    	  1950.0000    	-0.10656176E-01	 0.19423684E-04
  1950.0000    	  1951.0000    	-0.97540835E-02	 0.19026731E-04
  1951.0000    	  1952.0000    	-0.87197251E-02	 0.18535657E-04
  1952.0000    	  1953.0000    	-0.76149917E-02	 0.17936624E-04
  1953.0000    	  1954.0000    	-0.65571094E-02	 0.17240755E-04
  1954.0000    	  1955.0000    	-0.55248763E-02	 0.16417011E-04
  1955.0000    	  1956.0000    	-0.45557438E-02	 0.15417956E-04
  1956.0000    	  1957.0000    	-0.36785843E-02	 0.14250296E-04
  1957.0000    	  1958.0000    	-0.28705722E-02	 0.12895314E-04
  1958.0000    	  1959.0000    	-0.11489216E-01	 0.20055717E-04
  1959.0000    	  1960.0000    	-0.11149375E-01	 0.19638748E-04
  1960.0000    	  1961.0000    	-0.10490136E-01	 0.19281498E-04
  1961.0000    	  1962.0000    	-0.96097917E-02	 0.18883149E-04
  1962.0000    	  1963.0000    	-0.85773314E-02	 0.18398066E-04
  1963.0000    	  1964.0000    	-0.74921445E-02	 0.17763482E-04
  1964.0000    	  1965.0000    	-0.64099227E-02	 0.17031808E-04
  1965.0000    	  1966.0000    	-0.54121226E-02	 0.16239118E-04
  1966.0000    	  1967.0000    	-0.44706933E-02	 0.15230334E-04
  1967.0000    	  1968.0000    	-0.36016102E-02	 0.14049265E-04
  1968.0000    	  1969.0000    	-0.28386091E-02	 0.12793211E-04
  1969.0000    	  1970.0000    	-0.11356735E-01	 0.19939677E-04
  1970.0000    	  1971.0000    	-0.10974280E-01	 0.19480173E-04
  1971.0000    	  1972.0000    	-0.10302749E-01	 0.19105543E-04
  1972.0000    	  1973.0000    	-0.94520376E-02	 0.18744888E-04
  1973.0000    	  1974.0000    	-0.84653988E-02	 0.18277455E-04
  1974.0000    	  1975.0000    	-0.73918361E-02	 0.17649361E-04
  1975.0000    	  1976.0000    	-0.63405008E-02	 0.16958525E-04
  1976.0000    	  1977.0000    	-0.53544230E-02	 0.16152630E-04
  1977.0000    	  1978.0000    	-0.44198813E-02	 0.15157500E-04
  1978.0000    	  1979.0000    	-0.35543017E-02	 0.13967572E-04
  1979.0000    	  1980.0000    	-0.27739998E-02	 0.12633887E-04
  1980.0000    	  1981.0000    	-0.11153189E-01	 0.19750669E-04
  1981.0000    	  1982.0000    	-0.10832577E-01	 0.19352569E-04
  1982.0000    	  1983.0000    	-0.10197474E-01	 0.19014809E-04
  1983.0000    	  1984.0000    	-0.93260984E-02	 0.18633088E-04
  1984.0000    	  1985.0000    	-0.83340552E-02	 0.18153694E-04
  1985.0000    	  1986.0000    	-0.72630682E-02	 0.17527369E-04
  1986.0000    	  1987.0000    	-0.62193419E-02	 0.16791732E-04
  1987.0000    	  1988.0000    	-0.52528447E-02	 0.15970266E-04
  1988.0000    	  1989.0000    	-0.43150409E-02	 0.14957261E-04
  1989.0000    	  1990.0000    	-0.34416947E-02	 0.13750700E-04
  1990.0000    	  1991.0000    	-0.27260059E-02	 0.12536492E-04
  1991.0000    	  1992.0000    	-0.11009885E-01	 0.19617999E-04
  1992.0000    	  1993.0000    	-0.10633344E-01	 0.19165989E-04
  1993.0000    	  1994.0000    	-0.10034682E-01	 0.18890653E-04
  1994.0000    	  1995.0000    	-0.91581407E-02	 0.18475730E-04
  1995.0000    	  1996.0000    	-0.82030261E-02	 0.18007932E-04
  1996.0000    	  1997.0000    	-0.71676632E-02	 0.17397686E-04
  1997.0000    	  1998.0000    	-0.61469111E-02	 0.16688370E-04
  1998.0000    	  1999.0000    	-0.51754770E-02	 0.15856798E-04
  1999.0000    	  2000.0000    	-0.42696003E-02	 0.14882959E-04
  2000.0000    	  2001.0000    	-0.34230099E-02	 0.13671048E-04
  2001.0000    	  2002.0000    	-0.26890385E-02	 0.12482490E-04
  2002.0000    	  2003.0000    	-0.10836476E-01	 0.19460235E-04
  2003.0000    	  2004.0000    	-0.10527146E-01	 0.19100812E-04
  2004.0000    	  2005.0000    	-0.98980304E-02	 0.18763793E-04
  2005.0000    	  2006.0000    	-0.90626906E-02	 0.18390551E-04
  2006.0000    	  2007.0000    	-0.80794334E-02	 0.17893982E-04
  2007.0000    	  2008.0000    	-0.70570089E-02	 0.17275051E-04
  2008.0000    	  2009.0000    	-0.60465428E-02	 0.16556946E-04
  2009.0000    	  2010.0000    	-0.50878046E-02	 0.15740984E-04
  2010.0000    	  2011.0000    	-0.42080483E-02	 0.14752671E-04
  2011.0000    	  2012.0000    	-0.33913183E-02	 0.13638882E-04
  2012.0000    	  2013.0000    	-0.26009115E-02	 0.12237477E-04
  2013.0000    	  2014.0000    	-0.10673573E-01	 0.19326001E-04
  2014.0000    	  2015.0000    	-0.10353210E-01	 0.18941687E-04
  2015.0000    	  2016.0000    	-0.97114782E-02	 0.18578314E-04
  2016.0000    	  2017.0000    	-0.88974633E-02	 0.18214530E-04
  2017.0000    	  2018.0000    	-0.79790878E-02	 0.17785634E-04
  2018.0000    	  2019.0000    	-0.69433389E-02	 0.17127346E-04
  2019.0000    	  2020.0000    	-0.59547509E-02	 0.16441323E-04
  2020.0000    	  2021.0000    	-0.50220222E-02	 0.15631638E-04
  2021.0000    	  2022.0000    	-0.41215503E-02	 0.14585930E-04
  2022.0000    	  2023.0000    	-0.33348628E-02	 0.13481238E-04
  2023.0000    	  2024.0000    	-0.25977614E-02	 0.12198076E-04
